
Last position-specific scoring matrix computed, weighted observed percentages rounded down, information per position, and relative weight of gapless real matches to pseudocounts
           A  R  N  D  C  Q  E  G  H  I  L  K  M  F  P  S  T  W  Y  V   A   R   N   D   C   Q   E   G   H   I   L   K   M   F   P   S   T   W   Y   V
    1 M   -1 -3 -3 -3 -1 -2 -3 -4 -3  4  2 -2  4  0 -3 -2 -1 -2 -1  2    0   0   0   0   0   0   0   0   0  68   0   0  32   0   0   0   0   0   0   0  0.33 inf
    2 K   -2  4 -1 -2 -4  1  0 -2 -1 -3 -3  5 -2 -4 -2 -1 -1 -3 -2 -3    0  38   0   0   0   5   0   0   0   0   0  57   0   0   0   0   0   0   0   0  0.75 inf
    3 R   -2  5 -1 -2 -4  1  0 -3 -1 -4 -3  4 -2 -4 -2 -1 -2 -4 -2 -3    0  60   0   0   0   0   0   0   0   0   0  40   0   0   0   0   0   0   0   0  0.89 inf
    4 E    0 -1  0 -1 -2  0  1 -2 -2  1 -1 -1 -1 -2 -2  1  4 -3 -2  0    8   0   5   0   0   4  16   0   0  16   0   0   0   0   0   8  43   0   0   0  0.27 inf
    5 S    1  0  3 -1 -2 -1 -1  1 -1 -2 -3 -1 -2 -3 -2  3  0 -4 -2 -1    9   7  19   0   0   0   0   9   0   0   0   0   0   0   0  50   0   0   0   7  0.38 inf
    6 H   -3 -1 -1 -2 -4  0 -1 -3  9 -4 -4  2 -3 -3 -3 -2 -3 -4  0 -4    0   0   0   0   0   0   0   0  82   0   0  18   0   0   0   0   0   0   0   0  1.49 inf
    7 K   -2  3 -1 -2 -4  0 -1 -3 -2  0 -3  5 -2 -3  3 -1 -2 -4 -3 -2    0  17   0   0   0   0   0   0   0   9   0  56   0   0  18   0   0   0   0   0  0.63 inf
    8 H   -2 -2 -2 -3 -2 -2  0 -4  3  3  2 -2  1 -1 -3 -2 -1 -3 -1  2    0   0   0   0   0   0   9   0  14  21  33   0   0   0   0   0   0   0   0  24  0.29 inf
    9 A    4 -2 -2 -3 -1 -2 -2 -1 -3  2  0 -2  2 -2 -2  0  1 -3 -2  1   54   0   0   0   0   0   0   0   0  20   0   0  11   0   0   0   9   0   0   7  0.33 inf
   10 E   -2 -1 -1  1 -5  1  6 -3 -1 -4 -4  0 -3 -4 -2 -1 -2 -4 -3 -4    0   0   0   0   0   0 100   0   0   0   0   0   0   0   0   0   0   0   0   0  1.30 inf
   11 Q   -2  1 -1 -1 -4  6  1 -3 -1 -4 -3  4 -2 -4 -2 -1 -2 -3 -3 -3    0   0   0   0   0  54   0   0   0   0   0  46   0   0   0   0   0   0   0   0  0.89 inf
   12 A    0  4 -1 -2 -3 -1 -1  4 -2 -3 -3  2  1 -3 -3 -1 -2 -3 -3 -3    5  34   0   0   0   0   0  40   0   0   0  15   7   0   0   0   0   0   0   0  0.54 inf
   13 R   -3  7 -1 -3 -5  0 -1 -3 -1 -4 -3  1 -2 -4 -3 -2 -2 -4 -3 -4    0 100   0   0   0   0   0   0   0   0   0   0   0   0   0   0   0   0   0   0  1.43 inf
   14 R   -3  7 -1 -3 -5  0 -1 -3 -1 -4 -3  1 -2 -4 -3 -2 -2 -4 -3 -4    0 100   0   0   0   0   0   0   0   0   0   0   0   0   0   0   0   0   0   0  1.43 inf
   15 N    0 -2  5  4 -3 -1  1 -1  0 -3 -4 -1 -3 -2 -2  0 -1 -3  1 -3   11   0  45  27   0   0   9   0   0   0   0   0   0   0   0   0   0   0   9   0  0.59 inf
   16 R   -2  6  1 -2 -4  0 -1 -3 -1 -4 -3  2 -2 -4 -3 -1 -2 -4 -3 -3    0  82   9   0   0   0   0   0   0   0   0   9   0   0   0   0   0   0   0   0  1.08 inf
   17 L   -2 -3 -4 -4 -2 -3 -4 -4 -3  5  2 -3  5 -1 -4 -3 -2 -3 -2  1    0   0   0   0   0   0   0   0   0  62  11   0  27   0   0   0   0   0   0   0  0.67 inf
   18 A   -1 -1  7  0 -4 -1 -1 -1 -1 -4 -4  1 -3 -4 -3  0 -1 -5 -3 -4    5   0  86   0   0   0   0   0   0   0   0   9   0   0   0   0   0   0   0   0  1.12 inf
   19 V   -1  0  4  1 -2 -1 -1 -2 -1 -1  0 -1  0 -2 -2  1  1 -3 -2  0    0   6  39   5   0   0   0   0   0   0  10   0   3   0   0  17  12   0   0   8  0.30 inf
   20 A    3 -2 -2 -2  5 -2 -2  1 -2 -2 -1 -2 -1 -3 -2  2 -1 -3 -3 -1   45   0   0   0  20   0   0   9   0   0   9   0   0   0   0  18   0   0   0   0  0.42 inf
   21 L   -2 -3 -4 -4 -2 -3 -4 -4 -3  3  4 -3  1  2 -4 -3 -2 -2 -1  1    0   0   0   0   0   0   0   0   0  19  66   0   0   9   0   0   0   0   0   6  0.55 inf
   22 H    1  0  2  2 -3  1  2 -1  1 -3 -3  2 -2 -3 -2  1  0 -3 -2 -2   12   0  14   9   0   3  21   0   5   0   0  22   0   0   0   8   5   0   0   0  0.31 inf
   23 E   -2 -1  1  3 -4  3  4 -2 -1 -3 -2  0  1 -3 -2 -1  0 -3 -3 -3    0   0   9  15   0  18  44   0   0   0   0   0   9   0   0   0   5   0   0   0  0.55 inf
   24 L   -2 -3 -4 -4 -2 -3 -4 -5 -4  3  5 -3  1  0 -4 -3 -2 -3 -2  1    0   0   0   0   0   0   0   0   0  19  81   0   0   0   0   0   0   0   0   0  0.71 inf
   25 A    1  2  0 -1 -3  0  2  1  3 -3 -3  1 -2 -3 -2  1  0 -3 -1 -2   13  12   0   0   0   0  22   9  14   0   0   9   0   0   0  17   3   0   0   0  0.28 inf
   26 S    2  1 -1  0 -2  1 -1 -1 -1 -2 -1  1  1 -3 -2  3  1 -3 -2 -2   17  12   0   5   0   5   0   0   0   0   4   6   7   0   0  39   6   0   0   0  0.25 inf
   27 L   -2 -3 -4 -4 -2 -3 -3 -4 -3  1  5 -3  4  0 -3 -3  0 -2 -2  0    0   0   0   0   0   0   0   0   0   0  81   0  13   0   0   0   6   0   0   0  0.68 inf
   28 I   -2 -4 -4 -4 -2 -3 -4 -5 -4  5  2 -3  1 -1 -4 -3 -2 -3 -2  2    0   0   0   0   0   0   0   0   0  76  18   0   0   0   0   0   0   0   0   6  0.72 inf
   29 P   -2 -3 -3 -2 -4 -2  1 -3 -3 -3 -2 -2 -3 -4  8 -2 -2 -4 -4 -3    0   0   0   0   0   0  12   0   0   0   5   0   0   0  82   0   0   0   0   0  1.86 inf
   30 A    1  1 -1 -1 -2  3  0 -2 -1 -2 -2  2  1 -3  2  1  0 -3 -2 -2   17   5   0   0   0  29   0   0   0   0   0  13   6   0  12  15   3   0   0   0  0.34 inf
   31 E    2 -1 -1  1 -2  1  3 -1  1 -2  0  0 -1 -2 -1  1 -1 -3 -2 -1   25   0   0   6   0   5  28   1   6   0  10   0   0   0   0  13   1   0   0   4  0.20 inf
   32 W   -2 -2 -2 -3 -2  0 -2 -3  0  0  2 -2  0  4 -2 -2 -2  3  5 -1    1   1   1   1   0   6   1   1   0   1  25   1   0  22   1   1   1   5  29   1  0.39 inf
   33 K    0  1  1  0 -2  0  1 -1  2 -1 -1  2  0 -1 -1  0  0 -2  1 -1    7   4  12   1   0   1  11   1   9   4   6  20   5   1   1   7   4   0   5   1  0.11 inf
   34 Q    0  1  0  2 -3  3  0  0  2 -3 -3  2 -2 -3 -2  1 -1 -3 -2 -2    5   8   0  13   0  21   0   6   9   0   1  18   0   0   0  17   0   0   0   0  0.28 inf
   35 Q   -1  0  0  1 -3  3  2  0  2 -3 -3  3 -2 -3 -2 -1 -1 -3 -2 -3    3   0   0   6   0  25  16   9   7   0   1  30   0   0   0   0   0   0   0   0  0.39 inf
   36 N   -1  0  3  1 -2  1  0  1  2 -1 -2  0 -2 -3  2  0 -1 -3 -2 -2    4   6  24   7   0   6   6  10   7   6   1   3   0   0  12   6   1   0   0   1  0.24 inf
   37 V    0  1  0 -1 -2 -1  0  1 -1 -1  0  0 -1 -2  2  1  0 -2 -2  0    6  15   3   1   0   0   6  13   0   1  16   1   0   0  10  12   7   0   0   8  0.10 inf
   38 S    0 -1  1 -1 -2  0  0  2  1 -2 -2  0 -2 -3  3  1 -1 -3 -2  0    9   0   9   0   0   5   3  20   5   0   0   8   0   0  16  13   0   0   0  13  0.24 inf
   39 A    2  2  0 -1 -2  0  0  0  0 -3 -3  1 -2 -3 -2  3  0 -3 -2 -2   31  14   3   0   0   3   4   5   3   0   0   6   0   0   0  31   0   0   0   0  0.30 inf
   40 A    1  0 -1 -2 -2  1 -1 -2 -2  1  0  3 -1 -2 -2 -1  0 -3 -2  1   12   0   0   0   0   6   0   0   0  16   6  41   0   0   0   0   8   0   0  12  0.20 inf
   41 P   -1 -2 -2 -2 -2 -2 -2 -2 -2  1  2 -2 -1 -2  6 -1 -1 -3 -2 -1    1   1   1   1   0   1   1   1   0   9  26   1   0   1  48   6   1   0   0   1  0.79 inf
   42 S    0 -1  0  2 -3  0  4 -2 -1 -4 -4 -1 -3 -4 -2  4  0 -4 -3 -3    0   0   0   9   0   0  37   0   0   0   0   0   0   0   0  54   0   0   0   0  0.62 inf
   43 K   -2  1 -1 -2 -4  0  0 -3 -2 -4 -4  6 -2 -4 -2 -1 -2 -4 -3 -3    0   0   0   0   0   0   0   0   0   0   0 100   0   0   0   0   0   0   0   0  1.13 inf
   44 A    5 -2 -2 -3 -1 -2 -2 -1 -3 -2  0 -2 -1 -3 -2  0  1 -3 -3 -1   83   0   0   0   0   0   0   0   0   0   9   0   0   0   0   0   9   0   0   0  0.60 inf
   45 T    1 -1  1  3 -2  0  2 -1 -1 -2 -3 -1 -2 -3 -2  2  3 -3 -2 -2   14   0   3  18   0   0  20   0   0   0   0   0   0   0   0  19  26   0   0   0  0.36 inf
   46 T   -1 -3 -2 -3 -2 -2 -3 -3 -3  3  0 -2  2 -2 -3 -1  4 -3 -2  2    0   0   0   0   0   0   0   0   0  37   0   0   9   0   0   0  45   0   0   9  0.45 inf
   47 V   -1 -3 -4 -4 -2 -3 -3 -4 -4  2  3 -3  1 -1 -3 -3 -1 -3 -2  4    0   0   0   0   0   0   0   0   0   9  46   0   0   0   0   0   0   0   0  45  0.53 inf
   48 E   -2  1 -1  0 -5  2  6 -3 -1 -4 -4  0 -3 -4 -2 -1 -2 -4 -3 -3    0   9   0   0   0   9  82   0   0   0   0   0   0   0   0   0   0   0   0   0  1.01 inf
   49 A   -1 -2 -3 -4 -2 -2 -3 -3 -3  1  3  0  6 -1 -3 -2 -1 -3 -2  1    5   0   0   0   0   0   0   0   0   0  32   9  43   0   0   0   0   0   0  12  0.46 inf
   50 A    4 -2 -2 -2 -1 -2 -2  1 -2 -2 -2 -1 -2 -3 -2  1  2 -3 -3 -1   69   0   0   0   0   0   0   9   0   0   0   0   0   0   0   5  16   0   0   0  0.53 inf
   51 C    1 -3 -3 -3  3 -2 -3 -3 -3  3  0 -3  0 -1 -3  0 -1 -3 -2  3   12   0   0   0   8   0   0   0   0  33   0   0   0   0   0  10   0   0   0  37  0.34 inf
   52 R   -1  2  0  2 -3  3  2 -2 -1 -3 -3  3 -2 -3 -2  0 -1 -3 -2 -1    0  13   0  13   0  17  19   0   0   0   0  24   0   0   0   7   0   0   0   6  0.40 inf
   53 Y   -3 -2 -2 -4 -4 -2 -3 -4  5 -3 -2 -3 -2  3 -4 -3 -3  1  7 -3    0   0   0   0   0   0   0   0  23   0   0   0   0   7   0   0   0   0  70   0  1.29 inf
   54 I   -2 -3 -4 -4 -2 -3 -4 -4 -4  4  3 -3  2 -1 -3 -3 -1 -3 -2  2    0   0   0   0   0   0   0   0   0  54  31   0   4   0   0   0   0   0   0  11  0.56 inf
   55 R   -1  4 -1 -2 -4  2  0 -2 -1 -3 -3  4 -2 -4 -2  0  0 -4 -2 -3    0  34   0   0   0   7   0   0   0   0   0  51   0   0   0   5   3   0   0   0  0.69 inf
   56 H    2 -1  1 -1 -2  3  0 -1  3 -3 -3  0 -2 -1 -2  2  1 -3 -1 -2   19   0   4   0   0  22   0   0  14   0   0   5   0   3   0  25   6   0   0   0  0.30 inf
   57 L   -2 -3 -1 -4 -2 -3 -4 -4 -3  1  5 -3  1  0 -4 -3 -2 -3 -2  0    0   0   5   0   0   0   0   0   0   0  95   0   0   0   0   0   0   0   0   0  0.77 inf
   58 Q   -2  2 -1 -2 -3  4  1 -3  2 -1  1  2  2 -2 -2 -1 -1 -3 -2 -2    0   9   0   0   0  33   5   0   6   0  22  19   7   0   0   0   0   0   0   0  0.33 inf
   59 Q    0  1  2 -1 -3  3  0  1 -1 -3 -3  2 -2 -3 -2  2 -1 -3 -2 -3    3   7  13   0   0  30   0  14   0   0   0  13   0   0   0  20   0   0   0   0  0.37 inf
   60 N    1 -1  2  0 -3  2  4 -2 -1 -3 -3  0 -2 -3 -2  2 -1 -3 -2 -2   11   0  12   0   0  14  45   0   0   0   0   0   0   0   0  18   0   0   0   0  0.48 inf
   61 G   -1  1  3 -1 -2  2 -1  0 -1  2  0  0  0 -2 -2 -1 -1 -3 -2  0    0  13  24   0   0  15   0   9   0  30   9   0   0   0   0   0   0   0   0   0  0.13 inf
   62 S    0 -2  0  3 -2 -1  0 -1 -2 -2  0 -1 -1 -2  3  2  0 -3 -2 -2    0   0   0  30   0   0   0   0   0   0  15   0   0   0  15  40   0   0   0   0  0.37 inf
   63 T    0 -1  0 -1 -1 -1 -1 -1 -2 -1 -2 -1 -1 -2 -1  2  5 -3 -2 -1    0   0   0   0   0   0   0   0   0   0   0   0   0   0   0  22  78   0   0   0  0.50 inf

                      K         Lambda
Standard Ungapped    0.1194     0.3137
Standard Gapped      0.0369     0.2670
PSI Ungapped         0.1186     0.2962
PSI Gapped           0.0369     0.2670
