
Last position-specific scoring matrix computed, weighted observed percentages rounded down, information per position, and relative weight of gapless real matches to pseudocounts
           A  R  N  D  C  Q  E  G  H  I  L  K  M  F  P  S  T  W  Y  V   A   R   N   D   C   Q   E   G   H   I   L   K   M   F   P   S   T   W   Y   V
    1 M   -2 -3 -4 -4 -2 -2 -3 -4 -3  2  2 -3  8 -1 -4 -3 -2 -3 -2  1    0   0   0   0   0   0   0   0   0  14  11   0  70   0   0   0   0   0   0   4  0.94 inf
    2 I   -2 -4 -5 -5 -2 -4 -4 -5 -4  5  3 -3  1 -1 -4 -3 -2 -4 -3  3    1   0   0   0   0   0   0   0   0  42  33   1   1   0   0   0   0   0   0  22  0.72 inf
    3 E   -2  0 -1  0  1  1  1 -3  3 -4 -4  2 -3 -5  6  0 -1 -5 -3 -4    1   4   1   4   3   8  10   0   8   0   0  13   0   0  42   5   2   0   0   0  0.87 inf
    4 I   -2 -2 -3 -3 -3 -2 -2 -4 -2  2  1 -2  1  4  1 -2 -1 -2  1  1    1   2   0   1   0   2   2   0   1  17  14   2   4  27   7   0   3   0   4  13  0.34 inf
    5 K    0  2 -1 -1 -4  0  0 -3 -2 -3 -3  4 -2 -3  4  1  0 -4 -3 -3    8  11   2   1   0   3   5   0   0   0   1  31   1   1  22   9   5   0   0   1  0.53 inf
    6 D   -1 -1  4  2 -4 -1  2 -2  0 -4 -3  0 -3 -4  3  1  0 -5 -3 -2    5   3  24  12   0   1  12   0   3   0   1   6   0   0  17  10   4   0   0   2  0.47 inf
    7 K   -1  0  3  0 -4  0  0 -2  2 -3 -2  3 -2  0  3  0 -1 -4 -2 -2    2   4  18   5   0   2   6   1   5   1   2  22   0   5  17   4   2   0   1   3  0.36 inf
    8 Q    0  0 -1  0 -2  2  2 -2 -1 -1 -1  1 -1 -2  3  0 -1  1 -1 -1    5   4   1   4   1  12  15   2   1   2   7  11   1   1  14   8   3   2   1   4  0.21 inf
    9 L   -2  0  2  1 -3  1  0 -2  0  0  1  1  4 -1  0  0  0 -3 -2 -1    1   2  14   7   0   5   5   1   2   4  14  11  15   2   4   4   5   0   1   1  0.15 inf
   10 T    0  0  1 -2 -3  0  1  0  0 -3 -3  2 -3 -3  3  1  0  2  1 -2   10   5   7   1   0   3   7   6   2   1   0  19   0   0  13   8   5   4   7   2  0.26 inf
   11 G    0  0  1  1 -4  0  0  1 -2 -1 -3  3 -2 -4  1  1  0 -4 -3 -2    9   2   6   9   0   3   6  11   0   4   0  28   0   0   6   9   4   0   0   2  0.28 inf
   12 L   -4 -5 -6 -6 -4 -4 -6 -6 -3  1  2 -5  4  7 -5 -5 -4 -2  4 -2    0   0   0   0   0   0   0   0   0   8  15   0  10  49   0   0   0   0  15   1  1.35 inf
   13 R   -3  4 -1 -3 -4 -1 -2 -4 -4 -5 -5  5 -3 -6 -4 -1  4 -6 -4 -4    1  23   2   0   0   1   0   0   0   0   0  40   0   0   0   3  29   0   0   0  1.10 inf
   14 F   -3 -6 -6 -7 -1 -6 -6 -6 -5  1 -2 -6  0  8 -6 -3 -3 -3  2  0    2   0   0   0   2   0   0   0   0   6   2   0   2  72   0   2   1   0   4   7  1.80 inf
   15 I    0 -6 -6 -6 -2 -5 -6 -1 -6  7 -1 -5  1 -2 -5 -2 -3 -5 -4  1    7   0   0   0   1   0   0   5   0  70   3   0   2   1   0   4   1   0   0   6  1.31 inf
   16 D   -3 -5 -2  8 -7 -4 -2 -4 -5 -7 -7 -4 -7 -7 -5  1 -4 -8 -7 -7    1   0   0  86   0   0   0   0   0   0   0   0   0   0   0  12   0   0   0   0  2.30 inf
   17 L   -5 -6 -7 -7 -5 -6 -6 -7 -6 -1  6 -6  0  3 -6 -6 -5 -5 -4 -3    0   0   0   0   0   0   0   0   0   1  88   0   1  10   0   0   0   0   0   0  1.76 inf
   18 F   -6 -7 -7 -8  2 -7 -7 -7 -5 -4 -4 -7 -4  9 -8 -6 -6 -3  0 -5    0   0   0   0   4   0   0   0   0   0   0   0   0  94   0   0   0   0   2   0  2.98 inf
   19 A    7 -5 -5 -5  4 -4 -4 -3 -5 -5 -5 -4 -5 -6 -4  1 -3 -6 -5 -4   81   0   0   0   8   0   0   1   0   0   0   0   0   0   0  10   0   0   0   0  1.69 inf
   20 G   -4 -6 -4 -5 -7 -6 -6  8 -6 -8 -8 -5 -7 -7 -6 -4 -6  0 -7 -7    0   0   0   0   0   0   0  99   0   0   0   0   0   0   0   0   0   1   0   0  2.60 inf
   21 L   -3 -6 -7 -7 -3 -6 -6 -7 -7  7 -1 -6  2 -4 -6 -6 -3 -6 -5  3    1   0   0   0   0   0   0   0   0  76   2   0   4   0   0   0   1   0   0  15  1.80 inf
   22 G   -4 -6 -4 -5 -7 -6 -6  8 -6 -8 -8 -5 -7 -7 -6 -4 -6  0 -7 -7    0   0   0   0   0   0   0  99   0   0   0   0   0   0   0   0   0   1   0   0  2.60 inf
   23 G   -3 -6 -4 -5 -6 -6 -6  8 -6 -8 -8 -5 -7 -7 -6 -4 -5  0 -7 -7    1   0   0   0   0   0   0  98   0   0   0   0   0   0   0   0   0   1   0   0  2.55 inf
   24 F   -4 -6 -6 -6 -5 -6 -6 -2 -5  5  0 -6  2  6 -6 -5 -1 -4 -2 -1    0   0   0   0   0   0   0   4   0  39   5   0   5  41   0   0   3   0   0   2  1.31 inf
   25 R   -5  8 -4  1  1 -3  0 -6  3 -7 -6 -1 -5 -6 -6 -4 -4 -6 -5 -6    0  76   0   7   3   0   5   0   8   0   0   0   0   0   0   0   1   0   0   0  1.90 inf
   26 L   -3  0 -4 -5 -1  1 -4 -5 -2  2  4  0  2 -1 -5 -3 -2 -4  0  0    0   5   0   0   1   7   0   0   1  12  49   6   4   1   0   2   2   0   3   6  0.55 inf
   27 A    5 -5 -4 -5 -5 -5 -5  6 -5 -6 -6 -4 -5 -6  0 -2 -4 -6 -6 -4   43   0   0   0   0   0   0  52   0   0   0   0   0   0   4   1   0   0   0   0  1.46 inf
   28 L   -3 -6 -7 -7 -4 -6 -7 -7 -5 -2  2 -6  4  8 -7 -6 -4 -3  0 -3    2   0   0   0   0   0   0   0   0   1  21   0  10  64   0   0   0   0   1   0  1.83 inf
   29 E   -3 -3 -2  1 -6  4  6 -5  1 -5 -4  0 -5 -6 -4 -2 -2 -6 -4 -5    2   0   2   7   0  18  58   0   3   0   1   4   0   0   0   2   1   0   0   0  1.26 inf
   30 S    1  1  3  0 -4  4  1 -2 -1 -4 -3  2 -3 -5 -3  3 -1 -5 -3 -4   11   7  13   4   0  20   7   1   1   0   2  10   0   0   0  22   1   0   1   0  0.46 inf
   31 C    2 -3  0 -3  1 -1 -2 -3  0  2  2 -2 -1 -1 -3 -1  1 -3 -1  1   23   1   6   0   3   3   1   0   3  12  22   1   0   2   1   2  10   0   2   9  0.22 inf
   32 G   -3 -5  1 -2 -1 -3 -3  7  0 -7 -6 -2 -6  0 -5 -3 -5 -1 -3 -6    0   0   8   2   1   1   2  75   2   0   0   2   0   4   0   0   0   1   1   0  1.57 inf
   33 A    1 -4 -3 -4  0 -4 -4  5  1 -3 -1 -2 -2  3 -4 -2 -2 -1  1 -2   12   0   0   0   2   0   1  44   3   1   6   2   1  14   1   2   2   1   5   3  0.65 inf
   34 E   -2  2  0 -1 -5  3  4 -4  2 -4 -4  4 -4 -5 -4 -2 -1 -5 -2 -3    1  12   3   3   0  11  24   0   6   1   1  31   0   0   0   1   4   0   1   2  0.72 inf
   35 C   -3 -7 -4 -7 11 -7 -7 -6 -7 -1 -4 -7 -5 -3 -7 -3  1 -4 -6  0    1   0   1   0  77   0   0   0   0   4   1   0   0   1   0   1   8   0   0   6  2.86 inf
   36 V   -3 -6 -6 -7 -4 -6 -4 -5 -7  2 -1 -6 -1 -4 -6 -4 -3 -6 -5  7    1   0   0   0   0   0   1   1   0   7   4   0   1   0   0   1   1   0   0  84  1.75 inf
   37 Y   -6 -6 -7 -7 -6 -6 -7 -1 -4 -4 -3 -7 -3  8 -7 -6 -6  5  4 -5    0   0   0   0   0   0   0   6   0   0   1   0   0  70   0   0   0   8  15   0  2.25 inf
   38 S    3 -4 -3 -4 -4 -3 -4 -4  1 -3 -5 -4 -4 -1 -4  5  3 -6 -3 -2   21   0   0   0   0   0   0   0   3   1   0   0   0   2   0  48  21   0   0   2  0.98 inf
   39 N   -1 -4  4 -4  5 -4 -4 -4 -4 -6 -6 -4 -5 -6 -5  6 -2 -6 -5 -4    4   0  19   0  14   0   0   0   0   0   0   0   0   0   0  62   0   0   0   1  1.51 inf
   40 E   -5 -4 -4  2 -8 -2  8 -6 -4 -7 -7 -3 -6 -7 -5 -4 -5 -7 -6 -7    0   0   0  11   0   0  89   0   0   0   0   0   0   0   0   0   0   0   0   0  2.32 inf
   41 W   -6 -6  0 -7 -6 -6 -6 -7 -6  5 -1 -4 -3  3 -7 -6 -5 10  0 -3    0   0   4   0   0   0   0   0   0  30   4   1   0  13   0   0   0  44   3   1  2.12 inf
   42 D   -6 -5  5  8 -7 -4 -1 -5 -4 -7 -8 -4 -7 -7 -5 -3 -5 -8 -7 -7    0   0  25  73   0   0   1   0   0   0   0   0   0   0   0   0   0   0   0   0  2.22 inf
   43 K   -2  1 -2  0 -5  0  1 -4  0 -2 -4  6 -3 -6  1  0  0 -6 -4 -3    2   5   1   4   0   2  10   0   2   2   1  53   0   0   6   6   4   0   0   1  0.82 inf
   44 Y   -2 -3  2  0 -5 -1 -1 -5  4 -4 -4  0 -4  5 -3 -1 -4 -1  5 -4    3   0  12   6   0   2   4   0  12   0   0   7   0  25   1   3   0   1  24   0  0.84 inf
   45 A    6 -5 -5 -5  3 -4 -4 -3 -5 -5 -5 -4 -4 -6 -3  2 -3 -6 -5 -2   79   0   0   0   6   0   0   0   0   0   0   0   0   0   1  12   1   0   0   2  1.59 inf
   46 Q   -1  3 -3 -4  3  6 -2 -5 -3 -2 -2  2 -3 -5 -4 -2 -3 -5 -4  1    5  18   0   0   7  40   0   0   0   2   3  12   0   0   0   2   1   0   0   9  0.88 inf
   47 E   -1  2 -1 -1 -5  3  3 -4 -1  0 -2  4 -2 -4 -4 -2 -1 -5 -4 -2    6  12   2   2   0  16  17   0   1   6   3  30   1   0   0   0   3   0   0   1  0.56 inf
   48 V   -2 -5 -3 -5 -5 -4 -5 -5 -5 -2 -5 -4  0 -6 -5  0  7 -6 -5  0    2   0   1   0   0   0   0   0   0   2   0   0   2   0   0   6  81   0   0   6  1.81 inf
   49 Y   -6 -6 -7 -8 -7 -6 -7 -8 -3 -4 -5 -6 -5  0 -8 -6 -6 -2 10 -6    0   0   0   0   0   0   0   0   0   1   0   0   0   2   0   0   0   0  97   0  3.43 inf
   50 E   -1  2 -2 -2 -4  2  3 -4  0 -2 -1  3 -2  1 -3 -1 -2  3  0 -3    6  13   0   1   0   9  20   0   2   1   7  20   0   6   0   3   2   4   3   1  0.37 inf
   51 M    4 -2  0 -1 -2  0  0 -3 -1 -1  0  0  0 -3 -3 -1  0 -4 -1 -2   45   1   5   3   1   3   7   0   1   4  11   5   2   1   0   3   4   0   2   1  0.37 inf
   52 N   -6 -5  9 -3 -7 -4 -5 -5 -4 -2 -7 -4 -6  0 -6 -4 -4 -7 -3 -7    0   0  92   0   0   0   0   0   0   3   0   0   0   4   0   0   0   0   1   0  2.65 inf
   53 F   -6 -6 -4 -7 -6 -6 -6 -7  4 -4 -4 -6 -4  8 -7 -6 -6  4  5 -5    0   0   1   0   0   0   0   0  11   0   0   0   0  65   0   0   0   6  17   0  2.23 inf
   54 G   -2 -2  1  0 -4 -1 -2  5 -1 -5 -5  2 -5 -4  2 -1 -4 -5  0 -5    1   1   7   5   0   2   2  48   1   0   1  15   0   0   9   2   0   0   4   0  0.80 inf
   55 E   -4 -3  0  4  2 -1  5 -4  3 -3 -4 -1 -5 -5 -3 -2 -3 -6 -5 -3    0   0   4  26   4   1  45   0   7   2   1   3   0   0   1   2   1   0   0   1  1.03 inf
   56 K   -2  0  0  1 -2  0  0 -3  0  1  0  1  1 -1 -2 -1  2 -2  0  1    1   5   5   8   1   3   4   0   3   9  11  13   5   2   1   2  14   0   2  10  0.09 inf
   57 P   -3 -4 -1  0 -4 -3 -1 -5  2  0 -2 -4 -3  0  7 -2 -1 -6 -4 -1    1   0   3   4   0   1   4   0   4   7   3   0   1   5  54   3   5   0   0   4  1.18 inf
   58 E    0 -1  1  1 -3  0  2 -3  3 -2 -1 -1 -1  3 -3  0 -2 -3  2 -2    7   2   8   9   0   5  15   1   8   1   5   3   1  18   1   6   1   0   8   1  0.28 inf
   59 G   -2  0 -1  1  0  0 -1  6  1 -6 -6 -3 -5 -6 -4 -2 -3 -6 -4 -6    1   6   2   7   2   3   3  65   4   0   0   1   0   0   0   2   1   0   0   0  1.22 inf
   60 D   -6 -6 -3  9 -8 -4 -3 -6 -5 -8 -8 -5 -7 -8 -6 -4 -5 -9 -7 -8    0   0   0 100   0   0   0   0   0   0   0   0   0   0   0   0   0   0   0   0  2.96 inf
   61 I   -5 -7 -7 -7 -5 -7 -7 -8 -7  8  0 -7 -2 -4 -7 -6 -4 -6 -5  0    0   0   0   0   0   0   0   0   0  90   6   0   0   0   0   0   0   0   0   4  2.27 inf
   62 T   -3  3  0 -4 -5 -2 -4 -5  2 -4 -4 -1  1 -1 -5 -2  6 -5  0 -2    0  18   4   0   0   1   0   0   5   0   0   3   3   3   0   1  55   0   3   2  1.04 inf
   63 Q   -1  0 -1  2 -5  3  2 -4 -2 -3 -2  5 -3 -5 -2 -1  0 -5 -4 -4    5   3   2  10   0  13  14   0   0   1   4  35   0   0   1   3   7   0   0   0  0.57 inf
   64 V   -3 -5 -6 -4 -4 -2 -1 -6 -5  6  0 -5 -1  0 -4 -4 -3 -5 -2  4    1   0   0   1   0   2   5   0   0  51   6   0   1   3   1   0   0   0   1  28  1.07 inf
   65 N   -1 -2  3  4 -4  0  1 -3 -1 -3 -4  0 -3 -4  2  1  1 -5 -4 -3    5   1  14  27   0   3   7   1   1   1   1   5   0   0  12  10  11   0   0   1  0.52 inf
   66 E    2 -3 -2  0 -3 -1  2 -3 -3  0 -1 -1  1 -3  3  0  1 -5 -4 -1   22   0   1   5   0   1  19   0   0   5   7   3   4   1  16   4   8   0   0   5  0.33 inf
   67 K   -1 -1  3  3 -3  0  3 -2  0 -4 -4  3 -3 -4 -3  2 -1 -5 -3 -3    4   2  13  14   0   3  17   1   2   1   1  24   1   0   0  14   2   0   0   1  0.49 inf
   68 T   -1 -2  1  4 -2  0  3 -3  0 -1 -2  0 -3 -2 -3  1  1 -5 -2 -3    4   1   6  31   1   3  18   0   2   4   3   6   0   1   0  11   7   0   1   0  0.47 inf
   69 I   -4 -6 -7 -7 -5 -6 -7 -7 -7  7  1 -6  0 -3 -6 -6 -4 -6 -5  3    0   0   0   0   0   0   0   0   0  72  10   0   1   0   0   0   0   0   0  17  1.74 inf
   70 P   -4 -3 -5 -5 -7 -4 -2 -4 -6 -7 -6 -3 -7 -8  9 -3 -5 -8 -7 -7    1   2   0   0   0   0   2   2   0   0   0   1   0   0  90   1   0   0   0   0  2.85 inf
   71 D   -2 -2  2  6 -6  0  2 -3 -2 -5 -6  1 -4 -5  0  0 -3 -6 -3 -4    3   2  10  50   0   3  12   0   1   0   0   7   0   0   4   5   1   0   1   1  0.99 inf
   72 H   -3 -5 -3 -5 -1 -3 -4 -6  9 -1 -4 -5 -4  5 -6 -4 -4 -5 -1  0    2   0   1   0   2   0   0   0  58   3   0   0   0  25   0   1   0   0   1   6  2.05 inf
   73 D   -6 -5  0  8 -7 -3  0 -4 -2 -7 -8 -4 -7 -7 -5 -3 -5 -8 -5 -7    0   0   4  89   0   1   4   1   1   0   0   0   0   0   0   1   0   0   0   0  2.40 inf
   74 I   -3 -6 -6 -6 -4 -6 -6 -7 -6  6  1 -6 -2 -2 -6 -5 -4 -6 -4  5    1   0   0   0   0   0   0   0   0  50   9   0   0   1   0   0   0   0   0  38  1.42 inf
   75 L   -5 -6 -7 -7  1 -5 -6 -7 -6  2  6 -6  3 -2 -6 -6 -4 -5 -4 -1    0   0   0   0   3   0   0   0   0   9  80   0   5   0   0   0   0   0   0   2  1.54 inf
   76 C   -2 -5 -5 -6  8 -5 -6 -6 -6  1  4 -5  0 -1 -5 -3  0 -5 -4  1    3   0   0   0  32   0   0   0   0   5  38   0   1   3   0   2   7   0   0  10  1.12 inf
   77 A    6 -5 -5 -5 -4 -4 -4  3 -5 -5 -5 -4 -5 -6 -4 -1 -4 -6 -5 -4   73   0   0   0   0   0   0  23   0   0   0   0   0   0   0   4   0   0   0   0  1.55 inf
   78 G   -4 -6 -4 -5 -7 -6 -6  8 -6 -8 -8 -6 -7 -7 -6 -4 -6 -7 -7 -7    0   0   0   0   0   0   0 100   0   0   0   0   0   0   0   0   0   0   0   0  2.68 inf
   79 F   -7 -7 -7 -8 -7 -8 -8 -8 -6 -4 -4 -8 -4 10 -8 -7 -7 -3 -1 -5    0   0   0   0   0   0   0   0   0   0   0   0   0 100   0   0   0   0   0   0  3.28 inf
   80 P   -5 -7 -7 -6 -7 -6 -6 -7 -7 -7 -7 -5 -7 -8  9 -5 -6 -8 -8 -7    0   0   0   0   0   0   0   0   0   0   0   0   0   0 100   0   0   0   0   0  3.45 inf
   81 C   -5 -8 -7 -8 12 -8 -8 -7 -8 -6 -6 -8 -6 -7 -1 -6 -6 -7 -7 -5    0   0   0   0  97   0   0   0   0   0   0   0   0   0   3   0   0   0   0   0  4.13 inf
   82 Q   -5 -3 -4 -5 -7  9  0 -6 -4 -7 -7 -3 -5 -8 -6 -4 -3 -6 -6 -5    0   0   0   0   0  95   3   0   0   0   0   0   0   0   0   0   1   0   0   1  2.84 inf
   83 A    4 -5 -5 -5 -5 -4 -4 -4 -5 -6 -6 -4 -5 -6  7  0  0 -7 -6 -5   37   0   0   0   0   0   0   0   0   0   0   0   0   0  53   5   5   0   0   0  1.74 inf
   84 F   -6 -7 -7 -8 -7 -8 -8 -8 -6 -1 -4 -7 -4  9 -8 -7 -6 -3 -1 -5    0   0   0   0   0   0   0   0   0   3   0   0   0  97   0   0   0   0   0   0  3.09 inf
   85 S   -3 -5 -3 -4 -5 -4 -4 -4 -5 -7 -7 -4 -6 -7 -5  8 -3 -7 -6 -6    0   0   0   0   0   0   0   0   0   0   0   0   0   0   0 100   0   0   0   0  2.39 inf
   86 I   -3 -4 -3 -5 -4  1 -4 -5  1  6  2 -3  0 -3 -5 -3 -3 -5 -1  1    1   1   2   0   0   8   0   0   4  53  18   1   1   0   0   1   1   0   2   8  0.92 inf
   87 S    6 -5 -2 -5  4 -4 -4 -3 -5  0 -4 -4 -1 -5 -4  2 -3 -6 -5 -3   67   0   2   0   8   0   0   1   0   5   0   0   1   0   0  14   0   0   0   1  1.23 inf
   88 G   -1 -6 -4 -5 -6 -6 -6  8 -6 -8 -8 -5 -7 -7 -6 -4 -5 -6 -7 -7    3   0   0   0   0   0   0  97   0   0   0   0   0   0   0   0   0   0   0   0  2.51 inf
   89 K   -3  1 -2 -2 -4 -1 -2 -5  0 -2  1  4 -2 -2 -4 -3 -3 -4  4  3    1   6   2   2   0   2   1   0   2   0  16  31   0   1   0   0   0   0  14  21  0.52 inf
   90 Q   -3  5 -3 -4 -2  3 -2  0 -1 -5 -3  3 -2 -5 -4  3 -3 -5 -4 -4    0  34   0   0   1  14   1   6   1   0   2  20   1   0   0  20   0   0   0   1  0.86 inf
   91 K   -3  2 -2 -3 -6  2  1 -2  2 -5  0  6 -1 -5 -4 -3 -4 -5 -3 -5    1  10   1   0   0   7   7   3   6   0   9  53   2   0   0   0   0   0   1   0  0.93 inf
   92 G   -4 -6  0 -5 -6 -6 -6  7 -6 -8 -8 -5 -7 -7 -6 -4 -5 -1 -7 -7    0   0   3   0   0   0   0  96   0   0   0   0   0   0   0   0   0   1   0   0  2.48 inf
   93 F   -6 -7 -7 -8 -6 -7 -7 -7 -5  0 -1 -7 -2  9 -8 -6 -5 -3 -1 -4    0   0   0   0   0   0   0   0   0   6   6   0   1  87   0   0   1   0   0   0  2.62 inf
   94 E    0 -1  2  2 -4  0  5 -3  0 -5 -2  0 -3 -4 -4 -1 -2 -5 -2 -4    9   3  12  10   0   3  45   1   2   0   4   5   0   0   0   3   1   0   1   0  0.72 inf
   95 D   -5 -5 -2  8  0 -3  2 -5  0 -7 -7 -3 -7 -7 -5 -3 -2 -8 -6 -7    0   0   0  80   2   0  12   0   2   0   0   1   0   0   0   1   2   0   0   0  2.10 inf
   96 S    0 -4 -1 -1 -4 -2  2 -4 -1  0 -4 -2 -3 -5 -1  0  6 -5 -4 -2    8   0   2   3   0   0  15   0   1   7   0   2   0   0   3   4  51   0   0   1  0.81 inf
   97 R   -5  7 -3 -5 -4  5 -2 -6 -4 -7 -6 -1 -5 -7 -6 -4 -5 -6 -5 -6    0  69   1   0   0  27   1   0   0   0   0   2   0   0   0   0   0   0   0   0  2.07 inf
   98 G   -3 -5 -4 -1 -6 -6 -6  7 -6 -8 -8 -5 -7 -7 -6 -3 -5 -1 -7 -7    1   0   0   3   0   0   0  94   0   0   0   0   0   0   0   1   0   1   0   0  2.37 inf
   99 T   -2 -2  2  1 -5 -1 -3 -5 -5 -5 -5 -3 -2 -6 -5  0  7 -6 -5 -4    2   2  11   7   0   2   1   0   0   0   0   1   1   0   0   4  71   0   0   0  1.49 inf
  100 L   -4 -6 -7 -7 -5 -5 -6 -7 -1  1  6 -6  2 -3 -6 -6 -4 -5 -4 -1    0   0   0   0   0   0   0   0   1   5  85   0   5   0   0   0   0   0   0   3  1.63 inf
  101 F   -6 -7 -7 -8 -7 -7 -7 -7 -5  0 -4 -7 -4  9 -8 -7 -6 -3 -1 -3    0   0   0   0   0   0   0   0   0   5   0   0   0  93   0   0   0   0   0   1  2.93 inf
  102 F   -6 -7 -7 -5 -6 -5 -7 -7  0 -4 -3 -7 -1  9 -8 -6 -6 -1  3 -5    0   0   0   1   0   0   0   0   2   0   1   0   1  86   0   0   0   1   8   0  2.66 inf
  103 D   -2 -2  1  6 -5 -1  4 -2  0 -6 -6 -1 -5 -6 -3 -2 -3 -6 -3 -6    4   2   5  48   0   2  30   2   2   0   0   2   0   0   1   2   0   0   1   0  1.19 inf
  104 I   -4 -6 -6 -6 -4 -5 -6 -6 -6  6  1 -5  0 -3 -6 -5  0 -6 -4  5    0   0   0   0   0   0   0   0   0  46  10   0   1   0   0   0   6   0   0  36  1.27 inf
  105 A    4 -4 -4 -4  3 -1  0 -3 -3  2  1 -2  1 -1 -4 -2 -2 -4 -3  1   43   0   0   0   7   3   5   0   0  10  14   1   4   2   0   0   0   0   0   9  0.51 inf
  106 R   -4  7  0  0 -7  0  2 -6 -3 -7 -6  0 -4 -6 -5 -4 -4 -6 -5 -6    1  72   3   5   0   3  11   0   0   0   0   4   0   0   0   0   0   0   0   0  1.73 inf
  107 I   -4 -7 -7 -7 -5 -6 -7 -7 -6  8 -1 -6  0  1 -6 -6 -4 -6  0  0    1   0   0   0   0   0   0   0   0  84   1   0   2   5   0   0   0   0   4   4  1.96 inf
  108 V    0 -5 -6 -6  0 -5 -5 -6 -6  6  3 -5  0 -2 -5 -4 -3 -5 -4  2    9   0   0   0   2   0   0   0   0  43  32   0   1   0   0   0   0   0   0  13  1.03 inf
  109 R    1  2  0  1 -5  2  3 -3  0 -4 -4  4 -3 -5 -3  0 -2 -5 -4 -3   12  10   3   8   0   8  17   0   2   0   1  31   0   0   0   4   2   0   0   2  0.55 inf
  110 E    3  0 -1  0 -3 -1  2 -2  2  0 -3  0 -3 -1 -3 -1 -1 -2  2  1   28   5   2   4   0   2  17   1   6   5   1   5   0   2   0   3   3   0   8   9  0.26 inf
  111 K   -3  0 -3 -4 -4 -2 -3 -5  6 -3 -3  7 -3 -5 -5 -4 -4 -4 -3 -4    1   4   0   0   0   0   0   0  21   2   3  66   1   0   0   0   0   0   0   1  1.59 inf
  112 K   -4  6 -1 -4 -6  4 -2 -5 -1 -6 -5  5 -2 -6 -3 -3 -3 -6 -5 -6    0  37   2   0   0  19   1   0   1   0   0  37   1   0   1   0   1   0   0   0  1.37 inf
  113 P   -4 -7 -6 -6 -7 -6 -5 -7 -7 -6 -7 -5 -7 -8  9 -5 -2 -8 -7 -5    0   0   0   0   0   0   0   0   0   0   0   0   0   0  96   0   2   0   0   1  3.20 inf
  114 K    0  2 -3 -3 -5  1  0 -4 -2 -4 -4  6 -3 -4  0 -1 -2 -4 -1 -4   10  10   0   1   0   6   3   0   1   1   2  55   0   1   4   4   1   0   2   0  0.90 inf
  115 V    4 -5 -4 -5  1 -4 -4 -3 -4  2 -2 -4  0  0 -4 -2 -2 -5  0  4   43   0   1   0   3   0   0   1   0  12   1   0   3   3   0   1   1   0   4  27  0.73 inf
  116 V   -2 -6 -6 -6 -5 -6 -6 -6 -5  3  1 -6 -1  7 -6 -5 -4 -3 -1  2    3   0   0   0   0   0   0   0   0  19  11   0   1  51   0   0   0   0   0  15  1.35 inf
  117 F   -4 -5 -6 -6 -4 -5 -6 -6 -5  2  4 -6  2  6 -6 -5 -4 -3 -1  2    0   0   0   0   0   0   0   0   0  10  35   0   4  39   0   0   0   0   0  12  1.19 inf
  118 M   -4 -6 -7 -7  1 -6 -6 -7 -6  0  6 -6  1 -1 -6 -6 -5 -5 -4 -2    0   0   0   0   2   0   0   0   0   3  90   0   2   2   0   0   0   0   0   1  1.74 inf
  119 E   -5 -4 -4  0 -8 -2  8 -6 -4 -7 -7 -3 -6 -7 -5 -4 -5 -7 -6 -7    0   0   0   3   0   0  97   0   0   0   0   0   0   0   0   0   0   0   0   0  2.53 inf
  120 N   -6 -5  9 -3 -7 -4 -5 -5 -4 -8 -8 -4 -7 -8 -6 -4 -4 -8 -7 -7    0   0 100   0   0   0   0   0   0   0   0   0   0   0   0   0   0   0   0   0  3.08 inf
  121 V   -4 -7 -7 -7 -5 -6 -6 -7 -7 -1 -1 -6 -3 -5 -6 -6 -4 -7 -5  8    0   0   0   0   0   0   0   0   0   0   3   0   0   0   0   0   0   0   0  97  2.28 inf
  122 K   -2  1 -2 -4 -7 -2 -3 -5 -4 -6 -6  7 -5 -6 -1 -3 -4 -6  0 -6    3   5   1   0   0   1   0   0   0   0   0  82   0   0   3   1   0   0   3   0  1.85 inf
  123 N   -4 -3  7 -3 -6  1 -3  3  2 -7 -7 -4 -4 -6 -5 -2 -1 -6 -4 -6    0   1  57   0   0   8   1  24   6   0   0   0   0   0   0   1   4   0   0   0  1.48 inf
  124 F   -5 -6 -7 -7 -5 -6 -6 -7 -6  0  6 -6  1  2 -6 -6 -5 -5 -3 -2    0   0   0   0   0   0   0   0   0   4  85   0   3   8   0   0   0   0   0   0  1.64 inf
  125 A    0  1 -3 -3 -1  0 -1 -4 -3  1  1  3  0 -2 -3 -2  0 -4  0  2    6   7   0   0   1   4   3   0   0   8  15  21   2   1   0   1   6   0   3  21  0.24 inf
  126 S   -2  0  3 -3 -4 -3 -2  2  1 -2 -5 -1 -3 -5 -4  4  3 -5 -3 -4    1   4  15   0   0   0   1  13   4   2   0   3   0   0   0  39  16   0   1   0  0.67 inf
  127 H   -6 -5 -2 -5 -7 -3 -4 -6 11 -4 -6 -3 -3 -6 -7 -2 -6 -7 -3 -7    0   0   2   0   0   0   0   0  91   1   1   1   1   0   0   3   0   0   0   0  3.39 inf
  128 D   -4 -3  3  8 -7 -1 -1 -5 -4 -7 -7 -2 -4 -7 -5 -4 -5 -8 -7 -7    1   1  12  79   0   3   1   0   0   0   0   3   0   0   0   0   0   0   0   0  2.08 inf
  129 N   -3  2  3 -2  1  2 -1  0  3 -6 -5  5 -4 -6 -4 -2 -3 -6 -4 -5    0   9  12   1   3   8   3   9   8   0   0  46   0   0   0   2   0   0   0   0  0.91 inf
  130 G   -4 -5 -4 -5 -6 -3 -5  7 -6 -7 -7 -3 -6 -7 -6 -4 -5 -6 -7 -4    0   0   0   0   0   1   0  95   0   0   0   2   0   0   0   0   0   0   0   1  2.37 inf
  131 N   -2  4  5 -2 -6 -1  1 -4  0 -5 -5  4 -4 -5 -5 -3 -3 -6 -3 -5    2  25  33   0   0   2   7   0   2   1   0  26   0   0   0   0   1   0   1   0  1.05 inf
  132 T   -4 -5 -3 -5 -5 -5 -5 -6 -6 -5 -5 -5 -5 -6 -5 -2  8 -7 -6 -2    0   0   0   0   0   0   0   0   0   0   0   0   0   0   0   1  96   0   0   2  2.47 inf
  133 L   -5 -6 -6 -7 -4 -6 -6 -7  1  0  3 -6  0  8 -7 -6 -5 -1  1 -3    0   0   0   0   0   0   0   0   3   4  31   0   2  57   0   0   0   1   3   0  1.62 inf
  134 E   -1  3  1  0 -4  2  1 -3 -1 -5 -4  5 -4 -2 -4 -1 -2 -5 -4 -5    5  14   7   6   0   8  10   0   1   0   0  41   0   2   0   4   2   0   0   0  0.71 inf
  135 V   -3 -3 -4 -4 -4 -4 -4 -6 -5  4 -2 -4 -2 -2 -5 -3  4 -5 -2  5    0   2   1   1   0   0   1   0   0  21   0   0   0   1   0   0  26   0   1  46  1.06 inf
  136 V   -4 -7 -7 -7 -5 -6 -7 -7 -7  8 -2 -6  2 -4 -7 -6 -4 -6 -5  1    1   0   0   0   0   0   0   0   0  87   1   0   4   0   0   0   0   0   0   7  2.16 inf
  137 K   -3  1 -3 -3  0  0 -1 -4 -1  1  3  3  3 -2 -4 -3 -2 -3 -1 -1    0   9   0   1   2   3   4   0   2   9  34  20   9   0   0   1   2   0   2   2  0.42 inf
  138 N   -1  1  4  2 -5  2  3 -1  0 -4 -4  2 -4 -5 -3  0 -1 -5 -1 -4    4   8  19   9   0   9  21   4   2   0   0  13   0   0   0   6   2   0   3   0  0.49 inf
  139 T    2 -3 -2 -3 -2 -2  0 -4  1  1 -2 -1 -1 -3 -4  1  5 -5 -3  1   15   1   1   0   0   0   5   0   3   9   2   3   1   1   0  10  38   0   1  10  0.49 inf
  140 M   -5 -6 -7 -7 -5 -6 -6 -7 -6  0  6 -6  1  1 -6 -6 -5 -5 -4 -2    0   0   0   0   0   0   0   0   0   3  88   0   2   5   0   0   0   0   0   1  1.74 inf
  141 N   -3  0  1  3 -4  2  5 -3  0 -4 -4  1 -4 -5 -4 -1  0 -4 -3 -3    0   4   6  19   0   7  38   1   1   1   1   8   0   0   0   3   7   0   0   2  0.70 inf
  142 E   -2 -1  1  3 -5  0  5 -4 -2 -5 -4  2 -2 -6 -3 -1 -3 -6 -5 -5    2   2   8  18   0   3  46   1   0   0   2  14   1   0   0   4   1   0   0   0  0.91 inf
  143 L   -1 -1 -1 -5 -2 -4 -2 -6 -3  2  5 -4  0 -2 -5 -3 -3 -5 -3 -1    6   3   4   0   1   0   3   0   1  11  67   0   1   0   0   1   0   0   0   1  0.91 inf
  144 D   -3 -5  3  0 -5 -4 -3  7 -3 -7 -7 -3 -6 -7 -6 -3 -5 -6 -6 -7    0   0  13   5   0   0   1  78   0   0   0   2   0   0   0   0   0   0   0   0  1.83 inf
  145 Y   -6 -6 -7 -8 -7 -6 -7 -8 -3 -6 -6 -6 -6 -1 -8 -6 -6 -2 10 -6    0   0   0   0   0   0   0   0   0   0   0   0   0   0   0   0   0   0 100   0  3.58 inf
  146 S   -1 -1  1  2 -3 -1  1 -3  3 -2 -3  1 -2  1 -3  1  1  2  2 -1    3   3   7  13   0   2   7   0   9   1   1   8   0   8   0  12  10   3   9   5  0.22 inf
  147 F   -3 -5 -6 -6  0 -5 -5 -6 -5  3 -1 -5 -1  3 -3 -4  0 -5  0  6    1   0   0   0   2   0   0   0   0  17   4   0   1  12   1   0   5   0   2  55  1.06 inf
  148 H   -3  0  1  3 -4  0  1 -3  5 -4 -4  2 -3  2 -2 -1 -2 -2  4 -3    0   4   7  16   0   3   7   1  15   0   0  12   0  10   1   4   2   0  17   1  0.53 inf
  149 A   -1 -4 -4 -3 -1 -3 -3 -5  2 -2 -4 -4 -4  1  3  0 -1  6  7 -2    5   1   0   1   1   1   1   0   6   2   0   0   0   5  13   8   3  13  37   2  1.05 inf
  150 K   -1  2 -1 -1 -5  4  1 -4 -1 -4 -3  5 -1 -5 -4 -1 -1 -5 -4 -4    6   8   2   2   0  19   7   0   1   0   2  45   1   0   0   3   3   0   0   0  0.82 inf
  151 V   -4 -4 -6 -6 -4 -5 -6 -7 -6  5  1 -6 -1 -4 -6 -5 -2 -6 -4  6    0   1   0   0   0   0   0   0   0  31   9   0   1   0   0   0   2   0   0  57  1.42 inf
  152 L   -3 -5 -6 -7 -4 -5 -6 -7 -6  4  5 -5  2 -1 -6 -5 -4 -5 -3  0    1   0   0   0   0   0   0   0   0  21  65   0   5   1   0   0   0   0   0   5  1.27 inf
  153 N   -3 -1  7  5 -6 -3 -3 -4 -3 -7 -7  0 -6 -7 -5 -2 -3 -7 -6 -6    1   3  60  27   0   0   0   0   0   0   0   5   0   0   0   2   1   0   0   0  1.72 inf
  154 A    5 -4 -3 -4 -4 -4 -4  3 -4 -5 -5 -4 -4 -5 -3  3  1 -6 -5 -4   48   0   0   0   0   0   0  18   0   0   0   0   0   0   1  26   7   0   0   0  1.02 inf
  155 L    1  1 -3 -3  0  1 -2 -3 -3 -2  0  4  3 -3 -4  1 -1 -4 -1 -2   11   7   0   0   2   7   0   1   0   2   8  35   9   0   0  11   2   0   3   2  0.45 inf
  156 D   -3 -3  3  6 -4 -2  1 -2  4 -6 -4 -2 -5 -4 -2 -1 -1 -6  0 -5    2   0  13  49   0   0   7   2  11   0   1   1   0   0   2   3   3   0   4   0  1.07 inf
  157 Y   -6 -5 -6 -7 -6 -6 -7 -7 -1 -3 -2 -6 -3  8 -7 -6 -6  3  6 -3    0   0   0   0   0   0   0   0   1   1   2   0   0  61   0   0   0   4  29   1  2.21 inf
  158 G   -2 -2  0 -2 -3 -1 -2  6 -3 -3 -3 -2 -3 -3 -3 -1 -2 -1 -3 -3    2   2   4   2   0   3   2  67   1   1   2   1   1   1   1   4   2   1   1   2  1.12 inf
  159 I   -3 -5 -6 -6 -1 -5 -5 -6 -6  4  3 -5 -1 -3 -5 -4 -1 -5 -4  5    1   0   0   0   1   0   0   0   0  19  27   0   0   0   0   0   3   0   0  48  1.08 inf
  160 P   -1 -6 -6 -6 -7 -6 -5 -6 -6 -7 -7 -5 -7 -8  9 -5 -5 -8 -7 -7    5   0   0   0   0   0   0   0   0   0   0   0   0   0  95   0   0   0   0   0  3.15 inf
  161 Q   -5 -3 -4 -5 -7  9 -2 -6  0 -7 -3 -3 -5 -7 -6 -4 -4 -6 -6 -6    0   0   0   0   0  94   0   0   2   0   3   0   0   0   0   0   1   0   0   0  2.76 inf
  162 K   -3  0  6 -3 -6 -3 -3 -4  7 -5 -5  2 -3 -4 -5 -2 -3 -6 -2 -4    2   4  47   0   0   0   0   0  26   0   1  15   1   1   0   1   1   0   1   1  1.44 inf
  163 R   -6  9 -5 -6 -8 -3 -4 -7 -4 -7 -7 -2 -6 -7 -6 -5 -5 -7 -6 -7    0 100   0   0   0   0   0   0   0   0   0   0   0   0   0   0   0   0   0   0  2.93 inf
  164 E   -4 -4 -2 -2 -7  0  7 -6 -4 -6 -3 -1 -5 -7 -1 -4 -3 -7 -6 -4    0   0   1   0   0   3  84   0   0   0   3   3   0   0   2   0   1   0   0   1  1.89 inf
  165 R   -6  9 -5 -6 -8 -3 -4 -7 -2 -7 -6 -2 -6 -7 -6 -5 -5 -7 -6 -7    0  99   0   0   0   0   0   0   1   0   0   0   0   0   0   0   0   0   0   0  2.89 inf
  166 I   -4 -6 -6 -6 -1 -6 -6 -7 -6  7  0 -6 -2 -2 -6 -5 -1  2 -4  3    0   0   0   0   1   0   0   0   0  67   7   0   0   1   0   0   4   3   0  17  1.49 inf
  167 Y   -4 -6 -6 -7 -5 -5 -6 -7 -3  2 -2 -6 -1  5 -7 -5 -5 -2  8  1    0   0   0   0   0   0   0   0   0   9   2   0   1  26   0   0   0   0  50  11  1.73 inf
  168 M   -5 -6 -7 -7  1 -6 -6 -7 -6  7  1 -6  4  0 -6 -6 -4 -6 -4  0    0   0   0   0   3   0   0   0   0  71  10   0  11   4   0   0   0   0   0   1  1.67 inf
  169 I   -2 -6 -6 -7 -4 -6 -6 -7 -7  3 -2 -6 -3 -3 -6 -5 -3 -6 -5  7    3   0   0   0   0   0   0   0   0  17   1   0   0   0   0   0   0   0   0  79  1.76 inf
  170 C    3 -6 -4 -5  4 -5 -5  6 -5 -6 -4 -5 -5 -6 -5 -3 -4 -1 -6 -5   21   0   0   0   9   0   0  67   0   0   1   0   0   0   0   0   0   1   0   0  1.64 inf
  171 F   -5 -6 -5 -7 -1 -6 -6 -6  0  0 -2 -6 -2  9 -7 -4 -2  2  0 -3    0   0   0   0   1   0   0   0   3   6   3   0   1  77   0   1   3   3   2   1  2.06 inf
  172 R   -3  6  0  2 -3 -1 -2 -4  0 -4  0  2 -3 -5 -4 -2 -3 -5 -3 -4    1  53   4  12   1   2   1   0   3   0  10  10   0   0   0   2   0   0   1   0  1.00 inf
  173 N   -3  3  3  3 -4  0  2 -2 -2 -4 -4  4 -3 -5 -1  0 -2 -5 -4 -4    1  14  13  18   0   2  11   3   0   1   1  28   0   0   2   5   1   0   0   0  0.61 inf
  174 D   -3 -1  1  6 -4  0  1 -2 -2 -4 -4  3 -3 -2  0 -1 -2 -5 -3 -4    2   3   6  44   0   3   8   2   0   1   1  17   0   2   4   3   1   0   1   1  0.77 inf
  175 L   -1 -1 -1 -2 -2 -1  0 -2  0  2  2  0  0  1 -3 -1  0 -2  1  1    2   2   3   1   1   3   6   2   2  12  26   8   1   6   0   2   7   0   5  11  0.12 inf
  176 N    1 -1  3  2 -2  0  0  1  1 -2 -2  1 -2 -1 -1  0 -1 -3 -1 -2   11   3  19  11   1   3   3  12   4   1   4  10   1   3   2   6   3   0   1   1  0.20 inf
  177 I   -1 -1  0 -1  0 -2 -1 -1  1  2  0 -1  0  3 -1  0 -1  1  2  0    4   3   5   2   2   1   3   4   4  15   7   4   1  16   4   6   3   2   8   7  0.09 inf
  178 Q   -1  1  1  3 -3  1  2 -1  1 -2 -3  2 -2 -2 -2  1  0 -3 -1 -2    4   9   6  16   0   6  13   2   4   3   2  13   0   1   1  10   5   0   2   2  0.24 inf
  179 N   -1  0  2  2 -3  0  2 -1  1 -3 -2  1 -2 -1  0  0  0  3 -2 -2    4   4  12  12   0   3  13   5   4   1   3  10   1   4   5   7   4   4   1   3  0.18 inf
  180 F   -5 -5 -4  0 -6 -6 -5 -6 -5 -2 -1 -6 -4  9 -7 -6 -5 -3  1 -4    0   0   1   5   0   0   0   0   0   1   4   0   0  84   0   0   0   0   2   0  2.39 inf
  181 Q   -1  0  2  2 -2  0  3 -3  1 -1 -3  1 -3 -4 -2  2  1 -4 -3 -1    3   3   9  14   1   4  20   0   3   4   1   9   0   0   1  16   8   0   0   4  0.32 inf
  182 F   -5 -4 -6 -6 -6 -5 -6 -6 -4 -2  1 -3 -2  8 -5 -6 -4  5  3 -3    1   1   0   0   0   0   0   0   0   2  11   2   1  65   0   0   0   7  10   1  1.80 inf
  183 P   -4 -1 -3 -1 -6 -3 -3 -4 -5 -4 -4 -2 -6 -6  8 -3 -2 -7 -5 -5    0   4   1   4   0   1   1   1   0   1   2   2   0   0  78   2   2   0   0   1  2.16 inf
  184 K   -1 -1  0  1 -2  1  3 -3 -2 -1  0  3 -1 -1 -2 -1  0 -4 -1 -1    3   1   5   8   1   5  19   0   0   3  12  25   1   3   1   4   4   0   2   3  0.25 inf
  185 P   -1 -2 -1 -3 -5 -2  0  1 -3  0 -3  2 -2 -1  6 -1 -2 -5 -4 -2    3   2   2   0   0   1   7   9   0   5   3  13   1   3  42   4   2   0   0   2  0.80 inf
  186 F   -1 -1  0 -1 -1  0  0 -2 -2  3  0  0 -1 -1  2  0  1 -3 -1  0    3   2   5   2   1   5   6   3   1  24   8   5   1   3  11   5   9   0   2   6  0.13 inf
  187 E   -1  0  2  1 -3  0  2  0  0 -3 -3  3 -2 -2  3  0 -1 -4 -1 -3    5   3  11   8   0   3  12   7   2   1   2  20   1   1  14   4   2   0   2   1  0.32 inf
  188 L   -1  0  0  0 -2  0  0  0  0  0  2  1 -1 -2  0 -1  0 -1 -2 -1    3   5   6   5   1   5   5   6   3   6  29   9   0   0   5   4   6   1   1   2  0.08 inf
  189 N   -2  2  1  0 -3  1  0 -2 -1 -2 -3  2 -1 -3  2  0  3 -3 -2 -2    1  10   8   5   0   5   4   3   1   2   1  16   2   1  11   5  22   0   1   2  0.31 inf
  190 T   -1  1 -1 -3 -3  0 -2 -3 -1  0 -2  2 -2 -2  3  0  3 -4  0  1    2   7   3   0   0   3   1   1   1   5   2  18   0   1  13   6  21   0   4  10  0.30 inf
  191 F   -1  1  0 -1  2 -1 -1 -2  0 -2 -2  2 -2  0  0  1  2 -3  1 -1    4   9   5   3   5   1   1   1   2   1   3  17   0   5   4  11  17   0   6   4  0.19 inf
  192 V   -2 -4 -5 -5 -4 -4 -5 -3 -4  3  4 -4  2  2 -4 -3 -3 -3 -2  2    1   0   0   0   0   0   0   2   0  17  44   1   6   9   1   1   0   0   0  15  0.72 inf
  193 K    0  2  0  0 -2  1  2  2  1 -2 -3  2 -3 -2 -2  1 -1 -4 -3 -3    7  12   4   3   1   4  13  15   3   2   1  17   0   2   1  13   2   0   0   1  0.28 inf
  194 D   -3 -3  1  7 -6 -1  2 -3 -1 -2 -5 -2 -5 -6 -3  0 -2 -2 -5 -4    1   0   4  59   0   2  13   1   1   3   1   2   0   0   1   8   2   1   0   0  1.21 inf
  195 L   -3 -4 -5 -5 -1 -4 -5 -6 -5  6  2 -4  0  3 -3 -4 -3 -4  1  2    1   1   0   0   1   1   0   0   0  47  15   0   2  14   1   1   0   0   4  11  0.89 inf
  196 L   -4 -2 -5 -6 -2 -4 -5 -6  0  3  5 -3  1  0 -5 -4 -3 -4 -3 -1    0   2   0   0   1   0   0   0   3  16  67   1   2   3   0   1   1   0   1   2  1.07 inf
  197 L   -4 -3 -1  4 -3  0  5 -4  2 -2  0 -1 -4 -4 -2 -3 -3 -6 -5 -4    0   1   2  23   1   3  44   1   5   2  11   2   0   1   2   1   1   0   0   1  0.93 inf
  198 P   -1  0 -1  0 -3 -1  1 -3 -1 -2 -3  3 -3  1  4  0  1 -4 -2 -2    5   3   3   5   0   2   9   1   1   2   2  20   0   7  21   7   9   0   1   2  0.40 inf
  199 D   -2 -2  3  4 -3  1  3 -1  0 -4 -4  1 -3 -3 -3  0  0 -2 -3 -3    1   2  13  29   1   5  18   3   2   1   1   7   0   1   0   7   5   1   0   2  0.55 inf
  200 S   -1 -2  2  0 -3 -1  0  1  0 -1 -2  0 -2 -2  1  0 -1 -4 -2  3    4   1  11   6   0   2   8  11   2   2   1   5   0   1   6   8   1   0   1  29  0.22 inf
  201 E   -1 -2  1  4 -2  1  3  0 -2 -2 -3  1 -3 -4  1  0 -1 -4 -2 -1    4   1   7  24   1   5  19   6   1   2   2   8   0   0   6   6   3   0   1   6  0.37 inf
  202 V    0 -2  0  2  0 -1  2 -1 -2  0 -1  0 -1  0  1  0  0 -3 -2  1    6   1   3  13   2   2  13   3   0   5   5   5   1   6   6   8   7   0   1  12  0.10 inf
  203 E   -2  0  0  3 -4 -1  3 -1 -2 -4 -4  4 -2 -3  1 -1 -2 -4 -2 -4    2   4   3  16   0   1  22   4   1   0   1  27   1   1   7   5   2   0   1   1  0.55 inf
  204 H   -2 -2  0  0 -2 -1  1 -3  3 -1 -1  0 -3  2  0 -1 -1 -2  6 -2    2   2   4   4   1   2  10   1   6   3   5   6   0   6   5   5   3   0  33   3  0.52 inf
  205 L   -1 -1 -1 -2 -3 -1 -2 -3 -1  1  2  0  0  2 -1 -1  2  0  3 -1    3   3   2   2   0   2   2   1   1   9  19   6   1   9   2   3  19   1  11   3  0.18 inf
  206 V   -1 -2 -2 -1 -3 -2  0 -3 -2  2  2 -1 -1  1 -1 -2 -1 -2  4  1    4   2   1   4   0   1   6   2   1  14  20   3   0   4   3   2   3   0  19  10  0.26 inf
  207 I   -2 -1 -1 -3 -3 -1 -2 -1  0  1 -1 -1 -1  0  1  3  1  1  4  0    2   2   2   1   0   1   2   3   2   8   6   3   1   2   6  24   9   2  17   6  0.25 inf
  208 D   -1 -2  1  4 -3  0  1 -2  1 -1 -2  0 -3 -3  2  0 -1 -2  2 -2    3   2   6  29   0   3   8   3   3   3   3   7   0   0   9   6   4   1   7   3  0.35 inf
  209 R   -1  3  1  0 -4  0  1  0  0 -3 -2  3 -2 -2 -2  1  0 -4 -1 -1    3  20   6   5   0   3   9   7   2   1   2  19   0   2   1   9   5   0   2   4  0.27 inf
  210 K   -1 -1 -1  2 -2  0  1 -2 -2 -1  2  1 -1 -1 -1  0  0 -2  2 -1    5   2   3  13   1   2   8   2   0   3  21   9   1   1   3   6   6   0   8   3  0.11 inf
  211 D   -3  0  0  2 -4 -1  0  0 -2 -3 -3  2 -2 -1 -2 -1  0  8  1 -3    2   6   4  13   0   2   6   7   1   1   2  14   1   2   2   3   7  20   5   1  0.58 inf
  212 L   -1  0  0 -2 -2  0  0 -3 -1  1  1  2  0  1 -3 -1 -1 -2  4 -1    4   4   4   2   1   3   7   2   1  11  13  13   2   6   1   4   3   0  18   2  0.19 inf
  213 V   -2  0 -1 -2 -2  0 -2  0  0  1 -1 -1 -1  1 -3 -1  1  1  6 -1    3   6   3   2   1   5   2   9   1   8   6   3   1   5   1   3   8   1  29   5  0.34 inf
  214 M   -2 -1 -1 -2  0  0 -1 -3  3  0  2 -1  0  2 -2 -1  0 -1  3 -1    2   4   2   3   2   4   3   2   8   6  28   3   2   9   2   4   5   1  11   1  0.21 inf
  215 T   -1  0  0 -1 -3  2 -1 -2  0  0  0  1 -1  1 -2  1  1  0  2 -2    3   5   5   3   0  11   2   2   2   7   9   9   0   6   1  11   9   1   9   1  0.10 inf
  216 N   -2  3  3  1 -4 -1  1  0  2 -3 -3  1 -2 -1 -1  0  0 -2  2 -3    2  18  18   7   0   1   7   6   5   1   1   7   1   2   4   7   5   1   7   1  0.31 inf
  217 Q   -1  2  1  1 -2  2  0 -2  1 -2 -1  3 -2 -2  0 -1 -1 -2  3 -2    3  12   7   7   1   8   4   2   3   2   5  21   1   1   5   2   3   0  10   2  0.26 inf
  218 E   -1  0 -1 -1 -4  0  2 -3  3 -1  1  3  0 -1 -1 -1 -2 -3  2 -2    5   4   2   2   0   2  14   2   7   2  13  24   2   2   2   4   1   0   8   2  0.24 inf
  219 I    0  0 -2 -1  0 -1 -1 -3 -2  2  1  2 -1  0  0 -1 -2  5  0  0    7   4   2   3   2   1   3   1   0  14  15  17   1   3   5   3   1   9   4   6  0.20 inf
  220 E   -1  0  1  0 -2  2  3 -3  3 -3 -3  2 -3 -3 -2  0 -1  4 -2 -2    6   3   7   5   1   8  21   1   8   1   3  15   0   0   1   7   3   6   1   3  0.37 inf
  221 Q   -1  1  1 -1 -4  3  0 -1  3 -2 -2  2  0 -2 -3  0  1 -3  2 -2    3   7   6   3   0  15   6   4   9   2   3  15   2   1   1   6   9   0   7   1  0.27 inf
  222 T    0  1  1 -1 -2  0  0 -2  2  0  1  2 -1 -2 -2 -1  0 -3  3 -2    8   7   7   2   0   3   4   2   6   4  18  13   1   0   1   4   6   0  11   1  0.13 inf
  223 T   -1  1  0 -1 -3  2  0 -1  0  0 -1  3 -1 -2 -1  0  0 -3  0  0    3   8   5   1   0   9   5   5   2   5   5  21   2   1   2   7   5   0   3   9  0.14 inf
  224 P    0  0  2  0 -2  1  0  1  0 -1 -1  2 -1 -2  1  0  0 -3 -1 -1    6   4  10   6   0   8   4  12   2   5   7  14   1   1   5   5   4   0   2   4  0.10 inf
  225 K   -1  2  3  1 -3 -1  1 -2  2 -2 -2  2 -2  0 -1 -1 -1 -3  2 -2    4  10  14   6   0   2  10   2   5   2   4  16   0   4   3   3   3   0   9   2  0.23 inf
  226 T    0  0  0 -1 -2  0  0  1 -1  0 -1  1  0 -2  1  0  1 -2  0 -1    7   4   4   2   0   2   4  12   1   7   5  13   2   1   8   5  12   0   5   4  0.08 inf
  227 V    1 -1  1 -1 -2  0  0 -1 -1  1  0  0 -1  1  0 -1  0 -1  1  0   12   2   7   3   1   3   8   3   1  10   8   8   1   9   5   2   5   1   5   7  0.04 inf
  228 R   -1  3  0  0 -2  0  1  1  0 -2 -2  2 -2 -1 -2  0  0  0 -1 -1    4  16   3   4   1   4   9  13   2   3   3  13   1   2   1   8   7   1   2   4  0.16 inf
  229 L   -1 -1  1 -1 -2  0  0 -1  4  1 -1  1  0  1 -2 -1 -1 -2  2  0    3   3   7   3   1   5   6   3  13  12   6   9   2   8   2   2   3   0   8   5  0.14 inf
  230 G    0  1  1  1 -3 -1  1  3  3 -3 -3  1 -3 -3 -1 -1 -1  2 -2 -2   10   6   6   6   0   2   8  26   9   2   3   7   0   1   2   3   2   3   1   2  0.29 inf
  231 I    1  1 -1 -1 -1 -1  0  0  0  0  0  0  0  0 -2  0  1 -2  0  0   12   8   3   2   1   1   5   6   3   7  12   6   3   5   1   5  11   0   3   6  0.03 inf
  232 V    1  0 -1 -2 -2 -1  0 -1 -2  1  0  1 -1 -1 -1  0 -1 -3  0  2   13   4   3   1   0   1   6   5   1   9   8  12   1   2   2   7   3   0   4  17  0.07 inf
  233 G   -1  0  2  2 -4 -1 -2  4 -1 -3 -4  0 -3 -1 -3  0 -2 -3  3 -3    5   5  12  12   0   3   2  29   1   1   1   6   1   3   1   5   1   0  11   2  0.44 inf
  234 K   -2 -1  3 -1 -2  2 -2  1  1 -3 -3  3 -3 -2  1  0  1 -4  0 -1    1   1  15   2   1  11   1  12   3   1   2  19   0   2   8   7   8   0   4   4  0.31 inf
  235 G   -2  0  3 -1 -2 -3 -3  4  2 -2 -3  0 -4 -3 -2 -1 -2  5 -2 -1    2   4  14   3   1   1   1  38   5   3   3   5   0   1   2   3   2   7   1   4  0.59 inf
  236 G   -2  3  0 -1 -4  0 -2  3  0  0 -2  0 -1  3 -2 -2 -2 -3  2 -2    2  16   3   4   0   4   1  26   2   5   3   4   1  14   2   1   1   0   7   3  0.34 inf
  237 Q   -3  2  0 -1 -4  4 -2  1  0 -3 -3 -1  2  4  0 -1 -2 -3 -1 -3    1  10   5   3   0  23   2  11   2   1   2   2   5  19   5   5   2   0   1   1  0.44 inf
  238 G    0 -2 -1  1 -2  1 -2  4  0 -2 -4 -2 -3 -1  1 -1 -2  4  2 -2    6   2   2   8   1   6   1  31   2   3   1   2   0   3   8   5   1   5   8   2  0.40 inf
  239 E   -2  2  2 -2 -3 -2  2 -1 -2 -3 -2 -2 -3  2 -3  1 -2 -3  5 -2    2  13  10   2   0   1  13   6   0   1   4   2   0   8   1  11   2   0  23   2  0.47 inf
  240 R   -1  4 -2 -2 -2 -1 -1  1 -3 -1  0  0 -2 -3  1 -1 -1 -4 -2  1    4  26   1   2   1   2   4  11   0   4  10   6   0   1   7   2   4   0   1  14  0.24 inf
  241 I   -2  1 -1 -1 -3 -1 -2 -3 -1  3  1 -1  0  1 -2  0  0  0 -2  1    2  11   3   3   0   2   1   1   1  24  15   3   2   7   1   6   5   1   1  10  0.20 inf
  242 Y   -1 -1  1 -1 -1 -1  1 -2  0  1 -2  0 -2  1 -3 -1 -1  0  5  0    4   3   7   3   1   3  10   2   2   8   2   7   1   5   1   3   4   1  25   8  0.32 inf
  243 S   -1 -1  3  1  1 -1  0 -1  1 -1 -3 -1 -2 -1  1  2  0  3 -1  0    4   2  17   6   3   1   5   5   4   4   2   2   1   2   6  18   3   4   1   9  0.20 inf
  244 T    0 -1  1  1 -2  0  1 -3  1 -1 -2  3 -2 -2  3  0  1 -2 -2 -1    7   2   6   8   1   3   8   1   4   4   3  20   0   1  13   6   9   0   1   4  0.24 inf
  245 R   -3  3  2  3 -3 -1  1 -1 -1 -4 -3  2 -2 -4 -2  2 -1 -4 -1 -4    1  16  11  15   1   1  10   3   1   0   2  11   1   1   1  20   2   0   2   1  0.44 inf
  246 G   -1 -4  4  0 -4 -3  0  4 -3 -4 -5 -2 -2 -5  0  0  2 -1 -5 -4    4   0  18   5   0   1   6  35   0   0   1   2   1   0   4   6  14   1   0   1  0.67 inf
  247 I   -3 -4 -3 -4 -1 -3 -3 -2  1  3  2 -1 -1  0 -3 -2 -2 -3  2  3    1   0   1   0   1   1   1   3   4  18  24   4   0   2   1   2   2   0   8  26  0.48 inf
  248 A    3 -3 -2 -3  5 -3 -3 -2  3 -1 -3 -3 -2  0 -4  3  2 -4 -1  1   23   0   1   0  11   0   1   2   6   3   1   1   1   3   0  21  14   0   2   9  0.51 inf
  249 I    1  2  2 -4 -4 -3 -4 -1 -3  2 -3 -2 -4 -1  5  0 -2 -5 -3 -2   14  13  10   0   0   0   0   5   0  13   1   1   0   3  28   6   1   0   1   2  0.60 inf
  250 T   -1  3 -1 -1  1 -3 -4 -4 -1 -5 -3 -4 -4 -6 -4 -1  7 -6 -4 -4    5  14   2   3   3   1   0   1   2   0   2   0   0   0   0   4  61   0   0   1  1.29 inf
  251 L   -2 -5 -4 -4 -4 -3 -5 -6 -4  3  5 -3  0  0 -3 -4 -4 -4  4  0    4   0   1   1   0   1   0   0   0  19  49   2   1   3   1   0   0   0  13   5  0.89 inf
  252 S   -1  1 -2 -2 -3 -2 -3 -1  3 -4 -3 -2 -3 -4  0  4  3 -5  2  0    4   9   1   2   0   1   0   4   8   0   1   2   0   0   4  30  18   0   6   8  0.48 inf
  253 A    5 -2 -4 -4  1 -3 -3 -4 -4 -2 -2  2 -4 -5 -1  1  1 -5  0 -1   49   2   0   0   3   0   0   0   0   3   3  13   0   0   2  10   7   0   3   4  0.72 inf
  254 Y   -4  3  4  2 -2  1 -3  0 -1 -5 -4 -2 -2 -2 -4  0  0  0  4 -4    0  16  18  13   1   6   0   7   1   0   1   1   1   1   0   7   6   1  17   0  0.55 inf
  255 G   -1 -1 -2 -1 -5 -2  0  4 -2 -4 -4  1  5 -2 -1 -1 -3 -4  4 -4    3   3   2   3   0   1   5  27   1   0   0   8  18   1   4   4   1   0  18   0  0.63 inf
  256 G    0 -3 -3  0  0 -2 -3  4  4 -4 -3 -2  2  0 -2  1 -2 -2  4 -4    6   1   0   6   2   1   0  27  10   0   2   2   5   3   2  13   2   0  15   1  0.49 inf
  257 G   -1 -1 -2 -2 -3 -2  2  3 -3 -4 -5  3 -3 -5 -3  1  3 -5 -4 -4    4   3   1   1   1   0  16  22   0   0   0  21   1   0   0   9  20   0   0   0  0.61 inf
  258 I   -2 -3 -3  2  3 -4 -3  3 -4  3 -1 -3 -2 -2  2 -1 -3  2 -4 -1    2   1   0  14   6   0   0  21   0  21   7   1   0   1  11   6   1   3   0   4  0.41 inf
  259 F    0  0 -2 -4 -4  0 -1  4 -3  0  1 -2 -2  2 -4 -2 -2  0 -1 -1    6   7   1   0   0   5   5  33   0   6  16   1   0   9   0   1   2   1   2   4  0.35 inf
  260 A    1 -1  0 -3 -1 -1 -3 -3  5  2 -1 -3  0 -1 -3  2  1 -4  0  0   11   4   3   1   1   2   1   1  16  15   4   0   2   3   1  16  10   0   3   5  0.32 inf
  261 K   -3  2  4  1 -4 -1  2 -1  2 -3  0  1 -3  0 -1 -1 -3 -4  0 -4    1  10  23   9   0   2  16   3   5   1   9   7   0   4   2   4   0   0   4   0  0.38 inf
  262 T    0  2 -2 -2 -3  1 -3 -4 -2  4 -2 -3 -2 -3 -4 -3  2  1 -3  3    7  13   1   2   0   6   0   1   1  29   1   0   0   0   0   1  14   2   1  20  0.55 inf
  263 G   -2 -3 -1  1 -2 -3 -2  4 -3 -3  1  1 -3 -3  4 -1 -3 -4 -4 -2    1   1   3   9   1   0   1  28   0   0  15   9   0   1  20   5   1   0   0   2  0.50 inf
  264 G    0 -2 -3 -2 -1  0 -1  1 -1  2  1 -2 -1 -1 -1 -1 -1  4  2  0    9   1   0   2   1   6   4  14   1  16  15   1   0   2   3   2   4   7   7   4  0.17 inf
  265 Y   -1 -2 -2  1 -4 -2  2 -3 -1  3 -1 -1 -2  1 -1 -1 -3 -3  5 -1    4   2   1   7   0   1  15   2   1  18   5   3   0   4   2   5   1   0  23   3  0.41 inf
  266 L   -2  0 -1 -2 -2  3 -2 -4 -1  0  3  1  1 -2 -2 -2  0 -3  1  1    1   4   4   2   1  15   1   1   1   6  27   9   3   1   2   2   5   0   4  11  0.24 inf
  267 V   -1 -1  2  2 -3  1  0 -2 -1  1  0  1 -1 -3 -2 -1  1  1 -2  1    4   2  10  13   0   7   6   2   1   8  11   9   0   0   2   2   8   2   1  10  0.11 inf
  268 N   -2  1  4  3 -5 -1  0  2 -1 -3 -2  2 -3 -4 -4 -2 -2 -5 -4  0    1   9  21  14   0   2   5  18   1   1   4  11   0   0   0   2   2   0   0   8  0.42 inf
  269 G   -3 -1  3  0 -5  0  1  4 -1 -2 -3  3 -3  0 -4 -2 -3 -5 -1 -4    1   2  13   5   0   3  10  30   1   3   3  20   0   5   0   1   1   0   2   0  0.52 inf
  270 K   -2  3  4 -2 -6  0  2  4 -3 -5 -4  2 -3 -4 -4 -3 -3 -1 -2 -5    2  13  21   2   0   4  11  27   0   1   1  14   1   1   0   0   1   1   1   0  0.68 inf
  271 T   -4 -5 -3 -5 -4 -4 -2 -6 -6  5 -3 -3 -3 -2  6 -4 -1 -4 -3  2    0   0   1   0   0   0   4   0   0  35   1   2   0   1  34   1   4   0   1  14  1.19 inf
  272 R   -7  9 -6 -5 -9 -4 -5 -8 -5 -6 -7 -1 -4 -8 -7 -6 -6 -8 -6 -8    0  95   0   1   0   0   0   0   0   0   0   3   0   0   0   0   0   0   0   0  2.98 inf
  273 K   -5  6 -5 -5 -7 -3 -4 -6 -2 -6 -2  6  0 -4 -6 -5 -1 -7 -6 -5    0  40   0   0   0   0   0   0   1   0   5  48   2   1   0   0   3   0   0   0  1.66 inf
  274 L   -5 -6 -8 -6 -6 -6 -7 -8 -7  1  6 -7  4 -2 -4 -7 -5 -6 -5 -3    0   0   0   1   0   0   0   0   0   6  82   0   9   1   1   0   0   0   0   0  1.84 inf
  275 H   -3 -6  0 -5 -6 -5 -5 -4  2 -6 -6 -5 -2 -7 -6  1  8 -7 -6 -5    1   0   3   0   0   0   0   1   5   0   0   0   1   0   0  10  77   0   0   0  1.99 inf
  276 P   -2 -6 -6 -5 -7 -4  0 -3 -7  0 -3 -5 -3 -6  8 -2 -3 -8 -7 -2    3   0   0   0   0   0   6   2   0   5   3   0   1   0  72   3   1   0   0   4  2.05 inf
  277 R   -5  7  0 -2 -7 -2 -2 -6  0 -4 -3  2 -4 -5 -6 -4 -3 -7 -2 -3    0  65   5   2   0   1   3   0   2   1   3  11   0   0   0   0   2   0   2   2  1.52 inf
  278 E   -6 -5 -5 -4 -9 -3  8 -7 -5 -9 -8 -4 -7 -9 -6 -5 -6 -8 -5 -8    0   0   0   0   0   0  99   0   0   0   0   0   0   0   0   0   0   0   0   0  2.92 inf
  279 C    1 -7 -5 -8 10 -7 -7 -4 -7 -6 -3 -7  2 -6 -7 -2 -1  5 -5 -5   12   0   0   0  62   0   0   2   0   0   2   0   6   0   0   4   4   8   0   0  2.50 inf
  280 A    5 -3 -5 -5 -3 -3 -5 -3 -5 -3  2  1 -2  3 -5 -1 -4  3  1 -3   46   1   0   0   0   1   0   2   0   0  17   8   0  14   0   3   0   3   4   0  0.79 inf
  281 R   -1  8  2 -6 -7 -2 -5 -6 -5 -6 -1  0 -5 -7 -6 -3 -5 -7 -6 -6    5  71  11   0   0   1   0   0   0   0   6   5   0   0   0   2   0   0   0   0  1.89 inf
  282 V   -3 -6 -7 -7 -5 -6 -7 -7 -7  2  6 -6  1  2 -7 -6 -4 -5 -4 -1    2   0   0   0   0   0   0   0   0  12  70   0   3   8   0   0   1   0   0   4  1.44 inf
  283 M   -6 -4 -5 -6 -7  8 -4 -7 -5 -6 -2 -4  8 -5 -7 -6 -6 -7 -6 -6    0   0   0   0   0  60   0   0   0   0   3   0  37   0   0   0   0   0   0   0  2.59 inf
  284 G   -5 -6 -5 -6 -8 -7 -7  8 -7 -9 -9 -5 -8 -8 -7 -5 -5 -2 -8 -8    0   0   0   0   0   0   0  98   0   0   0   0   0   0   0   0   0   1   0   0  2.81 inf
  285 Y   -7 -8 -8 -9 -8 -8 -8 -8 -5 -5 -4 -8 -5  9 -9 -7 -7 -4  5 -6    0   0   0   0   0   0   0   0   0   0   1   0   0  82   0   0   0   0  17   0  3.03 inf
  286 P   -5 -7 -3  0 -8 -4 -1 -5 -7 -8 -8 -6 -8 -9  8 -4 -5 -9 -8 -7    1   0   1   6   0   1   5   1   0   0   0   0   0   0  85   1   0   0   0   0  2.77 inf
  287 D   -3  0 -1  6 -7  0  3 -4 -4 -5 -5  3 -3 -7 -4 -2 -3 -7 -6 -5    2   6   2  44   0   3  19   1   0   0   1  16   1   0   1   3   1   0   0   1  1.12 inf
  288 S   -3 -2  3  5 -4 -1  2 -2 -2 -5 -6 -1 -5 -5 -2  3  1  3 -4 -4    1   2  13  28   0   1  11   2   1   0   0   4   0   0   2  20  10   4   0   1  0.69 inf
  289 Y   -2 -7 -7 -8 -4 -7 -7 -8 -2 -3 -2 -7 -4  9 -8 -7 -6 -1  5 -5    3   0   0   0   0   0   0   0   1   2   3   0   0  73   0   0   0   1  17   0  2.49 inf
  290 K   -3  3 -2 -3 -5  1 -1 -5 -1  3 -2  5 -3 -5 -4 -2 -2 -6 -3  1    1  13   2   1   0   6   3   0   2  16   2  39   0   0   1   1   1   0   1  10  0.72 inf
  291 V   -3 -4 -6 -6 -5 -4 -2 -6 -6  6  2 -2  0  3 -4 -4 -3 -5 -2  0    2   1   0   0   0   1   4   0   0  47  21   3   2  11   1   0   1   0   1   5  0.97 inf
  292 H   -3 -4  0  0 -4 -4 -3 -4  1  0 -5 -1 -5 -6  7 -2 -3 -7 -4  2    1   1   4   5   0   0   1   1   4   5   0   4   0   0  53   2   1   0   1  15  1.33 inf
  293 P   -2 -5  0 -2 -1 -3 -1 -1 -5  2 -2 -3 -1 -4  1 -2 -2 -6 -4  6    2   0   5   2   1   1   4   4   0  11   2   2   1   0   7   3   1   0   0  54  0.82 inf
  294 S    2 -3  1 -2 -5 -4 -4 -3 -5 -6 -7 -2 -6 -7 -1  6 -1 -7 -6 -5   14   1   7   2   0   0   0   1   0   0   0   3   0   0   3  67   2   0   0   0  1.40 inf
  295 T   -3  0  3  6 -6 -1 -1 -4 -1 -2 -3  1 -2 -5 -2 -2 -1 -4  1 -4    2   5  15  44   0   2   3   1   2   3   2   8   1   0   1   2   3   0   6   1  0.85 inf
  296 S    1 -3  1 -4 -1 -2 -3  0 -3 -4 -4  0 -4 -5 -4  3  5 -6 -5 -1   12   1   5   0   1   1   0   8   0   1   1   6   0   0   0  23  35   0   0   3  0.71 inf
  297 Q   -2 -1 -2 -4 -7  8  0 -6  4 -4 -6  0 -5 -7 -3 -1 -2 -6 -4 -5    4   3   2   0   0  61   5   0   9   1   0   5   0   0   1   5   2   0   0   0  1.58 inf
  298 A    5 -5 -4 -6 -1 -2 -5 -3 -5  0  3 -4  2 -4 -5 -1 -2 -6 -5 -2   51   0   0   0   1   1   0   2   0   4  25   1   6   0   0   5   1   0   0   2  0.93 inf
  299 Y   -7  1 -7 -8 -8 -6 -7 -8 -4 -6 -2 -4  0 -1 -8 -7 -7 -1 10 -6    0   7   0   0   0   0   0   0   0   0   4   1   2   1   0   0   0   1  84   0  2.99 inf
  300 K   -4  4 -3 -5 -7 -1 -2 -6 -2 -2 -6  7 -2 -7 -6 -1 -4 -7 -6 -6    1  23   0   0   0   2   2   0   1   2   0  64   1   0   0   4   1   0   0   0  1.71 inf
  301 Q   -6 -1 -5 -6 -8  9 -3 -7 -5 -8 -3 -4 -6 -8 -7 -5 -6 -7 -7 -5    0   3   0   0   0  94   0   0   0   0   3   0   0   0   0   0   0   0   0   1  3.05 inf
  302 F    3 -6 -6 -7  1 -6 -6 -5 -5  1  1 -6 -2  7 -6 -4 -2 -4 -2 -1   22   0   0   0   3   0   0   0   0   9  13   0   1  46   0   1   2   0   0   3  1.22 inf
  303 G   -2 -7 -5 -6 -7 -7 -7  8 -7 -9 -9 -6 -8 -8 -7 -5 -6 -2 -8 -8    2   0   0   0   0   0   0  97   0   0   0   0   0   0   0   0   0   1   0   0  2.76 inf
  304 N   -7 -6  9 -4 -8 -5 -6 -6 -5 -9 -9 -6 -8 -9 -8 -5 -5 -9 -8 -8    0   0 100   0   0   0   0   0   0   0   0   0   0   0   0   0   0   0   0   0  3.42 inf
  305 S    2 -6 -4 -5 -6 -5 -5 -4 -6 -7 -7 -5 -6 -7 -6  7 -2 -8 -7 -6   12   0   0   0   0   0   0   0   0   0   0   0   0   0   0  86   1   0   0   0  2.17 inf
  306 V   -5 -7 -8 -8 -5 -7 -7 -8 -8  1 -3 -7  1 -5 -7 -6 -5 -8 -6  8    0   0   0   0   0   0   0   0   0   5   0   0   3   0   0   0   0   0   0  91  2.38 inf
  307 V    3 -5 -5 -5  5 -5 -5 -5 -5  0 -4 -5 -4 -5 -1  1  2 -6 -5  4   24   0   0   0  12   0   0   0   0   3   0   0   0   0   3  13  15   0   0  31  0.84 inf
  308 I   -4 -6 -7 -7 -5 -6 -7 -7 -7  3 -3 -6  2 -5 -2 -5 -3 -7 -4  7    1   0   0   0   0   0   0   0   0  15   0   0   5   0   2   0   1   0   0  75  1.85 inf
  309 N   -4 -6  3  1 -7 -4 -4 -6 -6 -7 -6 -3 -7 -8  8 -1 -2 -8 -7 -6    1   0  13   8   0   1   1   0   0   0   1   1   0   0  69   4   2   0   0   0  2.13 inf
  310 V    0 -6 -7 -7  0 -6 -6 -7 -7  1  0 -6  4 -5 -5 -5 -3 -7 -5  7    8   0   0   0   2   0   0   0   0   5   8   0   9   0   0   0   1   0   0  68  1.52 inf
  311 L   -3 -7 -7 -7 -5 -6 -7 -7 -7  7  0 -6  2  1 -6 -4 -4 -6 -4  4    2   0   0   0   0   0   0   0   0  58   5   0   5   7   0   1   0   0   0  23  1.51 inf
  312 Q    0  3 -1 -1 -4  3  3 -3  1 -3 -5  4 -4 -5 -4 -1 -1 -5 -2 -4   10  13   2   3   0  15  18   1   3   1   0  25   0   0   0   3   4   0   1   0  0.62 inf
  313 Y    5  3 -2 -2 -5  0  2 -4 -1 -4 -2  0 -4 -3 -4  0 -3 -6 -2 -4   48  15   2   1   0   3  12   0   2   1   4   5   0   1   0   5   0   0   1   0  0.72 inf
  314 I   -4 -7 -7 -7 -2 -6 -7 -7 -7  7  1 -6 -2 -4 -6 -5  0 -6 -5  4    1   0   0   0   1   0   0   0   0  55  10   0   0   0   0   0   5   0   0  28  1.53 inf
  315 A    7 -6 -6 -6 -5 -5 -5  0 -6 -1 -3 -5 -2 -5 -5 -1 -2 -6 -2 -2   79   0   0   0   0   0   0   6   0   3   2   0   1   0   0   3   2   0   2   2  1.57 inf
  316 Y   -2  2  1  0 -5  2  3 -2 -1 -2 -3  4 -4 -5 -4 -1 -2 -2 -3 -4    1  10   8   4   0   8  23   3   1   3   2  28   0   0   0   5   1   1   1   1  0.58 inf
  317 N    0 -1  3 -2 -4  4  3 -4 -1 -3 -2  3 -3 -4 -4  0 -3 -5 -3 -3    8   3  15   0   0  20  20   0   1   2   5  17   0   0   0   6   0   0   0   2  0.58 inf
  318 I   -5 -6 -7 -7 -5 -6 -5 -7 -7  6  2 -6  6 -3 -7 -6 -4 -6 -5  2    0   0   0   0   0   0   1   0   0  51  15   0  22   1   0   0   0   0   0  11  1.58 inf
  319 G    0 -1 -3 -3 -2 -2 -2 -2 -3  3  2  2  0  0 -4 -1 -2 -4  0  1    9   3   1   1   0   1   2   3   0  18  18  18   1   4   0   3   1   0   4  12  0.22 inf
  320 S   -1  0  1  1 -5  0  3 -4 -2 -3 -3  5 -3 -4  1  0 -2 -5 -2 -3    3   4   6   7   0   2  20   0   0   1   2  36   0   0   8   5   1   0   1   1  0.60 inf
  321 S    3 -1 -1 -3 -2  2 -2 -3  3 -1 -1 -1 -2 -2 -3  0  1 -4  2  1   24   3   2   0   1  10   1   1   7   2   5   4   0   1   0   8  10   0   8  12  0.25 inf
  322 L   -5 -6 -7 -6 -5 -6 -6 -7 -6  5  5 -6  2 -1 -6 -6 -4 -5 -4 -1    0   0   0   0   0   0   0   0   0  28  64   0   5   2   0   0   0   0   0   1  1.46 inf
  323 N   -3 -2  5  4 -5 -1  1 -3  0 -3 -4  3 -4 -5 -4  1 -2 -5  0 -4    0   0  26  23   0   0   7   0   2   2   1  24   0   0   0   9   1   0   3   1  0.73 inf
  324 F   -1 -2  0 -2 -2 -2 -1 -1  2  1  2  0  1  2 -3 -1 -1 -2  2  0    4   0   5   2   1   0   2   5   6  10  21   9   6   8   0   5   2   0  11   3  0.10 inf
  325 K   -2  1 -1 -2 -5  2  3 -3  0 -4 -3  5  0 -5 -3  0 -2 -4 -3 -4    0   2   1   0   0  10  26   1   2   0   1  49   3   0   0   5   0   0   0   0  0.78 inf
  326 P   -2 -1  0 -1 -4  2  2 -3 -2 -4 -4  3 -3 -4  5 -1  2 -4 -3 -3    0   0   3   0   0  12  13   0   0   0   0  28   0   0  29   0  15   0   0   0  0.70 inf
  327 Y   -3 -3 -3 -4 -3 -2 -3 -4  3 -2 -1 -3 -1  5 -4 -3 -2  1  7 -2    0   0   0   0   0   0   0   0   7   0   0   0   0  32   0   0   0   0  61   0  1.00 inf

                      K         Lambda
Standard Ungapped    0.1390     0.3201
Standard Gapped      0.0535     0.2670
PSI Ungapped         0.1749     0.3140
PSI Gapped           0.0535     0.2670
