
Last position-specific scoring matrix computed, weighted observed percentages rounded down, information per position, and relative weight of gapless real matches to pseudocounts
           A  R  N  D  C  Q  E  G  H  I  L  K  M  F  P  S  T  W  Y  V   A   R   N   D   C   Q   E   G   H   I   L   K   M   F   P   S   T   W   Y   V
    1 I   -3 -5 -5 -5 -3 -4 -5 -6 -5  6  0 -4  3 -2 -5 -4 -2 -5 -3  4    0   0   0   0   0   0   0   0   0  53   1   0   8   0   0   0   0   0   0  38  1.15 inf
    2 K   -4  2 -3 -4 -6  2 -2 -5 -3 -6 -5  7 -2 -6 -4 -3 -4 -6 -5 -5    0   9   0   0   0  10   0   0   0   0   0  79   1   0   0   0   0   0   0   0  1.70 inf
    3 W   -7 -7 -8 -9 -7 -6 -7 -7 -7 -7 -6 -7 -6 -3 -8 -7 -7 13 -2 -7    0   0   0   0   0   0   0   0   0   0   0   0   0   0   0   0   0 100   0   0  4.96 inf
    4 K   -2  2  1  0 -3  1  0 -3  1 -2 -3  2  0 -4 -3  0  4 -4 -1 -2    0  12   7   5   0   7   5   0   3   2   1  17   3   0   0   5  31   0   2   1  0.41 inf
    5 F   -3 -3 -2 -4 -4  3 -2 -4 -3 -3 -4 -3 -3  2 -4  1  6 -4  3 -2    0   0   0   0   0  13   1   0   0   0   0   0   0  10   0   8  54   0  11   2  0.98 inf
    6 L   -4 -5 -7 -7 -4 -5 -6 -7 -6 -1  6 -6  1  0 -6 -6 -4 -5 -4 -2    0   0   0   0   0   0   0   0   0   0  95   0   2   3   0   0   0   0   0   0  1.75 inf
    7 E   -3 -1 -3 -1 -3  2  6 -5 -2 -2 -4 -1 -3 -5 -4 -1 -3 -5 -4  1    0   3   0   0   1   8  65   0   0   2   1   3   0   0   0   4   1   0   0  11  1.10 inf
    8 H   -6 -4 -3 -5 -7 -3 -4 -6 11 -7 -7 -5 -6 -5 -6 -5 -6  0 -2 -7    0   0   0   0   0   0   0   0  99   0   0   0   0   0   0   0   0   1   0   0  3.66 inf
    9 K   -2  3  7 -2  0 -1 -2 -3  2 -6 -5  3 -3 -5 -4 -1 -3 -6 -4 -5    2  14  52   0   2   1   1   0   5   0   0  19   1   0   0   4   0   0   0   0  1.14 inf
   10 G   -2 -6 -4 -5 -6 -5 -5  7 -5 -7 -7 -5 -6 -7 -5 -4 -5 -6 -6 -7    1   0   0   0   0   0   0  99   0   0   0   0   0   0   0   0   0   0   0   0  2.43 inf
   11 P   -3 -5 -5 -5 -4 -5 -5 -6 -6  1 -1 -5  2 -4  6 -4 -3 -6 -5  5    0   0   0   0   0   0   0   0   0   6   3   0   4   0  37   0   0   0   0  49  1.37 inf
   12 V   -2 -3 -4 -5 -1 -3 -4 -5 -1  3  3 -2  3  0 -4 -3 -1  0  3  2    2   1   0   0   1   0   0   0   1  19  25   2  11   1   0   1   3   1  14  17  0.50 inf
   13 F   -6 -7 -7 -7 -6 -7 -7 -7 -5 -3 -2 -7 -1  9 -7 -6 -6 -3  0 -4    0   0   0   0   0   0   0   0   0   0   2   0   1  97   0   0   0   0   0   0  2.86 inf
   14 A    3 -5 -5 -3 -5 -3 -3 -4 -5 -5 -5 -4 -5 -3  7 -2 -1 -6 -5 -1   31   0   0   1   0   1   1   0   0   0   0   0   0   1  56   2   3   0   0   4  1.57 inf
   15 P   -2 -5 -5 -2 -6 -4  0 -4 -5 -6 -6 -4 -6 -7  8 -3 -4 -7 -4 -6    3   0   0   2   0   0   6   1   0   0   0   0   0   0  85   1   1   0   1   0  2.53 inf
   16 P    1 -4 -3  0 -5 -1  3 -4 -4 -4 -1 -3 -4 -3  6 -2 -2 -5 -2 -4   13   0   1   5   0   1  19   0   0   0   8   0   0   1  47   1   1   0   2   0  1.08 inf
   17 Y   -6 -6 -4 -7 -6 -5 -6 -7  1 -5 -5 -6 -5  0 -7 -6 -6  1 10 -5    0   0   1   0   0   0   0   0   2   0   0   0   0   1   0   0   0   2  94   0  3.08 inf
   18 E   -2 -2 -1 -1 -4  2  6 -3 -2 -3 -4  2 -3 -4 -3 -2  0 -4 -3 -1    2   1   1   1   0   9  54   1   0   2   1  14   0   0   1   1   6   0   0   5  0.87 inf
   19 P   -1  1 -3 -3 -4 -3 -3 -4 -4 -4 -3 -3 -4 -4  8 -1 -2 -4 -4 -2    6   8   1   1   0   1   1   1   0   1   2   1   0   1  70   3   2   0   0   3  1.75 inf
   20 L   -2 -2 -3 -3 -2 -1 -2 -3 -3  0  5 -2  0 -1 -2 -2 -2 -2 -2  1    2   1   1   2   1   2   2   2   1   3  60   2   1   2   2   2   2   0   1  11  0.56 inf
   21 P   -2 -3 -3 -2 -3  0 -2 -2 -3 -3 -3 -1 -3 -3  7 -1 -2 -3 -3 -3    3   1   1   1   1   4   2   4   1   1   2   4   1   1  65   4   2   0   1   2  1.51 inf
   22 E   -2  0 -1  0 -5 -1  2 -3  8 -4 -5  3 -4 -5 -1  1 -3 -5 -2 -4    2   3   1   6   0   1  13   1  36   1   0  22   0   0   2  11   0   0   0   1  0.93 inf
   23 N   -2 -3  4  2 -4  0 -2  4  4 -5 -5 -2 -4 -5 -4  0 -2 -5 -1 -5    1   0  25  13   0   4   1  30  12   0   0   2   0   0   0   7   2   0   2   0  0.79 inf
   24 V   -3 -5 -6 -6 -4 -5 -6 -6 -6  4 -2 -3 -1 -3 -4 -5 -3 -6 -4  7    1   0   0   0   0   0   0   0   0  18   1   1   1   1   1   0   1   0   0  76  1.55 inf
   25 K   -3  1 -1 -3 -2  2 -2 -3  4 -4 -4  5 -3 -4  3 -2 -1 -5 -3 -4    1   5   1   0   1   8   0   1   9   1   1  48   0   0  16   1   3   0   1   1  0.88 inf
   26 F   -3 -5 -5 -6 -4 -5 -5 -6 -4  3  3 -5  6  6 -4 -5 -3 -3 -1  0    1   0   0   0   0   0   0   0   0  16  24   0  20  34   1   0   0   0   0   4  1.06 inf
   27 Y   -3  0 -3 -4 -3 -3 -2 -4  0  0  2  3  0  3 -4 -3 -2 -1  5 -1    0   5   0   0   0   0   1   0   1   6  24  20   2  11   0   0   2   0  23   2  0.54 inf
   28 Y   -5 -5 -6 -7 -4 -5 -6 -7  0 -1 -4 -6 -3  0 -7 -4 -5 -1 10 -2    0   0   0   0   0   0   0   0   1   4   0   0   0   1   0   1   0   0  89   3  2.73 inf
   29 D   -3 -1  4  6 -6 -1  0 -3 -2 -4 -6  2 -2 -6 -3 -2 -3 -6 -5 -5    1   2  18  54   0   2   2   1   1   1   0  16   1   0   1   0   0   0   0   0  1.23 inf
   30 G   -2 -2 -1 -4 -5 -4 -2  7 -5 -6 -6 -3 -5 -6 -5 -1 -4 -5 -6 -2    0   2   3   0   0   0   2  83   0   0   0   1   0   0   0   4   0   0   0   4  1.72 inf
   31 K   -2  1 -1 -2  2  2  2 -4 -1 -1 -4  5 -3 -5  0 -1  0 -5 -4  0    1   5   3   1   5  11  11   0   1   3   0  43   0   0   4   2   5   0   0   7  0.59 inf
   32 V   -1 -2 -2 -2 -5 -2  1 -4 -3 -1 -3  0 -4 -4  7 -2  0 -6 -5 -1    6   2   1   2   0   1   8   0   1   5   2   6   0   0  53   2   7   0   0   4  1.12 inf
   33 M   -3 -4  1 -5 -3 -4 -5 -5 -4  3  1 -4  5  0 -5 -4 -3 -4 -2  5    0   0   7   0   0   0   0   0   0  17   7   0  17   3   0   0   0   0   1  46  0.90 inf
   34 K   -1  1  1  3 -4  1  2 -3  0 -3 -3  2 -2 -3 -2  0  2  2 -2 -2    2   5   7  18   0   6  13   0   2   0   1  17   0   1   1   6  13   3   0   4  0.33 inf
   35 L   -2 -5 -6 -6 -4 -5 -5 -6 -5 -1  6 -5  2 -2 -5 -5 -1 -5 -4 -2    4   0   0   0   0   0   0   0   0   1  86   0   4   1   0   0   4   0   0   0  1.46 inf
   36 S    0 -3  1 -1 -3 -2 -2 -3  2 -3 -3 -2 -3 -4  3  3  4 -5 -4 -1    5   1   6   3   0   0   1   1   5   0   2   2   0   0  16  24  32   0   0   3  0.61 inf
   37 P   -2 -2 -3 -3 -5 -2  0 -2 -3 -2  1 -2 -2 -1  7 -1 -2 -3 -4 -2    2   1   1   1   0   1   8   4   0   2  15   2   0   3  50   4   1   0   0   3  0.98 inf
   38 K    0  0  0  2 -5  1  5 -3  1 -3 -2  0  1 -1 -2 -2 -2 -4 -1 -2    8   4   3   9   0   4  47   1   3   1   4   4   4   3   1   1   0   0   2   2  0.56 inf
   39 A    4 -2 -2 -1 -3  4  0 -3 -3 -2 -2  1 -3 -4 -3  1  1 -5 -4 -1   37   0   0   4   0  25   4   0   0   2   2   6   0   0   0   9   7   0   0   3  0.54 inf
   40 E   -4 -2 -3 -2 -6 -1  7 -5 -3 -5 -5  1 -5 -6 -4 -3 -4 -6 -5 -2    0   1   0   0   0   0  85   0   0   0   0   7   0   0   0   0   0   0   0   4  1.81 inf
   41 E   -3  0 -3  0 -6 -1  7 -5 -3 -6 -6 -2 -5 -6 -4 -3 -4  3 -5 -5    1   5   0   4   0   1  83   0   0   0   0   1   0   0   0   0   0   4   0   0  1.77 inf
   42 V    0 -4 -4 -5 -1 -4 -4 -3 -5  3  0 -3  2 -3 -1 -3 -2 -5 -3  5    8   0   0   0   1   0   0   2   0  16   6   2   5   0   4   1   0   0   0  55  0.78 inf
   43 A    6 -4 -4 -4  2 -3 -3 -2 -1 -1 -3 -3 -1 -4  0  0 -2 -5 -4 -1   73   0   0   0   4   0   0   1   2   3   2   0   1   0   4   5   0   0   0   3  1.04 inf
   44 T   -2 -3 -1 -3  0 -2 -3  3 -2 -3 -3 -3  3 -3 -3  1  5 -1  1 -2    0   0   2   0   2   1   0  20   1   0   1   0   8   0   0   7  48   1   6   1  0.75 inf
   45 F   -2 -4 -4 -5 -4 -1 -4 -4 -2 -1  0 -4  4  7 -1 -3 -3  1  3 -3    4   0   0   0   0   3   0   1   1   2   6   1  13  52   3   1   0   2   9   0  1.08 inf
   46 F   -3 -4 -5 -5 -4 -4 -5 -5 -3 -3 -3 -5 -1  6 -5 -4 -4  8  6 -4    2   0   0   0   0   0   0   1   0   0   1   0   2  40   0   1   0  19  31   0  1.76 inf
   47 A    5 -3 -3 -3  2 -3 -3  3 -4 -3 -3 -3 -3 -4  0  1 -2 -4 -4 -1   57   0   0   0   4   0   0  18   0   0   1   0   0   0   4   7   0   0   0   5  0.80 inf
   48 K    2  1 -1 -2 -3  2 -1 -1 -2 -2 -2  3  0 -3 -2  1  0 -4 -3  1   24   5   1   1   0  11   1   3   1   0   1  21   2   1   0   9   5   0   0  14  0.27 inf
   49 M   -2 -2 -3 -1 -3 -2 -3 -4 -3  0  1  0  8 -2 -4  0 -1 -4  0  0    1   2   0   4   0   1   0   1   0   5  10   6  48   0   0   8   3   0   3   6  0.90 inf
   50 L   -3  1 -4 -3 -3 -3 -3 -3 -4  2  4  1  1 -2 -2 -3 -2 -2 -3 -1    1   7   0   1   0   0   0   2   0  13  53  12   4   1   1   1   1   0   0   2  0.55 inf
   51 D   -2 -2  2  5 -4 -1  3  1  2 -4 -4 -1 -3 -4  0 -1 -2 -4 -3 -4    1   1  10  32   0   1  20  12   7   0   2   2   1   0   5   3   1   0   0   0  0.61 inf
   52 H   -1 -1 -2 -2 -3 -1 -2 -2  5 -3 -3 -1 -3 -4 -3  2  5  2 -2 -2    3   2   0   1   0   2   0   3  18   0   2   4   0   0   0  19  39   3   0   2  0.73 inf
   53 E   -1 -3  1  5 -4  1  3 -3  1 -4 -4 -1 -4 -4  2 -1 -1 -5 -4 -3    3   0   5  38   0   7  22   1   4   0   1   2   0   0  10   2   4   0   0   2  0.74 inf
   54 Y   -4 -3 -1 -4 -1 -1 -1 -3  6 -4 -2 -1 -3  1 -2 -3 -4  4  7 -3    1   0   3   0   1   2   4   2  21   0   3   3   0   3   3   1   0   5  46   1  1.27 inf
   55 T    2 -2  0 -2  2 -2  0 -1 -2  0  0 -1  1 -2 -2  0  2 -3  1  1   22   0   5   0   4   0   7   3   0   3  12   3   4   0   1   3  15   0   5  11  0.13 inf
   56 T   -2  0  1 -1 -3  3  2 -2  3 -3 -3  2 -2 -3 -3  0  3 -4 -3 -2    2   4   6   2   0  16  13   1   8   1   1  13   0   1   0   7  23   0   0   2  0.39 inf
   57 K   -2  0  4  2 -4 -1 -2 -1 -2 -3 -3  5 -1 -4 -3 -1 -2 -4 -4 -2    2   2  26   9   0   1   1   4   0   1   2  39   2   0   0   4   1   0   0   4  0.68 inf
   58 E   -1  0 -2  1 -4  0  4 -3 -3 -3 -4  0 -3 -4  5 -1 -1 -4 -4 -3    5   6   1   7   0   2  29   1   0   1   1   6   0   0  33   2   2   0   0   2  0.80 inf
   59 I   -1  0 -2 -3 -1  0 -2 -3 -3  3  0  1  0 -2 -3 -2  2 -4 -3  3    5   4   1   0   1   4   2   1   0  23   4  10   1   0   0   1  17   0   0  24  0.31 inf
   60 F   -4 -5 -5 -5 -4 -5 -5 -5 -3 -3 -2 -5 -3  8 -5 -2 -4 -2  3 -1    1   0   0   0   0   0   1   1   0   0   1   0   0  78   0   4   1   0   6   5  1.97 inf
   61 R   -3  4  4 -2  1  4 -2 -3 -2  0 -3  0 -3 -1 -3 -1 -2 -4 -2 -1    1  24  22   0   3  23   0   1   0   7   2   4   0   3   0   2   1   0   1   4  0.58 inf
   62 K   -2  1  2  0 -4  0  1 -3 -1 -4 -2  5 -3 -4  1 -1 -1 -4 -3 -3    2   7  10   6   0   3  10   1   1   0   4  42   0   0   7   2   3   0   1   1  0.55 inf
   63 N   -4 -4  8 -2 -6  0 -3 -4 -3 -6 -6 -3 -5 -6 -1 -1 -3 -6 -5 -6    0   0  87   0   0   3   0   0   0   0   0   0   0   0   3   3   0   0   0   0  2.22 inf
   64 F   -2 -5 -5 -6 -5 -5 -5 -5 -4 -3  0 -5 -3  9 -6 -5 -4 -2  0 -2    5   0   0   0   0   0   0   0   0   0   7   0   0  81   0   0   0   0   1   3  2.06 inf
   65 F   -3 -2 -4 -5 -4 -4 -3 -5 -4 -1 -2 -3  2  8 -5 -1 -3  7  0 -2    1   2   0   0   0   0   2   1   0   3   2   1   5  60   0   5   2  13   0   1  1.45 inf
   66 K    1  1  2  1 -3  0  1 -1  1 -3 -3  2 -1 -3 -2  1  0 -3 -2 -2   11   7  14   7   0   4  10   2   4   1   1  15   2   0   0  13   6   0   1   1  0.25 inf
   67 D    0 -3 -1  7 -4 -1  0 -1 -3 -4 -4 -3 -4 -3 -3  0 -1 -5 -4 -2    7   1   0  63   0   2   4   3   0   1   1   1   0   1   1   8   3   0   0   3  1.13 inf
   68 W   -4 -4 -5 -5 -4 -4 -5 -2 -4 -2  0 -4 -3  7 -5 -4 -4  9  0 -3    1   1   0   1   0   0   1   4   0   2   8   1   0  47   1   1   1  32   0   1  1.84 inf
   69 R   -1  4 -1 -2 -2  1 -1 -3  0 -1  0  3  0 -3 -3  0 -1 -3 -3 -2    4  31   2   1   1   7   1   1   2   5  10  18   2   0   1   9   4   0   0   2  0.38 inf
   70 K    0  1  0  0 -2  2  2 -2 -1 -3 -2  4 -2 -4 -1  0 -1 -4 -2 -2    7   5   4   5   1   7  16   2   1   1   4  33   0   0   2   5   3   0   1   1  0.35 inf
   71 E   -1 -2  0 -2  0 -1  2 -3 -2  2  0  0  0 -2 -3  0  1 -3  0  2    4   1   4   0   2   1  20   0   1  12   9   5   2   1   0   5   9   0   3  21  0.18 inf
   72 M   -3 -4 -4 -5  0 -4 -5 -5 -3  1  4 -4  7  2 -5 -3 -3 -4 -1 -1    1   0   1   0   2   0   0   0   1   5  46   0  30   8   0   2   0   0   1   3  1.03 inf
   73 T   -2 -1  0  0 -4 -1 -1  2 -3 -3 -2  2 -3 -4  3  0  3 -4 -4 -2    1   1   5   4   0   1   3  19   0   0   3  15   0   0  14   4  27   0   0   2  0.44 inf
   74 N    0 -1  0  1 -3  0  1 -1  0 -2 -2  3  0 -3  2  1 -1 -3 -3 -1    9   1   4   8   0   1  12   3   2   1   3  22   3   0  11  11   3   0   0   5  0.24 inf
   75 E    0  1 -1  1 -2  1  2  2  0 -3 -2  1 -1 -3 -2  0 -1 -3 -3 -2    7   7   1   9   1   7  20  21   2   1   3   9   2   1   1   6   3   0   0   2  0.26 inf
   76 E   -2  0  2  1 -1  1  4 -2  2 -4 -3  2 -3 -1 -1 -1 -1 -4 -3 -3    1   4  13   6   1   5  34   2   6   0   1  14   0   4   2   3   3   0   0   1  0.48 inf
   77 K   -1  4  2 -2 -4  1 -1  1  0 -4 -3  3 -2 -3  0 -1 -1 -4 -3 -3    3  25  13   1   0   6   1  12   1   1   3  24   1   1   4   2   2   0   0   1  0.49 inf
   78 N   -1 -1  1 -1 -1 -1  1 -2  5  1 -2  1 -1 -1 -2  0  0 -3 -1  1    5   2   7   2   1   1  10   3  19   9   2  10   1   2   1   6   5   0   1  14  0.19 inf
   79 I   -1  0  0  1 -2  0  0 -3  0  1  0  1  0 -1  0 -1  0 -3 -1  1    5   4   3   9   0   3   6   1   2  12   9  15   1   1   4   3   6   0   2  14  0.07 inf
   80 I   -3 -3 -2 -4 -3 -4 -4 -3 -4  7 -1 -2 -1 -1 -3 -3 -3 -4 -3  2    1   2   2   1   0   0   1   2   0  70   3   3   1   2   1   2   1   0   0   8  1.14 inf
   81 T   -2  0 -1 -2  1  2  0 -3 -2 -3 -2  5 -1 -2 -3 -1  3 -4 -3 -2    2   4   1   1   3  10   3   1   0   1   4  39   1   2   0   4  21   0   0   2  0.54 inf
   82 N   -2 -1  2  4 -1  0  2 -3  1 -4 -4  2 -3 -4 -3  2  0 -4 -3 -3    2   2  10  26   1   2  15   0   4   0   1  13   0   0   0  16   4   0   0   1  0.51 inf
   83 L   -4 -4 -5 -5 -4 -4 -5 -5 -4  0  4 -5  1  6 -5 -4 -4  1  1 -2    0   0   0   0   0   0   0   0   0   3  46   0   2  38   0   0   0   2   4   1  1.17 inf
   84 S   -1 -1  0  4 -4  0  3 -2  0 -4 -4  2 -3 -4 -3  1 -1 -4 -4 -3    5   2   4  31   0   2  21   2   2   0   1  13   0   0   1  13   4   0   0   1  0.58 inf
   85 K   -2  0 -2  3 -5 -1 -1 -3 -1 -4  0  6 -3 -2 -3 -2 -3 -5 -3 -4    2   3   1  14   0   1   3   1   1   0   9  58   0   2   0   2   0   0   1   0  0.90 inf
   86 C   -2 -5 -5 -6 10 -5 -6 -5 -5  1 -1 -5  0 -1 -5 -4 -4 -5 -5 -1    3   0   0   0  71   0   0   0   0   8   7   0   2   2   0   0   0   0   0   3  2.35 inf
   87 D   -4 -4  3  8 -6 -3 -1 -4 -4 -6 -6 -4 -5 -6 -4 -3 -4 -6 -5 -6    0   0  14  80   0   0   1   0   0   0   0   0   0   0   0   0   0   0   0   0  2.05 inf
   88 F   -5 -6 -6 -6 -5 -6 -6 -6 -4 -3 -3 -6 -1  9 -6 -5 -5  0  0 -4    0   0   0   0   0   0   0   0   0   1   0   0   1  92   0   0   0   1   0   0  2.65 inf
   89 T   -1  2 -1 -1 -1  1 -1 -1 -2 -3 -3  1 -1 -4 -3  3  4 -1 -3 -3    1  14   2   3   1   5   3   4   0   0   1   9   2   0   0  24  28   1   1   1  0.45 inf
   90 Q   -1 -1 -2  1 -4  0  3 -4  0 -3 -1  2 -3 -4  5 -2 -2 -4 -3 -3    5   2   1   6   0   4  22   0   3   1   6  16   0   0  30   1   2   0   1   1  0.66 inf
   91 M   -1 -4 -5 -5 -3 -4 -5 -5 -5  6  0 -4  6 -2 -4 -4 -3 -4 -3  0    5   0   0   0   0   0   0   1   0  60   2   0  25   1   0   0   0   0   0   2  1.30 inf
   92 S   -1  0 -1 -2 -2 -2 -3 -3  5 -3 -3  1 -3  4 -4 -1 -3  1  6 -2    7   5   2   1   1   1   0   1  18   0   1   8   0  18   0   4   0   2  28   2  0.72 inf
   93 Q    1  1  2  2 -3  1  3 -2 -1 -3 -3  1 -1 -4 -2 -1 -1 -4 -3 -2   16   7  10  13   0   7  25   1   1   1   1   8   1   0   0   3   4   0   0   1  0.37 inf
   94 Y   -4 -2 -3 -4 -5 -3 -4 -5  7 -3 -2 -3  0  1 -5 -4 -4  6  7 -4    1   2   1   0   0   0   0   1  24   2   3   1   2   4   0   0   0  12  45   0  1.56 inf
   95 F   -2 -3 -3 -3 -1 -2 -3 -4  3  0  2 -2 -1  5 -2 -3 -3  4  3  0    2   0   1   1   1   1   0   1   9   3  24   2   0  26   2   1   0   6  12   6  0.54 inf
   96 K   -1 -1 -1  3 -3  2  3 -3 -2 -1  0  1  1 -2 -3 -1 -1 -4 -3  0    2   1   2  18   1   9  24   1   0   2  12   9   5   1   0   3   2   0   0   7  0.30 inf
   97 A    2  1  0  1 -1  2  2 -1 -2 -2 -2  1  0 -4 -3  0 -1 -4 -3 -2   25  10   3   7   1  12  15   2   0   1   4  10   4   0   0   4   2   0   0   1  0.27 inf
   98 Q   -2  0 -2  0 -3  4  4 -4 -2 -3  0  3 -2 -3 -3 -1 -2 -4 -3 -3    1   4   0   4   0  20  33   0   0   1   9  21   1   1   0   2   1   0   0   1  0.63 inf
   99 T    0  4 -1 -3 -4  0 -2 -3 -2 -3 -3  5 -1 -4 -3  1  0 -4  0 -2    7  24   2   0   0   2   0   1   0   1   1  38   1   0   0  12   4   0   3   2  0.64 inf
  100 E    0 -2 -2  1 -5  2  6 -4 -3 -3 -3  0 -4 -3 -1 -2 -2 -5 -4 -3   10   0   1   6   0   7  61   0   0   1   2   4   0   1   3   1   1   0   0   1  0.97 inf
  101 A    2  1 -1 -1 -3  1  3 -3 -2  0 -1  3 -2 -4  0 -1 -1 -4 -3 -2   18   7   2   3   0   5  22   0   0   6   5  23   1   0   4   1   1   0   0   2  0.32 inf
  102 R   -3  5  0 -2 -5 -1 -2 -4 -3 -3 -4  6 -4 -5 -4 -3 -2  0 -2 -3    0  28   5   1   0   1   0   0   0   1   0  56   0   0   0   0   1   1   1   1  1.19 inf
  103 K   -1  3  0 -2 -5 -1 -1 -4 -3 -4 -2  6 -3 -5 -3 -2 -2 -5 -4 -3    3  11   4   2   0   1   3   0   0   0   5  66   0   0   0   2   1   0   0   1  1.09 inf
  104 Q    3 -1  3  0 -3  2  0  0 -1 -3 -2 -1  0 -4 -3  1 -1 -4 -3 -2   30   1  19   4   0  13   5   5   1   0   4   2   3   0   0   9   3   0   0   1  0.36 inf
  105 M   -1  2 -1 -2 -3  0 -3 -4 -3  0  3  0  6 -2 -3 -2 -2 -3 -3  0    5  14   3   2   0   3   0   1   0   3  28   4  28   0   0   2   2   0   0   4  0.51 inf
  106 S    0 -1  0 -2 -3 -2 -1 -2 -3 -3 -3 -1 -3 -4  3  4  4 -4 -3 -2    4   3   3   0   0   0   2   1   0   0   2   3   0   0  14  34  29   0   0   3  0.63 inf
  107 K    1  1 -1 -1 -4 -1  0 -2  1 -2 -2  5 -3 -4  1  1  1 -4 -3 -3   11   7   1   4   0   1   3   1   3   2   4  40   0   0   8   8   7   0   0   1  0.44 inf
  108 E    2 -2 -1  0 -4  0  6 -1 -1 -4 -4 -1 -3 -2 -3 -1 -2 -4 -2 -3   18   0   2   3   0   3  55   4   1   0   1   2   1   1   0   4   1   0   1   1  0.80 inf
  109 E   -1 -1 -3  0 -5  1  7 -3 -3 -5 -5  0 -2 -1 -3 -3 -3 -4  0 -4    5   2   0   3   0   4  71   2   0   0   1   4   1   2   0   0   0   0   3   0  1.23 inf
  110 K   -3  2 -3 -3 -5 -1 -1 -4 -3 -5 -4  7 -4 -5 -3 -3 -3 -4 -1 -4    1  11   0   0   0   0   3   1   0   0   1  77   0   0   0   1   1   0   2   1  1.50 inf
  111 L   -1  1 -1 -1 -4  3  2 -3 -2 -3  0  5 -2 -4 -3 -2 -2 -4 -3 -2    5   5   1   2   0  14  11   1   0   0   9  46   1   0   0   1   1   0   0   2  0.67 inf
  112 K    3  1 -2 -2 -3  1  2 -2 -2 -2 -2  3 -2 -4  0 -1 -2 -4 -3 -1   32   9   1   0   0   7  12   1   0   2   2  23   0   0   4   1   1   0   0   4  0.40 inf
  113 I    0 -1 -2 -2 -3 -1  2 -4 -3  3  3  0  0 -2 -3 -2 -2 -3 -3  0   10   2   2   1   0   3  17   1   0  23  30   5   1   0   0   1   1   0   0   2  0.33 inf
  114 K   -2  2 -3 -4 -5  0 -2 -2 -3 -2 -3  7  0 -5 -4 -2 -3 -5 -4 -4    2   9   0   0   0   2   0   2   0   2   3  72   2   0   0   2   1   0   0   0  1.35 inf
  115 E    2 -1 -2  0 -4  2  5 -4 -3 -3 -2  2 -2 -5 -3 -2 -2 -5 -4 -3   16   2   1   3   0   7  46   0   0   1   4  13   1   0   0   1   2   0   0   1  0.73 inf
  116 E    1 -1 -2  0 -2  2  5 -3 -3  0 -2  2 -2 -4 -3 -2 -2 -5 -4 -2   10   2   1   3   1   9  47   1   0   5   4  11   1   0   0   1   2   0   0   2  0.66 inf
  117 N   -1  4  3 -1 -5  0  0 -4 -3 -5 -4  5 -1 -5 -4 -2 -2  1 -4 -4    4  21  14   2   0   2   6   0   0   0   0  42   2   0   0   1   2   2   0   0  0.83 inf
  118 E    0 -1  0  4 -4  0  4 -2 -2 -4 -2  1 -1 -4 -2 -1 -1 -4 -1 -4    9   2   2  22   0   3  34   2   0   0   5  10   2   0   1   3   2   0   2   0  0.54 inf
  119 K    1  0 -2  0 -4  2  3 -3 -2 -3 -2  4 -1 -4 -3 -1 -2 -4  0 -2   15   4   1   3   0   8  23   1   0   1   4  27   2   0   0   4   1   0   3   2  0.42 inf
  120 L    0  0 -2 -1 -1  2  1 -3 -2  1  2  0  1  0 -3 -2 -1 -3 -2 -1    7   5   2   2   2  11  13   0   0  11  27   6   3   4   0   1   3   0   1   2  0.18 inf
  121 L   -1  0 -2  1 -2  3  5 -3 -2 -2 -1  0 -1 -4 -3 -2 -2 -4  0 -1    6   3   0   8   1  14  39   2   0   2   6   6   1   0   0   1   1   0   3   6  0.51 inf
  122 K    1  0  0  0 -4  1  4 -2  2 -3 -1  2 -2 -1 -3 -1 -1 -4 -1 -3   15   2   5   3   0   7  29   1   4   0   8  14   0   4   0   3   2   0   2   1  0.34 inf
  123 E   -3  2 -2 -2 -5  0  3 -4  0 -3 -3  4 -2 -2  5 -2 -1 -5 -2 -4    1   9   1   2   0   2  18   0   2   2   2  27   1   2  27   1   3   0   1   0  0.75 inf
  124 Y   -5 -5 -2 -6 -2 -5 -5 -6  1 -4 -2 -5  0  4 -6 -3 -5  3  8 -2    0   0   2   0   1   0   0   0   3   0   2   0   3  17   0   2   0   3  63   2  1.88 inf
  125 G    0 -1 -1 -3 -2 -2 -3  4 -3 -2 -1  2  3 -4 -4 -2  1 -4 -4 -1    5   2   3   0   1   1   0  40   0   2   5  15   9   0   0   1  11   0   0   3  0.54 inf
  126 F   -3 -3 -3 -5 -1 -4 -4 -3  2  0 -2 -2 -3  4 -5  0 -1  6  6 -1    1   1   1   0   1   0   1   2   5   5   1   2   0  20   0   6   5  11  32   5  0.90 inf
  127 C    4 -4 -5 -6  9 -5 -5 -2 -6 -4 -3 -5  0 -3 -5 -2 -4 -6 -5 -1   39   1   0   0  47   0   0   2   0   0   2   0   3   1   0   1   0   0   0   3  1.78 inf
  128 I   -2 -3 -3 -4 -3 -2 -2 -5 -3  3  3 -1  2  1 -4 -2  0  0  1  2    0   1   1   1   0   2   3   0   0  23  29   4   5   4   0   1   5   1   6  14  0.40 inf
  129 M   -3 -5 -5 -2 -4 -5 -5 -6 -5  4  2 -5  3 -1 -5 -4 -3  6 -3  4    0   0   0   3   0   0   0   0   0  20  21   0   6   1   0   0   0  11   0  38  0.96 inf
  130 D   -1 -2  4  4 -3 -1  0  3 -1 -4 -4 -1 -3 -3 -2  0 -1 -4 -3 -3    0   0  33  33   0   0   0  33   0   0   0   0   0   0   0   0   0   0   0   0  0.55 inf
  131 N   -2 -4  1 -2 -5 -4 -3  7 -2 -6 -6 -3 -5 -3 -4 -1 -3  3 -4 -5    0   0   8   1   0   0   1  81   1   0   0   0   0   1   0   2   0   4   0   0  1.50 inf
  132 H   -2  4 -1 -3 -1 -1  0 -3  6  0 -2  1 -2 -2 -3 -1 -2 -4 -1  1    1  26   1   0   2   1   6   1  29   7   1   6   0   1   0   4   1   0   1  11  0.55 inf
  133 K   -3  4 -2 -2 -1  0  1 -4 -2 -3 -1  5 -2 -4  0 -1 -2 -4 -3 -3    0  28   0   0   1   1   9   0   0   1   8  44   1   0   3   3   0   0   0   1  0.72 inf
  134 E   -2  0 -2 -1 -5  4  6 -4  0 -4 -4 -1 -4 -3 -3 -2 -3 -5 -4 -1    1   3   0   0   0  16  70   0   2   0   0   0   0   1   0   0   0   0   0   5  1.22 inf
  135 R   -3  4 -1 -1 -5  2  0 -4 -2 -5 -4  6 -3 -5 -1 -2 -2 -5 -4 -4    0  22   1   2   0   7   5   0   0   0   1  59   0   0   2   1   0   0   0   0  1.01 inf
  136 I   -2 -5 -3 -5 -3 -4 -5 -5 -5  5  0 -4 -1 -1 -4 -4 -2 -5 -3  5    1   0   2   0   0   0   0   0   0  36   1   0   0   1   0   0   0   0   0  58  1.07 inf
  137 A    1 -4 -1 -3 -4 -2 -3  6 -4 -5 -5 -3 -4 -5 -4  0 -1 -5 -5 -4   14   0   2   0   0   1   1  73   0   0   0   0   0   0   0   6   3   0   0   0  1.28 inf
  138 N   -4 -3  8 -1 -5  1 -2 -2 -2 -4 -6 -2 -4 -5 -3  1 -2 -6 -4 -5    0   0  83   0   0   6   0   1   0   1   0   0   0   0   1   7   0   0   0   0  1.73 inf
  139 F   -4 -5 -1 -5 -5 -5 -5 -5 -3 -3 -2 -5 -2  8 -5 -4 -3  3  4 -2    0   0   3   0   0   0   0   0   0   0   0   0   0  79   1   0   1   4  11   2  1.82 inf
  140 K   -3  6  0 -3 -5 -1 -2 -4 -2 -4 -3  4  2 -4 -4 -2 -1 -5 -4 -2    1  56   5   0   0   1   0   0   0   0   2  25   6   0   0   0   3   0   0   2  1.03 inf
  141 I    0 -4 -4 -5 -3 -4 -4 -5 -5  5  0 -4  2 -2 -4 -3  0 -4 -3  4    6   0   0   0   0   0   0   0   0  37   5   0   4   0   0   0   5   0   0  43  0.77 inf
  142 E   -3 -2 -3 -1 -6  0  7 -1 -3 -6 -5  0 -4 -6 -4 -1 -3 -5 -4 -5    0   0   0   0   0   0  89   5   0   0   0   3   0   0   0   4   0   0   0   0  1.63 inf
  143 P   -3 -1 -4 -4 -5 -2 -4 -5 -5 -4 -5 -3 -5 -6  8 -3 -1 -6 -5 -5    0   3   0   0   0   1   0   0   0   1   0   0   0   0  88   0   5   0   0   0  2.46 inf
  144 P   -2 -5 -5 -4 -5 -4 -4 -5 -5 -5 -6 -4 -5 -6  9 -3 -1 -6 -6 -5    2   0   0   0   0   0   0   0   0   0   0   0   0   0  94   0   5   0   0   0  2.73 inf
  145 G   -1 -1 -1 -2 -4 -3 -4  6 -4 -5 -5 -3 -4 -5 -4  1 -2  1 -5 -5    2   5   2   2   0   0   0  77   0   0   0   0   0   0   0   9   2   2   0   0  1.33 inf
  146 L   -3 -4 -5 -5 -3 -4 -5 -5 -5  2  6 -4  0 -2 -5 -3 -3 -4 -3  1    1   0   0   0   0   0   0   0   0   9  83   0   0   0   0   2   0   0   0   5  1.10 inf
  147 F   -4 -5 -6 -6  2 -6 -6 -6 -4 -2 -2 -6 -2  9 -6 -5 -4 -2  1  0    0   0   0   0   5   0   0   0   0   0   0   0   0  88   0   0   0   0   0   6  2.06 inf
  148 R   -3  7 -3 -4  3  1 -2 -4 -3 -1  0  1  1 -4 -4 -3 -3 -5 -4 -2    0  68   0   0   7   5   0   0   0   3   8   5   3   0   0   0   0   0   0   1  1.11 inf
  149 G   -2 -1 -3 -4 -5 -4 -4  7 -4 -6 -6 -3 -5 -6  0 -3 -4 -5 -5 -5    0   5   0   0   0   0   0  91   0   0   0   0   0   0   5   0   0   0   0   0  1.80 inf
  150 R   -4  8 -3 -4 -3 -1 -3 -5 -3 -6 -5  0 -4 -5 -5 -1 -3 -5 -4 -5    0  95   0   0   1   0   0   0   0   0   0   0   0   0   0   5   0   0   0   0  2.04 inf
  151 G   -2 -5 -3 -4 -5 -4 -4  7 -4 -6 -6 -4 -5 -5 -4 -3 -4  3 -5 -5    0   0   0   0   0   0   1  93   0   0   0   0   0   0   0   0   0   5   0   0  1.94 inf
  152 N    0 -1  2  3 -1  0  5 -2 -2 -4 -2  0 -1 -2 -3 -1 -2 -4 -1 -4    9   2  11  15   2   2  42   1   0   0   3   3   1   2   0   2   1   0   2   0  0.54 inf
  153 H   -3 -3 -1 -4 -6 -2 -3 -5 11 -5 -6 -4 -5 -5 -5 -1 -5 -6 -2 -6    2   0   1   0   0   1   0   0  90   0   0   0   0   0   0   6   0   0   0   0  2.85 inf
  154 P   -4 -5 -5 -5 -6 -4 -4 -5 -5 -6 -4 -4 -5 -7  9 -2 -2 -7 -6 -5    0   0   0   0   0   0   0   0   0   0   2   0   0   0  94   2   2   0   0   0  2.83 inf
  155 K   -3  1 -2 -3 -5 -1 -2 -4 -3 -4 -1  7  0 -5 -4 -3 -1 -5 -4 -4    0   4   1   0   0   1   0   0   0   0   7  80   2   0   0   0   4   0   0   0  1.39 inf
  156 M   -1  1 -3 -2 -4  2 -3 -4 -3  0 -1  1  7 -3 -4 -1  3 -4 -4 -2    5   7   0   1   0   8   0   0   0   3   0   7  42   0   0   2  22   0   0   0  0.80 inf
  157 G   -3 -5 -3 -4 -5 -5 -3  7 -5 -7 -7 -4 -6 -6 -3 -3 -4 -5 -6 -6    0   0   0   0   0   0   1  97   0   0   0   0   0   0   1   0   0   0   0   0  2.19 inf
  158 M   -1  3 -3 -3 -2  0 -2 -4  0 -2  0  4  5 -3 -3 -1  0 -4 -3 -2    2  16   0   0   1   3   1   0   2   0   8  34  23   1   0   3   5   0   0   1  0.57 inf
  159 L   -3 -4 -5 -6 -3 -4 -5 -6 -3  2  5 -4  0 -1 -5 -4 -3  5 -1  3    0   0   0   0   0   0   0   0   1   9  60   0   1   1   0   0   0   8   1  20  0.93 inf
  160 K   -4  0 -3 -4 -6 -1 -2 -5 -4 -6 -5  8 -4 -6 -4 -3 -4 -6 -5 -5    0   2   0   0   0   0   0   0   0   0   0  98   0   0   0   0   0   0   0   0  2.08 inf
  161 R   -1  5 -2 -3 -3  1 -1 -2 -1 -3 -1  4 -1 -3  1 -1 -1 -4 -1 -3    4  35   1   0   1   4   1   3   1   0   6  27   2   1   8   2   4   0   2   0  0.54 inf
  162 R   -4  8 -2 -5 -4 -2 -3 -5 -3 -6 -5  0 -4 -5 -5 -4 -4 -6 -2 -3    1  94   1   0   0   0   0   0   0   0   0   1   0   0   0   0   0   0   2   2  2.15 inf
  163 I   -3 -5 -5 -5 -3 -5 -5 -6 -5  6  0 -5  0 -3 -5 -4 -1 -5 -3  5    0   0   0   0   0   0   0   0   0  47   4   0   1   0   0   0   2   0   0  46  1.20 inf
  164 M   -2  1 -2 -3 -1  2 -1 -2  1  0  1 -1  4  2 -3 -2  0  0  3 -1    2  11   1   0   1  11   3   2   4   3  13   0  18   9   0   2   6   1  12   2  0.26 inf
  165 P    0 -5 -5 -4 -6 -4 -3 -5 -5 -6 -6 -4 -5 -7  8 -1 -4 -7 -6 -5    7   0   0   0   0   0   1   0   0   0   0   0   0   0  89   3   0   0   0   0  2.61 inf
  166 E   -2 -1 -1 -1 -1  0  7 -3 -1 -5 -5  0 -4 -5 -4  0 -2 -5 -2 -5    1   1   2   1   2   2  74   1   1   0   0   4   0   0   0   6   1   0   2   0  1.25 inf
  167 D   -3 -3 -1  7 -6  3  1 -4 -2 -6 -6 -3 -4 -6 -4 -2 -3 -6 -5 -6    1   0   1  75   0  16   4   0   0   0   0   0   0   0   0   1   0   0   0   0  1.69 inf
  168 I   -3 -5 -5 -6 -3 -5 -5 -6 -6  6 -1 -5 -1 -3 -5 -4 -3 -5 -4  5    0   0   0   0   0   0   0   0   0  48   1   0   1   0   0   0   0   0   0  50  1.33 inf
  169 I   -2 -4 -3 -4 -3 -2 -3 -4 -2  4 -1 -2  0 -3 -4  0  5 -5 -3  2    2   0   0   0   0   1   0   0   1  25   4   1   2   0   0   4  47   0   0  13  0.74 inf
  170 I   -4 -5 -6 -6 -4 -5 -5 -6 -6  7  3 -5  1 -2 -5 -5 -3 -5 -4  1    0   0   0   0   0   0   0   0   0  69  24   0   2   0   0   0   0   0   0   5  1.33 inf
  171 N   -5 -4  9 -2 -6 -3 -3 -4 -2 -7 -7 -3 -5 -6 -5 -2 -3 -7 -5 -6    0   0 100   0   0   0   0   0   0   0   0   0   0   0   0   0   0   0   0   0  2.59 inf
  172 C   -3 -5 -5 -6  8 -5 -5 -5  0  5  2 -5  0 -3 -5 -4 -3 -5 -4  1    0   0   0   0  34   0   0   0   2  40  17   0   2   0   0   0   0   0   0   5  1.24 inf
  173 S    0 -4 -2  1 -4 -3 -3  5 -4 -5 -5 -3 -4 -5 -4  4 -2 -5 -5 -4    5   0   0   8   0   0   0  51   0   0   0   0   0   0   0  35   1   0   0   0  1.07 inf
  174 K    0  1 -2 -2 -5  0  3 -3 -2 -3 -3  6 -2 -4 -2 -2 -1 -5 -4 -3    8   6   1   0   0   1  19   0   0   2   2  57   1   0   1   1   2   0   0   0  0.84 inf
  175 D   -3 -3  2  5 -3  2  2  2 -2 -5 -4 -1 -4 -4 -3 -1 -1 -5 -1 -4    0   0  11  43   0   8  12  14   0   0   1   2   0   0   0   2   2   0   2   0  0.75 inf
  176 A    5 -2 -2 -1 -2 -2  0 -2  0 -2 -3 -2 -1 -3 -2  2 -1 -4 -3  0   55   1   0   2   1   1   4   1   2   1   1   0   2   0   0  20   2   0   0   5  0.60 inf
  177 K   -1  0 -1 -2  0 -1  0 -3 -2 -4 -4  3 -2 -4  6 -1  0 -4 -4 -2    3   3   3   2   2   1   6   0   1   0   1  26   1   0  41   2   5   0   0   2  0.90 inf
  178 V    0 -4 -4 -4 -3 -3 -4 -4 -2  4 -1 -3 -1 -1  1 -3  0 -2 -2  4    6   0   0   0   0   1   0   0   1  32   1   0   1   1   7   0   4   1   1  43  0.67 inf
  179 P   -3 -4 -4 -4 -5 -4 -4 -4 -5 -5 -5 -4 -5 -6  9 -3 -4 -6 -5 -5    1   0   0   0   0   0   0   0   0   0   1   0   0   0  94   0   0   0   0   0  2.79 inf
  180 S    0  1 -2  0  0  1  3 -3 -1 -1 -3  2 -1 -3  2 -1 -1 -4 -3 -1    6   7   0   3   3   4  29   1   1   5   1  17   1   0  10   3   2   0   0   6  0.32 inf
  181 P    0 -4 -3 -2  6 -3 -3 -2 -2 -3 -3 -3 -3 -4  7 -2 -3 -4 -4 -1    7   1   1   2  19   0   1   2   1   1   1   1   0   0  58   1   1   0   0   4  1.51 inf
  182 P   -2 -3  1 -3 -4 -3 -3 -3 -1 -1 -1 -3  2 -4  7 -1 -2 -4 -4 -2    1   1   8   1   0   0   1   1   1   3   7   1   6   0  61   5   1   0   0   2  1.33 inf
  183 P    1 -2 -2 -1  1 -1  1 -3 -3  0 -2  0  0 -3  5 -1 -1 -3 -3 -1   15   1   2   2   3   1  12   1   0   6   1   5   3   1  37   2   3   0   0   4  0.60 inf
  184 G   -2 -3 -1 -3 -4 -3 -3  7 -3 -4 -4 -3 -4 -4  2 -2 -3 -4 -4 -4    1   1   2   1   0   1   1  78   0   1   1   1   0   0   9   1   1   0   0   1  1.43 inf
  185 H   -3 -1 -2 -3 -4  0  1  2  9 -4 -4 -2 -3 -3 -2 -2 -2 -4  0 -4    1   3   0   0   0   4   8  14  57   0   1   1   0   0   2   1   3   0   2   1  1.33 inf
  186 K    0  2  1 -1  1  2  0 -2  0 -3 -3  4 -2 -4 -2  1 -1 -4 -3 -3    9  13   8   2   3   8   2   2   2   0   2  35   1   0   0  10   2   0   0   1  0.41 inf
  187 W   -5 -5 -6 -6 -5 -5 -5 -5 -5 -5 -4 -5 -4 -2 -6 -5 -5 13  1 -5    1   0   0   0   0   0   0   0   0   0   1   0   0   0   0   0   0  91   3   0  4.02 inf
  188 K    0  0 -1 -2 -3  0 -1  3 -2 -4 -4  6 -2 -4 -3 -1 -2 -4 -4 -4    6   2   3   0   0   2   2  21   1   0   1  57   1   0   0   2   0   0   0   0  0.82 inf
  189 E    1 -1 -1  3 -4  1  5 -1 -2 -4 -4  1 -2 -4 -2  0 -2 -4 -3 -3   11   2   1  14   0   5  45   3   0   0   1   9   1   0   0   6   1   0   0   0  0.64 inf
  190 V   -2 -4 -4 -5 -3 -4 -4 -5 -5  5  0 -4 -1 -2 -4 -4 -2 -4 -3  6    1   0   0   0   0   0   0   0   0  32   3   0   0   0   0   0   1   0   0  59  1.09 inf
  191 R   -2  4 -2 -3 -3  2 -2 -3 -2  1 -1  2 -1 -1 -3 -2 -1 -3  0  3    1  29   0   0   0   9   1   2   0   9   2  11   1   2   0   0   2   0   3  27  0.39 inf
  192 H   -4 -3 -1 -3  1 -2 -1 -4 10 -5 -5 -3 -4 -2 -4  0 -3 -4 -1 -5    1   0   2   0   4   0   3   0  79   0   1   0   0   1   0   6   1   0   1   0  2.24 inf
  193 D   -3  0  1  7 -5 -1  0 -3 -3 -5 -5  1 -4 -5 -3 -2 -3 -5 -4 -5    1   5   5  72   0   1   3   0   0   0   1   7   0   0   0   1   0   0   1   0  1.37 inf
  194 N   -3  0  6  1 -1  2 -1 -2  2 -4 -4  1 -3 -4  1 -1 -1 -4 -3 -4    1   4  47   8   1   9   1   1   5   0   1   9   0   1   7   2   2   0   0   0  0.75 inf
  195 K   -1 -1  1  2 -3 -1  1 -2 -3 -3 -3  2 -2 -4 -3  1  5 -4 -2 -2    3   1   5  10   0   1   8   1   0   0   1  12   0   0   0   8  47   0   1   0  0.58 inf
  196 V    1 -3 -4 -4 -1 -2 -3 -1 -4  0 -1 -3 -1 -3 -4 -1 -1 -4 -3  6   10   1   0   0   1   2   0   5   0   0   2   0   0   0   0   6   2   0   0  69  0.80 inf
  197 T   -2 -2 -2 -3 -3  0 -2 -3 -3 -1 -1 -2  2 -4 -3  1  6 -4 -3 -2    1   2   0   0   0   4   1   0   0   4   4   0   6   0   0   8  67   0   0   1  0.97 inf
  198 W   -5 -5 -6 -6 -5 -5 -5 -5 -5 -5 -5 -5 -4 -2 -6 -5 -5 13 -1 -5    1   0   0   0   0   0   0   0   0   0   1   0   0   0   0   0   0  94   0   0  4.20 inf
  199 L   -3 -4 -5 -5 -3 -4 -4 -5 -4  0  6 -4  0 -2 -4 -3 -3 -4 -3  0    1   0   0   0   0   0   0   0   0   2  89   0   1   0   0   1   0   0   0   3  1.29 inf
  200 V    6 -3 -3 -4  2 -3 -3 -2 -3 -3 -3 -3 -3 -2 -3  0 -2 -4 -1 -1   81   0   0   0   4   0   0   0   0   0   1   0   0   2   0   3   0   0   3   3  1.12 inf
  201 S    0 -1  0 -3  0 -1 -2 -1  0 -2 -1  0  4  2 -3  2  1  1  3 -2    7   2   3   0   2   1   0   3   2   1   1   6  17  10   0  23   8   2  11   0  0.27 inf
  202 W   -5 -4 -5 -6 -5 -4 -5 -5 -4 -5 -4 -5 -4  0 -5 -5 -5 12  4 -5    1   1   0   0   0   0   0   1   0   0   1   0   0   3   0   1   0  78  12   0  3.36 inf
  203 T   -2  2  2 -1 -2  2 -1 -3  1 -1 -2  3  0 -3 -2 -1  3 -4 -2 -1    1  11  10   2   1   9   2   1   3   3   1  23   3   0   0   1  24   0   0   5  0.32 inf
  204 E   -3 -3 -2  5 -1 -1  6 -3 -3 -5 -5 -2 -4 -5 -3 -2 -3 -5 -4 -4    1   0   0  39   2   0  52   2   0   0   1   0   0   0   0   1   0   0   0   0  1.31 inf
  205 N   -2 -2  6 -1 -4 -2 -2 -2 -1 -1 -2 -1 -3 -2  2  1  1 -4 -2 -3    1   0  49   1   0   0   2   1   1   4   3   4   0   1  11  12   7   0   1   2  0.73 inf
  206 I   -3 -4 -4 -4 -3 -4 -4 -5 -4  6  1 -4 -1 -2 -3 -2 -2 -4 -3  4    1   0   0   0   0   0   0   1   0  55  10   0   0   0   1   3   2   0   0  25  0.92 inf
  207 Q   -1 -2  5 -1 -3  3 -1 -2 -1 -3 -2  0  0 -2 -2  1  2 -4 -3 -2    3   1  40   1   0  18   1   1   1   1   4   4   3   2   2   7  11   0   0   2  0.59 inf
  208 G   -2 -2  3  2 -4  0 -1  5 -2 -4 -4  1 -4 -4 -1 -1 -2 -4 -4 -4    1   1  15  10   0   5   2  49   1   0   1   9   0   0   2   2   0   0   0   0  0.76 inf
  209 S    0 -1  3  0  0  3  1 -1  0 -3 -2  2 -2 -2 -3  2  1 -4 -3 -3    6   1  16   3   2  18   6   4   2   0   3  12   0   1   0  16   9   0   0   0  0.32 inf
  210 I   -2 -1  0 -2 -1 -2 -2 -2  2  2 -1 -2  1  4 -3 -1  0  1  4  1    1   5   5   2   1   0   1   2   5  13   2   0   3  18   1   4   5   1  19  11  0.28 inf
  211 K   -4 -1 -3 -4 -6 -2 -2 -4  0 -5 -5  8 -4 -6 -4 -3 -4 -5 -2 -5    0   0   0   0   0   0   0   0   2   0   0  95   0   0   0   0   0   0   1   0  1.98 inf
  212 Y   -3 -5 -5 -6 -5 -4 -5 -6  4 -4 -4 -5 -4  0 -6 -5 -5 -1  9 -4    2   0   0   0   0   0   0   0   8   0   0   0   0   1   0   0   0   0  87   0  2.56 inf
  213 I   -1 -4 -5 -5  0 -4 -4 -5 -5  3  0 -4  2 -2 -4 -3 -1 -4 -3  6    2   0   0   0   2   0   0   0   0  16   6   0   6   1   0   0   2   0   0  64  0.97 inf
  214 M   -2  1 -1 -3 -3  0 -2 -1 -2  0  0 -1  5  3 -3 -1 -1  5  1  0    1  10   2   1   0   4   1   6   0   3   3   2  27  15   1   3   2   8   5   6  0.32 inf
  215 L   -2 -3 -3 -3 -2 -3 -3 -3 -3  0  4 -3  2  3  2 -2  1 -2 -1  0    1   1   0   1   0   0   1   1   0   1  49   1   4  14  11   1   9   0   0   6  0.43 inf
  216 N    3 -1  3  0 -2 -1 -1  1  2 -3 -3  0 -2 -3 -2  2 -1 -3 -2 -2   29   1  20   5   0   0   1  10   6   1   1   7   0   0   1  17   1   0   0   1  0.34 inf
  217 P    3  0  0  0 -2  0  1 -2 -2 -2 -3 -1 -2 -3  3  1 -1 -3 -3 -1   38   6   4   5   0   4   9   1   0   1   1   1   0   0  18   7   1   0   0   4  0.39 inf
  218 S    0 -1  2 -1  0  1  0  1 -2 -3 -3 -1 -2 -4 -2  4  2 -1 -3 -3    4   3  13   2   2   7   4  12   0   0   1   1   1   0   0  37  11   1   0   1  0.43 inf
  219 S    2 -3 -2 -3  1 -2 -3 -3 -3 -4 -4 -2 -3 -4 -3  6 -1 -4 -4 -3   13   0   0   0   3   0   1   1   0   0   1   2   0   0   0  74   1   0   0   1  1.20 inf
  220 R    0  2 -1  1 -3  0 -1 -1 -1 -3 -3  3 -3 -3 -2  3  0 -4 -1 -3    7  11   2   6   0   2   1   5   1   0   1  26   0   1   0  28   4   0   2   1  0.38 inf
  221 I   -3 -1 -4 -4 -3 -3 -4 -4 -4  3  4 -3  0  3 -3 -2 -2  2 -2  1    1   4   0   0   0   1   1   1   0  16  49   1   1  12   1   3   1   2   0   6  0.57 inf
  222 K   -3  1 -1 -1 -4 -1 -2 -3 -3 -2 -4  7 -1 -4 -3  0 -3 -4 -4 -4    1   5   1   3   0   2   1   1   0   3   1  73   2   0   0   6   1   0   0   1  1.22 inf
  223 G    0  0 -2 -3 -2  3 -3  6 -3 -5 -4 -2 -4 -4 -3 -2 -2 -4 -4 -4    6   5   0   0   1  16   1  63   0   0   1   1   0   0   0   1   2   0   0   1  1.12 inf
  224 E   -2 -1 -1  0 -4  4  4 -3 -2 -3 -2  1  1 -3  0 -1 -1 -4 -2 -3    1   1   2   5   0  27  32   2   0   1   4   7   4   1   4   4   3   0   1   1  0.56 inf
  225 K    0  2  1 -2 -3 -1 -2 -2  0 -4 -4  3 -1 -4  0  4 -1 -4 -3 -3    5   9   7   0   0   1   1   1   2   0   1  23   2   0   4  41   2   0   0   1  0.55 inf
  226 D   -2  0 -1  7 -5 -3  0 -4 -3 -5 -5 -3 -5 -5 -4 -3 -1 -5 -5 -5    2   6   0  79   0   0   3   1   0   0   1   1   0   0   0   1   3   0   0   1  1.68 inf
  227 W   -2  2 -3 -4 -4 -1 -2 -4  0 -1  0  2  4  3 -4 -3 -3  8  2 -3    2  12   0   0   0   2   1   1   2   3  10  13  12  12   0   1   0  20   7   1  0.69 inf
  228 Q    1  0  0  0 -3  3  3 -2 -1 -2 -1  3 -1 -4 -2  0 -1 -4 -3 -2   12   3   3   3   0  16  20   3   1   2   6  23   2   0   0   4   2   0   0   1  0.35 inf
  229 K   -3  0 -3 -3 -5  0 -2 -4 -3 -5 -3  7 -4 -5 -4 -3 -3 -5 -4 -4    1   2   0   0   0   2   1   1   0   0   3  87   0   0   0   1   0   0   0   1  1.79 inf
  230 Y   -4 -4 -4 -5 -4 -4 -4 -5 -2 -3 -1 -4 -3  6 -5 -4 -1 -1  8 -3    1   0   0   0   0   0   1   1   0   0   5   0   0  32   0   1   4   0  53   1  1.70 inf
  231 E   -3 -3 -1  3 -5  0  7 -4 -3 -5 -5 -1 -4 -5 -3 -2 -3 -5 -4 -5    1   0   2  13   0   3  73   1   0   0   1   1   0   0   0   2   0   0   0   1  1.49 inf
  232 T    0 -1 -1 -3 -4 -1 -2 -3 -3 -1 -2  5 -2 -4 -3 -2  3 -4 -3  0    8   1   1   0   0   2   1   1   0   3   3  50   1   0   0   1  21   0   0   7  0.71 inf
  233 A    6 -1 -4 -4 -3 -3 -3 -2 -4  0 -3 -3 -3 -4 -3  0 -2 -4 -4 -1   78   4   0   0   0   0   1   1   0   5   1   0   0   0   0   4   0   0   0   3  1.19 inf
  234 R   -3  7 -3 -4 -5 -1 -2 -3 -3 -4 -4  1 -1 -5 -4 -1 -3  1 -4 -2    1  73   0   0   0   2   1   2   0   0   1   5   2   0   0   5   0   2   0   3  1.48 inf
  235 R   -2  4  0 -1 -3  1  3 -3 -1 -4 -2  4  0 -4 -3 -1  0 -4 -3 -3    1  21   3   1   1   6  21   1   1   0   3  28   3   0   0   3   5   0   0   1  0.55 inf
  236 L   -4 -4 -5 -5 -4 -4 -5 -5 -5 -1  6 -5 -1 -2 -5 -4 -4 -4 -3 -2    1   0   0   0   0   0   1   1   0   0  93   0   0   0   0   1   0   0   0   1  1.60 inf
  237 K    0  0 -1 -1  0  1  0 -2  1 -3 -3  6 -3 -4  0 -1 -2 -4 -3 -3    6   3   2   4   2   5   3   3   3   1   2  53   0   0   4   4   2   0   1   1  0.64 inf
  238 K   -1  1  1  2 -3  2  1  1  1 -3 -3  3 -2 -3 -2  0 -1 -3 -2 -3    3   8   8  11   0   8   8  10   3   1   2  25   1   1   1   6   2   0   1   1  0.29 inf
  239 C   -1 -1  0 -3  4  0  1 -3  7 -2 -2  0 -2  0 -3 -2 -2 -3  3  0    4   2   3   1  11   3   8   1  32   2   2   6   0   3   1   2   1   0  11   8  0.64 inf
  240 V   -2 -2 -4 -4 -3 -3 -2 -4 -4  6  0 -1 -1 -2 -4 -3 -2 -4 -3  4    2   2   1   1   0   1   3   1   0  49   6   5   0   0   1   1   1   0   0  28  0.82 inf
  241 D   -2 -1  0  5 -4  0  2  0  2 -4 -3  1 -2 -4 -1  0 -2 -4 -3 -2    3   2   3  37   0   2  12   9   6   1   1  10   1   0   3   5   2   0   0   2  0.52 inf
  242 K    0  3  1  0 -3  2  1 -1  1 -3 -3  3 -2 -3 -2  0 -1 -3 -2 -3    6  16   7   6   0  10   8   3   3   2   1  27   0   0   1   5   2   0   1   1  0.36 inf
  243 I   -3 -4 -4 -4 -3 -4 -4 -5 -4  7 -1 -4 -1 -2 -4 -4 -3 -4 -3  2    1   1   1   1   0   1   1   1   0  76   2   1   0   0   1   1   1   0   0  12  1.45 inf
  244 R   -3  7 -3 -3  0  0 -1 -4 -2 -4 -4  1 -3  0 -4 -3 -3 -4 -3 -4    1  74   1   1   2   2   3   1   0   1   1   4   0   4   1   1   1   0   0   1  1.46 inf
  245 N    1  2  1  0 -3  1  2 -2  0 -3 -2  2 -2 -2 -2  1  0 -3 -2 -2   16  10   7   4   0   7  14   1   2   1   2  18   0   1   1   8   6   0   1   2  0.25 inf
  246 Q   -1  0  2  4 -2  3  1 -2 -2 -3 -4  0 -3 -4 -3  0  2 -2 -3 -3    5   3   9  27   1  17  10   2   0   1   1   3   0   0   0   4  14   1   1   1  0.49 inf
  247 Y   -5 -5 -2 -6 -5 -4 -5 -6  2  0 -1 -5 -2  0 -5 -5 -4 -1  9 -1    0   0   2   0   0   0   0   0   3   6   4   0   1   1   0   0   0   0  76   4  2.06 inf
  248 R   -2  4  0 -2 -4  2  0 -3  0 -2 -2  2  0 -1 -3 -1  3 -2 -3 -1    0  25   5   1   0  11   5   1   3   2   2  13   3   4   0   1  20   0   0   4  0.41 inf
  249 E    0  1  0  0 -4  1  3 -2  2 -3 -4  4 -2 -3 -3 -1  1 -4 -3 -3    9   6   3   4   0   6  22   2   5   1   0  31   1   1   0   2   8   0   0   1  0.47 inf
  250 D   -1 -2  2  6 -1 -2  1 -1 -2 -4 -1  1  0  0 -3 -1 -3 -5 -4 -2    4   1   9  48   2   1   6   5   0   0   5   8   3   4   0   2   0   0   0   3  0.67 inf
  251 W   -4 -4 -5 -5 -4 -1 -5 -3 -4 -1  3 -4  5  3 -5 -4 -4  9 -2 -3    0   0   0   0   0   3   0   2   0   2  34   0  17  12   0   0   0  27   0   0  1.31 inf
  252 K   -2  3  0 -2 -5  0  1 -3 -2 -4 -3  6 -2 -4 -3  0  1 -5 -2 -4    1  12   3   1   0   3   8   1   0   0   2  52   0   0   0   6   8   0   2   0  0.76 inf
  253 S    1 -1  1  1 -2 -2 -2 -3 -1 -4 -5 -2 -4 -5 -3  6 -1 -5 -4 -4    9   3   5   9   1   0   1   0   2   1   0   1   0   0   0  66   1   0   0   0  0.98 inf
  254 K   -2  1 -1  1 -5  0  2 -2 -3 -4 -3  6  0 -5  0 -1 -1 -5 -4 -4    1   5   2   7   0   2  13   2   0   0   1  54   3   0   4   3   2   0   0   0  0.77 inf
  255 E   -3 -3  0  5 -4  0  4 -3 -3 -2 -1 -1  1 -3 -3 -1 -2 -5 -3  0    0   0   4  33   0   3  28   1   0   2   7   1   4   1   0   4   1   0   0  10  0.58 inf
  256 M   -2  1 -3 -2 -3 -1 -1 -3 -3  0  0  0  6 -3  4 -1 -1  0 -3 -1    0   7   0   2   0   2   3   1   0   6   4   7  37   0  19   3   3   2   0   3  0.57 inf
  257 K    1  1 -1 -1 -2  0  0  1  1 -1 -1  2  0 -1 -2  0  0 -3 -1  0   12  11   1   1   0   4   6  13   5   1   7  16   2   3   0   2   8   0   1   7  0.09 inf
  258 V   -1  0  0  3 -3  0  2 -1 -1  1 -1  1  0 -3 -2 -1  1 -4 -3  1    1   3   3  24   0   1  14   3   1  11   2  11   4   0   0   1   9   0   0  10  0.19 inf
  259 R   -1  6  2  0 -4  2 -1 -3 -2 -4 -4  2 -3 -4 -3  0 -2  1 -3 -4    4  54  12   3   0   9   0   0   0   0   0  11   0   0   0   5   0   3   0   0  0.79 inf
  260 Q   -2  1 -1 -2 -4  7  1 -3 -1 -4 -3  1  0 -4 -3 -2 -2 -3 -3 -3    1   5   2   1   0  74   3   1   0   1   1   6   2   0   1   1   1   0   0   1  1.19 inf
  261 R   -2  4 -1 -2  1  0 -2 -3 -2  2  1  0  1 -2 -3 -2  0 -1 -1  0    1  36   2   1   3   2   1   1   0  17  11   4   4   0   1   1   7   1   2   5  0.27 inf
  262 A    5 -2 -2 -2 -2 -2 -2  1 -3 -3 -3 -2 -2 -3 -2  1 -1 -3 -3 -2   74   1   1   1   0   0   1  10   0   1   1   1   0   0   1   7   1   0   0   1  0.75 inf
  263 V   -1 -3 -2 -3 -2 -2 -2 -3 -3  0  0 -2 -1 -2 -2  0  5 -3 -2  3    2   1   0   1   0   0   1   1   0   1   6   1   0   0   1   2  54   0   0  30  0.63 inf
  264 A    5 -3 -2 -3  0 -2 -2  0 -3  0 -2 -2 -2 -3 -2  0  0 -3 -3  1   71   1   0   1   2   0   1   4   0   4   1   1   0   0   1   1   4   0   0   8  0.63 inf
  265 L   -1 -3 -3 -4  4 -3 -3 -4 -4  1  3 -3  4 -1 -3 -2  2 -3 -2  2    4   0   0   0  10   0   0   0   0   5  36   0  15   0   0   0  14   0   0  15  0.44 inf
  266 Y   -3 -3 -3 -4  1 -3 -3 -4  2 -3 -2 -3 -2  4 -4 -3 -3  7  7 -3    0   0   0   0   4   0   0   0   3   0   0   0   0  12   0   0   0  15  65   0  1.36 inf
  267 F   -2 -3 -3  1  0 -3 -2 -4 -3  1  3 -3  1  4 -3 -3 -2 -2  0  0    0   0   0  13   3   0   0   0   0   3  49   0   0  26   0   0   0   0   0   5  0.39 inf
  268 I    1 -4 -4 -4 -2 -3 -4 -4 -4  6  1 -3  0 -1 -3 -3 -1 -4 -2  2   12   0   0   0   0   0   0   0   0  75   4   0   0   0   0   0   0   0   0   8  0.67 inf
  269 D   -3 -3  1  6 -4 -2  0 -3 -2 -3  0 -2 -2 -3 -3 -1 -2 -4  1 -3    0   0   4  74   0   0   0   0   0   0  15   0   0   0   0   0   0   0   7   0  0.91 inf
  270 K   -1  3  0 -2 -3  2  0 -3  1 -1 -2  3 -1 -2 -2 -1  1 -3 -2  0    0  19   3   0   0  10   2   0   5   2   2  35   0   2   0   0  14   0   0   7  0.31 inf
  271 L    1 -2 -2 -3 -2 -2 -2 -3 -1  0  1 -2  3  3 -3 -1  1 -1  3  1   14   0   0   0   0   0   0   0   0   0  14   0  14  14   0   0  14   0  14  14  0.21 inf
  272 A    4 -2 -2 -2 -1 -2 -2  3 -2 -1 -2 -2 -1 -3 -2  1 -1 -3 -2  1   53   0   0   0   0   0   0  23   0   0   0   0   0   0   0   7   0   0   0  16  0.38 inf
  273 L   -2 -3 -3 -4 -2 -2 -3 -4 -2  1  3 -3  4  2 -3 -3 -1 -1  3  1    0   0   0   0   0   0   0   0   0   4  42   0  19   6   0   0   0   0  16  12  0.38 inf
  274 R    0  3  0 -1 -2  3  0 -2 -1 -3 -2  2 -1 -3 -2  2  2 -3 -2 -2    0  20   0   0   0  20   0   0   0   0   0  20   0   0   0  20  20   0   0   0  0.34 inf
  275 A    2 -2 -2 -2  6 -2 -2 -1 -2  0 -1 -2 -1 -2  2  0  1 -3 -2  1   28   1   1   1  24   1   1   1   0   1   1   1   0   0   9   1  12   0   0  18  0.31 inf
  276 G    0 -2  0  2  2 -1 -1  5 -2 -3 -3 -1 -2 -3 -2  0 -1 -2 -2 -2    2   1   1  14   6   1   1  61   1   1   2   1   1   1   1   2   1   0   1   1  0.57 inf
  277 N    1 -1  4  1 -2  0  0  1  1 -2 -2 -1 -2 -2 -1  1  1 -2 -2 -2   14   1  44   4   0   1   1   8   3   1   2   1   1   1   1   6   7   0   1   1  0.31 inf
  278 E   -1  0  0  1 -2  2  4  0 -1 -2 -2  1 -2 -2 -1  0 -1 -2 -2 -2    2   4   1   3   0   9  46   9   1   1   2   8   1   1   1   7   1   0   1   1  0.34 inf
  279 K   -1  1  0  0 -2  1  2 -2 -1 -2 -2  4 -1 -2 -1  0  0 -2 -2 -2    2   1   1   1   0   1  22   2   1   1   2  53   1   1   1   2   6   0   1   1  0.37 inf
  280 E   -1 -2  0  4  1  0  2  1 -2  0 -3 -1 -3 -3 -3  0 -2 -4 -1 -1    3   0   3  35   4   3  17   9   0   6   0   3   0   0   0   5   0   0   3   6  0.39 inf
  281 E    0 -2 -1  3 -3  1  3 -1 -2 -1 -3  0  0 -3  2  0  1 -3 -3 -1   11   0   0  18   0   6  25   3   0   3   1   3   3   0   9   3  10   0   0   3  0.30 inf
  282 G    0 -2  1  5 -3 -1  2  2 -2 -3 -4  0 -3 -4  0  0  0 -4 -3 -3    7   0   4  36   0   0  16  14   0   0   1   4   0   0   4   4   6   0   0   1  0.48 inf
  283 E   -1  0  1  2 -3  0  5  1 -1 -3 -3 -1  0 -3 -2  0 -1 -3 -3 -2    1   3   8  10   0   0  50  10   0   1   1   1   4   0   1   6   1   0   0   2  0.51 inf
  284 T    0  0 -1 -1 -2  2  3 -2 -1 -1  0  0 -1 -2 -1  1  2 -2 -2 -1    5   2   1   1   0  15  26   1   0   1  13   1   0   1   1   9  19   0   1   3  0.24 inf
  285 A    5 -2 -2 -2 -2 -2 -2  1 -2 -2 -2 -2 -2 -3  1  0 -1 -3 -3 -1   70   1   1   1   0   1   1  10   0   1   1   1   0   1   7   1   1   0   0   1  0.65 inf
  286 D   -2 -2  1  6 -4 -1  1  1 -2 -4 -4 -2 -3 -4 -2  0 -2 -4 -3 -3    1   1   4  63   0   1   7  10   0   1   1   1   0   0   1   6   1   0   0   1  0.89 inf
  287 T   -1 -2 -1 -2 -2 -1 -2 -2 -2 -2 -2  1 -2 -3 -2  2  6 -3 -3 -1    1   1   1   1   0   1   1   1   0   1   1   7   0   1   1  11  70   0   0   1  0.80 inf
  288 V   -1 -3 -3 -3 -2 -3 -3 -3 -3  1  0 -3  0  0 -3 -2 -1 -2  2  5    3   1   1   1   0   1   1   1   0   3   1   1   0   3   1   1   1   0   8  74  0.61 inf
  289 G   -1 -2 -1 -2 -3 -2 -2  6 -2 -3 -3 -2 -3 -3 -2 -1  0 -3 -3 -3    1   1   1   1   0   1   1  78   0   1   2   1   0   1   1   1   6   0   1   1  1.03 inf
  290 C    0 -3 -3 -3  9 -3 -3 -3 -3 -1  0 -3 -1 -2 -3 -2 -2 -3 -3  0    8   1   1   1  59   1   1   1   0   1  12   1   0   1   1   1   1   0   1   8  1.09 inf
  291 C   -2 -4 -3 -4 10 -3 -4 -3 -3 -2 -2 -3 -2  0 -3 -1  0 -3 -3 -2    1   1   1   1  74   0   1   1   0   1   1   1   0   6   1   3   8   0   0   1  1.65 inf
  292 S   -1 -2  2  0 -2 -2 -2  0 -2 -3 -4 -2 -3 -4 -2  5  3 -4 -3 -3    0   0  11   2   0   0   0   4   0   0   0   0   0   0   0  58  25   0   0   0  0.70 inf
  293 L   -3 -4 -5 -5 -3 -4 -5 -5 -5  1  6 -4  1 -1 -5 -4 -3 -3 -3  0    0   0   0   0   0   0   0   0   0   6  94   0   0   0   0   0   0   0   0   0  1.15 inf
  294 R   -2  6 -2 -3  0  3 -1 -3 -2 -4 -2  4 -2 -4 -1 -2 -2 -4 -3 -4    0  50   0   0   3  13   0   0   0   0   4  27   0   0   2   0   0   0   0   0  0.86 inf
  295 V   -1 -3 -4 -4  3 -3 -3 -4 -3  1  1 -2  0  1  0 -3 -1 -2  2  4    2   0   0   0   7   0   0   0   0   3  12   3   1   4   4   0   1   0  10  52  0.42 inf
  296 E   -1 -1 -2  1 -5  1  6 -1 -2 -4 -4  1 -3  2 -3 -2 -2 -4 -2 -4    2   2   0   3   0   5  66   6   0   0   0   6   0  11   0   0   0   0   0   0  0.81 inf
  297 H   -4 -2  4 -3 -5 -2 -2 -4  9 -4 -4 -3  4 -3 -4 -3 -3 -5 -1 -4    0   0  25   0   0   0   0   0  61   0   0   0  14   0   0   0   0   0   0   0  1.67 inf
  298 I    0 -3 -3 -3 -2 -2  1 -4 -3  3  0 -3  1  0 -3 -2  0 -4 -2  4    6   0   0   0   0   0  14   0   0  26   6   0   4   3   0   0   3   0   0  38  0.41 inf
  299 N   -1  1  3  0 -3  1  1 -2  0 -2 -3  1 -1 -2 -2  1  3 -3 -2 -2    3   5  17   2   0   8  11   0   2   2   0  11   2   2   0   9  24   0   0   0  0.29 inf
  300 L   -1 -2 -3 -3  3 -2 -3 -3 -3  1  3  1  1  3  0 -2 -2 -2 -1  0    3   0   0   0   7   0   0   0   0   5  38  14   3  18   5   0   0   0   0   4  0.29 inf
  301 H   -2 -1 -1  1 -1  0  0 -2  7 -1 -1  0  0 -1 -1  0 -1 -3  1 -1    3   3   2   7   1   3   6   2  30   4   6   7   3   2   4   5   3   0   4   4  0.40 inf
  302 P   -1  1 -1  1 -3  0  3 -2  2 -3 -3  1  0 -3  4 -1 -1 -3 -3 -2    4   6   2   7   0   2  21   3   5   1   2  10   3   1  25   3   2   0   1   3  0.48 inf
  303 E   -1  0  0  2 -3  2  3 -1  1 -2 -2  0 -2 -3  1 -1 -1 -3 -1 -1    3   5   3  13   1  10  25   3   4   3   2   5   1   1   7   3   4   0   2   4  0.28 inf
  304 L    0  0  1  1 -2  0 -1 -1  0  0  1  1  0 -1 -1  0  0  0 -1  0   10   4   7   8   1   4   2   4   2   6  17  11   3   2   1   5   4   2   2   5  0.02 inf
  305 D    0 -1  2  5 -3  0  2 -1  0 -3 -2  0 -1 -3  0  0 -1 -3 -3 -3    7   3   9  33   0   3  10   5   2   1   4   6   2   1   4   5   3   0   1   1  0.39 inf
  306 G   -1  0  0  2  0  0  1  3  1 -1 -3  0 -2 -3 -2 -1 -1 -3 -3 -2    4   4   3  16   2   4   9  30   4   6   2   6   0   1   1   4   3   0   1   1  0.31 inf
  307 Q   -1  0  0  1  0  2  1  0  0 -3 -2  3  0 -3  0 -1 -1 -3 -2 -2    4   4   3   6   3   9  10   9   3   1   4  26   2   1   4   3   4   0   1   3  0.21 inf
  308 E   -2 -1  1  2 -4  2  3 -1  2 -3 -3  1 -1 -3  3 -1 -1 -3  0 -3    1   3   7  10   0   8  24   3   5   1   2   7   2   0  15   2   3   0   5   1  0.40 inf
  309 Y   -3 -1  4  0  4  0  0 -2  3 -3 -3 -1 -3  1  0 -1 -2 -2  4 -3    1   2  25   4   8   4   5   3   7   1   1   3   0   6   5   3   2   0  18   1  0.48 inf
  310 V   -1 -1 -1 -2 -2 -1 -1 -3 -2  1 -1  2  0 -1 -2 -1  2 -3  0  3    3   2   2   1   0   2   3   1   0   5   4  14   1   2   1   3  16   0   3  34  0.25 inf
  311 V   -2 -4 -4 -4 -3 -4 -4 -5 -4  4  2 -4 -1 -2 -4 -3 -2 -4 -3  5    1   0   0   0   0   0   1   1   0  22  21   1   0   0   0   1   1   0   0  48  0.87 inf
  312 E   -2  1 -1 -1 -4  1  3 -3  0  0  0  1 -2 -3 -3 -1  1 -4 -1  0    1   8   2   2   0   6  28   1   2   8   8  10   0   0   0   1  11   0   2   9  0.26 inf
  313 F   -5 -6 -6 -7 -5 -6 -6 -7 -5 -1  3 -6 -2  8 -7 -6 -5 -3 -1 -3    0   0   0   0   0   0   0   0   0   2  32   0   0  66   0   0   0   0   0   0  1.88 inf
  314 D   -4 -4  1  7 -6  0  0 -4 -4 -6 -2 -2 -5 -6 -5 -2 -4 -7 -6 -5    1   0   6  75   0   5   4   0   0   0   4   2   0   0   0   2   0   0   0   0  1.66 inf
  315 F    0  1 -6 -7 -6 -6 -6 -6 -5 -4 -3 -5 -3  9 -7 -5 -5 -3 -1 -4    9   8   0   0   0   0   0   0   0   0   0   0   0  83   0   0   0   0   0   0  2.20 inf
  316 L   -4  0 -6 -6 -4 -5 -5 -2 -5 -1  6 -5  1 -3 -2 -5 -4 -5 -4 -2    0   5   0   0   0   0   0   4   0   2  85   0   2   0   2   0   0   0   0   0  1.34 inf
  317 G   -2 -5  0 -4 -5 -4 -5  7 -5 -6 -6 -1 -5 -6 -3 -3  1 -6 -6 -6    1   0   4   0   0   0   0  81   0   0   0   5   0   0   1   0   8   0   0   0  1.72 inf
  318 K   -4  1 -3 -4 -6 -2 -2 -5 -4 -6 -6  7 -4 -6 -4 -1  1 -6 -5 -5    0   4   0   0   0   0   0   0   0   0   0  83   0   0   0   5   8   0   0   0  1.76 inf
  319 D   -5 -5  1  8 -6 -4 -2 -5 -4 -6 -7 -4 -6 -7 -5 -2  1 -7 -6 -6    0   0   5  85   0   0   0   0   0   0   0   0   0   0   0   2   8   0   0   0  2.14 inf
  320 S   -2  2 -3 -4 -1 -3 -3 -3 -4 -6 -6 -3 -2 -6 -4  7 -2 -6 -5 -5    1   9   0   0   1   0   0   1   0   0   0   0   1   0   0  86   0   0   0   0  1.69 inf
  321 I   -3 -4 -4 -4 -3  2 -4 -5 -4  6 -1 -4  4 -3 -4 -4 -3 -4 -3  2    1   0   0   0   0  10   1   1   0  61   2   0  10   0   0   1   0   0   0  12  1.10 inf
  322 R   -4  7 -3 -4 -5  0 -1 -4 -3 -4 -1  1 -3 -5  1 -3 -3 -5 -4 -4    1  72   0   0   0   4   3   1   0   0   5   4   0   0   6   1   0   0   0   1  1.45 inf
  323 Y   -4 -4 -4 -5 -4 -4 -1 -5 -2 -3 -3 -4 -3  4 -5 -3 -4  5  8 -1    1   0   0   0   0   0   5   1   0   0   1   0   0  14   0   1   0   6  62   5  1.72 inf
  324 Y   -3 -1  0 -1 -2  2  1 -4  2 -3 -2  0 -2  2 -4 -2 -1 -1  6 -2    1   3   6   3   1  11   9   1   4   1   3   7   1   7   0   1   3   0  37   2  0.63 inf
  325 N   -3  1  6  0 -4  2  1 -3 -1 -5 -5  2 -4 -5 -3 -2 -2 -5 -3 -4    2   6  51   4   0  10   9   1   1   0   1  12   0   0   0   1   0   0   1   1  0.99 inf
  326 K   -1  2 -2 -1 -2  0  3 -3 -2 -3 -3  1 -3 -2 -3  1  4 -2 -3 -2    2  13   0   2   1   3  22   1   1   1   2   7   0   1   0  11  31   1   0   2  0.46 inf
  327 V    0 -4 -4 -4 -3 -4 -4 -4  0  2  1 -4  0  1 -4 -2 -1 -4 -1  5    6   0   0   0   0   0   1   1   3   9   9   0   1   7   0   3   3   0   1  53  0.69 inf
  328 P    0 -1 -1  1  0  1  2 -3 -1 -2 -1  2 -1 -2  2  0  1 -4 -3 -1    5   2   1   9   2   4  18   1   1   1   6  15   1   1  11   5  11   0   0   4  0.23 inf
  329 V   -1 -4 -4 -5 -3 -4 -4 -4 -4  3  1 -4  0 -1 -4 -4 -2  3 -3  6    5   0   0   0   0   0   1   1   0  12   9   0   2   2   0   1   0   5   0  59  0.94 inf
  330 E   -2  0  1  4 -4  0  3  0  0 -2 -2  0 -3 -4  0 -1 -1 -4 -2 -3    2   4   7  29   0   2  23   6   3   2   3   6   0   0   4   4   2   0   1   2  0.45 inf
  331 K   -1  0 -1  0 -4  0  1 -2  1 -3 -2  3 -3 -3  5  0 -2 -4 -3 -3    5   4   1   4   0   4  10   2   4   1   3  26   0   1  26   6   2   0   0   1  0.56 inf
  332 R   -1  3 -2 -1 -4  5  1 -2 -1 -2 -1  0 -2 -4  2 -2 -2 -4 -1  0    5  14   0   3   0  34   7   3   1   2   5   4   0   0   9   2   1   0   2   6  0.47 inf
  333 V    2 -4 -4 -4 -3 -4 -4 -4 -4  1 -1 -4 -2  1 -4 -1 -2 -4 -3  6   15   0   0   0   0   0   1   1   0   5   3   0   0   7   0   5   0   0   0  60  0.87 inf
  334 F   -4 -2 -4 -5 -1 -1 -4 -5  1 -3 -1 -4 -3  7 -5 -3 -3  3  6 -2    1   2   0   0   1   3   1   1   4   0   5   0   0  42   0   2   1   3  30   2  1.26 inf
  335 K   -1  1  0  1 -4  1  2 -3  0 -2 -4  5 -3 -4 -3 -1 -1 -1  1 -4    3   4   3   6   0   4  12   1   2   3   1  49   0   0   0   2   2   1   5   1  0.67 inf
  336 N    1 -2  7 -1  0 -3 -2 -3  0 -4 -2 -3 -4 -4 -4 -2 -3 -5 -4 -1   12   2  65   1   2   0   1   1   2   0   5   1   0   0   0   2   1   0   0   4  1.30 inf
  337 L   -3 -4 -5 -5 -3 -4 -4 -5 -4  4  5 -4  3  1 -4 -4 -3 -3 -3  0    1   0   0   1   0   0   1   1   0  21  57   1   6   5   0   1   1   0   0   5  0.93 inf
  338 Q   -1  3 -1 -2 -1  4  0 -1 -1 -1 -2  3  0 -2 -3  0 -1 -3 -3 -1    5  15   1   1   2  19   5   5   1   4   3  24   2   2   1   4   3   0   0   3  0.35 inf
  339 L   -2  1 -2 -2 -3  1  1 -2 -1  2  2  1  1 -1 -2  0 -1 -3 -1  0    1   7   1   1   0   7  12   3   2  16  20   9   4   2   1   6   2   0   1   5  0.12 inf
  340 F   -4 -5 -5 -5 -1 -5 -5 -5 -4 -3  0 -5  1  8 -5 -5 -4  1  0 -3    1   0   0   1   2   0   1   1   0   0   9   1   3  76   0   1   1   2   1   1  1.95 inf
  341 M   -2  0 -3 -3  6  1 -2 -4 -3  1  0  3  4 -3 -3 -2  0 -4 -3  1    1   5   0   1  17   7   1   1   0   8   7  22  16   0   0   2   5   0   0   8  0.50 inf
  342 E    0  1 -1  1  0  1  3 -3 -1 -4 -4  5 -3 -4  0  0 -1 -4 -2 -3    7   6   1   6   2   4  17   1   1   0   1  38   0   0   5   5   2   0   1   2  0.52 inf
  343 N   -1  0  4  1 -4 -1 -1  3 -1 -4 -4  0 -3 -4  3  0 -2 -4 -4 -4    5   5  24   8   0   2   2  25   1   0   1   6   0   0  14   4   1   0   0   1  0.54 inf
  344 K   -3 -1 -3 -3 -5 -2 -2 -4  0 -1 -3  7 -4 -5 -1 -3 -3 -5 -4 -3    1   1   0   0   0   0   1   1   2   5   2  79   0   0   3   1   1   0   0   1  1.54 inf
  345 Q    0  1  0  1 -3  1  1  0  0 -4 -4  4 -3 -4 -3  1  0 -4 -3 -3    6   6   4   7   0   7   8   7   2   0   1  34   0   0   0  11   6   0   0   1  0.41 inf
  346 P    0 -2 -2  1 -4 -1  1  0 -3 -4 -4  2 -4 -5  6 -1 -1 -5 -4 -2    6   1   1   8   0   3   9   7   0   1   1  13   0   0  42   3   2   0   0   3  0.85 inf
  347 E   -1 -1  1  2 -2 -1  1  4 -1 -4 -4  1 -2 -4 -2  2  0 -4 -4 -4    2   2   6  11   1   1   9  30   1   0   1  10   1   0   1  18   5   0   0   0  0.46 inf
  348 D   -1 -3 -1  7  0 -1  2 -1  0 -1 -4 -2 -1 -5 -4 -2 -1 -5 -3 -3    4   0   1  58   2   2  12   3   2   4   1   1   1   0   0   1   3   0   1   2  1.04 inf
  349 D   -2 -3  1  5 -3  1  2 -2 -2 -3  0 -1  0 -2  1 -2 -3 -4 -2 -3    2   0   7  38   0   7  14   3   1   0  11   2   3   2   6   1   0   0   1   0  0.56 inf
  350 L   -3 -4 -5 -5 -3 -4 -4 -5 -5  4  4 -4 -1 -2 -4 -2 -3 -4 -3  3    1   0   0   0   0   0   0   0   0  25  45   0   0   0   0   4   0   0   0  22  0.87 inf
  351 F   -5 -5 -5 -5 -5 -5 -5 -5 -4 -3 -2 -5 -3  9 -5 -3 -4 -2  1 -4    1   0   0   0   0   0   1   1   0   0   2   0   0  85   0   3   1   0   3   1  2.33 inf
  352 D   -3  0  1  7 -5 -1  1 -4  0 -5 -5 -2 -4 -5 -4 -1 -3 -5 -1 -5    1   5   5  64   0   2   8   1   3   0   1   2   0   0   0   3   1   0   2   1  1.31 inf
  353 R   -2  5 -1  1 -1  2  1 -2 -1 -3 -2  2 -1 -4 -2 -1  0 -4 -2 -3    2  37   1   7   1  11   6   2   1   0   5  11   1   0   1   3   6   0   1   1  0.51 inf
  354 L   -1 -4 -5 -5 -3 -4 -4 -5 -4  4  4 -4  1 -1 -4 -3 -3 -3  1  1    4   0   0   0   0   0   0   0   0  27  48   0   2   1   0   2   0   0   5   7  0.78 inf
  355 N   -2 -2  5  3 -4 -1 -1 -1 -2 -4 -4 -2 -4 -4 -3  1  3 -5 -4 -3    2   2  34  18   0   2   2   3   0   0   1   1   0   0   0   8  23   0   0   2  0.77 inf
  356 T    0 -3 -3 -3  0 -3 -3 -2 -4 -2 -3 -3 -1 -3  3  1  5 -4 -4  0    9   0   0   0   2   0   1   2   0   1   1   0   1   1  16  10  45   0   0   8  0.76 inf
  357 G    1  0  0 -1 -2  1 -1 -1 -1 -3 -3 -1 -3 -3 -2  4  3 -4 -1 -2   13   5   3   2   1   6   2   4   1   1   1   1   0   0   1  32  22   0   3   2  0.41 inf
  358 I   -1  0 -1  0 -3  1  0 -1  1  2  0  2 -1 -2 -2  1  0 -3 -2  0    3   3   1   6   0   6   3   3   5  16   7  19   1   1   0  13   5   0   0   7  0.12 inf
  359 L   -4 -5 -6 -6 -4 -5 -6 -6 -6  0  6 -5  2 -2 -6 -5 -4 -5 -4  3    0   0   0   0   0   0   0   0   0   2  78   0   3   0   0   0   0   0   0  17  1.37 inf
  360 N   -5 -4  8 -1  5 -1 -4 -4 -3 -6 -6 -2 -5 -6 -5 -3 -3 -7 -6 -6    0   0  79   2  14   2   0   0   0   0   0   1   0   0   0   0   1   0   0   0  2.14 inf
  361 K    1  0  3  2  1  1  1 -3 -2 -4 -4  4 -2 -4 -3 -1  0 -5 -2 -3   14   4  16  10   3   4   6   0   0   0   1  34   1   0   0   1   4   0   1   1  0.50 inf
  362 H   -4 -1 -3 -5 -6 -1 -2 -2  9 -6 -5 -3 -4  2 -6 -4 -5  0  5 -6    0   2   0   0   0   2   3   3  60   0   0   1   0   7   0   0   0   1  20   0  1.98 inf
  363 L   -4 -4 -5 -6 -4 -2 -5 -6 -4 -1  6 -4  1  1 -5 -4 -3 -4  0  0    0   0   0   0   0   1   0   0   0   1  80   1   2   4   0   0   0   0   4   5  1.21 inf
  364 Q   -1  1  1 -1 -4  4 -1 -1 -1 -4 -4  4 -3 -3 -3  1  0 -4 -3 -4    2   6   7   1   0  23   2   5   1   0   0  33   0   1   0  13   5   0   0   0  0.59 inf
  365 D   -2 -2  1  2 -4  1  3  0 -1 -4 -4  1 -3 -2 -3  3  0 -4 -2 -4    1   1   7  12   0   4  27   8   1   0   0   7   0   1   0  25   5   0   1   0  0.47 inf
  366 L   -3 -1 -4 -4 -2 -1 -3 -5 -1  2  4 -2  1  2 -3 -3 -3 -2  4 -1    0   5   0   0   1   3   1   0   1  13  44   2   3  10   1   1   0   0  16   0  0.57 inf
  367 M   -4 -4 -5 -1 -4 -1 -4 -5 -4  1  0 -3 10 -3 -5 -3 -3 -5 -4  0    0   0   0   5   0   3   0   0   0   5   3   1  73   0   0   1   1   0   0   6  1.95 inf
  368 E   -3 -2 -1  3 -5  1  2 -4 -3 -3 -3  3 -4 -5  5 -1 -2 -5 -4 -2    1   0   2  19   0   6  12   0   0   1   2  24   0   0  28   2   2   0   0   3  0.78 inf
  369 G   -1 -1  1 -1 -5 -4 -2  7 -4 -6 -6 -3 -5 -6 -5 -3 -2 -6 -6 -6    2   4   6   2   0   0   3  79   0   0   0   0   0   0   0   0   3   0   0   0  1.59 inf
  370 L   -2 -5 -6 -7 -4 -5 -6 -6 -2 -1  6 -5 -1 -1 -6 -5 -4 -5 -4 -1    4   0   0   0   0   0   0   0   1   0  91   0   0   2   0   0   0   0   0   2  1.57 inf
  371 T   -2 -1 -3 -2 -4 -3 -3 -4 -4 -4 -4 -2 -2 -5 -4  3  6 -5 -5 -1    1   4   0   1   0   0   0   0   0   0   0   1   1   0   0  27  62   0   0   3  1.25 inf
  372 A    6 -3 -4 -5  1 -4 -4 -3 -4 -2 -4 -4 -4 -4  0 -1 -2 -2  1 -2   76   1   0   0   3   0   0   0   0   2   0   0   0   0   5   2   2   1   6   2  1.19 inf
  373 K   -2  1 -3 -3 -5  2 -2 -4  0 -5 -5  7 -4 -5 -3 -1 -3 -5 -4 -2    1   3   0   0   0  10   0   0   2   0   0  75   0   0   0   3   1   0   0   3  1.37 inf
  374 V   -2 -1 -4 -4 -3  0 -3 -5 -4  0 -1  1 -2 -3 -4 -2  0 -5 -3  6    0   3   0   0   0   4   1   0   0   2   2   9   0   0   0   2   4   0   0  71  0.96 inf
  375 F   -2 -5 -5 -3 -2 -5 -5 -5 -4 -1 -2 -3 -3  8 -6 -5 -4  5  1 -3    3   0   0   2   1   0   0   0   0   2   2   2   0  77   0   0   0   8   1   0  1.87 inf
  376 R   -4  8 -3 -4  0 -2  0 -5 -3 -5 -5  1 -4 -5 -5 -3 -4 -5 -4 -5    0  84   0   0   2   0   7   0   0   0   0   4   0   0   0   0   0   0   0   0  1.87 inf
  377 T   -3 -3 -2 -4 -3 -3 -3 -4 -4  1 -1  1 -3 -4 -4 -1  7 -5 -4 -1    0   0   1   0   0   0   0   0   0   7   4   9   0   0   0   0  74   0   0   2  1.28 inf
  378 Y   -4 -3 -4 -2  1 -3 -2 -5 -1 -4 -3  2 -3  2 -4 -3 -4 -1  8 -3    1   0   0   3   3   0   2   1   0   0   2  14   0   8   0   1   0   0  63   0  1.48 inf
  379 N   -3 -1  7 -1 -4  1 -1 -2 -2 -2 -2 -1 -1 -4 -4 -1 -1 -5 -4 -4    1   3  66   1   0   7   3   3   0   2   4   2   2   0   0   3   2   0   0   0  1.19 inf
  380 A    6 -3 -2 -4 -3 -1 -3 -2 -3 -3 -3 -1  3 -4 -3  0 -2 -4 -4 -2   75   0   1   0   0   2   0   1   0   0   1   2  10   0   0   3   1   0   0   0  1.09 inf
  381 S   -1 -3 -2 -1 -1 -2 -1 -3 -3 -1 -3 -2  2 -4 -3  6  0 -4 -4 -3    3   0   0   3   1   0   2   1   0   4   1   0   7   0   0  70   5   0   0   0  0.96 inf
  382 I   -1  0 -2 -2 -2 -1 -1 -3 -1  3  1  0  0  2 -3 -1  0  3  1  1    3   5   1   1   0   2   3   1   1  30  12   7   0   9   0   5   5   4   4   5  0.19 inf
  383 T   -2 -1 -2  1 -4 -1 -1 -4 -4 -1 -1 -2  0 -4 -4  0  6 -5 -4 -1    1   3   0   7   0   2   2   0   0   2   7   2   2   0   0   4  65   0   0   4  0.93 inf
  384 L   -2 -2 -5 -6 -3 -4 -5 -5 -4  0  5 -4  4  3 -5 -4 -2 -3 -2  1    2   3   0   0   0   0   0   0   0   1  57   0  14  11   0   0   1   0   0  11  0.87 inf
  385 Q   -2 -2 -1  4 -3  6  3 -4 -2 -5 -5  1 -4 -6 -4  0 -3 -5 -3 -5    1   0   1  23   1  40  20   0   0   0   0   8   0   0   0   5   0   0   0   0  1.01 inf
  386 Q   -2  1  2  2 -3  3  3 -1  0 -5 -4  1 -3 -5  2 -1 -1 -5 -4 -4    2   9  11  10   1  18  22   4   1   0   0   8   0   0  10   1   2   0   0   1  0.51 inf
  387 Q   -3  0 -1 -2  1  5  2 -4 -1 -2  1  1  1 -2 -4  0 -2  1  0 -3    0   3   2   0   4  31  16   0   1   2  15   8   4   1   0   5   1   2   3   1  0.45 inf
  388 L   -4 -4 -6 -6 -4  0 -5 -7 -5  0  6 -5  0  0 -6 -5 -4 -4 -4 -1    0   1   0   0   0   5   0   0   0   3  86   0   1   3   0   0   0   0   0   1  1.46 inf
  389 K   -1  2  1  2  1  1  0 -3  0 -3 -3  4 -3 -4  0  0  0 -5 -2 -3    3  12   7  15   4   4   4   0   2   1   1  30   0   0   4   5   4   0   1   1  0.41 inf
  390 E    0  1  0 -1 -4  1  3 -2 -1 -4 -3  4 -3 -4 -3  0 -2 -4 -3 -2    9   5   5   2   0   6  21   1   1   0   2  37   0   0   0   6   1   0   1   2  0.53 inf
  391 L   -1 -1 -2 -2 -3 -1  1 -2  1  2  2  2  1 -1 -1 -2  0 -2 -2  0    6   1   1   1   0   1   9   2   5  12  29  16   4   1   2   1   5   0   1   3  0.17 inf
  392 T   -2 -2  1  2 -4 -2  0 -3 -3 -1 -2  2 -2 -4  1  0  4  1 -3 -2    1   1   5  12   0   0   7   0   0   4   2  16   1   0   8   4  34   2   0   2  0.42 inf
  393 A   -1  2  2  0  2 -1  0  1 -2 -1 -2  0 -2 -3  4 -1 -1 -3 -3 -1    5  12  11   6   6   0   6  11   0   3   3   5   1   1  19   4   3   0   0   3  0.28 inf
  394 P    2  0  0  1 -3 -1  2 -2 -2 -1 -2  2 -1 -3  3  0  0 -2 -3 -2   19   5   4   7   0   1  13   2   1   4   2  15   1   0  14   5   4   0   0   1  0.27 inf
  395 D   -1  0  1  3 -4 -1  3  0 -2 -2 -3  2 -2 -3 -2  0 -2 -4 -1 -2    3   3   7  19   0   1  25   6   0   2   1  17   1   1   1   4   1   0   3   3  0.39 inf
  396 E    0 -1 -1  3 -1 -2  1  2  2 -1 -2 -1  0  1 -1  0 -1  0  1 -1    8   4   2  17   1   0   8  15   5   3   3   2   3   6   3   5   4   2   5   3  0.16 inf
  397 N   -2 -4  2  1 -4 -3 -1 -4  0 -2 -3  1 -4  2 -1  3  3 -5 -4 -1    3   0   9   9   0   0   3   0   2   2   3  10   0  10   3  23  17   0   0   4  0.44 inf
  398 I   -1 -2 -1 -1 -4  0  1 -5 -4  3  0 -1  0 -4  0 -1 -1 -5 -4  4    5   2   3   3   0   5  11   0   0  16   9   3   2   0   6   5   3   0   0  27  0.35 inf
  399 P    2 -1  1  0 -1  1 -2 -2  1 -1 -1 -1  0 -1  2  0  0 -4 -1 -1   23   3   7   6   1   7   2   2   4   3   7   4   3   2  11   6   6   0   2   3  0.19 inf
  400 A    0 -2  1  2 -1  1  5 -3  0 -1 -4  0  0 -2  0 -2 -2 -6 -2 -2    8   1   8  11   1   5  35   2   2   3   2   4   2   2   5   3   2   0   2   2  0.50 inf
  401 K   -1 -1 -2  1  0  1  2 -4 -3 -3 -1  6 -1 -5 -1 -2 -3 -5 -3 -4    4   2   1   7   2   5  10   0   0   1   8  52   1   0   2   2   1   0   1   0  0.79 inf
  402 I   -2 -2 -3  2 -3 -3 -2 -2 -2  3  3 -1  0  0 -4 -2 -2  1 -2  2    1   2   0  15   0   0   2   4   1  16  28   5   2   3   0   1   1   2   1  17  0.31 inf
  403 L    0 -1 -1 -1 -3 -1 -3 -3 -2  1  3  0  1 -1 -3 -1 -1 -3  1  1   10   4   4   3   0   2   0   1   1   6  38   8   2   1   0   3   3   0   6   8  0.23 inf
  404 S    1 -2 -2  2 -2  0 -1 -3  1 -1 -1  0 -2  2 -3  0  1 -3  0  1   16   1   0  16   1   3   2   0   4   2   4   8   0  10   0   8   9   0   3  11  0.16 inf
  405 Y    0 -2 -4  0 -5  0  2 -5  0 -4 -3 -2  0  2 -5 -4 -4 -2  8 -4    7   2   0   5   0   3  13   0   2   0   2   2   3   8   0   0   0   0  53   0  1.30 inf
  406 N   -1 -2  6  2 -5  2  3 -2 -3 -5 -5  0 -4 -5 -4 -2 -2 -5 -4 -5    4   2  44   8   0   8  21   2   0   0   0   6   0   0   0   2   1   0   0   0  1.00 inf
  407 R   -1  4 -1  1 -4  1  0 -4  2  0 -2  1 -3 -2 -4 -2 -3  8 -1 -4    5  23   3  10   0   6   6   0   5   6   3   7   0   1   0   3   1  19   2   0  0.66 inf
  408 A    5 -2 -4 -4  3 -1 -2 -3 -4  1 -3 -1 -2 -4 -4 -2 -3  0 -4  1   61   2   0   0   6   3   3   1   0   8   1   4   1   0   0   1   0   1   0   9  0.87 inf
  409 N   -2 -2  8 -2 -5  1  0 -4  1 -5 -3  1 -4 -5 -4 -3 -3 -6 -4 -5    2   2  66   0   0   6   5   1   3   0   3  10   0   0   0   0   0   0   0   0  1.51 inf
  410 R   -2  5 -3 -3 -5  0  2 -4 -1 -2  0  3 -3 -4 -4 -3 -1 -4 -2 -2    2  37   0   0   0   4  13   1   1   2   9  21   0   0   0   0   4   0   1   3  0.72 inf
  411 A    1 -1 -1 -1 -4  2  3 -3  6 -2 -2  1  0 -4 -3 -2 -1 -4 -2 -2   12   3   2   3   0  10  22   0  24   3   4   8   3   0   0   0   3   0   0   2  0.55 inf
  412 V    0 -1 -4 -4 -3  3 -1 -3  2  0 -2 -1 -2 -3 -4 -3 -3 -4 -3  5    9   3   0   0   0  16   2   1   5   3   2   3   0   0   0   1   0   0   0  51  0.72 inf
  413 A    6 -2 -2 -2 -3 -2 -1 -3  0 -4 -4 -1 -3 -3 -3  0 -1 -5 -4 -3   72   2   2   2   0   1   3   1   2   0   1   4   0   1   0   4   4   0   0   0  1.06 inf
  414 I   -1 -2 -4 -4 -3 -2 -2 -3 -4  5 -1 -1  0  3 -4 -1 -2 -3  0  2    4   2   0   0   0   1   3   2   0  47   3   4   2  12   0   5   0   0   3  10  0.59 inf
  415 L   -3 -4 -4 -5 -3 -4 -4 -5  0  2  5 -2  2  1 -4 -2 -2 -3 -1 -1    1   0   0   0   0   0   0   0   3  10  64   3   4   6   0   2   2   0   2   0  0.81 inf
  416 C   -1 -3 -4 -2  9 -1  0 -5 -5 -3 -2 -1 -3 -4 -4 -3 -3 -5 -4  2    5   1   0   3  55   2   6   0   0   0   3   3   0   0   0   0   0   0   0  18  1.55 inf
  417 N   -3  0  7 -1 -5 -2  3 -2 -2 -5 -5  0 -4 -5 -4 -1 -2 -5 -2 -5    2   6  58   1   0   0  18   3   0   0   1   5   0   0   0   3   2   0   1   0  1.17 inf
  418 H   -4 -3 -1  0 -5  2  3 -4  9 -5 -5 -3 -4 -4 -4 -3 -1 -5 -2 -5    0   0   2   4   0  10  19   0  58   0   1   0   0   0   0   0   4   0   0   0  1.73 inf
  419 Q   -2  2  0 -1  1  7  0 -3 -2 -5 -4  2 -1 -5 -4 -2 -3 -4 -4 -4    2   9   4   2   3  54   4   2   0   0   1  13   2   0   0   2   0   0   0   0  1.05 inf
  420 E   -3  7 -3 -3 -5  0  2 -4 -3 -5 -4  3 -4 -5 -2 -3 -2 -5 -4 -4    1  60   0   0   0   2  14   1   0   0   1  13   0   0   2   1   2   0   0   0  1.27 inf
  421 K    1  0 -1 -2 -3  2 -1 -1  0 -2 -2  3 -2 -1 -2  2  3 -4 -3 -2   10   4   2   0   0  11   2   3   2   2   4  19   0   2   0  16  21   0   0   0  0.29 inf
  422 S    0  0  0 -1 -2  1 -1 -2 -3  2  0  0  0 -2 -1  1 -1 -1 -2  3    6   5   4   2   0   6   4   1   0  12   5   8   3   0   2  12   2   1   0  26  0.15 inf
  423 M   -1 -1 -1 -3 -3 -2 -2 -1 -2  1 -1  0  4 -3  4  2  1 -2 -3  1    3   3   2   0   0   0   0   5   1   8   3   8  13   0  19  17   8   1   0   9  0.35 inf
  424 M    1  1 -2 -2 -4  1  2 -3 -3 -4 -2  5  0 -2 -3 -1  0 -4 -3 -3   14   4   1   1   0   5  12   1   0   0   5  42   3   2   0   2   5   0   0   1  0.56 inf
  425 N    0  0  3 -2 -3  0  0  0 -2 -3 -2  2  1 -4  1  1  1 -4 -3 -3    7   5  17   0   0   4   4   6   0   0   3  17   5   0   7  11  11   0   0   1  0.30 inf
  426 L   -2 -3 -3 -4 -4  0 -2 -3  7  0  2  1 -1  3 -3 -3 -2 -1 -1 -3    3   0   0   0   0   3   2   2  29   7  23  10   1  12   1   0   3   1   1   0  0.62 inf
  427 Q    1  0  1  2 -3  3  3 -1 -1 -3 -2  0 -1  0 -1  0 -1 -3 -2 -3   12   4   5  13   0  14  18   5   1   1   3   4   2   6   3   4   2   0   1   0  0.24 inf
  428 T    1  0  0  0 -3  2  3 -2 -2 -3 -3  3 -2 -4  0  1  1 -4 -3 -2   14   4   3   5   0   8  18   1   1   1   1  20   0   0   3   9   9   0   0   2  0.33 inf
  429 K   -1  0 -1  1 -4  4  2 -2 -2 -4 -4  4 -2 -5 -1  2  0 -4 -4 -4    4   2   1   8   0  18  10   2   0   1   1  30   1   0   3  14   4   0   0   0  0.54 inf
  430 I   -1 -2  1 -1 -3 -2 -2 -4 -1  3  2 -2  6  0 -2 -1 -2 -4 -3  0    3   1   7   3   0   1   3   0   2  20  15   3  25   3   2   5   0   0   0   6  0.43 inf
  431 D   -1  0  1  3 -1  3  4 -2 -1 -4 -4  1 -2 -4 -2  0 -2 -4 -4 -4    3   3   7  17   2  13  31   2   1   1   1   9   1   1   1   6   2   0   0   1  0.56 inf
  432 A    2  2  0 -2 -3  1  1 -3 -3 -3 -3  5 -2 -2 -3 -1 -1 -5 -4 -3   18   9   4   0   0   5  10   0   0   2   1  42   1   2   0   2   3   0   0   1  0.64 inf
  433 K   -1  2 -3  0 -4 -1 -2 -4 -3  0  2  4  3 -3 -4 -2  0 -4 -3 -2    4  10   0   4   0   2   1   0   0   6  22  33  10   0   0   2   5   0   0   0  0.49 inf
  434 K   -2  2  2  0 -4  1  1 -2  0 -2  0  3  1 -2 -1  0 -1 -4 -3 -3    2  12  10   5   0   4   8   2   3   1   8  27   5   2   2   5   2   0   0   1  0.29 inf
  435 E    0  0 -1  3 -5  1  5 -2 -2 -3 -3  0 -1 -4 -2 -1 -1 -5 -2 -2   10   4   1  15   0   5  39   2   1   1   2   6   1   0   2   4   2   0   1   3  0.54 inf
  436 Q    0  1  0 -1 -5  3  1 -4 -3 -4 -4  5 -2 -4  0 -1 -1  2 -3 -2    8   7   4   2   0  16   6   0   0   0   1  38   1   0   4   2   3   3   1   3  0.59 inf
  437 L   -2 -2 -4 -1 -3 -3 -2 -5 -4  5  3 -3  1 -1 -3 -1 -2 -1 -3  2    3   3   0   4   0   1   3   0   0  36  28   1   3   1   1   5   1   1   0  10  0.53 inf
  438 A    0  0  0  0 -2  1  0  0  2  0  0  0  1  1 -2  0  0 -2  1  0    6   6   6   6   0   6   6   6   6   6   6   6   6   6   0   6   6   0   6   6  0.04 inf
  439 D    0 -3 -1  3 -5  0  5 -1 -3 -2 -1  0 -1 -5 -4 -2 -2 -5  0 -3    7   0   3  18   0   4  37   6   0   3   5   6   2   0   0   2   2   0   3   2  0.60 inf
  440 A    2  0 -2 -2  2 -1 -2 -2 -1  1  2  0  1 -1 -3 -2  0 -3  0  0   17   6   1   1   5   2   2   2   2   9  25   6   4   2   0   2   5   0   3   4  0.17 inf
  441 R   -2  2 -1 -1 -5  3  3 -4  0  0 -3  4 -1 -5 -1 -1 -2 -5 -4 -3    2  12   3   2   0  14  19   0   2   7   2  23   2   0   3   3   2   0   0   2  0.52 inf
  442 R    0  1 -1  0 -4  2  2 -3 -1 -2 -2  3 -1 -2 -4 -1  0  3  2 -2    7   8   2   5   0   8  11   1   1   3   4  23   2   1   0   3   5   4   7   2  0.29 inf
  443 D   -1 -1 -2  2 -5  4  4  0  1 -2 -2  0 -1 -4 -2 -2 -2  0  0 -3    4   3   1  12   0  19  25   7   4   3   3   6   1   0   1   2   2   1   4   2  0.44 inf
  444 L   -2  0 -5 -5 -1 -1 -3 -5 -2  2  4  1  2 -1 -2 -4 -3 -1  0  1    3   4   0   0   1   2   2   0   1   9  46   9   4   2   2   0   1   1   3   9  0.57 inf
  445 K   -1  1 -1  0 -5  0  1 -3 -1 -1 -2  5  1 -2 -3 -2 -2  1 -1 -3    4   8   3   5   0   3   9   1   1   4   4  40   5   2   1   1   2   2   2   2  0.54 inf
  446 S    0  3 -2  1 -3  1  2 -3  0 -4 -3  3 -3 -2 -3 -1 -1  3  2 -4    9  17   1   8   0   5  15   1   2   1   2  18   0   2   1   4   3   4   7   0  0.41 inf
  447 A    3 -2 -3 -3  2  2 -1 -3 -2 -1  2  0  0 -3 -4 -2 -2 -1 -1 -1   30   2   1   1   5  11   4   1   1   4  24   5   2   1   0   1   2   1   2   3  0.41 inf
  448 K   -4  2 -1 -2 -2  2  2 -5 -1 -4 -4  6  0 -4 -5 -3 -4 -6 -5 -5    1  12   3   2   1   9  14   1   1   1   1  50   2   1   0   1   1   0   0   1  1.16 inf
  449 A    2  2 -3 -1 -4  0  1 -3 -1 -1 -2  4 -1 -4 -2 -1 -1  4 -3 -2   16  11   1   4   0   3   8   1   1   4   4  27   2   0   2   4   3   5   1   2  0.40 inf
  450 D   -1  2  1  4 -5  1  2  0 -3 -2 -3  0  1 -3 -3 -1 -1 -5  0 -2    6  10   5  22   0   5  16   8   0   2   3   6   5   1   1   2   3   0   3   2  0.34 inf
  451 A    1 -1 -2 -3 -1 -1  0 -1  1  0  2  2  1  0 -3 -1  0 -3  1 -1   15   2   1   1   1   3   6   4   3   6  23  13   3   3   0   3   5   0   5   3  0.14 inf
  452 K   -2  1 -1 -2 -6  0  0 -3 -2 -3 -1  6 -3 -2  0 -3 -1 -6 -3 -3    2   7   2   2   0   3   6   2   1   1   8  50   0   2   5   1   4   0   1   2  0.81 inf
  453 V    0  0 -1  1 -2  1  0 -2  0 -1  0  1  0  0  1  0  0 -1 -1 -1    9   4   3   7   0   8   7   2   3   3   9  12   3   5   8   5   4   1   2   5  0.07 inf
  454 M    0  1 -1 -1 -3  0  0 -2  2  0  1  2  3 -1 -3 -1  0 -4 -1  0    7   7   3   2   0   4   7   2   5   5  17  13   9   2   1   4   5   0   1   5  0.13 inf
  455 K   -1  1  0  1 -4  0  1  1  0  0 -2  3  1 -2  0 -1 -2 -4 -3 -2    5   6   5   7   0   3  10  11   2   7   3  22   4   2   4   3   2   0   1   2  0.20 inf
  456 D   -1 -2 -2  3 -3  0  2 -1 -2 -3  0  3 -3 -5  1  1 -2 -5 -4 -3    5   1   1  18   0   3  13   4   1   1  11  17   0   0   6  13   2   0   0   2  0.35 inf
  457 A    1 -1  2  1 -3 -1  1  1 -2 -2 -2  1 -2 -2  0  1 -1 -4 -2  0   12   2   9   9   0   2   9  12   1   1   2  10   1   2   3  10   3   0   1   9  0.15 inf
  458 K   -2  0 -2 -2 -5  0  1 -2  0 -2  0  6 -3 -5 -1 -2 -3 -5 -2 -2    4   4   1   2   0   3   8   3   2   2  10  47   1   0   4   3   1   0   1   2  0.72 inf
  459 T   -1  2 -1  1 -4 -1  2 -2 -1 -2 -1  3 -2 -2 -2  1  0 -5 -3 -3    5  13   2   9   0   1  13   3   1   2   6  22   1   2   2  11   7   0   1   1  0.32 inf
  460 K   -2  0  1 -2 -5  0  0  0 -4 -3 -2  5 -3 -3  2 -1 -1 -2 -5 -4    3   3   7   2   0   4   5   7   0   1   4  41   1   1  11   4   3   1   0   1  0.65 inf
  461 K    0  0 -1 -1 -2  0 -1 -2 -2 -2  0  4  2 -3 -1  1  0 -5 -4  0    7   3   2   3   1   3   2   2   1   2   9  32   5   1   4  12   5   0   0   6  0.32 inf
  462 V    0 -1  1  0 -2  0 -1 -2 -1  0  0  1 -1 -1 -1  0  2 -4 -1  0   10   3   8   5   1   5   3   2   1   5  11  11   1   3   2   5  16   0   1   7  0.09 inf
  463 V   -1 -1 -2 -1 -2 -2  0 -1 -1  0  0  1 -1 -1  3 -2 -1 -2  2  1    6   2   2   4   1   1   6   4   1   5  12  12   1   3  15   2   2   1   7  14  0.17 inf
  464 E   -1 -2 -1  3 -6 -1  5 -3 -2 -6 -4  2 -5 -3 -2 -1 -1  0 -5 -5    5   2   3  13   0   2  43   2   1   0   2  14   0   1   2   4   4   1   0   1  0.84 inf
  465 S    1  0 -2 -3 -3  2 -1 -2 -4 -1 -2  5 -3 -1 -2 -1 -2 -2  1 -1   12   3   2   1   0   8   4   2   0   3   3  40   0   2   2   4   2   1   4   5  0.56 inf
  466 K   -1  0 -2  0  0 -2 -1 -4 -2  1  1  4  0  1 -3 -2 -3  1 -2  0    5   4   2   6   2   1   4   1   1   8  16  31   2   6   1   1   1   2   1   5  0.34 inf
  467 K   -1 -1 -3  1 -6  2  4  0 -3 -5 -4  4 -5 -1  1 -3 -3 -6 -5 -3    4   3   1   6   0   7  26   7   0   1   1  29   0   3   7   1   1   0   0   2  0.68 inf
  468 K    0  1  0  0 -5  1  2 -3  0 -4 -4  5  0 -3 -2 -1 -1 -2 -2 -3    9   8   4   6   0   6  13   2   2   1   1  33   3   1   1   4   3   1   2   2  0.52 inf
  469 A    1  1 -1 -1 -5  3  1 -3 -3  0 -1  4  1 -1 -1 -1 -1 -2  0 -2   10   6   2   3   0  14   7   2   0   5   7  24   3   3   3   3   2   0   3   1  0.30 inf
  470 V   -2 -3 -2 -2 -4 -3 -2 -4 -3  4  3 -2  1  2 -3 -1 -2  1  0  2    2   1   2   3   0   1   3   1   0  23  26   3   3   8   1   5   1   2   3  12  0.41 inf
  471 Q    1 -1 -2  3 -6  2  4 -4 -2 -4 -3  1 -1  1 -3 -1 -1 -6 -4 -4   12   3   1  16   0  10  29   0   1   1   2   9   2   6   1   4   3   0   0   1  0.58 inf
  472 R    0  4 -2 -1 -6  3  1 -4 -4 -2 -1  4 -1 -5 -5 -1 -1 -1 -5 -3    7  22   1   3   0  11   9   1   0   2   7  27   2   0   0   3   3   1   0   1  0.64 inf
  473 L   -2 -3 -4  0 -1 -1 -2 -5  2  2  4 -2  1 -2 -5 -3  1  2 -2  0    3   1   0   5   1   2   3   0   5  12  40   3   3   1   0   1   9   3   1   5  0.50 inf
  474 E   -3 -1  1  3 -4  1  4 -4 -3 -3 -4  4 -4 -3 -4 -1 -2 -6 -4 -4    2   3   7  17   0   6  28   1   0   1   2  23   0   1   1   3   3   0   1   1  0.74 inf
  475 E   -1 -3 -1  3 -7  1  6 -3 -4 -6 -5  1 -3 -7 -4 -2 -2 -7 -4 -4    6   1   2  17   0   6  49   2   0   0   1   7   1   0   0   2   3   0   1   1  1.13 inf
  476 Q   -2  4 -2  0 -6  5  2 -5 -3 -5 -4  3 -1 -4 -5 -2 -4  3 -3 -5    4  23   2   6   0  24  10   0   0   1   1  18   2   1   0   3   0   4   1   1  0.88 inf
  477 L   -2 -2 -6 -6 -5 -1 -1 -4 -3  5  4 -4  2 -2 -6 -4 -4  2 -2  0    3   2   0   0   0   4   4   1   1  33  35   1   5   1   0   1   0   3   1   5  0.83 inf
  478 M    1  0 -2  0 -4  0  3 -3  0 -1 -1  3  2 -3 -4 -1  0  0 -2 -1   11   4   2   5   0   3  22   1   2   4   5  20   5   1   0   4   5   1   1   5  0.31 inf
  479 K   -1  1  0 -1 -6  0  1 -4  0 -2 -4  6 -3 -6 -2 -3  1 -2 -5 -4    6   7   4   4   0   4   7   1   2   3   1  49   1   0   2   1   8   1   0   1  0.90 inf
  480 L   -2 -2 -3 -4 -5 -1 -1 -6  3  2  4  0  5 -2 -5 -4 -2 -3 -4 -1    3   2   1   1   0   2   5   0   7   9  41   6  16   1   0   1   2   0   0   2  0.74 inf
  481 E   -3 -2  0 -1 -2  1  5 -4  3 -5 -3  2 -4 -3 -5  0 -2  3 -2 -3    2   2   4   3   1   5  44   1   7   0   2  13   0   1   0   6   2   4   1   2  0.85 inf
  482 V   -1  0 -2 -3 -3 -1 -1 -3  2  3  2  0  1 -1 -4 -2 -1 -4 -3  2    4   6   2   1   0   2   4   2   6  16  24   7   3   2   0   3   4   0   0  14  0.27 inf
  483 Q   -2  1 -2  2 -7  7  1 -5 -2 -6 -4  3 -2 -7 -4 -3 -2 -6 -6 -4    3   6   2  10   0  45   8   1   1   0   1  16   1   0   1   1   3   0   0   1  1.19 inf
  484 A    2 -1 -4 -2 -5  0  2 -5 -4  2  1  2  5 -4 -5 -2 -4 -5 -5 -1   21   3   1   2   0   3  14   0   0  12  11  15  15   0   0   2   0   0   0   3  0.54 inf
  485 T   -1  1 -1 -1 -5  1  1 -4 -1  1 -2  2 -3  2 -4 -2  4 -4  1 -2    5   6   3   3   0   6   9   1   1   8   4  13   0  10   0   1  24   0   4   1  0.34 inf
  486 D   -3 -5  0  6 -6 -2  2 -2 -2 -1  1 -2  1 -4 -5 -3  1 -6 -2 -1    1   0   4  42   0   1  11   3   1   4  12   2   3   1   0   1   9   0   1   4  0.80 inf
  487 R   -3  5 -5 -5 -7 -1 -3 -6 -3 -3 -4  6 -4 -7 -4 -3 -1 -7 -6 -3    2  27   0   0   0   2   1   0   1   2   2  54   0   0   1   2   4   0   0   2  1.50 inf
  488 E   -5 -5 -3  4 -7 -1  7 -6 -5 -5 -6  0 -6 -4 -6 -3 -2 -7 -6 -4    0   0   1  25   0   2  59   0   0   1   1   5   0   1   0   1   3   0   0   1  1.65 inf
  489 E   -2 -1  2  4 -6 -2  5 -2 -4 -3 -5  1 -5 -3 -5 -2 -4 -1 -3 -3    3   3   9  18   0   1  43   3   0   2   1   9   0   2   0   3   0   1   1   2  0.92 inf
  490 N   -3 -4  6 -2 -6  1  0 -1 -4 -3  1 -1  0 -5 -5 -2  0 -6 -2 -3    2   0  44   2   0   7   7   4   0   2  14   3   2   0   0   2   6   0   1   2  0.87 inf
  491 K   -4  2 -5 -3 -7 -3 -4 -6 -5 -7 -7  8 -6 -7 -6 -1 -5 -7 -6 -7    1   8   0   1   0   1   0   0   0   0   0  81   0   0   0   5   0   0   0   0  2.24 inf
  492 Q   -3 -1 -1  0 -3  4  4 -4 -3 -5 -3 -3 -5 -6 -5 -2  5 -6 -4 -4    1   3   3   6   1  16  29   1   1   0   3   1   0   0   0   2  32   0   0   1  0.95 inf
  493 I   -5 -6 -6 -7 -5 -4 -4 -7 -6  5 -2 -6 -3 -4 -6 -6 -2 -6  1  6    0   0   0   0   0   1   2   0   0  26   2   0   0   0   0   0   2   0   6  59  1.59 inf
  494 A    6 -5  1 -4 -5 -5 -5 -4 -5 -5 -6 -3 -5 -6 -5  3 -3 -6 -6 -3   68   0   5   0   0   0   0   0   0   0   0   1   0   0   0  18   1   0   0   1  1.51 inf
  495 L   -5 -6 -5 -3 -6 -3 -1 -7 -6 -2  6 -6 -3 -3 -7 -6 -4 -6 -5 -3    0   0   1   2   0   1   5   0   0   1  85   0   0   1   0   0   1   0   0   1  1.77 inf
  496 G   -3 -3 -1 -5 -6 -5 -4  7 -6 -7 -7 -4 -6 -7 -6  1 -2  0 -7 -7    1   2   2   0   0   0   1  77   0   0   0   1   0   0   0  11   3   1   0   0  1.88 inf
  497 T   -4 -2 -5 -5 -5 -5 -3 -6 -6 -5 -5 -5  1 -2 -6 -2  8 -7 -6 -5    1   2   0   0   0   0   2   0   0   0   0   0   3   2   0   2  87   0   0   0  2.31 inf
  498 S   -2 -5 -4 -5 -5 -5 -2 -5 -5 -7 -7 -2 -6 -7 -5  7 -2 -7 -6 -6    3   0   0   0   0   0   2   0   0   0   0   3   0   0   0  88   2   0   0   0  2.15 inf
  499 K   -5 -2 -5 -5 -7 -1 -3 -6 -5 -6 -1  8 -5 -7 -5 -5 -3 -7 -6 -6    0   1   0   0   0   2   1   0   0   0   6  86   0   0   0   0   2   0   0   0  2.28 inf
  500 L   -3  0 -6 -6 -5 -2 -5 -6 -6  6  4 -5  2 -3 -6 -5 -1 -5 -4  0    2   6   0   0   0   2   0   0   0  45  32   0   4   0   0   0   5   0   0   3  1.12 inf
  501 N   -6 -5  9 -4 -7 -5 -3 -5 -4 -3 -7 -5 -6 -7 -6 -2 -5 -7 -3 -7    0   0  89   0   0   0   2   0   0   2   0   0   0   0   0   3   0   0   1   0  2.79 inf
  502 F   -2 -2 -2 -2  1 -1  1 -3  0 -2  0 -2 -1  2 -2 -2 -2  1  7 -2    1   1   1   1   4   1  12   1   0   1  10   1   0   3   1   1   1   0  59   1  0.65 inf
  503 L   -1 -2 -1 -3  0 -2 -2 -3 -2  3  3 -2  3  0 -2 -2 -1 -2 -1  1    1   1   4   1   2   1   1   1   0  23  48   1   9   1   1   1   1   0   1   1  0.29 inf
  504 D   -2 -2  1  6 -3 -1  2 -2 -1 -3 -3 -1 -3 -3 -2 -1 -1 -3 -3 -3    1   1   5  72   0   1   7   1   0   1   2   1   0   1   1   1   1   0   1   1  0.89 inf
  505 P   -1 -2 -2 -1 -3 -1  2 -2 -2 -3 -3 -1 -3 -3  7 -1 -2 -3 -3 -3    1   1   1   1   0   1  23   1   0   1   1   1   0   1  64   1   1   0   0   1  1.34 inf
  506 R   -2  6 -1 -2 -3  0 -1 -2 -1 -3 -2  1 -2 -3 -2  0 -1 -3 -2 -3    1  75   1   1   0   1   1   1   0   1   1   1   0   1   1   9   1   0   0   1  0.81 inf
  507 I   -2 -3 -3 -3 -2 -3 -3 -3 -3  4  3 -3  1 -1 -3 -2 -1 -2 -2  2    1   1   0   1   0   0   1   1   0  43  33   1   0   0   1   1   1   0   0  15  0.42 inf
  508 T    0 -1  0 -1 -2  2 -1 -1 -1 -1  0 -1  0  0 -2  2  3 -2 -1 -1    1   1   2   1   0  17   1   4   0   2   9   1   2   5   1  23  29   0   2   1  0.20 inf
  509 V    1 -1 -2 -2 -1 -1 -2 -2 -2  2  0  1  0 -1 -2 -1  0 -3 -1  3   14   1   1   1   0   2   1   1   0   7   3  16   0   2   1   2   2   0   2  47  0.19 inf
  510 A    3 -2 -1 -2 -1 -1  0 -1 -2  0  0 -1  0 -2 -1  1  0 -3 -2  1   44   1   2   1   0   0   9   2   0   1   8   1   3   0   1   5   5   0   0  17  0.18 inf
  511 W   -3 -3 -3 -3  0 -2 -3 -3 -2 -2 -1 -3 -2  4 -3 -3 -2 10  2 -2    1   1   1   1   2   1   1   1   0   1   4   1   0  20   1   1   1  58   2   1  1.63 inf
  512 C    0 -1 -2 -2  8 -2 -2 -1 -2 -1  0 -2  0 -2 -2  1  0 -2 -2 -1    6   5   1   1  45   1   1   4   0   1  12   1   2   1   1  12   6   0   1   1  0.57 inf
  513 K   -1  1  0  0 -1  0  1 -2 -1 -3 -3  6 -2 -4 -2 -1 -2 -4 -3 -2    2   3   3   5   2   1   9   1   1   1   2  66   0   0   0   1   0   0   0   2  0.67 inf
  514 K   -1  3 -1 -1 -4  0  1 -3 -1 -3 -3  5 -2 -2 -1 -1 -1 -3  0 -2    2  16   1   1   0   1   7   1   1   1   1  54   0   1   2   2   2   0   5   1  0.55 inf
  515 W   -2 -2  0 -2  0 -1 -1 -3  4 -1 -1 -2 -1  4 -3 -1 -1  5  4  0    1   2   4   1   2   1   3   1  14   1   1   2   2  27   1   4   4   8  14   8  0.43 inf
  516 G   -1 -1  2  3 -3  0  3  3 -1 -3 -3  0 -3 -3 -2  0 -1 -3 -3 -3    1   2  11  24   0   1  24  23   0   1   1   3   0   1   1   3   2   0   0   1  0.47 inf
  517 V   -1 -2 -3 -3 -1 -2 -3 -3 -3  2  0  1 -1 -1 -3 -2 -1 -3  0  5    4   0   0   1   1   0   1   1   0   7   7  11   0   1   1   1   1   0   3  61  0.49 inf
  518 P   -2 -3 -1  2 -4 -2  1 -2 -3 -4 -4 -1 -3 -4  7 -1 -2 -4 -4 -3    1   1   2  14   0   0   8   2   0   1   1   2   0   0  65   2   1   0   0   1  1.47 inf
  519 I   -2 -3  0 -4 -2 -2 -4 -4 -4  5  1 -3  1 -1 -1 -3 -2  5 -2  2    0   0   6   0   0   1   0   0   0  49  10   0   2   0   3   0   0  11   0  16  0.58 inf
  520 E   -1  0  0  1 -4  0  6 -3 -1 -4 -4 -1 -3 -4 -1 -1 -1 -4 -3 -4    3   3   3   5   0   1  74   1   1   0   0   0   0   0   2   3   4   0   0   0  0.99 inf
  521 K   -2  1 -2 -2 -4  0  1 -3 -2 -4 -3  6 -3 -4 -3 -1 -1 -4 -3 -3    2   5   0   0   0   0   6   1   0   0   2  78   0   0   0   1   2   0   0   1  1.01 inf
  522 I   -2 -3 -4 -4 -1 -3 -4 -5 -4  4  2 -1  1  2 -2 -3 -2 -3 -2  3    1   0   0   0   1   0   0   0   0  44  17   4   2   9   1   0   0   0   0  21  0.52 inf
  523 Y   -4  0 -4 -5 -4 -4 -4 -5 -1 -2 -2 -4 -2  6 -5 -4 -4  3  7 -3    0   6   0   0   0   0   0   0   0   0   1   0   0  48   0   0   0   3  43   0  1.41 inf
  524 N    0 -2  4 -1 -3  1 -1 -1 -1 -3 -3 -1 -2 -4  1  3  3 -4 -3 -2    8   0  29   0   0   7   0   2   1   0   0   0   0   0   5  25  23   0   0   0  0.48 inf
  525 K    0  1 -2 -2 -4  1  0 -3 -2 -4 -4  6 -3 -4 -1  0 -2 -4 -2 -4    5   4   0   0   0   6   1   0   0   0   0  75   0   0   2   5   1   0   1   0  0.96 inf
  526 T    1 -3 -2 -3  1 -2 -2 -2 -3 -2 -2 -2 -2 -3 -3  2  5 -3  1 -1   14   0   0   0   3   0   0   2   0   1   1   0   0   0   0  12  61   0   6   1  0.69 inf
  527 Q   -1 -2 -3 -3 -3  4 -2 -4 -1  0  4 -2  1 -1 -3 -2 -1 -3 -1 -1    6   0   0   0   0  26   0   0   1   4  56   0   2   0   0   0   3   0   1   0  0.49 inf
  528 R   -3  6 -2 -3 -1  3 -1 -4 -2 -1  1  0 -1 -3 -3 -2 -2 -4 -3 -1    0  60   0   0   1  15   0   0   0   4  15   1   1   0   0   0   0   0   0   4  0.79 inf
  529 E    1  1  1  3 -4  1  4 -2 -1 -3 -3  1 -2 -4 -2 -1  0 -4 -3 -3   12   6   8  17   0   3  37   0   0   0   1   9   1   0   0   1   5   0   0   1  0.45 inf
  530 K   -3  2 -2 -3 -5  0 -1 -3 -2 -5 -4  7 -3 -5 -3 -2 -2 -5 -4 -4    0   5   0   0   0   1   0   0   0   0   0  94   0   0   0   0   0   0   0   0  1.47 inf
  531 F   -4 -5 -5 -5 -4 -5 -5 -5 -1 -2  0 -5  1  8 -6 -4 -4 -1  1 -3    0   0   0   0   0   0   0   0   1   0   5   0   3  90   0   0   0   0   0   0  1.79 inf
  532 A    2  1  0 -1 -2 -1  0 -1  0 -1 -1  1 -1 -2  2  0  0 -3 -2  0   28   7   4   3   0   1   4   1   2   2   6  14   0   2  12   1   6   0   0   6  0.17 inf
  533 W   -5 -6 -7 -7 -1 -5 -6 -5 -5 -5 -4 -6 -4 -2 -7 -6 -5 13  0 -6    0   0   0   0   2   0   0   0   0   0   0   0   0   0   0   0   0  98   0   0  4.14 inf
  534 A    6 -3 -3 -3 -2 -2 -3 -2 -3 -3 -3 -2 -2 -4 -3  0 -2 -4 -3  0   91   0   0   0   0   0   0   0   0   0   0   0   0   0   0   4   0   0   0   6  1.09 inf
  535 I   -2 -1 -3 -4 -3 -2 -2 -4 -3  4  2 -3  6  0 -4 -3  0 -3 -2  1    1   3   0   0   0   1   3   0   0  35  13   0  33   2   0   0   4   0   0   3  0.56 inf
  536 D   -1 -1  1  5 -4  0  3 -1  1 -4 -4  1 -3 -4 -2 -1 -1 -4 -2 -3    6   0   7  45   0   3  18   5   3   0   1   9   0   0   0   0   1   0   1   0  0.62 inf
  537 M   -1 -2 -2 -2  3 -1  0 -3  0  0 -1 -2  5 -1 -3  2  0 -3 -1  2    2   2   0   1   7   1   7   0   3   3   0   0  23   2   0  20   3   0   1  23  0.25 inf
  538 A    2 -1 -1 -1 -1 -1 -1 -1 -2 -1 -1  0 -1 -2  1  0  2 -3 -2  1   30   2   2   2   0   1   3   1   0   1   2   9   1   1   7   2  18   0   1  17  0.19 inf
  539 D   -3 -2  0  6 -5 -3  2  1 -4 -5 -5 -1 -3 -5 -2 -2  1 -5 -5 -5    0   1   2  48   0   0  15  13   0   0   1   3   1   0   2   2  10   0   0   0  1.00 inf
  540 E   -1 -1 -3  0 -5 -2  5 -3 -3 -5 -4  1 -3 -5  4  0 -2 -1 -5 -4    4   2   0   5   0   0  45   1   0   0   1   9   1   0  22   6   2   1   0   0  0.95 inf
  541 D   -5 -4  5  7 -6 -3  0 -3  0 -6 -6 -3 -6 -6 -5 -1 -1 -7 -1 -6    0   0  26  54   0   1   5   2   2   0   0   1   0   0   0   3   4   0   2   0  1.48 inf
  542 Y   -7 -7 -8 -8 -7 -7 -7 -7 -5 -5 -5 -7 -5  7 -8 -7 -7 10  4 -6    0   0   0   0   0   0   0   0   0   0   0   0   0  43   0   0   0  43  14   0  2.94 inf
  543 E   -3  4 -1 -2 -3 -1  4 -5 -2 -1 -4  2 -4 -5 -4  0 -1 -5 -4  0    0  28   2   1   0   1  34   0   0   3   0  11   0   0   0   6   4   0   0   8  0.74 inf
  544 F   -7 -7 -7 -8 -7 -8 -8 -8 -6 -4 -4 -8 -4 10 -8 -7 -6 -3 -1 -5    0   0   0   0   0   0   0   0   0   0   0   0   0 100   0   0   0   0   0   0  3.28 inf

                      K         Lambda
Standard Ungapped    0.1328     0.3168
Standard Gapped      0.0518     0.2670
PSI Ungapped         0.1692     0.3131
PSI Gapped           0.0518     0.2670
