
Last position-specific scoring matrix computed, weighted observed percentages rounded down, information per position, and relative weight of gapless real matches to pseudocounts
           A  R  N  D  C  Q  E  G  H  I  L  K  M  F  P  S  T  W  Y  V   A   R   N   D   C   Q   E   G   H   I   L   K   M   F   P   S   T   W   Y   V
    1 L   -1 -3 -4 -4 -1 -3 -3 -4 -4  4  3 -3  2  0 -3 -3 -1 -3 -2  3    0   0   0   0   0   0   0   0   0  38  31   0   4   0   0   0   0   0   0  27  0.40 inf
    2 L   -1 -2 -2 -1 -3 -1  2 -3 -2  0  3 -1  0 -1  4 -2 -1 -3 -2 -1    2   0   0   0   0   0  23   0   0   0  49   0   0   0  26   0   0   0   0   0  0.43 inf
    3 C   -1 -5 -4 -5 11 -4 -5 -4 -4 -2 -2 -4 -2 -3 -4 -2 -2 -3 -3 -2    0   0   0   0 100   0   0   0   0   0   0   0   0   0   0   0   0   0   0   0  1.98 inf
    4 K   -1  4 -1 -1 -4  2  0 -2 -1 -4 -3  5 -2 -4 -2 -1 -1 -3 -2 -3    0  34   0   0   0   9   0   0   0   0   0  56   0   0   0   0   0   0   0   0  0.67 inf
    5 V   -1 -3 -4 -4 -1 -3 -3 -4 -4  3  1 -3  0 -1 -3 -2 -1 -4 -2  5    0   0   0   0   0   0   0   0   0  17   0   0   0   0   0   0   0   0   0  83  0.57 inf
    6 C   -1 -5 -4 -5 11 -4 -5 -4 -4 -2 -2 -4 -2 -3 -4 -2 -2 -3 -3 -2    0   0   0   0 100   0   0   0   0   0   0   0   0   0   0   0   0   0   0   0  1.98 inf
    7 G    0 -3  0 -2 -3 -2 -3  6 -3 -4 -4 -2 -3 -4 -3  0 -2 -3 -4 -4    0   0   3   0   0   0   0  90   0   0   0   0   0   0   0   8   0   0   0   0  1.12 inf
    8 D   -3 -2  1  7 -4 -1  1 -2 -2 -4 -5 -1 -4 -4 -2 -1 -2 -5 -4 -4    0   0   0 100   0   0   0   0   0   0   0   0   0   0   0   0   0   0   0   0  1.31 inf
    9 V   -1  3 -1 -2 -3  0  0 -3 -2  0 -2  5 -1 -3 -2 -1 -1 -4 -2  0    0  10   0   0   0   0   0   0   0   5   0  69   2   0   0   0   0   0   0  14  0.44 inf
   10 A    5 -2 -1 -2 -1 -1 -1  0 -2 -2 -2 -1 -2 -3 -1  2  0 -3 -2 -1   78   0   0   0   0   0   0   0   0   0   0   0   0   0   0  22   0   0   0   0  0.54 inf
   11 S    1 -1  0 -1 -2 -1 -1 -1 -2 -3 -3 -1 -2 -3 -2  6  1 -4 -2 -2    0   0   0   0   0   0   0   0   0   0   0   0   0   0   0 100   0   0   0   0  0.76 inf
   12 G    0 -3 -1 -2 -3 -3 -3  7 -3 -5 -5 -2 -4 -4 -3 -1 -2 -3 -4 -4    0   0   0   0   0   0   0 100   0   0   0   0   0   0   0   0   0   0   0   0  1.33 inf
   13 F   -2 -3 -4 -4 -3 -4 -4 -4 -2  1  0 -4  0  7 -4 -3 -2  0  4  1    0   0   0   0   0   0   0   0   0  10   0   0   0  70   0   0   0   0  10  10  0.75 inf
   14 H   -3 -1  0 -2 -4  0 -1 -3 10 -4 -4 -2 -3 -2 -3 -2 -3 -3  1 -4    0   0   0   0   0   0   0   0 100   0   0   0   0   0   0   0   0   0   0   0  1.58 inf
   15 Y   -3 -3 -3 -4 -3 -2 -3 -4  1 -2 -2 -3 -2  2 -4 -3 -3  2  8 -2    0   0   0   0   0   0   0   0   0   0   0   0   0   0   0   0   0   0 100   0  1.44 inf
   16 G    0 -3 -1 -2 -3 -3 -3  7 -3 -5 -5 -2 -4 -4 -3 -1 -2 -3 -4 -4    0   0   0   0   0   0   0 100   0   0   0   0   0   0   0   0   0   0   0   0  1.33 inf
   17 V   -1 -3 -4 -4 -1 -3 -3 -4 -4  2  0 -3  0 -2 -3 -2 -1 -4 -2  6    0   0   0   0   0   0   0   0   0   0   0   0   0   0   0   0   0   0   0 100  0.67 inf
   18 L   -2 -2 -1 -2 -3 -1 -1 -3  7  1 -1 -2  0  2 -3 -1  0 -2  1 -1    0   0   0   0   0   0   3   0  53  19   2   0   2  11   0   0  10   0   0   0  0.50 inf
   19 A    4 -2 -1 -2 -1 -1 -1 -1 -2 -2 -2 -1 -1 -3 -1  2  2 -3 -2 -1   59   0   0   0   0   0   0   0   0   0   0   0   0   0   0  23  18   0   0   0  0.43 inf
   20 C   -1 -5 -4 -5 11 -4 -5 -4 -4 -2 -2 -4 -2 -3 -4 -2 -2 -3 -3 -2    0   0   0   0 100   0   0   0   0   0   0   0   0   0   0   0   0   0   0   0  1.98 inf
   21 E   -2 -1 -1  1 -5  1  6 -3 -1 -4 -4  0 -3 -4 -2 -1 -2 -4 -3 -3    0   0   0   0   0   0 100   0   0   0   0   0   0   0   0   0   0   0   0   0  1.07 inf
   22 G    0 -3 -1 -2 -3 -3 -3  7 -3 -5 -5 -2 -4 -4 -3 -1 -2 -3 -4 -4    0   0   0   0   0   0   0 100   0   0   0   0   0   0   0   0   0   0   0   0  1.33 inf
   23 C   -1 -5 -4 -5 11 -4 -5 -4 -4 -2 -2 -4 -2 -3 -4 -2 -2 -3 -3 -2    0   0   0   0 100   0   0   0   0   0   0   0   0   0   0   0   0   0   0   0  1.98 inf
   24 K   -1  2 -1 -1 -4  1  0 -2 -1 -4 -3  6 -2 -4 -2 -1 -1 -4 -3 -3    0   0   0   0   0   0   0   0   0   0   0 100   0   0   0   0   0   0   0   0  0.87 inf
   25 G    0 -3 -1 -2 -3 -3 -3  7 -3 -5 -5 -2 -4 -4 -3 -1 -2 -3 -4 -4    0   0   0   0   0   0   0 100   0   0   0   0   0   0   0   0   0   0   0   0  1.33 inf
   26 F   -3 -4 -4 -5 -3 -4 -4 -4 -2 -1  0 -4 -1  8 -5 -3 -3  0  3 -2    0   0   0   0   0   0   0   0   0   0   0   0   0 100   0   0   0   0   0   0  1.24 inf
   27 F   -3 -4 -4 -5 -3 -4 -4 -4 -2 -1  0 -4 -1  8 -5 -3 -3  0  3 -2    0   0   0   0   0   0   0   0   0   0   0   0   0 100   0   0   0   0   0   0  1.24 inf
   28 R   -2  7 -1 -2 -4  0 -1 -3 -1 -4 -3  2 -2 -4 -3 -1 -2 -4 -3 -3    0 100   0   0   0   0   0   0   0   0   0   0   0   0   0   0   0   0   0   0  1.15 inf
   29 R   -2  7 -1 -2 -4  0 -1 -3 -1 -4 -3  2 -2 -4 -3 -1 -2 -4 -3 -3    0 100   0   0   0   0   0   0   0   0   0   0   0   0   0   0   0   0   0   0  1.15 inf
   30 S    0 -1  0 -1 -1 -1 -1 -1 -2 -2 -3 -1 -2 -3 -1  4  4 -3 -2 -2    0   0   0   0   0   0   0   0   0   0   0   0   0   0   0  66  34   0   0   0  0.57 inf
   31 I   -2 -2 -3 -3 -2  1 -2 -4 -3  5  1 -2  1 -1 -3 -2 -1 -3 -2  2    0   0   0   0   0  13   0   0   0  76   0   0   0   0   0   0   0   0   0   6  0.42 inf
   32 Q   -1  4 -1 -1 -4  6  1 -3  0 -4 -3  1 -1 -4 -2  0 -1 -3 -2 -3    0  28   0   0   0  67   0   0   0   0   0   0   0   0   0   5   0   0   0   0  0.76 inf
   33 Q   -1  0  1 -1  0  4  0 -1  2 -2  0  2  2 -2 -2  0 -1 -3 -1 -2    0   0   7   0   2  35   0   2   8   0   9  14  15   0   0   9   0   0   0   0  0.23 inf
   34 N   -1  1  4  0 -3  2  0 -2  2 -3 -3  4 -2 -3 -2  0  0 -4 -2 -2    0   2  30   0   0  11   0   0   5   0   0  42   0   0   0   3   5   0   0   2  0.41 inf
   35 I   -1 -3 -4 -4 -2 -3 -3 -4 -3  4  3 -3  2  0 -3 -2 -1 -2  0  2    4   0   0   0   0   0   0   0   0  43  33   0   6   0   0   0   0   0   5   9  0.36 inf
   36 Q    0  0  1  0 -3  4  3 -2 -1 -1 -2  0 -1 -3 -2  0  1 -3 -2 -1    7   0   8   0   0  29  30   0   0   6   0   2   0   0   0   4  10   0   0   5  0.31 inf
   37 Y   -3 -3  0 -4 -3 -2 -3 -4  1 -2 -2 -3 -2  2 -4 -2 -2  2  8 -2    0   0   5   0   0   0   0   0   0   0   0   0   0   0   0   0   0   0  95   0  1.30 inf
   38 K   -1  3  0  1 -3  1  2 -2 -1 -3 -2  3 -2 -2 -1  1 -1 -2  0 -2    1  20   1   9   0   1  16   1   0   1   1  30   0   0   1  11   1   0   5   1  0.30 inf
   39 R   -1  4  0 -1 -3  2  0 -2 -1 -2 -2  2  0 -3  3 -1 -1 -3 -2 -2    3  30   3   1   0  12   1   1   0   1   1  19   4   1  18   1   1   0   0   3  0.38 inf
   40 C   -1 -5 -4 -5 11 -4 -5 -4 -4 -2 -2 -4 -2 -3 -4 -2 -2 -3 -3 -2    0   0   0   0 100   0   0   0   0   0   0   0   0   0   0   0   0   0   0   0  1.98 inf
   41 L   -1 -1 -1 -1 -2 -1  1 -2  0  0  2 -1  0 -1  4  0  1 -2 -2  0    1   1   1   3   0   1  11   1   3   1  31   2   0   1  20   5  13   0   0   4  0.22 inf
   42 K   -1  4  1 -1 -3  1  0 -2 -1 -3 -2  4 -2 -1 -2 -1 -1 -3 -2 -2    1  41   6   1   0   1   1   1   0   1   1  37   0   3   1   1   3   0   0   1  0.45 inf
   43 N   -1 -1  3  3 -3  2  1  0  1 -2 -3  0 -1 -3  1  0  0 -3 -2 -2    1   0  26  22   0  16   4   6   2   0   1   0   4   0   5   7   2   0   0   3  0.30 inf
   44 E   -1  2  0  0 -3  2  2  2 -1 -3 -2  2 -2 -3 -2  0 -1 -3 -2 -3    1  14   0   3   0  14  23  25   0   1   3  12   0   0   1   1   1   0   0   1  0.32 inf
   45 N   -1  1  4  1 -3  2  0 -1  0 -3 -3  2 -2 -3 -2  1  0 -3 -2 -3    2   4  41   2   0  15   2   3   0   0   0  15   0   0   0  13   2   0   0   0  0.40 inf
   46 C   -1 -5 -4 -5 11 -4 -5 -4 -4 -2 -2 -4 -2 -3 -4 -2 -2 -3 -3 -2    0   0   0   0 100   0   0   0   0   0   0   0   0   0   0   0   0   0   0   0  1.98 inf
   47 S   -1  0  0 -2 -2  0 -1 -2 -1  1  1  2  1 -1  1  0  0 -3 -2  0    2   2   5   0   0   2   0   0   2   9  23  24   3   0   6   8   3   0   0   5  0.06 inf
   48 I   -2 -4 -4 -4 -2 -3 -4 -4 -4  5  1 -3  1 -1 -3 -3 -1 -3 -2  3    0   0   0   0   0   0   0   0   0  78   0   0   0   0   0   0   0   0   0  22  0.60 inf
   49 V   -1 -1 -1  2 -2  3  0 -3  1  1  0 -1  2 -1 -2 -1 -1 -2  0  1    4   0   0  18   0  26   2   0   4   8   5   0  16   0   0   0   0   0   5  13  0.15 inf
   50 R   -2  6 -1 -2  1  1  0 -3 -1 -4 -3  3 -2 -4 -3 -1 -2 -4 -2 -3    0  73   0   0   5   0   0   0   0   0   0  22   0   0   0   0   0   0   0   0  0.81 inf
   51 I   -1  0  0 -2 -2 -1 -1 -3 -2  2  1  2  1 -1 -2 -1  1 -3 -2  2    0   0   6   0   0   0   0   0   0  27  10  27   6   0   0   2   8   0   0  14  0.13 inf
   52 N   -1 -1  7  1 -3 -1 -1 -1  0 -4 -4 -1 -3 -4 -2  2  0 -4 -3 -3    0   0  81   0   0   0   0   0   0   0   0   0   0   0   0  19   0   0   0   0  0.88 inf
   53 R   -2  7 -1 -2 -4  0 -1 -3 -1 -4 -3  2 -2 -4 -3 -1 -2 -4 -3 -3    0 100   0   0   0   0   0   0   0   0   0   0   0   0   0   0   0   0   0   0  1.15 inf
   54 N   -2 -1  7  1 -4 -1 -1 -1  0 -4 -4 -1 -3 -4 -3  0 -1 -5 -3 -4    0   0 100   0   0   0   0   0   0   0   0   0   0   0   0   0   0   0   0   0  1.17 inf
   55 R   -2  6 -1 -2 -4  1  0 -3 -1 -4 -3  3 -2 -4 -2 -1 -2 -4 -2 -3    0  73   0   0   0   3   0   0   0   0   0  23   0   0   0   0   0   0   0   0  0.86 inf
   56 C   -1 -5 -4 -5 11 -4 -5 -4 -4 -2 -2 -4 -2 -3 -4 -2 -2 -3 -3 -2    0   0   0   0 100   0   0   0   0   0   0   0   0   0   0   0   0   0   0   0  1.98 inf
   57 Q   -2  0 -1 -1 -4  7  1 -3  0 -4 -3  1 -1 -4 -2 -1 -1 -3 -2 -3    0   0   0   0   0 100   0   0   0   0   0   0   0   0   0   0   0   0   0   0  1.12 inf
   58 Q   -2 -1 -1 -3  0  2 -1 -3  5 -3 -2 -1 -2  2 -3 -1 -2  1  6 -2    0   0   0   0   2  16   0   0  22   0   0   0   0   3   0   3   0   0  53   0  0.70 inf
   59 C   -1 -5 -4 -5 11 -4 -5 -4 -4 -2 -2 -4 -2 -3 -4 -2 -2 -3 -3 -2    0   0   0   0 100   0   0   0   0   0   0   0   0   0   0   0   0   0   0   0  1.98 inf
   60 R   -2  7 -1 -2 -4  0 -1 -3 -1 -4 -3  2 -2 -4 -3 -1 -2 -4 -3 -3    0 100   0   0   0   0   0   0   0   0   0   0   0   0   0   0   0   0   0   0  1.15 inf
   61 F   -3 -3 -4 -4 -3 -3 -4 -4 -2  0  3 -4  1  6 -4 -3 -2  0  2 -1    0   0   0   0   0   0   0   0   0   0  41   0   0  59   0   0   0   0   0   0  0.68 inf
   62 K   -1  2  0 -1 -4  4  1 -2  1 -3 -3  4 -2 -4 -2 -1 -1 -3 -2 -3    0   9   2   0   0  33   4   0   3   0   0  43   0   0   0   0   0   0   0   0  0.49 inf
   63 K   -1  2 -1 -1 -4  1  1 -2 -1 -4 -3  6 -2 -4 -2 -1 -1 -4 -3 -3    0   0   0   0   0   0   5   0   0   0   0  95   0   0   0   0   0   0   0   0  0.81 inf
   64 C   -1 -5 -4 -5 11 -4 -5 -4 -4 -2 -2 -4 -2 -3 -4 -2 -2 -3 -3 -2    0   0   0   0 100   0   0   0   0   0   0   0   0   0   0   0   0   0   0   0  1.98 inf
   65 L   -2 -3 -4 -4 -2 -3 -4 -4 -4  2  4 -3  2  0 -4 -3 -2 -2 -2  1    0   0   0   0   0   0   0   0   0  15  81   0   2   0   0   0   0   0   0   2  0.56 inf
   66 S    3  0  0  0 -1 -1  0  0 -2 -2 -1  0 -1 -3 -1  2  1 -3 -2 -1   41   4   4   3   0   0   5   2   0   0   6   2   0   0   0  29   4   0   0   0  0.24 inf
   67 V    0 -3 -4 -4 -1 -3 -3 -3 -3  2  2 -3  1 -1 -3 -2 -1  3 -1  4    6   0   0   0   0   0   0   0   0   0  26   0   3   0   0   0   0   5   0  59  0.37 inf
   68 G    0 -3 -1 -2 -3 -2 -3  6 -3 -4 -4 -2 -3 -4 -3 -1 -2 -3 -4 -4    5   0   0   0   0   0   0  95   0   0   0   0   0   0   0   0   0   0   0   0  1.23 inf
   69 M   -2 -2 -3 -4  2 -1 -3 -4 -3  0  1 -2  8 -1 -4 -2 -2 -2 -2  0    0   0   0   0   5   0   0   0   0   0   0   0  95   0   0   0   0   0   0   0  0.95 inf
   70 S    1 -1  0 -1 -2 -1 -1 -1 -2 -3 -2 -1 -2 -3 -2  5  1 -4 -2 -2    0   0   0   0   0   0   0   0   0   0   5   0   0   0   0  95   0   0   0   0  0.65 inf
   71 R   -2  5 -1 -2 -4  0  0 -3  6 -4 -3  2 -2 -3 -3 -1 -2 -3 -1 -3    0  60   0   0   0   0   0   0  28   0   0  12   0   0   0   0   0   0   0   0  0.77 inf
   72 D   -2 -2  3  6 -4  0  2 -2 -1 -4 -4 -1 -4 -4 -2 -1 -1 -5 -4 -4    0   0  20  71   0   0   9   0   0   0   0   0   0   0   0   0   0   0   0   0  0.93 inf
   73 A    5 -2 -2 -2 -1 -1 -1  1 -2 -2 -2 -1 -2 -3 -1  2  0 -3 -2 -1   80   0   0   0   0   0   0   5   0   0   0   0   0   0   0  16   0   0   0   0  0.52 inf
   74 V   -1 -3 -4 -4 -1 -3 -3 -4 -4  4  1 -3  0 -1 -3 -2 -1 -3 -2  5    0   0   0   0   0   0   0   0   0  25   0   0   0   0   0   0   0   0   0  75  0.53 inf
   75 R   -2  6 -1 -2 -4  1  0 -3 -1 -4 -3  3 -2 -4 -3 -1 -2 -4 -2 -3    0  79   0   0   0   0   0   0   0   0   0  21   0   0   0   0   0   0   0   0  0.89 inf
   76 F   -3 -3 -4 -4 -3 -3 -4 -4 -1  0  1 -3  0  7 -4 -3 -3  1  5 -1    0   0   0   0   0   0   0   0   0   3   7   0   0  68   0   0   0   0  22   0  0.84 inf
   77 G    0 -3 -1 -2 -3 -2 -3  7 -3 -5 -5 -2 -3 -4 -3 -1 -2 -3 -4 -4    0   0   0   0   0   0   0 100   0   0   0   0   0   0   0   0   0   0   0   0  1.31 inf
   78 R   -2  7 -1 -2 -4  0 -1 -3 -1 -4 -3  2 -2 -4 -3 -1 -2 -4 -2 -3    0 100   0   0   0   0   0   0   0   0   0   0   0   0   0   0   0   0   0   0  1.11 inf

                      K         Lambda
Standard Ungapped    0.1431     0.3330
Standard Gapped      0.0552     0.2670
PSI Ungapped         0.1796     0.3185
PSI Gapped           0.0552     0.2670
