
Last position-specific scoring matrix computed, weighted observed percentages rounded down, information per position, and relative weight of gapless real matches to pseudocounts
           A  R  N  D  C  Q  E  G  H  I  L  K  M  F  P  S  T  W  Y  V   A   R   N   D   C   Q   E   G   H   I   L   K   M   F   P   S   T   W   Y   V
    1 Q   -2  4 -1 -2 -4  3  1 -3 -1 -4 -3  5 -2 -4 -2 -1 -2 -4 -3 -3    0  20   0   0   0  14   6   0   0   0   0  59   0   0   0   0   0   0   0   0  0.81 inf
    2 S   -1  1  0 -2 -2  0 -1  0  2 -2 -2  3 -1 -3  4  0 -1 -4 -2  0    1   9   6   0   1   2   0   5   7   0   2  28   1   0  22   7   2   0   0   9  0.37 inf
    3 R   -1  1 -2 -1 -4  1  2 -2 -1 -4 -3  4 -1 -4  3 -1 -2 -4 -3 -3    3   6   0   0   0   5  18   1   0   0   1  45   2   0  18   0   0   0   0   1  0.63 inf
    4 G    0  2  0 -2  0 -1  1  1 -2  0 -2  0 -1 -3  4  0  1 -4 -3 -1    4  14   4   0   2   1   9  15   0   9   1   3   1   0  21   4  10   0   0   2  0.28 inf
    5 E    1  0  0 -1 -3  2  2  1 -1  0 -2  1 -1 -3 -1  0 -1 -3 -2  1   13   3   4   0   0  12  22  10   0   4   0   7   1   0   2   6   0   0   0  17  0.17 inf
    6 K   -2  4 -1  2 -5  0  0 -3 -2 -4 -4  5 -3 -4 -2 -2 -2 -4 -3 -4    0  25   0  14   0   0   3   0   0   0   0  58   0   0   1   0   0   0   0   0  0.86 inf
    7 R   -2  6 -2 -3 -5  0 -1 -3 -2 -4 -4  5 -3 -5 -3 -2 -2 -4 -3 -4    0  47   0   0   0   0   0   0   0   0   0  51   0   0   0   1   1   0   0   0  1.14 inf
    8 T    0  0  1  2  0 -1 -1 -2 -2 -2 -3 -1 -1 -3 -2  2  5 -4 -3 -2    5   7   5  11   2   0   0   0   0   1   0   0   2   0   0  18  50   0   0   0  0.52 inf
    9 A    5 -1  2 -2 -2 -2 -2 -1 -2 -3 -3 -2 -2 -4  0  2  0 -4 -3 -2   61   2  13   0   0   0   0   0   0   0   0   0   0   0   3  16   3   0   0   0  0.60 inf
   10 H   -4 -2 -1 -3 -5 -1 -2 -4 10 -5 -5 -3 -3 -3 -4 -3 -4 -4  0 -5    0   0   0   0   0   0   0   0 100   0   0   0   0   0   0   0   0   0   0   0  2.43 inf
   11 N   -3 -2  8  0 -4 -1 -2 -2 -1 -5 -5 -2 -4 -5 -3  1 -1 -5 -4 -4    0   0  89   0   0   0   0   0   0   0   0   0   0   0   0  11   0   0   0   0  1.47 inf
   12 A    2 -2 -2  1 -2 -1 -1 -2 -3  1  2 -2  4 -1 -3 -1 -1 -3 -2  1   25   0   0  10   0   1   1   0   0   7  25   0  18   0   0   0   0   0   0  12  0.23 inf
   13 I   -3 -5 -5 -5 -3 -4 -5 -5 -5  7  0 -4  0 -2 -4 -4 -2 -4 -3  2    0   0   0   0   0   0   0   0   0  97   0   0   0   0   0   0   0   0   0   3  1.24 inf
   14 E   -2 -2 -2  0 -5  0  7 -4 -2 -5 -5 -1 -4 -5 -3 -2 -2 -5 -4 -4    0   0   0   0   0   0 100   0   0   0   0   0   0   0   0   0   0   0   0   0  1.55 inf
   15 K   -2  5 -2 -2 -5  0 -1 -3 -2 -4 -4  5 -3 -4 -3 -2 -2 -4 -3 -4    0  48   0   0   0   0   0   0   0   0   0  52   0   0   0   0   0   0   0   0  1.08 inf
   16 R   -3  7 -2 -3 -5  0 -1 -4 -2 -4 -4  4 -3 -4 -3 -2 -2 -4 -3 -4    0  76   0   0   0   0   0   0   0   0   0  24   0   0   0   0   0   0   0   0  1.33 inf
   17 Y   -3  3 -3 -4 -4 -2 -3 -5  0 -3 -3 -2 -3  1 -5 -3 -3  0  8 -3    0  21   0   0   0   0   0   0   0   0   0   0   0   0   0   0   0   0  79   0  1.61 inf
   18 R   -3  8 -2 -3 -5 -1 -2 -2 -2 -5 -4  1 -3 -5 -4 -2 -3 -4 -3 -4    0  98   0   0   0   0   0   2   0   0   0   0   0   0   0   0   0   0   0   0  1.68 inf
   19 S    1 -2  1 -2  3 -2 -2 -2 -2 -2 -1 -2 -2  1 -2  3  4 -3 -1 -2    8   0   5   0   6   0   0   0   0   0   3   0   0  10   1  25  40   0   2   0  0.40 inf
   20 S   -1 -1  6 -1 -3 -1 -1 -2 -1 -4 -4  1 -3 -4 -3  4 -1 -5 -3 -4    0   0  50   0   0   0   0   0   0   0   0   9   0   0   0  41   0   0   0   0  0.87 inf
   21 I   -2 -4 -4 -5 -2 -3 -4 -5 -4  5  3 -4  3 -1 -4 -4 -2 -3 -2  1    0   0   0   0   0   0   0   0   0  59  31   0   9   0   0   0   0   0   0   0  0.79 inf
   22 N   -3 -2  8  0 -4 -1 -2 -2 -1 -5 -5  1 -4 -5 -4 -1 -2 -5 -4 -5    0   0  90   0   0   0   0   0   0   0   0  10   0   0   0   0   0   0   0   0  1.54 inf
   23 D   -3 -3  0  6 -5 -1  3 -2 -2 -4 -5 -2 -4 -4 -3  0 -1 -5 -2 -4    0   0   1  70   0   0  17   2   0   0   0   0   0   0   0   5   2   0   2   0  1.11 inf
   24 K   -2  4 -1 -2  0  0  1 -3 -2 -4 -4  5 -3 -4 -3 -2 -2 -4 -3 -4    0  27   0   0   2   0   9   0   0   0   0  61   0   0   0   0   0   0   0   0  0.91 inf
   25 I   -3 -5 -5 -5 -3 -4 -5 -5 -5  7  0 -4  0  2 -4 -4 -2 -4 -2  1    0   0   0   0   0   0   0   0   0  91   0   0   0   9   0   0   0   0   0   0  1.17 inf
   26 I    2 -1 -1 -1  0  0 -1 -1 -2  1  0  1  0 -2 -2  0  0 -3 -2  1   31   0   3   2   1   6   0   4   0  15   7  11   1   0   0   4   3   0   0  11  0.11 inf
   27 E    1 -2 -2  0 -1  1  5 -3 -2 -2 -2 -1 -2 -4 -2 -1 -2 -4 -3 -1   18   0   0   0   2   5  65   0   0   3   2   0   1   0   0   0   0   0   0   6  0.69 inf
   28 L   -3 -4 -5 -5 -3 -4 -4 -5 -4  0  6 -4  1 -1 -4 -4 -3 -3 -2  0    0   0   0   0   0   0   0   0   0   0 100   0   0   0   0   0   0   0   0   0  1.15 inf
   29 K   -2  5 -1 -2 -4  0  0  1 -2 -4 -4  5 -3 -4 -3 -2 -2 -4 -3 -4    0  43   0   0   0   0   2  11   0   0   0  44   0   0   0   0   0   0   0   0  0.85 inf
   30 D   -1 -2  3  5 -4 -1  0 -2 -2 -3 -4 -1 -2 -4 -3  0  1 -5 -4 -2    2   0  20  53   0   1   1   0   0   1   0   2   1   0   0   3  11   0   0   4  0.74 inf
   31 L    2 -2 -3 -3 -2 -2 -3 -3 -3  1  3 -2  4 -1 -3  1 -1 -3 -2  0   19   0   0   0   0   0   0   0   0   8  37   0  17   0   0  19   0   0   0   1  0.33 inf
   32 V   -2 -4 -4 -4 -2 -4 -4 -5 -4  4  2 -4  0 -2 -4 -3 -1 -4 -2  5    0   0   0   0   0   0   0   0   0  27  12   0   0   0   0   0   0   0   0  61  0.75 inf
   33 V   -1 -3 -3 -3  2 -3 -3 -4 -4 -1 -1 -3  1 -4  7 -2 -2 -4 -4  1    4   0   0   0   6   0   0   0   0   1   3   0   5   0  61   2   0   0   0  17  1.28 inf
   34 G    2 -2 -1 -2 -2 -2 -2  4 -2 -3 -3  1 -2 -4 -2  1  3 -4 -3 -2   18   0   0   0   0   0   0  37   0   0   0  10   0   0   0  11  24   0   0   0  0.49 inf
   35 T   -1 -2 -1  0  3 -2  0 -3 -3 -1  1 -1 -1 -3  5  0  1 -4 -3 -1    0   1   2   5   9   0   7   1   0   1  16   1   0   0  35   7  10   0   0   5  0.54 inf
   36 E    2  1 -1  3 -3  0  3 -2 -1 -3 -3  0 -2 -4 -2  0  1 -4 -3 -2   25  11   0  19   0   2  28   0   1   0   0   1   0   0   0   3  10   0   0   0  0.40 inf
   37 A    3 -1 -1 -2 -2 -1 -2  1  3 -1 -2 -1  1 -3 -1  1  0 -3 -2 -1   44   1   2   0   0   1   0  10  12   2   1   1   7   0   1  10   6   0   0   2  0.30 inf
   38 K   -2  3 -1  0 -4  1  1 -3 -2 -4 -4  6 -2 -4 -2 -1 -2 -4 -3 -4    0  13   0   3   0   1   6   0   0   0   0  74   1   0   0   0   0   0   0   0  0.95 inf
   39 L   -2 -3 -4 -5 -2 -2 -4 -4 -3  1  4 -3  5 -1 -4 -3 -2  5 -2  1    2   0   0   0   0   1   0   0   0   3  51   0  25   0   0   0   0  10   0   8  0.70 inf
   40 N   -2 -2  7  0 -4 -1 -1 -2  4 -5 -5 -2 -3 -4 -3  2 -1 -5 -2 -4    0   0  65   0   0   1   0   0  15   0   0   0   0   0   0  19   0   0   0   0  1.08 inf
   41 K   -2  1 -2 -2 -5  0 -1 -3 -2 -4 -4  7 -3 -5 -3 -2 -2 -5 -4 -4    0   0   0   0   0   0   0   0   0   0   0 100   0   0   0   0   0   0   0   0  1.46 inf
   42 S    3 -2 -1 -2 -2 -2 -2  3 -2 -3 -1 -2 -2 -3 -2  3 -1 -4 -3 -2   29   0   0   0   0   0   0  23   0   0   9   0   0   0   0  38   0   0   0   0  0.47 inf
   43 A    3 -2 -1 -2 -2 -2 -2  1 -3 -2 -2 -2 -2 -3 -2  2  4 -4 -3 -1   39   0   0   0   0   0   0   9   0   0   1   0   0   0   0  14  36   0   0   0  0.52 inf
   44 V   -2 -4 -4 -4 -2 -3 -4 -4 -4  5  0 -3  0 -2 -4 -3  0 -4 -2  4    0   0   0   0   0   0   0   0   0  47   0   0   0   0   0   0   7   0   0  45  0.74 inf
   45 L   -3 -3 -5 -5 -3 -3 -4 -5 -4  0  6 -4  2  0 -4 -4 -2 -3 -2  0    0   0   0   0   0   0   0   0   0   0  95   0   2   1   0   0   0   0   0   0  1.02 inf
   46 R    0  4 -1 -1 -3  2 -1 -2 -1 -3 -3  2 -2 -3 -2  2  2 -3 -2 -2    4  35   0   1   0   9   0   0   0   0   1  17   0   0   0  16  15   0   0   0  0.47 inf
   47 K    2  1 -2 -2 -3  0 -1 -2 -2 -4 -3  6 -2 -4 -2 -1 -2 -4 -3 -3   23   3   0   0   0   2   0   0   0   0   0  70   0   0   0   0   0   0   0   0  0.81 inf
   48 A    5 -2 -2 -3 -2 -2 -2 -1 -3 -3 -3 -2 -2 -4 -2  3  0 -4 -3 -2   71   0   0   0   0   0   0   0   0   0   0   0   0   0   0  24   5   0   0   0  0.78 inf
   49 I   -2 -3 -3 -3 -1 -3 -3 -4 -4  5  0 -3  0 -2 -3 -1  4 -4 -3  2    0   0   0   0   1   0   0   0   0  48   3   0   0   0   0   0  36   0   0  13  0.61 inf
   50 D   -3 -2 -1  5 -5  0  5 -3 -2 -5 -5 -1 -4 -5 -3 -2 -2 -5 -4 -4    0   0   0  44   0   0  56   0   0   0   0   0   0   0   0   0   0   0   0   0  1.20 inf
   51 Y   -3 -1 -3 -4 -4 -3 -3 -5  4 -3 -3 -1 -2  1 -4 -3 -3  0  8 -3    0   2   0   0   0   0   0   0  10   0   0   5   1   0   0   0   0   0  82   0  1.65 inf
   52 I   -3 -4 -5 -5 -3 -4 -5 -5 -5  7  1 -4  0 -2 -4 -4 -2 -4 -3  2    0   0   0   0   0   0   0   0   0  90   2   0   0   0   0   0   0   0   0   7  1.18 inf
   53 R   -2  6 -1 -2 -2  0  0 -3  3 -4 -4  3 -3 -4 -3 -1 -2 -2 -2 -4    1  56   1   1   1   2   4   0  11   0   0  22   0   0   0   2   0   1   0   0  0.84 inf
   54 F   -2 -1 -2  0 -4  1  0 -3  6 -3 -3  0 -2  3 -3 -2 -2  2  5 -3    2   1   0   4   0   6   6   0  32   0   0   7   0  12   0   0   0   2  27   0  0.69 inf
   55 L   -3 -3 -5 -5 -3 -2 -4 -5 -4  1  5 -4  1 -1 -4 -4 -2 -3 -2  0    0   0   0   0   0   1   0   0   0   4  92   0   1   0   0   0   0   0   0   2  0.98 inf
   56 Q   -2  0 -1  0 -5  5  5 -3  0 -4 -4  0 -3 -5 -3 -1 -2 -4 -3 -3    0   3   0   0   0  38  53   0   1   0   0   3   0   0   0   0   1   0   0   1  1.01 inf
   57 H   -1  2  2  1 -4  2  0 -2  2 -2 -2  3 -1 -3 -2  0 -1 -4 -2 -3    2  14  10  10   0  14   2   0   7   2   2  30   1   1   0   3   0   0   0   0  0.36 inf
   58 S   -1  3 -1  0  3  1  2 -3 -1 -2 -2  1  0 -3 -2  0 -1 -3 -2 -1    3  27   1   3   9   6  18   0   0   1   2  10   3   0   0   9   1   0   0   7  0.28 inf
   59 N   -3 -2  7  0 -2  2 -2 -2 -1 -2 -4 -2 -3 -4 -3 -1 -1 -5 -3  0    0   0  74   0   1   9   0   0   0   1   0   0   0   0   0   1   2   0   0  12  1.04 inf
   60 Q    1  1  2  0 -2  3  1 -1  3 -3 -3  2 -2 -3 -2  0  0 -3 -1 -3   12   4   9   2   1  21   8   1   9   1   0  21   0   0   0   6   3   0   2   0  0.31 inf
   61 K    0  5 -1 -1 -2  2  0 -3 -1 -2 -3  3  0 -4 -3  0 -1 -4 -2 -2    7  38   1   2   1   7   4   0   1   3   0  23   2   0   0   6   2   0   0   2  0.48 inf
   62 L   -1 -3 -4 -5 -2 -3 -4 -4 -4  2  5 -4  2 -1 -4 -2 -2 -3 -2  0    6   0   0   0   0   0   0   0   0  10  74   0   4   0   0   2   1   0   0   2  0.74 inf
   63 K   -1  3 -1 -2 -2  2  1 -3  0 -1 -2  4  2 -3 -2 -1 -1 -4 -3 -1    3  16   0   1   1   7   7   0   2   4   1  44   7   0   0   1   3   0   0   3  0.44 inf
   64 Q    1  0 -1  2 -3  4  3 -2  0 -3 -3  1  0 -2 -2  0 -1 -3 -1 -3   15   4   1  14   0  26  20   0   2   1   0   7   3   1   0   3   1   0   2   0  0.39 inf
   65 E   -2 -1 -2  0 -5  3  6 -4  1 -3 -2 -1  0 -4 -3 -2 -2 -4 -3 -2    0   0   0   2   0  17  65   0   3   1   5   1   3   0   0   0   1   0   0   3  0.90 inf
   66 N   -3 -2  6  0 -4  0  1 -3  4 -2 -2 -2 -1 -4 -3 -1 -2 -5 -2  0    0   0  52   2   0   4  11   0  14   1   3   0   2   0   0   0   0   0   0  10  0.72 inf
   67 L    0  0  1  0 -2  1  2 -1  0 -1  0  0  3 -2 -2  0  0 -3 -2 -1    6   5   8   3   1   9  16   3   3   2  12   4  14   0   0   4   6   0   0   4  0.11 inf
   68 S    2  2  0 -1 -3  3  2 -2  0 -2 -2  0 -1 -3 -2  1  0 -3 -1 -1   21  17   4   1   0  16  16   0   2   1   1   1   2   0   0   8   4   0   2   4  0.27 inf
   69 L   -2 -3 -3 -4 -3  2 -3 -4 -3  0  5 -3  4  0 -4 -2 -2 -3 -2 -1    0   0   0   0   0  14   0   0   0   0  64   0  13   3   0   4   0   0   1   0  0.68 inf
   70 R   -1  4 -2 -2 -4  3 -1 -3 -1 -4 -3  5 -2 -4 -3  0 -2 -4 -3 -4    5  20   0   0   0  17   0   0   1   0   1  50   1   0   0   6   0   0   0   0  0.81 inf
   71 T    1  3  1 -2 -3  0  0 -2 -2 -1  0  2  3 -3 -2  1  0 -3 -2 -1   11  18   6   0   0   4   3   1   0   1  10  17  13   0   0  12   3   0   0   1  0.20 inf
   72 A    1  4 -1 -3 -3  0 -1 -2 -1 -2  1  0  0 -3 -3 -1  0 -3 -2 -1   19  39   1   0   0   2   3   1   1   1  20   3   2   0   0   1   5   0   1   1  0.36 inf
   73 V    0 -2 -1 -2 -2 -1  2 -3 -3  2  3 -2  2 -1 -1 -2 -1 -3 -2  0    6   0   5   0   1   2  17   0   0  13  40   0   4   2   3   1   1   0   0   5  0.25 inf
   74 H    0  2  0  0 -4  5  1 -2  3 -4 -3  0  0 -4 -3  0 -2 -4 -1 -3   10   9   4   3   0  42   8   2   8   0   1   3   2   0   0   7   1   0   2   0  0.56 inf
   75 K    3  0 -1 -1 -3  2  1 -2  0 -3 -3  2  0 -4 -2  1  0 -4 -2 -2   41   4   2   2   0  10   7   1   2   0   0  19   2   0   0   6   3   0   1   1  0.37 inf
   76 S    0 -2  5  0 -2 -1 -2 -2 -1 -2 -1 -2 -2  4 -3  0 -2 -2  1 -2   11   1  35   4   1   3   0   0   0   0   6   1   0  23   0   8   0   0   4   3  0.42 inf
   77 K   -2  3 -1  1 -4  2  4 -2  3 -4 -4  2 -3 -4 -1 -1 -1 -4 -3 -4    0  17   1   5   0   6  39   2   7   0   0  15   0   0   3   2   4   0   0   0  0.57 inf
   78 S    0  0 -1 -2 -3  3 -1 -2  0 -2 -2  3 -1 -3 -2  3  0 -4 -2 -2    5   3   0   0   0  18   0   1   2   2   3  26   1   0   1  35   3   0   1   0  0.40 inf
   79 L   -2 -3 -5 -5 -3 -3 -4 -5 -4  0  5 -4  3 -1 -4 -4 -2 -3 -2  1    1   0   0   0   0   0   0   0   0   0  83   0   9   0   0   0   0   0   0   6  0.90 inf
   80 K   -1  3 -1 -1 -4  3  1 -2 -1 -3 -3  4 -2 -4 -2 -1 -1 -3 -2 -3    0  22   0   0   0  25   0   0   0   0   0  53   0   0   0   0   0   0   0   0  0.63 inf

                      K         Lambda
Standard Ungapped    0.1264     0.3125
Standard Gapped      0.0492     0.2670
PSI Ungapped         0.1593     0.3083
PSI Gapped           0.0492     0.2670
