
Last position-specific scoring matrix computed, weighted observed percentages rounded down, information per position, and relative weight of gapless real matches to pseudocounts
           A  R  N  D  C  Q  E  G  H  I  L  K  M  F  P  S  T  W  Y  V   A   R   N   D   C   Q   E   G   H   I   L   K   M   F   P   S   T   W   Y   V
    1 V   -1 -3 -3 -3 -1 -2 -3 -3 -3  3  1 -2  3 -1 -3 -2  0 -3 -1  3    0   0   0   0   0   0   0   0   0  26   0   0  24   0   0   0   0   0   0  49  0.32 inf
    2 V   -1 -3 -3 -4 -2 -2 -3 -4 -2  2  2 -2  5  0 -3 -2 -1 -2  2  3    0   0   0   0   0   0   0   0   0  13  12   0  35   0   0   0   0   0  12  29  0.37 inf
    3 S    0 -1  1  2 -2  0  3 -1 -1 -3 -3 -1 -3 -4 -2  4  0 -4 -3 -3    6   0   4  15   0   0  27   0   0   0   0   0   0   0   0  48   0   0   0   0  0.50 inf
    4 L   -2 -3 -3 -4 -2 -2 -3 -4 -1  1  2 -3  5  3 -4 -3 -2 -1  4  0    0   0   0   0   0   0   0   0   0   3  25   0  34  17   0   0   0   0  21   0  0.54 inf
    5 D   -2 -1  4  3 -3  0  2 -2 -1 -3 -3  0  1 -3  3  0  0 -4 -3 -3    0   0  28  24   0   0  12   0   0   0   0   7   8   0  13   3   5   0   0   0  0.46 inf
    6 K   -2  1  0  1 -4  0  1 -3 -2 -3 -3  4 -2  1  4 -1 -2 -3 -2 -3    0   5   2   7   0   0   7   0   0   0   0  50   0   9  20   0   0   0   0   0  0.56 inf
    7 P   -2 -2 -3 -2 -4  1 -2 -3 -3 -1 -2  1 -3 -4  7 -2 -2 -5 -4 -3    0   0   0   0   0   7   0   0   0   6   3  11   0   0  73   0   0   0   0   0  1.56 inf
    8 F   -2 -3 -4 -4 -2 -3 -3 -4 -1  2  2 -3  0  4 -4 -3 -2  0  5  2    0   0   0   0   0   0   0   0   0  14  18   0   0  28   0   0   0   0  25  15  0.52 inf
    9 M   -2 -2 -3 -3 -2  1 -2 -4 -1  1  2 -2  4  0 -3 -2  0 -1  4  0    0   0   0   0   0  11   0   0   0  11  28   0  19   0   0   0   6   0  24   0  0.37 inf
   10 Y   -3 -3 -4 -5 -3 -3 -4 -5  0  1  2 -3 -1  3 -4 -3 -3  0  7 -1    0   0   0   0   0   0   0   0   0  10  20   0   0  10   0   0   0   0  61   0  1.06 inf
   11 F   -3 -3 -4 -1 -3 -3 -3 -4 -2  2  3 -3  0  5 -4 -3 -2 -1  4  0    0   0   0   6   0   0   0   0   0  12  30   0   0  32   0   0   0   0  17   3  0.58 inf
   12 E   -1 -2  1  5 -3 -1  0 -2  2 -3 -2 -2 -3 -4 -2  2  2 -4 -3 -3    0   0   4  37   0   0   4   0   8   0   4   0   0   0   0  25  19   0   0   0  0.55 inf
   13 E   -3 -2  1  5 -4  2  4 -3 -2 -3 -1 -1 -3 -4 -3 -2 -2 -5 -4 -3    0   0   4  45   0   8  31   0   0   0  11   0   0   0   0   0   0   0   0   0  0.80 inf
   14 I   -2 -3 -1 -2  1 -2  2 -4 -2  3  2 -2  0  1 -3 -2 -1 -3  1  1    0   0   3   0   4   0  18   0   0  31  26   2   0   5   0   0   3   0   5   3  0.26 inf
   15 D    0  1  3  1 -3  0 -1 -2 -1 -2 -3  0 -2  0  0  2  1 -4 -2 -1    7   9  24  10   0   3   0   0   0   0   0   4   0   5   5  20   9   0   0   5  0.27 inf
   16 N   -1 -2  5  2 -4  1 -1  1  1 -2 -4 -1 -3 -4  4 -1 -2 -5 -3 -3    4   0  37  11   0   7   0  10   4   3   0   3   0   0  20   0   0   0   0   0  0.62 inf
   17 E    1  4 -2 -2 -4  1  3 -3 -2 -3 -3  0  2 -4 -1 -1 -1 -4 -3 -3   13  34   0   0   0   6  29   0   0   0   0   3  10   0   3   0   3   0   0   0  0.56 inf
   18 L   -2  4  1 -2 -3  1  0 -3 -2  1  1  0  0 -2 -3 -1 -2 -3 -2  0    0  31   9   0   0   9   8   0   0  15  18   3   2   0   0   2   0   0   0   3  0.29 inf
   19 D   -1 -2 -1  3 -3  0  2 -3 -2 -2 -2  1 -2  2  2 -1 -1 -3 -2  1    4   0   2  20   0   3  20   0   0   0   0   9   0  12  11   0   2   0   0  15  0.29 inf
   20 Y   -3 -3 -4 -4 -4 -3 -3 -5 -1  0 -2  1 -2  1 -4 -3 -3  0  8 -1    0   0   0   0   0   0   0   0   0   5   2  11   0   2   0   0   0   0  73   4  1.44 inf
   21 E   -1  1  1  3 -3  1  2 -2  0  0 -2  1 -2 -1 -1  0 -1 -3 -1 -1    1   7   5  22   0   5  12   1   3   9   1  13   0   3   2   9   0   0   2   4  0.20 inf
   22 P   -1 -1  2 -2 -4 -2 -1 -3  0 -4 -3  1 -3 -1  5 -1 -2 -2  5 -3    6   2  14   0   0   0   2   0   1   0   0  11   0   0  30   2   0   0  29   0  0.77 inf
   23 E   -1  3  4  1 -4 -1  1 -2 -1 -2 -4  0 -3 -4 -3  2 -1 -4 -1 -3    5  24  27   9   0   0   7   0   0   3   0   4   0   0   0  18   0   0   3   0  0.48 inf
   24 S    0  2  0  0 -3  0  0 -2 -1 -1 -1  1 -1  1 -2  2  0 -2  1 -1    6  18   3   4   0   3   4   0   0   3   4  10   0   9   0  19   5   0   7   5  0.15 inf
   25 A    2  3  1  0 -3 -1  1 -2 -2  0 -2  0 -2 -3 -2  1 -1 -4 -1 -1   27  21   7   4   0   0   8   0   0   9   0   5   0   0   0  13   0   0   3   4  0.25 inf
   26 N   -1  1  4  0 -1  0  2 -2 -1 -4 -4  1 -2 -4  2  1  0 -4 -3 -3    4   7  30   3   2   2  13   1   0   0   0  10   1   0  10  11   6   0   0   0  0.42 inf
   27 E    0  0  3  2 -3  1  2  0  1 -3 -3  1 -2 -2 -2  1 -1 -3 -1 -3   10   2  20  14   0   4  16   5   4   1   1   8   0   2   1   8   2   0   2   1  0.28 inf
   28 V   -1  0 -1  1 -1  0  2 -2 -1  0 -1  1 -1 -1 -1  0  0  1  1  0    4   2   1  10   2   3  21   1   0   6   4  13   0   1   2   8   5   3   7   9  0.12 inf
   29 A   -1  0  0 -2 -2 -1 -1 -3 -1  2  0  1  0  1  1 -1  1 -3 -1  2    5   4   4   0   0   2   2   1   2  21   2  14   2   6   6   0   9   0   0  19  0.12 inf
   30 K   -1  1 -1  1 -4  0  1 -3 -2 -2 -2  5  0  1 -1 -1 -1 -3 -2 -2    3   7   1   8   0   3   7   0   0   1   2  47   3   8   2   2   2   0   0   3  0.39 inf
   31 K   -1  1  1  0 -3 -1 -1 -2 -2 -2 -3  5 -2 -4 -1  1  2 -4 -3 -3    2   4   7   3   0   0   0   0   0   3   0  46   0   0   2  13  18   0   0   0  0.51 inf
   32 L    0 -3 -3 -3 -1 -3 -3  2 -2  1  1 -3 -1  3 -3 -1 -1 -2  2  2    6   0   0   0   1   0   0  18   0   8  14   0   0  19   0   2   4   0   7  19  0.23 inf
   33 P   -2  1 -2 -2 -3  0 -1 -3 -3  2  2 -1 -1 -2  4 -1 -1 -3 -2  0    1   9   0   2   0   4   2   1   0  22  21   2   0   0  25   3   2   0   0   3  0.38 inf
   34 Y   -1 -1 -1 -3 -4 -1 -2 -1  9 -3 -1  1 -2 -1 -3 -2 -3 -3  2 -3    4   2   0   0   0   0   0   6  58   0   9   9   0   1   0   2   0   0   6   0  1.09 inf
   35 Q   -3 -1 -3 -3 -4  4 -2 -4 -2  0 -2 -2 -2  1  1 -3 -3  9  4 -3    1   2   0   0   0  23   0   1   0   8   3   0   0   5   6   1   0  34  14   0  1.11 inf
   36 G   -2 -4 -2 -3 -4 -3 -4  7 -4 -5 -5 -3 -4 -4 -3 -2 -3 -4 -4 -4    1   0   0   0   0   0   0  93   0   0   1   0   0   0   0   1   0   0   0   0  1.71 inf
   37 Q   -2 -1 -2 -2 -4  8  0 -3 -2 -4 -4 -1 -2 -5 -3  1 -2 -4 -3 -4    1   0   0   0   0  83   3   1   0   0   1   0   0   0   0   8   0   0   0   0  1.50 inf
   38 L   -3  6 -3 -4 -4 -2 -3 -5 -3  0  3 -1  3 -3 -4 -3 -3 -4 -3 -2    0  51   0   0   0   0   0   0   0   5  33   0  11   0   0   0   0   0   0   0  0.86 inf
   39 K   -3  0 -2  1 -5 -1  1 -4 -3 -5 -5  7 -4 -5 -3 -2 -3 -5 -4 -4    0   0   0   7   0   0   9   0   0   0   0  84   0   0   0   0   0   0   0   0  1.37 inf
   40 L   -1 -4  1 -4 -3 -3 -4 -4 -4  1  5 -4  1 -1 -4 -1 -2 -3 -3 -1    4   0   8   0   0   0   0   0   0   7  75   0   1   0   0   5   0   0   0   0  0.76 inf
   41 L   -2 -4 -4 -5 -3 -3 -4 -5  1  0  5 -4  2  1 -4 -1 -3 -3  2 -1    2   0   0   0   0   0   0   0   3   0  74   0   3   5   0   5   0   0   8   0  0.79 inf
   42 L   -3 -4 -5 -5 -3 -3 -4 -5 -4  3  4 -4  4 -1 -4 -4 -2  3  0  1    0   0   0   0   0   0   0   0   0  16  59   0  12   0   0   0   0   5   3   5  0.80 inf
   43 G    0 -3  1 -2  4 -2 -2  1 -3 -3  0 -2  2 -3 -3  4  0 -4 -3 -2    4   0   9   0  11   0   0  10   0   0   9   0   8   0   0  47   3   0   0   0  0.49 inf
   44 E    0 -2 -2 -1 -5  2  6 -4 -2 -4 -4 -1  2 -5 -3 -2 -3 -5 -4 -4    9   0   0   0   0   7  76   0   0   0   0   0   8   0   0   0   0   0   0   0  1.23 inf
   45 L   -3 -3 -4 -5 -3 -3 -4 -5 -4  5  3  0  2 -2 -4 -3 -2 -4 -3  2    0   0   0   0   0   0   0   0   0  50  27   8   6   0   0   0   0   0   0  10  0.71 inf
   46 F   -2  1 -2 -1 -4  3  4 -4 -1 -1  0  0  1  1 -3 -1 -2  0  1 -1    0   9   0   0   0  20  35   0   0   3   9   2   4   9   0   2   0   1   4   2  0.41 inf
   47 F   -4 -4 -5 -5 -4 -5 -5 -5 -3 -2  1 -5 -2  8 -5 -4 -4 -1  1 -1    0   0   0   0   0   0   0   0   0   0  11   0   0  83   0   0   0   0   0   3  1.67 inf
   48 L   -3 -4 -5 -5 -3 -4 -4 -5 -4  2  5 -4  0  1 -4 -4 -3 -3 -2 -1    0   0   0   0   0   0   0   0   0  10  80   0   0   6   0   0   0   0   0   0  0.95 inf
   49 S   -1 -2  2 -1  1 -1  1 -2 -2 -2 -1 -2 -1 -3 -2  3  3 -4 -3  0    0   0  13   1   3   0   8   0   0   0   6   0   2   0   0  31  28   0   0   6  0.38 inf
   50 K    0  1  1  0  2  1  2 -2 -1 -2 -1  2  1 -3 -2 -1  1 -3 -2 -1    8   5   6   2   5   8  17   0   0   1   6  22   5   0   0   0  10   0   0   3  0.19 inf
   51 L   -2 -3 -3 -4  0 -3 -3 -4  3  3  2 -3 -1  1 -3 -2 -2 -1  6  0    1   0   0   0   3   0   0   1  10  20  19   0   0   3   0   2   0   0  33   5  0.56 inf
   52 Q    0 -2  2 -2  2  1 -1  1  3 -1 -1 -1 -1 -1 -2  1 -1  3  1  0    7   0  12   0   6   7   1   9  11   4   6   0   0   0   0  12   0   4   7  10  0.14 inf
   53 R   -1  3  1 -1 -3  1  1 -2  3  0 -1  2  1 -2 -2  0 -1 -3 -1 -1    1  17   6   2   0   6  10   1  12  10   3  16   7   1   1   5   2   0   0   1  0.21 inf
   54 H   -1  0  2  1 -2  1 -1 -2  4 -2 -1  0 -1 -2  3  0 -1 -2  0 -2    5   5  12   7   0   8   1   1  18   1   8   6   0   1  13   6   1   0   3   1  0.26 inf
   55 G    2 -1  0  1 -2  0  0  2 -1 -1 -2  1 -2 -1  0  0 -1 -2  2 -1   22   2   3   8   0   4   5  20   0   4   2  10   0   1   3   1   1   0  10   3  0.15 inf
   56 I   -1 -1  1 -1 -2 -1 -1 -1  1  2  0  2  2 -2 -1  0  0 -2 -2  0    3   1   7   2   0   1   1   4   5  18   6  17  11   1   2   7   7   0   1   6  0.07 inf
   57 L   -1  0  2 -1  3 -1 -2 -2 -2 -1  1 -1  0 -2  2  0  1 -2 -1  0    2   4  14   2  10   1   1   1   0   1  23   4   0   1   9   4  10   0   2  10  0.14 inf
   58 D    0  0  2  2  0  1  1  0 -1 -2 -2  1 -2 -3  1  1  0 -2 -2 -2    3   2  11  11   3   9   6   7   0   1   3  13   0   1   6  17   2   0   1   1  0.19 inf
   59 G    0 -1  1  2 -1 -1 -1  3 -2 -1 -2  0 -2 -3  1  1  0 -3 -2 -2    7   2   6  16   2   1   1  23   0   6   2   8   0   1   7  14   3   0   1   1  0.22 inf
   60 A    0  0  0  0  0  0 -1 -2 -1  0 -1  0  0 -1  1  0  1 -2  2  1    7   6   5   8   3   2   1   1   0   7   1   5   2   1   8   8   9   0  11  16  0.06 inf
   61 T   -1 -1  1 -1 -2 -1 -1 -1  2  0  0  0 -1 -2  2  0  2 -3 -2  0    1   2  11   0   0   0   1   3   7   7  12   4   0   0  12   3  26   0   0   9  0.17 inf
   62 V   -2 -4 -4 -4 -2 -4 -4 -5 -4  5  1 -4  0 -1 -4 -3 -1 -4 -2  4    0   0   0   0   0   0   0   0   0  48   6   0   0   0   0   0   0   0   0  46  0.76 inf
   63 V   -2 -4 -4 -4 -2 -3 -4 -5 -4  4  2 -3  0 -1 -4 -3 -1 -4 -2  4    0   0   0   0   0   0   0   0   0  29  18   0   0   0   0   0   0   0   0  54  0.65 inf
   64 Y   -3 -3 -4 -5 -4 -3 -4 -5  0  0 -2 -4 -2  1 -5 -3 -3  1  9 -2    0   0   0   0   0   0   0   0   0   8   0   0   0   0   0   0   0   0  92   0  1.80 inf
   65 I    3 -3 -3 -3 -2 -2 -3 -2 -3  4  0 -2  0 -2 -3  0  0 -4 -2  2   32   0   0   0   0   0   0   0   0  39   0   0   0   0   0   6   6   0   0  17  0.36 inf
   66 G   -1 -4 -2 -3 -4 -3 -4  7 -4 -5 -5 -3 -4 -5 -4 -2 -3 -4 -5 -5    0   0   0   0   0   0   0 100   0   0   0   0   0   0   0   0   0   0   0   0  1.71 inf
   67 S    3  0 -1 -2 -2 -1 -1  0 -2 -1 -3 -1 -2 -3 -2  4  0 -4 -3 -2   36   6   0   0   0   0   0   4   0   6   0   0   0   0   0  47   0   0   0   0  0.48 inf
   68 A    5 -3 -3 -3 -3 -3 -3  3 -3 -3 -1 -3 -3 -4 -3  1 -2 -4 -4 -2   65   0   0   0   0   0   0  21   0   0   5   0   0   0   0   7   0   0   0   0  0.86 inf
   69 P   -2  0  0  1  1 -2 -1 -3 -3 -4 -4  2 -4 -5  7  0 -2 -5 -4 -4    0   5   4   7   3   0   2   0   0   0   0  14   0   0  55   9   0   0   0   0  1.24 inf
   70 G    0 -4 -3 -3 -4 -4 -4  7 -4 -4 -5 -3 -4 -5 -4 -2 -1 -4 -5 -1    6   0   0   0   0   0   0  83   0   0   0   0   0   0   0   0   4   0   0   5  1.52 inf
   71 T   -2  1  1  1 -3 -2 -2  0  0 -2 -1 -2  1  0 -1  1  3 -2  3 -1    0   8   6   7   0   0   0   9   1   1   7   0   4   2   2   9  23   0  17   2  0.20 inf
   72 H   -3 -3 -2 -3  2 -2 -3 -4 10 -5 -5 -3 -4 -4 -4 -1  1 -5 -1 -5    0   0   0   0   5   0   0   0  76   0   0   0   0   0   0   4  11   0   0   0  2.06 inf
   73 I   -1 -4 -4 -4 -3 -4 -4 -4 -4  5  3 -4  1  1 -4 -3 -2 -3 -2  1    5   0   0   0   0   0   0   0   0  41  37   0   2   6   0   0   1   0   0   5  0.66 inf
   74 R    0  2  1 -2  0  1  0 -3 -2 -2 -2  1 -2 -4  4 -1  1 -4 -3 -1    9  16   9   0   2   6   3   0   0   2   3   8   0   0  25   0  10   0   0   5  0.41 inf
   75 Y   -3 -3 -4 -4  0  0 -1 -4 -2  1  1 -2 -1  5 -4 -3 -2 -1  4  1    0   0   0   0   2   4   6   0   0   9  12   2   0  35   0   0   0   0  17  12  0.56 inf
   76 L   -4 -4 -5 -6 -3 -4 -5 -6 -5  2  5 -5  0  2 -5 -5 -3  3 -2 -1    0   0   0   0   0   0   0   0   0  11  78   0   0   7   0   0   0   4   0   0  1.12 inf
   77 R    1  2  0  0  0 -1 -2 -2  0  1 -1 -1  1  1 -2  1 -1 -2  0  0   14  13   6   7   2   0   0   0   2  14   2   0   5   8   0  16   0   0   4   7  0.09 inf
   78 D   -2  1  2  4 -4  1  3 -1  0 -2 -3  0 -3 -4 -2  1 -1 -4 -3 -2    0   8  11  26   0   5  19   2   2   2   2   5   0   0   0  11   2   0   0   2  0.40 inf
   79 H   -2 -2 -3 -3  1 -2  0 -4  5 -1  3  0  4  0 -3 -3 -2 -3  0 -1    0   0   0   0   4   0   8   0  20   2  33   8  16   2   0   0   0   0   2   2  0.46 inf
   80 F   -3 -4 -3  0 -4 -3 -3 -4 -2 -2 -1 -4  0  7 -4 -3 -3 -1  6 -3    1   1   0   7   0   0   1   1   0   1   2   1   2  52   1   1   1   0  29   1  1.24 inf
   81 Y   -1  1 -2 -1 -3  1 -1 -3 -2 -2 -2  1 -2  0  5  1 -2 -3 -1 -2    3   8   0   3   0   6   3   1   0   1   4   8   1   5  37  15   0   0   2   1  0.61 inf
   82 N    0  1  2  3 -3  1  1 -2  2 -3 -3  2 -2 -3 -2  1  0 -3 -2 -2    6   5  11  18   0   5   7   1   6   1   1  19   0   1   1  11   4   0   1   1  0.29 inf
   83 L   -1  1 -3 -3 -2 -2 -2 -3  2  0  3 -2  2 -1 -3 -2 -2 -2  3  0    5   9   1   1   0   1   1   1   6   1  45   1   7   1   1   1   1   0  14   5  0.38 inf
   84 G   -1  0  2  0 -2  0 -1  1  0 -2 -1  1 -1  3 -1  0 -1 -1  1 -2    4   3  13   6   1   3   2  15   2   2   3  11   1  21   2   4   2   0   3   2  0.14 inf
   85 V    0  0 -1 -1  2 -1  0  0 -1  1  0 -1  0 -1  2  0  1 -1 -1  1    7   5   2   2   6   2   6   6   1   8   8   2   1   2  11   4   9   1   3  18  0.07 inf
   86 I    0  2  1  0 -2  0  0 -1 -1  0 -1  1 -1 -1  0  0  0 -1  1  0    6  14   9   6   1   3   4   4   1   8   3   7   1   1   4   9   6   0   8   6  0.06 inf
   87 I   -1 -2 -2 -2 -2 -2 -2 -2  2  4  1 -2  0 -1 -2 -1  0 -2 -1  2    2   1   1   1   1   1   2   2   8  32  15   2   1   1   1   6   4   0   1  18  0.25 inf
   88 K   -2  3  1 -1 -3  2 -1 -2  0 -3 -3  4 -2 -3 -2  1  1 -3 -2 -3    1  21   6   3   0   8   1   1   2   1   1  34   0   1   1   9  10   0   0   1  0.47 inf
   89 W   -5 -5 -6 -6  0 -5 -5 -5 -4 -4 -3 -5  1  6 -6 -5 -5 11  0 -4    0   0   0   0   2   0   0   0   0   0   0   0   3  37   0   0   0  54   0   0  2.53 inf
   90 M   -2 -3 -1 -1 -3 -2  1 -4  2  2 -1 -3  2 -1 -3 -2 -1  1  3  4    0   0   2   4   0   0  13   0   5  13   2   0   7   0   0   0   2   2  11  38  0.37 inf
   91 L   -2 -4 -5 -5  3 -4 -4 -3 -4 -1  5 -4  0  2 -4 -4 -3 -3 -2  0    2   0   0   0   8   0   0   3   0   0  72   0   0   9   0   0   0   0   0   3  0.89 inf
   92 I   -3 -4 -5 -5 -3 -4 -5 -5 -3  5  0 -4 -1  2 -5 -4 -3  2  5  3    0   0   0   0   0   0   0   0   0  43   2   0   0   9   0   0   0   2  24  20  0.93 inf
   93 D   -5 -5 -1  8 -7 -3 -1 -4 -4 -6 -7 -4 -6 -7 -4 -3 -4 -7 -6 -6    0   0   0 100   0   0   0   0   0   0   0   0   0   0   0   0   0   0   0   0  2.45 inf
   94 G   -2 -4 -1 -3 -5 -3 -1  2 -4 -1 -5 -1 -4 -6  7 -2 -3 -6 -5 -4    1   0   3   0   0   0   4  15   0   4   0   4   0   0  67   2   0   0   0   0  1.64 inf
   95 R    2  3  0 -2  0  0 -1  0 -2  1 -2  0 -2 -3 -2  0  1 -3 -3 -1   23  20   5   0   2   4   2   9   0  14   0   5   0   0   0   6   8   0   0   2  0.19 inf
   96 H   -1 -1 -2  1 -3  2 -1  1  0 -3 -2  1 -2 -4  5 -1  0 -4 -3 -2    5   2   0   9   0  10   2  10   3   0   4   9   0   0  34   3   6   0   0   3  0.54 inf
   97 H   -2  1 -1 -4 -4  0 -3 -4  7 -3 -3 -3 -3  6  2 -3 -3 -2  0 -4    2   7   2   0   0   4   0   0  30   0   0   0   0  42  10   0   0   0   0   0  1.06 inf
   98 D   -1 -3  1  4  7 -2  0 -3  0 -3 -4 -1 -3 -4  0  0 -1 -4 -3 -3    5   1   6  28  29   0   6   1   2   1   1   4   0   0   5   8   3   0   0   1  0.78 inf
   99 P    0  0 -1  2 -1 -1  0  1  0  0 -2  0 -2 -1  3  0  0 -2  0 -1   10   4   2  12   2   2   7  10   2  10   1   5   0   2  13   6   4   0   4   2  0.13 inf
  100 I    0  0  1  0  0  1  0 -2 -1  1  0  1 -1 -1  0  1  0 -3 -2  0    6   4   7   3   3   8   4   1   0  10   9  14   0   2   5  14   3   0   0   7  0.07 inf
  101 L   -1 -3 -4 -4  4 -3 -4 -4 -4  1  4 -3  0 -2 -3 -3 -2 -3 -3  3    5   1   1   1  10   0   1   1   0   5  53   1   0   0   1   1   1   0   0  20  0.67 inf
  102 N   -1  1  1 -1 -4  2  3 -1  1 -3 -1  1 -1 -2 -3  0 -1 -2  3 -2    3   8   6   0   0  11  21   5   3   0   5  11   1   0   0   6   1   0  12   3  0.26 inf
  103 G    0  0  1  1 -4  0  3  1  2 -2 -2  1 -1 -4  0  0 -1  1 -3 -3    8   4   8   9   0   2  25  12   5   3   2   7   2   0   4   7   1   2   0   0  0.24 inf
  104 L   -2  0 -1 -4  0 -3 -3 -3  1  3  2 -3  3  0  1 -3  0 -3 -2  1    2   7   4   0   2   0   0   2   4  23  21   0  12   4   7   0   5   0   0   6  0.27 inf
  105 R    1  3  2  3 -3  0  0 -2 -2 -4 -4  1 -3 -4  1  2 -1 -4 -3 -3   16  18  11  17   0   2   3   0   0   0   0   9   0   0   6  17   0   0   0   0  0.40 inf
  106 D   -3  0  5  3 -4  2  1 -3  0 -4 -3  2 -3 -4 -3  0 -2 -4 -1 -4    0   4  33  16   0   9  10   0   2   0   2  14   0   0   0   7   0   0   2   0  0.62 inf
  107 V   -2 -3  0 -1 -3 -3 -2 -4 -3  3  1  0 -1  2 -1 -3 -1 -3  0  3    0   0   7   3   0   0   2   0   0  19  10   6   0  11   3   0   3   0   3  32  0.33 inf
  108 T   -2  0  2 -2  0  0  1 -3 -2  1 -1  1 -2 -2 -3  1  3  0 -3  0    0   5  14   0   2   2  12   0   0   9   5   7   0   1   0  13  22   1   0   7  0.23 inf
  109 L   -3 -3 -1 -4 -3 -1 -3 -4 -4  4  3  0  0  1 -4 -3  0 -3 -2  1    0   0   4   0   0   3   0   0   0  27  39   7   0   6   0   0   8   0   0   7  0.48 inf
  110 V   -2  1  2  0 -3  0 -1 -3  0  3  0  0  0 -2 -3 -1 -1 -3  1  1    1   9  15   5   0   4   3   1   2  27   5   4   2   0   0   3   3   0   7   9  0.18 inf
  111 T   -2  1  3  0 -3  3  1 -3  0  0 -3 -1 -2 -3 -1  0  2 -4 -3  0    1  10  20   4   0  14  11   1   2   7   1   2   0   0   3   3  15   0   0   7  0.30 inf
  112 R   -2  3  1  2 -3  0  2  0 -1 -2 -3  3 -2 -3 -2 -1 -2 -3 -1 -1    1  21   8  10   0   1  15   7   0   3   1  21   0   0   1   3   1   0   3   4  0.35 inf
  113 F   -2  1 -3 -4  4 -3 -3 -4 -2  2  1 -1 -1  5 -3 -2 -1 -2  3 -1    3   8   0   1   9   0   1   1   0  16  12   5   0  29   0   1   5   0   9   1  0.43 inf
  114 V   -2  1 -2 -4  3 -3 -4 -4  0  0 -2 -3 -2  6 -4 -1  2 -2  2  2    2   8   2   0   6   0   0   0   3   4   0   0   0  37   0   3  14   0   5  15  0.59 inf
  115 D   -3 -3  0  6 -4  1 -1 -3 -3 -4 -4 -1 -4 -5 -3  0  5 -5 -4 -4    0   0   3  43   0   8   0   0   0   0   0   3   0   0   0   6  36   0   0   0  1.01 inf
  116 E   -1 -1  2  3 -4  1  5 -3  0 -3 -1 -1 -3 -4 -3 -1  1 -4 -2 -3    5   2   9  14   0   5  40   0   1   0   8   2   0   0   0   0  10   0   1   0  0.52 inf
  117 E    1 -1 -1  1 -3  0  2 -2 -2  0  0 -1  0 -2  2  0 -1 -3  1 -1   14   2   1  11   0   4  15   0   0   8  14   2   2   0  10   6   2   0   8   0  0.16 inf
  118 Y   -2 -2 -1  2  5 -2 -1 -3 -2  0  1 -3  0  4 -3 -2  0 -1  4 -2    1   2   2  13  13   0   5   1   0   6  12   1   2  18   1   1   7   0  15   1  0.35 inf
  119 L    2 -2  0 -1  1 -2 -1 -2 -2  2  1 -1 -1 -2 -2  0  1 -3 -2  0   26   1   6   3   3   0   3   1   0  19  20   4   0   0   1   4   8   0   0   1  0.18 inf
  120 R   -1  4  0  0  0  0  0 -3  0 -2 -3  3  1  0 -3 -2 -2 -3  1 -1    5  32   4   6   2   2   4   1   1   1   1  19   4   4   0   1   1   0   7   4  0.39 inf
  121 S   -1  0  0  3 -3  1  2  0 -2 -1  0  0 -2 -2 -2  0 -1 -3 -3 -2    2   4   3  20   0   6  17   9   0   4  14   7   0   2   0   6   2   0   0   1  0.20 inf
  122 I   -2 -1 -3 -4 -3 -1 -3 -4 -3  2  3 -1  1  3 -4  0 -2 -2  1  1    0   4   0   0   0   3   0   0   0  10  36   3   4  13   0   9   0   0   5  12  0.34 inf
  123 K    2  4  1 -2 -3  0  1 -3  0 -4 -4  3 -3 -4 -3  0  0 -4 -3 -3   22  25   7   0   0   1  10   0   2   0   0  19   0   0   0   7   6   0   0   0  0.47 inf
  124 K    1  1  2  1 -3  1  1  0  1 -3 -2  2 -2 -3  0  1  0 -3 -1 -3   13   8  10   8   0   8   7   5   3   0   4  17   0   0   3   9   3   0   2   0  0.21 inf
  125 Q    0  1 -1 -2 -2  1  1 -2  3  0 -1  1  2  1 -2  0 -1 -2  2 -1    9   9   0   0   0   9   9   1   9   9   1   9   9   9   0   9   0   0   9   1  0.13 inf
  126 L   -2  1 -2 -1  1  0  2 -1  1 -1  0 -1 -1  2 -2 -1 -1 -1  3 -2    1  10   1   3   4   5  16   6   3   2  14   2   0  12   1   1   2   0  16   1  0.15 inf
  127 H    0  2  1  1  1  0  1  0  0  0 -1  0 -1  0 -1  1 -1 -2  0 -1    8  15   6   9   5   1   9   5   2   6   6   3   0   3   1  10   1   0   5   4  0.05 inf
  128 P   -1  0  1  3  0  0  0  1 -1 -1 -2  0 -1 -3  1  1  1 -3 -2 -1    1   5   8  24   2   5   1  12   0   3   2   5   2   1   6   9   9   0   1   5  0.19 inf
  129 S   -1  1  3  0 -3  2  1  1  2 -3 -3  2 -2 -2 -2  1  0 -2  1 -2    3   5  16   4   0   9   7   9   6   1   1  16   0   0   1   9   4   0   6   2  0.21 inf
  130 K   -1  1  4  2 -4  0 -1 -1 -2 -4 -4  2 -3 -4  4 -1  0 -4 -1 -3    4   9  24  15   0   3   0   4   0   0   0  12   0   0  20   0   6   0   3   0  0.51 inf
  131 I   -2 -4 -4 -4 -2 -3 -4 -5 -4  4  3 -4  1 -1 -4 -3  1 -3 -1  3    1   0   0   0   0   0   0   0   0  33  33   0   2   0   0   0   8   0   2  21  0.57 inf
  132 I   -3 -4 -5 -5 -3 -4 -4 -5 -4  3  4 -4  2  1 -4 -4 -2 -3  1  2    0   0   0   0   0   0   0   0   0  18  58   0   5   4   0   0   0   0   5  11  0.70 inf
  133 L   -3 -4 -5 -5 -3 -4 -5 -5 -3  0  4 -4  0  6 -5 -4 -3 -2  1  1    0   0   0   0   0   0   0   0   0   0  40   0   0  46   0   0   0   0   2  11  0.98 inf
  134 I   -3 -4 -5 -5 -3 -4 -5 -5 -4  6  1 -4  2 -1 -4 -4 -2 -4  1  2    0   0   0   0   0   0   0   0   0  66  10   0   7   0   0   0   0   0   5  12  0.96 inf
  135 S   -1 -3 -2 -3  4 -3 -3 -3 -3 -4 -4 -3 -3 -3 -3  5 -1  6  3 -4    0   0   0   0  10   0   0   0   0   0   0   0   0   0   0  67   1  13  10   0  1.11 inf
  136 D   -4 -4 -1  8 -6 -2  1 -4 -3 -5 -6 -3 -5 -6 -4  0 -3 -7 -5 -5    0   0   0  89   0   0   6   0   0   0   0   0   0   0   0   5   0   0   0   0  1.88 inf
  137 V   -3 -4 -5 -5 -3 -4 -5 -5 -4  6  0 -4 -1  1 -5 -4 -2 -3  2  3    0   0   0   0   0   0   0   0   0  62   5   0   0   5   0   0   0   0  10  19  0.94 inf
  138 R   -3  7 -2  0 -6 -1 -2 -4 -2 -5 -4  1 -4 -5 -4 -1 -2 -5 -4 -5    0  84   0   5   0   0   0   0   0   0   0   6   0   0   0   3   2   0   0   0  1.60 inf
  139 S   -1  0  0  0 -3 -2  1 -2 -3 -4 -4 -2 -3 -4 -3  5  3 -5 -3 -3    0   4   3   5   0   0   8   0   0   0   0   0   0   0   0  55  25   0   0   0  0.75 inf
  140 P    1 -3  1 -1 -3 -2 -2  2 -2 -1  0 -2  0 -3  4 -1  0 -4 -2 -2   15   0   9   3   0   0   2  22   0   2  13   0   4   0  22   3   4   0   2   0  0.37 inf
  141 S   -2  2  5  1 -3  0  0 -2 -2 -4 -4 -1 -3 -4 -3  3  2 -5 -3 -3    0  15  31   6   0   2   4   0   0   0   0   0   0   0   0  26  15   0   0   0  0.60 inf
  142 T   -2 -2  0  1 -3  1  3 -3 -2  0 -3  0 -2 -4  1  0  4 -4 -3 -1    0   0   5   8   0   4  30   0   0   6   0   5   0   0   7   2  32   0   0   3  0.46 inf
  143 A    1  1  0  3 -3  1  1 -2  1 -3 -2  2 -2 -2 -2  0 -1 -4 -2 -2   14   6   2  25   0   5   8   0   5   0   3  19   0   1   0   6   1   0   1   3  0.31 inf
  144 D   -1  0  3  3 -1  0  2 -1  3 -3 -3  0  3 -3 -3  0 -2 -4 -3 -3    3   5  15  22   1   3  12   4   8   0   0   5  14   0   0   6   0   0   0   0  0.36 inf
  145 L   -2 -4 -5 -5 -3 -3 -4 -5 -4  3  4 -4  3 -1 -4 -3 -2 -3 -3  3    2   0   0   0   0   0   0   0   0  16  49   0  10   0   0   0   0   0   0  23  0.72 inf
  146 L    1 -1 -2 -2 -2  1  0  1  0  0  2 -1  1 -1 -3 -1 -1 -2  0  0   15   3   0   0   0   7   7  15   2   6  27   3   5   0   0   1   2   0   5   4  0.11 inf
  147 S    0  2  2  1 -4  1  3 -2  2 -3 -3  0  0 -1 -3  0 -2  2  2 -3    7  14  10   6   0   5  24   1   7   0   0   4   4   1   0   4   0   3  10   0  0.31 inf
  148 N   -3 -3  3  7 -5 -2  0 -3  3 -5 -5 -2 -5 -5 -3 -1 -1 -6 -4 -5    0   0  15  68   0   0   4   0   7   0   0   0   0   0   0   3   4   0   0   0  1.32 inf
  149 Y   -3 -3  2 -3 -4 -1 -3 -4 -1  1  0 -3  6  1 -4 -3 -2 -1  6  1    0   0  15   0   0   3   0   0   0   6   5   0  26   2   0   0   0   0  34   9  0.75 inf
  150 A    2  1  2  2 -3  1  2 -2 -1 -3 -2  1  0 -3 -2  0 -1 -3  1 -2   22  10  11  12   0   5  12   0   0   0   1   9   4   0   0   6   2   0   6   1  0.23 inf
  151 L    2 -3  1 -3 -2 -1 -3 -3 -3  1  3 -2  3 -2 -3  0 -1  0 -2  0   23   0  10   0   0   1   0   0   0   8  33   0  12   0   0   6   0   1   0   5  0.29 inf
  152 Q    1 -1 -2 -3 -5  8 -1 -1 -2 -5 -4 -1 -3 -5 -4 -2 -3 -4 -4 -4   11   0   0   0   0  85   0   4   0   0   0   0   0   0   0   0   0   0   0   0  1.64 inf
  153 N   -1  2  5 -1 -4  0  2 -3  2 -3 -2  2  2 -4 -3 -1 -2 -4 -3 -3    5  12  38   0   0   2  14   0   5   0   3  12  10   0   0   0   0   0   0   0  0.52 inf
  154 V    0  1  1  1  3  0  1 -1 -1 -1 -2  1  0 -2 -2  1 -1 -3  1 -1   10   7  10  10   9   4   7   1   0   4   1  10   3   0   0  13   1   0   7   4  0.13 inf
  155 M   -4 -5 -6 -6 -4 -4 -5 -5 -4  2 -1 -5  4  3 -6 -5 -4 11  0 -1    0   0   0   0   0   0   0   0   0  16   3   0  12  12   0   0   0  55   0   2  2.04 inf
  156 I   -2 -3 -3 -4  5 -3 -3 -4  3  3  2 -3  1 -1 -4 -2  0  2 -2  2    0   0   0   0  15   0   0   0  11  19  25   0   4   2   0   0   7   3   0  13  0.43 inf
  157 S   -1  0  1  1 -3  1  1 -2 -2 -1  1  2  0  1 -2  1 -1  3 -1 -1    0   2   8  11   0   6   7   0   0   2  17  17   1   7   0  14   1   4   0   3  0.14 inf
  158 I    0 -2 -1 -2 -2  0  0 -2  2  3  0 -2  0  1 -2  0 -1 -2  2  1    9   0   2   0   0   4   5   1   8  30   7   1   0   4   0  11   3   0   8   6  0.14 inf
  159 L   -2 -3 -4 -4 -2 -3 -3 -4 -3  2  5 -3  4  1 -3 -3 -2 -2 -2  0    1   0   0   0   0   0   1   1   0  12  63   1  13   6   0   1   1   0   0   1  0.70 inf
  160 N   -2  3  3  0 -3  2  1 -2  1 -3 -2  3  0 -3 -2 -1 -1 -3 -2 -3    1  19  19   2   0   9   9   2   3   0   2  24   3   0   0   3   1   0   0   1  0.42 inf
  161 P    0  0 -3 -3 -3 -2 -2  1 -3 -3 -4 -2 -3 -4  7 -2 -2 -4 -4 -1   10   6   0   0   0   0   1  10   0   0   1   1   0   0  64   1   1   0   0   4  1.39 inf
  162 V    0  0 -2  0 -2  1  1 -2  0  2  0  0  1 -2 -2 -1 -1 -3 -2  1   11   5   0   4   0   6  12   1   3  24   5   7   5   0   0   1   3   0   0  12  0.10 inf
  163 A    4 -1 -2 -3 -2 -2 -2 -2  1 -2 -2  1 -1  1 -3  1 -2 -2  4 -2   43   3   0   0   0   0   0   0   3   2   0  10   1   4   0   8   0   0  23   0  0.45 inf
  164 S    4 -3 -2 -3  2 -2 -2 -2 -3 -3 -3 -2 -3 -2 -2  4 -1 -4 -3 -2   45   0   0   0   5   0   0   0   0   0   0   0   0   1   0  46   0   0   0   0  0.79 inf
  165 S   -2  0 -3 -4 -3 -2 -3 -4  2  0  3 -3  6  1 -4  0 -2 -3  0 -1    0   6   0   0   0   0   0   0   6   2  34   0  34   5   0  10   0   0   2   0  0.56 inf
  166 L   -3 -4 -5 -5 -3 -4 -4 -5 -4  1  5 -4  2 -1 -4 -4 -3 -3  1  1    0   0   0   0   0   0   0   0   0   4  80   0   2   0   0   0   0   0   6   8  0.92 inf
  167 K   -3  2 -2 -3 -5 -1 -1 -4 -3 -5 -4  7 -3 -5 -3 -1 -3 -5 -4 -4    0   6   0   0   0   0   0   0   0   0   0  91   0   0   0   3   0   0   0   0  1.46 inf
  168 W   -4  1 -4 -5 -4  1 -4 -5 -3 -2  0 -3 -2  7 -5 -4 -3  5  1  0    0   8   0   0   0   7   0   0   0   0   5   0   0  64   0   0   0  10   0   6  1.14 inf
  169 R   -3  6 -2 -3  0  0 -2 -4  3 -4 -4  3 -3  0 -4 -2 -3 -4 -2 -4    0  65   0   0   2   2   0   0  10   0   0  15   0   6   0   0   0   0   0   0  1.09 inf
  170 C   -2 -3 -3  0  4 -3 -3 -4 -3  0  3 -3  0 -1  3 -3 -2 -3  2  0    0   0   0   7  13   0   0   0   0   3  46   0   0   0  14   0   0   0  10   7  0.49 inf
  171 P   -1 -4 -4 -3 -5 -3 -1 -4 -4  0 -4 -3 -1 -5  8 -1 -3 -6 -5 -3    3   0   0   0   0   0   5   0   0   6   0   0   2   0  80   4   0   0   0   0  1.98 inf
  172 F   -4 -4 -4 -5 -4 -3 -4 -5  2 -3 -2 -4 -3  5  1 -2 -3  8  6 -3    0   0   0   0   0   0   0   0   6   0   0   0   0  29   6   2   0  24  32   0  1.38 inf
  173 P    0 -2  0 -1 -3 -2  0 -2 -2  0 -3  0 -2 -3  6  1  1 -3  0 -2    7   0   5   3   0   0   5   1   0   9   1   4   0   0  41  10  10   0   4   1  0.66 inf
  174 D   -1 -1  2  5 -3 -1  1 -1  0 -3 -4  1 -3 -4  0  1  0 -4 -3 -3    3   2  12  39   0   0   7   4   2   0   1   7   0   0   3  13   6   0   0   1  0.48 inf
  175 Q   -1  1 -1  3 -3  3  0  2 -2 -3 -3  1 -2 -4 -2  0  1 -4 -3 -2    3   6   0  19   0  18   3  21   0   0   0  12   0   0   0   2  13   0   0   2  0.35 inf
  176 W   -2  0  0 -3 -3 -2 -2 -3  2  0 -1  1  0  1 -3  0  1  8  0 -2    0   6   6   0   0   0   0   0   7   7   4   9   2   8   0   8  13  28   0   0  0.61 inf
  177 I   -1  0  2  1 -3 -1  0  0 -2  0 -1  0 -2 -2  1 -1  3 -3  1  0    0   6  13   8   0   0   7   6   0   6   3   3   0   0   8   0  25   0   6  10  0.15 inf
  178 K   -1  0  1  2  2  0  4 -1  0 -4 -4  3 -3 -4 -2  0  0 -4 -3 -3    2   2   8   9   5   0  32   5   2   0   0  25   0   0   0   6   4   0   0   0  0.42 inf
  179 D   -1 -2  1  2 -2  0  0  0 -1 -2 -2 -1 -2  0  0  1  1 -1  3 -2    1   1   5  14   0   5   4   9   0   2   1   1   0   4   4  16  14   0  18   1  0.20 inf
  180 F   -1  0 -2 -2 -2 -2 -1 -1 -1  1  0 -2  0  4 -2 -1  1 -1  2  1    1   5   1   1   0   1   4   4   0  13   3   1   2  22   1   1  15   0  10  12  0.18 inf
  181 Y   -1  0 -1 -1 -2  0  1 -2 -1 -2 -2  1  0  1  0  1  1 -1  4 -1    1   3   1   3   0   2  13   1   0   1   1  13   2   6   3  13  10   0  21   3  0.20 inf
  182 I   -3 -3 -4 -4  1 -3 -4 -4 -1  4  0 -3 -1  1 -4 -3 -2 -1  6  2    0   0   0   0   4   0   0   0   0  30   6   0   0   3   0   0   0   0  41  13  0.78 inf
  183 P   -1 -3 -3 -3 -3 -3 -3 -3 -3  1  3 -3  0  1  5  0 -2 -3 -2  0    5   0   0   0   0   0   0   0   0   7  41   0   0   6  29   8   0   0   0   3  0.56 inf
  184 H   -1  0 -1  4  3  0 -1 -1  1  0 -2  0 -1 -2 -3 -1  1 -3  0 -2    3   5   0  33  10   3   0   5   3   8   1   6   2   0   0   1  13   0   5   0  0.28 inf
  185 G   -1 -3  0 -3 -4 -3 -3  6 -3 -5 -5 -3 -4 -4 -3  0  0 -4 -4 -4    0   0   3   0   0   0   0  83   0   0   1   0   0   0   0   4   5   0   0   0  1.38 inf
  186 N   -1 -1  2  3 -3  1  2 -2 -1  1 -2  1 -1 -2 -2 -1  1 -3 -1  0    2   0  10  17   0   5  16   0   0  16   1  14   0   0   0   0   8   0   2   7  0.21 inf
  187 K   -2  1 -2  0 -3  0  2 -3 -2  2  1  1  0 -2 -2 -1 -1 -3 -2  1    0   7   0   6   0   3  20   0   0  22  19   8   2   0   0   3   0   0   0   6  0.17 inf
  188 M   -2  0 -3 -3  1  0 -2 -4  1  0  2  0  2  1 -3 -2 -2 -1  5 -1    0   7   0   0   4   4   0   0   4   6  24   5   8   5   0   0   0   0  30   0  0.39 inf
  189 L   -3 -4 -5 -5 -3 -4 -4 -5 -3  2  4 -4  0  3 -4 -4 -3  3  3  0    0   0   0   0   0   0   0   0   0  14  54   0   0  14   0   0   0   4  12   2  0.69 inf
  190 Q   -3 -2 -3 -3 -5  6 -1  1 -2 -5 -5 -1 -3 -5  6 -2 -3 -5 -4 -4    0   0   0   0   0  49   0  12   0   0   0   0   0   0  39   0   0   0   0   0  1.34 inf
  191 P    0 -4 -4 -4  3 -3 -3 -4 -4  3  0 -3 -1 -3  5 -2 -1 -4 -3  2    9   0   0   0   9   0   0   0   0  21   6   0   0   0  31   0   3   0   0  22  0.65 inf
  192 F   -4 -5 -5 -5 -4 -4 -5  0 -4  1 -2 -5 -2  5 -5 -4 -4 10  2 -3    0   0   0   0   0   0   0   9   0  10   0   0   0  33   0   0   0  45   4   0  1.72 inf
  193 A    3 -1  0 -2  0  1 -2  3 -2 -3 -3  1 -2 -4 -2  0  1 -4 -3 -2   39   1   5   0   2   8   0  25   0   0   0  10   0   0   0   0  10   0   0   0  0.42 inf
  194 P   -1  2 -2 -2 -3 -1 -2 -1 -3 -1 -3  1 -3 -4  6  1 -2 -4 -3 -3    4  17   0   0   0   0   0   5   0   6   0   8   0   0  47  10   0   0   0   0  0.91 inf
  195 S    0 -1  0 -1  0  0  1 -2  0  0  0  1  0 -2  3  0 -1 -3  0 -1    5   1   6   0   2   4  12   0   2   6  15  15   1   0  15   6   1   0   6   4  0.15 inf
  196 Y   -1 -2  0  3 -3 -1 -1 -2  4 -3 -3 -2 -2  0 -3  2  3  0  2 -3    0   0   1  21   0   2   0   0  15   0   0   0   0   5   0  19  26   1   9   0  0.43 inf
  197 S   -1 -3 -1 -2 -2 -2 -2  0 -3 -3 -3 -2  3 -4 -3  5  4 -4 -3 -2    0   0   0   0   0   0   0   6   0   0   0   0   9   0   0  54  31   0   0   0  0.75 inf
  198 A    2  2 -1 -2 -2 -1 -2 -2  1 -3 -3 -1 -2 -2 -2  2  4 -3  2 -2   20  15   0   0   0   0   0   0   5   0   0   0   0   0   0  17  34   0   9   0  0.43 inf
  199 E   -2 -2 -2  0 -4  0  7 -3 -2 -4 -4 -1 -3 -4 -2 -2 -2 -4 -3 -4    1   1   0   1   0   0  91   1   0   1   1   1   0   0   1   1   1   0   0   1  1.42 inf
  200 M    0 -2 -2 -3  3 -2 -2  0 -2  0  1 -2  2 -1 -2 -1  2 -1  3  0    9   1   0   1   9   0   1   9   0   3  15   1  10   0   1   1  18   0  15   8  0.18 inf
  201 R   -2  7 -2 -2 -4  0 -1 -3 -1 -3 -3  1 -2 -3 -3 -2 -2 -3 -3 -3    1  82   1   1   0   3   1   1   0   1   2   1   0   1   1   1   1   0   1   1  1.26 inf
  202 L   -2 -3 -3 -3  4 -2 -3 -3 -3  2  4 -3  0 -1 -3  0  0 -3 -2  0    1   1   0   1  10   0   1   1   0  12  54   1   0   0   1  10   6   0   0   2  0.42 inf
  203 L   -2 -3 -2 -3  2 -3 -3 -3 -3  2  1 -3  3  4 -3 -2 -1 -2  0  3    1   0   2   1   5   0   1   1   0  12  11   1  11  23   1   1   4   0   0  27  0.37 inf
  204 S   -1 -2  1 -2  1  0 -2 -2 -2  2  1 -2  0  0 -2  0  1 -3 -2  3    0   0  11   0   3   5   0   1   0  10   9   0   0   5   2   9   8   0   0  33  0.18 inf
  205 I    1 -1  0 -2  1 -1  0 -1  1  1  0 -1 -1  0  2  0  0 -2 -1  1   14   1   6   1   4   2   5   2   6  13   5   1   0   6   9   6   6   0   0  13  0.07 inf
  206 Y   -1 -1 -1 -1 -1  1 -1  2  0  0 -1  0 -1  1 -1  0  0 -1  2  0    3   2   1   2   1   9   3  20   2   8   4   4   0   7   3   7   6   0  11   6  0.08 inf
  207 T    0 -2  2  3 -2 -1 -1  0  0 -1 -2 -1 -2 -3  3  1  0 -3 -2 -2    6   1  15  21   0   1   1   6   2   7   1   2   0   1  17  13   5   0   1   1  0.33 inf
  208 G    0 -1  1  1 -2  0  0  1 -1 -2 -2  0 -2  1  1  1  1 -2 -1 -2   10   3   7  11   0   2   7  11   0   1   1   6   0  12   7  10  11   0   0   1  0.14 inf
  209 E    0  1  1  0 -2  1  1 -1  1 -1 -2  2 -1 -2  0  0  1 -2  0 -2    7  11   6   3   0   4  12   4   4   3   2  13   0   1   4   7  13   0   3   1  0.14 inf
  210 N    0  2  2  0 -3  0 -1  0 -1 -3 -2 -1 -2  0  4 -1 -1 -3 -2 -2   12  19  16   5   0   3   2   5   0   1   2   1   0   7  22   3   1   0   1   1  0.36 inf
  211 M   -1  1 -1 -2 -2 -1 -2  0 -2  2  1 -1  1  0  0 -1  0 -2  1  1    2  10   3   2   0   1   1   9   0  23  10   2   5   3   3   2   4   0   6  11  0.06 inf
  212 R    0  3 -1  1 -2  0 -1 -2 -1  0  0  2  1  0 -1  0  0 -2  0 -1    6  25   1   9   0   1   1   1   0   5   7  16   6   5   2   4   6   0   4   2  0.15 inf
  213 L    0 -1 -1  1 -2 -1  0 -1 -1  0  1  0  1 -1 -2  0  1 -1  2  0    7   1   1  11   0   1   4   3   0   4  21   6   3   1   1   3  14   0  13   7  0.08 inf
  214 T    0  1  0 -1  0 -1  0 -2 -1  0  0  0  0  1 -1  0  1 -2  0  0    9  10   5   1   2   1   4   2   0   9  11   8   0   7   2   8   8   0   3   8  0.02 inf
  215 R    0  1  2  0  2 -1  0  0  1 -2 -1  0 -1  0  1  1  0 -2  1 -1    6   8  17   2   7   1   6   5   3   1   4   3   0   6   6   9   8   0   6   3  0.10 inf
  216 V    0 -1 -2 -1 -2  1  0 -3 -2  2  0 -2  1  3 -2 -1  0 -1  1  1    7   2   1   3   0   9   6   1   0  15   8   1   5  22   1   1   7   0   3   9  0.15 inf
  217 T   -1  3  0  2 -3  0 -1 -2 -2  1 -1  1 -1 -3 -2  0  2 -3 -2  0    3  20   2  15   0   4   1   1   0  13   4   9   0   0   1   4  18   0   0   3  0.21 inf
  218 K   -1  1  0  0 -2  0  1 -2 -1  1  0  1  0 -2  1  0 -1 -3 -2  1    4  10   6   4   0   3   8   2   1   9  10  13   4   0   7   4   1   0   0  13  0.07 inf
  219 S   -2 -2  0  1 -4 -1  1 -3  1 -2 -1 -1 -2  1 -3 -1 -2 -1  7 -2    2   0   5  10   0   2  12   0   2   2   8   3   0   2   0   5   0   0  46   0  0.63 inf
  220 D   -1 -2  4  5 -4  0  1 -2  2 -4 -4 -1 -3 -3 -3 -1  0 -4  0 -3    5   0  24  39   0   4   9   0   5   0   1   2   0   0   0   0   5   0   4   0  0.65 inf
  221 A    2 -2  2 -1  6 -2 -2 -2  2 -2 -1  0 -2 -3 -3  1  0 -4 -2  1   18   0  14   3  20   0   0   0   6   0   4   6   0   0   0  14   3   0   0  11  0.32 inf
  222 V    0  2 -1  0 -2  0  1 -1 -1  1 -1  1 -1 -2 -2  0  1 -2  0  1    4  14   2   3   0   3  10   3   0  10   4  12   0   0   0   4  13   0   4  12  0.09 inf
  223 N   -1  0  2  2 -3  1  2  0  2 -2 -2  2 -2 -3 -2  0  0 -3 -2  0    2   3  13  10   0   6  17   6   7   0   2  15   0   0   0   7   4   0   0   8  0.23 inf
  224 Y   -3 -3 -3 -4 -4 -3 -3 -4  5  0 -1 -3  0  3 -4 -3 -3 -1  7  1    0   0   0   0   0   0   0   0  15   7   4   0   3  12   0   0   0   0  47   9  0.97 inf
  225 E   -2 -2 -2  3 -4  0  6 -2  0 -4 -4 -1 -3 -4 -3 -1 -2 -4  1 -1    0   0   0  15   0   0  63   3   2   0   0   0   0   0   0   4   0   0   5   5  0.89 inf
  226 K   -1  1  1  2 -4  1  4 -1 -1 -4 -4  3 -3 -4 -2  0 -1 -4 -3 -3    3   8   7  11   0   3  36   4   0   0   0  20   0   0   0   3   3   0   0   0  0.51 inf
  227 K   -1  1 -2 -2 -1  5 -1 -3 -2 -2 -2  5 -2 -4 -3 -2 -2 -4 -1 -3    3   4   0   0   2  34   0   0   0   3   4  45   0   0   0   0   0   0   2   0  0.77 inf
  228 M   -3 -4 -5 -5  5 -3 -5 -5 -4 -1  3 -4  7  4 -5 -4 -3 -3 -2 -2    0   0   0   0  15   0   0   0   0   0  23   0  41  21   0   0   0   0   0   0  1.10 inf
  229 Y    1 -3  0 -4 -4 -3 -3 -4  3 -3 -2 -3 -2  6 -4 -1 -3 -1  5 -3   17   0   7   0   0   0   0   0   8   0   0   0   0  46   0   3   0   0  19   0  0.90 inf
  230 Y   -1 -4 -4 -5 -4 -3 -4 -5  4 -3 -3 -4 -3  5 -5 -4 -4  7  7 -3    5   0   0   0   0   0   0   0  12   0   0   0   0  25   0   0   0  14  44   0  1.44 inf
  231 L   -4 -4 -4 -5 -4 -4 -4 -5  3 -2  1 -4 -2  6 -5 -4 -4 -1  7 -2    0   0   0   0   0   0   0   0   7   0  12   0   0  38   0   0   0   0  41   2  1.30 inf
  232 N   -4 -3  9 -1 -5 -2 -3 -3 -2 -6 -6 -3 -5 -6 -5 -2 -3 -6 -5 -6    0   0 100   0   0   0   0   0   0   0   0   0   0   0   0   0   0   0   0   0  2.28 inf
  233 K    1 -2  3 -1 -2 -1 -2 -2 -1 -1 -2  1  3 -3 -3  1  4 -4 -3  0   11   0  15   2   0   0   0   0   2   3   0  12  11   0   0   7  31   0   0   6  0.32 inf
  234 I   -2  2  0  1  2 -1  0 -3  0  2 -1  1  1 -2 -3 -2 -1 -3  0  2    0  16   5  10   6   0   4   0   3  18   0  11   4   0   0   0   2   0   5  16  0.16 inf
  235 V    0 -1  1 -1 -2  1 -2 -2 -1  1 -1  0  0 -1 -3  1  1 -2  2  2    6   2  10   2   0   6   0   2   0   7   4   4   2   0   0  13   9   0  11  20  0.11 inf
  236 R   -3  7 -3 -4 -6 -1 -2 -1 -3 -5 -1  1 -3 -5 -4 -3 -3 -5 -4 -4    0  84   0   0   0   0   0   6   0   0   6   5   0   0   0   0   0   0   0   0  1.57 inf
  237 N   -2  1  2 -1 -3  0  1 -2 -1 -2  0  1 -1  2 -1  0  1 -1  3 -2    1   6  14   1   0   2  12   1   0   1   9   8   0  10   2   7  11   0  15   1  0.18 inf
  238 K    0  2  2  2  0  1  1 -2  1 -3 -3  2 -2 -3 -2  0  0 -3 -2 -2    9  15  13  13   2   8   5   1   5   1   1  14   0   0   1   6   5   0   0   1  0.26 inf
  239 V   -1  0  1  0  0  0 -1 -2 -1  1  0  1 -1 -1 -2 -1  0 -2  2  2    1   6   7   4   2   5   3   1   0  13   6  12   0   1   1   1   3   0   9  23  0.08 inf
  240 V   -1 -2 -1  2 -2  0 -1 -2  2  2  0 -1  0 -2 -2 -1  0 -3 -2  3    1   1   3  13   0   3   3   1   6  17   5   3   2   1   1   1   7   0   1  29  0.16 inf
  241 V    1 -1  0  0  3 -2 -2 -2  2  0  0 -2 -1  1 -2  0 -1  4  2  0   13   4   7   6   8   0   1   1   8   6  12   1   0   5   0   7   1   6   9   6  0.13 inf
  242 N   -2  1  3  1 -3 -1  0 -2  3 -3 -1  1 -2 -2  1  0 -2 -3  2 -3    1  10  22   9   0   0   6   1   9   0  10   9   0   0   6   6   1   0   8   1  0.28 inf
  243 F   -3  0  0  0 -3 -2 -2 -3  4 -2 -2 -2 -2  4 -3 -2 -2 -1  6  0    1   7   6   5   0   0   1   1  12   1   1   1   0  21   1   1   1   0  33   9  0.62 inf
  244 D   -2 -1  1  5 -4 -1  3 -2  1 -3 -1  1 -2 -3  1 -1 -2 -4 -3 -3    1   1   6  37   0   0  21   1   5   1   8   9   0   0   8   1   1   0   0   1  0.53 inf
  245 Y   -2  1  0 -1 -3 -1  0 -3  6  1  0  0 -1  1 -3 -2 -2 -1  4 -2    1   9   3   3   0   0   4   1  27  11   8   4   0   4   1   1   1   0  20   1  0.39 inf
  246 P   -2 -3  1  0  4 -2 -2 -3 -2 -2  1 -2 -2 -2  5  1 -1 -3  2 -2    0   0  10   5  11   0   0   0   0   0  18   0   0   0  28  13   3   0  11   0  0.47 inf
  247 N   -2  0  4  3 -3 -1  0 -2 -1  1 -2 -1 -2 -3 -2  1 -1 -4 -3  0    1   6  32  17   0   0   6   1   0  10   1   0   0   0   0  13   0   0   0  11  0.33 inf
  248 Q    0  3 -1  0 -3  4  1 -2  3 -1 -1  0 -1 -3  1  0 -1 -3 -2 -2    7  19   0   5   0  26   6   0  11   4   8   0   0   0   8   4   0   0   0   0  0.30 inf
  249 E    0 -2  0  1 -3  0  3  2  3 -3 -3 -1 -2 -2 -2 -1 -2  4  1 -1    9   0   4  10   0   0  27  15  11   0   0   2   0   0   0   0   0   8   5   7  0.30 inf
  250 Y   -2 -1  0 -2 -3 -1  1 -3  0 -1  1  0 -1  1 -3 -2 -2  0  6  0    1   1   5   1   0   1  12   1   0   1  19   9   0   0   1   1   1   0  41   6  0.40 inf
  251 D   -3  0  1  6 -5 -1  2  1 -2 -5 -5 -1 -4 -5 -3 -1 -2 -5 -4 -4    0   5   5  66   0   0  12  11   0   0   0   0   0   0   0   0   0   0   0   0  1.01 inf
  252 Y    0 -3 -3 -3 -2 -2 -3 -3  1  2  2 -2  2  2 -3 -2 -1 -1  4  1    8   0   0   0   0   0   0   0   4  20  17   0   7  10   0   0   0   0  21  11  0.29 inf
  253 F    0  0 -2  2 -3 -2 -2 -3  1  1  1 -2  0  4 -3 -2 -2 -1  1 -1    8   5   0  17   0   0   0   0   4   9  21   0   0  30   0   0   0   0   3   0  0.24 inf
  254 H    0 -1  1 -2 -3 -1  1 -2  7  1 -2  0 -2 -2 -2  0 -1 -3  2 -2    8   0   6   0   0   0   8   0  38  13   1   6   0   0   0   9   3   0   6   0  0.42 inf
  255 M    0  1 -1 -2  3  0  1 -2  3  0  0  1  3 -2 -2 -1 -1 -3 -1 -1    8  10   0   0  10   0   9   1  12   6   9  14  17   0   0   1   0   0   0   0  0.17 inf
  256 Y   -1 -1 -1 -2 -2 -1 -1 -2  4  0  0 -2  0  3 -2 -1 -1  0  4  1    2   1   1   1   0   1   1   1  20   1   2   1   0  21   1   1   1   0  21  21  0.23 inf
  257 F   -2 -1  2  2  2 -1 -1 -2  4 -1  0 -1 -1  1 -2 -1 -1  2  2 -2    1   4  15  17   7   1   1   1  15   1  17   1   0   6   1   1   1   3   9   1  0.17 inf
  258 M    0 -1 -2 -3  4 -1 -2 -2 -2  2  2  1  2 -1 -2 -1 -1 -2 -2  0   12   1   1   1  15   1   1   1   0  15  25  13  12   0   1   1   1   0   0   1  0.18 inf
  259 L    0  0 -2 -3 -1 -2 -2 -2 -2  1  3 -2  1 -1 -2 -1  0 -2 -1  0   12   6   1   1   0   1   1   1   0   5  58   1   0   1   1   1   8   0   0   1  0.23 inf
  260 R    1  1  3  0 -2  0  1 -1 -1 -2 -1  2 -1 -2 -1  1  0 -3 -2 -2   12   8  22   1   0   1   8   1   0   1  11  16   0   1   1  15   1   0   0   1  0.17 inf
  261 T   -1 -1  2  2 -2  0  2 -1 -1 -2 -2 -1 -2 -2 -1  2  3 -2 -2 -1    2   1   9  12   0   1  15   1   0   1   2   1   0   1   1  14  35   0   1   1  0.30 inf
  262 V    0 -2 -3 -3 -1 -2 -2 -1 -2  2  2 -2  0  1 -2 -2 -1 -2  1  3    6   1   1   1   0   1   1   5   0  13  18   1   0   6   1   1   1   0   6  36  0.19 inf
  263 Y   -1 -2  2 -2 -2 -1 -2 -2 -1  0  0 -2  1  2  1  0 -1 -1  4  1    5   1  14   1   0   1   1   1   0   5   4   1   6  11   9   5   1   0  22  12  0.18 inf
  264 C   -1 -2 -2 -2  6 -2 -1 -2 -2  1 -1 -2 -1  1  1  0  0 -1  2  0    1   1   1   1  29   1   6   1   0  11   1   1   0   9   6   7   8   0  11   5  0.31 inf
  265 N   -1  0  3  1 -3 -1 -1 -2 -1 -2  0 -1 -1 -2  4  2 -1 -3 -1 -2    1   6  18   6   0   0   0   1   0   0  16   0   0   0  22  24   0   0   3   0  0.36 inf
  266 K    0  1 -1  1  2  0  2  0 -1 -3 -3  4 -2 -3  1 -1 -1 -3 -2 -2    7   4   1   8   6   1  17   8   0   1   1  37   0   1   6   1   1   0   0   1  0.31 inf
  267 T   -1  1  0  0 -2  1  2 -2 -1  0 -1  1 -1 -1  0  0  0 -2  1  1    1   8   3   4   0   8  21   1   0   7   1   7   0   1   3   6   6   0   8  15  0.12 inf
  268 F   -3 -3 -3 -4 -3 -3 -3 -4 -2 -1  0 -3 -1  6 -4 -2  1  5  4 -2    0   0   0   0   0   0   0   0   0   0   6   0   0  53   0   0  14   7  15   0  0.85 inf
  269 P   -1  1  0  1 -2  1  0  1 -2 -1 -1  1 -1 -3  1  2  1 -3 -2 -1    0   6   0  12   0   6   0  14   0   3   8  13   0   0   5  22   7   0   0   3  0.16 inf
  270 T    0 -2 -1  1 -2 -1 -1  2 -2  0 -2  0 -2 -3 -2  3  3 -3 -3 -1    0   0   0   8   0   0   0  14   0   8   1   7   0   0   0  34  24   0   0   0  0.31 inf
  271 T    0 -1  1  1 -2 -1  0 -2 -1  0 -1  1 -1  1  3 -1  0 -2  0 -1    8   0  10  10   0   0   6   0   0   7   6  14   0   8  16   0   7   0   3   3  0.16 inf
  272 K   -1  2 -1 -1 -3  0  2 -2 -1 -3 -3  5 -2 -2 -2  0  0 -2  1 -2    1   6   1   1   0   1  14   1   0   1   1  51   0   0   1   8   4   0   8   1  0.46 inf
  273 A    1  0  1  0 -3  1  1  1 -1 -1 -2  3 -2 -3 -2  1 -1 -3 -2 -2   13   0   8   5   0   6   8  14   0   6   1  28   0   0   0   9   0   0   0   0  0.22 inf
  274 K   -1  0  1  0 -3  0  2  1 -1 -3 -3  4 -2 -2 -2 -1 -1 -2  1 -3    1   1   9   5   0   1  12  10   0   1   1  48   0   1   1   1   1   0   6   1  0.39 inf
  275 V    0 -3 -4 -4 -2 -3 -3 -4 -4  3  0 -3  0 -2 -3 -2 -1 -3 -2  5    6   0   0   0   0   0   0   1   0  22   1   0   0   0   0   0   0   0   0  67  0.67 inf
  276 L    0 -2 -3 -3 -2 -2 -2 -3 -3  2  3  0  1 -1 -2 -2 -1 -2 -2  2    7   0   0   0   0   0   0   1   0  13  48  11   0   0   0   1   0   0   0  17  0.26 inf
  277 F    0  1 -1 -2 -2 -1 -1 -2  0 -2 -1 -1 -1  4 -2  3 -1 -1  2 -2    8  13   0   0   0   0   0   1   2   0   1   0   0  32   0  34   0   0   5   0  0.30 inf
  278 L   -2 -3 -4 -4 -2 -3 -4 -4 -3  2  4 -3  1  2 -4 -3 -2 -2 -1  2    0   0   0   0   0   0   0   0   0   3  63   0   0  11   0   0   0   0   0  24  0.53 inf
  279 Q    1 -1 -1 -2 -2  3  0 -2  4  0 -1 -1 -1 -2 -2  2 -1 -3 -1 -1   13   0   0   0   0  27   0   0  16  11   6   0   0   0   0  27   0   0   0   0  0.29 inf
  280 Q   -2  0  3  0 -4  4  1 -2  4 -4 -3  3 -2 -3 -2  0 -1 -3 -1 -3    0   0  17   4   0  29   4   0  17   0   0  22   0   0   0   7   0   0   0   0  0.49 inf
  281 S    1  1  0  1 -2  0  2 -1 -1 -3 -3  0 -2 -3 -2  4  0 -4 -3 -2   11   7   0   5   0   0  21   3   0   0   0   0   0   0   0  52   0   0   0   0  0.43 inf
  282 I   -2 -4 -4 -4 -2 -4 -4 -5 -4  6  1 -4  0  2 -4 -3 -2 -3 -1  2    0   0   0   0   0   0   0   0   0  90   0   0   0  10   0   0   0   0   0   0  0.87 inf
  283 F   -1 -3 -2 -2 -2 -2 -2 -2 -2 -2 -1 -2 -1  6 -3  3  2 -1  1 -2    0   0   0   0   0   0   0   0   0   0   0   0   0  49   0  38  13   0   0   0  0.58 inf
  284 R   -2  3  0  1 -4  1  2 -3 -1 -3 -3  4 -2 -4 -2 -1 -1 -4 -3 -1    0  21   4   6   0   0  20   0   0   0   0  41   0   0   0   0   0   0   0   7  0.47 inf
  285 F   -1 -3 -3 -3 -3 -3 -3 -3  4 -1 -1 -3 -1  7 -4 -1  1 -1  2 -2    4   0   0   0   0   0   0   0  13   0   0   0   0  68   0   4  11   0   0   0  0.79 inf
  286 L   -2 -3 -4 -5 -2 -3 -4 -5 -4  2  5 -3  1  0 -4 -3 -2 -3 -2  0    0   0   0   0   0   0   0   0   0  11  89   0   0   0   0   0   0   0   0   0  0.79 inf
  287 N   -2  3  4 -1 -4  0 -1  2 -1 -4 -4  2 -3 -4 -3 -1 -1 -4 -3 -4    0  25  38   0   0   0   0  22   0   0   0  16   0   0   0   0   0   0   0   0  0.57 inf
  288 I   -2 -4 -4 -4 -2 -4 -4 -5 -3  5  1 -4  0  4 -4 -3 -2 -2  0  1    0   0   0   0   0   0   0   0   0  69   0   0   0  31   0   0   0   0   0   0  0.70 inf
  289 P   -1 -3 -3 -2 -4 -2 -2 -3 -3 -3 -4 -2 -3 -4  8 -1 -2 -4 -4 -3    0   0   0   0   0   0   0   0   0   0   0   0   0   0 100   0   0   0   0   0  2.26 inf

                      K         Lambda
Standard Ungapped    0.1404     0.3239
Standard Gapped      0.0443     0.2670
PSI Ungapped         0.1449     0.3169
PSI Gapped           0.0443     0.2670
