
Last position-specific scoring matrix computed, weighted observed percentages rounded down, information per position, and relative weight of gapless real matches to pseudocounts
           A  R  N  D  C  Q  E  G  H  I  L  K  M  F  P  S  T  W  Y  V   A   R   N   D   C   Q   E   G   H   I   L   K   M   F   P   S   T   W   Y   V
    1 D   -6 -6 -1  8 -8 -4  0 -6 -5 -8 -8 -5 -8 -8 -6 -5 -5 -9 -8 -8    0   0   2  93   0   0   6   0   0   0   0   0   0   0   0   0   0   0   0   0  2.73 inf
    2 L   -2 -1 -1 -2 -4 -3 -1  5 -3  1  2 -2 -1  0 -4 -2 -3 -2 -3 -1    1   3   3   1   0   0   4  42   0   7  23   2   1   3   0   2   0   1   0   5  0.55 inf
    3 G   -3  0  3 -1  0  0  2  4 -2 -5 -4  1 -4 -2 -4 -2 -3  3  1 -4    1   6  13   3   2   5  16  30   1   0   1   9   0   2   0   2   1   4   5   0  0.51 inf
    4 K   -4 -1 -3 -4 -1 -4 -4 -6 -5 -3 -5  3 -5 -6 -5 -2  7 -3 -4 -4    0   3   1   0   1   0   0   0   0   1   0  21   0   0   0   1  70   0   1   0  1.69 inf
    5 K    5 -1 -4 -4  0  1 -2 -4 -3 -4 -4  1 -4 -4  4 -1  0 -6 -5 -3   44   4   0   0   2   6   1   0   0   0   0   8   0   0  23   4   5   0   0   1  0.86 inf
    6 L   -4 -6 -8 -8 -5 -6 -7 -8 -7 -1  7 -7 -1 -1 -6 -7 -5 -6 -5 -3    1   0   0   0   0   0   0   0   0   2  95   0   0   2   0   0   0   0   0   0  2.05 inf
    7 L   -6 -4 -3 -5 -3 -4 -5 -7 10 -2  2 -5 -3 -2 -7 -3 -6 -6  0 -4    0   1   1   0   0   0   0   0  65   2  23   0   1   2   0   2   0   0   2   1  2.26 inf
    8 E   -2 -1 -1 -1  0  0  2 -4  2  3  0 -1  0  1 -4 -1 -1  0  4  0    2   2   3   2   3   4  16   1   6  18   6   3   2   5   0   4   2   1  16   4  0.26 inf
    9 A    7 -6 -5 -6 -1 -5 -5 -4 -6 -5 -6 -4 -4 -4 -5 -1 -3 -7 -3 -3   90   0   0   0   1   0   0   0   0   0   0   0   0   1   0   3   1   0   1   1  1.92 inf
   10 A    7 -5 -5 -6 -2 -5 -5 -4 -6 -3 -5 -5 -5 -6 -4  1 -2 -6 -6  0   81   0   0   0   1   0   0   0   0   1   0   0   0   0   0   8   2   0   0   6  1.63 inf
   11 R   -2  4 -1 -1 -2  1  2 -3  0 -1 -1  3  1  0 -4 -1 -3  1  1 -3    3  25   2   2   1   4  15   1   2   3   6  17   3   4   0   4   0   2   4   0  0.37 inf
   12 A    1 -1  5  0 -1 -2  0 -3  2 -3 -3  1 -3  0 -4 -1 -2 -2  3 -3   10   2  36   4   2   1   5   1   5   1   2   9   0   5   0   4   1   0  10   1  0.57 inf
   13 G   -4 -5  7 -1 -6 -3 -4  5 -3 -6 -7 -3 -6 -7 -6 -2 -4 -7 -4 -7    0   0  51   3   0   0   1  40   0   0   0   1   0   0   0   2   0   0   1   0  1.72 inf
   14 Q   -3  1  3  1  3  2 -2 -3  6 -3 -4 -1 -3 -3 -4  3 -2 -2  1 -5    0   7  14   9   6  10   2   1  18   2   1   2   0   1   0  24   1   1   4   0  0.64 inf
   15 D   -3 -1 -2  2 -5 -2  0 -4 -4  0  0  6 -2 -3 -2 -3  1 -5 -3 -1    1   1   1  11   0   1   4   0   0   5  10  48   1   1   2   1   8   0   1   5  0.69 inf
   16 D   -3 -2 -2  4 -7 -2  6 -4 -4 -4 -6  0 -6 -5 -3 -1 -3 -7 -6 -5    2   1   2  21   0   1  61   1   0   1   0   5   0   0   1   3   1   0   0   0  1.41 inf
   17 E   -1 -3 -4 -4 -3 -3  1 -3 -5  4 -1 -2  2 -3 -4 -2  4 -5 -4  2    3   1   0   0   0   0  11   2   0  26   4   2   5   1   0   1  26   0   0  16  0.58 inf
   18 V    4 -5 -5 -6 -1 -5 -5 -5 -6  1 -2 -5 -2 -3 -5 -2  0 -6 -4  5   37   0   0   0   1   0   0   0   0   5   2   0   0   1   0   1   6   0   0  47  1.10 inf
   19 R   -3  3 -2 -2 -7  1  6 -4 -1 -6 -5  3 -5 -7 -4 -3 -4 -6 -5 -5    2  13   2   1   0   5  55   1   1   0   1  18   0   0   0   1   0   0   0   0  1.27 inf
   20 I   -2 -3 -3 -2 -3 -2 -2 -5 -1  3  3 -2  0  3 -5 -3  0 -3  2  1    3   0   1   2   0   1   2   0   1  16  34   2   1  12   0   0   5   0   8  10  0.45 inf
   21 L   -3 -6 -7 -7 -5 -6 -6 -7 -6 -2  7 -6 -1  0 -6 -6 -4 -5 -5 -3    2   0   0   0   0   0   0   0   0   1  91   0   1   4   0   0   0   0   0   1  1.90 inf
   22 M   -5 -6 -6 -6 -2 -5 -6 -7 -6  7  3 -6  4 -2 -6 -5 -4 -5 -4  0    0   0   0   0   1   0   0   0   0  55  27   0  12   1   0   0   0   0   0   3  1.46 inf
   23 A    1 -2 -1  0 -2 -2  1 -3 -3 -5 -2  0 -3 -5 -4  6 -1 -6 -5 -4   10   1   2   5   1   1   7   1   0   0   4   5   0   0   0  59   3   0   0   0  0.93 inf
   24 N   -3  0  4 -4 -4  1 -4 -4  9 -6 -4  1 -5 -4 -5 -2 -4 -6 -1 -6    2   4  22   0   0   5   0   1  49   0   2   9   0   0   0   2   0   0   2   0  1.65 inf
   25 G   -4 -4 -3 -2 -5 -4 -4  7 -6 -7 -7 -3 -6 -7 -4 -4 -5 -6 -5 -7    0   1   1   2   0   1   1  91   0   0   0   1   0   0   1   0   0   0   0   0  2.26 inf
   26 A    7 -5 -4 -5 -4 -5 -4 -3 -4 -1 -4 -5 -2 -5 -4 -2 -3 -6 -5 -1   85   0   1   0   0   0   1   1   0   4   1   0   1   0   0   1   1   0   0   4  1.69 inf
   27 P   -4 -4  6  5 -3 -2 -1 -4 -2 -5 -5 -1 -5 -5  2 -2 -3 -7 -4 -4    1   0  44  27   1   1   4   0   1   0   1   3   0   0  11   3   1   0   0   1  1.24 inf
   28 F   -3 -6 -3 -5 -4 -5 -6 -6 -4  6 -1 -4 -2  3 -2 -5 -3 -5 -4  4    2   0   1   0   0   0   0   0   0  51   4   1   0  10   2   0   1   0   0  26  1.20 inf
   29 T   -2 -4  8  0 -2 -3 -2 -4 -4 -4 -6 -3 -5 -6 -5 -1  1 -7 -6 -4    4   0  71   4   1   0   2   0   0   1   0   1   0   0   0   3  10   0   0   1  1.80 inf
   30 T    3 -1 -2 -4 -2 -2  0 -4 -4 -3 -4  5 -4 -5 -4 -1  2 -6 -5 -2   24   2   1   0   1   1   6   0   0   2   0  44   0   0   0   3  12   0   0   3  0.84 inf
   31 D   -4 -4  3  7 -6 -2 -1 -3 -4 -5 -7  0 -6 -7 -5 -3  0 -7 -6 -4    1   0  14  64   0   1   3   2   0   0   0   7   0   0   0   1   6   0   0   1  1.60 inf
   32 W   -3  0  4  1 -3  0  1 -1  0 -2 -4  4 -3 -3 -4 -1 -1  6  1 -3    1   3  19   9   1   3   8   4   2   3   1  25   0   0   0   2   3  11   5   1  0.55 inf
   33 L   -3 -1  2  4 -1 -2  0 -3 -1 -1  0 -1 -2  1 -4 -1 -2 -1  4 -2    2   3  11  27   2   1   6   1   1   3  13   4   0   6   0   4   1   1  14   2  0.41 inf
   34 G   -3 -1 -1 -3 -6 -3 -1  7 -2 -7 -6 -2 -6 -6 -6 -3 -5 -6 -6 -7    0   3   3   2   0   1   4  82   1   0   1   2   0   0   0   1   0   0   0   0  1.88 inf
   35 T   -2  2  0 -1  1  2  2 -3 -1 -2 -2  2  0  0 -4 -1  1  6  0 -3    2  11   4   2   3   8  13   1   1   3   3  16   3   4   0   3   8  11   3   1  0.34 inf
   36 S   -3 -5 -2 -5 -5 -5 -5 -5 -4 -2 -5 -4 -3 -4 -4  2  7 -6 -5 -3    1   0   1   0   0   0   0   0   0   2   0   0   0   1   0  12  79   0   0   1  1.91 inf
   37 P    5 -5 -5 -4 -5 -5 -5 -4 -5 -4 -5 -4 -5 -6  6 -1 -2 -7 -6 -3   45   0   0   0   0   0   0   0   0   1   1   0   0   0  45   3   2   0   0   2  1.64 inf
   38 L   -5 -6 -7 -7 -5 -6 -7 -7 -7 -1  7 -6 -2 -2 -7 -6 -5 -5 -5 -3    0   0   0   0   0   0   0   0   0   1  96   0   0   1   0   0   0   0   0   0  2.10 inf
   39 H   -6 -5 -3 -5 -5 -2 -4 -6 11 -3 -6 -5 -4 -3 -7 -4 -5 -3  0 -7    0   0   1   0   0   1   0   1  88   2   1   0   0   1   0   1   1   0   2   0  3.39 inf
   40 L   -2 -3 -2 -2  1 -3 -3 -4  1  2  2 -1  0  3 -4 -2 -2  2  4 -1    2   1   1   2   3   1   1   0   3  16  21   5   2  12   0   2   2   3  19   3  0.43 inf
   41 A    7 -5 -5 -6 -4 -5 -4 -3 -6 -5 -5 -4 -3 -6 -4 -1 -2 -6 -6 -2   89   0   0   0   0   0   0   1   0   0   0   0   0   0   1   2   2   0   0   2  1.91 inf
   42 A    6 -5 -5 -5  0 -4 -4 -3 -5 -2 -4 -4 -4 -4 -4  1  0 -6 -5  0   74   0   0   0   2   0   0   0   0   2   1   0   0   0   0   8   4   0   0   7  1.36 inf
   43 Q   -1  2  0 -1 -2  2  2 -1 -1 -1 -1  2  1  0 -3  0 -2  2  2 -2    4  10   4   2   1  12  13   4   1   5   6  13   5   3   0   5   1   3   7   2  0.18 inf
   44 Y   -4 -1  6 -2 -1 -1 -1 -3  3 -3 -4  0 -3  0 -5 -1 -2 -1  5 -3    1   2  38   2   1   2   4   1   7   1   1   6   1   3   0   5   2   1  22   1  0.90 inf
   45 G   -4 -4  7 -1 -4 -4 -4  4 -2 -6 -7 -3 -6 -5 -6 -3 -4 -7 -4 -6    1   0  57   2   0   0   0  34   1   0   0   2   0   0   0   1   0   0   0   0  1.76 inf
   46 H   -4  1  2 -3  2 -1 -3 -3  8 -4 -5 -2 -3 -3 -5  4 -3 -3  2 -5    0   6  10   1   5   3   1   1  33   1   0   2   1   1   0  28   1   0   6   0  1.10 inf
   47 F   -3 -1 -3 -3 -5 -1  0 -4 -4  1  1  6 -1 -4 -2 -3 -1 -5  0  0    1   2   0   1   0   1   4   0   0   7  17  49   1   0   1   0   4   0   4   6  0.71 inf
   48 S   -2 -4 -1  2 -7 -1  7 -3 -3 -6 -6 -1 -4 -7 -4  0 -3 -6 -6 -5    3   0   2  10   0   1  70   2   0   0   0   3   0   0   1   6   1   0   0   0  1.51 inf
   49 T   -2 -5 -5 -5 -4 -5 -5 -6 -5  5 -2 -4  1 -4 -5 -2  5 -6 -5  3    2   0   0   0   0   0   0   0   0  30   1   0   3   0   0   1  38   0   0  23  1.13 inf
   50 T    5 -5 -5 -5  3 -4 -5 -4 -5  1 -2 -4 -3 -5 -4 -2  1 -6 -5  4   45   0   0   0   6   0   0   1   0   6   2   0   0   0   0   2   7   0   0  31  0.96 inf
   51 E   -4 -1 -4 -1 -7  1  7 -4 -4 -6 -6  3 -5 -5 -5 -4 -4 -6 -4 -5    1   2   0   3   0   4  72   1   0   0   0  15   0   1   0   0   0   0   1   1  1.68 inf
   52 V   -2 -5 -4 -5 -4 -4 -4 -5 -2  3  4 -4  0  3 -5 -4 -3 -3  2  3    3   0   1   0   0   0   1   0   1  16  38   0   1  10   0   0   1   0   8  19  0.72 inf
   53 L   -6 -6 -8 -8 -6 -6 -7 -8 -7 -2  7 -7 -2 -2 -7 -7 -5 -6 -5 -3    0   0   0   0   0   0   0   0   0   1  98   0   0   1   0   0   0   0   0   0  2.20 inf
   54 L   -5 -6 -7 -7 -5 -6 -7 -7 -7  7  4 -6  1 -3 -6 -6 -3 -6 -5  0    0   0   0   0   0   0   0   0   0  56  37   0   2   0   0   0   1   0   0   3  1.60 inf
   55 R   -1  1 -2  0 -4  1  0 -2 -3 -5 -2  1 -2 -5 -4  5 -2 -6 -5 -4    4   8   1   4   0   5   5   2   0   0   4   9   1   0   0  54   1   0   0   0  0.81 inf
   56 A    1 -1  3 -4 -3  0 -3 -3  9 -5 -4  1 -5 -4 -6 -3 -5 -6  1 -6   10   2  16   0   1   4   1   2  49   0   2   7   0   0   0   1   0   0   5   0  1.51 inf
   57 G   -4 -6 -3 -1 -2 -6 -4  7 -6 -8 -8 -4 -7 -7 -6 -3 -6 -7 -7 -7    0   0   1   3   1   0   1  92   0   0   0   1   0   0   0   1   0   0   0   0  2.36 inf
   58 V    6 -5 -6 -5 -2 -4 -5 -3 -6  2 -4 -5 -3 -6 -5 -2 -3 -6 -6  0   78   0   0   0   1   0   0   1   0  11   1   0   0   0   0   1   1   0   0   7  1.55 inf
   59 S   -4 -4  7  5 -6 -2 -1 -4 -3 -5 -6 -1 -6 -7 -3  1 -3 -7 -3 -6    0   0  48  32   0   1   2   1   0   1   0   3   0   0   1   8   1   0   1   0  1.49 inf
   60 R   -3  0 -6 -6 -5 -5 -6 -7 -6  6 -1 -2 -1 -3 -2 -5 -3 -2 -5  4    2   6   0   0   0   0   0   0   0  48   2   2   1   1   3   0   1   0   0  33  1.21 inf
   61 D   -6 -4  8  3 -3 -4 -2 -4  1 -6 -8 -4 -6 -7 -6 -3 -3 -8 -4 -7    0   0  73  17   1   0   2   1   3   0   0   0   0   0   0   1   1   0   1   0  2.13 inf
   62 A    4 -3 -3 -2 -5 -1  5 -2 -4 -2 -5 -1 -4 -3 -4 -1 -2 -4 -4 -2   39   0   0   1   0   1  40   2   0   2   0   3   0   1   0   4   2   0   0   3  0.94 inf
   63 R   -2  2 -3 -4 -6  1 -1 -3 -4 -3 -5  7  0 -6 -5 -2 -1 -4 -5 -3    2  11   1   1   0   5   2   1   0   1   0  66   2   0   0   2   3   0   0   2  1.34 inf
   64 T   -3 -4  3  7 -4 -3 -1 -1 -3 -6 -7 -4 -6 -5 -5 -2  2 -7 -3 -5    1   0  15  58   0   1   2   5   0   0   0   0   0   0   0   2  13   0   1   0  1.43 inf
   65 K   -3 -1  4  1 -4  0  1 -4 -1 -2 -4  5 -3 -3 -4 -1 -2 -2  0 -3    1   2  17   7   0   3   9   0   1   2   1  42   1   1   0   4   1   1   4   2  0.73 inf
   66 V   -2 -2  3  5 -2 -3 -1 -1  1 -2 -3 -2 -2  0 -4 -2 -3 -1  4  1    2   2  15  30   1   0   3   4   4   1   2   2   1   4   0   2   1   1  14  11  0.52 inf
   67 D   -3 -2 -1  3 -6 -4 -1  7 -4 -6 -7 -2 -4 -7 -6 -3 -5 -4 -7 -5    0   2   2  14   0   0   4  71   0   0   0   2   0   0   0   1   0   0   0   1  1.59 inf
   68 R   -2  4  0 -2  0  2  1 -3 -1 -3 -2  3 -2  0 -4 -1 -2  5  1 -2    1  21   3   2   2   8  10   1   1   1   4  19   1   3   0   5   1   8   5   3  0.43 inf
   69 T   -4 -5 -3 -6 -5 -5 -5 -6 -6 -2 -5 -5 -4 -7 -5 -2  8 -7 -6 -2    1   0   1   0   0   0   0   0   0   2   0   0   0   0   0   2  91   0   0   2  2.35 inf
   70 P    5 -6 -6 -6 -4 -5 -5 -5 -6 -4 -6 -5 -5 -7  7 -1 -2 -7 -6 -2   42   0   0   0   0   0   0   0   0   1   0   0   0   0  49   3   2   0   0   3  1.74 inf
   71 L   -6 -6 -8 -8 -5 -6 -7 -8 -7 -1  7 -7 -1 -3 -7 -7 -5 -6 -5 -3    0   0   0   0   0   0   0   0   0   2  98   0   0   0   0   0   0   0   0   0  2.20 inf
   72 H   -5 -4 -3 -4 -4 -2 -5 -7 11 -4 -7 -5 -4 -3 -7 -5 -7 -7  0 -8    1   0   0   1   0   1   0   0  90   1   0   0   0   1   0   0   0   0   2   0  3.52 inf
   73 M   -2 -2  0 -2  0 -3 -3 -5  0  2  2 -2  3  2 -4 -2 -2  1  4  0    2   1   5   2   2   1   1   0   2  15  20   3   7   8   0   2   1   2  19   6  0.41 inf
   74 A    7 -6 -6 -6 -5 -5 -5 -3 -6 -6 -6 -5 -5 -7 -5 -3 -2 -7 -6 -3   96   0   0   0   0   0   0   1   0   0   0   0   0   0   0   1   2   0   0   1  2.22 inf
   75 A    6 -5 -5 -5  3 -4 -5 -3 -5 -2 -4 -4 -4 -6 -4  1  0 -6 -5  0   68   0   0   0   6   0   0   0   0   2   1   0   0   0   0  10   5   0   0   7  1.28 inf
   76 S   -1  1  0 -1 -2  1  2 -3  2 -1 -1  0  0  1 -3  0 -1  2  3 -2    4   9   3   3   1   8  13   1   6   4   7   5   2   5   0   8   2   3  14   1  0.20 inf
   77 E   -3 -1  5 -1  0 -1  1 -3  3 -2 -4  1 -3  0 -5 -1 -3  0  5 -3    1   3  33   3   2   2   9   2   6   2   1   8   0   4   0   4   1   1  19   1  0.69 inf
   78 G   -3 -4  7  0 -3 -4 -4  5 -3 -5 -7 -2 -6 -6 -6 -3 -4 -3 -3 -6    1   0  48   4   1   0   1  39   0   1   0   3   0   0   0   1   0   0   1   0  1.54 inf
   79 H   -4  1  3 -2  3 -3 -3 -3  8 -5 -6 -2 -4 -3 -5  3 -3 -3  1 -6    0   6  14   2   6   0   0   1  38   1   0   2   0   1   0  23   0   0   4   0  1.29 inf
   80 A   -1 -1 -2 -3 -4  0  0 -5 -1  0  1  6 -3 -2 -2 -3 -1 -5 -1 -3    4   1   1   1   0   2   6   0   1   5  16  51   0   1   2   1   4   0   2   1  0.74 inf
   81 N   -2 -1 -1  2 -7  0  7 -4 -2 -6 -6 -2 -6 -6 -4 -2 -4 -7 -5 -4    3   3   3  10   0   3  70   1   1   0   0   2   0   0   1   3   0   0   0   1  1.52 inf
   82 I   -2 -5 -5 -6 -4 -5 -5 -6 -6  6 -2 -5  2 -3 -5 -3  4 -6 -5  3    3   0   0   0   0   0   0   0   0  41   1   0   5   0   0   0  26   0   0  22  1.16 inf
   83 V    5 -5 -5 -6 -2 -5 -5 -5 -4  0 -3 -5 -3 -5 -5 -2  1 -6 -4  5   42   0   0   0   0   0   0   0   0   4   1   0   0   0   0   2   8   0   0  41  1.10 inf
   84 E   -4 -1 -3 -1 -7  2  7 -4 -4 -6 -4  3 -3 -5 -5 -2 -4 -7 -6 -5    1   2   1   2   0   7  66   1   0   0   2  15   1   0   0   2   0   0   0   0  1.51 inf
   85 V   -3 -5 -6 -6 -4 -5 -5 -6  0  2  5 -5  0  2 -5 -4 -2 -4  1  2    2   0   0   0   0   0   0   0   2  10  51   0   2   9   0   0   2   0   5  16  0.88 inf
   86 L   -6 -6 -8 -8 -5 -6 -7 -8 -6 -2  7 -7 -1 -2 -7 -7 -5 -6 -4 -3    0   0   0   0   0   0   0   0   0   0  97   0   0   1   0   0   0   0   0   1  2.15 inf
   87 L   -5 -6 -7 -7 -5 -6 -7 -7 -3  7  4 -6 -2 -3 -7 -6 -4 -6 -5  1    0   0   0   0   0   0   0   0   1  58  34   0   0   0   0   0   0   0   0   6  1.62 inf
   88 K   -1 -1 -1  0 -5 -2  1 -3 -4 -4 -1  2 -3 -3 -4  5 -1 -6 -5 -4    4   2   2   5   0   1   7   1   0   1   6  15   0   1   0  52   2   0   0   0  0.79 inf
   89 H   -3 -1  4 -4 -4  1 -4 -6  9 -7 -3  1 -5 -4 -5 -3 -5 -6  2 -6    2   3  17   0   0   5   0   0  53   0   3   9   0   0   0   2   0   0   7   0  1.79 inf
   90 G   -3 -4 -3 -3 -7 -4 -3  7 -5 -6 -8 -1 -7 -7 -6 -4 -5 -7 -7 -6    1   1   1   2   0   0   1  87   0   0   0   5   0   0   0   0   0   0   0   0  2.15 inf
   91 A    7 -6 -6 -6  1 -5 -5 -4 -6  0 -5 -5 -3 -6 -4 -2 -3 -7 -6 -2   86   0   0   0   3   0   0   0   0   6   0   0   0   0   0   1   1   0   0   3  1.81 inf
   92 D   -4 -4  6  5 -2 -3  0 -4 -4 -5 -6 -1 -4 -7 -5 -1 -3 -7 -3 -5    1   0  44  36   1   0   6   0   0   1   0   4   0   0   0   4   1   0   1   0  1.44 inf
   93 V   -3 -6 -5 -7 -5 -6 -6 -6 -7  6 -1 -4 -3 -4  0 -5 -3 -6 -5  5    2   0   0   0   0   0   0   0   0  51   2   1   0   0   4   0   1   0   0  39  1.52 inf
   94 N   -6 -4  9  1 -7 -4 -2 -4  0 -7 -8 -4 -7 -7 -5 -3 -4 -8 -3 -7    0   0  84   7   0   0   3   0   2   0   0   0   0   0   0   1   0   0   1   0  2.43 inf
   95 A    4 -3 -3 -2 -1 -2  5 -4 -4 -4 -5 -1 -3 -4 -3  0 -2 -6 -3 -1   37   0   0   1   1   1  40   0   0   1   0   3   0   1   1   5   1   0   1   5  0.91 inf
   96 K   -1  2 -3 -4 -2  0 -1 -3 -3 -3 -4  7 -3 -6 -5 -2 -1 -6 -3 -3    4   7   1   0   1   3   3   2   0   2   1  68   1   0   0   1   3   0   1   2  1.32 inf
   97 D   -2 -5  3  8 -7 -4 -2 -3 -3 -7 -7 -4 -7 -7 -6 -2 -2 -8 -4 -7    3   0  13  73   0   0   1   2   1   0   0   1   0   0   0   2   3   0   1   0  1.93 inf
   98 M   -2  0  4  0 -4  0  1 -3 -1 -1 -1  3  3 -2 -4 -1 -1 -1 -1 -3    1   3  26   5   0   3   9   1   1   4   5  22  10   2   0   3   2   1   2   0  0.48 inf
   99 L   -3 -3  3  4 -2 -1  0 -2  0 -2  1 -2 -3  0 -4 -1 -2  2  4 -3    2   0  17  26   1   3   4   2   2   2  13   2   0   3   0   2   2   3  14   1  0.48 inf
  100 K   -3  1 -1 -3 -6 -3 -1  7 -2 -6 -7  1 -5 -7 -6 -3 -5 -4 -6 -5    0   7   3   1   0   0   5  70   1   0   0  10   0   0   0   1   0   0   0   1  1.52 inf
  101 M   -3  3  0 -2  1  1  1 -3 -1 -2 -2  3  4  1 -4 -2 -3  5  0 -3    1  15   5   1   4   7   9   1   2   2   2  18  12   5   0   2   1   8   4   1  0.42 inf
  102 T   -3 -6 -3 -6 -3 -5 -5 -6 -6 -3 -6 -5 -4 -7 -5 -1  8 -7 -5 -5    2   0   1   0   0   0   0   0   0   1   0   0   0   0   0   2  94   0   0   0  2.49 inf
  103 A    5 -4 -6 -6 -5 -5 -5 -5 -6 -5 -5 -5 -5 -7  7 -2 -2 -7 -5 -3   47   1   0   0   0   0   0   0   0   1   0   0   0   0  46   2   2   0   0   2  1.74 inf
  104 L   -6 -6 -8 -8 -5 -6 -7 -8 -7 -1  7 -7 -2 -2 -7 -7 -5 -6 -5 -2    0   0   0   0   0   0   0   0   0   2  96   0   0   1   0   0   0   0   0   1  2.14 inf
  105 H   -7 -4 -4 -6 -8 -3 -5 -7 11 -3 -6 -6 -3 -4 -7 -4 -5 -3  1 -8    0   1   0   0   0   1   0   0  90   2   1   0   1   1   0   1   0   0   4   0  3.55 inf
  106 W   -2 -3 -1 -3  0 -2 -2 -4  0  3  1 -1 -1  1 -5 -3 -3  6  5 -1    3   1   3   1   2   1   3   1   2  16  14   5   1   6   0   2   1  13  23   4  0.62 inf
  107 A    7 -6 -6 -6 -5 -5 -5 -3 -6 -5 -6 -5 -5 -7 -5 -2 -1 -7 -6 -4   95   0   0   0   0   0   0   1   0   0   0   0   0   0   0   1   3   0   0   0  2.18 inf
  108 T    6 -5 -5 -5 -1 -4 -5 -4 -5 -2 -3 -4 -3 -5 -4  1  1 -6 -5  2   65   0   0   0   1   0   0   0   0   2   2   0   0   0   0   8   7   0   0  14  1.20 inf
  109 E   -1  1  0  0 -1  2  3 -3  1 -1 -1  1  0 -1 -3  0 -2  2  0 -2    4   9   4   4   1   9  26   1   3   4   7   9   3   3   0   5   1   3   4   1  0.28 inf
  110 H   -3  1  6 -2 -1 -1  0 -3  3 -5 -5  3 -2 -1 -5 -1 -3 -1  3 -4    2   7  37   1   2   2   4   1   7   0   0  16   1   3   0   3   1   1  11   1  0.80 inf
  111 N   -4 -2  7  0 -6 -3 -2  4 -1 -6 -7 -2 -6 -7 -5 -2 -3 -7 -4 -6    0   2  52   3   0   1   3  32   1   0   0   3   0   0   0   1   1   0   1   0  1.48 inf
  112 H   -4  0  2 -3  2 -1 -4 -3  8 -5 -6 -1 -3 -2 -5  3 -3 -2  1 -5    0   6  11   1   4   2   0   1  37   0   0   4   0   2   0  25   0   0   5   0  1.18 inf
  113 Q   -3 -1 -3 -2 -5 -1  0 -5 -2  0  1  6  0 -2 -3 -3  0 -5 -1 -2    1   2   1   2   0   2   4   0   1   5  16  51   2   1   1   1   6   0   2   3  0.73 inf
  114 E   -3 -3 -1  3 -7 -1  7 -4 -3 -6 -6 -1 -6 -7 -3 -3 -3 -4 -4 -6    2   1   2  14   0   1  70   1   0   0   0   3   0   0   1   1   1   0   0   0  1.58 inf
  115 V   -2 -6 -4 -6 -4 -5 -5 -6 -6  6 -2 -5  1 -3 -5 -3  4 -6 -5  3    3   0   0   0   0   0   0   0   0  40   2   0   3   0   0   0  30   0   0  22  1.18 inf
  116 V    4 -5 -6 -6  1 -5 -5 -5 -6  0 -2 -5 -1 -5 -5 -3  0 -6 -5  5   41   0   0   0   3   0   0   0   0   5   1   0   1   0   0   0   4   0   0  44  1.16 inf
  117 E   -4  1 -2 -2 -7  1  7 -3 -1 -6 -5  3 -3 -7 -5 -3 -3 -7 -6 -6    1   6   1   1   0   4  64   2   1   0   1  17   1   0   0   0   2   0   0   0  1.44 inf
  118 L   -2 -4 -5 -6 -3 -4 -4 -6 -2  2  4 -5  2  3 -5 -4 -1 -4  1  2    2   0   0   0   0   0   1   0   1  12  46   0   4  10   0   0   3   0   5  15  0.76 inf
  119 L   -6 -6 -8 -8 -6 -6 -7 -8 -7 -2  7 -7 -2 -2 -7 -7 -5 -6 -5 -3    0   0   0   0   0   0   0   0   0   1  98   0   0   1   0   0   0   0   0   0  2.22 inf
  120 I   -5 -5 -6 -7 -5 -6 -7 -7 -7  7  4 -6 -1 -3 -7 -6 -4 -6 -5  0    0   0   0   0   0   0   0   0   0  57  37   0   1   1   0   0   0   0   0   4  1.63 inf
  121 K   -1 -1 -2  0 -2  0  1 -4 -4 -4 -1  3 -3 -6 -4  5 -2 -6 -5 -5    2   3   1   4   1   3   7   0   0   0   6  17   0   0   0  54   0   0   0   0  0.90 inf
  122 Y   -3 -1  4 -5  0  0 -3 -6  9 -7 -5  0 -4 -3 -6 -3 -5 -5  3 -6    2   2  16   0   2   4   1   0  53   0   1   6   0   1   0   1   0   0  10   0  1.82 inf
  123 G   -4 -4 -3 -3 -4 -3 -5  7 -2 -8 -8 -3 -7 -7 -6 -3 -5 -7 -5 -7    0   1   1   2   0   1   0  90   1   0   0   2   0   0   0   1   0   0   0   0  2.25 inf
  124 A    7 -6 -6 -5 -5 -5 -5 -4 -6 -1 -5 -5 -5 -6 -5 -3 -3 -7 -6 -2   92   0   0   0   0   0   0   0   0   4   0   0   0   0   0   0   1   0   0   2  2.04 inf
  125 D   -5 -3  6  6 -4 -2 -1 -4 -3 -6 -7 -1 -6 -7 -6 -3 -4 -8 -5 -7    0   1  44  45   0   1   3   0   0   0   0   3   0   0   0   1   0   0   0   0  1.79 inf
  126 V   -2 -6 -6 -6 -3 -6 -5 -7 -6  6 -1 -4 -2 -4  1 -5 -2 -6 -5  4    3   0   0   0   0   0   1   0   0  52   3   1   0   0   7   0   2   0   0  31  1.33 inf
  127 H   -5 -3  8  0 -7 -4 -3 -3  2 -5 -6 -4 -3 -7 -6 -1 -1 -8 -4 -7    1   1  79   4   0   0   1   1   4   1   0   0   1   0   0   3   4   0   1   0  2.16 inf
  128 T    4 -4 -4 -2 -3 -1  5 -4 -4 -1 -3  0 -1 -4 -4 -1 -1 -6 -3 -1   34   0   0   1   0   1  40   0   0   3   3   5   1   0   0   2   3   0   1   4  0.81 inf
  129 Q   -3  0 -3 -4 -6  2  0 -4 -3 -1 -4  7 -4 -3 -5 -3  0 -6 -4 -1    1   3   0   0   0  10   4   1   0   4   1  63   0   1   0   1   5   0   0   5  1.23 inf
  130 S   -4 -5  4  7 -4 -3 -1 -3 -4 -7 -7 -2 -6 -6 -5  1 -2 -8 -5 -7    1   0  20  59   0   1   2   2   0   0   0   1   0   0   0  12   2   0   0   0  1.58 inf
  131 K   -3  1  4  0 -3 -1  1 -2 -2 -2 -5  6 -4 -5 -4 -2 -2 -2 -2 -4    1   5  18   4   0   2   9   2   1   3   0  48   0   0   0   2   1   1   2   0  0.92 inf
  132 F   -3 -3  3  4 -2 -3 -1 -2  0 -2 -3 -2 -3  5 -5 -2 -3 -1  4 -4    1   1  12  28   1   0   4   3   2   2   1   2   1  22   0   2   1   0  15   1  0.75 inf
  133 C   -3 -1 -3  0  0 -4 -1  7 -4 -7 -5 -2 -3 -7 -6 -4 -5 -6 -7 -7    0   4   1   5   2   0   5  79   0   0   1   2   1   0   0   0   0   0   0   0  1.77 inf
  134 K   -2  2  0 -3 -2  2  1 -3 -1 -3 -2  5 -2  0 -4 -1 -3  5  0 -4    2   9   5   1   1   7  10   1   1   1   3  35   1   4   0   4   1   9   4   1  0.60 inf
  135 T   -2 -5 -3 -6 -5 -5 -5 -6 -6 -4 -6 -5 -5 -7 -4  0  8 -7 -6 -5    2   0   1   0   0   0   0   0   0   1   0   0   0   0   0   5  91   0   0   0  2.38 inf
  136 A    5 -6 -6 -6 -3 -5 -5 -5 -5 -5 -5 -5 -5 -7  6 -1 -2 -7 -6 -2   51   0   0   0   0   0   0   0   0   0   1   0   0   0  40   3   2   0   0   2  1.66 inf
  137 F   -5 -4 -7 -7 -5 -5 -7 -7 -3  1  6 -6 -1  3 -7 -6 -5 -5 -4 -2    0   1   0   0   0   0   0   0   1   6  79   0   0  11   0   0   0   0   0   2  1.62 inf
  138 D   -3 -3 -2  3 -2 -1 -3 -4 10 -5 -5 -5 -3 -5 -6 -2 -5 -3  1 -7    2   1   2  16   1   3   1   1  63   1   1   0   1   0   0   3   0   0   5   0  2.15 inf
  139 I   -3 -2 -3 -3 -1 -4 -4 -6  0  5  2 -3 -1  1 -5 -3 -2  0  5  0    2   2   1   1   1   0   1   0   2  34  19   2   1   5   0   2   2   1  20   4  0.69 inf
  140 S    7 -5 -5 -5 -4 -5 -4 -4 -5 -5 -5 -5 -5 -6 -5  1 -2 -6 -6 -3   87   0   0   0   0   0   0   0   0   0   0   0   0   0   0   9   1   0   0   1  1.90 inf
  141 I    5 -3 -4 -4 -1 -3 -2 -4 -5  2 -1 -2 -1 -4 -4  1  1 -5 -4  2   47   1   0   0   1   1   2   0   0  10   5   1   1   0   0   9   7   0   0  14  0.64 inf
  142 D   -2  1  0  2 -2  2  2 -2  0 -1 -1  1  0  0 -3  0 -2  0  2 -3    2   9   3  12   1  10  17   3   2   4   6  10   2   4   0   5   1   1   7   0  0.22 inf
  143 N   -4 -1  6 -1 -2 -2  0 -3  3 -2 -4  1 -3 -1 -5 -2 -1 -4  4 -5    1   3  44   2   1   1   5   1   8   2   1  10   1   3   0   2   3   0  13   0  0.93 inf
  144 G   -3 -2  7  1 -4 -3 -1  4 -2 -6 -7 -2 -4 -6 -6 -2 -3 -7 -3 -6    1   1  46   6   0   1   3  33   1   0   0   2   0   0   0   2   1   0   1   0  1.33 inf
  145 N   -3  2  5 -1  2  0 -3 -4  6 -5 -5 -2 -4 -2 -5  3 -3 -2  2 -5    1  10  24   3   5   4   0   1  19   1   0   2   0   1   0  23   0   1   7   0  0.86 inf
  146 E   -2 -1 -2 -3 -4  0  2 -4 -1 -2 -1  6 -1 -3 -1 -2  0 -5 -2 -2    3   1   1   0   0   4  14   0   2   2   8  48   1   1   3   2   5   0   1   2  0.69 inf
  147 D   -2 -3 -1  5 -7 -2  6 -4 -2 -6 -6 -1 -6 -7 -4 -3 -4 -7 -6 -5    3   1   2  28   0   0  60   1   1   0   0   3   0   0   0   1   0   0   0   0  1.61 inf
  148 L   -2 -5 -5 -6 -4 -5 -5 -6 -6  5  1 -4  2 -2 -5 -4  4 -5 -4  3    2   0   0   0   0   0   0   0   0  29  12   0   5   2   0   0  29   0   0  20  0.93 inf
  149 A    5 -5 -5 -5 -3 -2 -4 -4 -3  1 -1 -4 -1 -5 -5 -1  0 -6 -4  4   47   0   0   0   0   1   0   0   0   7   4   0   1   0   0   2   6   0   0  28  0.89 inf
  150 E   -2  0 -2  1 -7  1  6 -5 -3 -5 -5  3 -3 -7 -5 -2 -4 -7 -6 -4    3   3   2   6   0   5  60   0   0   0   1  15   1   0   0   2   0   0   0   1  1.30 inf
  151 I   -3 -5 -4 -5 -2 -5 -3 -6 -1  4  4 -5  0  2 -6 -4 -2 -4  0  2    1   0   0   0   0   0   2   0   2  21  46   0   1   9   0   0   2   0   4  11  0.82 inf
  152 L   -6 -7 -8 -8 -6 -7 -7 -8 -7 -3  7 -7 -2 -4 -7 -7 -6 -6 -5 -3    0   0   0   0   0   0   0   0   0   0 100   0   0   0   0   0   0   0   0   0  2.32 inf
  153 Q   -3  3 -2 -3 -6  6  2 -4  0 -5 -5  4 -3 -5 -4 -2 -3 -5 -4 -5    0  18   0   0   0  36  12   0   2   0   0  32   0   0   0   0   0   0   0   0  1.11 inf

                      K         Lambda
Standard Ungapped    0.1313     0.3172
Standard Gapped      0.0605     0.2670
PSI Ungapped         0.1980     0.3133
PSI Gapped           0.0605     0.2670
