
Last position-specific scoring matrix computed, weighted observed percentages rounded down, information per position, and relative weight of gapless real matches to pseudocounts
           A  R  N  D  C  Q  E  G  H  I  L  K  M  F  P  S  T  W  Y  V   A   R   N   D   C   Q   E   G   H   I   L   K   M   F   P   S   T   W   Y   V
    1 K   -1  2  0 -1 -3  1  1 -2 -1 -3 -3  5 -1 -3 -1  0 -1 -3 -2 -2    0   0   0   0   0   0   0   0   0   0   0 100   0   0   0   0   0   0   0   0  0.51 inf
    2 G    0 -2  0 -1 -3 -2 -2  6 -2 -4 -4 -2 -3 -3 -2  0 -2 -3 -3 -3    0   0   0   0   0   0   0 100   0   0   0   0   0   0   0   0   0   0   0   0  1.04 inf
    3 G    0 -2  0 -1 -3 -2 -2  6 -2 -4 -4 -2 -3 -3 -2  0 -2 -3 -3 -3    0   0   0   0   0   0   0 100   0   0   0   0   0   0   0   0   0   0   0   0  1.04 inf
    4 W   -3 -3 -4 -5 -3 -2 -3 -3 -3 -3 -2 -3 -2  1 -4 -3 -3 11  2 -3    0   0   0   0   0   0   0   0   0   0   0   0   0   0   0   0   0 100   0   0  2.38 inf
    5 F   -2 -3 -3 -4 -3 -3 -3 -3 -1  0  0 -3  0  7 -4 -3 -2  1  3 -1    0   0   0   0   0   0   0   0   0   0   0   0   0 100   0   0   0   0   0   0  0.77 inf
    6 G    0 -3 -1 -1 -3 -2 -2  6 -2 -4 -4 -2 -3 -3 -2  0 -2 -3 -3 -3    0   0   0   0   0   0   0 100   0   0   0   0   0   0   0   0   0   0   0   0  1.09 inf
    7 K   -1  1 -1 -1 -3  0  0  2 -1 -1 -2  4 -1 -3 -2 -1 -1 -3 -2  0    0   0   0   0   0   0   0  20   0   0   0  62   0   0   0   0   0   0   0  18  0.26 inf
    8 H   -2  3  0 -2 -3  0 -1 -3  7 -1 -2  0 -1 -2 -2 -1 -1 -3  1  0    0  24   0   0   0   0   0   0  60   0   0   0   0   0   0   0   0   0   0  16  0.51 inf
    9 R   -2  6 -1 -2 -4  1  0 -3  0 -3 -2  2 -2 -3 -2 -1 -1 -3 -2 -3    0 100   0   0   0   0   0   0   0   0   0   0   0   0   0   0   0   0   0   0  0.86 inf
   10 G    0 -3 -1 -2 -3 -2 -2  6 -2 -4 -4 -2 -3 -3 -2  0 -2 -3 -3 -3    0   0   0   0   0   0   0 100   0   0   0   0   0   0   0   0   0   0   0   0  1.12 inf
   11 Q   -1  0  0  0 -3  5  3 -2  1 -3 -2  1 -1 -3 -2  0 -1 -2 -2 -2    0   0   0   0   0  59  34   0   4   0   3   0   0   0   0   0   0   0   0   0  0.57 inf
   12 G    0 -3 -1 -2 -3 -2 -2  5 -2 -4 -4 -2 -3 -3  3 -1 -2 -3 -3 -3    0   0   0   0   0   0   0  83   0   0   0   0   0   0  17   0   0   0   0   0  0.96 inf
   13 G    1  1 -1 -2 -2 -1 -2  5 -2 -3 -3 -1 -2 -3 -2  0 -1 -3 -3 -3   17  15   0   0   0   0   0  69   0   0   0   0   0   0   0   0   0   0   0   0  0.66 inf
   14 S    0  0  0 -1 -2  0 -1  2 -1 -3 -3  1 -2 -1 -1  3  0 -1  2 -2    0   0   0   0   0   0   0  15   0   0   0  17   0   0   0  54   0   0  15   0  0.27 inf
   15 N   -1 -1  5  1 -3  0 -1  2  4 -4 -4 -1 -2 -3 -2  1  0 -3 -1 -3    0   0  61   0   0   0   0  15  17   0   0   0   0   0   0   7   0   0   0   0  0.53 inf
   16 P    0  0  0 -1 -3  3  0  2 -1 -3 -3  1 -2 -3  4  1 -1 -3 -2 -2    0   0   0   0   0  30   0  17   0   0   0  15   0   0  24  15   0   0   0   0  0.47 inf
   17 K   -1  2  0 -1 -3  1  1 -2 -1 -3 -3  5 -2 -3 -1  0 -1 -3 -2 -3    0   0   0   0   0   0   0   0   0   0   0 100   0   0   0   0   0   0   0   0  0.61 inf
   18 F   -2 -3 -3 -4 -3 -3 -3 -3  0 -1  0 -3  0  6 -4 -2 -2  1  5 -1    0   0   0   0   0   0   0   0   0   0   0   0   0  74   0   0   0   0  26   0  0.78 inf
   19 E   -1  0  0  1 -3  3  5 -2  0 -3 -3  1 -2 -3 -1  0  1 -3 -2 -2    0   0   0   0   0  13  72   0   0   0   0   0   0   0   0   0  15   0   0   0  0.58 inf
   20 N   -1  0  5  1 -2  0  0 -1  0 -3 -3  1 -2 -3 -2  1  2 -4 -2 -2    0   0  60   0   0   0   0   0   0   0   0  11   0   0   0  13  15   0   0   0  0.47 inf
   21 I   -1 -3 -3 -3 -1 -2 -3 -3 -3  4  1 -2  3  0 -3 -1  1 -3 -1  2    0   0   0   0   0   0   0   0   0  65   0   0  20   0   0   0  15   0   0   0  0.29 inf
   22 A    4 -2 -2 -2 -1 -1 -1  2 -2 -2 -2 -1 -1 -3 -1  1  0 -3 -2 -1   87   0   0   0   0   0   0  13   0   0   0   0   0   0   0   0   0   0   0   0  0.43 inf
   23 E   -1  0  0  3 -4  2  4 -2  0 -3 -3  1 -2 -4 -1  0 -1 -3 -2 -3    0   0   0  25   0  11  55   0   0   0   0   9   0   0   0   0   0   0   0   0  0.60 inf
   24 G    0 -2  1 -1 -2 -1 -1  5 -2 -4 -4 -1 -2 -3 -2  2  0 -3 -3 -3    0   0   9   0   0   0   0  63   0   0   0   0   0   0   0  28   0   0   0   0  0.64 inf
   25 L   -2 -3 -4 -4 -1 -2 -3 -4 -3  2  4 -3  2  0 -3 -3 -1 -2 -1  1    0   0   0   0   0   0   0   0   0  17  83   0   0   0   0   0   0   0   0   0  0.46 inf
   26 R   -1  5  0 -1 -3  1  0 -2 -1 -3 -2  2 -1 -3 -2  1  1 -3 -2 -2    0  57   0   0   0   0   0   0   0   0   0  14   0   0   0  13  15   0   0   0  0.46 inf
   27 A    3 -2 -2 -2 -1 -1 -2 -1 -2  0  1 -1  0 -1 -2  0  1 -3 -2  1   53   0   0   0   0   0   0   0   0   0  16   0   0   0   0   0  10   0   0  21  0.19 inf
   28 L   -2 -2 -4 -4 -1 -2 -3 -4 -3  1  4 -3  2  0 -3 -3 -1 -2 -1  1    0   0   0   0   0   0   0   0   0   0 100   0   0   0   0   0   0   0   0   0  0.51 inf
   29 L   -2 -2 -4 -4 -1 -2 -3 -4 -3  1  4 -3  2  0 -3 -3 -1 -2 -1  1    0   0   0   0   0   0   0   0   0   0 100   0   0   0   0   0   0   0   0   0  0.51 inf
   30 A    3 -1  2 -1 -1 -1 -1  2 -1 -2 -2 -1 -1 -3 -1  1  0 -3 -2 -1   62   0  15   0   0   0   0  12   0   0   0   0   0   0   0  11   0   0   0   0  0.32 inf
   31 R   -2  6 -1 -2 -4  1  0 -3  0 -3 -2  2 -2 -3 -2 -1 -1 -3 -2 -3    0 100   0   0   0   0   0   0   0   0   0   0   0   0   0   0   0   0   0   0  0.85 inf
   32 S    0  1 -1 -2  7 -1 -2 -2 -2 -2 -2 -1 -2 -3 -2  2  0 -3 -2 -1    0  15   0   0  52   0   0   0   0   0   0   0   0   0   0  33   0   0   0   0  0.58 inf
   33 H   -2  0  0 -1 -3  3  2 -2  7 -3 -3  0 -2 -2 -2 -1 -2 -3  1 -3    0   0   0   0   0  19  12   0  69   0   0   0   0   0   0   0   0   0   0   0  0.72 inf
   34 V    1 -2 -2 -2 -1 -2 -2 -2 -3  2  0 -2  0 -1 -2  1  0 -3 -2  3   20   0   0   0   0   0   0   0   0   0   0   0   0   0   0  15   0   0   0  65  0.21 inf
   35 E   -1 -1 -1  1 -4  1  4 -2 -1 -3 -3  0 -2 -4  5 -1 -1 -3 -3 -3    0   0   0   0   0   0  62   0   0   0   0   0   0   0  38   0   0   0   0   0  0.89 inf
   36 R   -1  6 -1 -2 -3  1  0 -2 -1 -3 -2  2 -2 -3 -2 -1  0 -3 -2 -2    0  89   0   0   0   0   0   0   0   0   0   0   0   0   0   0  11   0   0   0  0.70 inf
   37 T    0 -1  0 -1 -1 -1 -1 -2 -2 -1 -1 -1 -1 -2 -1  1  5 -3 -2  0    0   0   0   0   0   0   0   0   0   0   0   0   0   0   0   0 100   0   0   0  0.56 inf
   38 T    0 -1  2  0 -1  0 -1 -1 -1 -2 -2 -1 -1 -3 -1  2  4 -3 -2 -1    0   0  19   0   0   0   0   0   0   0   0   0   0   0   0  27  55   0   0   0  0.39 inf
   39 D   -1 -1  2  3 -3  0  3 -2 -1 -3 -3  0 -2 -3  4  0  0 -4 -3 -3    0   0  15  19   0   0  36   0   0   0   0   0   0   0  23   0   8   0   0   0  0.56 inf
   40 E   -1 -1  0  3 -4  1  5 -2 -1 -3 -3  0 -2 -3 -1  0  0 -3 -2 -3    0   0   0  17   0   0  75   0   0   0   0   0   0   0   0   0   8   0   0   0  0.65 inf
   41 G    0 -3 -1 -2 -3 -2 -2  6 -2 -4 -4 -2 -3 -3 -2  0 -2 -3 -3 -3    0   0   0   0   0   0   0 100   0   0   0   0   0   0   0   0   0   0   0   0  1.11 inf
   42 T   -1  2  4  2 -3  0  1 -1  0 -3 -3  0 -2 -3 -2  0  2 -3 -2 -2    0  15  38  11   0   0  12   0   0   0   0   0   0   0   0   0  24   0   0   0  0.36 inf
   43 W   -3 -3 -4 -5 -3 -2 -3 -3 -3 -3 -2 -3 -2  1 -4 -3 -3 11  2 -3    0   0   0   0   0   0   0   0   0   0   0   0   0   0   0   0   0 100   0   0  2.55 inf
   44 V   -1 -3 -3 -3  3 -2 -2 -3 -3  2  0 -2  2 -1  3 -2 -1 -3 -2  3    0   0   0   0  12   0   0   0   0   0   0   0  15   0  19   0   0   0   0  55  0.33 inf
   45 A    3 -2  1 -2  3 -1 -1 -1 -1 -2 -2 -1 -1  1 -2  0  0 -1  2 -1   55   0  15   0  12   0   0   0   0   0   0   0   0   8   0   0   0   0  11   0  0.21 inf
   46 G    2 -2 -1 -2 -2 -2 -2  5 -2 -3 -3 -2 -2 -3 -2  0 -1 -3 -3 -2   23   0   0   0   0   0   0  77   0   0   0   0   0   0   0   0   0   0   0   0  0.80 inf
   47 V    0 -3 -3 -4 -1 -2 -3 -3 -3  2  1 -3  1 -1 -3 -2  0 -3 -1  4    0   0   0   0   0   0   0   0   0   0  12   0   0   0   0   0   0   0   0  88  0.38 inf
   48 F   -2 -3 -3 -4 -2 -2 -3 -3 -2  0  1 -3  3  6 -4 -2 -2  0  2  0    0   0   0   0   0   0   0   0   0   0   3   0  26  71   0   0   0   0   0   0  0.57 inf
   49 V    1 -3 -3 -3 -1 -2 -2 -3 -3  3  1 -2  0 -1 -2 -1  0 -3 -1  4   15   0   0   0   0   0   0   0   0  12   0   0   0   0   0   0   0   0   0  73  0.30 inf
   50 Y   -2 -2 -2 -3 -2 -2 -2 -3  1 -1 -1 -2 -1  3 -3 -2 -2  2  7  0    0   0   0   0   0   0   0   0   0   0   0   0   0   0   0   0   0   0  85  15  0.77 inf
   51 G    0 -2  2 -1 -3 -1 -2  5 -2 -4 -4 -1 -3 -3 -2  1 -1 -3 -3 -3    0   0  15   0   0   0   0  73   0   0   0   0   0   0   0  12   0   0   0   0  0.75 inf
   52 G    0 -2 -1 -1 -2 -1 -2  4 -1 -1  0 -1 -1 -1 -2 -1 -1 -1  2 -1    1   1   1   1   0   1   1  56   0   1  17   1   0   1   1   1   1   0  13   1  0.36 inf
   53 S    1 -1  0 -1 -1  0  0 -1 -1 -3 -3  0 -2 -3  3  4  1 -3 -2 -2    0   0   0   0   0   0   0   0   0   0   0   0   0   0  19  81   0   0   0   0  0.55 inf
   54 K   -1  2  0 -1 -3  1  1 -2 -1 -3 -3  5 -2 -3 -1  0 -1 -3 -2 -3    0   4   0   0   0   0   0   0   0   0   0  96   0   0   0   0   0   0   0   0  0.59 inf
   55 T   -1 -1  1 -1 -1 -1 -1 -2 -2 -1 -2 -1 -1 -2 -2  1  4  6 -1 -1    0   0  11   0   0   0   0   0   0   0   0   0   0   0   0   0  74  15   0   0  0.49 inf
   56 S    1 -1  0 -1  3 -1 -1 -1 -1 -2 -3 -1 -2 -3  3  4  1 -3 -2 -2    0   0   0   0  12   0   0   0   0   0   0   0   0   0  15  73   0   0   0   0  0.46 inf
   57 L   -1 -3 -3 -4  6 -3 -3 -4 -3  1  3 -3  1  0 -3 -2 -1 -2 -2  0    0   0   0   0  31   0   0   0   0   0  69   0   0   0   0   0   0   0   0   0  0.49 inf
   58 Y   -2 -2 -2 -3 -3 -2 -2 -3  2 -2 -1 -2 -1  3 -3 -2 -2  2  7 -1    0   0   0   0   0   0   0   0   0   0   0   0   0   0   0   0   0   0 100   0  1.02 inf
   59 N   -1 -1  6  1 -3  0  0 -1  0 -3 -4  0 -2 -3 -2  2  0 -4 -2 -3    0   0  85   0   0   0   0   0   0   0   0   0   0   0   0  15   0   0   0   0  0.69 inf
   60 L   -2 -2 -4 -4 -1 -2 -3 -4 -3  1  4 -3  2  0 -3 -3 -1 -2 -1  1    0   0   0   0   0   0   0   0   0   0 100   0   0   0   0   0   0   0   0   0  0.51 inf
   61 R   -2  6 -1 -2 -4  1  0 -3  0 -3 -2  2 -2 -3 -2 -1 -1 -3 -2 -3    0 100   0   0   0   0   0   0   0   0   0   0   0   0   0   0   0   0   0   0  0.85 inf
   62 R   -2  6 -1 -2 -4  1  0 -3  0 -3 -2  2 -2 -3 -2 -1 -1 -3 -2 -3    0 100   0   0   0   0   0   0   0   0   0   0   0   0   0   0   0   0   0   0  0.85 inf
   63 G    1 -3 -1 -2  4 -2 -2  5 -2 -3 -3 -2 -2 -3 -2  0 -1 -3 -3 -2   15   0   0   0  19   0   0  67   0   0   0   0   0   0   0   0   0   0   0   0  0.69 inf
   64 T   -1 -3 -3 -3 -1 -2 -3 -4 -3  3  3 -3  1  0 -3 -2  0 -2 -1  2    0   0   0   0   0   0   0   0   0  49  38   0   0   0   0   0   8   0   0   5  0.32 inf
   65 A    4 -2 -1 -2 -1 -1 -1  3 -2 -2 -2 -1 -1 -3 -1  1  0 -3 -2 -1   69   0   0   0   0   0   0  28   0   0   0   0   0   0   0   0   3   0   0   0  0.42 inf
   66 L   -1 -3 -4 -4  4 -2 -3 -4 -3  1  4 -3  2  0 -3 -2 -1 -2 -1  0    0   0   0   0  19   0   0   0   0   0  81   0   0   0   0   0   0   0   0   0  0.45 inf
   67 A    3 -2 -2 -2  6 -2 -2 -1 -2 -1 -2 -2 -1 -3 -2  0  0 -3 -2 -1   67   0   0   0  33   0   0   0   0   0   0   0   0   0   0   0   0   0   0   0  0.50 inf
   68 I    1 -3 -3 -3 -1 -2 -3 -3 -3  4  1 -2  1 -1 -2 -1 -1 -3 -2  3   16   0   0   0   0   0   0   0   0  60   0   0   0   0   0   0   0   0   0  25  0.29 inf
   69 P   -1 -2  2 -1 -3  0 -1 -2 -2 -3 -3 -1 -2 -4  7  0  0 -4 -3 -3    0   0  16   0   0   4   0   0   0   0   0   0   0   0  72   4   4   0   0   0  1.36 inf
   70 Q   -1  0 -1  0 -3  4  4 -2  0 -3 -3  1 -1 -3 -2  0 -1  5 -1 -3    0   0   0   0   0  49  39   0   0   0   0   0   0   0   0   0   0  12   0   0  0.61 inf
   71 C    0 -3 -3 -3  8 -3 -3  1 -3 -1 -1 -3 -1 -2 -3 -1 -1 -3 -3  1    0   0   0   0  69   0   0  14   0   0   0   0   0   0   0   0   0   0   0  16  0.82 inf
   72 R   -2  6 -1 -2 -4  1  0 -3  0 -3 -2  2 -2 -3 -2 -1 -1 -3 -2 -3    0 100   0   0   0   0   0   0   0   0   0   0   0   0   0   0   0   0   0   0  0.86 inf
   73 L    0 -2 -3 -3 -1 -2 -3 -3 -3  2  3 -2  2  0 -3 -2 -1 -2 -1  1   14   0   0   0   0   0   0   0   0  24  62   0   0   0   0   0   0   0   0   0  0.30 inf
   74 T    0 -1  0 -1 -1 -1 -1 -2 -2 -1 -2 -1 -1 -2 -1  2  5 -3 -2  0    0   0   0   0   0   0   0   0   0   0   0   0   0   0   0  16  84   0   0   0  0.49 inf
   75 P   -1 -2 -2 -2 -3 -2 -1  1 -2 -3 -3 -1 -3 -4  7 -1 -1 -4 -3 -3    0   0   0   0   0   0   0  14   0   0   0   0   0   0  86   0   0   0   0   0  1.72 inf
   76 L   -2 -2 -4 -4 -1 -2 -3 -4 -3  1  4 -3  2  0 -3 -3 -1 -2 -1  1    0   0   0   0   0   0   0   0   0   0 100   0   0   0   0   0   0   0   0   0  0.52 inf
   77 S    0 -2  0 -1 -2 -1 -1  2 -1 -2 -2 -1 -2  2 -2  3  0 -2 -1 -2    0   0   0   0   0   0   0  23   0   0   0   0   0  16   0  60   0   0   0   0  0.31 inf
   78 R   -2  6 -1 -2 -4  1  0 -3  0 -3 -2  2 -2 -3 -2 -1 -1 -3 -2 -3    0 100   0   0   0   0   0   0   0   0   0   0   0   0   0   0   0   0   0   0  0.85 inf
   79 L   -2 -2 -4 -4 -1 -2 -3 -4 -3  1  4 -3  2  0 -3 -3 -1 -2 -1  1    0   0   0   0   0   0   0   0   0   0 100   0   0   0   0   0   0   0   0   0  0.51 inf
   80 P   -1 -2 -2 -2 -3 -2 -1 -2 -2 -3 -3 -1 -3 -4  8 -1 -1 -4 -3 -3    0   0   0   0   0   0   0   0   0   0   0   0   0   0 100   0   0   0   0   0  2.12 inf
   81 F   -2 -3 -3 -4 -3 -3 -3 -3  0 -1  0 -3 -1  6 -4 -2 -2  1  6 -1    0   0   0   0   0   0   0   0   0   0   0   0   0  57   0   0   0   0  43   0  0.77 inf
   82 G    0 -3 -1 -2 -3 -2 -2  6 -2 -4 -4 -2 -3 -3 -2  0 -2 -3 -3 -3    0   0   0   0   0   0   0 100   0   0   0   0   0   0   0   0   0   0   0   0  1.12 inf
   83 M   -1 -1 -1 -2 -2 -1 -2 -2  3  1  1 -1  4  0 -2  0  0 -1  2  1    0   0   0   0   0   0   0   0  12   0   0   0  48   0   0  16   0   0   9  15  0.17 inf
   84 A    4 -1 -1 -1 -1 -1 -1  0 -2 -2 -2 -1 -1 -2 -1  2  0 -3 -2 -1   73   0   0   0   0   0   0   0   0   0   0   0   0   0   0  27   0   0   0   0  0.39 inf
   85 P   -1 -3 -3 -2 -3 -2 -2 -3 -2 -2 -2 -2 -2  2  7 -1 -2  6  0 -2    0   0   0   0   0   0   0   0   0   0   0   0   0  19  66   0   0  15   0   0  1.31 inf
   86 G    0 -2 -1 -1 -3 -1  0  6 -2 -4 -4 -1 -3 -3 -2  0 -2 -3 -3 -3    0   0   0   0   0   0  12  88   0   0   0   0   0   0   0   0   0   0   0   0  0.90 inf
   87 P    0 -2 -1 -1 -2 -1 -1 -2 -2 -3 -3 -1 -2 -3  7  1  1 -4 -3 -2    0   0   0   0   0   0   0   0   0   0   0   0   0   0  70  15  15   0   0   0  1.30 inf
   88 G    0 -3 -1 -2 -3 -2 -2  6 -2 -4 -4 -2 -3 -3 -2  0 -2 -3 -3 -3    0   0   0   0   0   0   0 100   0   0   0   0   0   0   0   0   0   0   0   0  1.10 inf
   89 P   -1 -2 -2 -2 -3 -2 -1 -2 -2 -3 -3 -1 -3 -4  8 -1 -1 -4 -3 -3    0   0   0   0   0   0   0   0   0   0   0   0   0   0 100   0   0   0   0   0  2.11 inf
   90 Q   -1  1  0  0 -3  6  3 -2  0 -3 -3  1 -1 -3 -1  0 -1 -2 -2 -3    0   0   0   0   0  85  15   0   0   0   0   0   0   0   0   0   0   0   0   0  0.68 inf
   91 P   -1 -2 -2 -2 -3 -2 -1 -2 -2 -3 -3 -1 -3 -4  8 -1 -1 -4 -3 -3    0   0   0   0   0   0   0   0   0   0   0   0   0   0 100   0   0   0   0   0  2.11 inf
   92 G    0 -2  0 -1 -2 -2 -2  6 -2 -3 -3 -2 -2 -3 -2  0  1 -3 -3 -3    0   0   0   0   0   0   0  85   0   0   0   0   0   0   0   0  15   0   0   0  0.85 inf
   93 P   -1 -2 -2 -2 -3 -2 -1 -2 -2 -3 -3 -1 -3 -4  8 -1 -1 -4 -3 -3    0   0   0   0   0   0   0   0   0   0   0   0   0   0 100   0   0   0   0   0  2.11 inf
   94 L   -2 -2 -3 -4 -1 -2 -3 -4 -3  2  4 -3  3  0 -3 -2 -1 -2 -1  1    0   0   0   0   0   0   0   0   0  19  69   0  12   0   0   0   0   0   0   0  0.40 inf
   95 R   -2  5 -1 -2 -3  0 -1 -3 -1 -1  1  1  2 -2 -3 -1 -1 -2 -2 -1    0  66   0   0   0   0   0   0   0   0  19   0  15   0   0   0   0   0   0   0  0.40 inf
   96 E   -1  0  0  1 -4  2  5 -2  0 -4 -3  1 -2 -4 -1  0 -1 -3 -2 -3    0   0   0   0   0   0 100   0   0   0   0   0   0   0   0   0   0   0   0   0  0.80 inf
   97 S    1 -1  0  0 -1  0  0  0 -1 -3 -3  0 -2 -3 -1  4  1 -3 -2 -2    0   0   0   0   0   0   0   0   0   0   0   0   0   0   0 100   0   0   0   0  0.51 inf
   98 I    0 -2 -1 -2  4 -1 -2 -2 -2  2  0 -2  0 -1 -2  2  1 -3 -2  1    0   0   0   0  15   0   0   0   0  39   0   0   0   0   0  34  12   0   0   0  0.19 inf
   99 V   -1 -2 -2  1 -1 -2 -1 -3 -3  1  0 -2  0 -1 -2 -1  1  6 -1  3    0   0   0  12   0   0   0   0   0   0   0   0   0   0   0   0  19  15   0  54  0.27 inf
  100 C    0 -2 -2 -2  7 -2 -2 -2 -2 -2 -2 -2 -2 -2 -2  2  0  6 -1 -2    0   0   0   0  51   0   0   0   0   0   0   0   0   0   0  30   0  19   0   0  0.74 inf
  101 Y   -2 -2 -2 -3 -3 -2 -2  1  1 -2 -2 -2 -1  2 -3 -2 -2  2  7 -2    0   0   0   0   0   0   0  19   0   0   0   0   0   0   0   0   0   0  81   0  0.71 inf
  102 F   -2 -3 -3 -4 -3 -3 -4 -3 -1  0  0 -3  0  7 -4 -3 -2  1  3 -1    0   0   0   0   0   0   0   0   0   0   0   0   0 100   0   0   0   0   0   0  0.84 inf
  103 M   -1 -2 -3 -4 -1 -2 -3 -4 -2  2  3 -2  4  0 -3 -2 -1 -2 -1  1    0   0   0   0   0   0   0   0   0  12  49   0  39   0   0   0   0   0   0   0  0.37 inf
  104 V   -1 -3 -3 -3 -1 -3 -3 -3 -3  2  1 -3  1  2 -3 -2  0 -2  0  4    0   0   0   0   0   0   0   0   0   0   0   0   0  15   0   0   0   0   0  85  0.33 inf
  105 F   -2 -3 -3 -4 -3 -3 -4 -3 -1  0  0 -3  0  7 -4 -3 -2  1  3 -1    0   0   0   0   0   0   0   0   0   0   0   0   0 100   0   0   0   0   0   0  0.84 inf
  106 L   -1 -2 -3 -3 -1 -2 -3 -3 -3  1  4 -2  2  0 -3 -1  1 -2 -1  1    0   0   0   0   0   0   0   0   0   0  81   0   0   0   0   0  19   0   0   0  0.35 inf
  107 Q   -1  1  0 -1 -3  5  2 -2  0 -3 -3  1 -1 -4  3  0 -1 -2 -2 -2    0   0   0   0   0  85   0   0   0   0   0   0   0   0  15   0   0   0   0   0  0.69 inf
  108 T    0 -2  0 -2  4 -1 -1 -2 -2 -1 -1 -1 -1 -2 -1  1  5 -3 -2  0    0   0   0   0  15   0   0   0   0   0   0   0   0   0   0   0  85   0   0   0  0.48 inf
  109 H   -1 -1  0 -1 -2  0 -1  1  6 -2 -2 -1  1 -2 -2  1 -1 -3  0 -2    0   0   0   0   0   0   0  15  54   0   0   0  12   0   0  19   0   0   0   0  0.41 inf
  110 I   -1 -2 -3 -3 -2  1 -2 -4 -2  3  2 -2  1  0 -3 -2 -1 -2 -1  2    0   0   0   0   0  15   0   0   0  51  34   0   0   0   0   0   0   0   0   0  0.25 inf
  111 F   -2 -3 -2 -3 -2 -3 -3 -3 -1 -1  0 -3  0  6 -3  0 -1  0  3 -1    0   0   0   0   0   0   0   0   0   0   0   0   0  85   0  15   0   0   0   0  0.59 inf
  112 A    4 -2 -2 -2 -1 -1 -1  0 -2 -2 -2 -1 -1 -2 -1  1  0 -3 -2  0  100   0   0   0   0   0   0   0   0   0   0   0   0   0   0   0   0   0   0   0  0.46 inf
  113 E   -1  0  0  3 -4  2  5 -2  0 -3 -3  0 -2 -4 -1  0 -1 -3 -2 -3    0   0   0  19   0   0  81   0   0   0   0   0   0   0   0   0   0   0   0   0  0.72 inf
  114 V   -1 -3 -1  2  7 -2 -2  0 -3  0 -1 -2 -1 -2 -3 -1 -1 -3 -2  2    0   0   0  19  42   0   0   8   0   0   0   0   0   0   0   0   0   0   0  31  0.39 inf
  115 L    1 -2 -3 -3 -1 -2 -3 -3 -3  2  3 -2  1  0 -2 -1 -1 -2 -1  2   15   0   0   0   0   0   0   0   0  19  39   0   0   0   0   0   0   0   0  28  0.25 inf
  116 K    1  2 -1 -1 -3  1  0 -1 -1 -3 -2  4 -1 -3 -1  0 -1 -3 -2 -2   19   0   0   0   0   0   0   0   0   0   0  81   0   0   0   0   0   0   0   0  0.43 inf
  117 D   -2 -2  1  6 -4  0  1 -2 -1 -3 -4 -1 -3 -4 -2  0 -1 -5 -3 -3    0   0   0 100   0   0   0   0   0   0   0   0   0   0   0   0   0   0   0   0  1.01 inf
  118 A    4 -2 -2 -2 -1 -1 -1  0 -2 -2 -2 -1 -1 -2 -1  1  0 -3 -2  0  100   0   0   0   0   0   0   0   0   0   0   0   0   0   0   0   0   0   0   0  0.46 inf
  119 I   -2 -3 -4 -4 -1 -3 -3 -4 -3  4  3 -3  1  0 -3 -3 -1 -2 -1  2    0   0   0   0   0   0   0   0   0  64  36   0   0   0   0   0   0   0   0   0  0.39 inf
  120 K   -1  3 -1 -2 -3  0  0 -2 -1  0  0  3  0 -2 -2 -1 -1 -3 -2  0    0  31   0   0   0   0   0   0   0   0  15  39   0   0   0   0   0   0   0  15  0.26 inf
  121 D   -2 -2  1  6 -4  0  1 -2 -1 -3 -4 -1 -3 -4 -2  0 -1 -5 -3 -3    0   0   0 100   0   0   0   0   0   0   0   0   0   0   0   0   0   0   0   0  1.01 inf
  122 L   -2 -2 -3 -4 -2 -2 -3 -4  1  0  2 -2  0  2 -3 -2 -2  1  6  0    0   0   0   0   0   0   0   0   0   0  39   0   0   0   0   0   0   0  61   0  0.53 inf
  123 V   -1 -3 -3 -3  5 -3 -3 -3 -3  3  1 -3  1 -1 -3 -2 -1 -3 -2  3    0   0   0   0  19   0   0   0   0  42   0   0   0   0   0   0   0   0   0  39  0.36 inf
  124 M   -1  1 -1 -2 -2  0 -1 -2 -1  0  1  0  4 -1 -2  1  2 -2 -1  0    0  15   0   0   0   0   0   0   0   0   0   0  51   0   0  15  19   0   0   0  0.19 inf
  125 T    0 -1  0 -1 -1 -1 -1 -2 -2 -1 -1 -1 -1 -2 -1  1  5 -3 -2  0    0   0   0   0   0   0   0   0   0   0   0   0   0   0   0   0 100   0   0   0  0.55 inf
  126 K   -1  4  0 -1 -3  1  0 -2  4 -3 -3  4 -2 -3 -2 -1 -1 -3 -1 -3    0  30   0   0   0   0   0   0  19   0   0  51   0   0   0   0   0   0   0   0  0.48 inf
  127 P   -1 -2 -2 -2 -3 -2 -1 -2 -2 -3 -3 -1 -3 -4  8 -1 -1 -4 -3 -3    0   0   0   0   0   0   0   0   0   0   0   0   0   0 100   0   0   0   0   0  2.11 inf
  128 A    2 -1 -1 -2 -2  1 -1  2 -2 -2  0 -1 -1 -2  4  0 -1 -3 -2 -1   31   0   0   0   0  15   0  19   0   0  12   0   0   0  23   0   0   0   0   0  0.35 inf
  129 P   -1 -2 -2 -2 -3 -2 -1 -2 -2 -3 -3 -1 -3 -4  8 -1 -1 -4 -3 -3    0   0   0   0   0   0   0   0   0   0   0   0   0   0 100   0   0   0   0   0  2.11 inf
  130 T    0 -1  0 -1 -1 -1 -1 -2 -2 -1 -1 -1 -1 -2 -1  1  5 -3 -2  0    0   0   0   0   0   0   0   0   0   0   0   0   0   0   0   0 100   0   0   0  0.55 inf
  131 C    0  2 -1 -2  7 -1 -2 -2 -2 -2 -2 -1 -2 -3 -2  2  0 -3 -2 -1    0  19   0   0  54   0   0   0   0   0   0   0   0   0   0  28   0   0   0   0  0.59 inf
  132 N   -1 -1  5  2 -2  0  0 -1  0 -3 -3  0 -2 -3 -2  2  0 -4 -2 -3    0   0  58  15   0   0   0   0   0   0   0   0   0   0   0  28   0   0   0   0  0.52 inf
  133 I   -1 -2 -2 -2 -1 -2 -2 -3 -3  3  1 -2  0 -1 -2  0  2 -3 -2  3    0   0   0   0   0   0   0   0   0  39   0   0   0   0   0   0  34   0   0  28  0.25 inf
  134 R   -1  4  0 -1 -3  3  1 -2  0 -3 -2  3 -1 -3 -2  0 -1 -3 -2 -3    0  38   0   0   0  31   0   0   0   0   0  31   0   0   0   0   0   0   0   0  0.53 inf
  135 V    0 -3 -3 -3 -1 -2 -3 -3 -3  3  1 -3  1 -1 -3 -2  0 -3 -1  4    0   0   0   0   0   0   0   0   0   0   0   0   0   0   0   0   0   0   0 100  0.41 inf
  136 T    0 -2 -1 -2 -1 -1 -1 -2 -2  0 -1 -1  0 -2 -1  1  5 -3 -2  1    0   0   0   0   0   0   0   0   0   0   0   0   0   0   0   0  81   0   0  19  0.40 inf
  137 V   -1 -3 -3 -4 -1 -3 -3 -3 -3  2  2 -3  1  2 -3 -2 -1 -2  0  3    0   0   0   0   0   0   0   0   0   0  19   0   0  15   0   0   0   0   0  66  0.29 inf
  138 C   -1 -3 -3 -4  8 -2 -4 -3 -3  1  0 -3  2 -2 -3 -1 -1 -2 -2  0    0   0   0   0  69   0   0   0   0  12   0   0  19   0   0   0   0   0   0   0  0.81 inf
  139 S    0 -1  3  0 -1  0  0 -1 -1 -2 -2  0 -1 -3 -1  3  3 -3 -2 -1    0   0  19   0   0   0   0   0   0   0   0   0   0   0   0  54  28   0   0   0  0.38 inf
  140 F   -2 -3 -3 -4 -3 -3 -4 -3 -1  0  0 -3  0  7 -4 -3 -2  1  3 -1    0   0   0   0   0   0   0   0   0   0   0   0   0 100   0   0   0   0   0   0  0.84 inf
  141 D   -2 -1  1  5 -4  0  3 -2 -1 -3 -4  0 -3 -4 -2  0 -1 -4 -3 -3    0   0   0  69   0   0  31   0   0   0   0   0   0   0   0   0   0   0   0   0  0.79 inf
  142 D   -1 -2  1  5 -3 -1  1 -1 -1 -3 -4 -1 -3 -4  3  1 -1 -4 -3 -3    0   0   0  66   0   0   0   0   0   0   0   0   0   0  15  19   0   0   0   0  0.68 inf
  143 G    0 -2 -1 -1 -2 -1 -2  4 -2 -3 -3 -1 -3 -3  4  1 -1 -3 -3 -3    0   0   0   0   0   0   0  58   0   0   0   0   0   0  28  15   0   0   0   0  0.79 inf
  144 V    0 -3 -3 -3 -1 -2 -3 -3 -3  3  1 -3  1 -1 -3 -2  0 -3 -1  4    0   0   0   0   0   0   0   0   0   0   0   0   0   0   0   0   0   0   0 100  0.41 inf
  145 D   -1 -2  0  4 -3 -1  0 -2 -2 -1  0 -1  4 -2  3 -1 -1 -3 -2 -1    0   0   0  39   0   0   0   0   0   0   0   0  42   0  19   0   0   0   0   0  0.38 inf
  146 L   -2 -2 -4 -4 -1 -2 -3 -4 -3  2  4 -3  2  0 -3 -3 -1 -2 -1  1    0   0   0   0   0   0   0   0   0   0 100   0   0   0   0   0   0   0   0   0  0.50 inf
  147 P   -1 -2 -2 -2 -3 -2 -1 -2 -2 -3 -3 -1 -3 -4  8 -1 -1 -4 -3 -3    0   0   0   0   0   0   0   0   0   0   0   0   0   0 100   0   0   0   0   0  2.11 inf

                      K         Lambda
Standard Ungapped    0.1410     0.3222
Standard Gapped      0.0410     0.2670
PSI Ungapped         0.1410     0.3222
PSI Gapped           0.0410     0.2670
