
Last position-specific scoring matrix computed, weighted observed percentages rounded down, information per position, and relative weight of gapless real matches to pseudocounts
           A  R  N  D  C  Q  E  G  H  I  L  K  M  F  P  S  T  W  Y  V   A   R   N   D   C   Q   E   G   H   I   L   K   M   F   P   S   T   W   Y   V
    1 A    3 -2 -1 -1 -1 -1 -1  3 -2 -2 -2 -1 -2 -3 -1  2  0 -3 -2 -1   53   0   0   0   0   0   0  24   0   0   0   0   0   0   0  23   0   0   0   0  0.39 inf
    2 R   -1  3  2  1 -3  3  1 -2  0 -3 -3  2 -2 -3  1  1  0 -3 -2 -3    0  29  10   5   0  20   5   0   0   0   0  10   0   0   5  15   0   0   0   0  0.36 inf
    3 T    0 -2 -1 -1 -1 -1 -1 -2 -2 -1 -2 -1 -1 -3  3  1  5 -3 -2 -1    0   0   0   0   0   0   0   0   0   0   0   0   0   0  15   0  85   0   0   0  0.63 inf
    4 F   -1 -3 -2 -3 -2 -3 -3  1 -2  0  0 -3  0  5 -1 -1 -2  0  2 -1    0   0   0   0   0   0   0  14   0   4   4   0   3  59   3   9   0   0   0   3  0.39 inf
    5 D   -1 -1  1  4 -3  0  2 -2 -1 -3 -3  0 -2 -3  2  1 -1 -4 -3 -2    0   0   3  45   0   3  18   0   0   0   0   0   0   0  11  17   0   0   0   4  0.52 inf
    6 W   -1 -1 -1  2 -3  1  2 -1 -1 -3 -3 -1 -2 -1  1  0 -1  8  0 -3    3   0   0  15   0  10  21   3   0   0   0   0   0   0   6   6   0  33   0   0  0.69 inf
    7 M    0 -1  2 -1 -2  1 -1 -1 -1 -1  0 -1  4 -2 -2  2  1 -3 -2 -1    0   0  18   0   0  10   0   2   0   0   4   0  31   0   0  29   7   0   0   0  0.20 inf
    8 K   -1  2  2 -1 -3  1  0 -1 -1 -3 -3  5 -2 -4 -2  0 -1 -4 -2 -3    0   4  16   0   0   0   0   3   0   0   0  78   0   0   0   0   0   0   0   0  0.57 inf
    9 V   -1  5 -1 -2 -2  0 -1 -3 -1  1 -1  1 -1 -2 -2 -1  0 -3 -2  1    1  55   2   0   0   0   0   0   0  10   0   0   0   0   0   4   4   0   0  24  0.33 inf
   10 L    1 -2  0 -2 -1 -1 -2 -1 -2  2  1 -1  0 -1 -1  1  1 -3 -2  1   18   0   4   0   0   1   0   3   0  18  10   2   2   0   1  11  15   0   0  15  0.10 inf
   11 R   -2  6 -1 -2 -4  1 -1 -3 -1 -4 -3  2 -2 -3 -3 -1 -2 -3 -2 -3    0 100   0   0   0   0   0   0   0   0   0   0   0   0   0   0   0   0   0   0  0.99 inf
   12 T    0 -2  0 -2 -1 -1 -1 -2 -2  0 -1 -1 -1 -2 -2  1  5 -3 -2  0    0   0   0   0   0   0   0   0   0   4   0   0   0   0   0   0  96   0   0   0  0.63 inf
   13 N    3 -1  4  0 -2 -1 -1  0  1 -2 -3 -1 -2 -3 -2  1  0 -3 -2 -2   42   0  45   0   0   0   0   0   3   0   0   0   0   0   0   7   3   0   0   0  0.39 inf
   14 F   -2 -3 -3 -4 -3 -3 -3 -4  0 -1  0 -3 -1  6 -4 -2 -2  1  6 -1    0   0   0   0   0   0   0   0   0   0   0   0   0  55   0   0   0   0  45   0  0.88 inf
   15 T    0 -1  1 -1 -1 -1 -1 -2 -2 -1 -2 -1 -1 -3 -1  2  5 -3 -2 -1    0   0   6   0   0   0   0   0   0   0   0   0   0   0   0  11  83   0   0   0  0.55 inf
   16 T   -1  3  2 -1 -2  0 -1 -2 -1 -2 -2  0 -1 -3 -2  1  3 -3 -2 -1    0  29  12   0   0   0   0   0   0   0   0   1   0   0   0  10  48   0   0   0  0.37 inf
   17 R    0  2  0 -1 -3  2  0 -1  3 -3 -2  3 -1 -2 -1  0  0 -2  0 -2   12   7   0   0   0   8   0   2  12   0   0  47   0   0   0   4   5   0   4   0  0.30 inf
   18 Q   -1  1  0 -1 -4  7  2 -2  0 -3 -3  1 -1 -4 -2 -1 -1 -3 -2 -3    0   0   0   0   0 100   0   0   0   0   0   0   0   0   0   0   0   0   0   0  0.93 inf
   19 L   -1 -2 -3 -4 -1 -2 -3 -4 -3  2  4 -3  2  0 -3 -2  0 -2 -1  1    1   0   0   0   0   0   0   0   0   7  76   0   0   0   0   0   8   0   0   8  0.40 inf
   20 T   -1 -2 -1 -2 -1 -2 -2 -3 -2  1  2 -2  1 -1 -2  0  4 -2 -2  1    0   0   0   0   0   0   0   0   0   0  36   0   0   0   0   1  53   0   0  10  0.29 inf
   21 E   -1  0 -1  1 -4  2  6 -3  0 -4 -3  0 -2 -4 -2 -1 -1 -3 -3 -3    0   0   0   0   0   0 100   0   0   0   0   0   0   0   0   0   0   0   0   0  0.93 inf
   22 L   -2 -3 -4 -4 -2 -3 -3 -4 -3  1  5 -3  2  0 -3 -3 -2 -2 -1  1    0   0   0   0   0   0   0   0   0   0 100   0   0   0   0   0   0   0   0   0  0.60 inf
   23 E   -1 -1 -1  2 -4  2  6 -3 -1 -4 -3  0 -3 -4 -2 -1 -1 -3 -3 -3    0   0   0   5   0   0  95   0   0   0   0   0   0   0   0   0   0   0   0   0  0.89 inf
   24 K   -1  2 -1 -1 -4  1  0 -2 -1 -3 -3  6 -2 -4 -1 -1 -1 -3 -2 -3    0   0   0   0   0   0   0   0   0   0   0 100   0   0   0   0   0   0   0   0  0.73 inf
   25 E   -1 -1 -1  2 -4  2  6 -3 -1 -4 -3  0 -3 -4 -2 -1 -1 -3 -3 -3    0   0   0   5   0   0  95   0   0   0   0   0   0   0   0   0   0   0   0   0  0.89 inf
   26 F   -3 -3 -4 -4 -3 -4 -4 -4 -2 -1  0 -4  0  7 -4 -3 -3  1  3 -1    0   0   0   0   0   0   0   0   0   0   0   0   0 100   0   0   0   0   0   0  1.04 inf
   27 H   -2 -1  0 -2 -4  0 -1 -3  9 -4 -3 -1 -2 -2 -3 -1 -2 -3  2 -4    0   0   0   0   0   0   0   0  98   0   0   0   0   0   0   0   0   0   2   0  1.27 inf
   28 F   -3 -3 -3 -4 -3 -3 -4 -4 -1 -1  0 -3  0  7 -4 -3 -2  1  3 -1    0   0   0   0   0   0   0   0   0   0   0   0   0  92   0   0   2   0   6   0  0.95 inf
   29 N   -2 -1  6  1 -3  0 -1 -1  0 -4 -4 -1 -3 -3 -2  1  0 -4 -3 -3    0   0  94   0   0   0   0   0   0   0   0   0   0   0   0   6   0   0   0   0  0.90 inf
   30 K   -1  5 -1 -1 -4  1  0 -2 -1 -3 -3  4 -2 -3 -2 -1 -1 -3 -2 -3    0  47   0   0   0   0   0   0   0   0   0  53   0   0   0   0   0   0   0   0  0.67 inf
   31 Y   -2 -2 -3 -4 -3 -2 -3 -4  1 -2 -2 -2 -2  3 -4 -2 -2  2  8 -2    0   0   0   0   0   0   0   0   0   0   0   0   0   0   0   0   0   0 100   0  1.22 inf
   32 L   -2 -3 -4 -4 -2 -3 -3 -4 -3  2  4 -3  2  1 -3 -3 -2 -2 -1  1    0   0   0   0   0   0   0   0   0   6  89   0   0   5   0   0   0   0   0   0  0.52 inf
   33 S    0 -2 -1 -2  4 -1 -1 -2 -2 -1 -2 -1 -1 -3 -1  2  4 -3 -2 -1    0   0   0   0  16   0   0   0   0   0   0   0   0   0   2  14  68   0   0   0  0.49 inf
   34 R   -2  6 -1 -2 -4  1  0 -3 -1 -4 -3  2 -2 -3 -3 -1 -2 -3 -2 -3    0  98   0   0   0   0   0   0   0   0   0   2   0   0   0   0   0   0   0   0  0.97 inf
   35 A    3  2 -1 -2 -2 -1 -1 -1 -2 -2 -2  0 -2 -3  4  0  0 -3 -2 -1   49  22   0   0   0   0   0   0   0   0   0   2   0   0  22   1   4   0   0   0  0.44 inf
   36 R   -2  6 -1 -2 -4  1 -1 -3 -1 -4 -3  2 -2 -3 -3 -1 -2 -3 -2 -3    0 100   0   0   0   0   0   0   0   0   0   0   0   0   0   0   0   0   0   0  0.99 inf
   37 R   -2  6 -1 -2 -4  1  0 -3 -1 -3 -3  2 -2 -3 -2  0 -1 -3 -2 -3    0  93   0   0   0   0   0   0   0   0   0   0   0   0   0   5   0   0   0   0  0.87 inf
   38 V   -1 -3 -3 -4 -1 -3 -3 -4 -4  4  1 -3  1 -1 -3 -2 -1 -3 -2  4    0   0   0   0   0   0   0   0   0  48   3   0   0   0   0   0   0   0   0  49  0.44 inf
   39 E   -1  0 -1  1 -4  2  6 -3  0 -4 -3  0 -2 -4 -2 -1 -1 -3 -3 -3    0   0   0   0   0   0 100   0   0   0   0   0   0   0   0   0   0   0   0   0  0.93 inf
   40 I   -1 -3 -3 -4 -2 -3 -3 -4 -3  4  2 -3  3  0 -3 -3 -1 -3 -2  3    0   0   0   0   0   0   0   0   0  73   6   0  11   0   0   0   0   0   0   9  0.45 inf
   41 A    5 -2 -2 -2 -1 -1 -1  0 -2 -2 -2 -1 -1 -3 -1  1  0 -3 -2 -1  100   0   0   0   0   0   0   0   0   0   0   0   0   0   0   0   0   0   0   0  0.57 inf
   42 A    2 -1  2 -1  0  0 -1 -1  5 -2 -2 -1 -2 -2 -1  1  0 -3 -1 -2   37   0  12   0   2   1   0   0  28   0   0   1   0   0   1  15   2   0   0   0  0.30 inf
   43 T    2 -1  0 -1 -1  0 -1 -1  0 -1  0 -1  1 -2 -1  2  2 -2 -1  0   24   0   3   2   0   2   0   1   2   1  12   0   6   0   1  17  25   0   1   0  0.15 inf
   44 L   -2 -3 -4 -4 -2 -3 -3 -4 -3  1  5 -3  2  0 -3 -3 -2 -2 -1  1    0   0   0   0   0   0   0   0   0   0 100   0   0   0   0   0   0   0   0   0  0.60 inf
   45 E    0  0  2  2  3  2  1  0  1 -3 -3  0 -2 -3 -2  1  0 -3 -2 -2    3   3  17  12  14  16  11   8   5   0   0   0   0   0   0   9   1   0   0   0  0.26 inf
   46 L   -2 -3 -4 -4 -2 -3 -3 -4 -3  1  5 -3  2  0 -3 -3 -2 -2 -1  1    0   0   0   0   0   0   0   0   0   0 100   0   0   0   0   0   0   0   0   0  0.60 inf
   47 N   -1 -1  5  0 -2  0 -1 -1  1 -2 -3 -1 -2 -3 -2  2  3 -3 -2 -2    0   0  50   0   0   0   0   0   3   0   0   0   0   0   0  17  31   0   0   0  0.48 inf
   48 E   -1  0 -1  2 -4  2  6 -3 -1 -4 -3  1 -2 -4 -2 -1 -1 -3 -3 -3    0   0   0   5   0   0  93   0   0   0   0   2   0   0   0   0   0   0   0   0  0.87 inf
   49 T   -1  4  0 -2 -2  0 -1 -2 -1 -2 -2  1 -1 -3 -2  1  4 -3 -2 -1    0  43   0   0   0   2   0   0   0   0   0   0   0   0   0   3  52   0   0   0  0.46 inf
   50 Q   -1  1  0 -1 -3  6  1 -2  2 -3 -3  1 -1 -4 -2 -1 -1 -2 -2 -3    0   0   0   0   0  94   0   0   6   0   0   0   0   0   0   0   0   0   0   0  0.86 inf
   51 V   -1 -3 -3 -4 -1 -3 -3 -4 -4  4  1 -3  1 -1 -3 -2 -1 -3 -2  4    0   0   0   0   0   0   0   0   0  38   0   0   0   0   0   0   0   0   0  62  0.45 inf
   52 K   -1  2 -1 -1 -4  1  0 -2 -1 -3 -3  6 -2 -4 -1 -1 -1 -3 -2 -3    0   0   0   0   0   0   0   0   0   0   0 100   0   0   0   0   0   0   0   0  0.73 inf
   53 I   -2 -3 -4 -4 -2 -3 -4 -4 -4  5  1 -3  2  0 -3 -3 -1 -3 -2  2    0   0   0   0   0   0   0   0   0  91   0   0   5   0   0   0   0   0   0   4  0.53 inf
   54 W   -3 -3 -4 -5 -3 -3 -4 -3 -3 -3 -2 -4 -2  0 -4 -3 -3 12  2 -4    0   0   0   0   0   0   0   0   0   0   0   0   0   0   0   0   0 100   0   0  2.83 inf
   55 F   -3 -3 -4 -4 -3 -4 -4 -4 -2 -1  0 -4  0  7 -4 -3 -3  1  3 -1    0   0   0   0   0   0   0   0   0   0   0   0   0 100   0   0   0   0   0   0  1.04 inf
   56 Q   -1  1  0 -1 -4  7  2 -2  0 -3 -3  1 -1 -4 -2 -1 -1 -3 -2 -3    0   0   0   0   0 100   0   0   0   0   0   0   0   0   0   0   0   0   0   0  0.93 inf
   57 N   -2 -1  7  1 -3  0 -1 -1  0 -4 -4 -1 -3 -4 -3  0  0 -4 -3 -3    0   0 100   0   0   0   0   0   0   0   0   0   0   0   0   0   0   0   0   0  0.99 inf
   58 R   -2  6 -1 -2 -4  1  0 -3 -1 -4 -3  2 -2 -3 -3 -1 -2 -3 -2 -3    0 100   0   0   0   0   0   0   0   0   0   0   0   0   0   0   0   0   0   0  0.97 inf
   59 R   -2  6 -1 -2 -4  1  0 -3 -1 -4 -3  2 -2 -3 -3 -1 -2 -3 -2 -3    0 100   0   0   0   0   0   0   0   0   0   0   0   0   0   0   0   0   0   0  0.97 inf
   60 M   -1 -2 -3 -4 -2 -1 -3 -3 -2  1  2 -2  8  0 -3 -2 -1 -2 -2  0    0   0   0   0   0   0   0   0   0   0   0   0 100   0   0   0   0   0   0   0  0.73 inf
   61 K   -1  2 -1 -1 -4  1  0 -2 -1 -3 -3  5 -2 -4 -1 -1 -1 -3 -2 -3    0   2   0   0   0   0   0   0   0   0   0  98   0   0   0   0   0   0   0   0  0.69 inf
   62 Q   -2  0 -1 -2 -3  5  0 -3  1 -3 -2  0 -1  0 -2 -1 -2  8  2 -3    0   0   0   0   0  53   0   0   4   0   0   0   0   4   0   0   0  31   8   0  0.83 inf
   63 K   -1  2 -1 -1 -4  1  0 -2 -1 -3 -3  6 -2 -4 -1 -1 -1 -3 -2 -3    0   0   0   0   0   0   0   0   0   0   0 100   0   0   0   0   0   0   0   0  0.71 inf
   64 K   -1  2 -1 -1 -4  1  0 -2 -1 -3 -3  5 -2 -4 -1 -1 -1 -3 -2 -3    0   6   0   0   0   0   0   0   0   0   0  94   0   0   0   0   0   0   0   0  0.67 inf
   65 R   -2  4  0  3 -4  1  2 -2  1 -3 -2  1 -1 -3 -2 -1 -1 -3 -2 -3    0  45   0  25   0   5  19   0   3   0   2   0   1   0   0   0   0   0   0   0  0.47 inf
   66 E   -1  0  1  0 -3  2  3 -1  3 -2 -1  0  1 -2 -2  0  0 -3 -1 -2    0   0   9   1   0  13  38   2  15   1   6   0   7   0   0   1   5   0   1   0  0.29 inf
   67 R   -1  4 -1 -1 -4  2  0 -2 -1 -3 -3  4 -2 -3 -2 -1 -1 -3 -2 -3    0  35   0   0   0   5   0   0   0   0   0  61   0   0   0   0   0   0   0   0  0.61 inf
   68 E   -1  0  0  2 -4  3  5 -2  0 -3 -3  1 -2 -4 -1  0 -1 -3 -2 -3    0   0   0   6   0  12  82   0   0   0   0   0   0   0   0   0   0   0   0   0  0.73 inf

                      K         Lambda
Standard Ungapped    0.1304     0.3231
Standard Gapped      0.0488     0.2670
PSI Ungapped         0.1571     0.3082
PSI Gapped           0.0488     0.2670
