
Last position-specific scoring matrix computed, weighted observed percentages rounded down, information per position, and relative weight of gapless real matches to pseudocounts
           A  R  N  D  C  Q  E  G  H  I  L  K  M  F  P  S  T  W  Y  V   A   R   N   D   C   Q   E   G   H   I   L   K   M   F   P   S   T   W   Y   V
    1 T   -3 -4 -3 -4 -3 -3 -3 -4 -4 -3 -4 -3 -3 -5 -4 -1  8 -5 -4 -3    0   0   0   0   0   0   0   0   0   0   0   0   0   0   0   1  99   0   0   0  1.90 inf
    2 I   -4 -5 -5 -6 -4 -4 -5 -6 -5  6  0 -5  7 -2 -5 -4 -3 -5 -4  0    0   0   0   0   0   0   0   0   0  61   0   0  39   0   0   0   0   0   0   0  1.57 inf
    3 K   -3  1 -3 -3 -6 -1 -2 -4 -3 -5 -5  8 -4 -6 -4 -3 -3 -6 -4 -5    0   3   0   0   0   0   0   0   0   0   0  97   0   0   0   0   0   0   0   0  1.90 inf
    4 D   -4 -4 -1  8 -6 -2  0 -4 -4 -6 -6 -3 -6 -6 -4 -3 -4 -7 -6 -6    0   0   0  97   0   1   2   0   0   0   0   0   0   0   0   0   0   0   0   0  2.25 inf
    5 V   -3 -5 -5 -6 -3 -5 -5 -6 -6  4 -1 -5 -1 -3 -5 -4 -2 -5 -3  7    0   0   0   0   0   0   0   0   0  18   0   0   0   0   0   0   0   0   0  82  1.40 inf
    6 A    7 -4 -4 -4 -3 -3 -3 -2 -4 -4 -4 -3 -3 -5 -3 -1 -2 -5 -4 -3  100   0   0   0   0   0   0   0   0   0   0   0   0   0   0   0   0   0   0   0  1.65 inf
    7 K    2  5 -1 -3 -4 -1 -1 -3 -2 -4 -2  4 -3 -4 -3 -1 -2 -5 -4 -3   18  40   1   0   0   0   1   0   0   0   4  34   0   0   0   1   0   0   0   0  0.84 inf
    8 R   -3  2 -4 -4 -3 -1 -3 -5  1  1  4 -1  3 -1 -4 -3 -3 -2 -1 -1    0  15   0   0   0   2   1   0   4   6  55   2  10   1   0   0   0   0   2   1  0.58 inf
    9 A    7 -4 -4 -4 -3 -3 -3 -2 -4 -4 -4 -3 -3 -5 -3 -1 -2 -5 -4 -2   99   0   0   0   0   0   0   0   0   0   0   0   0   0   0   0   0   0   0   0  1.63 inf
   10 N   -2 -3  0 -2 -2  1 -3  7 -4 -6 -6 -1 -4 -5 -4 -1 -3 -5 -5 -5    0   0   4   1   1   7   1  80   0   0   0   4   0   0   0   2   0   0   0   0  1.43 inf
   11 V   -3 -5 -5 -6 -3 -5 -5 -6 -6  3 -1 -5 -1 -3 -5 -4 -2 -5 -4  7    0   0   0   0   0   0   0   0   0  11   0   0   0   0   0   0   0   0   0  89  1.50 inf
   12 S   -1 -3 -2 -3 -4 -3 -3 -3 -4 -5 -5 -3 -4 -5 -3  7 -1 -6 -4 -4    0   0   0   0   0   0   0   0   0   0   0   0   0   0   0 100   0   0   0   0  1.77 inf
   13 T   -2 -4 -3 -4 -3 -3 -3 -4 -3 -1 -2 -3 -3  0 -4 -1  7 -3  3  0    0   0   0   0   0   0   0   0   0   2   2   0   0   4   0   0  75   0  11   5  1.20 inf
   14 T   -2 -3 -2 -3 -3 -3 -3 -3 -4 -4 -4 -3 -3 -5 -3  5  6 -5 -4 -3    0   0   0   0   0   0   0   0   0   0   0   0   0   0   0  47  53   0   0   0  1.24 inf
   15 T   -3 -4 -3 -4 -4 -3 -4 -4 -5 -4 -4 -3 -3 -5 -4 -1  8 -5 -4 -3    0   0   0   0   0   0   0   0   0   0   0   0   0   0   0   0 100   0   0   0  2.03 inf
   16 V   -3 -5 -6 -6 -3 -5 -5 -6 -6  0 -2 -5 -2 -3 -5 -4 -3 -6 -4  7    0   0   0   0   0   0   0   0   0   0   0   0   0   0   0   0   0   0   0 100  1.80 inf
   17 S   -1 -4 -2 -3 -4 -3 -3 -3 -4 -5 -5 -3 -4 -5 -4  7 -1 -6 -5 -4    0   0   0   0   0   0   0   0   0   0   0   0   0   0   0 100   0   0   0   0  1.82 inf
   18 H   -5 -3 -2 -4 -6 -3 -3 -5 11 -7 -6 -4 -5 -4 -5 -4 -5 -5  0 -6    0   0   0   0   0   0   0   0  99   0   0   0   0   0   0   0   0   0   1   0  3.23 inf
   19 V   -2 -5 -6 -6 -3 -5 -5 -6 -6  0 -2 -5 -2 -3 -5 -4 -3 -6 -4  7    2   0   0   0   0   0   0   0   0   0   0   0   0   0   0   0   0   0   0  98  1.74 inf
   20 I   -3 -5 -5 -5 -3 -5 -5 -6 -5  6  3 -5  1 -2 -5 -4 -3 -4 -3  2    0   0   0   0   0   0   0   0   0  63  22   0   2   0   0   0   0   0   0  13  1.11 inf
   21 N   -4 -3  9 -1 -6 -3 -3 -3 -2 -6 -6 -3 -5 -6 -5 -2 -3 -7 -5 -6    0   0  99   0   0   0   0   0   0   0   0   0   0   0   0   1   0   0   0   0  2.43 inf
   22 K   -2  0  4  0 -5  0  0  0  0 -4 -5  5 -4 -5 -3 -2 -2 -5 -4 -4    1   2  25   3   0   3   3   7   2   1   0  54   0   0   0   0   0   0   0   0  0.88 inf
   23 T   -2 -3  3  1 -3 -3 -3 -3 -3 -3 -4 -3 -3 -5 -3  2  6 -5 -4 -3    0   1  12   6   0   0   0   0   0   0   0   0   0   0   0  12  69   0   0   0  1.17 inf
   24 R   -4  8 -3 -4 -6 -2 -3 -4 -3 -6 -5  0 -4 -6 -5 -3 -4 -5 -4 -5    0  98   0   0   0   0   0   1   0   0   0   0   0   0   0   0   0   0   0   0  2.25 inf
   25 F   -4 -3 -5 -5 -5 -4 -5 -5  2 -3 -2 -4 -3  8  3 -4 -4 -2  4 -3    0   2   0   0   0   0   0   0   5   0   0   0   0  65  15   0   0   0  12   1  1.52 inf
   26 V   -3 -5 -6 -6 -3 -5 -5 -6 -6  0 -2 -5 -2 -3 -5 -4 -3 -6 -4  7    0   0   0   0   0   0   0   0   0   0   0   0   0   0   0   0   0   0   0  99  1.80 inf
   27 A    3 -3 -1 -3 -3 -3 -3 -2 -3 -4 -4 -3 -4 -5 -3  6 -1 -5 -4 -3   29   0   2   0   0   0   0   0   0   0   0   0   0   0   0  69   0   0   0   0  1.18 inf
   28 E   -1 -2 -2  4 -5  0  6 -4 -2 -5 -5  0 -4 -5  0 -2 -2 -5 -4 -2    5   0   0  22   0   1  60   0   0   0   0   3   0   0   4   1   1   0   0   2  1.06 inf
   29 E    1 -1 -1  3 -4  0  4 -2 -2 -4 -4  0 -3 -5  1  0  0 -5 -4 -3   15   1   2  17   0   2  41   2   0   0   0   4   0   0   6   5   5   0   0   0  0.59 inf
   30 T    0 -4 -3 -4 -3 -3 -4 -1 -4  4 -1 -3 -1 -3 -4 -2  4 -4 -3  3    5   0   0   0   0   0   0   5   0  33   0   1   1   0   0   0  30   0   0  25  0.63 inf
   31 R    0  6 -2 -3 -4  2  0 -3 -2 -4 -4  2 -3 -4 -3  0  2 -4 -3 -3    6  47   0   0   0   8   3   0   0   0   0  13   0   0   0   8  15   0   0   1  0.77 inf
   32 N    1 -1  0  1 -4  2  4 -3 -2 -2  0  2 -2 -4 -3 -1 -1 -4 -3 -2   17   0   4   5   0   8  34   0   0   2  10  15   0   0   0   1   1   0   0   2  0.38 inf
   33 A    1  5 -2 -3 -5  0 -2 -4 -3 -4 -3  5 -3 -5 -3 -2 -2 -5 -4 -4   13  38   0   0   0   1   0   0   0   0   2  44   0   0   0   1   1   0   0   0  1.00 inf
   34 V   -3 -5 -6 -6 -3 -5 -5 -6 -6  2 -2 -5 -2 -3 -5 -4 -3 -6 -4  7    0   0   0   0   0   0   0   0   0   5   0   0   0   0   0   0   0   0   0  95  1.69 inf
   35 W   -3 -1  2 -1 -4  1  3 -4 -2 -2  0  0  4  0 -4 -2 -2  6 -2 -3    0   2  13   1   0   4  29   0   0   1  11   4  16   3   0   1   1  13   0   0  0.55 inf
   36 A    3  0  1  1 -3  2  2 -2  0 -3 -2  1 -2 -4 -2  0 -1 -4 -3 -2   38   4   6   7   0   9  12   1   2   0   4  10   0   0   0   4   2   0   0   0  0.33 inf
   37 A    6 -4 -4 -4 -3 -3 -3 -2 -4 -1 -3 -3 -3 -4 -3 -1 -2 -5 -4  1   87   0   0   0   0   0   0   1   0   2   0   0   0   0   0   1   0   0   0   9  1.33 inf
   38 I    1 -5 -5 -5 -3 -4 -5 -5 -5  6 -1 -4  0 -3 -4 -3 -2 -5 -3  5   11   0   0   0   0   0   0   0   0  49   0   0   2   0   0   0   0   0   0  39  1.02 inf
   39 K    1  2 -1  1 -4  1  2 -2 -1 -3 -3  4 -3 -4 -3 -1 -2 -4 -3 -2   17  11   2   8   0   6  13   2   1   1   1  34   0   0   0   2   1   0   0   3  0.42 inf
   40 E    1 -1 -2  1 -5  4  5 -4 -2 -5 -4 -1 -3 -5 -3 -1 -1 -5 -4 -3   10   2   0   7   0  21  50   0   0   0   0   0   0   0   0   3   4   0   0   1  0.87 inf
   41 L   -4 -5 -6 -6 -4 -5 -5 -6 -5 -1  6 -5  0 -2 -5 -5 -2 -4 -4 -2    0   0   0   0   0   0   0   0   0   0  99   0   0   0   0   0   1   0   0   0  1.60 inf
   42 H   -4 -1  7  2 -5 -2 -2  0  4 -6 -6 -2 -5 -5 -4 -2 -3 -6 -3 -5    0   3  68  10   0   1   0   5  10   0   0   1   0   0   0   1   0   0   0   0  1.43 inf
   43 Y   -5 -5 -5 -6 -6 -5 -5 -6 -1 -5 -4 -5 -4  0 -6 -5 -5 -1 10 -4    0   0   0   0   0   0   0   0   0   0   0   0   0   0   0   0   0   0 100   0  2.98 inf
   44 S    4 -1 -3 -3 -2 -1 -3 -2 -3 -1 -2 -2 -2 -3 -3  2  1 -4 -3  3   40   3   0   0   0   2   0   1   0   0   0   0   0   0   0  18  10   0   0  25  0.52 inf
   45 P   -4 -5 -5 -5 -6 -4 -4 -5 -5 -6 -6 -4 -6 -7  9 -4 -4 -7 -6 -6    0   0   0   0   0   0   0   0   0   0   0   0   0   0 100   0   0   0   0   0  3.12 inf
   46 S   -2 -3  2 -3 -4 -3 -3 -3 -3 -5 -5 -3 -4 -5 -4  7 -1 -6 -5 -5    0   0   7   0   0   0   0   0   0   0   0   0   0   0   0  93   0   0   0   0  1.65 inf
   47 A    6 -4 -4 -4 -3 -3 -3 -1 -4 -3 -1 -3 -3 -4 -3  0  0 -5 -3 -2   86   0   0   0   0   0   0   2   0   0   5   0   0   0   0   2   4   0   1   1  1.26 inf
   48 V   -3 -4 -5 -5 -3 -4 -5 -6 -5  2  3 -4  1 -2 -5 -4 -2 -4 -3  5    0   0   0   0   0   0   0   0   0   6  36   0   2   0   0   0   0   0   0  56  1.00 inf
   49 A    7 -4 -4 -5 -3 -3 -4 -2 -4 -4 -4 -3 -4 -5 -4 -1 -3 -5 -5 -3  100   0   0   0   0   0   0   0   0   0   0   0   0   0   0   0   0   0   0   0  1.75 inf
   50 R   -4  8 -3 -5 -7 -2 -3 -5 -3 -6 -5 -1 -4 -6 -5 -4 -4 -6 -5 -6    0 100   0   0   0   0   0   0   0   0   0   0   0   0   0   0   0   0   0   0  2.40 inf
   51 S   -2 -4 -2 -3 -4 -3 -3 -3 -4 -5 -6 -3 -4 -5 -4  7 -1 -6 -5 -5    0   0   0   0   0   0   0   0   0   0   0   0   0   0   0 100   0   0   0   0  1.90 inf
   52 L   -4 -5 -6 -6 -4 -5 -6 -6 -5 -1  6 -5  0  0 -6 -5 -4 -4 -3 -2    0   0   0   0   0   0   0   0   0   0  97   0   0   3   0   0   0   0   0   0  1.60 inf
   53 A   -3 -1 -3 -4 -6 -1 -2 -4 -4 -6 -5  8 -4 -6 -4 -3 -4 -6 -5 -5    0   0   0   0   0   0   0   0   0   0   0 100   0   0   0   0   0   0   0   0  2.10 inf
   54 V    1 -3 -2 -4  4 -2 -3 -1  0  2  1 -3  2 -2 -3 -1 -1 -4 -3  4   13   0   1   0  10   1   0   4   3   9  11   0   6   0   0   3   2   0   0  37  0.37 inf
   55 N   -3  1  7 -1 -5 -1 -2 -1 -2 -6 -5  4 -4 -5 -4 -2 -3 -6 -4 -5    0   7  59   1   0   1   0   4   0   0   0  28   0   0   0   1   0   0   0   0  1.28 inf
   56 H   -2  2  0 -2  0  3  2 -3  3 -4 -4 -1 -3 -4 -3  2  3 -4 -2 -2    1  12   4   0   2  16  11   0  10   0   0   0   0   0   0  14  28   0   1   1  0.50 inf
   57 T   -3 -4 -3 -4 -4 -4 -4 -4 -5 -4 -4 -4 -4 -5 -4  0  8 -5 -5 -3    0   0   0   0   0   0   0   0   0   0   0   0   0   0   0   4  96   0   0   0  2.00 inf
   58 K    0  5  1 -3 -4  0 -2 -3  2 -5 -4  5 -3 -5 -3  0 -2 -5 -3 -4   10  31   8   0   0   1   0   0   6   0   0  37   0   0   0   7   0   0   0   0  0.79 inf
   59 S   -2 -4 -3 -4 -3 -3 -3 -4 -4 -3 -4 -3 -3 -5 -4  3  7 -5 -4 -1    0   0   0   0   0   0   0   0   0   1   0   0   0   0   0  18  78   0   0   4  1.47 inf
   60 I   -4 -5 -6 -6 -4 -5 -6 -6 -6  7  2 -5 -1  1 -5 -5 -3 -5 -3  0    0   0   0   0   0   0   0   0   0  77  17   0   0   5   0   0   0   0   0   1  1.41 inf
   61 G   -3 -5 -3 -4 -5 -5 -5  7 -5 -7 -7 -4 -6 -6 -5 -3 -4 -5 -6 -6    0   0   0   0   0   0   0 100   0   0   0   0   0   0   0   0   0   0   0   0  2.29 inf
   62 L   -4 -5 -5 -6 -4 -4 -5 -6 -5 -1  3 -5 10 -3 -6 -5 -4 -4 -4 -1    0   0   0   0   0   0   0   0   0   0  25   0  72   0   0   0   0   0   0   2  2.03 inf
   63 L   -4 -5 -6 -6 -4 -5 -5 -6 -5  2  6 -5  1 -2 -5 -5 -3 -4 -3  0    0   0   0   0   0   0   0   0   0  10  84   0   2   0   0   0   0   0   0   4  1.30 inf
   64 A    0 -5 -5 -5 -3 -4 -5 -5 -5  3  0 -4 -1 -3 -5 -4 -2 -5 -3  6    8   0   0   0   0   0   0   0   0  19   6   0   0   0   0   0   0   0   0  67  1.10 inf
   65 T   -2 -4 -3 -4 -4 -4 -4 -4 -5 -4 -4 -3 -4 -5  4 -2  7 -6 -5 -3    1   0   0   0   0   0   0   0   0   0   0   0   0   0  20   0  78   0   0   0  1.67 inf
   66 S    2 -2  4  0 -3  1 -2 -3 -3 -3 -4  0 -3 -4 -3  2  4 -5 -4 -3   19   0  20   3   0   6   0   0   0   0   0   4   0   0   0  13  35   0   0   0  0.61 inf
   67 S   -1 -3  0 -3 -2 -3 -3 -1 -3 -5 -5 -3 -4 -5 -3  6  1 -5 -4 -3    2   0   4   0   0   0   0   4   0   0   0   0   0   0   0  81   8   0   0   1  1.31 inf
   68 E   -1 -2  3  0 -3 -1  2 -2 -2 -2 -1 -2  0 -2 -3  2  4 -4 -3 -1    3   1  15   3   0   0  16   1   0   1   7   0   2   1   0  17  30   0   0   2  0.41 inf
   69 A    1 -3  8 -2 -5 -3 -3 -3 -2 -6 -6 -3 -5 -6 -5 -1 -2 -6 -5 -5   14   0  83   0   0   0   0   0   0   0   0   0   0   0   0   1   2   0   0   0  1.88 inf
   70 A   -2 -5 -5 -5 -6 -4 -4 -5 -5 -6 -3 -4 -5 -6  9 -3 -4 -7 -6 -5    2   0   0   0   0   0   0   0   0   0   4   0   0   0  93   1   0   0   0   0  2.77 inf
   71 Y   -5 -5 -6 -6 -5 -5 -6 -6 -2 -3 -3 -5 -3  8 -6 -5 -5 -1  7 -4    0   0   0   0   0   0   0   0   0   0   0   0   0  62   0   0   0   0  38   0  2.15 inf
   72 F   -5 -6 -6 -6 -5 -6 -6 -6 -3 -3 -3 -6 -3  9 -7 -5 -5 -1  5 -4    0   0   0   0   0   0   0   0   0   0   0   0   0  81   0   0   0   0  19   0  2.30 inf
   73 A    6 -4 -3 -4 -3 -3 -3  1 -4 -4 -4 -3 -4 -5 -3  2 -2 -5 -4 -3   75   0   0   0   0   0   0  11   0   0   0   0   0   0   0  13   1   0   0   0  1.17 inf
   74 E   -4 -3 -3  0 -7 -1  8 -5 -3 -6 -6 -2 -5 -6 -4 -3 -4 -6 -5 -6    0   0   0   3   0   0  97   0   0   0   0   0   0   0   0   0   0   0   0   0  2.11 inf
   75 I   -3 -5 -5 -5 -3 -4 -5 -6 -5  4  3 -5  0 -2 -5 -4 -2 -5 -3  5    0   0   0   0   0   0   0   0   0  20  24   0   1   0   0   0   0   0   0  55  1.02 inf
   76 I    1 -4 -5 -5 -3 -4 -4 -5 -5  4 -1 -4  1 -3 -4 -3 -2 -5 -3  5   15   0   0   0   0   0   0   0   0  25   1   0   4   0   0   1   0   0   0  55  0.93 inf
   77 E   -2  5 -1  0 -5  2  1 -3  4 -5 -3  2 -3 -4 -3 -1 -2 -5 -3 -4    3  43   1   5   0   8   8   0  13   0   3  13   0   0   0   2   1   0   0   0  0.75 inf
   78 A    2 -4 -3 -4 -4 -4 -3  6  0 -3 -5 -4 -4 -5 -4  0 -3  2 -4 -4   16   0   0   0   0   0   1  70   3   2   0   0   0   0   0   5   0   3   0   0  1.29 inf
   79 V   -3 -5 -6 -6 -3 -5 -5 -6 -6  3 -1 -5 -2 -3 -5 -4 -3 -5 -4  7    0   0   0   0   0   0   0   0   0  16   1   0   0   0   0   0   0   0   0  82  1.52 inf
   80 E   -4 -3 -3  0 -7 -1  8 -5 -3 -6 -6 -2 -5 -6 -4 -3 -4 -6 -5 -6    0   0   0   3   0   0  97   0   0   0   0   0   0   0   0   0   0   0   0   0  2.11 inf
   81 K   -2  5  1  3 -5  2  2 -2 -1 -5 -4  1 -3 -5 -3  0 -2 -5 -4 -4    2  36   8  21   0  10  12   1   1   0   0   4   0   0   0   6   0   0   0   0  0.70 inf
   82 N   -1  2  0 -3  1  0 -3 -3  3 -3 -3 -2 -3  0 -4  3 -1 -2  6 -1    4  12   3   0   3   3   0   1   6   0   0   0   0   1   0  26   1   0  35   4  0.65 inf
   83 C   -1 -7 -6 -7 11 -6 -7 -6 -6 -5 -5 -6 -5 -6 -6 -4 -4 -6 -6 -4    4   0   0   0  96   0   0   0   0   0   0   0   0   0   0   0   0   0   0   0  3.55 inf
   84 F   -2 -3 -3 -4 -2 -1  2 -4  1 -4 -3 -4 -3  4 -5 -4 -4 -1  8 -4    4   1   1   0   1   2  15   1   2   0   0   0   0  20   0   0   0   0  54   0  1.33 inf
   85 Q    0  4 -1 -1 -5  3  4 -1  1 -5 -4  1 -3 -5 -3 -1 -2 -4 -3 -4    6  31   2   1   0  15  28   3   3   0   1   6   0   0   0   3   0   0   0   0  0.69 inf
   86 K    0  3  3 -2 -4  4  0 -3  3 -4 -2  2 -3 -4 -3 -2 -2 -4 -2 -4    8  19  16   0   0  26   3   0  10   0   4  13   0   0   0   0   0   0   1   0  0.59 inf
   87 G   -2 -5  1 -2 -5 -1 -4  7  1 -6 -6 -4 -5 -6 -5 -3 -4 -5 -5 -6    0   0   5   1   0   3   0  87   3   0   0   0   0   0   0   0   0   0   0   0  1.79 inf
   88 Y   -5 -5 -5 -7 -6 -5 -5 -6 -1 -5 -4 -5 -4  1 -6 -5 -5 -1 10 -4    0   0   0   0   0   0   0   0   0   0   0   0   0   3   0   0   0   0  97   0  2.93 inf
   89 T   -2 -3  5 -2  5 -2 -3 -3  1 -4 -4 -3 -4 -5 -4  4  3 -5 -4 -4    0   0  27   0  13   0   0   0   4   0   0   0   0   0   0  33  23   0   0   0  0.91 inf
   90 L   -4 -5 -6 -6 -4 -5 -5 -6 -5  0  6 -5  0 -2 -5 -5 -3 -4 -3  2    0   0   0   0   0   0   0   0   0   1  84   0   0   0   0   0   0   0   0  15  1.32 inf
   91 I   -4 -5 -6 -6 -4 -5 -5 -6 -5  7  0 -5  1  3 -5 -5 -3 -4 -3  2    0   0   0   0   0   0   0   0   0  70   2   0   3  12   0   0   0   0   0  13  1.30 inf
   92 L   -4 -5 -6 -6 -4 -5 -5 -6 -5  1  6 -5  0 -1 -5 -5 -4 -4 -3 -1    0   0   0   0   0   0   0   0   0   4  93   0   1   2   0   0   0   0   0   1  1.49 inf
   93 G   -1 -6 -5 -6 11 -6 -6  0 -6 -4 -4 -6 -4 -5 -6 -1 -4 -5 -5 -2    3   0   0   0  84   0   0   7   0   0   0   0   0   0   0   3   0   0   0   3  2.81 inf
   94 N   -4 -3  9 -2 -6 -3 -3 -3 -1 -6 -6 -3 -5 -6 -5 -2 -1 -7 -5 -6    0   0  94   0   0   0   0   0   1   0   0   0   0   0   0   1   4   0   0   0  2.32 inf
   95 A    0 -4 -2 -3  0 -3 -3 -4 -4 -3 -3 -3 -3 -5 -4  3  7 -5 -4 -3    5   0   0   0   1   0   0   0   0   1   1   0   0   0   0  23  70   0   0   0  1.32 inf
   96 W   -2 -2  0  4 -5  3  5  0  3 -5 -5 -2 -4 -5 -3 -2 -3  1 -2 -5    1   0   3  26   0  11  40   9   7   0   0   0   0   0   0   0   0   2   1   0  0.84 inf
   97 N   -3 -4  4  4 -5 -3 -2  6 -3 -6 -6 -3 -5 -6 -4 -2 -3 -5 -5 -5    0   0  20  22   0   0   1  57   0   0   0   0   0   0   0   0   0   0   0   0  1.28 inf
   98 N   -4 -3  5  6 -5  0  1 -3 -3 -2 -4 -2 -4 -5 -4 -1 -3 -6 -5 -4    0   0  30  53   0   4   6   0   0   4   1   0   0   0   0   2   0   0   0   0  1.23 inf
   99 L    1 -2  0 -2 -3 -1  1 -3  0  0  1 -2 -2 -2  5  0 -1 -3  1 -1   14   1   4   1   0   1   9   0   3   5  16   1   0   0  28   7   2   0   5   4  0.39 inf
  100 E    0  0  0  3 -2  3  5 -2  1 -3 -4  0 -3 -5 -1 -1 -1 -5 -4 -3    6   3   2  17   1  15  39   2   3   1   0   4   0   0   2   2   2   0   0   1  0.63 inf
  101 K   -3  6 -1 -3 -2 -1 -2 -4 -1 -5 -5  5 -4 -5 -4 -3 -2 -5 -4 -5    0  49   3   0   1   0   0   0   1   0   0  45   0   0   0   0   2   0   0   0  1.38 inf
  102 Q   -1 -2 -3 -4 -4  6 -2 -5 -3  1  2 -2  6 -3 -4 -3 -2 -4 -4 -1    5   0   0   0   0  42   0   0   0   7  16   0  27   0   0   0   1   0   0   2  0.97 inf
  103 R   -1  5  2 -1 -4  3 -1 -2  1 -4 -2  2 -3 -4 -3  0 -2 -4 -3 -3    4  36  12   2   0  14   1   1   3   0   3  15   0   0   0   6   0   0   0   1  0.59 inf
  104 A    1  2  2  2 -2  1  0 -2  3 -4 -4 -1 -3 -2 -3  2 -1 -4 -2 -2   17  14  13  14   1   6   4   1   8   0   0   0   0   2   0  17   1   0   1   2  0.33 inf
  105 Y   -3 -3  3 -3 -1 -3 -3 -3  5 -4 -4 -3 -4 -1 -5  3 -3 -2  7 -4    0   0  16   0   1   0   0   1  13   0   0   0   0   0   0  23   0   0  47   0  1.24 inf
  106 L   -4 -5 -6 -6 -3 -4 -5 -6 -5  3  5 -5  2 -1 -5 -5 -3 -4 -3 -1    0   0   0   0   0   0   0   0   0  19  73   0   5   2   0   0   0   0   0   1  1.17 inf
  107 S   -1  4  1  2 -5  2  3 -3 -2 -4 -4  0 -3 -5 -3  0 -2 -5 -4 -2    5  31   5  13   0  11  22   0   0   0   0   3   0   0   0   7   1   0   0   2  0.60 inf
  108 M   -2 -1 -3 -5 -4 -3 -4 -5 -4 -1 -1 -3  8 -3 -4 -2  4 -5 -4  3    1   3   1   0   0   0   0   0   0   0   0   0  41   0   0   0  34   0   0  21  1.15 inf
  109 M   -4 -5 -6 -6 -4 -5 -5 -6 -5 -1  6 -5  3 -2 -6 -5 -4 -4 -4 -2    0   0   0   0   0   0   0   0   0   0  93   0   7   0   0   0   0   0   0   0  1.56 inf
  110 A    3 -3 -3 -4 -3 -1 -3 -3 -4  2  4 -3  4 -2 -4 -1 -1 -4 -3  0   27   0   1   0   0   4   1   0   0  10  41   0  12   0   0   2   2   0   0   2  0.50 inf
  111 Q   -3  1 -2 -2 -6  6  5 -4  0 -5 -4  1 -3 -6 -4 -2 -3 -5 -4 -5    0   5   1   0   0  48  35   0   2   0   1   8   0   0   0   0   0   0   0   0  1.26 inf
  112 K   -4  2 -3 -4 -6 -1 -2 -4 -3 -6 -5  8 -4 -6 -4 -3 -3 -6 -5 -5    0   9   0   0   0   0   0   0   0   0   0  91   0   0   0   0   0   0   0   0  1.89 inf
  113 R   -4  8 -3 -4 -6  3 -3 -5 -3 -6 -5  0 -4 -6 -5 -3 -4 -6 -5 -5    0  87   0   0   0  12   0   0   0   0   0   1   0   0   0   0   0   0   0   0  2.04 inf
  114 V   -3 -5 -6 -6 -3 -5 -5 -6 -6  3 -2 -5 -2 -3 -5 -4 -3 -6 -4  7    0   0   0   0   0   0   0   0   0  14   0   0   0   0   0   0   0   0   0  86  1.60 inf
  115 D   -5 -5 -2  8 -7 -3 -1 -4 -4 -6 -7 -4 -6 -7 -5 -3 -4 -8 -6 -6    0   0   0 100   0   0   0   0   0   0   0   0   0   0   0   0   0   0   0   0  2.52 inf
  116 G   -3 -5 -3 -4 -5 -5 -5  7 -5 -7 -7 -4 -6 -6 -5 -3 -4 -5 -6 -6    0   0   0   0   0   0   0 100   0   0   0   0   0   0   0   0   0   0   0   0  2.31 inf
  117 L   -4 -5 -6 -6 -3 -4 -5 -6 -5  3  6 -5  2 -1 -5 -5 -3 -4 -3  0    0   0   0   0   0   0   0   0   0  13  79   0   4   1   0   0   0   0   0   4  1.21 inf
  118 L   -4 -5 -6 -6 -3 -5 -5 -6 -5  4  5 -5  1 -2 -5 -5 -3 -4 -3  0    0   0   0   0   0   0   0   0   0  30  65   0   2   0   0   0   0   0   0   3  1.15 inf
  119 V   -3 -4 -5 -5 -3 -4 -5 -5 -5  2  3 -4  2 -2 -5 -4 -2 -4 -3  5    0   0   0   0   0   0   0   0   0   9  36   0   6   0   0   0   0   0   0  49  0.94 inf
  120 M    0 -4 -5 -6 -4 -3 -5 -5 -4 -1  1 -4  9 -3 -5 -1 -2 -4 -4  1    9   0   0   0   0   0   0   0   0   0   7   0  69   0   0   4   2   0   0   9  1.63 inf
  121 C   -2 -5 -4 -5 10 -5 -5 -3 -5 -4 -4 -5 -4 -3 -5  3 -3 -5 -2 -4    2   0   0   0  69   0   0   2   0   0   1   0   0   1   0  24   1   0   1   0  2.26 inf
  122 S    2 -3 -2 -2 -3 -2 -3 -1 -3 -3 -4 -3 -3 -4 -3  5  4 -5 -4  0   15   0   0   1   0   0   0   3   0   0   0   0   0   0   0  49  25   0   0   7  0.77 inf
  123 E   -2 -3 -2  3 -5  0  5  3 -3 -5 -5 -2 -2 -5 -3  0  0 -5 -4 -4    2   0   0  20   0   1  45  20   0   0   0   0   1   0   0   5   5   0   0   0  0.81 inf
  124 Y    0 -2  0 -1 -2 -1 -1  1 -1  0  1 -2 -1 -1 -2  0  1 -2  3  0    8   0   4   2   0   2   3  13   1   4  20   0   0   0   1   8  11   0  18   4  0.14 inf
  125 P   -1  1  1  4 -4  1  2 -3  4 -4 -3 -1 -3 -3  2 -1  1 -4 -2 -3    3   7   5  26   0   7  13   1  12   0   2   1   0   1  11   1  10   0   0   1  0.48 inf
  126 E    0  0 -1  1 -1  3  2  1  0 -2 -1 -1 -1 -2 -1  1  0 -3 -2 -2    7   5   1   9   2  17  13  13   2   2   6   0   1   2   3   9   5   0   0   2  0.17 inf
  127 P    0 -1  1  2 -4  2  3 -1 -1 -3 -3 -1 -2 -4  3  0 -1 -2 -3 -2    6   2   5  12   0   9  25   5   1   1   1   2   0   0  18   6   3   0   0   3  0.42 inf
  128 L   -1  0 -2 -1 -3 -1 -2 -2 -1  0  3 -1  0  1 -2  2 -1 -3 -1  0    3   6   1   4   0   1   0   2   1   3  36   2   2   6   1  22   2   0   1   6  0.18 inf
  129 L    1  1 -1 -1 -1  0 -1 -2 -2  1  2  0  0  1  0 -1 -1 -3 -1  0   16   8   3   3   1   5   2   2   0   9  26   4   2   6   4   4   1   0   1   3  0.07 inf
  130 A    1 -1  1  3 -2  1  3  0 -1 -3 -2  0 -1 -4 -1  1  0 -4 -3 -3   11   2   5  22   1   6  23   5   0   0   4   3   2   0   2   9   4   0   0   1  0.33 inf
  131 M    0 -2 -2 -1 -2  1 -2  0 -2  2  1 -2  4 -1 -1  0  0 -3 -2  1    5   0   0   4   0   7   1   9   1  14  16   0  15   2   3   7   5   0   0   9  0.14 inf
  132 L   -3 -4 -5 -5 -3 -3 -5 -4 -4  1  5 -4  2  4 -5 -4 -3 -3 -1  0    1   0   0   0   0   1   0   1   0   6  62   0   5  18   0   0   1   0   1   4  0.88 inf
  133 E    1  0  1  2 -3  1  3 -1 -1 -2 -2  0 -1 -3 -2  1  0 -4 -3 -2   13   6   9  10   0   4  26   4   0   1   3   3   1   1   0  13   3   0   0   1  0.28 inf
  134 E    0  4  0  1 -1  0  1  1  0 -3 -2  1 -2 -3 -2  0 -1  1 -2 -3    8  30   3   8   1   2  10  11   2   1   2   7   0   0   0   8   3   2   0   0  0.30 inf
  135 Y   -1 -1  0 -3 -3  0 -2 -3  4 -2  0 -1 -1  2 -3 -1 -2 -1  6  1    3   3   5   1   0   3   1   1  13   1   9   4   1   5   1   3   1   0  34  11  0.49 inf
  136 R   -1  3 -2 -1 -3  0 -1 -2 -2 -1 -1  1 -2 -4  4  0  0 -4 -3 -1    5  24   1   2   0   2   2   3   0   3   7  10   0   0  26   8   4   0   0   4  0.46 inf
  137 H    0 -1  3  2 -2  0  0  0  2 -3 -2 -1 -2 -3  1  2  1 -3 -1 -2    7   3  14  16   0   2   5   4   6   1   2   1   0   1   6  20   9   0   1   1  0.27 inf
  138 I   -2 -4 -4 -5 -3 -4 -4 -5 -4  5  3 -4  2 -2 -4 -3  1 -4 -3  3    1   0   0   0   0   0   0   0   0  36  27   0   5   0   0   0  12   0   0  19  0.67 inf
  139 P   -4 -5 -5 -5 -6 -5 -4 -5 -6 -6 -6 -4 -6 -7  9 -4 -4 -7 -6 -6    0   0   0   0   0   0   0   0   0   0   0   0   0   0 100   0   0   0   0   0  3.16 inf
  140 M   -1 -3 -4 -4 -3 -1 -3 -4 -4  1  1 -1  7 -1 -4 -2  2 -4 -3  2    3   0   0   0   0   2   0   0   0   7  10   5  39   1   0   1  17   0   0  14  0.71 inf
  141 V   -3 -5 -6 -6 -4 -5 -5 -6 -6  0 -2 -5 -2 -4 -5 -5 -3 -6 -4  7    0   0   0   0   0   0   0   0   0   0   0   0   0   0   0   0   0   0   0 100  1.91 inf
  142 V   -3 -4 -5 -5 -3 -3 -5 -5 -5  4  1 -4  5 -2 -5 -4 -2 -4 -3  5    0   0   0   0   0   0   0   0   0  25   8   0  19   0   0   0   1   0   0  47  0.99 inf
  143 M   -3 -5 -5 -6 -4 -4 -5 -6 -5  0  0 -4  9 -2 -5 -4 -3 -5 -4  3    1   0   0   0   0   0   0   0   0   3   3   0  71   1   0   0   0   0   0  21  1.89 inf
  144 D   -5 -5 -2  8 -7 -3 -1 -4 -4 -6 -7 -4 -6 -7 -5 -3 -4 -7 -6 -6    0   0   0  99   0   0   1   0   0   0   0   0   0   0   0   0   0   0   0   0  2.48 inf
  145 W   -5  4 -6 -7 -2 -4 -5 -6 -5 -6 -4 -4 -5 -3 -7 -2 -5 12 -2 -6    0  22   0   0   1   0   0   0   0   0   1   0   0   0   0   3   0  73   0   0  3.19 inf
  146 G    1 -3 -1 -3 -3 -3 -1  5 -3 -4 -4 -3 -3 -3 -3  0 -2  6 -3 -4   14   0   2   1   0   0   5  54   0   0   1   1   0   0   0   8   1  11   0   1  0.92 inf
  147 E   -3 -3 -2 -2 -4  0  2 -4 -3 -2  0 -1 -2 -1  7 -2 -1 -5 -3 -3    0   1   2   1   0   5  13   0   0   2  11   3   0   2  53   1   3   0   1   1  1.10 inf
  148 A    0 -2  0  0 -2  0  1 -2 -1  1 -1 -1  2  3 -2  0  1 -2 -1  0   11   1   5   4   0   4  11   1   2   8   3   1   8  16   1   4  14   0   0   6  0.11 inf
  149 K   -1  0  0  3 -4  1  3  1  2 -4 -1  0 -3 -4 -1  1 -1 -4 -2 -3    3   4   4  20   0   6  25  11   6   0   6   3   0   0   2   9   1   0   0   0  0.35 inf
  150 A    0 -2 -1 -2  0 -2 -2  3 -2  0  0 -2 -1  2 -2  1 -1 -1 -1  0    8   1   2   1   2   1   1  26   0   6  13   1   0  13   1  13   1   1   1   7  0.18 inf
  151 D   -1 -2  2  4 -3  1  1  0 -2 -1 -2  0 -2 -3  2  0 -1 -3 -2 -1    2   1  10  27   0   7   6   7   0   3   4   4   1   1  12   7   1   0   1   6  0.30 inf
  152 F    1  0  0 -1 -1  0  0 -1  1 -1 -1  0 -1  2  0  0  0 -1  1  0   18   4   3   3   2   3   7   5   4   3   4   6   1  11   3   5   7   0   6   7  0.04 inf
  153 T    3 -3  0  1  4 -2 -2 -1 -3 -2 -3 -2 -2 -3 -2  2  3 -4 -2 -1   27   0   4   9  11   0   0   3   0   1   1   0   0   0   0  19  19   0   1   3  0.40 inf
  154 D   -4 -4  0  8 -6 -3 -1 -4 -4 -5 -1 -3 -1 -6 -4 -3 -4 -7 -6 -5    0   0   2  89   0   0   0   0   0   0   7   0   2   0   0   0   0   0   0   0  1.97 inf
  155 A   -1  2 -2 -3 -1 -1 -2 -4 -3  2  1  3  0 -2 -3 -1  0 -4 -3  2    2  12   1   0   1   1   0   0   0  11  17  29   1   1   0   2   4   0   0  16  0.29 inf
  156 V   -3  0 -5 -5 -2 -3 -5 -6 -5  7 -1 -4 -1 -3 -5 -4 -3 -5 -4  3    0   7   0   0   1   1   0   0   0  74   0   0   0   0   0   0   0   0   0  18  1.35 inf
  157 I   -2  0 -1 -2 -4  5  1 -4  1  3  0  0 -1  0 -4 -2 -3 -4  0 -1    2   3   2   1   0  40   7   0   3  21  10   4   0   4   0   0   0   0   3   1  0.54 inf
  158 D   -4 -4 -1  7 -6 -3  2 -3 -4  0 -5 -3 -5 -6 -4 -2 -1 -6 -5 -3    0   0   0  75   0   0  11   1   0   7   0   0   0   0   0   1   3   0   0   2  1.53 inf
  159 N   -2 -3  7  3 -5 -3 -2 -3  4 -6 -6 -3 -5 -5 -5 -1 -3 -6 -4 -5    3   0  69  15   0   0   0   0  11   0   0   0   0   0   0   1   0   0   0   0  1.62 inf
  160 A    2 -3 -1 -2 -2 -2 -1 -1  4 -4 -4 -2 -3 -4 -3  5 -1 -4 -3 -3   18   0   1   0   1   0   4   2  12   0   0   0   0   0   0  60   0   0   0   0  0.89 inf
  161 F   -2  0 -3 -2 -4 -1  4 -4  2 -1  2 -2  0  4 -4 -3 -2 -3  1 -1    3   5   0   0   0   1  34   0   5   2  23   0   3  20   0   0   1   0   4   2  0.46 inf
  162 E   -1  1 -1 -1 -3  3  2 -3  2 -1  2  0  0 -1 -3 -1 -1 -3 -1 -2    2   8   1   3   0  18  18   0   6   2  27   2   2   2   0   3   2   0   2   0  0.26 inf
  163 G   -3 -5 -3 -4 -5 -5 -5  7 -5 -7 -7 -4 -6 -6 -5 -3 -4 -5 -6 -6    0   0   0   0   0   0   0 100   0   0   0   0   0   0   0   0   0   0   0   0  2.31 inf
  164 G    2 -5 -3 -4 -4 -4 -4  7 -4 -6 -6 -4 -5 -6 -4 -2 -4 -5 -5 -5   20   0   0   0   0   0   0  79   0   0   0   0   0   0   0   1   0   0   0   0  1.66 inf
  165 Y   -4 -1 -4 -1 -5 -2  1 -5  1 -3 -2 -2 -3  0 -5 -3 -4  2  8 -4    0   4   0   4   0   1  10   0   2   1   3   2   0   1   0   0   0   2  70   0  1.58 inf
  166 M   -3 -4 -5 -6 -4 -3 -5 -6 -5  2  5 -4  6 -2 -5 -4 -3 -4 -3 -1    0   0   0   0   0   0   0   0   0  10  67   0  21   0   0   0   0   0   0   1  1.21 inf
  167 A    7 -4 -4 -5 -3 -4 -4 -2 -4 -4 -4 -4 -4 -5 -4 -2 -3 -5 -5 -2   98   0   0   0   0   0   0   1   0   0   0   0   0   0   0   0   0   0   0   1  1.73 inf
  168 G    0 -4 -3 -4 -4 -3 -4  1 -4 -3 -4 -3 -3 -5 -4 -1  7 -5 -4  0    5   0   0   0   0   0   0  10   0   1   0   0   0   0   0   0  80   0   0   5  1.40 inf
  169 R   -3  5  0 -2 -5  3  0 -4 -1 -5 -4  5 -3 -5 -4 -2 -2 -5 -4 -5    0  39   4   1   0  15   3   0   1   0   0  34   0   0   0   1   1   0   0   0  1.02 inf
  170 Y   -1 -3 -3 -5 -3 -2 -3 -5  9 -5 -5 -4 -3 -1 -5 -3 -2 -3  6 -5    4   0   0   0   1   1   0   0  56   0   0   0   0   1   0   1   3   0  33   0  1.97 inf
  171 L   -4 -5 -6 -6 -4 -5 -6 -6 -5 -1  6 -5  0  1 -6 -5 -4 -4 -3 -2    0   0   0   0   0   0   0   0   0   0  95   0   1   4   0   0   0   0   0   0  1.56 inf
  172 I   -4 -5 -6 -6 -4 -5 -6 -6 -6  7  3 -5 -1 -2 -5 -5 -3 -5 -4  1    0   0   0   0   0   0   0   0   0  69  28   0   0   0   0   0   0   0   0   3  1.35 inf
  173 E    0 -2 -1  5 -5  0  5 -3 -1 -5 -5 -1 -4 -5 -3  1 -2 -2 -4 -5    6   1   0  34   0   1  45   1   1   0   0   2   0   0   0   9   0   1   0   0  0.99 inf
  174 R    0  2  3 -2  2  2 -2 -3  1 -2  2  1 -1 -3 -3 -1 -2 -4 -2 -2    7  16  16   0   6  10   0   0   3   0  25  11   0   0   0   4   0   0   0   1  0.29 inf
  175 G   -3 -5 -3 -4 -5 -2 -5  7 -5 -7 -7 -4 -6 -6 -5 -3 -4 -5 -6 -6    0   0   0   0   0   2   0  98   0   0   0   0   0   0   0   0   0   0   0   0  2.22 inf
  176 H   -5 -4 -3 -5 -6 -3 -3 -5 10 -6 -5 -4 -5  1 -6 -4 -5 -4  4 -6    0   0   0   0   0   0   0   0  83   0   0   0   0   5   0   0   0   0  12   0  2.72 inf
  177 R   -2  5 -2 -3 -3  1 -1 -4  0 -4 -4  3 -1 -5 -2  0  3 -5 -4 -3    1  40   0   0   1   5   1   0   2   0   0  21   1   0   1   4  22   0   0   0  0.79 inf
  178 E   -1  3  1  4 -5  1  2 -3  2 -4 -4  2 -3 -4 -3 -1 -2 -5 -2 -4    5  19   6  28   0   6  10   0   6   0   0  16   0   0   0   2   0   0   1   1  0.57 inf
  179 I   -4 -6 -6 -6 -4 -6 -6 -7 -6  8 -1 -6 -2 -3 -6 -5 -3 -6 -4  1    0   0   0   0   0   0   0   0   0  97   1   0   0   0   0   0   0   0   0   2  2.03 inf
  180 G    5 -4 -3 -4 -3 -4 -4  5 -4 -4 -5 -3 -4 -5 -4 -2 -3 -5 -2 -3   52   0   0   0   0   0   0  45   0   0   0   0   0   0   0   0   0   0   1   1  1.20 inf
  181 V   -1 -6 -5 -6 10 -5 -6 -5 -4  2 -2 -5 -1 -2 -5 -3 -2 -5  0  1    4   0   0   0  64   0   0   0   0  13   3   0   1   1   0   0   1   0   3   9  1.90 inf
  182 I   -4 -5 -6 -6 -4 -5 -6 -6 -6  7  2 -5 -1 -3 -5 -5 -3 -5 -4  1    0   0   0   0   0   0   0   0   0  83  13   0   0   0   0   0   0   0   0   3  1.59 inf
  183 P    2 -3 -1 -3 -2 -3 -3  2 -3 -3 -4 -2 -2 -4  1  2  4 -5 -4 -3   21   0   2   0   0   0   0  13   0   0   0   0   0   0   8  17  38   0   0   0  0.62 inf
  184 G   -2 -5 -3 -4 -5 -5 -5  7 -5 -7 -7 -4 -6 -6 -5 -3 -4 -5 -6 -6    1   0   0   0   0   0   0  99   0   0   0   0   0   0   0   0   0   0   0   0  2.25 inf
  185 P   -3 -4  1 -2 -5  2  0 -4  2 -4 -5 -2 -4 -4  7 -2 -3 -6 -2 -4    0   0   6   2   0   9   7   0   6   0   0   1   0   1  64   1   0   0   1   1  1.60 inf
  186 L    1  0 -3 -3 -3  2 -2 -2 -1 -1  4 -1  1  0 -4 -1 -2 -3 -2 -1   12   4   0   1   0  11   2   2   1   1  51   2   3   4   0   3   1   0   0   2  0.38 inf
  187 E   -1 -1  1  4 -4  0  2  0  0 -1 -4  0 -3 -4 -3  1 -1 -4 -2 -2    3   2   7  33   0   2  15   7   2   4   0   7   0   0   0  11   2   0   1   3  0.43 inf
  188 R   -3  3 -2 -3 -5  0 -2 -4 -3 -3 -1  6 -3 -5 -3 -1  1 -5 -4 -3    0  16   0   0   0   1   0   0   0   1   6  60   0   0   0   2  11   0   0   2  0.97 inf
  189 N    1  0  2 -2 -3  0 -2 -2  2 -2 -1 -1  1 -3  1  2  3 -4 -1 -1    9   6  10   0   0   3   0   1   6   0   8   1   4   0   6  22  22   0   1   2  0.26 inf
  190 T    0 -3 -1 -3 -3  2 -2 -4 -1 -1  0 -2 -1 -4  4 -1  3 -4 -3  2    7   0   3   0   0  10   0   0   1   2   8   0   1   0  23   1  27   0   0  17  0.51 inf
  191 G    5 -4 -3 -4  4 -3 -3  1 -4 -4 -4 -3 -3 -4 -3  2  0 -5 -4 -3   57   0   0   0  10   0   0   9   0   0   0   0   0   0   0  18   6   0   0   0  0.87 inf
  192 A    0  3 -1 -1 -4  5  1 -1  0 -2 -2  2 -2 -3 -3  0 -1 -2 -2 -2    6  16   2   2   0  33   5   4   2   2   2  13   0   1   0   4   3   0   1   2  0.43 inf
  193 G   -1 -2  2 -1 -4  3  2  1  1 -2  0 -1  4 -3 -3 -1  0 -4 -3 -2    3   0  12   1   0  15  17   9   3   0  12   1  18   0   0   3   5   0   0   0  0.33 inf
  194 R   -5  8 -3 -5 -7 -2 -3 -5 -3 -6 -5 -1 -4 -6 -5 -4 -4 -6 -5 -6    0 100   0   0   0   0   0   0   0   0   0   0   0   0   0   0   0   0   0   0  2.45 inf
  195 L   -3 -1 -5 -5 -3 -2 -4 -5  0  2  4 -4  0  1 -5 -4 -3 -1  4  0    0   3   0   0   0   1   0   0   3  10  55   0   1   5   0   0   0   1  18   5  0.72 inf
  196 A    3 -1 -1  1 -3  3  4 -3  0 -3 -2  0 -3 -3 -3  0 -2 -4 -3 -3   32   1   2   7   0  13  29   0   2   1   3   4   0   1   0   4   0   0   0   1  0.48 inf
  197 G   -3 -5 -3 -4 -5 -5 -5  7 -5 -7 -7 -4 -6 -6 -5 -3 -4 -5 -6 -6    0   0   0   0   0   0   0 100   0   0   0   0   0   0   0   0   0   0   0   0  2.31 inf
  198 F   -5 -5 -5 -6 -3 -5 -5 -6 -1 -3 -3 -5 -3  7 -6 -5 -5  4  7 -2    0   0   0   0   0   0   0   0   0   0   0   0   0  45   0   0   0   5  47   2  1.94 inf
  199 M   -2  4 -2 -3 -1  1  0 -4  2  0  0  3  1 -3 -3 -2 -2 -4  0  0    0  29   1   0   1   6   3   0   5   5  11  24   5   0   0   0   1   0   3   5  0.41 inf
  200 K   -2  5  0  0 -5  3  0 -4  1 -5 -4  4 -1 -5 -3 -2 -1 -5 -3 -4    3  37   3   4   0  13   2   0   3   0   0  28   2   0   0   1   2   0   0   0  0.79 inf
  201 A    7 -4 -4 -5 -3 -4 -3 -3 -4 -4 -4 -3 -4 -5 -4 -1 -3 -5 -5 -3   98   0   0   0   0   0   1   0   0   0   0   0   0   0   0   1   0   0   0   0  1.72 inf
  202 M   -4 -4 -5 -6 -4 -4 -5 -6 -3  0  4 -4  8 -2 -5 -5 -3 -4 -4 -2    0   0   0   0   0   0   0   0   0   3  42   0  53   1   0   0   0   0   0   0  1.59 inf
  203 E    2  1  1 -1 -3  3  1 -1 -1 -2 -2  2 -2 -4 -2  0  0 -4 -3 -2   25   6   7   1   0  17  11   2   1   1   4  14   0   0   0   5   4   0   0   1  0.29 inf
  204 E   -2  1 -2  1 -6  2  6 -4 -1 -5 -5  0 -3 -6 -4 -2 -3 -5 -4 -5    3   6   1   7   0   9  70   1   1   0   0   3   0   0   0   0   0   0   0   0  1.26 inf
  205 A    6 -2 -2 -4 -2 -2 -3 -2  0 -4 -4 -3 -3 -3 -3  0 -2 -5 -2 -2   85   2   2   0   0   1   1   0   2   0   0   0   0   1   0   2   1   0   1   1  1.23 inf
  206 M   -2 -2  4  0 -4  0 -2  5  0 -5 -4  0 -2 -5 -4  0 -3 -5 -4 -4    1   1  21   3   0   3   2  53   2   0   1   7   1   0   0   5   0   0   0   1  0.87 inf
  207 I   -2 -4 -5 -5 -2 -3 -5 -5 -5  4  5 -4  0 -1 -5 -4 -2 -4 -2  2    1   0   0   0   1   1   0   0   0  24  57   0   1   1   0   0   1   0   1  13  0.88 inf
  208 K    1 -2  0  1 -3  0  2 -2 -2 -3 -3  0 -2 -4  4  0  2 -4 -3 -2   15   1   3   6   0   2  18   1   1   1   1   5   1   0  24   5  14   0   0   3  0.46 inf
  209 V   -1 -2 -3 -4 -3 -3 -2 -5 -4  4  1 -3  0  1 -1 -2 -1 -4 -2  4    3   2   1   0   0   0   3   0   0  32   9   0   2   5   4   1   1   0   1  35  0.52 inf
  210 P   -1  3  5  1 -3  0 -1 -2  1 -4 -2  0 -3 -4  3 -1 -2 -5 -3 -3    5  17  32   6   0   2   1   2   4   0   4   5   0   0  16   2   0   0   0   1  0.54 inf
  211 E    0 -2 -1  3 -4  1  3 -2 -2 -4 -4 -1 -4 -5  5  0 -2 -5 -4 -3    9   0   2  16   0   5  23   2   0   0   0   2   0   0  33   5   1   0   0   1  0.79 inf
  212 S    0 -1  2  3 -2  0  3  2  0 -4 -4  0 -3 -4 -3  0 -2 -5 -4 -4    7   3  13  19   1   3  24  18   2   0   0   4   0   0   0   4   1   0   0   0  0.47 inf
  213 W   -4  1 -6 -3 -3 -3 -5 -5 -2 -5 -2 -5 -3 -1 -6 -5 -5 11  5 -5    1   7   0   2   1   1   0   0   1   0   4   0   0   0   0   0   0  65  16   0  2.64 inf
  214 I   -2 -4 -4 -4 -3 -3  0 -5 -3  5  1 -4  1 -2 -4 -4 -2 -4 -3  3    2   0   0   0   0   1   9   0   0  50  13   0   4   0   0   0   1   0   0  21  0.74 inf
  215 V   -1 -3 -4 -4 -1  0 -3 -4 -4  3  2 -3  1  1 -4 -3 -2  2 -1  4    5   0   0   0   1   5   1   0   0  23  18   0   3   7   0   0   1   3   0  32  0.45 inf
  216 Q   -1  0 -1  0 -4  2  5 -4  2 -4 -4 -1 -3 -1 -3  0  0 -4  0 -3    3   4   1   3   0   9  54   0   5   1   0   0   0   3   0   7   5   0   3   1  0.73 inf
  217 G    0 -4 -1 -2  0 -3 -3  5 -4 -5 -5 -3 -4 -5 -4  4 -2 -5 -5 -4    6   0   1   1   2   0   0  54   0   0   0   0   0   0   0  36   1   0   0   0  1.13 inf
  218 D   -3 -3  3  6 -5 -2  1 -2  4 -5 -6 -2 -5 -2 -4 -2 -3 -6 -3 -5    1   0  13  60   0   0   7   3   9   0   0   1   0   3   0   2   0   0   0   0  1.21 inf
  219 F   -5 -6 -6 -7 -5 -6 -6 -6 -4 -3 -2 -6 -3  9 -7 -5 -5 -2  2 -4    0   0   0   0   0   0   0   0   0   0   1   0   0  95   0   0   0   0   3   0  2.56 inf
  220 E   -3 -3 -1  2 -5  0  6 -3  0 -5 -5 -2 -4 -5 -3  0  3 -5 -4 -4    0   0   1  10   0   1  60   1   2   0   0   0   0   0   0   7  18   0   0   0  1.06 inf
  221 P   -2 -4 -4 -4  7 -4 -4 -3 -4 -3 -2 -4 -3  5  3  2 -2 -3  1 -3    1   0   0   0  27   0   0   1   0   0   1   0   0  26  17  21   1   0   5   0  0.99 inf
  222 E    1 -1 -1  2 -4  2  5 -2 -2 -4 -3 -1 -3 -5  0  0  0 -5 -4 -3   10   2   2  13   0   9  43   2   0   0   2   0   0   0   4   6   5   0   0   1  0.57 inf
  223 S    0 -4 -2  0 -4 -3 -3  6 -4 -5 -5 -3 -4 -5 -4  2  1 -5 -5 -4    4   0   0   6   0   1   0  63   0   0   0   0   0   0   0  19   8   0   0   0  1.12 inf
  224 G    1 -5 -3 -4 -5 -4 -5  7 -5 -6 -6 -4 -5 -6 -5 -3 -4 -5 -6 -5    9   0   0   0   0   0   0  90   0   0   0   0   0   0   0   0   0   0   0   0  1.94 inf
  225 Y   -1 -3 -4 -5 -4 -3 -2 -5  2  0 -1 -1 -1  4 -5 -3 -3 -1  7  2    4   0   0   0   0   1   3   0   5   3   3   4   1  17   0   1   0   0  43  15  0.88 inf
  226 R    0  2  1  1 -4  2  3 -3  1 -2 -1  1 -2 -4 -3  0 -1 -4 -3 -2    9  13   7   9   0  12  26   0   3   1   7   6   0   0   0   4   2   0   0   2  0.31 inf
  227 A    6 -4 -4 -4  3 -2 -3  1 -4 -4 -4 -3 -3 -5 -3  0 -2 -5 -3 -3   76   0   0   0   7   1   0   9   0   0   0   0   0   0   0   6   1   0   1   0  1.13 inf
  228 M    3 -4 -5 -5 -4 -3 -4 -4 -4 -1  0 -4  9  3 -5 -3 -3 -4 -2 -2   25   0   0   0   0   0   0   0   0   1   4   0  57  11   0   0   0   0   1   1  1.37 inf
  229 Q    0  0  3  1 -2  3  1 -1  3 -3 -3  1 -2 -3 -3  0 -1 -4 -2 -2    7   4  19   7   1  21   8   4   8   0   1   7   0   0   0   5   2   0   1   4  0.33 inf
  230 Q    0  3  0 -2 -4  4  1 -2  0 -4 -4  4 -2 -4 -3 -1  0 -4 -1 -3    9  14   3   1   0  28   5   2   2   0   0  26   0   0   0   3   4   0   2   0  0.55 inf
  231 I   -3 -4 -5 -6 -3 -4 -5 -6 -5  4  5 -5  3  0 -5 -4 -3 -4 -2  0    0   0   0   0   0   0   0   0   0  25  63   0   7   3   0   0   0   0   0   2  1.03 inf
  232 L   -2 -4 -5 -5 -2 -2 -4 -5 -1  1  5 -3  1  1 -5 -4 -3 -3  0  0    2   0   0   0   1   2   0   0   1   4  77   1   1   4   0   1   1   0   2   3  0.95 inf
  233 S    4  0  0  0 -3  1  1 -1 -2 -3 -2  0 -2 -4 -3  1  0 -4 -3 -2   46   5   5   6   0   7   7   1   0   0   2   5   0   0   0   9   5   0   0   2  0.39 inf
  234 Q   -1  1 -1 -2 -1  4  0 -2  1 -1  2  0  2 -2 -3 -1  0 -2 -2 -1    4   9   2   0   1  23   3   1   4   2  26   5   8   0   0   3   5   0   0   1  0.25 inf
  235 P    0 -1  0  2 -4  0  1  2  0 -4 -4  1 -3 -4  3  0 -1 -4 -3 -3    5   1   4  11   0   4  12  20   3   0   1  13   0   0  18   6   2   0   0   1  0.40 inf
  236 H   -2  0  2  1 -2  2  2 -3  3 -4 -3  2 -3 -3  2  0  0 -4 -2 -3    1   4   9   8   1  12  17   0  10   0   1  11   0   0  12   7   5   0   0   1  0.38 inf
  237 R   -2  5 -3 -4 -4  0 -3 -4 -2 -3  2  0  0 -4  4 -3 -3 -4 -3 -3    3  44   0   0   0   2   0   0   1   0  22   4   2   0  20   0   0   0   1   0  0.81 inf
  238 P   -4 -5 -5 -5 -6 -4 -4 -5 -5 -6 -4 -4 -6 -7  9 -4 -4 -7 -6 -3    0   0   0   0   0   0   0   0   0   0   1   0   0   0  97   0   0   0   0   2  2.96 inf
  239 T   -2 -2 -2 -1 -3  1  0 -3  1 -3 -4 -2 -3 -5 -3  3  6 -5 -4 -3    0   1   0   2   0   7   4   0   3   0   0   1   0   0   0  28  53   0   0   0  0.92 inf
  240 A    7 -4 -4 -5 -3 -4 -4 -2 -4 -4 -4 -3 -4 -5 -4 -1 -3 -5 -5 -3   98   0   0   0   0   0   0   1   0   0   0   0   0   0   0   2   0   0   0   0  1.72 inf
  241 V   -3 -5 -5 -5 -3 -5 -5 -6 -5  5  1 -5  0 -3 -5 -4 -2 -5 -3  5    0   0   0   0   0   0   0   0   0  35  11   0   1   0   0   0   0   0   0  54  1.13 inf
  242 F   -5 -6 -6 -7 -6 -6 -6 -6 -4 -3 -3 -6 -3  9 -7 -6 -5 -2  0 -3    0   0   0   0   0   0   0   0   0   1   0   0   0  98   0   0   0   0   0   1  2.66 inf
  243 C    4 -4 -4 -5  7 -4 -4 -3 -5 -1 -3 -4 -2 -4 -4 -2  0 -5 -4  3   40   0   0   0  28   0   0   0   0   2   0   0   0   0   0   0   6   0   0  23  1.00 inf
  244 G   -1 -5 -3 -4  8 -4 -4  4 -4 -4 -4 -4 -1  3 -4  1 -2 -4 -3 -4    3   0   0   0  33   0   0  33   0   0   0   0   2  15   0  13   1   0   0   0  1.09 inf
  245 G   -4 -3  8 -1  0 -3 -3  1 -2 -6 -6 -3 -5 -6 -5  1 -3 -6 -5 -5    0   0  77   2   2   0   0   8   0   0   0   0   0   0   0  11   0   0   0   0  1.67 inf
  246 D   -5 -5 -2  8 -7 -3 -1 -4 -4 -6 -7 -4 -6 -7 -5 -3 -4 -8 -6 -6    0   0   0 100   0   0   0   0   0   0   0   0   0   0   0   0   0   0   0   0  2.52 inf
  247 I    2 -3 -4 -4 -3 -3 -3 -4 -4  2  1 -3  6 -2 -1 -1  1 -4 -3  1   20   0   0   0   0   0   0   0   0  12  12   0  29   0   2   4  10   0   0  10  0.51 inf
  248 M   -4 -5 -5 -6 -4 -3 -5 -6 -5  4 -1 -5 10 -3 -6 -4 -4 -5 -4 -1    0   0   0   0   0   0   0   0   0  20   1   0  77   0   0   0   0   0   0   1  2.20 inf
  249 A    6 -4 -4 -4 -3 -3 -4  2 -4 -4 -4 -3 -4 -5 -3 -1 -3 -5 -4 -2   85   0   0   0   0   0   0  13   0   0   0   0   0   0   0   1   0   0   0   1  1.39 inf
  250 M   -2 -4 -5 -5 -3 -4 -5 -5 -4  4  2 -4  6  1 -5 -4 -3 -4 -3  3    1   0   0   0   0   0   0   0   0  26  20   0  30   4   0   0   0   0   0  19  0.89 inf
  251 G   -1 -5 -3 -4 -5 -4 -5  7 -5 -6 -6 -4 -5 -6 -5 -2 -4 -5 -6 -6    4   0   0   0   0   0   0  95   0   0   0   0   0   0   0   1   0   0   0   0  2.09 inf
  252 A    5 -4 -4 -4 -3 -3 -4 -2 -4  0  0 -3  0 -3 -4 -2 -2 -5 -4  4   53   0   0   0   0   0   0   1   0   1   7   0   2   1   0   0   0   0   0  34  0.81 inf
  253 L   -4 -4 -5 -5 -4 -4 -5 -6 -3  5  3 -4  3 -1 -5 -4 -3 -2  5  0    0   0   0   0   0   0   0   0   0  42  24   0   6   0   0   0   0   0  27   0  1.02 inf
  254 C   -2  4  2 -3  5  4 -2 -3  2 -5 -4 -1 -3 -5 -4  3 -2 -5 -3 -4    1  23  11   0  12  22   0   0   6   0   0   0   0   0   0  24   0   0   0   0  0.73 inf
  255 A    6  0 -4 -4 -2 -3 -1 -2 -4 -3 -4 -2 -2 -4 -3 -1  0 -5 -4  0   77   5   0   0   0   0   3   0   0   0   0   1   1   0   0   2   6   0   0   5  1.02 inf
  256 A    5 -4 -4 -4 -3 -3 -4 -3 -4  2  2 -3 -1  0 -4 -2 -2 -4 -3  0   54   0   0   0   0   0   0   0   0  16  23   0   0   4   0   0   0   0   0   3  0.70 inf
  257 D    1 -1  1  1 -3  2 -1 -1  3 -3 -3 -2 -1  0 -3  0  0  5  3 -3   17   3   6   8   0  10   2   5  10   0   0   0   1   2   0   6   5  10  13   1  0.34 inf
  258 E   -3  1 -1  0 -6  5  5 -4  0 -5 -4  1 -2 -5 -3 -2 -3 -5 -4 -5    1   7   1   3   0  30  48   0   2   0   1   6   1   0   0   0   0   0   0   0  1.08 inf
  259 M    3  3 -1 -2 -2  1 -1 -3  2 -2  0  2  1 -3 -3  0 -1 -4 -3 -2   29  17   2   1   0   8   0   0   5   0  11  15   5   0   0   5   2   0   0   1  0.31 inf
  260 G   -2 -5  2 -2 -5 -4 -4  7 -3 -6 -6 -3 -5 -6 -5 -2 -4 -5 -5 -6    0   0  10   1   0   0   0  85   0   0   0   0   0   0   0   2   0   0   0   0  1.76 inf
  261 L   -3 -4 -5 -5 -3 -4 -5 -6 -5  4  5 -4  1 -1 -5 -4 -3 -4 -2  2    0   0   0   0   0   0   0   0   0  28  58   0   2   1   0   0   0   0   1  10  0.96 inf
  262 R   -2  6 -1 -2 -1  1 -2 -4  0 -2 -4  2 -3 -5 -3  2 -1 -5 -4 -3    2  53   2   2   1   6   0   0   2   2   0   8   0   0   1  16   2   0   0   1  0.82 inf
  263 V   -3 -5 -6 -6 -3 -5 -5 -6 -6  5 -1 -5 -1 -3 -5 -4 -3 -5 -4  6    0   0   0   0   0   0   0   0   0  34   0   0   0   0   0   0   0   0   0  66  1.41 inf
  264 P   -4 -5 -5 -5 -6 -4 -4 -4 -5 -6 -6 -4 -6 -7  9 -4 -4 -7 -6 -6    0   0   0   0   0   0   0   1   0   0   0   0   0   0  99   0   0   0   0   0  3.05 inf
  265 Q   -2  0  0  3 -5  5  3  0  0 -5 -4  0 -3 -5 -3 -1 -2 -5 -4 -4    1   3   3  19   0  36  23   7   2   0   0   2   0   0   0   3   1   0   0   0  0.76 inf
  266 D   -2 -3 -1  7 -6  2  2 -4  0 -6 -6 -2 -5 -6 -4 -3 -3 -6 -5 -5    2   0   0  76   0   8  11   0   2   0   0   0   0   0   0   0   0   0   0   0  1.62 inf
  267 V   -3 -4 -5 -5  0 -4 -5 -5 -5  5  4 -4  4 -1 -5 -4 -3 -4 -3  1    0   0   0   0   2   0   0   0   0  42  38   0  12   1   0   0   0   0   0   5  0.92 inf
  268 S    2 -3 -2 -3 -3 -3 -3 -3 -4 -5 -5 -3 -4 -5 -3  7 -1 -5 -4 -4   15   0   0   0   0   0   0   0   0   0   0   0   0   0   0  85   0   0   0   0  1.46 inf
  269 L   -3 -5 -5 -5 -3 -5 -5 -6 -5  5  0 -5  0 -3 -5 -4 -2 -5 -3  5    0   0   0   0   0   0   0   0   0  42   5   0   1   0   0   0   0   0   0  53  1.19 inf
  270 I   -3 -5 -6 -6 -3 -5 -5 -6 -6  7 -1 -5  2 -3 -5 -5 -3 -5 -4  3    0   0   0   0   0   0   0   0   0  76   0   0   6   0   0   0   0   0   0  18  1.45 inf
  271 G   -2 -5 -3 -4 -5 -5 -5  7 -5 -7 -7 -4 -5 -6 -5 -3 -4 -5 -6 -6    0   0   0   0   0   0   0 100   0   0   0   0   0   0   0   0   0   0   0   0  2.25 inf
  272 Y   -5 -5 -5 -6 -5 -5 -5 -6 -1 -4 -4 -5 -4  5 -6 -5 -5 -1  9 -4    0   0   0   0   0   0   0   0   0   0   0   0   0  19   0   0   0   0  81   0  2.41 inf
  273 D   -5 -5 -1  8 -7 -3 -1 -4 -4 -6 -7 -4 -6 -7 -4 -3 -4 -7 -6 -6    0   0   0 100   0   0   0   0   0   0   0   0   0   0   0   0   0   0   0   0  2.45 inf
  274 N   -4 -4  6  7 -6 -3 -1 -3 -3 -6 -6 -3 -5 -6 -4 -2 -3 -7 -5 -6    0   0  38  62   0   0   0   0   0   0   0   0   0   0   0   0   0   0   0   0  1.75 inf
  275 V   -3 -5 -6 -6 -2 -5 -6 -6 -6  7 -1 -5 -1 -3 -5 -5 -2 -5 -4  3    0   0   0   0   1   0   0   0   0  82   1   0   0   0   0   0   1   0   0  15  1.54 inf
  276 R   -1  2 -1  1 -5  3  4 -3  5 -3 -4  0 -1 -4  0 -1 -2 -4 -1 -4    4   9   0   7   0  13  36   0  16   1   0   2   1   0   4   1   2   0   1   0  0.63 inf
  277 N   -1 -3  1 -4 -3 -3 -4 -3 -1  2  4 -3  4 -1 -4 -1 -2 -3 -2 -1    4   0   7   0   0   0   0   2   1  12  54   0  13   1   0   5   0   0   1   1  0.57 inf
  278 A    5 -3 -3 -3 -1 -3 -3 -1 -4 -4 -4 -3 -3 -5 -3  4 -1 -5 -4 -3   64   0   0   0   1   0   0   2   0   0   0   0   0   0   0  33   1   0   0   0  1.07 inf
  279 R    0  6 -1 -3 -5  2  1 -2 -2 -5 -4  3 -3 -5  0 -1 -2 -5 -4 -4    9  48   1   0   0  11   7   2   0   0   0  14   0   0   4   3   0   0   0   0  0.79 inf
  280 Y   -5 -5 -5 -6 -5 -5 -5 -6 -1 -4 -3 -5 -3  6 -6 -5 -5 -1  9 -4    0   0   0   0   0   0   0   0   1   0   0   0   0  29   0   0   0   0  70   0  2.22 inf
  281 F   -3 -4 -4 -5 -1 -3 -4 -4 -3  1  2 -4  5  4 -4 -1  0 -2  2  2    0   0   0   0   1   0   0   0   0   4  17   0  24  24   0   4   7   0   6  13  0.59 inf
  282 T    1 -3  0 -3 -3 -2 -3 -3 -2 -1 -3 -2 -2 -1 -3  4  4 -3  4 -2   12   0   5   0   0   0   0   0   0   4   0   0   0   2   0  33  28   0  16   2  0.57 inf
  283 P   -4 -5 -5 -5 -6 -4 -4 -5 -5 -6 -6 -4 -6 -7  9 -4 -4 -7 -6 -6    0   0   0   0   0   0   0   0   0   0   0   0   0   0 100   0   0   0   0   0  3.11 inf
  284 A    3 -2 -4 -4 -4 -3 -3 -3 -4 -5 -5 -3 -4 -5  7  1 -3 -6 -5 -4   27   2   0   0   0   0   0   0   0   0   0   0   0   0  60  11   0   0   0   0  1.62 inf
  285 L   -4 -5 -6 -6 -4 -5 -5 -6 -5 -1  6 -5  0 -2 -5 -5 -4 -4 -4 -2    0   0   0   0   0   0   0   0   0   0 100   0   0   0   0   0   0   0   0   0  1.65 inf
  286 T   -2 -4 -2 -4 -4 -3 -3 -4 -4 -4 -4 -3 -3 -5 -4  2  7 -5 -4 -3    0   0   0   0   0   0   0   0   0   0   0   0   0   0   0  15  85   0   0   0  1.65 inf
  287 T   -3 -4 -3 -4 -4 -3 -4 -4 -5 -4 -4 -3 -3 -5 -4  0  8 -5 -4 -3    0   0   0   0   0   0   0   0   0   0   0   0   0   0   0   4  96   0   0   0  1.93 inf
  288 I   -3 -5 -5 -6 -3 -5 -5 -6 -6  6 -1 -5  0 -3 -5 -4 -3 -5 -4  4    0   0   0   0   0   0   0   0   0  65   0   0   1   0   0   0   0   0   0  34  1.37 inf
  289 H   -1 -1  1 -3 -3 -2 -2  2  9 -5 -5 -3 -4 -4 -4 -1 -4 -5 -1 -4    4   3   5   0   0   0   2  16  64   0   0   0   0   0   0   5   0   0   0   1  1.57 inf
  290 Q   -4 -2 -3 -3 -6  9 -1 -5  0 -6 -5 -2 -3 -6 -4 -3 -4 -5 -4 -5    0   0   0   0   0  98   0   0   2   0   0   0   0   0   0   0   0   0   0   0  2.41 inf
  291 P   -2 -4 -4 -4 -5 -4 -3 -4 -4 -5 -6 -3 -5 -6  8  3 -3 -6 -5 -5    1   0   0   0   0   0   0   0   0   0   0   0   0   0  75  25   0   0   0   0  2.15 inf
  292 K   -3 -1 -3 -3 -5 -1 -2 -4 -3  2 -2  7 -1 -5 -4 -3 -3 -5 -4 -2    0   0   0   0   0   1   0   0   0  13   2  80   1   0   0   0   1   0   0   2  1.33 inf
  293 D    1  2 -1  3 -3  0  2 -2  0 -2 -1 -1  0 -1 -3  0 -1 -3  2 -2   14  14   1  19   0   3  14   1   2   0   7   1   2   2   0   5   2   0   9   2  0.21 inf
  294 S   -1  5 -1 -1 -5  3  4 -4 -1 -5 -4  0 -3 -5 -3 -1 -2 -5 -4 -3    6  39   2   2   0  15  29   0   1   0   1   1   0   0   0   4   1   0   0   1  0.79 inf
  295 L   -4 -4 -6 -6 -3 -4 -5 -6 -5  1  6 -5  1 -1 -5 -5 -3 -4 -3  1    0   0   0   0   0   0   0   0   0   6  87   0   1   1   0   0   0   0   0   6  1.27 inf
  296 G    1 -5 -3 -4 -3 -4 -5  7 -5 -6 -6 -4 -5 -6 -5 -3 -4 -5 -6 -5    9   0   0   0   1   0   0  91   0   0   0   0   0   0   0   0   0   0   0   0  1.90 inf
  297 E    0  1 -2 -1 -4  3  4 -3 -1 -4 -3  4 -3 -5 -3 -1 -1 -4 -3 -2    9   6   0   0   0  12  38   0   1   0   1  27   0   0   0   0   2   0   0   3  0.68 inf
  298 T    1 -1  0 -3 -3  2 -2 -3 -3 -1  3  0  3 -2 -3 -1  2 -3 -3 -1   13   3   5   0   0  11   0   1   0   2  33   4  10   0   0   2  17   0   0   0  0.27 inf
  299 A    7 -4 -4 -4 -3 -3 -3 -2 -4 -4 -4 -3 -3 -5 -3 -1 -1 -5 -4 -3   97   0   0   0   0   0   0   0   0   0   0   0   0   0   0   0   3   0   0   0  1.60 inf
  300 F    2 -4 -4 -5 -3 -4 -4 -4 -4  3  0 -4 -1  3 -4 -3 -2 -3 -2  4   19   0   0   0   0   0   0   0   0  18   6   0   0  14   0   0   0   0   0  42  0.62 inf
  301 N   -1 -1  2  5 -5  2  4 -2 -1 -5 -5  0 -4 -5 -3  0 -1 -5 -4 -4    3   2   9  32   0   8  31   2   0   0   0   4   0   0   0   5   4   0   0   0  0.71 inf
  302 M    0 -1 -3 -4 -3  0 -3 -4 -2  1  2 -2  5 -2 -3 -1  4 -4 -3  1    8   3   0   0   0   4   0   0   1  10  19   1  18   0   0   0  29   0   0   6  0.42 inf
  303 L   -4 -5 -6 -6 -4 -5 -6 -6 -5  0  6 -5  0 -2 -6 -5 -4 -4 -4 -2    0   0   0   0   0   0   0   0   0   1  98   0   1   0   0   0   0   0   0   0  1.63 inf
  304 L   -3 -4 -5 -6 -3 -4 -5 -6 -5  3  5 -5  1  1 -5 -4 -3 -4 -3  0    0   0   0   0   0   0   0   0   0  18  70   0   2   6   0   0   0   0   0   3  1.05 inf
  305 D    1  1  0  2 -2  2  4 -3  3 -4 -4  0 -3 -3 -3  0 -2 -4  0 -3   12   9   3  14   1   7  31   1  10   0   1   3   0   0   0   4   1   0   4   0  0.45 inf
  306 R   -4  8 -3 -4 -6 -1 -3 -5 -1 -6 -5  2 -4 -6 -5 -3 -4 -6 -4 -5    0  89   0   0   0   1   0   0   1   0   0   8   0   0   0   0   0   0   0   0  2.03 inf
  307 I   -3 -5 -5 -6 -3 -4 -5 -6 -5  6  3 -5  4 -2 -5 -4 -3 -4 -3  1    0   0   0   0   0   0   0   0   0  63  22   0  11   0   0   0   0   0   0   4  1.19 inf
  308 V    1  1  1  1 -3  1  1  0  0 -2 -3  2 -2 -3 -2  0  0 -4 -3 -1   17   7   8  10   0   8   7   4   2   2   0  17   0   0   0   6   7   0   0   4  0.21 inf
  309 N   -1 -2  4  3 -3  1  1  1  2 -4 -4  0 -3 -3 -3  1  1 -4 -3 -4    3   0  25  17   0   7   6  10   6   0   0   5   0   1   0  10  10   0   0   0  0.45 inf
  310 K   -2 -1 -1 -2 -5 -1  0 -2 -1 -4 -4  4 -4 -5  6 -1 -2 -5 -4 -4    2   2   2   0   0   2   4   3   1   0   1  33   0   0  44   3   2   0   0   1  1.09 inf
  311 R   -1  3  1  2 -4  1  3  0  2 -4 -3  0 -2 -3 -2  1  0 -4 -2 -3    3  19   7  11   0   6  20   8   5   0   0   2   1   0   0   9   7   0   0   1  0.33 inf
  312 E    1  1 -1  0 -3  1  2 -1  2 -1  0  1 -1 -2 -2  0  0 -3 -1 -1   14   9   2   4   0   4  17   2   8   2  14   6   1   0   0   8   7   0   1   3  0.13 inf
  313 E    1 -2  0  2 -4  2  4 -2 -2 -4 -4  0 -3 -4  2  0 -1 -4 -3 -3   11   0   4  12   0   9  35   2   0   0   0   4   0   0  12   7   3   0   0   1  0.52 inf
  314 P    1  1  0 -1 -3  1 -1  0  0 -1 -2  0 -2 -2  4  0  0  0  1 -1   13   8   5   1   0   8   1   5   3   3   2   5   1   1  22   6   4   1   6   6  0.26 inf
  315 Q   -2  4 -1  0 -5  6  2 -4  0 -4 -3  2 -3 -5 -3 -2 -3 -4 -3 -3    1  26   2   5   0  39  13   0   2   0   2   8   0   0   0   1   0   0   0   2  0.84 inf
  316 S   -2  2 -2 -2 -2  2 -1 -4 -1  1  0  0  0 -2 -3  0  3 -4 -3  2    0  13   0   1   0  12   3   0   1   9   6   6   2   1   0   4  22   0   0  22  0.26 inf
  317 I   -3  2 -4 -4 -3 -3 -3 -5 -4  4  3 -3  1  2 -4 -3 -1 -3 -2  2    0  13   0   0   0   0   1   0   0  27  26   0   3  11   0   0   3   0   0  16  0.47 inf
  318 E   -2 -2 -2 -1 -3  3  3 -4 -1  2  0 -1  1 -3 -2 -2  0 -4 -3  2    0   0   0   2   0  14  28   0   1  12   9   2   3   0   1   0   6   0   0  20  0.35 inf
  319 V   -3 -4 -5 -5 -3 -4 -5 -5 -5  2  4 -4  4  0 -5 -4 -3 -4 -3  3    0   0   0   0   0   0   0   0   0   6  55   0  10   3   0   0   0   0   0  26  0.87 inf
  320 H    0 -2 -1  0 -4  2  3 -3  5 -3 -4  0 -3 -3  0 -1  3 -4 -1 -3    6   0   1   4   0   8  23   0  18   1   0   6   0   1   5   1  25   0   2   0  0.51 inf
  321 P   -4 -5 -5 -5 -6 -4 -4 -5 -5 -6 -5 -4 -6 -7  9 -4 -4 -7 -6 -6    0   0   0   0   0   0   0   0   0   0   1   0   0   0  99   0   0   0   0   0  3.09 inf
  322 R    0  2 -1  0  0  0  4 -3 -1 -2 -4  1 -3 -4 -3  1  2 -4 -3 -2    6  11   2   2   2   2  39   0   0   1   0   6   0   0   0  12  15   0   0   3  0.48 inf
  323 L   -4 -5 -6 -6 -1 -4 -5 -6 -5  3  6 -5  0 -2 -5 -5 -3 -4 -3  1    0   0   0   0   1   0   0   0   0  14  80   0   0   0   0   0   0   0   0   5  1.21 inf
  324 I   -3 -2 -5 -5 -2 -4 -5 -5 -5  4 -1 -3  1 -3 -5 -3 -2 -5 -3  6    0   3   0   0   0   0   0   0   0  23   0   2   4   0   0   1   1   0   0  65  1.06 inf
  325 E   -1 -3 -2 -2 -3 -1  4 -3 -3  2  1 -2 -1 -3 -3 -2 -1  0 -3  3    4   0   1   0   0   2  32   1   0  13  16   1   1   0   0   1   2   2   0  25  0.38 inf
  326 R   -4  8 -3 -5 -7 -2 -3 -5 -3 -6 -5 -1 -4 -6 -5 -4 -4 -6 -5 -6    0 100   0   0   0   0   0   0   0   0   0   0   0   0   0   0   0   0   0   0  2.42 inf
  327 R    0  2  1  2 -2  1  3  1  1 -4 -4  2 -2 -4 -3  1 -2 -4 -3 -3    7  12   5  11   1   5  23  10   3   0   0  13   1   0   0   8   0   0   0   0  0.36 inf
  328 S   -1 -4 -2 -3 -4 -3 -3 -3 -4 -5 -5 -3 -4 -5 -4  7  1 -6 -5 -4    0   0   0   0   0   0   0   0   0   0   0   0   0   0   0  93   6   0   0   0  1.68 inf
  329 V   -2 -4 -4 -5  1 -4 -4 -5 -5  1 -2 -4 -2 -3 -4 -2  3 -5 -4  6    0   0   0   0   3   0   0   0   0   4   0   0   0   0   0   1  23   0   0  69  1.09 inf
  330 A    4  1 -2 -3 -2 -1 -2  1 -3 -3 -3  4 -3 -4 -3  0 -1 -4 -4 -2   46   5   0   0   0   0   0   8   0   1   1  31   0   0   0   5   1   0   0   1  0.59 inf
  331 D   -2  0  4  4 -2  0  1 -3 -2 -4 -4 -1 -4 -5  5 -1 -2 -5 -4 -4    1   5  25  23   1   3   7   0   0   0   0   0   0   0  31   2   0   0   0   0  0.84 inf
  332 G    0  3 -1 -2 -3 -2 -2  4 -2 -3 -2 -1 -2  3 -3 -1 -2 -2 -1 -2    5  21   2   0   0   0   0  45   0   0   3   2   0  18   0   2   0   0   0   1  0.48 inf
  333 P    0 -3 -3 -3 -3 -2 -2 -3 -3 -2 -2 -2 -3 -4  8 -2 -1 -5 -4  1    5   0   0   0   0   0   0   0   0   0   2   0   0   0  76   0   1   0   0  16  1.64 inf
  334 F   -3 -3 -3 -3 -3 -3 -1 -4  1 -1  0 -3 -1  7 -4 -3 -3  0  4 -2    0   0   0   0   0   0   6   0   5   0   0   0   0  81   0   0   0   0   8   0  0.92 inf
  335 R    1  3  2  0 -2  0 -1 -2 -1  0 -1  1 -1 -2 -2  0 -1 -3 -2 -1   15  33  18   3   0   0   0   0   0  12   5   9   0   0   0   0   2   0   0   2  0.20 inf
  336 D   -2 -1  1  5 -4  2  2 -2  0 -4 -4  0 -3 -4  1 -1 -1 -4 -3 -3    0   0   2  61   0  14  14   0   2   0   0   0   0   0   7   0   0   0   0   0  0.74 inf
  337 Y   -1 -2 -3 -4 -3 -2 -3 -3  1 -2 -1 -2 -1  3 -4 -2 -2  1  8 -2    7   0   0   0   0   0   0   0   0   0   4   0   0   2   0   0   0   0  87   0  1.07 inf
  338 R   -2  7 -1 -2 -4  0 -1 -3 -1 -4 -3  2 -2 -4 -3 -1 -2 -3 -2 -3    0 100   0   0   0   0   0   0   0   0   0   0   0   0   0   0   0   0   0   0  1.11 inf

                      K         Lambda
Standard Ungapped    0.1340     0.3195
Standard Gapped      0.0616     0.2670
PSI Ungapped         0.2013     0.3137
PSI Gapped           0.0616     0.2670
