
Last position-specific scoring matrix computed, weighted observed percentages rounded down, information per position, and relative weight of gapless real matches to pseudocounts
           A  R  N  D  C  Q  E  G  H  I  L  K  M  F  P  S  T  W  Y  V   A   R   N   D   C   Q   E   G   H   I   L   K   M   F   P   S   T   W   Y   V
    1 M   -2 -2 -3 -4 -2 -1 -3 -4 -2  0  1 -2  8 -1 -3 -2 -2 -2 -2  0    0   0   0   0   0   0   0   0   0   0   0   0 100   0   0   0   0   0   0   0  1.06 inf
    2 E   -1  1 -1 -1 -4  1  3 -2 -1 -3 -3  5 -2 -4 -2 -1 -1 -4 -3 -3    0   0   0   0   0   0  20   0   0   0   0  80   0   0   0   0   0   0   0   0  0.71 inf
    3 V   -2 -3 -4 -4 -2  0 -3 -4 -4  6  1 -3  0 -1 -3 -3 -1 -3 -2  2    0   0   0   0   0   8   0   0   0  84   0   0   0   0   0   0   0   0   0   8  0.67 inf
    4 E    1 -1 -1 -1 -2  0  1  0  3  0  0  1 -1 -2 -1  1  0 -2 -1  1   10   1   1   1   0   1   9   9  14   1   8  12   0   1   1  11   1   0   0  20  0.07 inf
    5 K   -1  2 -1 -1 -4  4  1 -2  3 -4 -3  4 -2 -4  1 -1 -1 -3 -2 -3    0   6   0   0   0  34   7   0  10   0   0  35   0   0   8   0   0   0   0   0  0.55 inf
    6 E   -1 -1 -1  0 -3  1  3  1 -1 -2 -2 -1 -2  1 -2  0  3 -3 -1 -2    0   0   0   0   0   7  34  11   0   0   0   0   0   9   0   0  39   0   0   0  0.36 inf
    7 F   -2  0 -2 -2 -2 -1  0 -3  0  1 -1 -1 -1  3 -2 -2 -1  1  6 -1    2   8   1   1   0   1   7   1   0  12   2   1   0   9   1   1   1   0  49   1  0.44 inf
    8 I   -1 -3 -3 -3 -2 -3 -3 -3 -3  4  2 -3  1 -1 -3  0 -1 -3 -2  3    0   0   0   0   0   0   0   0   0  53  15   0   0   0   0  15   0   0   0  18  0.38 inf
    9 T   -1 -2 -2 -2 -2 -2 -2 -3 -1  1  2 -2  0  0 -2  2  1 -1  3  1    0   0   0   0   0   0   0   0   0   7  35   0   0   0   0  28   8   0  15   7  0.20 inf
   10 D   -1  2 -1  3 -2 -1  0 -2 -2  1  1  0  0 -2  2 -1 -1 -3 -2 -1    1  15   1  25   0   1   1   1   0  12  21   8   0   1  10   1   1   0   0   1  0.17 inf
   11 E    0 -1 -1  1 -2  1  2 -3 -1  2 -1  0 -1 -1 -2 -1 -1 -2  2  1    7   0   0  11   0   8  18   0   0  26   0   7   0   0   0   0   0   0  15   9  0.14 inf
   12 A    2 -1 -1 -2 -2 -1 -1  3 -2 -2 -2  1  1 -3 -2  3  0 -3 -3 -2   30   0   0   0   0   0   0  22   0   0   0  11   7   0   0  31   0   0   0   0  0.34 inf
   13 K   -1  1  1  1 -3  0  2 -3  2 -1 -2  3 -2 -3 -2 -1 -1 -4 -2  1    0   4   6   8   0   0  22   0   7   0   0  31   0   0   0   0   0   0   0  23  0.27 inf
   14 E   -1 -2  1  2 -3  0  3  4 -1 -3 -3 -1 -2  0 -2 -1 -2 -3 -2 -3    1   1   8  10   0   1  28  41   0   1   1   1   0   5   1   1   1   0   0   1  0.47 inf
   15 L    0 -1  1  1 -2  0 -1 -1 -2  1  0 -1  0 -2  2  1  0 -3 -2  0   10   1   8   7   0   6   1   4   0  16  14   1   0   0  11  18   1   0   0   1  0.11 inf
   16 L   -3 -2 -4 -4 -3 -3 -3 -4 -3  1  3  0  2  6 -4 -3 -2 -1  1 -1    0   0   0   0   0   0   0   0   0   5  31   9   7  48   0   0   0   0   0   0  0.61 inf
   17 S    1  1 -1 -1 -2  0  2 -2 -1 -2 -2  0 -2 -3  3  1  0 -3 -2 -1   17  12   0   1   0   0  20   1   0   1   1   1   0   0  17  17   5   0   0   5  0.32 inf
   18 K   -1  1  3  0 -3  3  3 -2 -1 -3 -3  3 -2 -4 -2  0  1 -4 -3 -3    0   5  18   0   0  17  22   0   0   0   0  22   0   0   0   5  11   0   0   0  0.45 inf
   19 D   -1 -1  0  1  2 -1 -1 -2  3 -3 -3  1 -2 -3 -2  4  2 -4 -2 -2    0   0   0  10   6   0   0   0  11   0   0   9   0   0   0  48  17   0   0   0  0.46 inf
   20 K    1  0  0  1 -3  1  2  1 -2 -3 -2  0 -2 -3  4 -1 -1 -3 -3 -2   17   5   2  10   0   5  16  12   0   0   5   5   0   0  20   0   0   0   0   0  0.33 inf
   21 L    0  0 -1  3 -3  0  2 -1 -2  0 -1  1 -1  1 -2 -1  0 -3 -1  0    6   5   0  21   0   0  21   3   0   8   5  11   0   9   0   0   4   0   0   6  0.15 inf
   22 I   -1 -4 -4 -5 -3 -3 -4 -4 -3  3  0 -4 -1  2 -4 -3 -3 10  3  0    6   0   0   0   0   0   0   0   0  26   4   0   0   6   0   0   0  43  11   4  1.28 inf
   23 Q   -1  0  2  1 -3  1  1 -1 -1 -3 -3  3 -2 -4  1  1 -1 -4 -3 -1    0   0   9   8   0   5   9   3   0   0   0  35   0   0   7  17   0   0   0   6  0.33 inf
   24 Q   -1  0  1 -1 -3  2  2 -2 -1  1 -1  0  0 -2  1  0  0 -3  0  0    4   5   9   0   0  16  18   0   0  16   0   0   3   0   8   5   8   0   5   3  0.17 inf
   25 A    2 -3 -3 -3 -2 -3 -3  0 -3  4  2 -3  0 -1 -3  0 -1 -3 -2  1   26   0   0   0   0   0   0   7   0  38  21   0   0   0   0   5   0   0   0   3  0.29 inf
   26 Y   -2  4 -2 -3 -3  1 -1 -4 -1 -2  0  1  1  1 -3 -2 -2 -1  5 -2    0  30   0   0   0   9   0   0   0   0  12   8   6   5   0   0   0   0  30   0  0.48 inf
   27 N    1  0  2  2 -3  1  2 -2  3 -3 -3  0 -2 -3 -2  1  0 -4 -2 -2   17   4  11  15   0   6  16   0  10   0   0   4   0   0   0  12   5   0   0   0  0.31 inf
   28 E   -2 -1 -1  3 -4  2  4 -1  3 -4 -3 -1  1 -3 -2 -1 -2 -3  0 -3    0   0   0  20   0   8  46   5  11   0   0   0   5   0   0   0   0   0   4   0  0.61 inf
   29 V   -2 -4 -4 -4 -2 -3 -4 -5 -4  4  2 -3  0 -1 -4 -3 -1 -3 -2  4    0   0   0   0   0   0   0   0   0  35  25   0   0   0   0   0   0   0   0  40  0.63 inf
   30 K    0  1 -2 -2 -3  0  1 -3  1  2  1  0  0 -1 -3 -2 -1 -3  0  0    9  13   0   0   0   3  16   0   4  28  17   5   0   0   0   0   0   0   4   0  0.15 inf
   31 T    0  0  2  3 -3  2  1 -2  1 -2 -3  0 -2 -2 -2  0  1 -2  2 -2   13   3  10  24   0  13   7   0   4   3   0   5   0   0   0   0   9   0  11   0  0.26 inf
   32 S    3 -2 -2 -2 -2 -1  1 -1 -2 -1 -1 -1 -1 -3 -2  3  0 -4 -3  1   39   0   0   0   0   0   9   0   0   0   5   0   0   0   0  32   0   0   0  15  0.35 inf
   33 I   -2 -4 -4 -4  4 -4 -4 -5 -4  5  0 -4  0 -2 -4 -3  0 -4 -3  3    0   0   0   0  11   0   0   0   0  67   0   0   0   0   0   0   6   0   0  16  0.75 inf
   34 C    0  1 -1  0  1  2  1 -2 -1 -1  0  2 -1 -2 -2  0 -1 -2  1 -1   12   7   0   3   5  16  10   0   0   6   8  19   0   0   0   7   0   0   6   0  0.16 inf
   35 S    1 -1  2  1 -2  0  1  0 -1 -2 -1  1  0 -3 -2  1  1 -3 -2 -2   11   0  16   7   0   0  11   5   0   0  10  12   4   0   0  17   7   0   0   0  0.17 inf
   36 P   -2 -3  0 -3 -2 -2 -3 -4 -3  3  1 -3  3 -1  0 -2  1 -3 -2  3    0   0   6   0   0   0   0   0   0  32   8   0  14   0   5   0  11   0   0  23  0.34 inf
   37 I    0  1 -1  0 -2  2  1 -2 -1  0 -2  0 -1 -2  2  0  0 -2  1  1    8  13   0   5   0  11  10   0   0   5   0   0   0   0  11   7   6   0   7  18  0.15 inf
   38 W   -3 -3  0 -4 -4 -2 -3 -4  5 -3  0 -3 -2 -1 -4 -3  0 10  2 -3    0   0   6   0   0   0   0   0  19   0  11   0   0   0   0   0   6  53   5   0  1.64 inf
   39 P   -2 -4 -4 -3 -5 -3 -3 -4 -4 -5 -5 -3 -4 -5  8 -2 -3 -6 -5 -4    0   0   0   0   0   0   0   0   0   0   0   0   0   0 100   0   0   0   0   0  2.69 inf
   40 A    0 -1 -2  1 -2 -1  1 -2 -2 -1 -1 -1 -1 -3  5 -1  0 -3 -3  2   10   3   0   9   0   0  13   0   0   0   4   0   0   0  30   0   4   0   0  24  0.43 inf
   41 T   -1  0  2  2 -3 -2 -2  4 -1 -4 -4  0 -3 -2 -3 -1  0 -3  2 -3    0   7  13  12   0   0   0  48   0   0   0   4   0   0   0   0   5   0  11   0  0.55 inf
   42 S    2  0  2 -1 -2  0  1  0 -1 -3 -3  1 -2 -3 -2  3  1 -4 -3 -2   19   4  14   0   0   0  13   4   0   0   0   6   0   0   0  29   9   0   0   0  0.32 inf
   43 K    0 -2  1  4 -3 -1 -1  4 -2 -4 -4  0 -3 -4 -2  1 -2 -4 -4 -4    4   0   3  39   0   0   0  36   0   0   0   5   0   0   0  13   0   0   0   0  0.67 inf
   44 T    0  1  1 -1 -2  0  1  1 -1  0 -1  2 -1 -3 -2  1  0 -3 -2 -1    5   5   9   0   0   0   7  12   0  10   5  26   0   0   0  10   5   0   0   4  0.14 inf
   45 F   -3 -3 -4 -4 -3 -4 -4 -4 -2 -1 -1 -4 -1  8 -4 -3 -3  0  2 -2    1   1   0   1   0   0   1   1   0   1   1   1   0  90   1   1   1   0   0   1  1.45 inf
   46 T    0 -2 -1 -2 -2 -1 -2 -2  1  2  0 -2 -1 -1 -2  0  3 -2  2  0   10   1   0   1   0   0   1   1   5  18   8   1   0   0   1   5  34   0  11   4  0.20 inf
   47 I   -2 -3 -3 -3 -2 -3 -3 -4 -3  4  3 -3  1 -1 -3 -3 -1 -3 -2  2    1   1   0   1   0   0   1   1   0  49  35   1   0   0   1   1   1   0   0   8  0.52 inf
   48 N   -2 -2  5 -1 -4 -2 -2 -2  3 -3 -3 -2 -3  1 -3  1 -1 -1  5 -3    0   0  48   0   0   0   0   0   6   0   0   0   0   5   0  11   0   0  30   0  0.79 inf
   49 N    0 -2  0  0 -4 -2 -2 -1 -3 -4 -4  1 -3 -4  7 -1  1 -5 -4 -3    6   0   5   6   0   0   0   5   0   0   0  11   0   0  58   0   8   0   0   0  1.16 inf
   50 T   -1 -1 -1  1 -2  0  1  1 -2  0 -2  2 -1 -2 -2  0  2 -3 -2  1    1   1   1   9   0   1  10  15   0   5   1  18   0   0   1   1  24   0   0  13  0.16 inf
   51 E   -1  3  0  1 -3  2  2 -2 -1 -3 -3  2 -2 -3 -2  1 -1 -3 -2 -2    1  21   1   5   0  11  20   1   0   1   1  19   0   1   1  15   1   0   0   1  0.38 inf
   52 K   -2  2 -1 -2 -4  0  1  0 -2 -4 -4  6 -3 -4 -2 -1 -2 -4 -3 -4    0   8   0   0   0   0   7   9   0   0   0  76   0   0   0   0   0   0   0   0  0.88 inf
   53 N   -1 -1  3 -1 -2  0 -1  3  4 -2 -2  1  0 -2 -2 -1 -1 -2 -1 -2    2   1  20   1   1   1   2  25  19   1   2  11   6   1   1   2   2   0   1   2  0.30 inf
   54 C    0 -2  1 -2  4 -2  0  5 -2 -4 -4  1 -3 -4 -3 -1 -2 -4 -4 -3    5   0   8   0  11   0   7  57   0   0   0  11   0   0   0   0   0   0   0   0  0.73 inf
   55 N   -3 -2  7  2 -4 -1 -1 -2 -1 -5 -5  1 -4 -5 -3 -1 -2 -5 -4 -4    0   0  81  11   0   0   0   0   0   0   0   8   0   0   0   0   0   0   0   0  1.28 inf
   56 G   -1 -3 -2 -3 -4  1 -3  6 -3 -3 -4 -2 -3 -4 -3 -2 -2 -4 -4  0    0   0   0   0   0   8   0  81   0   0   0   0   0   0   0   0   0   0   0  11  1.14 inf
   57 V   -1 -4 -4 -4 -2 -3  0 -4 -4  3  0 -3  0 -2 -4 -3 -1 -4 -2  6    0   0   0   0   0   0   8   0   0  11   0   0   0   0   0   0   0   0   0  81  0.79 inf
   58 V   -2  0  1 -2 -3  2 -1 -3 -2 -1 -2  5 -2 -3 -2 -1  0 -4 -3  2    0   0   7   0   0  11   0   0   0   0   0  55   0   0   0   0   4   0   0  23  0.50 inf
   59 P   -2 -3 -3 -3 -4  2 -2 -4 -3 -3 -1 -2 -3 -4  8 -2 -2 -5 -4 -1    0   0   0   0   0  11   0   0   0   0   8   0   0   0  76   0   0   0   0   5  1.73 inf
   60 I   -3 -4 -5 -5 -2 -4 -5 -5 -5  6  1 -4  0 -1 -4 -4 -2 -4 -3  2    0   0   0   0   0   0   0   0   0  85   8   0   0   0   0   0   0   0   0   6  1.01 inf
   61 K   -2  2 -2 -2 -4  0 -1 -3 -2 -3 -3  6  2 -3 -2 -1  0 -3  1 -3    0   7   0   0   0   0   0   0   0   0   0  70   9   0   0   0   8   0   6   0  0.75 inf
   62 E   -1 -1  3  3 -4  0  4 -2 -1 -4 -4  1 -3 -3 -2 -1  0 -3  1 -3    3   0  17  21   0   0  39   0   0   0   0   7   0   0   0   0   7   0   6   0  0.54 inf
   63 L    2  0  0  0 -2  1  0  1 -2 -1 -1 -1 -1 -3 -2  2  1 -3 -2 -1   26   6   3   6   0   8   4  10   0   5   4   0   0   0   0  19   9   0   0   0  0.18 inf
   64 C   -2 -4 -4 -5  8 -4 -4 -2 -2 -2  0 -4 -2  5 -4 -3 -3 -1  3 -2    0   0   0   0  43   0   0   3   0   0   9   0   0  32   0   0   0   0  13   0  1.10 inf
   65 Y    0 -2 -3 -3 -3  1  1 -3 -2  1  0 -2  6  2 -3 -2 -2 -2  2  0    7   0   0   0   0   7  14   0   0  12   0   0  37   9   0   0   0   0  10   4  0.38 inf
   66 T    1  2 -1  0 -2  2  0 -2 -1  0 -2  1  1 -3 -2  1  1 -3 -2 -1   18  18   0   3   0  12   4   0   0  12   0   4   5   0   0  15   9   0   0   0  0.18 inf
   67 L    0  1  2 -2 -3 -1 -1  0  4  0  0 -1 -1 -2  1 -1  0 -3  1 -1   12  13  15   0   0   0   0   7  17   6  13   0   0   0   6   0   7   0   4   0  0.16 inf
   68 L   -2 -3 -4 -4 -2 -3 -4 -4 -4  1  5 -3  3 -1 -4 -3 -2 -3 -2  0    0   0   0   0   0   0   0   0   0   5  82   0   9   0   0   0   0   0   0   0  0.80 inf
   69 E   -1  2  1  1 -3  1  2 -2  1 -1 -1  2 -1  1 -2 -1 -1 -2 -1 -2    4  14   7   9   0   5  14   1   5   5   5  18   0   9   1   1   1   0   0   1  0.16 inf
   70 D   -2 -1  1  4 -3  3  2  0 -1 -1 -1  1 -1 -3 -2 -1 -1 -3 -2 -2    1   0   8  29   0  19  10   5   0   4   9  11   0   0   0   1   0   0   0   1  0.32 inf
   71 T   -1  1  2  2 -3  1  1 -2 -1 -2 -2  2 -2 -3  0  1  1 -3 -2 -2    0   5  14  13   0   6   4   0   0   0   4  24   0   0   5  12  12   0   0   0  0.26 inf
   72 Y   -1 -1  0 -1 -2 -1 -1 -2  3  0  1 -1  0  3 -1  1 -1 -1  2 -1    3   2   5   2   1   1   2   2  10   2  21   2   1  21   2  14   2   0   6   2  0.12 inf
   73 N   -1 -2  2  0 -3 -2 -2  5 -2 -3 -1 -2 -2 -3 -2 -1 -1 -3 -3 -3    1   1  13   5   0   1   1  62   0   1   7   1   0   1   1   1   3   0   0   1  0.68 inf
   74 W   -3 -3 -4 -4 -3 -3 -3 -3 -3 -3 -3 -4 -3 -1 -4 -3 -3 12  1 -4    1   1   1   1   0   1   1   1   0   1   1   1   0   1   1   1   1  87   0   1  2.98 inf
   75 Y    0  1 -1 -1 -2  2  2 -2  1  0 -1  1 -1 -1 -2 -1 -1 -1  3 -1   10  11   1   1   0  12  17   1   4   7   4  10   0   1   1   1   1   0  19   1  0.19 inf
   76 R   -1  2 -1  2 -2 -1  0 -3 -2  1  2 -1  0 -1 -2 -1 -1 -2  1  0    4  16   0  16   0   0   5   0   0   8  31   0   0   0   0   0   3   0   8   7  0.13 inf
   77 E   -2 -2 -1  2 -5  1  7 -3 -2 -5 -4 -1 -4 -5 -3 -1 -2 -4 -4 -4    0   0   0   8   0   0  92   0   0   0   0   0   0   0   0   0   0   0   0   0  1.35 inf
   78 K   -1  3 -1  1 -3  1  0 -1  2 -2 -1  2 -1 -2 -2 -1  1 -2  1 -2    1  20   0   8   0   7   3   5   9   0   7  15   0   0   0   1  15   0   8   1  0.19 inf
   79 P   -1  1 -2 -2 -3  1 -1 -3 -2  0 -1  1 -2 -3  6  1 -1 -4 -3 -2    0  10   0   0   0   6   0   0   0   8   7  12   0   0  45  11   0   0   0   0  0.77 inf
   80 L   -2 -3  0 -3 -2 -2 -3 -3 -3  2  3 -3  3 -1 -3 -2 -1 -3 -2  2    0   0   6   0   0   0   0   0   0  11  45   0  11   0   0   0   0   0   0  23  0.38 inf
   81 D    0  1  2  3 -3  1  0 -1 -1 -3 -3  1 -2 -3 -2  1  1 -3 -2 -2   12  10  15  22   0   8   0   0   0   0   1  11   0   0   0   7  12   0   0   0  0.30 inf
   82 I   -1 -2 -2  0 -2 -2 -1 -3 -2  2  1 -2  0  2 -2 -1  0 -1  1  1    1   1   1   9   0   1   6   1   0  27  12   1   0  11   1   1   9   0   7  12  0.12 inf
   83 L    1  0 -1 -2 -2  1 -1 -1 -1 -1  0  0 -1  0  4 -1 -1 -2 -1  0   14   6   1   1   0   8   1   5   0   1  14   7   0   7  21   2   1   0   1   7  0.20 inf
   84 K    0 -1  0  1 -1  0  0  2  2 -1 -2  1 -1 -2 -1  1  0 -2 -1  0    3   2   1  10   1   1   2  18   7   2   3  11   1   1   2  20   5   0   1  10  0.11 inf
   85 L   -1 -1 -1  0 -1 -1 -1 -1 -1  1  0 -1  1  0 -1  0  0  4  2  1    3   2   2   8   1   2   3   3   1  15   8   2   7   2   2  11   2   8  10   9  0.08 inf
   86 E    2 -1 -1  1 -2 -1  0 -1 -2 -2 -2  1 -2 -3  2  2  2 -3 -2 -1   26   1   1   7   0   1   5   1   0   1   1   9   0   0   9  22  15   0   0   1  0.27 inf
   87 K    0  1  3  0 -3  0  0  1 -1 -2 -2  1 -2 -3 -2  0  1  4 -2 -1    7  11  21   3   0   0   6  10   0   0   0  13   0   0   0   0  13   7   0   7  0.21 inf
   88 K    1  3 -1 -1 -3  1  2 -2 -1 -2 -2  2  0 -3  1  0  0 -3 -2 -2   14  20   0   0   0   5  13   1   0   3   1  22   5   0   7   3   4   0   0   0  0.26 inf
   89 K    0  2  2  2 -3  0  0 -2 -1 -1 -2  3 -2 -3 -2  1 -1 -3 -2 -2    4  14  11  14   0   0   1   1   0   7   1  31   0   0   1  14   1   0   0   1  0.26 inf
   90 G   -1 -2 -1 -1 -2 -1 -1  1 -2 -2 -2 -1 -2 -2  6  1 -1 -2 -2  0    2   1   1   1   1   1   2  10   1   1   2   2   1   1  47  15   2   0   1   9  0.74 inf
   91 G   -1 -2 -1 -2 -2 -2 -2  5 -2 -2  0 -2 -1 -2 -2 -1 -2 -2 -2 -2    2   1   1   1   0   1   1  66   1   1  15   1   1   1   1   2   1   0   1   1  0.64 inf
   92 P   -1  2  0  1 -3  0  0 -2 -1 -2 -1  2 -1 -3  4 -1 -1 -3 -2 -2    4  17   6   8   0   1   1   1   0   1   8  19   0   1  28   1   1   0   1   1  0.44 inf
   93 I   -1 -2 -2 -3 -1 -2 -2 -3 -3  3  2 -2  2  1 -2  0 -1 -2 -1  2    1   0   0   1   0   0   1   1   0  28  19   1   6   7   0  14   1   0   0  20  0.22 inf
   94 D   -2 -2  0  7 -4 -1  0 -2 -2 -4 -4 -2 -4 -4  1 -1 -2 -4 -4 -4    1   0   0  84   0   0   1   1   0   0   1   1   0   0   7   1   1   0   0   1  1.19 inf
   95 V    1 -1 -2 -2 -1 -1 -1 -2 -2  0  1  1  0  2 -2 -1 -1 -1  0  1   18   1   1   1   0   1   1   1   0   1  18  18   0  17   1   1   1   0   1  18  0.06 inf
   96 Y    0 -1 -1 -2  1 -1 -1 -2 -1  0  0  0  1  3 -2  1  1 -1  2  0    7   0   0   0   3   0   1   1   0   4   7  11   4  17   0  11  14   0   9   8  0.10 inf
   97 K   -1  2 -1  1 -3  1  0 -2 -1 -1 -1  4 -1  0 -2 -1 -1 -3 -2 -2    1  11   1   8   0   5   1   1   0   4   7  52   0   5   1   1   1   0   0   1  0.35 inf
   98 E   -1 -1  0  0 -2  0  3  2 -1 -1 -1  0  1 -2  0  0  1 -2 -2  0    1   1   4   1   0   1  30  18   0   5   2   4   6   1   3   1  14   0   1   6  0.17 inf
   99 F   -1 -2 -2 -2 -2 -1  1 -3 -2  2  1 -2  1  3 -2 -1 -1 -1  0  2    4   1   1   1   0   1  15   1   0  23   7   1   3  23   1   4   1   0   0  15  0.16 inf
  100 I   -1  1 -1  0 -2  0  1 -1 -2  2  0  1  0  0 -2  0  1 -2 -1  1    1   9   1   5   0   1  11   4   0  25   8  10   0   3   1   4  12   0   0   6  0.05 inf
  101 E   -1 -1  2  2 -2 -1  0 -2 -1  1  0 -1  0 -1 -2 -1  0 -2  1  1    1   3  13  19   0   0   5   1   0  11  11   3   4   0   1   1   5   0   9  10  0.09 inf
  102 N    0 -1  2  1 -2  0  1 -1  1 -1 -1 -1 -1 -1  1  0  1 -2  1 -1    7   1  12   9   0   1  15   1   4   1   7   1   0   1   5   5  17   0   8   6  0.12 inf
  103 S    0  0  2 -1 -2  0 -1 -1 -1 -1 -1  0 -1 -1 -1  3  1 -2  1 -1    1   5  16   1   0   1   1   1   0   4   5   7   0   1   1  38   8   0   7   1  0.20 inf
  104 E   -1 -1  1 -1 -2  0  1  2  3 -2 -2 -1  2 -1  2 -1  0 -2  1 -2    1   1   9   1   0   1  13  21  12   1   1   1  11   1  10   1   7   0   7   1  0.20 inf
  105 L   -1  1 -1 -1 -2  0  1  2 -1 -1  0  1 -1  1 -2 -1  0 -1  1 -1    1   8   1   1   0   4  11  19   0   4  10  12   0  10   1   1   7   0   8   1  0.08 inf
  106 K   -1  1 -1 -1 -3  0  1  1  1 -2 -2  3 -1  1 -1 -1 -1 -1  1 -2    1   4   1   1   0   1  12  15   4   1   2  36   0  11   1   1   1   0   5   1  0.21 inf
  107 R    0  2  2 -1 -2  0 -1 -2 -1 -1  1  0  0 -1 -2  0  1 -2  1 -1    6  21  15   1   0   1   1   1   0   1  20   5   0   0   1   3  15   0   8   1  0.13 inf
  108 V   -1 -4 -4 -4  2 -4 -4 -4 -3  4  0 -4  0  5 -4 -3 -2 -2  0  2    5   0   0   0   6   0   0   0   0  44   0   0   0  37   0   0   0   0   0   9  0.55 inf
  109 G    3 -2 -2 -2  1  1 -2  4 -2 -2 -3 -2 -2 -3 -2  0 -1 -3 -3 -1   34   0   0   0   3  10   0  46   0   0   0   0   0   0   0   0   0   0   0   7  0.55 inf
  110 M   -1 -3 -4 -4 -2 -3 -3 -4 -3  3  3 -3  2  0 -3 -2 -1 -3 -2  3    4   0   0   0   0   0   0   0   0  25  29   0   8   2   0   0   0   0   0  32  0.42 inf
  111 E   -2 -1 -2  0  4  1  6 -3 -1 -4 -4 -1 -3 -4 -2 -1 -2 -4 -3 -3    0   0   0   0  11   0  89   0   0   0   0   0   0   0   0   0   0   0   0   0  1.17 inf
  112 F   -3 -4 -5 -5 -3 -4 -4 -4 -3 -1  0 -4 -1  5 -5 -4 -3 10  1  0    0   0   0   0   0   0   0   0   0   0  11   0   0  29   0   0   0  50   0  10  1.57 inf
  113 E   -2 -1 -1  0 -5  3  6 -3 -1 -4 -4  0 -3 -5 -2 -1 -2 -4 -3 -4    0   0   0   0   0  11  89   0   0   0   0   0   0   0   0   0   0   0   0   0  1.21 inf
  114 T   -1 -2 -1 -2 -2 -2 -2 -3 -3 -2 -2 -2 -2  2 -2  0  6 -3 -2 -1    0   0   0   0   0   0   0   0   0   0   0   0   0  10   0   0  90   0   0   0  0.97 inf
  115 G   -1 -3 -1 -2 -4 -3 -2  7 -3 -5 -5 -3 -4 -4 -3 -1 -3 -4 -4 -4    0   0   0   0   0   0   3  97   0   0   0   0   0   0   0   0   0   0   0   0  1.50 inf
  116 N   -3 -2  8  0 -4 -1 -2 -2 -1 -5 -5 -1 -4 -4 -3 -1 -1 -5 -3 -4    0   0 100   0   0   0   0   0   0   0   0   0   0   0   0   0   0   0   0   0  1.57 inf
  117 I   -2 -4 -4 -4 -2 -4 -4 -5 -4  5  1 -4  0 -1 -4 -3 -1 -4 -2  4    0   0   0   0   0   0   0   0   0  61   0   0   0   0   0   0   0   0   0  39  0.76 inf
  118 S    3 -2 -1 -2 -2 -1 -1  1 -2 -3 -3 -1 -2 -3 -2  4  0 -4 -3 -2   33   0   0   0   0   0   0  11   0   0   0   0   0   0   0  56   0   0   0   0  0.58 inf
  119 S    0  1 -1 -1 -2 -1 -1 -2 -2 -4 -4 -1 -3 -4 -2  6  0 -4 -3 -3    0  11   0   0   0   0   0   0   0   0   0   0   0   0   0  89   0   0   0   0  0.87 inf
  120 A    1 -2 -1 -2 -2 -1 -1 -1 -2 -3 -3 -1 -2  2 -2  5  0 -3 -2 -2    9   0   0   0   0   0   0   0   0   0   0   0   0  11   0  80   0   0   0   0  0.70 inf
  121 H   -3 -2 -1 -3 -4 -1 -2 -4  8 -3 -3 -2 -2  4 -4 -2 -3 -1  5 -3    0   0   0   0   0   0   0   0  59   0   0   0   0  20   0   0   0   0  21   0  1.22 inf
  122 R    0  7 -2 -3 -4  0 -1 -3 -1 -4 -3  1 -2 -4 -3 -2 -2 -4 -3 -3   11  89   0   0   0   0   0   0   0   0   0   0   0   0   0   0   0   0   0   0  1.21 inf
  123 S    4 -2  2  1 -2 -1 -1 -1 -2 -3 -3 -1 -2 -3 -2  2 -1 -4 -3 -2   63   0  10  11   0   0   0   0   0   0   0   0   0   0   0  16   0   0   0   0  0.50 inf
  124 M    0 -3 -3 -4 -2 -2 -3 -4 -2  3  2 -3  4  0 -3 -2 -1 -2  2  2    6   0   0   0   0   0   0   0   0  31  19   0  20   0   0   0   0   0  10  14  0.37 inf
  125 N   -3 -2  6  0 -3 -1 -2 -2 -1 -2  0 -2  1  2 -3 -1 -1 -3 -2 -3    0   0  73   0   0   0   0   0   0   0  11   0   6  10   0   0   0   0   0   0  0.81 inf
  126 K   -2  3 -1 -2 -4  0  0 -3 -2 -4 -4  6 -3 -4 -2 -1 -2 -4 -3 -4    0  10   0   0   0   0   0   0   0   0   0  90   0   0   0   0   0   0   0   0  1.07 inf
  127 L   -2 -3 -4 -4 -2 -3 -4 -4 -3  2  4 -3  5  2 -4 -3 -2 -2 -1  0    0   0   0   0   0   0   0   0   0  10  53   0  27  10   0   0   0   0   0   0  0.60 inf
  128 L    1 -1  1  0  3  2 -1  0 -2  0  0 -1 -1 -2 -2  0  0 -3 -2  1   12   0   9   6  10  21   0   5   0   3   8   0   0   0   0   4   4   0   0  19  0.12 inf
  129 L   -2 -3 -1 -3 -2 -2 -3 -1 -2  1  4 -3  1  0 -3 -2  1 -2  1  1    0   0   4   0   0   0   0   5   0   8  57   0   2   0   0   0  11   0   6   7  0.31 inf
  130 G   -1 -3 -2 -3 -3 -2 -3  5 -3 -2  2 -2 -1 -2 -3  0 -2 -3 -3 -2    0   0   0   0   0   0   0  56   0   0  34   0   0   0   0  10   0   0   0   0  0.60 inf
  131 L   -2 -3 -4 -4 -2 -3 -3 -4 -1  2  2 -3  2  3 -4 -3 -2  0  4  1    0   0   0   0   0   0   0   0   0  20  28   0   8  15   0   0   0   0  26   3  0.48 inf
  132 K   -2 -1 -2 -1 -2  0 -2 -3  2  1  3  0  1 -1 -3  0 -1 -3 -1  0    0   0   0   4   0   5   0   0   9   6  52  10   4   0   0  10   0   0   0   0  0.23 inf
  133 H   -1  2  3  1 -3  2  2 -2  2 -3 -3  1 -2 -2 -2  0 -1 -2  2 -3    0  15  19   7   0  12  14   0   4   0   0  11   0   0   0   7   0   0  10   0  0.34 inf
  134 G   -1  0  2  0 -4 -2 -2  5 -2 -4 -4  1 -3 -4 -3 -1 -2 -4 -4 -4    0   5  13   3   0   0   0  67   0   0   0  12   0   0   0   0   0   0   0   0  0.85 inf
  135 E    0 -1 -2 -2 -2  0  1 -3  2  1  1  1  0  0 -2 -1 -1 -3 -1  2    6   0   0   0   0   5  12   0   7   9  14  13   0   5   0   4   0   0   0  25  0.09 inf
  136 I   -2 -3 -3 -4 -2 -3 -3 -4 -3  4  2 -3  1  2 -3 -2  1 -2 -1  2    0   0   0   0   0   0   0   0   0  41  27   0   0  11   0   0  10   0   0  11  0.40 inf
  137 D   -1 -2  0  5 -3 -1  0 -2  1  1  0 -2 -2 -3 -2  1 -1 -4 -3 -1    3   0   0  53   0   0   3   0   4  11  11   0   0   0   0  12   0   0   0   4  0.46 inf
  138 L    2 -3 -2 -3 -2 -2 -3  4 -3  1  0 -2 -1 -2 -3 -1 -2 -3 -3  0   24   0   0   0   0   0   0  47   0  10  15   0   0   0   0   0   0   0   0   4  0.45 inf
  139 A    1 -3 -2 -2  4 -3 -3  6 -3 -4 -4 -2 -3 -4 -3 -1  0 -3 -4 -3   13   0   0   0  10   0   0  70   0   0   0   0   0   0   0   0   7   0   0   0  0.93 inf
  140 I    0 -3 -4 -4  3 -3 -3 -4 -4  4  1 -3  2 -1 -3 -2 -1 -3 -2  3    9   0   0   0   9   0   0   0   0  42   7   0   5   0   0   0   0   0   0  29  0.44 inf
  141 I   -2 -3 -4 -4 -2 -3 -4 -4 -2  1  4 -3  1  4 -4 -3 -2 -1  3  0    0   0   0   0   0   0   0   0   0   8  61   0   0  20   0   0   0   0  11   0  0.59 inf
  142 L   -2 -4 -4 -4 -2 -3 -4 -4 -4  5  1 -3  2 -1 -4 -3 -1 -3 -2  4    0   0   0   0   0   0   0   0   0  59   4   0   5   0   0   0   0   0   0  32  0.67 inf
  143 M   -1 -3 -3 -4 -2 -2 -3 -4 -3  1  3 -3  3 -1 -3 -2  2 -3 -2  2    0   0   0   0   0   0   0   0   0   0  52   0   9   0   0   0  20   0   0  19  0.42 inf
  144 P   -1 -3 -2 -2 -4 -2 -2 -3 -3 -4 -4 -2 -4 -5  8  2 -2 -5 -4 -3    0   0   0   0   0   0   0   0   0   0   0   0   0   0  80  20   0   0   0   0  1.89 inf
  145 I    0 -2  2 -1 -2 -1 -1 -1 -2  0 -2 -1 -2 -3 -2  4  2 -4 -2 -1    5   0  14   0   0   0   0   0   0   9   0   0   0   0   0  52  16   0   0   4  0.41 inf
  146 K   -2  5 -1  0 -4  0 -1 -3 -1 -3 -3  3 -2 -2 -2  1 -1 -3  2 -3    0  43   0   6   0   0   0   0   0   0   0  27   0   0   0  14   0   0  10   0  0.55 inf
  147 Q    1  1  0  1 -3  3  2 -2 -1 -2 -3  3 -2 -3 -2  1 -1 -3 -2 -2   15   5   4   9   0  22   9   0   0   3   0  24   0   0   0  10   0   0   0   0  0.32 inf
  148 L    1 -2 -3 -3 -2 -2 -3 -3 -3  1  3 -2  4  0  0 -1  1 -2 -2  0   16   0   0   0   0   0   0   0   0   4  36   0  26   3   5   0  10   0   0   0  0.30 inf
  149 A    1  3 -2 -3 -3 -1 -2 -2  0 -3 -2 -1 -2  0 -3  1 -1  0  6 -2   17  21   0   0   0   0   0   0   0   0   0   0   0   0   0  16   0   0  45   0  0.55 inf
  150 Y   -1  1  0 -1 -3  0 -1 -3 -1  1  0  2 -1 -1  3 -1 -1 -2  2  0    2   8   7   2   0   6   0   0   0  21  10  18   0   0  14   0   0   0  11   0  0.17 inf
  151 Y   -3  1 -3 -4 -3 -2 -3 -4  0  0 -2 -2 -2  2 -4 -3 -3  7  6 -2    0  12   0   0   0   0   0   0   0  10   0   0   0   7   0   0   0  21  50   0  1.04 inf
  152 L   -2 -3 -4 -4 -2 -3 -3 -4 -3  2  4 -3  3 -1  4 -3 -2 -3 -2  0    0   0   0   0   0   0   0   0   0  12  57   0  10   0  21   0   0   0   0   0  0.59 inf
  153 T   -1 -2 -1  2 -2 -1 -1  1 -2 -2 -3 -1 -2 -3 -2  2  5 -4 -3 -2    0   0   0  12   0   0   0  10   0   0   0   0   0   0   0  16  63   0   0   0  0.58 inf
  154 D   -2 -2  4  6 -4 -1  0 -2 -2 -4 -4 -1 -4 -4 -2  1 -1 -5 -4 -4    0   0  21  67   0   0   0   0   0   0   0   0   0   0   0  12   0   0   0   0  1.00 inf
  155 R   -2  6  2 -2 -4  0 -1  1 -1 -4 -3  1 -3 -4 -3 -1 -2 -4 -3 -4    0  78  10   0   0   0   0  12   0   0   0   0   0   0   0   0   0   0   0   0  0.97 inf
  156 V   -2 -3  3 -2 -2 -3 -3 -3 -3  4  0 -3  0 -2 -3 -2 -1 -4 -2  3    0   0  21   0   0   0   0   0   0  45   0   0   0   0   0   0   0   0   0  34  0.46 inf
  157 T    1 -3 -1 -2 -3 -2 -2  6 -3 -4 -4 -2 -3 -4 -3  2  0 -3 -3 -3   10   0   0   0   0   0   0  70   0   0   0   0   0   0   0  16   4   0   0   0  0.90 inf
  158 N   -2 -2  7  0 -3 -1 -1 -1 -1 -4 -4 -1 -3 -4 -3  2 -1 -5 -3 -4    0   0  79   0   0   0   0   0   0   0   0   0   0   0   0  21   0   0   0   0  1.09 inf
  159 F   -3 -3 -4 -4 -3 -3 -4 -4 -1 -1 -1 -4 -1  6 -4 -3 -3  1  6 -1    0   0   0   0   0   0   0   0   0   0   0   0   0  57   0   0   0   0  39   4  1.18 inf
  160 E   -1  2 -1  3 -4  3  4 -3 -1 -3 -3  0 -2 -4  2 -1 -1 -4 -3 -3    2  11   0  18   0  21  34   0   0   0   2   0   0   0   9   0   3   0   0   0  0.52 inf
  161 E   -2  2 -1  0 -5  1  6 -3 -1 -4 -4  2 -3 -4 -2 -1 -2 -4 -3 -3    0  10   0   0   0   0  78   0   0   0   0  12   0   0   0   0   0   0   0   0  0.96 inf
  162 L   -2 -3 -4 -4 -2 -3 -4 -4 -3  2  4 -3  1  2 -4 -3 -2 -2 -1  2    0   0   0   0   0   0   0   0   0  10  69   0   0  10   0   0   0   0   0  12  0.57 inf
  163 E   -1 -1  2  1 -3  0  3 -2 -1 -1  0  0  0 -2 -2  0  0 -3 -2  0    2   0  15   6   0   0  35   0   0   0  14   3   4   0   0   4   4   0   0  12  0.22 inf
  164 P   -2  4 -2 -2 -4 -1  1 -3 -2 -4 -4  0 -3 -4  7 -2 -2 -4 -3 -3    0  33   0   0   0   0  10   0   0   0   0   0   0   0  57   0   0   0   0   0  1.32 inf
  165 Y   -1 -2  0  0 -3 -1  2 -3  0 -3 -3 -2 -2  1 -3  0 -2  0  7 -2    5   0   6   5   0   0  22   0   0   0   0   0   0   0   0   5   0   0  57   0  0.71 inf
  166 F   -3 -3 -4 -4 -3 -3 -4 -4 -2  1  1 -3  0  6 -4 -2 -2  0  4 -1    0   0   0   0   0   0   0   0   0  12  16   0   0  54   0   3   0   0  15   0  0.72 inf
  167 E   -1 -1  0  3 -3 -1  1 -2 -2  0 -1 -1 -2 -3  4  1 -1 -4 -3 -1    0   2   2  29   0   0  10   0   0   9   5   0   0   0  27  13   0   0   0   3  0.49 inf
  168 L   -1 -2  0 -2 -2 -2 -1 -3 -3  2  3 -2  1 -1 -3  0 -1 -3 -2  2    3   0   5   0   0   0   6   0   0   9  47   0   0   0   0  10   0   0   0  21  0.24 inf
  169 T   -1 -2 -3 -3 -3  2 -2 -3 -2 -3 -1 -2 -2  0 -3  0 -1  9  3 -3    6   0   0   0   0  15   0   0   0   0   4   0   0   0   0  12   4  45  14   0  1.15 inf
  170 E   -1  1 -1  0 -3  0  3 -3 -2  2 -1  2 -1 -3 -2 -1 -1 -4 -2  1    0   8   0   4   0   0  32   0   0  22   0  23   0   0   0   0   0   0   0  11  0.28 inf
  171 G    0  0  2  0 -2  0  0  1 -1 -3 -3  2 -2 -3 -2  2  2 -3 -2 -2    5   4  16   2   0   0   5  10   0   0   0  16   0   0   0  24  18   0   0   0  0.29 inf
  172 Q   -1 -3 -3 -3 -2 -1 -3  2 -2  2  2 -2  0  1 -3 -2 -1 -2  1  1    2   0   0   0   0   4   0  22   0  20  27   0   0   9   0   0   0   0   4  12  0.20 inf
  173 P   -1 -3 -3 -3 -3 -2 -2 -3 -2  0  0 -2 -1  1  6 -2 -2 -2  2  0    3   0   0   0   0   0   0   0   0   8  10   0   0   7  55   0   0   0   9   6  0.99 inf
  174 F   -1 -3 -3 -4 -2 -3 -3 -4 -3  2  4 -3  1  2 -3 -2  1 -2  0  0    6   0   0   0   0   0   0   0   0  15  55   0   0   9   0   0  12   0   4   0  0.36 inf
  175 I    1 -1 -2 -2 -2 -1  0 -2  2  2  1 -2  1  0 -3 -1 -1  3  0  1   15   2   0   0   0   0   7   2  10  29  12   0   3   4   0   3   0   6   3   4  0.12 inf
  176 F   -1 -3 -3 -3  4 -3 -1 -4 -3  3  0 -3  0  2 -3 -2 -1 -3 -1  4    0   0   0   0  15   0   6   0   0  24   0   0   0  10   0   0   0   0   0  45  0.43 inf
  177 I   -2 -4 -4 -4 -2 -4 -4 -5 -4  5  1 -4  0  2 -4 -3 -1 -3 -1  3    0   0   0   0   0   0   0   0   0  69   7   0   0   9   0   0   0   0   0  16  0.64 inf
  178 G    0 -2 -1 -1 -3 -1  1  5 -2 -2 -3 -2 -2 -3 -1 -1 -2 -3 -3  1    5   0   0   0   0   0  16  55   0   0   1   0   0   0   3   0   0   0   0  17  0.52 inf
  179 F   -2 -4 -4 -4 -2 -4 -4 -4 -3  4  2 -4  0  4 -4 -3 -2 -2  0  2    0   0   0   0   0   0   0   0   0  46  12   0   0  30   0   0   0   0   0  12  0.55 inf
  180 N    1 -1  0  2 -3  1  4 -2 -1 -3 -3  0 -2 -2 -2  0 -1 -2  2 -3   16   0   4  14   0   3  45   0   0   0   0   0   0   0   0   5   0   0  12   0  0.45 inf
  181 A    0 -2 -1  2 -4  1 -1 -3  7 -4 -4 -2 -3 -3  4 -1 -2 -3  1 -3   10   0   0  13   0   8   0   0  46   0   0   0   0   0  21   0   0   0   3   0  0.84 inf
  182 E   -3 -3  0  7 -5 -1  2 -3 -2 -4 -5 -2 -4 -5 -3 -1 -2 -5 -4 -4    0   0   0  87   0   0  13   0   0   0   0   0   0   0   0   0   0   0   0   0  1.42 inf
  183 A    0  1  0  2 -3  2  3  2 -1 -3 -3  1 -2 -3 -2  0  0 -3 -3 -2    7   6   3  10   0  12  25  16   0   0   0   5   0   0   0   5   7   0   0   3  0.29 inf
  184 Y   -1 -2 -2 -2 -2 -2  0 -3 -1  1  1 -2  0  3 -3  0  0 -1  3  1    0   0   0   0   0   0   8   0   0   6  19   0   0  20   0  13   7   0  15  13  0.21 inf
  185 N   -1  0  1  4  1 -1  2 -2 -2 -4 -4 -1 -3 -4 -2  3  0 -4 -3 -3    0   5   5  39   3   0  13   0   0   0   0   0   0   0   0  32   3   0   0   0  0.55 inf
  186 S    1 -1  0  0 -2  2  0 -1  2 -2 -1  0 -1  0  0  1  0  5 -1 -1   15   0   5   3   0  12   6   3   7   0   6   3   0   4   4  11   4  13   0   4  0.19 inf
  187 N   -1 -1  5  2 -3  1  0 -2 -1 -3 -2 -1 -2 -3 -2  2  1 -4 -3 -3    0   0  40  14   0   8   3   0   0   0   3   0   0   0   0  20  11   0   0   0  0.51 inf
  188 V    3 -3 -3 -3 -1 -2 -1 -2 -3  1  1 -2  0 -2 -2  0  0 -3 -2  3   37   0   0   0   0   0   3   0   0   3  13   0   0   0   0   3   3   0   0  38  0.30 inf
  189 P   -1 -2 -2 -2 -4 -1 -1 -3 -3 -4 -4  2 -3 -5  7  1 -2 -5 -4 -3    3   0   0   0   0   0   3   0   0   0   0  19   0   0  65  10   0   0   0   0  1.42 inf
  190 L   -2  2 -2 -3 -3 -1 -2 -3 -2  0  1  0 -1  3  1 -1  2 -1  2 -1    0  18   0   0   0   0   0   0   0   3  16   4   0  23   6   0  24   0   6   0  0.24 inf
  191 I   -2 -4 -4 -4 -2 -4 -4 -5 -4  5  3 -4  1  1 -4 -3 -2 -3 -2  1    0   0   0   0   0   0   0   0   0  68  28   0   0   4   0   0   0   0   0   0  0.73 inf
  192 P    1  1 -1 -2 -3  0 -1 -1 -2 -3 -3  0 -2 -4  6  1  1 -4 -3 -2   12   8   0   0   0   5   0   4   0   0   0   4   0   0  44  11  13   0   0   0  0.78 inf
  193 K   -2  3 -1 -1 -4  1  2 -3 -1 -4 -3  6 -2 -4 -2 -1 -2 -4 -3 -3    0  11   0   0   0   0  12   0   0   0   0  77   0   0   0   0   0   0   0   0  0.84 inf
  194 G    0 -2 -1 -2 -3 -2 -2  6 -2 -3 -2 -2 -2 -3 -2  1 -1 -3 -3 -3    1   1   1   1   0   1   1  74   0   1   5   1   0   0   1  11   1   0   0   1  0.86 inf
  195 S   -1 -1  1 -1 -2 -1 -1  1 -2 -2 -2  0 -1 -3 -2  1  5 -3 -2 -1    1   1   5   1   0   1   1  12   0   1   1   7   0   0   1   6  61   0   0   1  0.44 inf
  196 D   -3 -3  0  7 -5 -1  1 -2 -2 -4 -5 -2 -4 -5 -3 -1 -2 -6 -4 -4    0   0   0 100   0   0   0   0   0   0   0   0   0   0   0   0   0   0   0   0  1.57 inf
  197 G   -1 -3 -1 -2 -4 -3 -3  7 -3 -5 -5 -3 -4 -4 -3 -1 -3 -4 -4 -4    0   0   0   0   0   0   0 100   0   0   0   0   0   0   0   0   0   0   0   0  1.50 inf
  198 M   -1 -2 -3 -3 -2 -1 -2 -3 -2  1  2 -2  7  0 -3 -2 -1 -2 -1  1    0   0   0   0   0   0   0   0   0   0   0   0 100   0   0   0   0   0   0   0  0.51 inf

                      K         Lambda
Standard Ungapped    0.1361     0.3157
Standard Gapped      0.0405     0.2670
PSI Ungapped         0.1328     0.3114
PSI Gapped           0.0405     0.2670
