
Last position-specific scoring matrix computed, weighted observed percentages rounded down, information per position, and relative weight of gapless real matches to pseudocounts
           A  R  N  D  C  Q  E  G  H  I  L  K  M  F  P  S  T  W  Y  V   A   R   N   D   C   Q   E   G   H   I   L   K   M   F   P   S   T   W   Y   V
    1 P   -3 -4 -4 -4 -5 -3 -3 -4 -4 -5 -5 -3 -5 -6  8 -3 -3 -6 -5 -5    0   0   0   0   0   0   0   0   0   0   0   0   0   0 100   0   0   0   0   0  2.84 inf
    2 Y   -2  0 -2 -3  1 -1 -2 -4  3 -3 -3  2 -2  2 -3 -1 -3  2  7 -3    1   4   1   1   4   2   1   0   7   0   0  14   0   7   0   4   0   3  51   1  0.84 inf
    3 V   -2 -4 -4 -5  0 -3 -4 -5 -4  3  4 -4  1 -1 -4 -3 -2 -3 -2  2    2   0   0   0   2   0   0   0   0  24  51   0   1   0   0   0   1   0   0  18  0.66 inf
    4 E   -1  3 -1 -1 -3  2  3 -3 -1 -1 -2  2  1 -3 -2  0  0 -4 -2  1    0  19   1   1   0   8  23   0   1   1   1  15   6   0   0   4   4   0   0  15  0.31 inf
    5 I   -3 -5 -5 -5 -3 -5 -5 -6 -5  7  0 -4  0 -2 -5 -4 -2 -4 -3  2    0   0   0   0   0   0   0   0   0  90   3   0   0   0   0   0   0   0   0   7  1.35 inf
    6 T   -1 -3 -3 -2 -1 -2  0 -4 -3  3  2 -2  0  0 -3 -1  2 -3 -2  3    1   0   0   2   1   0   8   0   0  19  17   0   1   3   0   1  17   0   0  31  0.30 inf
    7 E   -2 -1 -1 -1 -4  0  6 -4 -2 -3 -3 -1 -1 -4 -3 -2 -1 -4 -3  1    0   3   1   0   0   1  75   0   0   0   0   0   2   0   0   0   3   0   0  15  1.01 inf
    8 Q   -3 -1 -1 -2 -5  7  3 -4  1 -2 -4 -1 -2 -5 -3 -2 -3 -4 -3 -4    0   0   1   0   0  77  17   0   2   2   0   0   0   0   0   0   0   0   0   0  1.42 inf
    9 P   -3 -4 -4 -4 -5 -4 -3 -4 -5 -5 -5 -3 -5 -6  9 -3 -3 -6 -5 -5    0   0   0   0   0   0   0   0   0   0   0   0   0   0 100   0   0   0   0   0  2.90 inf
   10 H    2  2 -1 -2 -2  2  0 -1  0 -2 -2  3  0 -3 -1  0  1 -3 -2  0   20  10   0   0   0   9   2   3   2   1   1  26   3   0   1   7   8   0   0   6  0.23 inf
   11 P    0  0  2  2 -3  3  1 -1 -1 -4 -3  1 -2 -3  0  3 -1 -4 -3 -3    3   1  11  10   0  23   7   2   0   0   0   9   0   1   3  30   0   0   0   0  0.42 inf
   12 K   -2  5  0 -2 -3  0 -1 -3 -1 -3 -3  3 -2 -1 -2  0 -1 -3  0 -3    1  47   5   1   0   0   1   1   0   1   1  25   0   3   1   7   2   0   3   1  0.67 inf
   13 A    1 -1  0  0 -2 -1  0  3  2 -1 -2 -1  0 -2 -1  0  0 -2 -1 -1   14   2   2   4   0   2   6  32   8   3   3   1   3   1   2   4   9   0   1   2  0.22 inf
   14 L   -2 -2 -2 -2  0 -1  0 -3  3  0  1 -2  2  4 -2 -2 -1 -1  2  0    1   1   1   1   3   2  10   1  11   4  16   1  10  26   1   1   3   0   5   4  0.22 inf
   15 R   -3  8 -2 -3 -5 -1 -2 -4 -2 -5 -4  1 -3 -5 -4 -2 -3 -4 -3 -4    0 100   0   0   0   0   0   0   0   0   0   0   0   0   0   0   0   0   0   0  1.76 inf
   16 F    0 -4 -4 -5 -4 -4 -4 -4 -2  1 -1 -4 -1  7 -5 -3 -3 -1  3 -2    9   0   0   0   0   0   0   0   0   9   0   0   0  74   0   0   0   0   8   0  1.26 inf
   17 R   -3  7 -2 -3 -5 -1 -2  0  2 -5 -4  0 -3 -4 -4 -1 -3 -4 -3 -4    0  84   0   0   0   0   0   8   5   0   0   0   0   0   0   2   0   0   0   0  1.35 inf
   18 Y   -3 -3 -3 -4 -4 -3 -3 -4  0 -3 -3 -3 -3  1 -4 -3 -3  0  9 -3    1   0   0   0   0   0   1   1   0   0   1   1   0   0   0   1   1   0  91   1  2.03 inf
   19 E   -1  0 -1  1 -3  2  3 -1  0 -2 -2  3  0 -3  0 -1 -1 -3 -2 -1    2   2   0   5   0  12  30   5   2   1   2  25   4   0   4   1   1   0   0   4  0.35 inf
   20 C   -1 -3 -2  1  8 -2 -1 -3 -3 -3 -3  0 -3 -4 -3  2  1 -4 -3 -1    0   0   0   8  49   0   4   0   0   0   0   5   0   0   0  24   7   0   0   3  0.95 inf
   21 E    1 -2 -2  0 -5  0  7 -3 -2 -5 -4 -1 -3 -5 -3 -1 -2 -4 -4 -4   12   0   0   0   0   0  88   0   0   0   0   0   0   0   0   0   0   0   0   0  1.29 inf
   22 G   -1 -2 -1 -2 -3  2 -2  5 -2 -2 -2  0  3 -3 -3  0 -2 -3 -3 -3    0   0   2   0   0  12   0  58   0   3   0   5  12   0   0   6   0   0   0   0  0.68 inf
   23 R   -2  5 -1 -2  2  0 -1  0  1 -3 -3  1  0 -3  1 -2 -2 -3 -3 -2    1  54   2   0   7   2   0   8   4   0   1   5   3   0   8   0   0   0   0   3  0.60 inf
   24 S   -1 -2 -1 -2  1  0  0 -2 -1 -2 -1 -1 -2  2  1  3  2 -2  2 -2    1   1   0   1   4   3   7   1   0   1   4   1   0  12   7  32  17   0   9   1  0.26 inf
   25 A    3  2 -2 -3 -2 -1 -2 -2  5 -2 -3 -1 -2 -3  1 -1  0 -3 -2  0   42  14   0   0   0   0   0   0  22   0   0   0   0   0   6   0   6   0   0   6  0.48 inf
   26 G    0 -3 -1 -2 -3 -2 -2  6 -3 -4 -4 -2 -3 -3 -2  1 -2 -3 -3 -3    7   1   1   1   0   1   1  71   0   1   1   1   0   0   1  12   1   0   0   1  1.02 inf
   27 S    1 -1  1 -1  1  0  0  0  0 -3 -3 -1 -2  1  0  3  1 -3 -1 -2   14   3   6   0   3   2   6   7   3   0   0   0   0  11   3  32  10   0   0   0  0.23 inf
   28 I   -3 -4 -4 -5 -3 -4 -4 -5 -4  5  4 -4  0 -2 -4 -4  0 -4 -3  2    0   0   0   0   0   0   0   0   0  37  43   0   0   0   0   0   5   0   0  11  0.88 inf
   29 P   -2 -3 -1 -3 -2  1 -3 -4 -1 -2  2  1  1 -3  6 -3 -2 -4 -3 -1    3   0   3   0   1   6   0   0   2   1  23  12   5   0  37   0   2   0   0   4  0.74 inf
   30 G    1 -5 -3 -1  0 -4  0  7 -4 -6 -6 -4 -5 -6 -5 -3 -4 -5 -5 -5   11   0   0   3   2   0   6  76   0   0   0   0   0   0   0   0   0   0   0   0  1.57 inf
   31 V    2  0 -2  0 -3  0  3 -2  1  0 -2  0  0 -3 -1  1 -1 -3 -2  1   18   3   0   4   0   4  23   1   4   5   2   4   2   0   2  14   2   0   0  11  0.22 inf
   32 N    0  2  3 -1 -3 -1 -2 -1  2 -3 -2  0 -2 -1 -3  3 -1  2 -1 -1    5  12  17   1   0   1   1   3   5   1   3   5   0   3   1  31   1   3   2   5  0.32 inf
   33 T    0 -2  1 -1 -3 -1 -1  0  0 -4 -4 -1 -3 -4 -3  5  1 -4 -2 -3    5   0   8   2   0   2   2   6   2   0   1   3   0   0   0  55   9   0   2   1  0.70 inf
   34 T   -1 -1  1  1  0 -1  1 -1 -2 -3 -2  0 -1 -1 -1  0  4 -1 -3 -2    2   2   7   7   2   2  12   5   0   0   4   7   1   3   2   5  35   1   0   1  0.32 inf
   35 A    0  2  1  2 -3  0  1  1  0 -2 -3  2 -2 -2  1  1 -1 -3 -2 -2    7  13   6  11   0   2   7   9   2   2   2  15   0   2   8   9   2   0   0   1  0.21 inf
   36 E    0  0  3  1 -3  0  1  0  0 -2 -3  0 -2 -3  2  1  1 -3 -2 -3    6   5  22   6   0   2  11   5   2   2   1   3   0   0   9  10  12   0   1   1  0.29 inf
   37 Q    0  4  2 -2 -1  1 -1 -2  2 -3 -2  3 -1 -3 -1  0  0 -4 -3 -2    6  25  11   0   1   5   2   2   6   0   4  19   1   0   2   8   4   0   0   3  0.35 inf
   38 K   -1  3  1  0 -4  0 -1 -3 -3 -4 -4  5 -1 -4  2 -2 -1 -4 -4 -4    4  13   6   4   0   3   2   0   0   0   1  50   2   0  10   0   2   0   0   0  0.79 inf
   39 T    0 -3  0 -3 -3 -2 -1 -1 -3 -1 -1  0 -2 -3  0  1  5 -4 -3 -1    8   0   4   0   0   0   4   4   0   4   7   5   0   0   5   9  46   0   0   4  0.48 inf
   40 F   -1 -1 -1 -4  0 -2 -3 -2  3 -2  0 -3 -2  4  0 -3 -1  3  5  0    5   4   3   0   2   2   0   3   8   0   9   0   0  22   5   0   4   4  23   6  0.48 inf
   41 P    1 -2 -1 -2  3 -2 -2  1 -2  1 -1 -1 -1 -2  2  1  1 -3 -2  1   12   1   0   1  11   0   1  12   0  12   1   1   0   0  12  12  12   0   0  12  0.18 inf
   42 S    0  0 -1 -1 -2  0  1 -1 -2 -1 -2  0 -2 -3  1  2  3 -3 -2  0    8   5   0   0   0   3  10   3   0   3   1   7   0   0   6  20  24   0   0   9  0.21 inf
   43 I    0 -3 -3 -3  2 -3 -3  0 -3  3  1 -3  0  1 -3 -2 -1 -2 -1  3    8   1   0   1   7   0   1   9   0  21  14   1   0   7   1   1   1   0   0  28  0.24 inf
   44 Q   -1  1  1 -1 -2  1  1 -2  2  0  0  1  2 -2 -2  0  1 -3 -1 -1    1   9   9   0   0   9   9   1   9   9   9   9   9   0   0   9   9   0   0   1  0.13 inf
   45 V   -1 -1 -1 -1 -1 -1  1 -2 -2  2  1 -1  0 -1 -2 -1  1 -2 -1  2    1   1   1   1   0   1  18   1   0  18  18   1   0   1   1   1  18   0   1  18  0.10 inf
   46 H   -2  2  1 -2  4  2  0 -3  4 -1  1 -1  1 -1 -3 -1 -2 -3 -1  0    2  12   9   0   9   9   4   1  15   3  16   1   3   2   0   2   1   0   1   8  0.28 inf
   47 G    0 -3  6  0 -1 -2 -3  3 -1 -5 -4 -1 -4 -5  0 -2 -3 -5 -4 -4    8   0  48   5   1   1   0  23   1   0   2   3   0   0   4   1   0   0   0   0  0.95 inf
   48 Y   -4 -4 -1 -4  4 -2 -4 -4  2 -3 -1 -2 -3  2  0 -2 -3  1  8 -3    1   0   3   0   9   1   1   1   4   0   6   3   0   8   5   2   1   1  54   1  1.27 inf
   49 R   -1  1  2  1 -2  1  0 -1  0 -1 -1  1 -1 -2 -1  0  0 -3  0  0    2   9  11   9   1   9   4   5   2   2   9   9   0   1   2   7   8   0   5   8  0.09 inf
   50 G    0 -4  0 -1 -2 -3  0  6 -2 -4 -4 -1 -4 -5 -1 -2 -2 -5 -5 -4    7   0   3   3   1   0   8  65   1   1   1   3   0   0   3   0   2   0   0   0  1.09 inf
   51 R   -2  3  0 -1 -4  2  0 -1 -1 -2 -2  1 -2 -4  4  0 -2 -4 -2 -2    2  17   4   3   0  13   6   3   1   3   3   9   1   0  24   8   1   0   1   2  0.47 inf
   52 A    4 -1 -3 -3  1 -2  1 -1 -3 -2 -1 -2 -2 -2 -3  0 -2  2 -3  1   48   3   0   0   3   0  12   4   0   1   6   0   0   1   0   4   1   3   0  12  0.47 inf
   53 V   -1  2 -2 -3 -3 -2 -2 -3  0  2  0  2  0 -1  1 -1 -1  0 -2  3    4  13   1   0   0   0   0   0   2  11   9  14   2   2   7   4   3   1   1  26  0.22 inf
   54 V   -1 -3 -4 -1 -3 -2 -1 -4  1  4  1 -1  0 -2  0 -3 -2 -4 -3  4    3   0   0   3   0   1   3   0   4  31   8   5   1   0   6   0   1   0   0  32  0.51 inf
   55 V   -1  4 -3 -4  1 -2  0 -4 -3  1 -2 -1 -1 -2 -4 -3  1 -4 -3  4    3  28   0   0   3   0   6   0   0   5   1   3   1   2   0   0   9   0   0  37  0.57 inf
   56 V   -1 -4 -2 -2  6 -4 -4 -3 -4  2 -1 -2  0 -3 -4 -1  1 -4  0  4    2   0   2   3  17   0   0   1   0  11   4   2   2   0   0   3   7   0   3  41  0.63 inf
   57 S    1  1 -2 -1  1  3 -2 -3 -1 -1 -2  0 -2 -4 -3  4  2  0 -2 -2   10  10   0   2   3  15   0   0   1   3   3   3   1   0   0  33  12   1   1   1  0.41 inf
   58 C   -2 -2 -3 -5  7 -4 -5 -2 -5  0  5 -4 -1  0 -5 -4 -3 -4 -3  0    3   3   2   0  23   0   0   3   0   2  56   0   0   3   0   0   0   0   0   4  1.00 inf
   59 V    0 -2 -4 -4  1 -3 -4 -4 -3  1  1 -3  0  1 -4 -1 -2 -3  2  5    6   3   0   0   3   0   0   0   0   3  10   0   1   6   0   5   0   0   9  51  0.60 inf
   60 T    0  0 -3 -3  1  2 -3 -4 -3 -2 -2 -3 -3 -4 -3  0  6 -4 -4  1    6   4   0   0   3   9   0   0   0   0   4   0   0   0   0   3  56   0   0  10  0.85 inf
   61 K    1 -1  2 -1 -3  0 -2 -3  3 -1 -3  3 -1  0 -3  1  0  4 -2  0   16   2  13   2   0   3   0   0   7   3   0  22   1   5   0   8   4   5   0   6  0.29 inf
   62 E   -2 -1  1  5 -4  1  2 -3  0 -3 -2  1 -3 -4 -3  0 -1 -4 -4 -1    3   2   6  39   0   7  11   0   3   0   5   7   0   0   0   6   4   0   0   7  0.56 inf
   63 G    0 -1  0  3 -3  0  2  1  1 -2 -1  0 -1 -2  1  0  1 -4 -3 -3    9   1   3  19   0   4  13  12   4   1   6   3   1   1   5   6   9   0   0   0  0.22 inf
   64 P   -3 -1  1  0 -4  0  1 -1  0 -2 -4  1 -3 -4  5 -1 -1  3 -4  0    0   3   9   6   0   4   8   5   2   2   0  11   0   0  33   3   3   4   0   7  0.62 inf
   65 E   -1  0  1  0 -3  0  0 -1  0 -2  0 -1 -2 -1  4  0  0 -3  0 -1    4   6   7   6   0   4   6   4   2   1  11   3   0   2  26   6   4   0   3   3  0.31 inf
   66 H    0  0 -2  0  2  1  0 -3  2  0  0  0 -1  1  1 -1  0 -2  1  0    7   7   0   7   6   7   7   0   6   7   7   7   0   6   7   0   7   0   6   7  0.07 inf
   67 K   -1  3 -1 -1 -3  1  1 -2  3 -1 -2  2  2 -2 -2  0  1 -3 -1 -2    4  23   0   1   0   7   9   1  10   4   1  12  10   1   0   4   9   0   1   0  0.30 inf
   68 P    0 -2 -3 -3 -3 -1 -1 -3 -3 -1  1 -2  0 -3  6  0 -2  3 -3  0    8   2   0   0   0   3   2   0   0   2  14   0   3   0  45   6   0   4   0   9  0.81 inf
   69 H   -4  0 -2 -1 -5 -2  0 -4 10 -6 -5 -3 -4 -4 -4  0 -4 -5 -1 -6    0   4   0   3   0   0   4   0  80   0   0   0   0   0   0   9   0   0   0   0  2.17 inf
   70 P    2 -3 -3 -3 -3 -2  0  0 -3 -1 -3 -2 -3 -2  6  0  0 -4 -1  0   23   0   0   0   0   0   5   5   0   3   0   0   0   2  42   5   6   0   2   6  0.79 inf
   71 H   -3  0 -2 -3  3 -2 -2 -4  9 -4 -4 -3 -3  1 -4  0 -3 -4  1 -4    0   6   0   0   6   0   0   0  69   0   1   0   0   6   0   6   0   0   3   0  1.67 inf
   72 N   -1  3  1  0 -1  2  1 -1  1 -3 -3  2 -2 -3 -2  1 -1  1 -1 -3    2  18   7   3   2   9  11   3   3   1   1  18   0   0   1  17   1   2   1   1  0.30 inf
   73 L   -2 -3 -3 -4 -2 -3 -3 -4 -3  2  5 -3  0 -1 -3 -1 -2 -3 -2  0    1   1   1   1   0   1   1   1   0   9  74   1   0   0   1   6   1   0   0   1  0.76 inf
   74 V   -1 -3 -3 -4 -2 -3 -3 -1  0  1  1 -3  1  1 -3 -1  1 -3 -2  5    4   0   0   0   0   0   0   4   3   6  11   0   3   5   0   3   7   0   0  51  0.45 inf
   75 G   -1  0 -2  0 -3 -2  0  4  0 -1 -3  0  0 -3 -3 -1 -2 -3  1  0    1   7   0   4   0   0   7  46   3   5   1   4   4   0   0   4   0   0   6   7  0.44 inf
   76 K   -1  4  1  0 -4  1  1 -3  1 -4 -4  4 -3 -4 -3 -2 -1 -4 -3 -3    4  27   6   6   0   4   9   0   4   0   0  34   0   0   0   0   4   0   0   0  0.61 inf
   77 E   -1 -1  1  3 -3  1  2  0  1 -2 -3  2  0 -3 -1  0  0 -3 -1 -2    3   0   6  19   0   6  18   6   3   3   0  15   4   0   2   5   4   0   2   3  0.25 inf
   78 G    0  0  0  3  1  1  0  2  1 -2 -2 -1  0 -1  0  0  0 -3 -2 -1    7   6   5  18   4   7   5  17   4   1   1   1   3   3   3   4   6   0   1   4  0.17 inf
   79 C   -2 -2  1  2  8 -2 -1 -2  2 -3 -4 -2 -4 -5 -1  1  0 -5 -4 -2    1   2   6  10  41   2   5   2   5   1   0   2   0   0   3  10   5   0   0   3  1.02 inf
   80 K   -1  2  1  1 -3  1  2 -3  0 -1 -1  2 -1 -1 -1  0  1 -4 -3 -1    2  13   7   9   0   5  14   0   2   3   6  15   1   2   3   4   9   0   0   3  0.21 inf
   81 K   -2  0  1  5  0  0  1 -1  1 -4 -3  1  1 -4 -3  0 -1 -4 -1 -4    2   6   7  36   2   2  10   3   4   0   2   8   4   0   0   7   4   0   2   0  0.52 inf
   82 G   -2 -2 -1  1 -2 -3 -2  5 -4 -3 -2 -2  0 -2 -1  0 -3 -4 -1 -2    1   2   2   9   1   0   2  56   0   1   3   2   3   2   4   6   0   0   2   4  0.79 inf
   83 V   -2 -1  0  0  2 -3 -2 -4  3  3  0 -2 -1 -1  0 -1 -1 -4  0  3    0   4   4   6   4   0   2   0   8  18   9   1   0   2   4   3   3   0   4  27  0.26 inf
   84 C   -2 -5 -4  2  9 -4 -1 -3  4 -4 -2 -4 -4 -2 -3 -3 -2 -4  4 -3    3   0   0  14  42   0   5   2  10   0   4   0   0   1   1   0   2   0  13   2  1.32 inf
   85 T   -1 -1  0  0 -3 -1  1 -3  0  0 -1 -1 -1 -1  2  0  2 -3  0  1    4   3   3   4   0   2  10   0   3   4   7   2   1   3  13   6  19   0   4  11  0.17 inf
   86 V    0 -2 -2 -4 -3 -2 -3 -2  4  2  0 -1  1  0  0 -2 -2  0 -2  4   10   2   1   0   0   1   0   2  13  12   8   4   4   3   4   2   1   2   0  32  0.34 inf
   87 E   -1  1  0  2  0  0  3 -3  0 -1 -1  0 -1 -3  0  0  1 -3 -1 -1    3   7   3  16   2   4  20   0   2   4   7   6   1   0   4   5   9   0   3   4  0.19 inf
   88 I   -1 -2 -3 -4 -2 -3 -2 -4 -1  3  2 -3  1  1  0 -2 -1 -3 -1  3    6   2   1   0   1   0   2   0   2  19  24   0   3   5   5   2   2   0   1  25  0.38 inf
   89 N    0  1  1  1  2  1  0  0  2  0 -2  0 -2 -3  1  0  0 -3 -2  0    7   7   7   7   6   7   7   7   6   7   1   7   0   0   7   7   7   0   0   7  0.10 inf
   90 S    0  0  1  1 -3  2  1 -1 -2 -3 -3  0 -3 -4  4  0  0 -4 -3 -1    6   6   5   9   0   9  10   5   0   0   0   5   0   0  24   8   5   0   0   6  0.40 inf
   91 T   -1  0  1  2  1  0  2  1  0 -2 -2  1 -2 -3  0  1  1 -4 -3 -1    3   4   8  11   4   3  15  10   2   3   3  10   0   0   3   9  11   0   0   4  0.17 inf
   92 T   -1  2  3  2 -4  1  0 -1  1 -3 -3  0 -3 -3 -1  1  1  2 -1 -2    2  12  16  11   0   8   5   4   3   0   2   4   0   0   2  12   7   3   2   4  0.26 inf
   93 M   -1  1  0 -1  1  1 -2 -2 -3 -2  0 -1  6 -1  2  0 -1  1  1 -1    3   9   5   3   3   5   2   2   0   0   6   3  24   2  11   6   3   2   4   4  0.33 inf
   94 S   -1  1 -1 -1  0  0  0  0 -2  1 -1  1 -2 -3  1  0  2 -3 -1  1    3  10   2   2   2   4   5   9   0   8   4  10   0   0   7   5  14   0   2  13  0.11 inf
   95 Y    2 -3 -3 -4  2 -3 -1 -1  4  3  0 -3 -2 -2 -4 -1 -1 -3  2  1   18   0   0   0   4   0   4   6  12  23   7   0   0   0   0   3   3   0   7  11  0.36 inf
   96 T   -1  0 -1 -3  1  1 -1 -1  0 -1 -1 -1  0 -1 -3  3  2 -4 -3  1    4   4   2   0   3   7   4   4   3   4   4   3   2   3   0  29  12   0   0  12  0.24 inf
   97 F   -3 -1 -3 -4 -3 -3 -3 -4  2  0  2  0  0  6 -4 -1 -2 -2  0 -1    0   4   0   0   0   0   0   0   5   6  20   8   2  44   0   5   0   0   0   3  0.58 inf
   98 N    0 -1  1  1 -1  2  2 -2  0 -1 -2  0  0 -3  3  0 -1 -3 -2 -1    9   2   8   9   1  10  14   2   3   6   1   5   4   0  17   5   2   0   0   4  0.25 inf
   99 N   -2  1  5 -1  2 -1  0  0  3 -3 -3  0 -3 -3 -3  0  1 -3  1 -3    0   8  36   1   5   1   6   7   7   0   1   6   0   0   0   4  10   0   6   0  0.43 inf
  100 L   -1 -2  0 -2 -2 -2  0 -3 -2  1  3  0  2 -1  2 -2 -1 -2  0  0    4   0   7   0   0   0   6   0   0   5  42   7   5   0   9   0   3   0   4   6  0.20 inf
  101 G    0 -2 -1 -2  1 -2  0  4 -1 -3 -3 -2 -2  1 -2  1 -1 -2  3 -2    8   0   0   0   3   0   8  41   0   0   1   1   0   7   0  11   3   0  15   1  0.42 inf
  102 I   -2 -3 -3 -3 -2  0 -2 -3 -3  4  0 -2  2 -2  2 -1 -1 -3 -2  3    1   0   0   0   0   7   1   1   0  43   1   1   7   0  11   6   1   0   0  20  0.41 inf
  103 Q    0  2 -1 -2 -2  3  1 -2 -1  0  0  1  0 -2 -2  0 -1 -3 -2  0    6  18   0   1   0  23   7   1   0   9  13   8   3   0   1   5   1   0   0   4  0.21 inf
  104 C    1  0 -1 -2  4  0 -1 -2  5 -2 -2 -1  1 -1 -2  1  0 -2 -1  0   19   4   1   1  14   4   1   1  20   1   1   3   6   3   1   9   6   0   0   6  0.25 inf
  105 V    1 -3 -3 -3  1 -3 -1 -3 -3  1  0 -2 -1 -3 -3 -2  2 -4 -3  5   13   1   0   1   3   0   3   1   0   5   6   2   0   0   1   1  15   0   0  47  0.50 inf
  106 K    1  3 -1 -2 -3 -1 -1 -1 -2 -2 -2  4 -1 -3 -2 -1  2 -3 -3 -1   13  15   3   1   0   1   1   4   0   2   2  30   1   0   1   1  18   0   0   4  0.34 inf
  107 K   -2  3  1 -2 -4 -1 -1 -2 -2 -3 -3  5  0 -4 -3 -2  0 -4 -3 -2    1  18   7   1   0   1   1   2   0   1   1  48   3   1   1   1   5   0   0   3  0.70 inf
  108 K   -2  3  1 -2 -4 -1  0 -3  0 -3 -2  5 -3 -3 -2  0 -1  0 -3 -2    2  15   6   1   0   1   3   1   2   1   3  48   0   1   1   5   2   2   0   3  0.62 inf
  109 D   -3 -1  2  5 -4 -1  3 -2  0 -4 -4  1 -3 -2 -3 -1 -2 -4 -1 -4    1   2   8  36   0   1  24   3   2   0   1   8   0   2   0   2   2   0   2   1  0.62 inf
  110 V   -2 -1 -4 -2  0 -2 -4 -3 -4  4  1 -3  4 -3 -4 -3 -1 -4 -3  4    2   4   0   2   2   1   0   1   0  23  10   0  12   0   0   2   3   0   0  34  0.60 inf
  111 E    0  1 -1  2 -3  0  2 -2 -2 -1 -1  1  1  0  1 -1 -1 -3 -2 -1    9   7   1  10   0   2  18   2   0   2   7  11   5   4   6   4   3   0   1   5  0.14 inf
  112 E    0 -1  0  3 -4  1  4  0 -2 -1 -2  1 -1 -4  0 -1 -2 -4 -3  0    8   1   4  17   0   5  29   6   0   3   4   8   1   0   4   3   1   0   0   6  0.35 inf
  113 A    3 -3 -1 -3 -3 -2  1 -2  2  1 -1 -2 -2  1 -3  1  0  0  0  0   34   0   3   0   0   0  10   1   5  10   3   0   0   6   0  11   6   1   2   7  0.28 inf
  114 L   -3 -3 -1 -4 -3  1  0 -4 -4  4  4 -3  2 -2 -4 -3 -3 -4 -3  0    1   0   4   0   0   6   6   1   0  23  47   1   4   0   0   1   1   0   0   5  0.66 inf
  115 R   -1  1  1 -1 -1  1  2 -3  0 -1 -1  2  2 -1 -2 -1  0 -3  0 -2    5   9   7   1   1   7  18   1   1   3   4  17   7   3   1   3   6   0   4   2  0.20 inf
  116 L    0  1  0  0  1  1  0 -2  1 -1  1  2  0 -2 -2  1  0 -3  0 -1    5   8   4   4   3   5   5   1   3   4  14  16   3   0   1  12   4   0   3   4  0.09 inf
  117 R   -1  2  2  2 -2  0  0 -1 -1 -1  0  2 -1 -2 -1  0 -1 -2 -2 -1    1  18  17  18   0   1   1   1   0   1  18  18   0   1   1   1   1   0   1   1  0.17 inf
  118 Q   -2  0  0 -2 -3  0  1 -1 -2  2  0  3  2  0 -3 -2  0 -3  0  0    1   5   4   0   0   4  10   4   0  20   7  23   7   3   0   1   5   0   3   4  0.17 inf
  119 E   -1  1  1  1  0  2  2 -2  0 -2 -1  1  0 -2 -2  1  0  3  0 -2    4   7   6   9   2  10  14   1   2   3   5  10   3   0   1  11   4   5   2   1  0.18 inf
  120 I    0  1 -1 -1 -1  0  0 -3 -1  1  2  0  0 -1 -3 -2  2 -3 -2 -1    8   9   3   4   2   4   6   1   1   8  27   7   2   1   1   1  15   0   0   1  0.16 inf
  121 R   -1  2  2  0  1  1  1  1  0 -3 -2  1 -1 -3 -2  1 -1 -3 -1 -2    4  11  12   4   3   8  10  13   2   1   4  10   1   0   1  10   3   0   2   2  0.19 inf
  122 V   -1  1  1 -1 -3  0  0 -3 -1  3  0  0  0 -2 -2 -1  1 -4 -2  2    4   9   8   2   0   3   6   1   1  24   5   6   2   1   2   4   8   0   0  14  0.17 inf
  123 D   -1  2  4  4 -4 -1  2  0 -2 -4 -4  1 -4 -4 -3 -1 -2 -5 -4 -3    4  10  23  25   0   2  13   5   0   0   2   9   0   0   0   4   2   0   0   1  0.59 inf
  124 P   -1  1  1 -3 -5  0  2 -1 -3 -4 -2  0 -1 -5  6 -1 -3 -5 -4 -3    5   8   7   0   0   3  17   4   0   0   5   6   2   0  36   3   0   0   0   2  0.78 inf
  125 F   -2  0 -1 -4 -1  0 -1 -3 -3  0 -1  1  0  5 -4 -2  0 -2  4 -1    2   6   3   0   1   5   5   2   0   5   4   8   3  31   0   3   5   0  13   3  0.49 inf
  126 R   -3  3  4 -1 -5  3  1 -1  2 -2 -4  3 -1 -5 -4 -1 -1 -5 -4 -3    0  14  22   3   0  13   7   4   5   3   0  18   1   0   0   3   3   0   0   2  0.56 inf
  127 T    1  0 -1 -1 -3  0  0 -1 -3  2  0  0  1 -3  0 -1  2 -4 -3  1   11   4   2   2   0   3   8   4   0  17   6   6   3   0   5   3  15   0   0  10  0.13 inf
  128 G   -1  1  0 -1 -3  0 -1  1  0 -1 -1  1  0 -3  3  0 -1  2  1 -1    4   7   4   3   0   4   4  13   3   4   6  11   3   0  14   5   3   3   5   3  0.16 inf
  129 F   -1  0  0  0 -3  0  1 -1  2  0  0  1  0  1  0  0 -1 -2  1  0    3   4   5   4   0   4  11   3   6   5   9  12   3   6   4   6   3   0   5   7  0.06 inf
  130 G    0  0  1  3 -1  2  2  0 -2 -2 -2  1 -2 -3  0  0  0  1 -2 -2    8   3   7  16   1  12  14   6   0   2   4   9   0   0   4   5   4   2   1   1  0.23 inf
  131 H    2 -1 -1  0 -1  3  1 -2  6 -4 -3  1 -3 -2 -2  0 -2 -4 -2 -4   16   2   2   6   2  12  10   2  26   0   2   7   0   1   2   7   1   0   0   0  0.57 inf
  132 A    0  1  0  0 -3  0  2 -2 -2 -1  1  2  1 -1 -2  0  0  0 -2 -1   10   7   4   4   0   3  15   2   0   2  16  13   5   2   0   5   4   2   0   5  0.11 inf
  133 K   -1  2  1  1 -3  2  1 -2  0 -2  0  2  1 -1 -2 -1  0  2 -1 -2    3  13   8   6   0  10   9   3   2   0   9  13   4   2   0   2   6   4   2   2  0.16 inf
  134 E   -2 -1  2  2 -4  4  3 -2  1 -4 -4  1 -1 -3 -3 -1  0 -3  1 -2    2   3   9   9   0  20  21   3   4   0   1   7   2   0   0   4   4   0   5   2  0.41 inf
  135 P    2  0 -2 -3 -3  1 -1 -1  1  2  0 -1  1 -3  3 -1  0 -3 -2  0   21   6   0   1   0   6   3   3   4  14   7   3   5   0  14   4   5   0   0   4  0.20 inf
  136 G    0  0  0  0 -1  2  2  1 -2 -2 -4  4 -3 -4 -3  0  0 -4 -3 -2    6   3   5   5   2   8  13   9   0   2   1  33   0   0   0   6   5   0   0   2  0.41 inf
  137 S   -2 -1  1  3  0  0  3 -2 -1 -3 -3  1 -3 -1 -3  2  0  0 -1 -2    1   3   6  21   2   2  20   2   1   1   2   8   0   3   0  15   6   1   2   3  0.34 inf
  138 I   -1 -2  1 -2  3 -2 -2 -3 -1  1  1 -2  2  2 -3 -2 -1 -1  2  1    1   1  12   1  11   0   1   1   0  12  12   1  11  12   1   1   1   0  11  12  0.17 inf
  139 D   -1 -1  3  5 -3  1  2 -1 -1 -3 -3 -1 -2 -3 -2  1 -1 -3 -2 -3    1   1  19  42   0   9  10   1   0   1   1   1   0   1   1   9   1   0   0   1  0.55 inf
  140 L   -2  0 -3 -3  1 -2 -2 -3 -2  1  4 -2  2  1 -3 -2 -1 -2 -1  0    1   8   1   1   4   1   1   1   0   7  59   1   7   4   1   1   1   0   0   1  0.36 inf
  141 N   -1 -1  5  0  1 -1 -1 -1  1 -3 -3  1 -2 -2 -2  2  0 -3  1 -2    4   1  47   1   4   1   1   1   3   1   1   8   0   0   1  16   4   0   7   1  0.46 inf
  142 A    1 -1 -1 -1  1  0  0 -2 -2  1  0  0 -1 -2 -2  1  1 -3 -2  2   15   2   0   1   4   5   7   1   0   8   3   3   0   0   1  17   7   0   0  24  0.11 inf
  143 V   -1 -3 -3 -4 -2 -3 -3 -4 -4  2  1 -3  0 -2 -3 -1 -1 -3 -2  5    0   0   0   0   0   0   0   0   0   7  14   0   0   0   0   5   0   0   0  70  0.59 inf
  144 R   -2  7 -2 -3  0  0 -1 -3 -2 -3 -3  1 -2 -4 -3 -2 -1 -4 -3 -1    3  77   0   0   3   0   0   0   0   0   0   5   0   0   0   0   2   0   0   7  1.05 inf
  145 L   -2 -3 -4 -4  1 -3 -4 -4 -4  2  5 -3  2 -1 -4 -3 -2 -3 -2  0    0   0   0   0   3   0   0   0   0  11  78   0   3   0   0   0   0   0   0   2  0.74 inf
  146 C    0  0 -3 -3  9 -1 -3 -3 -3 -2 -1 -1  1 -2 -3 -1 -2 -3  0  0    5   6   0   0  55   2   1   1   0   0   2   4   5   1   0   2   0   0   4   8  0.96 inf
  147 F   -3 -4 -4 -4 -3 -4 -4 -4 -2 -1 -1 -4 -1  8 -4 -3 -3  0  3 -2    1   0   0   0   0   0   1   1   0   2   3   0   0  83   0   1   0   0   6   1  1.39 inf
  148 Q   -2  1 -1 -1 -3  6  2 -3  0 -2 -2  0  0 -3 -2  0  0 -3 -2 -3    1   8   0   2   0  56  12   1   1   1   2   0   3   0   0   5   5   0   0   1  0.67 inf
  149 V    4 -3 -3 -3  1 -2 -2  0 -3  0 -1 -2 -1  0 -2 -1 -1 -3 -2  3   52   0   0   0   3   0   0   4   0   1   3   0   0   3   0   0   1   0   0  30  0.41 inf
  150 F   -2 -3 -2 -2 -3 -2 -2 -3  2 -1 -1 -3 -1  6 -3 -1 -1  2  4 -1    0   0   0   3   0   0   2   0   6   2   3   0   0  46   0   7   5   2  19   2  0.65 inf
  151 L   -2 -2 -4 -3 -1 -2 -3 -4 -1  3  4 -3  1  1 -3 -3 -2 -2  1  1    2   2   0   1   1   2   1   1   1  23  44   0   1   4   0   1   0   0   6   8  0.46 inf
  152 E   -2  2 -1 -2 -3  2  2 -2  0 -2 -3  1 -2 -3  4 -1  0 -3 -1 -1    1  12   1   1   0  10  18   1   2   1   1   8   0   0  25   1   7   0   2   6  0.48 inf
  153 G    0 -1  0  2  0  0  0  1 -1 -1 -1 -1 -1 -1 -1  0  0  1 -1  0    7   2   4  19   3   6   4  13   1   4   5   2   1   2   2   9   6   2   1   8  0.10 inf
  154 Q    0 -1  0  4  0  1  2 -1  0 -3 -3  0 -3 -2  2  0 -1 -3 -1 -3    7   1   2  28   2   6  14   3   2   0   2   6   0   2  12   7   3   0   2   1  0.36 inf
  155 Q    0 -1  2  2 -2  2  2  0 -1 -2 -3  0 -1 -1 -1  2 -1 -3 -2 -2    9   1   9  16   1  14  12   7   0   1   1   3   2   3   1  16   2   0   0   2  0.25 inf
  156 R    0  0  2  0  0  0 -1  2  2 -1 -2  0 -2 -3  1  1  1 -3 -2 -2    4   3  15   4   3   2   2  17   6   4   2   8   0   1   7   9  11   0   1   2  0.18 inf
  157 G   -2  1 -1 -1 -4 -1 -1  6 -3 -5 -5 -2 -4 -5 -4 -1 -2 -4 -4 -4    1   7   3   3   0   3   5  67   0   0   1   1   0   0   0   4   2   0   0   0  1.10 inf
  158 R   -1  2  2  0 -3  2 -1  0  2 -1 -2  1 -1 -1 -1  0  0 -3 -2 -1    2  13  14   3   0  10   1   5   6   4   2  12   2   3   2   9   6   0   0   6  0.16 inf
  159 F   -2 -1 -2 -2 -1 -2 -1 -2 -1  0  1 -2  2  5  0 -2 -2  4  3 -1    1   3   2   2   2   1   4   3   1   6  12   1   7  27   4   3   2   6  13   2  0.36 inf
  160 T   -2  2  0 -1  0  0 -1 -2  0 -1 -2  0 -2 -3  0  0  4 -1 -2 -1    1  14   4   2   2   4   3   2   2   4   3   5   0   1   5   6  35   1   1   4  0.30 inf
  161 E   -2  3 -2  0 -3  0  0 -3 -1  0  0  0 -1 -1  2 -1  0 -3 -1  1    0  24   1   6   0   5   7   1   2   6   8   4   1   3  13   2   5   0   2  13  0.24 inf
  162 P    0  0 -2 -2 -1 -1 -2 -3  2  2 -1 -2  0 -2  5  0 -1 -4 -2  0   10   6   1   1   2   2   1   1   5  17   6   1   3   1  29   6   2   0   1   6  0.43 inf
  163 L   -1 -4 -5 -5  5 -4 -5 -5 -2  0  5 -4  1 -2 -5 -3  0 -4 -3  0    4   0   0   0  12   0   0   0   1   4  63   0   2   0   0   2   6   0   0   4  0.94 inf
  164 T    0  0  0  2  0  1  2 -3 -1 -4 -2  0 -3 -4  4  0  0 -4 -2 -3    8   3   3  13   2   7  15   0   1   0   4   5   0   0  24   6   6   0   1   1  0.46 inf
  165 P   -2 -4 -4 -4 -5 -4 -4 -4 -4 -5 -3 -3 -4 -3  8 -3 -2 -5 -5 -4    3   0   0   0   0   0   1   1   0   0   2   2   0   1  84   1   2   0   0   1  2.39 inf
  166 V   -3 -3 -5 -5 -4 -2 -5 -6 -5  3 -1 -5 -2 -3 -5 -4 -3 -5 -4  7    0   2   0   0   0   2   0   0   0  12   1   0   0   0   0   0   0   0   0  81  1.52 inf
  167 V   -1 -4 -4 -3 -1 -4 -4 -5 -3  2  2 -4 -1  1 -4 -3 -2 -3  4  4    4   0   0   2   1   0   0   0   0   9  19   0   0   5   0   1   1   0  15  42  0.64 inf
  168 S   -2 -4 -3 -4 -4 -3 -3 -4 -4 -6 -6 -4 -5 -6 -4  7  1 -6 -5 -5    0   0   0   0   0   0   0   0   0   0   0   0   0   0   0  95   5   0   0   0  1.97 inf
  169 D   -3 -1  4  3 -5  3  2 -3  3 -4 -4 -1 -2 -5 -3  0  1 -5 -3 -2    0   2  22  18   0  13  17   0   9   0   0   1   1   0   0   5   8   0   0   3  0.62 inf
  170 I    1 -5 -2 -4 -3 -4 -4 -3 -5 -1 -4 -3 -4 -6  7 -2 -1 -2 -5 -1   13   0   2   0   1   0   0   1   0   5   1   1   0   0  67   1   4   1   0   4  1.69 inf
  171 I   -4 -6 -6 -6 -4 -6 -6 -7 -6  7 -1 -6 -2 -3 -6 -5 -4 -6 -4  3    0   0   0   0   0   0   0   0   0  84   2   0   0   0   0   0   0   0   0  14  1.90 inf
  172 Y   -2 -4  2 -4 -5 -2 -4 -5  5 -2 -3 -4 -4  3 -5 -4 -4 -1  8 -4    3   0  12   0   0   1   0   0  14   2   1   0   0  12   0   0   0   0  56   0  1.58 inf
  173 D   -4 -4  5  7 -6 -3 -2 -1 -3 -6 -6 -3 -6 -6 -4 -2 -3 -7 -6 -6    0   0  27  66   0   0   0   5   0   0   0   0   0   0   0   1   0   0   0   0  1.75 inf
  174 K   -1  2  3 -2 -4 -1 -2 -2 -1 -3  0  4  1 -4 -3  2 -2 -4 -3 -3    3   8  15   0   0   1   0   1   1   0  11  37   5   0   0  17   0   0   0   0  0.50 inf
  175 K   -4  4 -3 -4 -6 -1 -2 -4 -3 -6 -5  7 -4 -6 -4 -3 -3 -6 -5 -5    0  18   0   0   0   0   0   0   0   0   0  82   0   0   0   0   0   0   0   0  1.77 inf

                      K         Lambda
Standard Ungapped    0.1372     0.3187
Standard Gapped      0.0498     0.2670
PSI Ungapped         0.1617     0.3101
PSI Gapped           0.0498     0.2670
