
Last position-specific scoring matrix computed, weighted observed percentages rounded down, information per position, and relative weight of gapless real matches to pseudocounts
           A  R  N  D  C  Q  E  G  H  I  L  K  M  F  P  S  T  W  Y  V   A   R   N   D   C   Q   E   G   H   I   L   K   M   F   P   S   T   W   Y   V
    1 M   -4 -5 -6 -7 -5 -4 -6 -6 -5 -2 -1 -5 11 -3 -6 -5 -4 -5 -5 -3    0   0   0   0   0   0   0   0   0   0   0   0 100   0   0   0   0   0   0   0  3.14 inf
    2 I   -4 -6 -6 -6 -4 -6 -6 -7 -6  8 -1 -6 -2 -3 -6 -5 -4 -6 -4  0    0   0   0   0   0   0   0   0   0 100   0   0   0   0   0   0   0   0   0   0  2.16 inf
    3 G   -1 -5 -3 -4 -5 -4 -4  7 -2 -6 -6 -4 -5 -6 -5 -1 -3 -5 -6 -6    3   0   0   0   0   0   1  92   1   0   0   0   0   0   0   3   1   0   0   0  1.96 inf
    4 R   -3  7 -3 -4  2  0 -3 -5  1 -5 -3  1 -4  0 -5 -2 -3 -2 -2 -5    1  75   0   0   5   3   0   0   3   0   1   4   0   4   0   1   0   1   1   0  1.47 inf
    5 L   -4 -5 -6 -6 -4 -5 -5 -6 -5  4  6 -5  1 -2 -5 -5 -3 -4 -3 -1    0   0   0   0   0   0   0   0   0  22  76   0   1   0   0   0   0   0   0   0  1.30 inf
    6 R   -1  5 -1 -3 -3  1 -2 -4  2 -1 -4  1 -3 -4 -4  1  2 -5 -3 -2    4  45   2   0   0   5   0   0   5   5   0   5   0   0   0  14  14   0   0   1  0.66 inf
    7 G   -3 -5 -3 -4 -6 -5 -5  7 -5 -7 -7 -4 -6 -6 -5 -3 -5 -6 -6 -6    0   0   0   0   0   0   0 100   0   0   0   0   0   0   0   0   0   0   0   0  2.34 inf
    8 I   -2  0 -2 -3 -3  0  0 -4 -3  3 -1  1 -1 -2 -3 -1  4 -4 -2  1    0   4   1   0   0   5   7   0   0  27   4   8   1   1   0   1  34   0   1   7  0.42 inf
    9 I   -3 -5 -6 -6 -3 -5 -5 -6 -5  3  5 -5  0 -2 -5 -5 -3 -4 -3  2    0   0   0   0   0   0   0   0   0  15  74   0   0   0   0   0   0   0   0  11  1.16 inf
   10 I    1 -3 -4 -4 -3 -3 -4 -4 -2  4  3 -4  0  0 -4 -3 -2 -4 -2  2   13   1   0   1   0   0   1   0   1  25  39   0   1   4   0   1   0   0   0  14  0.56 inf
   11 E    1 -3 -2  0 -5  0  7 -4  0 -5 -4 -2 -4 -4 -4  0 -3 -5 -2 -3   10   0   0   3   0   1  73   1   2   0   1   0   0   0   0   5   0   0   1   1  1.22 inf
   12 K   -3  0 -2 -4 -6 -2 -2 -5 -4 -5 -2  8 -4 -6 -4 -3 -3 -6 -5 -5    1   1   1   0   0   0   0   0   0   0   5  92   0   0   0   1   0   0   0   0  1.81 inf
   13 Q   -2  1  3 -2 -5  6  1 -4  2 -3 -3  0 -2 -4 -4  0 -1 -5 -3 -3    3   5  14   0   0  52   5   0   5   1   3   2   0   0   0   5   3   0   0   1  0.91 inf
   14 P    2 -5 -5 -5 -5 -4 -4 -5 -5 -5 -6 -4 -5 -7  8 -3 -4 -7 -6 -5   16   0   0   0   0   0   0   0   0   0   0   0   0   0  83   1   0   0   0   0  2.46 inf
   15 P   -3 -5 -5 -5 -6 -5 -4 -3 -6 -6 -6 -4 -6 -7  9 -4 -4 -7 -6 -6    1   0   0   0   0   0   0   2   0   0   0   0   0   0  97   0   0   0   0   0  3.01 inf
   16 L   -2 -1 -1  0 -3  3  3 -4  4 -2  0 -2 -2  0 -3 -1  0  5  0 -2    1   3   1   3   0  16  27   0  12   2  10   0   0   4   0   2   6   8   2   2  0.45 inf
   17 V   -2 -4 -5 -5 -1 -4 -5 -5 -5  4  4 -4  1 -2 -5 -4 -3 -4 -3  3    2   0   0   0   1   0   0   0   0  22  47   0   2   0   0   0   0   0   0  27  0.85 inf
   18 L   -3 -4 -5 -6 -1 -3 -5 -6 -5  2  5 -4  2 -2 -5 -4 -3 -4 -3  3    0   0   0   0   1   1   0   0   0   7  66   0   4   0   0   1   0   0   0  20  0.97 inf
   19 I   -3 -5 -5 -5 -3 -4 -5 -6 -5  4  4 -4  1 -2 -5 -4 -3 -4 -3  4    0   0   0   0   0   0   0   0   0  27  39   0   2   0   0   0   0   0   0  32  0.92 inf
   20 E   -4 -4  1  7 -6 -2  4 -4 -3 -6 -6 -3 -5 -6 -4 -3 -4 -7 -5 -6    0   0   5  69   0   0  26   0   0   0   0   0   0   0   0   0   0   0   0   0  1.70 inf
   21 V    0 -5 -5 -5  6 -5 -5 -5 -5  1 -2 -5 -2 -3 -5 -3  0 -5 -4  6    7   0   0   0  15   0   0   0   0   4   1   0   0   0   0   0   5   0   0  69  1.19 inf
   22 G    0 -2  5 -2 -3  3 -2  3  4 -5 -5 -2 -4 -5 -4  0 -2 -5 -2 -5    7   0  37   0   0  17   0  21  12   0   0   0   0   0   0   5   0   0   1   0  0.84 inf
   23 G   -2 -4 -3 -4 -6 -5 -5  7 -5 -7 -7 -4 -6 -6 -5 -3 -5 -6 -6 -6    1   1   0   0   0   0   0  98   0   0   0   0   0   0   0   0   0   0   0   0  2.28 inf
   24 V   -3 -5 -6 -6 -3 -5 -5 -6 -6  2  1 -5 -2 -3 -5 -4 -3 -5 -4  7    0   0   0   0   0   0   0   0   0  10   8   0   0   0   0   0   0   0   0  82  1.48 inf
   25 G   -2 -5 -3 -4 -6 -5 -5  7 -5 -7 -7 -4 -6 -6 -5 -3 -3 -6 -6 -6    0   0   0   0   0   0   0  98   0   0   0   0   0   0   0   1   1   0   0   0  2.27 inf
   26 Y   -5 -5 -6 -7 -6 -5 -6 -7 -2 -5 -5 -5 -5  0 -7 -5 -5 -1 10 -5    0   0   0   0   0   0   0   0   0   0   0   0   0   0   0   0   0   0 100   0  3.13 inf
   27 E   -4 -3 -3  0 -7  0  8 -5 -3 -6 -6 -2 -5 -6 -4 -3 -4 -6 -5 -6    0   0   0   3   0   1  96   0   0   0   0   0   0   0   0   0   0   0   0   0  2.15 inf
   28 V   -3 -5 -5 -5 -1 -4 -5 -6 -5  4  3 -5  1 -2 -5 -4 -2 -5 -3  5    0   0   0   0   1   0   0   0   0  24  25   0   2   0   0   0   0   0   0  49  0.98 inf
   29 H   -2 -2  0  4 -5  4  4 -3  2 -4 -1 -1 -3 -3 -3 -1 -2 -4 -2 -4    2   1   2  21   0  24  30   1   5   1   7   0   0   1   0   2   2   0   1   0  0.67 inf
   30 M    3 -4 -4 -5 -2 -3 -4 -4 -4  0  1 -3  4 -3 -4 -2  0 -4 -3  4   32   0   0   0   1   0   0   0   0   3  10   0  15   0   0   0   7   0   0  33  0.62 inf
   31 P   -4 -5 -5 -5 -6 -4 -4 -5 -5 -6 -6 -4 -6 -7  9  1 -3 -7 -6 -6    0   0   0   0   0   0   0   0   0   0   0   0   0   0  91   9   0   0   0   0  2.77 inf
   32 M   -4 -5 -6 -7 -5 -4 -6 -6 -5 -1  2 -5 10 -3 -6 -5 -4 -5 -2 -2    0   0   0   0   0   0   0   0   0   1  13   0  84   0   0   0   0   0   1   0  2.51 inf
   33 T   -2 -3  1 -3 -4 -2 -3 -3 -3 -4 -5 -3 -2 -5 -2  5  5 -5 -4 -4    0   0   6   0   0   1   0   0   0   0   0   0   1   0   1  52  38   0   0   0  1.16 inf
   34 C   -2 -4 -2 -4  6 -4 -4 -4 -4 -4 -4 -4 -4 -5 -4  2  6 -5 -4 -2    1   0   1   0  15   0   0   0   0   0   0   0   0   0   0  14  66   0   0   2  1.38 inf
   35 F   -5 -6 -6 -6 -2 -6 -6 -6 -4  1  1 -6 -2  8 -6 -5 -5 -2  0 -2    0   0   0   0   1   0   0   0   0   7  13   0   0  77   0   0   0   0   0   1  1.90 inf
   36 Y   -4 -5 -5 -4  3 -5 -4 -5 -2 -4 -3 -5 -3  3 -6 -3 -5 -1  9 -2    0   0   0   1   5   0   0   0   0   0   1   0   0   9   0   1   0   0  78   3  2.14 inf
   37 E    0  1  4  2 -4  3  2 -2  2 -4 -3  0 -3 -4 -2 -1 -2 -5 -3 -3    9   8  24  13   0  17  15   1   5   0   2   3   0   0   1   1   1   0   0   2  0.49 inf
   38 L   -4 -5 -6 -7 -4 -4 -6 -7 -6 -1  6 -5  0 -2 -6 -5 -4 -4 -4 -2    0   0   0   0   0   1   0   0   0   1  98   0   1   0   0   0   0   0   0   0  1.71 inf
   39 P   -3 -5 -4 -4 -5 -4 -3 -2 -4 -6 -6 -4 -5 -6  9 -4 -4 -6 -6 -5    1   0   1   0   0   0   1   4   0   0   0   0   0   0  91   0   0   0   0   0  2.70 inf
   40 E    3 -2  1  2 -4  1  4  0 -1 -4 -4 -1 -3 -4 -1  1 -1 -4 -4 -2   27   0   5   9   0   6  29   7   1   0   1   2   0   0   2   7   2   0   0   1  0.44 inf
   41 A   -1 -3 -2 -3 -2 -2 -2 -3 -3  3  2 -1  0 -2 -1 -2  2 -4 -3  3    3   0   1   0   0   1   3   1   1  16  26   4   1   0   3   2  14   0   0  25  0.31 inf
   42 G   -2 -4  1 -2 -5 -2 -3  7 -1 -7 -6 -4 -5 -6 -5 -3 -4 -5 -6 -6    1   0   6   2   0   2   1  86   2   0   0   0   0   0   0   0   0   0   0   0  1.80 inf
   43 Q    0  0 -2  0 -5  5  5 -2  0 -5 -4  0 -2 -5 -3 -1 -2 -5 -4 -3    8   4   1   3   0  28  38   2   2   0   0   5   1   0   0   3   2   0   0   2  0.75 inf
   44 E   -1  1 -1  0 -4  2  4 -3 -2 -3 -4  3 -2 -5  2 -1  1 -5 -4 -2    4   6   1   3   0   8  37   0   0   1   0  17   1   0   9   3   9   0   0   2  0.55 inf
   45 A    2 -4 -4 -5 -1 -4 -4 -4 -5  2  0 -4 -2 -3 -4 -2  1 -5 -3  5   20   0   0   0   1   0   0   0   0   8   5   0   0   0   0   1   8   0   0  58  0.83 inf
   46 I    0 -2 -2 -3 -3 -1 -3 -3 -4  3 -1 -1 -1 -3 -3  1  5 -4 -3  2    5   2   1   0   0   2   0   1   0  18   2   3   1   0   0  11  40   0   0  14  0.52 inf
   47 V   -4 -5 -6 -6 -4 -5 -5 -6 -5  3  6 -5  0 -2 -5 -5 -3 -4 -3  1    0   0   0   0   0   0   0   0   0  15  76   0   1   0   0   0   0   0   0   8  1.24 inf
   48 F   -4 -2 -4 -5 -2 -3 -4 -5  6 -2  2 -4 -1  4 -5 -3 -4  4  5 -2    0   2   0   0   1   1   0   0  20   1  24   0   0  19   0   1   0   5  26   1  0.96 inf
   49 T   -3 -4 -3 -4 -4 -4 -4 -5 -5  0 -4 -4 -4 -5 -4 -2  8 -6 -5 -2    0   0   0   0   0   0   0   0   0   5   0   0   0   0   0   0  93   0   0   2  1.96 inf
   50 H   -5 -3 -3 -4 -7  3 -3 -6 11 -7 -6 -4 -5 -5 -6 -4 -5 -6 -1 -7    0   0   0   0   0  11   0   0  88   0   0   0   0   0   0   0   0   0   0   0  3.01 inf
   51 F   -4 -4 -5 -6 -1 -1 -5 -6  0 -1  4 -5  2  6 -5 -4 -2 -2  1 -2    0   0   0   0   2   3   0   0   2   0  39   0   5  43   0   0   2   0   4   0  1.05 inf
   52 V    2 -4 -4 -5 -3 -3 -4 -3  0  3 -1 -4 -2 -3 -4 -1 -1 -5 -3  5   16   0   0   0   0   1   0   1   3  15   1   0   0   0   0   4   3   0   0  56  0.77 inf
   53 V   -3 -5 -6 -6 -4 -3 -5 -6 -4  3 -1 -5 -2 -3 -5 -4 -3 -6 -4  7    1   0   0   0   0   1   0   0   0  12   1   0   0   0   0   0   0   0   0  84  1.56 inf
   54 R   -4  8 -3 -5 -6 -2 -3 -5 -3 -6 -5  1 -4 -6 -5 -2 -3 -6 -5 -6    0  90   0   0   0   0   0   0   0   0   0   6   0   0   0   3   1   0   0   0  2.15 inf
   55 E   -4 -3 -3  1 -7 -1  8 -3 -3 -7 -6 -2 -5 -7 -4 -3 -4 -6 -5 -6    0   0   0   4   0   0  94   1   0   0   0   0   0   0   0   0   0   0   0   0  2.10 inf
   56 D   -5 -5  0  8 -7 -3 -1 -4 -4 -6 -7 -4 -6 -7 -5 -3 -2 -8 -6 -6    0   0   2  95   0   0   1   0   0   0   0   0   0   0   0   0   2   0   0   0  2.37 inf
   57 A    6 -4 -4 -4 -3 -3 -4  0 -4 -3 -3 -3 -3 -5 -4  0 -1 -5 -4 -2   84   0   0   0   0   0   0   4   0   1   2   0   0   0   0   5   2   0   0   2  1.33 inf
   58 Q   -4 -2 -3 -4 -6  7 -1 -5  8 -4 -4 -2  0 -4 -3 -3 -4 -2 -3 -2    0   0   0   0   0  52   1   0  37   1   1   0   3   0   1   0   0   1   0   3  1.70 inf
   59 L   -2 -3 -4 -5 -3  2 -3 -5 -2  1  5 -3  0  0 -4 -1  0 -4 -3  0    2   0   0   0   0  10   0   0   1   4  63   0   0   2   0   6   5   0   0   6  0.68 inf
   60 L   -4 -5 -6 -7 -4 -5 -6 -7 -6 -1  7 -5 -1 -2 -6 -5 -4 -4 -4 -2    0   0   0   0   0   0   0   0   0   0  99   0   0   1   0   0   0   0   0   0  1.78 inf
   61 Y   -5 -5 -6 -6 -6 -5 -6 -6 -2 -4 -4 -5 -4  6 -6 -5 -5 -1  9 -4    0   0   0   0   0   0   0   0   0   0   0   0   0  32   0   0   0   0  67   0  2.34 inf
   62 G   -1 -5 -3 -4 -6 -5 -5  7 -5 -7 -7 -5 -6 -6 -5 -3 -5 -6 -6 -6    3   0   0   0   0   0   0  97   0   0   0   0   0   0   0   0   0   0   0   0  2.25 inf
   63 F   -6 -6 -7 -7 -6 -7 -7 -7 -5 -3 -3 -7 -3  9 -7 -6 -6 -2  0 -4    0   0   0   0   0   0   0   0   0   0   0   0   0 100   0   0   0   0   0   0  2.87 inf
   64 N    2 -2  2 -2 -2 -2 -2  1  1  1  0 -2 -1  0 -3  1 -1 -3  0  0   26   1  13   0   1   0   0  13   3   9  13   0   0   3   0   9   0   0   3   5  0.19 inf
   65 N   -1  1  1  2 -3  0  1 -1  1 -4 -4  0 -3 -4 -3  2  4 -5 -3 -3    1   8   7  14   0   4   6   3   4   0   0   3   0   0   0  19  29   0   0   0  0.46 inf
   66 K    1  2 -2  0 -4  1  3 -3 -2 -3 -2  4 -2 -4  0 -1 -1 -4 -3 -1   15   9   0   4   0   4  21   0   0   0   5  29   0   0   3   3   3   0   0   4  0.38 inf
   67 Q    1  2 -1  0 -3  4  1  0  0 -2 -2  1 -1 -3  0  1  0 -4 -2 -2   11  11   1   4   0  24   9   5   2   1   3   5   1   1   4   9   5   0   1   2  0.25 inf
   68 E   -3 -3 -3  3 -7  0  7 -5 -2 -6 -6 -2 -5 -6 -4 -3 -4 -6 -5 -5    1   0   0  15   0   1  81   0   1   0   0   0   0   0   0   0   0   0   0   0  1.75 inf
   69 R   -5  8 -4 -5 -7 -2 -3 -5 -3 -6 -5  1 -2 -6 -5 -4 -4 -6 -5 -6    0  93   0   0   0   0   0   0   0   0   0   6   1   0   0   0   0   0   0   0  2.25 inf
   70 T    3  1  0  1 -3  1  1 -1 -2 -2 -2 -1 -2 -3 -2  1  1 -4 -3 -2   32   7   4   7   0   6  11   2   0   3   3   2   1   1   0  10  10   0   0   1  0.25 inf
   71 L    0 -4 -5 -5 -3 -4 -5 -5 -5  1  5 -4  2  0 -5 -3  1 -4 -3  0    8   0   0   0   0   0   0   0   0   4  68   0   3   3   0   0  11   0   0   4  0.85 inf
   72 F   -6 -6 -7 -7 -6 -7 -7 -7 -5 -3 -3 -7 -3  9 -7 -6 -6 -2  0 -4    0   0   0   0   0   0   0   0   0   0   0   0   0 100   0   0   0   0   0   0  2.87 inf
   73 K   -5  8 -4 -5 -7 -1 -3 -6 -3 -5 -5  1 -5 -6 -5 -3 -4 -6 -5 -6    0  95   0   0   0   1   0   0   0   1   0   4   0   0   0   0   0   0   0   0  2.31 inf
   74 E    1 -2 -1  0 -4  3  5 -3  0 -3 -1 -1 -1 -4 -3  0  2 -4 -3 -2   10   1   2   4   0  14  40   0   2   0   6   0   1   0   0   6  12   0   0   2  0.53 inf
   75 L   -4 -5 -6 -6 -4 -5 -6 -6 -6 -1  6 -5 -1 -2 -6 -5 -4 -4 -4  1    0   0   0   0   0   0   0   0   0   1  92   0   0   0   0   0   0   0   0   7  1.56 inf
   76 I   -4 -5 -6 -6 -4 -1 -5 -6 -6  7  2 -5 -1 -3 -5 -5 -3 -5 -4  1    0   0   0   0   0   3   0   0   0  73  21   0   0   0   0   0   0   0   0   3  1.42 inf
   77 K   -4  3 -3 -4 -6 -2 -2 -5 -4 -6 -6  7 -4 -6 -4 -3 -4 -6 -5 -5    0  13   0   0   0   0   0   0   0   0   0  87   0   0   0   0   0   0   0   0  1.91 inf
   78 T    1 -4 -5 -5 -3 -4 -4 -5 -5  3  0 -4 -1 -3 -4 -3  1 -5 -3  5   11   0   0   0   0   0   0   0   0  19   5   0   0   0   0   0   9   0   0  56  0.88 inf
   79 N   -3 -3  7 -2 -5 -2 -3 -3 -3 -6 -6 -3 -5 -6 -4  4  1 -6 -5 -5    0   0  63   0   0   1   0   0   0   0   0   0   0   0   0  28   8   0   0   0  1.50 inf
   80 G   -3 -5 -3 -4 -6 -5 -5  7 -5 -7 -7 -5 -6 -6 -5 -3 -5 -6 -6 -6    0   0   0   0   0   0   0 100   0   0   0   0   0   0   0   0   0   0   0   0  2.38 inf
   81 V   -3 -5 -6 -6 -4 -5 -5 -6 -6  4 -2 -5 -2 -3 -5 -5 -3 -6 -4  7    0   0   0   0   0   0   0   0   0  22   0   0   0   0   0   0   0   0   0  78  1.58 inf
   82 G   -3 -5 -3 -4 -6 -5 -5  7 -5 -7 -7 -5 -6 -6 -5 -3 -5 -6 -6 -6    0   0   0   0   0   0   0 100   0   0   0   0   0   0   0   0   0   0   0   0  2.38 inf
   83 P    3 -5 -5 -5 -5 -4 -4 -4 -5 -5 -6 -4 -5 -6  8 -3 -3 -6 -6 -5   25   0   0   0   0   0   0   1   0   0   0   0   0   0  73   0   1   0   0   0  2.16 inf
   84 K   -4  4 -3 -4 -6 -1 -2 -5 -3 -6 -5  7 -4 -6 -4 -3 -4 -6 -5 -5    0  21   0   0   0   0   0   0   0   0   0  79   0   0   0   0   0   0   0   0  1.79 inf
   85 L   -3 -4 -5 -5 -4 -4 -5 -5 -5  1  5 -4  7 -2 -5 -2  1 -4 -3 -1    0   0   0   0   0   0   0   0   0   6  51   0  29   0   0   2  10   0   0   2  1.04 inf
   86 A    7 -4 -4 -5 -3 -4 -4  1 -5 -4 -5 -4 -4 -5 -4 -2 -3 -5 -5 -3   90   0   0   0   0   0   0  10   0   0   0   0   0   0   0   0   0   0   0   0  1.60 inf
   87 L   -4 -5 -6 -6 -2 -5 -6 -6 -6  0  6 -5  0 -2 -6 -5 -4 -4 -4  0    0   0   0   0   1   0   0   0   0   2  93   0   1   0   0   0   0   0   0   3  1.55 inf
   88 A    5 -4 -2 -4 -3 -3 -3  2 -4 -4 -4 -3 -3 -5 -3  1  2 -5 -4 -3   63   0   1   0   0   0   0  13   0   0   0   0   0   0   0  10  12   0   0   0  0.95 inf
   89 I   -4 -5 -6 -6 -4 -5 -6 -6 -6  7  1 -5 -1 -2 -5 -5 -3 -5 -4  3    0   0   0   0   0   0   0   0   0  72  11   0   0   0   0   0   0   0   0  17  1.44 inf
   90 L   -4 -5 -6 -6 -4 -5 -6 -6 -6 -1  6 -5  3 -2 -6 -5 -4 -4 -4 -1    0   0   0   0   0   0   0   0   0   0  91   0   8   0   0   0   0   0   0   1  1.59 inf
   91 S   -1 -4 -2 -3 -4 -3 -3 -3 -4 -6 -6 -3 -5 -5 -4  7 -2 -6 -2 -5    1   0   0   0   0   0   0   0   0   0   0   0   0   0   0  98   0   0   1   0  1.91 inf
   92 G    0 -4 -2 -4 -5 -4 -4  7 -2 -6 -6 -2 -5 -5 -4  1  0 -5 -5 -5    6   0   1   0   0   0   0  77   1   0   0   2   0   0   0   8   5   0   0   0  1.47 inf
   93 M   -3 -4 -5 -6 -4 -2 -5 -6 -5  2  3 -4  9 -2 -5 -3 -3 -4 -2  0    1   0   0   0   0   1   0   0   0   9  21   0  59   0   0   1   0   0   1   6  1.52 inf
   94 S   -2 -2  0  2 -4 -2  2 -2 -3 -5 -5 -2 -4 -5 -3  5  2 -5 -4 -4    0   1   2  12   0   0  15   2   0   0   0   0   0   0   1  57  11   0   0   0  0.89 inf
   95 A    3 -3 -4 -4 -2 -3 -1 -2 -4  0 -2 -3 -2 -3 -1  0  1 -5 -3  4   35   0   0   0   0   0   3   3   0   3   1   0   0   0   3   4   8   0   0  39  0.53 inf
   96 Q    1 -1  2  4 -4  2  2 -1 -1 -4 -4 -1 -2 -4 -2  1 -1 -5 -3 -3   12   1   8  28   0  10  16   4   1   0   0   2   1   0   1  13   2   0   0   1  0.48 inf
   97 Q   -1  0 -2  3 -5  4  4 -4  0 -5 -3 -1  0 -5 -3 -1 -1 -5 -4 -4    5   4   0  20   0  25  35   0   1   0   2   0   2   0   0   2   2   0   0   0  0.80 inf
   98 F   -5 -5 -6 -6 -5 -6 -6 -6 -4 -1  4 -6 -1  8 -6 -5 -4 -2  0 -3    0   0   0   0   0   0   0   0   0   3  35   0   0  62   0   0   0   0   0   0  1.63 inf
   99 V    3 -2 -3 -4 -2 -2 -3 -3 -2  2 -1 -3  1 -3 -3  0 -1 -2 -2  4   33   2   1   0   0   1   0   0   1  14   2   0   3   0   0   6   1   1   1  34  0.50 inf
  100 N   -1  4  0 -1 -3  4 -1 -2  3 -4 -3  0 -1 -3 -3  1 -1 -2 -1 -3    5  30   4   2   0  27   1   1   8   1   2   1   1   1   0   9   4   1   2   1  0.55 inf
  101 A    4 -4 -2 -5  9 -4 -4 -4 -2 -3 -1 -4 -2 -4 -4  0  1 -1 -4 -2   33   0   1   0  41   0   0   0   1   0   5   0   1   0   0   6   9   1   0   2  1.20 inf
  102 V   -3 -5 -6 -6 -4 -5 -5 -6 -6  4 -1 -5 -2 -3 -5 -5 -3 -6 -4  6    0   0   0   0   0   0   0   0   0  25   2   0   0   0   0   0   0   0   0  73  1.49 inf
  103 E    1  1  0  0 -4  3  4 -3  3 -3 -2 -1 -1 -4 -3  0  1 -4 -3 -3   10   6   3   2   0  18  29   1   9   0   2   1   2   0   0   5  12   0   0   0  0.46 inf
  104 R    1  2  2  1 -3  2  0 -2  3 -2  0  0  0 -3 -3  0 -1 -4 -2 -2   14  16   9  11   0  11   5   1  10   0  10   2   2   0   0   4   3   0   1   1  0.22 inf
  105 E   -1 -1  1  3 -5  5  4  2 -1 -5 -5 -1 -4 -5 -3 -1 -3 -5 -4 -4    3   2   7  14   0  29  25  15   1   0   0   2   0   0   0   2   0   0   0   0  0.70 inf
  106 E   -3 -4  2  7 -6 -1  4 -4 -3 -6 -6 -3 -5 -6 -4 -2 -3 -7 -5 -6    2   0   9  63   0   1  24   0   0   0   0   0   0   0   0   1   0   0   0   0  1.53 inf
  107 V    2 -3 -3 -4 -2 -3 -3 -3 -3  3  0 -3  0 -2 -2  0  2 -4 -3  3   18   0   0   0   0   0   0   1   0  24   8   0   1   0   2   7  18   0   0  20  0.39 inf
  108 G    3 -2  1 -1 -3  0 -2  2 -1 -3 -3  0 -3 -4 -2  2  2 -4 -3 -1   30   0   6   2   0   3   0  14   1   0   0   7   0   0   0  21  12   0   0   4  0.38 inf
  109 A    3  4 -2 -3 -3 -1 -2 -2 -3 -3 -2  0  0 -4 -3  1  3 -4 -3 -2   32  23   1   0   0   2   0   2   0   0   3   4   2   0   0  12  19   0   0   1  0.49 inf
  110 L   -4 -5 -6 -7 -4 -5 -6 -7 -6  0  6 -5 -1 -2 -6 -5 -4 -4 -4 -2    0   0   0   0   0   0   0   0   0   1  98   0   0   0   0   0   0   0   0   0  1.74 inf
  111 V   -2 -4 -4 -4 -1 -3 -4 -5 -5  2 -1 -4 -2 -3 -4 -1  4 -5 -4  5    1   0   0   0   1   1   0   0   0   9   2   0   0   0   0   3  35   0   0  48  0.93 inf
  112 K   -2  5 -2 -3 -4 -1 -1 -4 -3 -5 -5  6 -4 -6 -4 -2 -3 -6 -4 -5    2  29   0   0   0   1   1   0   0   0   0  63   0   0   0   2   0   0   0   0  1.39 inf
  113 L   -3 -5 -5 -6 -3 -4 -5 -6 -5  4  4 -5  0 -2 -5 -4 -3 -4 -3  4    0   0   0   0   0   0   0   0   0  28  41   0   1   0   0   0   0   0   0  30  0.95 inf
  114 P   -4 -6 -6 -5 -6 -5 -5 -6 -6 -6 -7 -4 -6 -7  9 -4 -5 -7 -7 -6    0   0   0   0   0   0   0   0   0   0   0   0   0   0 100   0   0   0   0   0  3.22 inf
  115 G   -3 -5 -3 -4 -6 -5 -5  7 -5 -7 -7 -5 -6 -6 -5 -3 -5 -6 -6 -6    0   0   0   0   0   0   0 100   0   0   0   0   0   0   0   0   0   0   0   0  2.38 inf
  116 I   -3 -5 -6 -6 -4 -5 -5 -6 -6  5 -1 -5 -2 -3 -5 -5 -3 -5 -4  6    0   0   0   0   0   0   0   0   0  39   0   0   0   0   0   0   0   0   0  61  1.47 inf
  117 G   -3 -5 -3 -4 -6 -5 -5  7 -5 -7 -7 -5 -6 -6 -5 -3 -5 -6 -6 -6    0   0   0   0   0   0   0 100   0   0   0   0   0   0   0   0   0   0   0   0  2.38 inf
  118 K   -3  1 -3 -4 -6 -1 -2 -5 -4 -6 -6  8 -4 -6 -4 -3 -3 -6 -5 -5    1   5   0   0   0   1   0   0   0   0   0  92   0   0   0   0   1   0   0   0  1.97 inf
  119 K   -4 -1 -3 -4 -6 -2 -2 -5 -4 -6 -6  8 -5 -6 -4 -3 -4 -6 -5 -6    0   0   0   0   0   0   0   0   0   0   0 100   0   0   0   0   0   0   0   0  2.24 inf
  120 T   -3 -4 -3 -4 -4 -4 -4 -5 -5 -3 -4 -4 -3 -5 -4 -2  8 -6 -5 -3    0   0   0   0   0   0   0   0   0   1   0   0   0   0   0   0  99   0   0   0  2.19 inf
  121 A    7 -4 -5 -5 -3 -4 -4 -2 -5 -4 -5 -4 -4 -5 -4 -2 -3 -6 -5 -3   99   0   0   0   0   0   0   1   0   0   0   0   0   0   0   0   0   0   0   0  1.87 inf
  122 E   -4 -3 -3 -1 -7  0  8 -5 -3 -6 -6 -1 -5 -7 -4 -3 -4 -6 -5 -6    0   0   0   1   0   2  95   0   0   0   0   1   0   0   0   0   0   0   0   0  2.12 inf
  123 R   -5  8 -4 -5 -7 -2 -3 -6 -3 -6 -6 -1 -5 -6 -6 -4 -4 -6 -5 -6    0 100   0   0   0   0   0   0   0   0   0   0   0   0   0   0   0   0   0   0  2.55 inf
  124 L   -3 -4 -5 -5 -3 -4 -4 -5 -4  0  6 -4  2 -2 -4 -4 -3 -3 -3 -1    1   1   0   1   0   0   1   1   0   3  84   1   4   0   1   1   1   0   0   2  1.20 inf
  125 I   -2 -3 -4 -4 -2 -3 -4 -4 -4  3  3 -3  2 -2 -4 -3 -1 -3 -3  4    1   1   0   1   0   0   1   1   0  17  32   1   4   0   1   1   2   0   0  38  0.67 inf
  126 V   -2 -4 -4 -4 -3 -4 -4 -4 -4  4  2 -4  0 -2 -4 -3 -2 -4 -3  5    1   1   0   1   0   0   1   1   0  31  18   1   1   0   1   1   1   0   0  43  0.80 inf
  127 E   -3 -3 -3 -1 -5 -1  7 -4 -3 -5 -5 -2 -4 -5 -3 -3 -3 -5 -4 -4    1   1   0   1   0   0  90   1   0   1   1   1   0   0   1   1   1   0   0   1  1.80 inf
  128 M   -3 -3 -4 -5 -3 -3 -4 -4 -4 -1  4 -4  8 -1 -4 -4 -3 -3 -3 -1    1   1   0   1   0   0   1   1   0   1  37   1  52   1   1   1   1   0   0   1  1.38 inf
  129 K   -2  6 -2 -3 -4  0 -1 -3 -2 -4 -4  5 -3 -4 -3 -2 -2 -4 -3 -4    2  47   0   1   0   3   1   1   0   1   1  38   0   0   1   2   1   0   0   1  1.13 inf
  130 D   -3 -4 -1  7 -5 -3 -1  1 -3 -5 -5 -3 -5 -5 -3 -2 -3 -5 -5 -5    1   1   0  79   0   0   1  12   0   1   1   1   0   0   1   1   1   0   0   1  1.67 inf
  131 R   -3  7 -3 -3 -5 -1 -2 -4 -1 -4 -2  4 -3 -4 -4 -2 -3 -4 -4 -4    1  59   0   0   0   0   0   1   1   0   4  28   0   0   0   1   0   0   0   0  1.30 inf
  132 F   -2 -4 -5 -5 -2 -4 -4 -5 -4  1  5 -4  0  5 -5 -4 -3 -3 -1  0    3   0   0   0   1   0   1   0   0   6  58   0   1  24   0   0   0   0   0   5  0.90 inf
  133 K    0 -1 -2  1 -4 -1 -1  1 -3 -3  0  5 -2 -4  1 -1 -1 -4 -3 -3    9   1   1   7   0   1   2  12   0   1  11  43   0   0   7   3   2   0   0   0  0.41 inf
  134 G    1 -1  0  2 -3  1  1  3 -1 -3 -1  1 -2 -3 -1  0 -1 -4 -3 -2   16   2   4  12   0   6   8  23   1   0   7  11   0   0   1   4   2   0   0   2  0.24 inf
  135 L   -2 -4 -3 -1 -3 -3 -1 -3 -4  0  3 -3  2  1 -2 -3 -1  8 -1  0    2   0   1   4   0   0   5   1   0   3  32   0   6   7   3   1   3  27   0   5  0.78 inf
  136 H    1 -1  0  0 -3  1  2  1  1 -1  0  0 -1 -1 -1  1  0 -3 -2 -1   10   1   4   3   0   8  16  12   3   3  11   4   2   2   3  15   3   0   0   2  0.12 inf
  137 G    0 -2  0 -1 -3  0  0  4  0 -2 -1  0 -2 -2  0  0  1 -3 -3 -2    8   1   4   2   0   4   5  33   3   1   6   6   0   1   5   8  10   0   0   2  0.27 inf
  138 D    1 -1  1  3 -3  0  0  1 -1 -3 -2  1 -1 -3  0  1  0 -2 -2 -2   12   1   5  24   0   5   5   9   1   0   2   8   1   0   3  12   7   1   1   3  0.23 inf
  139 L    0 -2 -1 -1 -2 -1 -1  0 -2  0  2 -1  1  0  1  0  0 -2 -1  0   10   1   2   4   0   3   2   6   0   5  25   4   4   6   7   9   6   0   0   6  0.07 inf
  140 F    1 -2 -1 -1 -2 -1 -1  1 -1 -1  1 -1 -1  3  1  0  0 -2 -1  0   13   1   1   3   0   1   3  11   1   2  14   3   0  18   6   9   8   0   0   6  0.10 inf
  141 T    1 -2  1 -1 -2 -1 -1  1 -2 -1  0 -1 -1 -2  1  1  2 -3 -2  0   11   0   6   1   0   2   4  11   1   3  12   1   1   2   8   8  20   0   0   5  0.14 inf
  142 P    1 -2  0  0 -3 -1  0  1 -1 -2  0 -1 -1 -1  4  0  0 -1 -2 -1   11   0   5   6   0   2   6  14   1   1   9   1   2   3  21   7   4   1   0   4  0.25 inf
  143 A    2 -2  0  0 -2  0  0  1  0 -2 -1 -1 -1 -1  1  2  0 -3 -2 -1   23   0   2   5   0   4   4  10   2   0   5   0   1   2   7  20   5   0   1   6  0.18 inf
  144 A    2 -1 -1 -1 -2  0 -1  1 -1 -1  0 -1  0 -3  0  2  2 -3 -3 -1   19   3   1   3   0   3   2  14   1   2   9   1   2   0   5  16  14   0   0   4  0.16 inf
  145 D    1 -1  0  2 -3  0  1  1  1 -1 -1 -1 -1 -3  2  0  0 -3 -2 -1   12   2   4  16   0   3  10  10   4   4   5   3   1   0  10   7   5   0   0   4  0.16 inf
  146 L    1 -1 -1 -1 -2 -1 -1  1 -1  0  0 -1  0  0  2  0  1 -3 -2  0   20   2   2   1   0   1   4   9   2   8  12   2   3   4   9   6  10   0   1   5  0.09 inf
  147 V    2 -1 -1 -1 -2  1  0  0 -2 -1 -1 -1  1 -3  2  1  1 -3 -3  0   24   2   2   3   0  10   5   6   0   3   6   1   4   0   9   8  10   0   0   9  0.16 inf
  148 L    1 -1  0 -1 -2  0 -1  1  0  0  1 -1  0 -2  2  0  0 -3 -2  0   16   3   3   3   0   4   1  10   3   6  16   1   1   0  12   7   6   0   0   7  0.11 inf
  149 T    2 -1 -1 -2 -2  1 -1  1 -2 -1 -1 -1  0 -2  2  1  1 -3 -2  0   20   3   3   1   0   8   3   9   0   4   6   2   2   2  12  11  10   0   0   6  0.16 inf
  150 S    2 -2  0  0 -2  1 -1  0  0 -2 -2 -1 -1  0  2  2  1 -3 -2  0   21   1   5   5   0   7   2   8   2   1   4   1   1   5   8  15   8   0   0   6  0.16 inf
  151 A    3 -2  0 -2 -2  0 -1  0 -1 -1 -2 -1 -1 -2  2  1  1 -4 -2  1   28   1   4   1   0   4   2   6   1   3   3   2   1   2  11  12   8   0   0  12  0.21 inf
  152 T    2  0  0 -1 -2  1 -1  0  0 -1 -2 -1 -2 -3  2  1  1 -4 -3  1   22   5   4   1   0   6   2   7   3   1   3   3   0   0  12   7  11   0   0  12  0.19 inf
  153 D    1 -1  3  1 -3  0  0 -1  1 -2 -2 -1 -2 -3  2  2  1 -4 -2 -2   16   2  20   6   0   2   3   3   4   1   2   3   1   0  11  17   7   0   0   3  0.28 inf
  154 D   -2 -2  1  6 -4  0  0 -1  0 -3 -4 -2 -3 -5 -3  3  0 -5 -4 -3    1   2   6  46   0   3   4   5   2   1   1   1   1   0   0  22   4   0   0   1  0.75 inf
  155 A    4 -3  0 -2 -3 -2 -2 -2  1  0 -2 -2 -2 -3  4  0 -1 -3 -3 -1   46   0   4   2   0   1   1   1   4   7   2   1   0   0  20   6   2   0   0   3  0.57 inf
  156 E    0  2 -1 -1 -3  2  2 -2 -2 -1 -1  1  0 -2 -2  0  0 -3 -2  0   10  10   1   1   0  13  20   1   0   3   6  10   2   1   0   6   5   0   0  10  0.20 inf
  157 Q    2 -2  1  2 -2  2  2  0 -1 -3 -3 -1 -3 -4 -2  2  0 -4 -3 -2   24   0   6  13   0  10  14   7   1   1   1   1   0   0   1  17   3   0   0   2  0.32 inf
  158 E   -3 -3 -2  6 -6 -1  6 -4 -3 -6 -6 -2 -5 -6 -4 -2 -3 -6 -5 -5    2   0   0  46   0   1  48   0   0   0   0   0   0   0   0   2   0   0   0   1  1.50 inf
  159 A    6 -4 -4 -5 -3 -4 -3 -3 -4  3 -3 -4 -3 -4 -4 -2 -3 -5 -4  0   77   0   0   0   0   0   1   0   0  18   0   0   0   0   0   0   0   0   0   4  1.22 inf
  160 V   -1 -2 -3 -3 -2  0  2 -4 -2  3  2 -2  0 -2 -3 -2 -1 -4 -3  3    5   1   0   0   0   3  18   0   1  18  22   1   2   0   0   1   3   0   0  24  0.35 inf
  161 A    3 -3  3 -1 -3  1 -1 -1 -1 -4 -4 -2 -3 -4 -3  4  0 -5 -4 -2   28   0  15   2   0   8   3   2   1   0   0   0   0   0   0  37   2   0   0   3  0.59 inf
  162 A    7 -4 -5 -5 -3 -4 -4 -2 -5 -4 -3 -4 -4 -5 -4 -2 -3 -6 -5 -3   98   0   0   0   0   0   0   1   0   0   1   0   0   0   0   0   0   0   0   0  1.78 inf
  163 L   -4 -5 -6 -7 -4 -5 -6 -7 -6 -1  6 -5  0 -2 -6 -5 -4 -5 -4 -1    0   0   0   0   0   0   0   0   0   0  98   0   0   0   0   0   0   0   0   1  1.74 inf
  164 V   -2 -3 -4 -4  0  2 -1 -5 -4  4  2 -3  1 -2 -4 -3 -1 -4 -3  3    2   0   0   0   2  10   5   0   0  25  25   0   4   0   0   0   2   0   0  26  0.51 inf
  165 A    6 -4 -3 -4 -3  0 -3 -2 -4 -4 -3 -3 -3 -5 -3  3 -1 -5 -4 -3   67   0   0   0   0   4   0   2   0   0   1   0   0   0   0  24   2   0   0   0  1.10 inf
  166 L   -4 -5 -6 -6 -4 -5 -6 -6 -6 -1  6 -5 -1 -2 -6 -5 -4 -4 -4 -2    0   0   0   0   0   0   0   0   0   0  98   0   0   1   0   0   0   0   0   0  1.73 inf
  167 G   -3 -5 -3 -4 -6 -5 -5  7 -5 -7 -7 -5 -6 -6 -5 -3 -5 -6 -6 -6    0   0   0   0   0   0   0 100   0   0   0   0   0   0   0   0   0   0   0   0  2.38 inf
  168 Y   -5 -5 -6 -7 -6 -5 -6 -7 -2 -5 -5 -5 -4  1 -7 -5 -5 -1 10 -5    0   0   0   0   0   0   0   0   0   0   0   0   0   3   0   0   0   0  97   0  3.05 inf
  169 K   -3  1  2 -3 -5 -1 -2 -4 -3 -5 -5  7 -4 -6 -4  2 -2 -6 -4 -5    0   5   9   0   0   0   0   0   0   0   0  71   0   0   0  13   1   0   0   0  1.33 inf
  170 P   -1 -4 -2  2 -5 -1  2 -3 -1 -5 -3 -3 -5 -6  7 -3 -2 -6 -5 -5    5   0   1  11   0   2  12   1   2   0   3   0   0   0  61   1   2   0   0   0  1.48 inf
  171 Q    2  1 -1 -2 -4  4 -1 -3 -2 -2 -2  2  0 -4  0 -1  0 -4 -3  0   21   8   3   0   0  28   0   0   0   1   2  15   2   0   5   1   7   0   0   6  0.41 inf
  172 E   -3 -3 -3  3 -6  4  6 -5 -3 -3 -5 -1 -2 -6 -4 -3 -3 -5 -5 -4    0   0   0  13   0  17  65   0   0   2   0   1   1   0   0   0   0   0   0   1  1.34 inf
  173 A    7 -4 -4 -4 -3 -4 -4 -2 -5 -3 -4 -4 -4 -5 -4 -1 -2 -6 -5 -2   94   0   0   0   0   0   0   1   0   1   0   0   0   0   0   2   0   0   0   2  1.66 inf
  174 S    2 -2 -1  0 -3  2  1 -2 -2 -3 -1 -1 -1 -4 -3  4  1 -4 -3 -3   21   1   2   3   0  12  10   1   0   1   6   1   2   0   0  34   7   0   0   0  0.42 inf
  175 R    1  4 -2 -3 -4  1 -2 -2 -3 -4 -2  5 -3 -5 -3 -1 -2 -1 -4 -3   15  28   0   0   0   4   0   1   0   0   4  42   0   0   0   2   1   1   0   1  0.78 inf
  176 M    4 -3 -4 -5 -2 -3 -4 -3 -4  0  1 -3  6 -2 -4 -2 -2 -1 -3  0   46   0   0   0   1   0   0   0   0   3  14   0  26   1   0   1   1   1   0   6  0.78 inf
  177 V    0 -4 -5 -5 -3 -4 -5 -5 -5  4  2 -4  1 -2 -4 -3 -1 -5 -3  5    7   0   0   0   0   0   0   0   0  24  16   0   3   0   0   0   2   0   0  48  0.84 inf
  178 S    1  2  1 -1 -4  2 -1 -2 -2 -4 -4  4 -2 -5 -3  2 -1 -5 -4 -3   15   9   6   2   0   8   1   1   0   0   1  34   0   0   0  22   2   0   0   0  0.53 inf
  179 K    3  0  0  0 -3  3 -1  0 -2 -4 -3  3 -3 -4 -2  0 -1 -4 -3 -3   30   4   5   3   0  14   1   5   1   0   2  24   0   0   1   7   1   0   0   0  0.42 inf
  180 I    1 -4 -5 -5 -3 -4 -4 -5 -5  3  2 -4  0 -2 -4 -3 -2 -4 -2  5   12   0   0   0   0   0   0   0   0  17  20   0   1   1   0   0   1   0   1  48  0.77 inf
  181 A    3 -2  0  1 -3  0  0 -1 -1 -3 -2  1 -2 -1  4  0 -1 -2  1 -2   27   0   4   8   0   3   4   2   1   0   2  11   0   2  20   4   2   0   7   1  0.35 inf
  182 R    2  0  0  1 -3  1  1 -1 -1 -2 -2  3 -2 -4 -1  0  0 -4 -3 -1   21   3   4   9   0   7  11   3   1   1   2  22   0   0   2   6   5   0   0   3  0.25 inf
  183 P    0 -2 -1  4 -4  0  3  0 -2 -3 -4  0 -3 -4  4 -1 -1 -4 -4 -3    6   1   1  25   0   4  23   7   0   1   1   4   0   0  19   4   3   0   0   1  0.58 inf
  184 D    0 -3  0  3 -3 -2  0  4 -1 -2 -4 -2 -3 -1 -3  0  0 -4 -2 -1    8   0   4  22   0   0   6  37   1   2   0   1   0   2   0   4   5   0   1   6  0.50 inf
  185 A    1 -2 -2  0 -1 -1 -2  0 -2  0  2 -1  4 -2 -3 -1  1 -3 -3  0   14   1   0   6   1   2   1   9   1   5  20   3  20   0   0   3  10   0   0   4  0.20 inf
  186 S   -1 -2  0  2 -3 -2  0  0 -3 -3 -4 -2 -3 -4 -2  4  2 -5 -4  1    1   1   4  13   0   0   7   5   0   0   0   1   0   0   1  41  16   0   0  10  0.52 inf
  187 S    1 -3 -2 -3  4 -3 -3 -3 -4 -3 -2 -3 -3 -4 -3  5  2 -5 -4  2    9   1   1   0   9   0   0   0   0   0   2   0   0   0   1  52   9   0   0  16  0.76 inf
  188 E    0 -3 -2 -1 -5  0  7 -4 -3 -5 -5 -2 -4 -5 -4  1 -2 -5 -4 -5    6   0   1   1   0   2  75   1   0   0   0   0   0   0   0  12   1   0   0   0  1.40 inf
  189 T    0 -2 -1  4 -1  3  3 -2 -2 -3 -4 -1 -2 -4 -3 -1  2 -4 -3 -2   10   0   1  28   2  15  22   2   0   1   1   1   1   0   0   3  12   0   0   2  0.53 inf
  190 L   -3 -4 -4 -5 -2 -4 -5  3 -5  3  4 -4  2 -2 -5 -3 -2 -4 -3  0    0   0   0   0   0   0   0  22   0  19  50   0   5   0   0   0   1   0   0   3  0.73 inf
  191 I   -4 -6 -7 -6 -4 -6 -6 -7 -7  8 -1 -6 -2 -3 -6 -6 -4 -6 -4  0    0   0   0   0   0   0   0   0   0  97   1   0   0   0   0   0   0   0   0   2  2.17 inf
  192 R   -4  7 -3 -4 -6 -1 -3 -5 -3 -6 -5  4 -3 -6 -5 -4 -4 -6 -2 -5    0  73   0   0   0   1   0   0   0   0   0  24   0   0   0   0   0   0   1   0  1.84 inf
  193 E    1  1 -2  0 -3  2  2 -3  0 -2  2  0  0 -2 -3 -1 -2 -2 -2 -2   17   9   0   6   0  12  16   0   2   1  24   5   1   1   0   3   0   0   0   1  0.23 inf
  194 A    7 -4 -4 -5 -3 -4 -4 -3 -5 -4 -5 -4 -4 -5 -4  0 -2 -6 -5 -3   93   0   0   0   0   0   0   0   0   0   0   0   0   0   0   6   1   0   0   0  1.71 inf
  195 L   -4 -5 -7 -7 -4 -5 -6 -7 -6 -1  7 -6 -1 -2 -6 -6 -4 -5 -4 -2    0   0   0   0   0   0   0   0   0   0 100   0   0   0   0   0   0   0   0   0  1.83 inf
  196 R   -4  5 -3 -3 -6  3 -2 -4 -3 -6 -5  6 -4 -6 -4 -3 -3 -6 -4 -5    0  26   0   0   0  13   0   0   0   0   0  60   0   0   0   0   0   0   0   0  1.45 inf
  197 A    4  0  1 -3 -3 -1 -2  1 -3 -4 -4 -1 -2 -4 -3  4 -1 -5 -4 -3   35   4   5   0   0   1   0  12   0   0   0   2   1   0   0  37   2   0   0   0  0.64 inf
  198 A    4 -4 -4 -5 -3 -3 -4 -4 -4 -2 -1 -4  8 -3 -4  0  0 -4 -4 -2   32   0   0   0   0   0   0   0   0   0   2   0  54   0   0   5   6   0   0   0  1.29 inf
  199 L   -3 -4 -5 -5 -3 -4 -5 -5 -5  3  4 -4  4 -2 -4 -4 -2 -4 -3  3    0   0   0   0   0   0   0   0   0  18  43   0  11   0   0   0   0   0   0  28  0.81 inf

                      K         Lambda
Standard Ungapped    0.1364     0.3192
Standard Gapped      0.0607     0.2670
PSI Ungapped         0.1971     0.3143
PSI Gapped           0.0607     0.2670
