
Last position-specific scoring matrix computed, weighted observed percentages rounded down, information per position, and relative weight of gapless real matches to pseudocounts
           A  R  N  D  C  Q  E  G  H  I  L  K  M  F  P  S  T  W  Y  V   A   R   N   D   C   Q   E   G   H   I   L   K   M   F   P   S   T   W   Y   V
    1 S    1 -2  2 -2 -3 -2 -2 -2 -2 -4 -4 -2 -3 -4 -3  5  3 -5 -3 -3    7   0  12   0   0   0   0   0   0   0   0   0   0   0   0  59  23   0   0   0  0.83 inf
    2 R   -4  8 -3 -5 -7  0 -3 -5 -3 -6 -5  0 -4 -6 -5 -4 -4 -6 -5 -6    0  97   0   0   0   2   0   0   0   0   0   1   0   0   0   0   0   0   0   0  2.31 inf
    3 H   -1 -1 -2 -2 -2  2 -2 -4  2 -3 -2  3 -2  3 -3  1 -1 -2  5 -2    3   1   1   2   1  10   1   0   5   0   3  21   0  12   0  11   2   0  26   2  0.47 inf
    4 E   -3 -1  1  6 -5  2  3 -3 -2 -5 -5 -1 -3 -5 -4 -1 -3 -6 -5 -4    0   2   4  55   0  12  21   1   0   0   0   1   1   0   0   2   0   0   0   1  1.13 inf
    5 K    0  0  2 -2 -1 -1 -2 -2 -2 -3 -3  4 -1 -4 -2  3  2 -5 -3 -1    4   2  13   0   1   1   0   1   1   0   1  34   1   0   1  22  12   0   0   6  0.45 inf
    6 S    0 -4 -2 -3  1 -3 -3 -2 -4 -5 -4 -3 -4 -5 -4  7 -1 -6 -5 -4    3   0   0   0   3   0   0   1   0   0   1   0   0   0   0  92   0   0   0   0  1.60 inf
    7 L   -4 -2 -6 -6 -4 -4 -5 -6 -5 -1  6 -5  0 -2 -5 -3 -4 -4 -4 -2    0   3   0   0   0   0   0   0   0   0  96   0   0   0   0   1   0   0   0   0  1.50 inf
    8 G    0 -3 -1 -3 -1 -1 -3  6  1 -3 -3 -3 -2 -2 -3  0 -1 -1 -1  0    5   0   1   0   1   2   0  60   4   0   2   0   1   2   0   7   3   1   2   8  0.80 inf
    9 L   -2 -2 -2 -3  1 -1 -2 -5 -3  1  4 -3  1  0 -4 -2 -1 -3  0  1    2   2   2   1   3   3   2   0   0   5  60   1   2   2   0   2   2   0   4   7  0.50 inf
   10 L   -4 -4 -5 -6 -4 -4 -5 -5 -5  0  6 -5  1 -1 -2 -4 -1 -4 -2 -1    0   0   0   0   0   0   0   0   0   1  89   0   1   1   2   0   3   0   1   1  1.26 inf
   11 T   -1 -4 -1 -4  7 -4 -4 -4 -4 -3 -4 -4 -3 -5 -4 -1  6 -5 -4 -2    4   0   3   0  22   0   0   0   0   0   0   0   0   0   0   1  69   0   0   2  1.47 inf
   12 T   -2  4 -2 -1 -1  2  1 -3 -2 -3 -3  5 -2 -4 -2  0  1 -4 -3 -2    1  21   0   1   2   8   5   0   0   0   2  41   0   0   1   7   8   0   0   2  0.61 inf
   13 K   -3  4  3 -3 -5 -1 -2 -1 -3 -3 -5  6 -4 -5 -4 -2 -3 -5 -4 -4    1  26  13   0   0   0   0   4   0   2   0  54   0   0   0   1   0   0   0   0  1.08 inf
   14 F   -5 -6 -6 -7 -5 -6 -6 -6 -4 -3 -2 -6 -1  9 -7 -5 -5 -2  0 -2    0   0   0   0   0   0   0   0   0   0   2   0   1  95   0   0   0   0   0   2  2.51 inf
   15 V   -2 -2 -4 -5 -2 -2 -4 -5 -4  4  3 -4  3 -2 -2 -3 -1 -4 -3  3    1   2   0   0   1   1   0   0   0  24  31   0  10   0   1   1   3   0   0  24  0.59 inf
   16 S    0  0  2  2 -3  2  1 -1  1 -3 -3  1 -3 -3 -2  1  0 -4 -2 -3    8   5  12  15   0  11   9   2   3   1   0  12   0   1   1  14   4   0   1   1  0.29 inf
   17 L   -2 -2 -5 -6 -4 -3 -4 -6 -5  0  6 -3  1 -1 -5 -4 -3 -4 -3 -1    2   2   0   0   0   0   1   0   0   3  85   1   3   2   0   0   0   0   0   2  1.20 inf
   18 L   -2 -4 -5 -5 -1 -3 -4 -5 -3  4  4 -4  3  0 -4 -4 -3 -2  4  1    1   0   0   0   1   1   0   0   0  24  39   0   7   2   0   0   0   0  19   6  0.71 inf
   19 Q   -1  2  1  0 -2  3  0 -1  0 -4 -3  3 -2 -3  1  0 -1 -2 -1 -3    2  13   8   3   1  20   3   3   1   0   1  22   1   1   7   8   1   1   2   0  0.38 inf
   20 E    0  2  1  1  0  3  3 -1  1 -3 -3  1  0 -4 -3  1 -1 -4 -2 -3    5  11   5   8   2  14  21   3   3   2   0   6   3   0   0  13   2   0   1   1  0.30 inf
   21 A    4 -3 -1  1 -1 -1  0  0 -3 -3 -4 -1 -3 -3 -2  3  0 -4  0 -2   44   0   2   8   1   1   4   4   0   0   0   2   0   0   1  26   3   0   4   2  0.49 inf
   22 K   -1 -1 -1  0 -4  0  2  0 -2 -3 -3  0 -3 -4  6  0 -1 -4 -2 -3    2   2   3   4   0   5  16   6   0   2   2   7   0   0  41   6   2   0   1   1  0.75 inf
   23 D   -2 -2  1  5 -4  0  2  1  0 -2 -4 -1 -3 -4  0 -1 -1 -4 -2  0    0   1   4  43   0   3  11  13   2   2   0   4   0   0   4   2   2   0   2   8  0.53 inf
   24 G   -1 -1 -1 -1  2  0  0  5  1 -3 -4 -1 -3 -4 -1 -1 -2 -4 -3 -3    1   3   2   2   6   4   6  58   4   2   1   3   0   0   2   3   1   0   1   1  0.74 inf
   25 V    0 -1 -1 -2  2 -2 -1 -3 -2  3  0 -2  1 -2 -2  1  1 -1 -2  2    6   2   2   1   5   1   3   0   1  22   7   0   3   0   1  12  10   1   0  24  0.18 inf
   26 L   -2 -4 -4 -5 -2 -4 -4 -5 -4  3  4 -4  1 -1 -3 -3 -2 -3 -3  2    0   0   0   0   1   0   0   0   0  20  58   0   2   0   1   1   1   0   0  15  0.72 inf
   27 D   -2 -3  1  7 -1 -2  0  0 -1 -5 -5 -2 -4 -2 -3  1 -2 -5 -2 -4    1   0   6  67   1   0   1   8   1   0   0   0   0   2   0   9   1   0   2   0  1.04 inf
   28 L   -3 -3 -5 -5 -3 -4 -4 -5 -4  1  6 -4  1 -1 -5 -3 -2 -3 -3  0    1   1   0   0   0   0   0   0   0   2  91   0   1   0   0   1   1   0   0   1  1.11 inf
   29 K   -3  0  6  3 -4 -1  0 -2  0 -4 -4  2 -3 -4 -3  0 -1 -5 -3 -4    0   4  50  18   0   1   3   1   1   0   0  13   0   0   0   5   2   0   0   0  0.77 inf
   30 L   -1  1  0  2 -3  1  2 -2  2 -2 -1  2  0 -3 -2  0 -1  1 -1 -1    4   5   3  16   0   5  16   0   6   2   5  22   2   0   0   4   2   2   1   6  0.22 inf
   31 A    5 -3 -3 -4  0 -3 -3 -2 -3 -1 -2 -1 -1 -3 -3 -1  0 -4 -3  2   70   0   0   0   1   0   0   0   0   1   0   2   1   0   0   1   3   0   0  21  0.75 inf
   32 A    5 -3 -3 -3  1 -2 -2 -2 -2 -3 -3 -1 -1 -3 -2  1  0 -4 -3  0   73   0   0   0   2   0   0   0   1   0   0   2   1   1   0  10   6   0   0   4  0.77 inf
   33 D    0  1  0  3 -3  1  2 -1 -2 -2 -3  1 -2 -4 -2  1  1 -4 -3 -2    6   6   2  23   0   4  19   2   0   2   1  10   0   0   0   9  13   0   0   2  0.32 inf
   34 T   -1  2  0 -1 -1  0  1 -3 -1  0 -2  2 -1 -2 -2  0  3 -3 -2  0    4  13   2   1   1   3   7   0   1   5   2  14   1   1   0   3  32   0   1   8  0.23 inf
   35 L   -3 -4 -5 -6 -3 -4 -5 -6 -5  1  6 -4  1 -1 -5 -4 -3 -3 -3  0    0   0   0   0   0   0   0   0   0   2  94   0   1   0   0   0   0   0   0   2  1.23 inf
   36 A    1  0  1  0 -2  1  2  3  0 -4 -3  0 -3 -4 -2  0 -1 -4 -3 -3   13   6   7   3   1   5  22  31   2   0   1   5   0   0   0   3   1   0   0   0  0.38 inf
   37 V   -1 -4 -3 -4 -2 -3 -4  0 -4  2 -1 -4 -1 -3 -4 -3  1 -4 -3  6    1   0   1   0   0   0   0  10   0   5   0   0   1   0   0   0   8   0   0  74  0.79 inf
   38 R    0  2  0 -1 -1  0  0  0  2 -1 -1  1 -1 -1 -1  0  1 -1 -1 -1    7  19   3   3   2   2   3   7   9   3   4   8   1   2   3   4  15   1   2   5  0.10 inf
   39 Q   -1  1 -1 -1 -3  5  3 -2 -1 -3 -3  2 -2 -3  1  0 -1 -3 -2 -3    2   4   1   1   0  42  18   1   0   1   2  13   0   1   5   4   1   0   1   1  0.58 inf
   40 K   -3  4 -2 -2 -5  0  1 -4 -2 -5 -4  6 -3 -5 -3 -2 -3 -5 -4 -4    0  26   0   0   0   0   9   0   0   0   0  64   0   0   0   0   0   0   0   0  1.14 inf
   41 R   -3  8 -2 -4 -5 -1 -2 -4 -2 -5 -4  0 -3 -5 -4 -3  1  2 -4 -4    0  88   0   0   0   0   0   0   0   0   0   0   0   0   0   0   9   3   0   0  1.63 inf
   42 R   -3  7 -2  1 -5 -1 -2 -4 -2 -5 -2  0 -3 -5 -4 -3 -3  2 -4 -4    0  85   0   9   0   0   0   0   0   0   3   0   0   0   0   0   0   3   0   0  1.50 inf
   43 I   -3 -4 -5 -5 -3 -4 -4 -5 -4  6  1 -4  1 -2 -4 -4 -2 -4 -3  3    0   0   0   0   0   0   0   0   0  71   8   0   4   0   0   0   0   0   0  15  0.99 inf
   44 Y   -3 -3 -4 -4 -4 -3 -4 -4  0 -3 -3 -3 -3  1 -4 -3 -3  0  9 -3    1   0   0   1   0   0   1   1   0   0   1   1   0   0   0   1   1   0  91   1  2.09 inf
   45 D   -4  1 -1  8 -6 -2  0 -3 -3 -5 -6 -2 -5 -6 -4 -2 -3 -6 -5 -5    0   9   0  91   0   0   0   0   0   0   0   0   0   0   0   0   0   0   0   0  1.82 inf
   46 I   -3 -5 -5 -5 -3 -4 -5 -6 -4  7  0 -4 -1 -1 -5 -4 -2 -3  2  2    0   0   0   0   0   0   0   0   0  79   0   0   0   0   0   0   0   0   9  12  1.19 inf
   47 T   -2 -3 -2 -3 -3 -3 -3 -4 -4  0 -2 -3 -1 -4 -3 -1  7 -4 -3  2    1   0   0   0   0   0   0   0   0   3   0   0   1   0   0   0  79   0   0  15  1.16 inf
   48 N   -3 -3  8 -1  1 -2 -2 -2 -2 -5 -6 -2 -4 -5 -4  0 -2 -6 -4 -5    0   0  89   0   3   0   0   2   0   0   0   0   0   0   0   6   0   0   0   0  1.74 inf
   49 V   -1 -4 -5 -5 -1 -4 -4 -5 -5  2 -1 -4 -1 -3 -4 -3 -1 -5 -3  6    4   0   0   0   1   0   0   0   0   4   0   0   0   0   0   0   2   0   0  89  1.21 inf
   50 L   -3 -4 -5 -6 -3 -4 -5 -6 -5  0  6 -4  0 -1 -5 -4 -3 -4 -3 -1    0   0   0   0   0   0   0   0   0   0 100   0   0   0   0   0   0   0   0   0  1.38 inf
   51 E   -2 -2 -1  1 -5  0  7 -2 -1 -5 -5 -1 -4 -4 -3 -2 -3 -4  1 -3    1   0   2   4   0   1  81   3   1   0   0   0   0   0   0   1   0   0   5   2  1.21 inf
   52 G   -1 -4 -2 -3 -4 -3 -4  6 -4 -5 -5 -3 -4 -2 -4  2 -3 -4 -4 -5    1   0   0   0   0   0   0  81   0   0   0   0   0   2   0  15   0   0   0   0  1.43 inf
   53 I   -3 -4 -5 -5 -3 -4 -5 -5 -5  6  1 -4  0  0 -4 -4 -2 -4 -2  3    0   0   0   0   0   0   0   0   0  66   6   0   1   4   0   0   1   0   0  22  0.96 inf
   54 G   -1 -2  0  1 -4  1  0  5  2 -4 -3  0 -2 -4 -3 -1 -2 -4 -3 -4    1   1   4   8   0   7   5  59   6   0   2   4   1   0   0   2   1   0   0   0  0.77 inf
   55 L   -2 -4 -5 -5 -3 -3 -4 -5 -4  2  5 -4  2  1 -4 -4 -2 -3  0  2    0   0   0   0   0   0   0   0   0   7  67   0   4   3   0   0   0   0   3  16  0.73 inf
   56 I   -2 -4 -4 -5 -3 -4 -4 -5 -5  6  2 -4  0 -2 -4 -3  0 -4 -3  3    0   0   0   0   0   0   0   0   0  63  16   0   1   0   0   0   4   0   0  17  0.84 inf
   57 E    0  0 -2  0 -3  1  5 -2 -2 -3 -4  1 -2 -4 -3  1  1 -4 -3 -2    5   4   0   1   0   5  54   2   0   1   0   5   0   0   0  12   8   0   0   3  0.66 inf
   58 K   -3  4 -2 -3 -6 -1 -2 -4 -3 -5 -5  7 -4 -5 -3 -3 -3 -5 -4 -5    0  19   0   0   0   0   0   0   0   0   0  81   0   0   0   0   0   0   0   0  1.56 inf
   59 K   -2  1 -1 -2  0  1  0 -2 -1 -1 -2  4 -1 -3 -1 -1  2  2 -1 -1    0   7   1   1   2   4   4   2   1   4   2  42   1   0   1   2  16   3   1   3  0.37 inf
   60 S    2 -1 -1 -2 -2 -1 -2  0 -2 -2  0 -1 -2 -3 -2  4  1 -4 -3 -2   17   2   2   0   0   1   1   5   1   1  12   1   0   0   1  52   5   0   0   1  0.48 inf
   61 K   -1  2 -2 -3 -5 -1 -1 -4 -1 -4 -4  7 -3 -5 -3 -2 -2 -5 -4 -1    3   6   0   0   0   0   1   0   1   0   1  83   0   0   0   0   0   0   0   4  1.34 inf
   62 N   -4 -2  8 -1 -1 -2 -3 -3 -1 -6 -6 -3 -5 -5 -4  0 -2 -6 -3 -5    0   1  90   0   1   1   0   0   1   0   0   0   0   0   0   5   0   0   1   0  1.93 inf
   63 S   -2  3  2 -2  0  2 -1 -3  5 -2 -2  2  0 -3 -3  1 -1 -4 -1 -2    1  18  10   0   3  13   0   0  19   2   3  12   3   0   0  13   2   0   1   2  0.40 inf
   64 I   -2 -4 -5 -5 -3 -4 -4 -5 -1  5  0 -4 -1  0 -4 -3 -2 -3  4  3    2   0   0   0   0   0   0   0   1  51   2   0   0   1   0   1   0   0  20  23  0.90 inf
   65 Q   -1  4 -1 -2 -1  5  0 -3  0 -3 -3  2 -1 -4 -3  1  0 -4 -2 -2    4  22   1   0   1  35   1   0   1   1   1  12   1   0   0   9   6   0   0   2  0.57 inf
   66 W   -6 -6 -7 -8 -6 -5 -6 -6 -6 -6 -3 -6 -5 -2 -7 -6 -6 13 -1 -6    0   0   0   0   0   0   0   0   0   0   2   0   0   0   0   0   0  98   0   0  4.39 inf
   67 K   -2  4 -1 -2 -5  1  1 -3 -2 -4 -4  6 -3 -4 -3 -2 -2 -4 -3 -4    0  22   0   0   0   3   7   0   0   0   0  67   0   0   0   0   0   0   0   0  0.98 inf

                      K         Lambda
Standard Ungapped    0.1331     0.3157
Standard Gapped      0.0539     0.2670
PSI Ungapped         0.1774     0.3152
PSI Gapped           0.0539     0.2670
