
Last position-specific scoring matrix computed, weighted observed percentages rounded down, information per position, and relative weight of gapless real matches to pseudocounts
           A  R  N  D  C  Q  E  G  H  I  L  K  M  F  P  S  T  W  Y  V   A   R   N   D   C   Q   E   G   H   I   L   K   M   F   P   S   T   W   Y   V
    1 Q   -3  2 -2 -2 -5  6  0 -4  1 -5 -4  4 -3 -5 -3 -2 -3 -4 -3 -4    0  10   0   0   0  55   2   0   2   0   0  30   0   0   0   0   0   0   0   0  1.17 inf
    2 A    1  1 -1 -1 -3  2  3 -2  2 -1 -1  3  0 -3 -2 -1  0 -3 -1 -2   11   5   2   0   0   9  22   0   5   4   8  21   2   0   0   2   7   0   1   0  0.26 inf
    3 G    0 -1  2  0 -3  3  0  0  0 -3 -3  2  1 -4 -2  2  1 -4 -3 -3    7   0  14   4   0  15   4   7   2   1   0  15   5   0   0  20   7   0   0   0  0.31 inf
    4 I    0 -1 -3 -4 -3 -3 -3 -4  1  4  1 -3  1  1 -2 -2  0 -3 -1  2    9   3   0   0   0   0   0   0   5  35   9   0   3   8   2   1   8   0   1  16  0.36 inf
    5 I   -4 -6 -6 -6 -4 -6 -6 -7 -6  7  1 -6  1 -1 -6 -5 -4 -5 -4  3    0   0   0   0   0   0   0   0   0  70  11   0   3   2   0   0   0   0   0  15  1.52 inf
    6 R   -1  2  3  0 -3  4  3 -1  1 -3 -4  1 -3 -4 -3 -1 -2 -5 -3 -3    3  10  15   5   0  26  16   4   3   1   0   8   0   0   0   4   2   0   1   1  0.54 inf
    7 D   -1  3  1  3 -1  2  2 -2  1 -3 -4  3 -3 -4 -3  1 -1 -4 -1 -3    5  14   5  17   1   9  12   2   3   1   1  17   0   0   0  10   2   0   2   0  0.39 inf
    8 L    3 -4 -4 -4 -3 -3 -4 -1 -4  2  2 -3  1 -2 -4 -1 -1 -4 -3  2   35   0   0   0   0   1   0   3   0  13  25   0   3   1   0   4   4   0   0  12  0.47 inf
    9 L   -4 -5 -6 -6 -4 -5 -5 -6 -5  5  4 -5  0 -2 -5 -4 -2 -5 -3  2    0   0   0   0   0   0   0   0   0  32  49   0   1   1   0   0   2   0   1  13  1.08 inf
   10 I    0 -1  1  3 -3  0  3 -3  0 -1 -2 -1 -1 -3 -4  0 -1  7 -1 -1    8   3   5  20   0   3  18   1   3   3   3   2   1   0   0   5   2  16   1   4  0.49 inf
   11 W   -6 -4 -6 -7 -6 -2 -6 -6  1 -5 -3 -6 -4  5 -7 -5 -5  9  7 -5    0   1   0   0   0   2   0   0   3   0   2   0   0  23   0   0   0  32  38   0  2.23 inf
   12 L   -3 -6 -7 -7 -5 -6 -7 -7 -7  8  0 -6  1 -3 -6 -6 -4 -6 -5  1    1   0   0   0   0   0   0   0   0  84   6   0   2   0   0   0   0   0   0   6  1.91 inf
   13 E   -5 -4 -2  1 -7 -1  7 -6  3 -7 -7 -3 -6 -7 -5 -4 -4 -7 -5 -6    0   0   1   7   0   1  84   0   7   0   0   0   0   0   0   0   0   0   0   0  2.01 inf
   14 G    0 -1  1  2  0  1  3  0 -1 -2 -3  1 -2 -4 -3  2  1 -4 -3 -3    7   1   7  13   2   7  19   5   1   2   1   8   1   0   0  17   8   0   0   1  0.31 inf
   15 H   -4 -1  7 -1 -6 -1 -2 -5  8 -7 -6 -2 -5 -6 -5 -2 -4 -6 -2 -6    1   2  46   2   0   2   1   0  41   0   0   1   0   0   0   1   0   0   1   0  1.89 inf
   16 L   -3 -5 -6 -6 -4 -5 -6 -6 -5  3  6 -4  0  2 -6 -4 -4 -4 -1 -1    1   0   0   0   0   0   0   0   0  14  71   1   1   7   0   1   0   0   2   2  1.18 inf
   17 D   -1  0  1  4 -3  1  3  0  1 -4 -4  0 -1 -3 -1  0  1 -4  0 -3    4   4   5  24   0   6  24   6   3   0   1   3   1   0   2   4   8   0   4   1  0.42 inf
   18 Q   -1 -1  1  1 -1  2  4 -2  1 -2 -3  1 -1 -4 -3  1 -1 -5 -4 -3    4   2   7   8   1  11  30   1   3   2   3  10   1   0   0  13   3   0   0   1  0.43 inf
   19 P   -1  1  2  3 -3 -1  1 -2 -2 -5 -5  1 -2 -5  5  0 -1 -5 -3 -4    4   9   9  16   1   2   9   2   1   0   0   8   1   0  29   6   2   0   1   0  0.64 inf
   20 L   -4 -5 -6 -6 -4 -3 -5 -6 -5  5  5 -4  1 -1  0 -5 -4 -5 -4  0    0   0   0   0   0   1   0   0   0  32  52   1   3   2   6   0   0   0   0   3  1.03 inf
   21 S   -1 -2  2  2 -2 -1 -1 -1 -2 -3 -3 -1 -2 -4 -3  4  4 -5 -4 -3    4   1   9  13   1   2   2   3   1   0   2   4   1   1   1  31  25   0   0   1  0.53 inf
   22 L   -2 -5 -5 -6 -2 -4 -5 -6 -5  4  4 -5  0 -2 -3 -3 -2 -5 -4  2    4   0   0   0   1   0   0   0   0  28  49   0   1   0   1   1   2   0   0  14  0.91 inf
   23 D   -1 -2  1  6 -6 -2  4 -3  0 -4 -5 -1 -5 -6 -3 -1 -1 -6 -5 -4    5   2   6  42   0   0  30   1   2   1   0   2   0   0   0   3   4   0   0   0  0.99 inf
   24 N   -2  0  2  5 -1  0  3 -3 -2 -1 -3  0 -2 -4 -3 -1  0 -5 -2 -2    2   5   9  35   1   3  18   1   1   4   3   5   1   0   0   4   5   0   1   2  0.54 inf
   25 V   -2 -5 -6 -6 -4 -5 -5 -6 -6  5  3 -5  0 -3 -5 -5 -3 -5 -4  4    2   0   0   0   0   0   0   0   0  36  26   0   1   0   0   0   0   0   0  34  1.10 inf
   26 A    6 -4 -4 -4 -1 -4 -3 -3 -5 -3 -4 -4 -2 -5 -4  2 -1 -6 -4  1   67   0   0   0   1   0   1   0   0   1   0   0   1   0   0  17   3   0   0   9  1.15 inf
   27 A    2  2  0  0 -1  2  2 -1 -1 -3 -2  2 -3 -4 -3  1 -1 -4 -3 -2   21   9   3   5   1  12  12   2   1   1   3  17   0   0   0   9   2   0   0   2  0.30 inf
   28 K    1  1 -1 -2 -1  2  0 -2  0  1 -1  3 -1 -1 -3 -1 -1 -3  1  0   14   7   2   1   1   9   6   1   2  13   2  22   1   2   0   3   2   0   6   5  0.18 inf
   29 A    4 -4 -3 -4  2 -3 -3 -2 -4 -2 -4 -3 -1 -2 -4  4  1 -5 -4  0   36   0   0   0   4   0   0   1   0   2   0   0   2   2   0  40   7   0   0   6  0.77 inf
   30 G   -1 -5 -2 -2  5 -4 -5  6  1 -6 -4 -3 -4 -2 -5 -2 -4 -3 -1 -5    3   0   1   2  12   0   0  68   4   0   2   1   0   2   0   2   0   0   2   0  1.37 inf
   31 Y   -4 -5 -5 -6 -3 -3 -5 -6 -2 -1  0 -5  1  3 -6 -3 -4  5  8  1    0   0   0   0   0   1   0   0   0   2   9   0   3  12   0   2   0   7  54   9  1.50 inf
   32 S   -2 -2 -2 -4 -2 -4 -4 -4 -4 -6 -6 -4 -5 -6 -4  7  0 -6 -5 -5    0   1   1   0   1   0   0   0   0   0   0   0   0   0   0  94   4   0   0   0  1.97 inf
   33 K   -1  5 -2 -3 -4  0 -1 -4 -2 -4 -3  4 -3 -4  2 -2 -1 -4  2 -3    4  38   0   1   0   3   1   0   0   0   2  25   0   0  11   2   3   0   8   1  0.79 inf
   34 W   -5  3 -5 -6 -6 -4 -5 -4  0 -5 -4 -4 -4  5 -6 -4 -5 10  5 -4    0  17   0   0   0   0   0   1   2   0   0   0   0  23   0   1   0  34  22   1  1.92 inf
   35 H   -3 -4 -1 -5 -6  2 -4 -4 10 -6 -6 -4 -5 -2 -6 -2 -4 -5  4 -4    2   0   3   0   0   8   0   1  70   0   0   0   0   2   0   2   0   0  11   1  2.27 inf
   36 L   -4 -5 -6 -6 -4 -5 -6 -6 -5  1  4 -5  2  5 -6 -5 -4  0  1  0    0   0   0   0   0   0   0   0   0   7  50   0   5  29   0   0   0   1   3   4  1.11 inf
   37 Q   -3 -3 -1 -4  1  7 -2 -5  5 -4 -5 -2 -4 -5 -5  1  0 -5  0 -3    1   0   2   0   3  59   0   0  13   1   0   0   0   0   0  11   6   0   3   2  1.36 inf
   38 R   -5  8  0 -1 -6 -2 -3 -6 -4 -4 -1  0 -4 -4 -5 -4 -2 -6 -4 -5    0  79   4   3   0   0   1   0   0   1   6   3   0   1   0   0   2   0   0   0  1.75 inf
   39 M    0 -4 -4 -5 -3 -1 -4 -4 -4  3  3 -1  5  0 -4 -3 -1 -4 -2  3    8   0   0   0   0   2   0   1   0  17  26   3  18   3   0   1   2   0   1  19  0.53 inf
   40 F   -4 -7 -7 -8 -6 -7 -7 -7 -5 -4 -3 -7 -4  9 -8 -6 -6 -3  0 -5    1   0   0   0   0   0   0   0   0   0   1   0   0  97   0   0   0   0   1   0  2.97 inf
   41 K    0  1 -1 -3 -3  3 -1 -1  1 -3 -2  4  0 -2 -2  0  0 -4 -1 -3    6   5   2   0   0  18   2   4   4   0   3  36   2   2   1   6   5   0   2   1  0.45 inf
   42 D    3  0  0  1 -3  1  1 -1  0 -2 -1  0  0 -1 -3  1 -1 -1 -2 -1   28   3   4   7   0   7  12   2   3   1   7   5   2   2   0  11   2   1   1   3  0.18 inf
   43 V    0 -1 -2 -3 -2  0  0 -3  1  2  1 -1  2  0 -3 -1 -1 -3  1  2    8   3   2   0   1   5   7   1   4  14  13   4   6   4   0   3   3   0   7  19  0.13 inf
   44 T   -1 -4 -3 -4  1 -4 -4 -3 -5  0 -1 -4  2 -3 -4  0  6 -5 -2  1    3   0   0   0   3   0   0   1   0   5   4   0   6   1   0   4  62   0   1  11  1.05 inf
   45 G   -3 -3 -1 -3 -6 -3 -5  7  1 -7 -7 -2 -6 -6 -5 -3 -5 -6 -6 -7    0   1   3   1   0   1   0  88   3   0   0   2   0   0   0   1   0   0   0   0  2.01 inf
   46 H   -2 -1 -1 -1 -2  0  2 -3  3  1  1 -2  2  2 -4 -2 -1  1  0  1    0   2   2   3   1   5  16   1   8   6  16   1   7  10   0   0   2   2   3  12  0.19 inf
   47 A    1 -4  0 -3 -4 -1 -3 -3 -4 -3 -5 -3 -3 -5  3  4  4 -5 -4 -3   10   0   5   0   0   3   0   0   0   1   0   1   0   0  15  38  27   0   0   1  0.84 inf
   48 I   -3 -5 -6 -6 -4 -5 -5 -6 -6  4  3 -5  1 -1 -2 -4 -3 -5 -3  5    0   0   0   0   0   0   0   0   0  26  25   0   2   2   2   0   0   0   0  43  0.99 inf
   49 G    2 -3 -3 -4 -4  0 -3  5  1 -3 -3 -1  4 -4 -4  0 -1 -4 -2 -2   20   0   0   0   0   4   0  41   4   1   0   4  13   0   0   7   2   0   1   2  0.68 inf
   50 A    0  1  1  0 -3  1  2  0  1 -4 -3  1 -3 -4 -3  2  2 -4 -3 -3    9  10   6   5   0   7  16   6   3   0   1  10   0   0   0  14  13   0   0   0  0.30 inf
   51 Y   -6 -3 -6 -7 -7 -6 -6 -7 -2 -6 -5 -6 -5  0 -7 -6 -6 -2 10 -5    0   1   0   0   0   0   0   0   0   0   0   0   0   1   0   0   0   0  98   0  3.30 inf
   52 I   -3 -5 -6 -6 -1 -5 -6 -6 -6  7  0 -5  0 -3 -5 -5 -1 -5 -4  3    2   0   0   0   1   0   0   0   0  63   7   0   2   0   0   0   4   0   0  22  1.31 inf
   53 R   -5  8 -3 -5 -7  1 -3 -6 -4 -6 -4  1 -3 -6 -5 -3 -4 -6 -5 -6    0  82   1   0   0   6   1   0   0   0   2   6   0   0   0   1   0   0   0   0  2.03 inf
   54 A    1  3  1 -2 -4  1  1  1 -2 -4 -1  3 -1 -4 -3  0 -2 -4 -3 -3   15  16   7   0   0   5  11  11   0   0   6  20   1   0   0   6   1   0   1   1  0.31 inf
   55 R   -5  8 -4 -5 -7 -1 -4 -6 -4 -5 -1 -1 -5 -6 -6 -4 -5 -6 -5 -4    0  88   0   0   0   2   0   0   0   1   7   2   0   0   0   0   0   0   0   1  2.23 inf
   56 R   -5  8 -4 -5 -7 -2 -4 -6 -4 -3 -6  3 -5 -6 -6 -4 -5 -6 -5 -3    0  83   0   0   0   0   0   0   0   1   0  14   0   0   0   0   0   0   0   2  2.18 inf
   57 L   -3 -5 -7 -7 -4 -5 -6 -7 -6  1  6 -6  1 -1 -6 -6 -4 -5 -4 -1    1   0   0   0   0   0   0   0   0   6  86   0   3   1   0   0   0   0   0   3  1.59 inf
   58 S    1 -3 -3 -3  2 -3 -2 -4 -3 -3 -5 -3 -3 -5 -4  5  5 -5 -1 -3    8   1   0   1   4   0   1   0   0   1   0   1   0   0   0  46  34   0   2   1  1.00 inf
   59 K   -1  4 -1 -2  1  1  3 -3 -1 -2  0  2  1 -2 -4 -2 -2 -2  0 -2    4  24   3   1   4   5  21   1   1   2  10  11   5   1   0   1   0   0   3   2  0.35 inf
   60 S    7 -5 -5 -5 -1 -4 -4 -2 -5 -5 -5 -4 -5 -6 -4  1 -2 -6 -5 -4   86   0   0   0   1   0   0   1   0   0   0   0   0   0   0  10   1   0   0   0  1.73 inf
   61 A    7 -5 -5 -5 -4 -4 -4 -2 -5 -5 -3 -4 -4 -4 -4 -2 -2 -6 -5 -2   91   0   0   0   0   0   0   2   0   0   3   0   0   1   0   1   1   0   0   2  1.77 inf
   62 V   -1  2 -1 -1 -2  1  1 -2  1  0  0  0  1  0 -1 -1  1  0  0  1    2  12   1   2   0   8  12   2   3   7   9   6   4   3   2   1   9   1   3  13  0.09 inf
   63 A    2  1 -2  0 -2  1  2 -3 -2 -1  1  0  1 -2 -3 -1 -1 -2 -1 -1   22   9   1   6   0   6  17   0   0   2  19   4   3   0   0   3   2   0   2   3  0.19 inf
   64 L   -5 -6 -7 -7 -5 -6 -6 -7 -6  0  6 -6 -1 -3 -6 -6 -5 -5 -4  0    0   0   0   0   0   0   0   0   0   3  92   0   0   0   0   0   0   0   0   5  1.80 inf
   65 R    1  4 -3 -4 -2 -1 -1 -4 -1  1  1  2 -1 -1 -4 -1 -2 -4 -3  1   12  30   0   0   1   1   2   0   2   7  15  13   1   2   0   3   1   0   0  10  0.38 inf
   66 L   -1 -1  1  0 -3  0 -1 -1  2  0  2 -2  0  1 -3  0 -1 -1  2 -1    4   2   7   7   0   4   4   5   5   5  31   1   0   6   0   6   3   0   8   1  0.12 inf
   67 T   -2 -3 -2 -3 -4 -3 -2  2 -2 -4 -4 -2 -3 -5 -4  2  6 -5 -3 -3    0   0   1   1   0   0   2  15   1   0   0   1   0   0   0  16  62   0   1   0  1.15 inf
   68 A    1  1  3  2 -4  1  1 -1  1 -4 -4  2 -3 -4 -1  2 -1 -5 -3 -4   11   9  14  15   0   5   7   4   3   0   0  12   0   0   2  16   2   0   0   0  0.36 inf
   69 R   -1  3 -1  0 -1  2  1 -2  0 -2  0  2  1 -3  0  0 -1  0 -2 -2    3  18   2   4   1  10   9   3   2   1  12  14   6   0   5   5   2   1   1   1  0.20 inf
   70 P   -2  2  1  2 -4 -2 -2 -1 -2 -5 -5  2 -4 -5  4  3  1 -5 -4 -4    1  14   5  11   0   0   0   3   0   0   0  15   0   0  20  24   7   0   0   0  0.59 inf
   71 I   -3 -5 -6 -6 -4 -3 -5 -6 -6  6  1 -5  1 -3 -5 -3 -3 -5 -4  4    0   0   0   0   0   1   0   0   0  59   8   0   3   0   0   2   0   0   0  27  1.24 inf
   72 L    0 -4 -4 -4 -3 -3 -4 -4 -4  4  4 -4  2  0 -4 -1  0 -4 -1  0    7   0   0   1   0   1   0   1   0  26  46   0   4   3   0   4   4   0   1   4  0.61 inf
   73 D   -2 -3  0  6 -2 -1  3 -3  1 -3 -5 -2 -5 -5 -3 -1 -1 -6 -4 -4    2   1   2  57   1   2  18   1   3   2   0   0   0   0   0   4   4   0   0   0  1.11 inf
   74 I   -3 -6 -6 -6 -4 -6 -6 -7 -6  7  0 -6  0 -3 -6 -5 -3 -6 -4  3    1   0   0   0   0   0   0   0   0  80   5   0   1   0   0   0   0   0   0  13  1.68 inf
   75 A    6 -4 -4 -4 -3 -4 -4 -1 -4 -4 -5 -4 -4 -5 -4  2 -3 -6 -5 -2   82   0   0   0   0   0   0   2   0   0   0   0   0   0   0  15   0   0   0   2  1.45 inf
   76 L   -3 -4 -2 -1 -1 -3 -2 -3 -1  2  4 -4  2  1 -4 -3 -2 -1 -1  1    1   0   2   5   1   0   3   2   2  11  51   0   6   5   0   1   1   1   1   7  0.49 inf
   77 Q    0  2 -1  3  0  2  2 -1 -1 -3 -3  2 -3 -2 -3  1 -1  0 -3 -3    7  14   1  16   3   9  17   3   0   1   2  12   0   2   0   9   2   1   0   0  0.33 inf
   78 Y    1 -4 -2 -5  2 -3 -4 -4  0 -2  2 -4  1  3 -4 -1 -2 -2  6  0   15   0   2   0   5   0   0   0   2   1  20   0   4   9   0   3   1   0  34   5  0.65 inf
   79 R   -2  1 -1 -1  2  2 -3  5  2 -5 -4 -1 -4 -3 -4 -2 -3 -5 -2 -5    0   7   2   3   5  13   0  55   6   0   1   2   0   1   0   2   0   0   1   0  0.90 inf
   80 F   -5 -6 -6 -7 -6 -6 -6 -7 -3 -4 -3 -6 -4  8 -7 -5 -5 -2  7 -4    0   0   0   0   0   0   0   0   0   0   0   0   0  57   0   0   0   0  43   0  2.33 inf
   81 D   -2 -3  1  5 -2  1  2  2 -1 -5 -5 -2 -4 -5 -4  0  0 -5 -5 -5    2   0   5  43   1   7  15  14   1   0   0   1   0   0   0   7   5   0   0   0  0.80 inf
   82 S   -2 -4  1 -3 -4 -3 -3 -1 -4 -5 -5 -3 -4 -5 -4  6  2 -5 -1 -4    0   0   5   0   0   0   0   2   0   0   0   0   0   0   0  78  13   0   2   0  1.35 inf
   83 Q   -2 -1 -3 -3 -5  7  1 -4  5 -5 -5 -1 -3 -5  2 -1 -1 -5 -1 -2    2   1   0   0   0  55   6   1  15   0   0   1   0   0   9   3   2   0   2   3  1.13 inf
   84 Q   -2 -1 -1 -1 -5  6  5 -4 -1 -2 -5 -1 -3 -5 -1 -2 -2 -5 -4 -3    3   2   1   1   0  44  37   0   1   3   0   0   0   0   3   1   1   0   0   2  1.09 inf
   85 T    3 -3  1 -3 -3 -2 -3 -1  0 -4 -4 -3 -3 -4 -3  4  3 -5 -4 -2   33   0   6   0   0   0   0   3   2   0   0   0   0   0   0  30  24   0   0   2  0.69 inf
   86 F   -5 -6 -6 -7 -6 -6 -6 -6 -4 -3 -1 -6 -3  9 -7 -6 -5 -2  2 -4    0   0   0   0   0   0   0   0   0   0   3   0   0  93   0   0   0   0   4   0  2.55 inf
   87 T    0 -3  1 -3  1 -1 -3 -1 -1 -3 -3 -3 -3 -5 -3  4  5 -5 -4 -3    4   0   5   0   3   2   0   4   2   1   1   0   0   0   0  30  48   0   0   0  0.86 inf
   88 R   -4  8 -3 -5 -6 -2 -3 -5 -3 -3 -5  2 -4 -6 -5 -4 -4 -6 -5 -3    0  87   0   0   0   0   0   0   0   2   0   9   0   0   0   0   0   0   0   2  2.02 inf
   89 A    5 -2 -3 -3  0 -2  1  0 -4 -3 -3 -3 -1 -4 -2  0 -1 -5 -4  0   64   2   0   0   2   0  12   5   0   0   1   0   1   0   1   4   3   0   0   5  0.77 inf
   90 F   -6 -6 -7 -7 -6 -7 -7 -7 -5 -3 -3 -7 -3  9 -7 -6 -6 -2  0 -4    0   0   0   0   0   0   0   0   0   0   0   0   0 100   0   0   0   0   0   0  2.87 inf
   91 K   -2  4 -2 -3 -2  1  0 -3 -3 -5 -3  6 -1 -3 -4 -1 -2 -5 -4 -3    1  18   1   0   1   4   5   1   0   0   1  61   1   1   0   2   2   0   0   1  1.04 inf
   92 K    0  2  2  0 -4  3  0 -2  1 -4 -4  5 -3 -5 -3  0 -2 -5 -2 -4    7   7   8   5   0  12   4   2   3   0   1  42   0   0   0   7   1   0   1   0  0.58 inf
   93 Q   -1  1  0 -3 -1  4 -1 -4  3  0  0 -1  2  0 -3 -2 -1 -1  2  0    4   7   4   0   2  23   2   0   9   6  10   2   9   4   0   1   4   0   7   5  0.23 inf
   94 F   -5 -5 -5 -6 -5 -5 -5 -6  2 -2 -2 -5 -3  8 -6 -3 -2  0  5 -4    0   0   0   0   0   0   0   0   6   1   1   0   0  70   0   2   3   1  17   0  1.84 inf
   95 A    0  0  1 -1 -4 -1 -2  5 -1 -4 -4  0 -2 -5 -4  0 -2 -5 -3 -4    5   5   7   3   0   3   1  55   2   1   1   7   1   0   0   7   0   0   1   0  0.78 inf
   96 Q   -2 -1 -3 -4  3  1 -2 -4 -1  2  1 -1  3 -1 -4 -2  0 -3  1  3    1   3   1   0   8   7   2   0   1  12  13   2  10   1   0   1   7   0   7  23  0.26 inf
   97 T   -2 -4  1 -3 -2 -3 -3 -4 -4 -4 -3 -2 -3 -5  0  3  6 -5 -4 -2    1   0   5   0   1   0   0   0   0   0   2   1   0   0   4  26  59   0   0   1  1.11 inf
   98 P   -4 -6 -6 -5 -7 -5 -5 -6 -6 -7 -7 -5 -6 -7  9 -4 -5 -8 -7 -6    0   0   0   0   0   0   0   0   0   0   0   0   0   0 100   0   0   0   0   0  3.26 inf
   99 A    1  2  1 -1 -3 -1  0  1 -1 -2 -1  0  0 -3 -3  2  0 -4 -2 -2   15  13   8   1   0   1   7  13   1   1   6   3   2   1   0  19   6   0   1   2  0.19 inf
  100 L    1  1 -1  0 -3  3  2 -2  0 -2 -1  1 -2 -2 -3  0  0 -1 -1 -1   17   6   3   4   0  19  15   1   2   1   6   7   0   2   0   6   4   1   1   5  0.23 inf
  101 Y   -1 -5 -6 -6 -2 -5 -5 -6 -2 -1 -2 -4 -3  4 -6 -5 -4  0  8  1    5   0   0   0   1   0   0   0   0   2   2   1   0  17   0   0   0   1  60  11  1.69 inf
  102 R   -5  8 -4 -5 -7 -1 -3 -6 -4 -6 -6  1 -5 -6 -5 -4 -5 -6 -5 -6    0  92   0   0   0   2   0   0   0   0   0   4   0   0   0   0   0   0   0   0  2.43 inf
  103 R   -1  4  2 -2 -3  1  0 -3  1 -4 -3  5 -2 -5 -3 -1 -2 -5 -4 -4    4  25   8   1   1   6   5   1   4   1   2  36   1   0   0   3   2   0   0   1  0.68 inf
  104 S    1  2  2 -1 -2  2  0 -2  1 -2 -1  1  0 -2 -2  1  0 -4 -2 -2   12  12  11   2   1  14   4   1   3   2   6   7   3   1   1  14   4   0   1   2  0.19 inf
  105 P   -1  2  0  1 -3  0  1  3 -2 -5 -4  2 -2 -5  2  0 -1 -5 -4 -4    5  13   4   9   1   4   9  21   1   0   1  11   1   0  10   7   3   0   0   1  0.38 inf
  106 E   -1  1 -1  1  0  1  1 -2  3  0  0  0 -1  0 -2  0  0 -3  1 -1    2   8   2  10   3   6   8   2  11   6  13   6   1   4   1   5   5   0   4   3  0.10 inf
  107 W   -3 -1 -4  0 -3  0 -3 -2  0  0  1  0  3  1 -3 -4 -2  9 -1 -2    2   3   0   5   0   5   2   3   3   5  12   7   7   5   2   1   2  31   1   2  0.96 inf
  108 S   -1 -1  2  4  0  0 -1 -1  1 -2 -1  0 -2 -1  1  1  0 -4 -3 -1    5   3   9  25   2   3   2   3   4   1   6   6   1   3   8  11   5   0   1   4  0.25 inf
  109 A   -1  0  1 -1 -2 -2 -2  0 -1  0  1  0  0  3  1  0 -1  0  0  0    5   6   7   3   1   1   1   6   1   5  15   5   2  17   6   6   3   1   2   8  0.09 inf
  110 F    0  0 -1 -2 -2  0 -1 -2 -2  1  2  1  0  2 -1  1  0 -2  0  0    6   5   2   2   0   3   3   1   0   9  22   9   2   8   3  12   4   0   3   4  0.09 inf
  111 G    0  0  2  0 -2  1 -1  3  0 -2 -1  0 -2 -3 -2  0 -1 -2  1 -2    9   4  13   5   1   7   2  25   2   2   6   7   1   0   1   5   2   1   5   2  0.23 inf
  112 I   -2 -3 -2 -4 -1  0 -3 -4 -3  3  4 -3  3  2 -2 -3 -3 -2  1 -1    2   1   3   1   1   5   2   1   0  16  40   1   9   8   2   2   1   0   4   1  0.54 inf
  113 R   -3  3 -3 -3  2  2 -2 -5  2  0  0  3  1 -1 -4 -1  0 -4  0  1    0  18   1   1   5   9   2   0   5   5  10  17   4   3   0   4   4   0   3   9  0.32 inf
  114 P   -1  0  0  0 -3  1  0  0  1 -1 -1  1  0  0  3  0  0 -3  0 -1    5   6   4   4   0   6   5   8   4   4   4   9   4   6  13   4   7   0   4   3  0.11 inf
  115 P   -1  1  1 -1 -4  1  0 -2  1 -1 -2  0 -3  0  4  0 -1 -3  1 -2    5   8   9   4   0   6   4   3   4   4   4   7   0   5  19   5   4   0   6   3  0.24 inf
  116 L   -1  0 -1 -1  1 -1 -1 -2  0  2  1  0  1  2 -3 -2 -1  1  0  1    3   6   2   3   4   3   3   4   3  14  18   5   4   8   0   2   4   2   3  10  0.10 inf
  117 R   -2  3  0  0 -1  1  0 -1  3 -1  0  2  0  0 -2  0 -1  0 -1 -1    3  15   3   5   1   6   5   4   7   4   9  11   2   4   2   6   4   2   2   4  0.13 inf
  118 L   -1 -1  0  0 -1  0 -1 -3 -4  1  3 -1  3  1  0 -2 -1 -1  0 -1    4   4   5   6   1   4   3   2   0   8  28   4   7   6   5   2   3   1   3   4  0.19 inf
  119 G   -1  1  1  2 -1  0  1  2  0  0 -3  1 -2 -1 -1  0  0 -4 -1 -2    3   9   6  11   1   3   8  16   3   7   2   9   1   2   2   6   6   0   2   2  0.16 inf
  120 E   -1  0  1  3  0  2  2  1  0 -3 -4  1 -1 -3 -1  0 -1 -5 -2 -2    4   5   6  17   2   8  14  11   2   1   1  10   2   1   3   6   3   0   1   2  0.30 inf
  121 F    0 -1  0  1 -1  0  0  0  1  0  1 -2  0  1  0 -1  0 -3  0 -1    6   3   5   8   1   5   7   7   4   5  18   1   2   6   4   3   7   0   4   4  0.05 inf
  122 T   -1  0  0 -1 -2  0  0 -1  0  0 -1  0  0 -1  2  1  1  2  1  0    4   5   6   2   1   5   6   4   2   6   7   5   2   2  11  10   8   3   5   7  0.08 inf
  123 M   -2 -2 -1  0 -4 -1  0 -4  3  0  2  0  3  0  0  0 -1 -1  0  0    2   2   3   5   0   2   5   1   9   6  21   6  10   4   4   7   4   1   3   6  0.19 inf
  124 P   -2 -1  1 -2 -5 -2 -2 -4  2  2 -1 -4  3 -2  5 -2  0 -5  1  1    4   3   8   2   0   2   2   1   5  10   6   0   7   1  28   2   5   0   4   8  0.54 inf
  125 E    0  0  0  1 -3  3  3 -5  2  0 -3  3 -4 -6 -1 -2 -2 -6 -3 -1    7   5   4   8   1  14  21   0   5   6   2  15   0   0   3   3   2   0   1   4  0.45 inf
  126 H    0 -3 -4 -6  1 -6 -6 -4  3  0 -3 -4 -6  0  6 -3 -2 -1  2  2    6   1   1   0   3   0   0   1   6   5   3   1   0   4  43   2   3   1   8  12  1.08 inf
  127 K   -3  4  0  1 -2  2  3 -5  1 -6 -3  3 -5 -6 -5 -2 -1 -2 -3 -1    2  24   4   6   1   8  20   1   3   0   3  14   0   0   0   3   4   1   1   5  0.64 inf
  128 F   -3  0 -4 -7 -5 -3 -6 -5 -6  5  2 -3  1  4 -3 -2 -4 -1  1  0    2   5   1   0   0   1   0   1   0  36  17   1   3  17   1   3   1   1   4   6  0.87 inf
  129 V   -2 -1 -6 -3  3 -3  2 -5 -6  3 -1 -3  0 -3 -2 -4  1 -6 -1  5    3   4   0   1   7   1  14   1   0  15   4   1   2   1   2   1   7   0   2  34  0.64 inf
  130 T   -2  0  1  0 -2  2  2 -5  3 -2 -4 -2 -1 -2 -5  1  4 -1  1 -2    2   5   6   4   1   8  16   0   7   3   1   2   1   2   0  11  23   1   5   2  0.44 inf
  131 L   -2  1 -5 -5 -1  0 -2 -3 -2  1  4  2  1  0 -6 -2 -2 -5 -2 -2    4   8   0   0   1   4   3   2   1   6  44  11   2   4   0   3   2   0   1   2  0.56 inf
  132 E   -3 -2  0  1 -3  1  3 -1 -3 -7 -5  0 -6 -7  6 -1 -1 -7 -4 -4    2   2   4   8   1   5  19   5   1   0   1   5   0   0  37   5   3   0   1   1  0.95 inf
  133 D    2 -2 -2  1 -6  0  4 -1 -4 -3 -6  1 -5 -3  3  1 -2 -6 -4 -3   19   2   2   7   0   3  26   4   0   1   0   8   0   1  13   9   2   0   1   2  0.54 inf
  134 T   -3  0 -3 -2 -5  1 -2 -4 -4  3  1  1  4  4 -3 -1  1 -4  0 -2    1   4   1   2   0   6   2   1   0  16  10  11  10  17   1   5   9   0   2   2  0.38 inf
  135 P   -1  0 -1 -2 -2  1  0 -3  3 -1  1  2  0  0  1  0  1 -1  1 -1    3   5   3   1   1   8   6   1   8   3  14  12   2   4   6   5  10   1   5   4  0.14 inf
  136 L   -2 -6 -6 -7 -5 -4 -3 -7 -6  4  4 -4  0  3 -6 -5 -2 -5  0  3    3   0   0   0   0   1   2   0   0  21  36   1   2  10   0   1   2   0   4  19  0.88 inf
  137 I    2 -1 -3 -3  0 -1 -2 -4  0  3 -1 -2 -1  1 -4 -1 -1 -3  0  3   20   3   1   1   2   3   2   1   2  15   5   3   1   5   0   4   4   0   3  25  0.34 inf
  138 G   -5 -5 -5 -4 -7 -4 -4  7 -7 -2 -7 -6 -7 -7 -2 -3 -2 -7 -7 -5    0   1   0   1   0   1   1  84   0   3   0   0   0   0   2   2   3   0   0   1  2.18 inf
  139 V   -2 -2 -1 -2 -1 -1 -1 -4  1  2  2  1  2  2 -2 -1 -1 -3  3  1    2   2   3   2   1   3   4   1   3  11  18   9   5   8   2   3   4   0  11   9  0.20 inf
  140 T    0  0 -1  0 -1  1  1  0  1 -1 -2  0 -2 -3 -1  2  2 -4 -1 -1    5   6   2   4   1   8   8   7   4   3   3   5   1   1   3  17  17   0   2   4  0.19 inf
  141 Q   -2  0 -2 -1 -2  2  2  0  2  0 -2 -1  1  3 -3 -2  0 -3  3 -2    2   5   1   3   1  11  16   8   4   7   4   2   3  11   1   3   6   0  10   2  0.24 inf
  142 S   -1  3  0 -2 -1  1  2 -4  0 -1 -4  2 -2 -3 -1  2  0 -5  0 -2    4  18   5   2   1   7  12   0   2   4   1  12   1   1   3  16   5   0   3   2  0.33 inf
  143 Y   -5 -3 -5 -6  0 -4 -6 -4  4  2 -1 -3  0  2 -6 -4  2  3  7 -2    0   1   0   0   2   1   0   2   9  11   6   1   2   7   0   1  13   3  36   3  1.14 inf
  144 S   -2  0  1  1 -3  1  1 -2  2 -2 -4  1 -2 -3 -1  2  3 -5 -1 -2    1   5   7   7   0   5   9   2   5   2   1   8   1   1   3  16  20   0   3   3  0.32 inf
  145 C   -2 -2 -1 -3  6  0 -1  0  0  2  1 -1 -1  1 -3 -1  0 -4  1 -1    1   2   3   1  17   4   4   9   2  11  16   5   1   5   1   4   5   0   5   3  0.31 inf
  146 S    0  0  2  2 -2  0  1  1 -2 -1 -1  1 -3 -3 -1  2  1 -4 -3 -2    6   5  10  10   1   3   9  10   1   4   7   8   0   1   3  14   8   0   0   2  0.15 inf
  147 L   -2 -3  0  1 -2 -2 -1 -2 -2  2  2 -3  0  3 -2 -1  0 -3 -1  0    3   1   4   8   1   1   3   4   1  12  23   1   2  14   1   5   7   0   2   7  0.22 inf
  148 E   -1 -1  3  0 -2 -1  3  1  0 -4 -3  0 -4 -3  0  2 -1 -4 -2 -3    5   3  13   5   1   2  20   9   2   1   3   6   0   1   5  17   4   0   2   1  0.31 inf
  149 Q   -1 -1  2  3 -4  3  3  0 -1 -3 -3 -1 -3 -1 -2 -1 -2 -4  1 -1    4   3  10  15   0  12  20   8   1   1   3   2   1   2   2   5   2   0   5   4  0.34 inf
  150 I   -1 -1 -1 -1 -2 -2  0 -2  0  3  1  1  0  0 -3  0  0  3  1  0    5   4   3   3   1   1   6   4   3  23  11   9   2   4   1   6   6   4   4   3  0.15 inf
  151 S   -1 -3  1  0  0 -1 -1  1 -3  1 -2 -2 -2 -3  4  2  0 -4 -1 -1    3   1   8   5   2   3   3  11   0   9   3   2   1   1  20  16   5   0   3   5  0.32 inf
  152 D    0 -1  2  3 -1 -1  0  0  0 -3 -2  1 -2 -2  0  1  0 -4  1 -2    6   3  10  16   1   2   5   6   2   1   4  11   1   1   4  13   7   0   5   2  0.20 inf
  153 F    0 -2 -1 -1  0 -1 -1 -1  1  0  1  0  0  5 -2  0 -2 -3  0 -1    9   2   3   4   2   2   3   4   3   4  12   7   2  23   2   8   2   0   2   3  0.21 inf
  154 R    1  2  1  0  2  1  0 -1  4 -3 -3  0 -2 -3 -2  0 -1  5  0 -3   10  12   7   5   4   6   6   5  10   2   2   6   1   1   2   7   3   8   3   1  0.31 inf
  155 H   -1 -1  2  1 -1  2  1 -1  3  0 -2  0  0 -2 -1  1  0 -2  0  0    3   3   9  10   1   9   7   4   7   7   3   5   2   2   2  11   6   0   3   6  0.13 inf
  156 E    0  0  2  1 -4  1  3 -3  1 -2 -4  3 -3 -4  2 -2 -1 -4 -4 -3   10   4  11   7   0   6  18   2   4   3   1  18   0   1   9   2   3   0   0   1  0.40 inf
  157 M   -1 -1 -1 -1 -2  0 -1 -2 -3  2  2 -2  4  1 -3 -1 -1 -3 -1  1    5   3   2   4   1   5   4   4   0  12  17   1  13   6   1   6   3   0   2  11  0.20 inf
  158 R   -2  4 -1 -4 -2  0 -3 -3 -1  3  0  1 -2 -1 -3 -1 -2 -1 -3  1    3  27   3   1   1   4   1   2   2  20   8   9   1   2   1   4   2   1   1   8  0.43 inf
  159 Y   -1  1 -4  0 -5  0 -2 -3 -1 -1 -2  0  0 -2  5 -2 -1  6 -3 -1    6   8   1   5   0   5   2   2   2   3   4   6   2   2  31   2   4   9   1   4  0.66 inf
  160 Q    0 -1  0  0 -5  4  2  1  3 -5 -3  2 -2 -5 -3  0 -1 -5 -2 -4    7   3   4   5   0  20  12  10   8   0   3  14   1   0   1   5   3   0   1   1  0.45 inf
  161 F   -3  0 -4 -5  1  0 -2 -3  3  2  2  0  0  4 -3 -4 -3  0  1 -1    2   4   1   0   3   5   2   2   6  14  22   7   1  20   1   1   1   1   3   3  0.45 inf
  162 W   -3 -2 -5 -8 -7 -5 -6 -6 -6  0  0 -4 -3  2 -5 -6 -2 11  3 -2    3   3   1   0   0   1   1   1   0   6   8   1   1   7   1   1   3  54   8   3  2.38 inf
  163 H    0  3  2  1 -3  3  1 -2  3 -3 -2  0 -1 -4 -4  0 -2 -5 -1 -4    6  17  11   9   1  13   8   2   7   1   5   5   2   1   0   6   2   0   2   1  0.36 inf
  164 D    0  3  0  4 -4  4  2 -4  1 -4 -3  1 -2 -6 -2 -1 -2 -6 -1 -5    7  15   4  20   0  16  11   1   3   1   2   8   1   0   2   4   2   0   2   0  0.53 inf
  165 F   -3 -1 -2 -6  1 -3 -4 -6  1  0  2 -3 -1  7 -6 -3 -1 -4  4 -1    3   3   2   0   3   1   1   0   3   4  17   2   2  38   0   2   4   0  12   3  0.97 inf
  166 L   -2 -2  0 -2 -1 -2 -2  0  2  2  2 -1  2  3 -4 -1 -3 -1  1  0    2   2   6   2   1   1   3   8   5  13  24   3   5  11   0   4   0   1   4   5  0.25 inf
  167 G    1  2  0 -1 -2  3  0  1 -2 -2 -2  2 -2 -4  1  0 -1 -5 -4 -4   11   9   3   4   1  12   6  12   1   3   4  15   1   1   6   7   3   0   0   1  0.26 inf
  168 N   -1  2  3 -1 -3  2  2 -1  3 -4 -1  1 -2 -1 -3  0 -1 -3  0 -2    5  10  15   3   1   8  15   4   6   0   7   9   1   2   1   6   3   0   3   2  0.28 inf
  169 A    0  0  0 -2 -1  0  0 -1  0  1  1 -1  1  1 -2  0  0  0  1  1   10   4   6   1   1   3   5   4   2  10  12   4   5   5   1   7   6   1   4   9  0.03 inf
  170 P   -1  0  1  1 -3  0 -1  2  3 -3 -4  2 -3 -4  3  0  0 -5 -2 -3    4   5   7   8   0   4   4  14   7   2   1  15   1   0  13   6   5   0   2   1  0.33 inf
  171 T    0 -1  0  0 -2  1  2 -1  0 -1 -2 -1  0  0 -2  1  2  0 -1  0    6   2   5   5   1   8  14   5   3   3   3   2   3   5   2   9  15   1   2   6  0.14 inf
  172 I    0 -1  0 -1 -3 -1 -2 -2  0  3  1 -1 -1 -2 -1 -1 -1  1 -1  1    7   4   6   4   0   3   2   3   3  23  11   4   1   1   4   6   3   2   1  11  0.15 inf
  173 P   -1 -1 -2  1  2 -2 -1  0 -2 -2 -2  0 -4 -4  6 -2 -1 -5 -3 -2    6   4   2   7   5   2   5   7   1   2   4   7   0   1  38   3   4   0   1   3  0.72 inf
  174 P    0  0  3  1 -1  2  1  0  1 -3 -4 -1 -2 -4  2  0 -1 -4 -1 -2    6   4  17   7   1  10  10   8   4   1   2   3   1   1  10   8   3   0   2   3  0.30 inf
  175 V   -2  3  0  0 -2  1  0 -2 -1  0 -2  1  2 -2 -1  0 -1 -4 -2  2    3  16   5   5   1   8   5   3   2   5   3   7   5   2   3   6   4   0   1  17  0.18 inf
  176 L    1  0 -4 -4  0 -3 -3 -1 -3  2  2 -2  0 -1 -3  0 -1  0 -2  3   13   6   0   0   2   1   2   6   0  12  19   2   2   2   1   6   3   1   1  20  0.26 inf
  177 Y   -5 -2 -4 -4 -2 -3 -4 -2  0  0 -2 -5 -2  2 -2 -2 -4  2  9 -4    1   2   1   1   1   1   1   3   2   5   4   1   1   8   3   4   1   3  56   1  1.64 inf
  178 G    0 -3 -1 -5  2 -4 -3  6 -5  0 -3 -4 -5  1 -3  0 -4 -2 -2 -2    7   1   3   0   4   0   2  53   0   5   3   1   0   5   1   8   1   1   1   3  0.96 inf
  179 L   -3 -4 -4 -4 -3 -3 -5 -2 -3  4  3 -5  0  0 -5 -1 -1 -3 -3  3    2   1   1   1   0   1   0   3   1  22  30   1   2   4   1   6   3   0   1  21  0.67 inf
  180 N   -1 -4  1 -3  5 -2 -1  0  5  0 -1 -3 -2  1 -4  2  1 -4  0  0    4   1   7   1  11   1   3   8  13   5   5   1   1   5   1  18   7   0   3   6  0.41 inf
  181 E   -1  0  0  2 -2  1  2 -1  2 -1 -2 -2 -2 -2 -2  1  1 -3  1 -1    5   4   5  10   1   7  13   4   6   3   5   1   1   1   2  12  10   0   5   5  0.16 inf
  182 T    0 -3 -1 -4  1 -3 -3  1 -2  0 -1 -2 -1  2 -1  0  0 -3  5  2    8   1   3   1   3   1   1   9   1   5   7   2   1  10   3   6   7   0  18  13  0.28 inf
  183 R   -1  1 -1  0  1  0  1  1 -1  0 -1  0  0 -1 -1  1  0 -3  0  0    3  10   2   5   3   4   8  12   1   8   4   5   3   2   3  11   6   0   4   6  0.06 inf
  184 P    1 -2 -2 -2  3 -1 -1 -2  2  0 -1 -2 -1 -2  5  0 -1 -4  0  0   10   2   2   3   5   3   3   2   6   5   6   3   1   1  27   6   3   0   3   8  0.41 inf
  185 S    0 -4  0  2  6 -2 -2  0 -2 -2 -2 -2 -4 -1 -4  3  1 -5 -1 -3    8   0   5  13  17   2   3   7   1   2   3   2   0   3   1  20   9   0   2   2  0.52 inf
  186 Q    0  0  1  1  2  1  0  0  2 -2 -1  0  0 -2  0  0  1 -3  0 -1    7   5   9   7   5   7   4   6   7   2   6   6   2   1   5   5   8   0   4   4  0.08 inf
  187 D   -1 -1  4  2 -3 -1  2 -2  2 -3 -3  0 -3  3 -3  0 -1 -5 -2 -3    5   3  19   9   1   2  15   2   4   2   2   6   0  13   1   7   4   0   1   1  0.39 inf
  188 K   -1  1  1 -1 -1  1  0  0  1 -1 -2  2 -1  1 -2  1 -1 -1 -1 -2    5   7   6   3   1   5   6   9   4   4   4  16   1   7   2  12   3   1   2   2  0.13 inf
  189 D   -1  0  1  5 -3  0  2  0 -1 -2 -1  0 -2 -2 -3 -1 -2 -5 -4  0    4   5   5  29   1   4  11   8   1   2   6   7   1   2   1   3   2   0   0   7  0.38 inf
  190 D   -2 -2  3  6 -4 -1  2  1  0 -6 -4 -1 -2 -3 -4 -2 -3 -6 -3 -5    3   2  12  38   0   3  13  10   2   0   2   4   1   1   1   3   1   0   1   1  0.81 inf
  191 E    0  0  1  2 -1  2  3  1  0 -2 -2 -1 -2 -4 -3  0  0 -3 -4 -2    7   4   7  11   2   8  22  10   2   2   4   4   1   0   1   7   6   0   0   2  0.29 inf
  192 Q   -1 -2  0 -1 -2  3  0  2  1  0  0 -1 -1 -1 -1  0  0 -1 -1  0    3   1   3   3   1  16   6  17   3   5   8   4   1   3   3   6   5   1   2   8  0.15 inf
  193 E   -1  1  2 -1 -2  0  3 -2  1 -2 -1  0 -2  1 -3  1  1 -2 -3 -1    5   7  11   3   1   3  18   3   3   2   5   6   1   6   1  11  11   1   0   4  0.20 inf
  194 V   -3 -4 -5 -7 -4 -6 -6 -7 -6  3  0 -3  1  6 -7 -1 -2 -5  1  4    2   1   0   0   0   0   0   0   0  15   7   2   4  33   0   5   2   0   4  25  1.07 inf
  195 F   -2  0  1  2 -3 -2  1 -2  1 -1 -1 -1 -2  3 -2  1  1 -4  1 -2    3   4   6  12   0   1   9   3   3   5   7   3   0  13   2  11  10   0   5   2  0.18 inf
  196 Y   -4 -7 -4 -5 -7 -4 -1 -8  1 -2 -1 -7 -6  0 -8  0 -1  1  9 -1    2   0   1   1   0   1   4   0   3   3   6   0   0   3   0   6   4   1  61   4  1.90 inf
  197 T   -3 -5 -3 -4 -5 -4 -3 -4 -1  4 -1 -3  4  3 -6 -1  2  5  1  1    2   0   1   1   0   1   2   1   2  20   6   1  10  12   0   5  15   7   4  10  0.62 inf
  198 T    4 -4 -3 -5  1 -2 -4 -1 -6  3 -2 -5  1 -2 -5 -2  3 -6 -5  1   31   1   1   0   3   2   1   5   0  19   3   0   3   2   0   2  17   0   0   9  0.66 inf
  199 A    4 -6 -5 -6  1 -5 -1  5 -4 -3 -5 -3 -3 -5 -6 -2 -3  1 -7 -4   36   0   0   0   3   0   4  43   1   2   1   1   1   1   0   3   2   2   0   1  1.24 inf
  200 L    1 -4 -4 -4  1 -4  0 -4 -2  2  1 -3  2  1 -5 -2  0  0 -1  4   10   1   1   1   3   0   6   1   1  11  14   1   5   5   0   2   7   1   2  27  0.41 inf
  201 A   -1 -3 -2  1 -3  0  6 -5 -3 -2 -4  1 -5 -6  1 -2 -1  1 -6  1    6   1   2   7   1   4  44   1   1   2   2   7   0   0   6   3   3   2   0   9  0.79 inf
  202 Q    0 -2 -1 -1  1  1  0 -3  1 -1 -2  0 -2 -4  3 -1 -1 -1 -3  4    7   1   3   3   3   5   7   2   4   3   3   6   1   0  13   5   3   1   1  30  0.36 inf
  203 D    0 -1  1  2 -2  2  4 -2  1 -3 -5  0 -4 -6  0  2  1 -6 -5 -3    7   3   7  10   1   8  23   2   3   1   1   5   0   0   4  13   8   0   0   2  0.41 inf
  204 Q    0 -1  0  3  1  1  1 -2  4 -3 -1  0 -1 -2 -2  1  0 -2  1 -2    7   3   3  14   3   6   8   3  10   1   6   5   2   1   2  13   5   0   5   2  0.21 inf
  205 A    2 -2  0 -1 -3 -2  0 -1 -1  0  0 -2  0  3  1  0  0 -3  0  0   17   2   4   4   0   1   7   5   1   5   9   1   3  14   7   8   5   0   2   6  0.13 inf
  206 D    0 -2  1  4 -2  0  2  0 -1 -1 -3  0 -3 -3  0  1  0 -5 -3 -2    7   2   6  21   1   4  14   6   1   3   2   5   0   1   5  12   6   0   1   3  0.31 inf
  207 G    0  0  1  2 -2  0  1  2 -1 -1 -2  0 -1 -1 -1  1  0 -4 -1 -1    7   4   6  13   1   4   9  14   1   4   3   7   1   3   3  10   4   0   2   5  0.13 inf
  208 Y   -1 -2  0  0 -2 -1  0 -1 -1  2  2 -1 -1  0 -1 -1 -1 -3  0  2    4   2   4   5   1   2   5   5   2  14  22   3   1   4   3   5   3   0   3  13  0.11 inf
  209 V   -1 -4 -1 -3 -2 -2 -1 -2  0 -1 -1 -1  0 -4  6  0  1 -6 -5  0    6   1   3   2   1   1   4   3   2   4   6   3   2   1  38   6   7   0   0   8  0.70 inf
  210 L    1  0  1  2 -2  0  2 -2  1 -1 -1  0 -3 -2  2  1 -1 -4 -3 -3   11   6   8  10   1   4  12   3   3   4   5   6   0   2  11   9   3   0   1   1  0.20 inf
  211 T   -2 -3  1  1 -5  0  3  4  1 -3 -3 -1  0 -4  0  0  0 -5 -4 -4    3   1   6   7   0   4  17  28   3   1   3   3   2   1   5   8   6   0   0   1  0.43 inf
  212 G   -1 -3 -1  0 -1 -3 -2  0 -2 -1  1 -3  5  4 -2 -1 -1  1  0 -2    4   1   3   5   1   1   3   9   1   3  15   2  17  18   3   4   4   2   3   2  0.40 inf
  213 H    0  0 -1  0 -2  2  2 -3  2  0 -2  1  0 -2 -3  1  1 -4 -3  1    7   6   2   4   1   9  12   1   6   7   3   7   2   2   1  10   7   0   0  12  0.16 inf
  214 P    0  2  1 -1  0  0  1 -2  1 -1 -2  1 -3 -3  2  1  2 -3 -1 -1    7  11   7   2   2   3   8   2   4   4   5   7   0   1  10  10  12   0   3   3  0.16 inf
  215 V   -2  0 -5 -4 -1 -3 -3 -5  1  3  2  1  0  1 -4 -4 -3  4  2  2    3   6   0   1   1   0   1   1   3  16  19   9   2   6   1   1   1   5   7  16  0.42 inf
  216 M   -1  1 -1 -2 -3 -1  2 -4  0  0 -1  0 -1 -3 -1  0  4 -5 -2  1    4   8   2   2   1   2  15   1   2   6   5   7   1   1   3   8  25   0   1   8  0.30 inf
  217 L   -4 -6 -6 -5 -3 -6 -3 -5 -6  6  3 -6 -1  0 -5 -3 -1 -6 -5  3    1   0   0   1   0   0   2   1   0  41  27   0   1   3   1   2   3   0   0  15  1.13 inf
  218 Q   -1 -2 -2 -3 -4  1  2 -4 -6 -3 -6  0 -6 -5  7 -2 -2 -7 -7 -5    6   2   2   1   0   5  13   1   0   2   0   5   0   1  53   4   2   0   0   1  1.43 inf
  219 G    4  0 -4 -2 -1  0  2  3 -1 -4 -6  1 -5 -6  1  1 -3 -6 -6 -5   31   4   0   2   1   4  12  19   1   1   0   8   0   0   7   8   1   0   0   0  0.61 inf
  220 G    0  0 -5 -5 -4  4 -4  6 -2 -8 -5 -5 -6 -7 -7  0 -3 -7 -4 -6    8   5   0   0   0  18   1  56   1   0   1   0   0   0   0   6   1   0   1   0  1.43 inf
  221 E   -4  3 -1  1 -1 -1  2 -5 -1 -2  0  3 -3 -5 -5 -2  3 -6 -4 -3    1  15   3   8   1   2  14   1   1   2  10  18   0   0   0   3  18   0   0   1  0.50 inf
  222 Y   -9 -9 -9-10 -5 -9 -9-10 -5 -8 -8 -9 -8  2-10 -9 -9  3 10 -5    0   0   0   0   0   0   0   0   0   0   0   0   0   6   0   0   0   4  89   1  3.72 inf
  223 V    6 -7 -7 -8  0 -7 -7 -6 -7  1  1 -7 -2 -7 -7 -4 -6 -8 -3  2   64   0   0   0   2   0   0   0   0   6  13   0   1   0   0   0   0   0   1  13  1.53 inf
  224 M   -3  2 -5 -6 -1  0  0 -3 -2  0 -2  2  1 -4 -6  0 -3 -6 -1  5    2   9   0   0   1   4   6   2   1   4   2  14   3   0   0   8   1   0   3  39  0.66 inf
  225 F   -5 -9 -9-10 -8 -9 -9 -9 -8  3 -2 -9 -3  9-10 -8 -5 -2 -3  0    1   0   0   0   0   0   0   0   0  13   3   0   0  75   0   0   1   1   0   5  2.69 inf
  226 T   -1  2 -1 -1 -1 -3  0 -4  1 -2 -3  1 -3 -4  0  2  4  0 -2 -1    4  10   3   3   1   0   6   1   3   3   2   9   0   0   4  14  30   1   1   3  0.45 inf
  227 Y   -4 -4 -6 -8 -1 -5 -5 -6  8 -6 -3 -7 -6  5 -8 -3 -3  3  5  0    2   1   0   0   2   0   1   0  37   0   3   0   0  23   0   2   2   3  19   6  1.84 inf
  228 E   -1  3  1 -1 -1  1  1 -3  2 -1 -3  2 -3 -4 -1  1  0 -5 -2 -1    3  15   6   2   1   7  10   1   5   5   2  15   0   0   3  10   7   0   1   4  0.28 inf
  229 G   -5 -7 -5 -2 -4 -7 -1  7 -7 -6 -6 -4 -5 -6 -8 -5 -7 -8 -6 -6    0   0   0   3   0   0   4  87   0   1   1   1   0   0   0   1   0   0   0   1  2.39 inf
  230 L   -1 -2  0  0 -4 -2 -2 -3  5 -3 -2  1 -2 -5  3  3  2 -6 -4 -5    4   2   5   5   0   1   2   2  15   1   4   8   1   0  17  20  12   0   0   0  0.58 inf
  231 G    1 -2 -1 -4 -4 -3 -3 -1 -2  3  0 -1  0 -1  3 -3  0  5 -1  1   11   3   3   0   0   1   2   5   1  18  10   3   2   2  13   1   5   7   2  11  0.33 inf
  232 T    0 -2  1  2 -4  1  3 -2 -1 -4 -5  1 -4 -5 -3  3  0 -6 -5 -2    8   2   5  13   0   7  19   3   1   1   1   9   0   0   1  20   6   0   0   3  0.46 inf
  233 G    0  0  2  3 -5  2  3  2 -1 -5 -2 -1 -2 -6 -5  1  0 -6 -4 -5    9   5   9  15   0   8  18  13   1   0   4   3   1   0   0   9   5   0   0   0  0.41 inf
  234 V   -4 -7 -6 -8  2 -7 -7 -8 -6  4  4 -7  2  1 -7 -6 -5 -5  5  1    1   0   0   0   4   0   0   0   0  21  34   0   5   4   0   0   0   0  20  10  1.19 inf
  235 Q   -2  2  1 -1 -6  6 -1 -3  2  0 -2 -1 -2 -3  1 -1 -2 -2 -4 -1    4  12   6   3   0  31   3   2   4   5   3   3   1   1   8   5   2   1   0   5  0.55 inf
  236 E   -1  1  2  3 -3  3  1 -2  1 -3 -2  2 -3 -2 -2  1 -2 -6 -2 -3    5   8  10  16   0  13  10   2   3   2   4  10   0   1   2   9   2   0   1   1  0.35 inf
  237 F   -4 -7 -6 -7 -6 -5 -7 -5  0  0 -1 -6  0  6 -7 -1  5  1  1  0    1   0   0   0   0   0   0   1   2   5   5   0   2  30   0   4  37   2   4   7  1.27 inf
  238 I   -2  0 -4 -6 -4 -5 -6 -6 -5  4  1 -5  1  1 -3  0 -1  6  3  2    3   5   1   0   0   0   0   0   0  21  12   0   4   6   2   9   4  11  10  13  0.65 inf
  239 L   -1  2  3  2 -5  1  1 -3  3 -2 -1  0 -1  0 -5 -1 -2 -5  2 -2    6  12  17  10   0   6   8   1   6   3   7   5   1   4   0   4   2   0   7   2  0.30 inf
  240 T   -1  1  2 -1 -6  0 -3 -5  2 -4 -3 -3 -3  0 -6 -1  2  6  6 -3    6   8   8   4   0   4   1   0   4   1   2   1   0   3   0   4  13   9  30   1  0.89 inf
  241 V   -3 -8 -9 -9 -7 -8 -8 -9 -8  7  2 -8 -1  2 -8 -8 -6 -7 -6  2    2   0   0   0   0   0   0   0   0  63  17   0   1   6   0   0   0   0   0  11  1.90 inf
  242 Y   -8 -8 -6 -9 -8 -8 -8 -9 -3  1 -4 -8 -3  4 -9 -7 -8  7  9 -4    0   0   0   0   0   0   0   0   1   7   2   0   1  13   0   0   0  15  60   1  2.68 inf
  243 G   -3 -2  2 -1 -3 -2 -4  4  1 -4  0 -4  3 -1 -6  1  1 -5  1 -4    0   2  10   4   0   2   1  31   3   0  11   1   7   2   0  11   9   0   5   0  0.54 inf
  244 T   -3 -1  3 -1  0  1  2 -4  4 -1 -4  1 -3 -3 -5  0  4 -2  0 -1    1   2  12   3   2   5  13   1   9   3   1   7   1   1   0   7  23   1   3   5  0.45 inf
  245 C   -3 -5 -8 -6  4 -7 -2 -7  1  0 -3 -8 -4 -3 -8 -3 -3 11  2  1    3   1   0   0   7   0   3   0   3   6   3   0   0   1   0   3   2  51   5  11  2.33 inf
  246 M   -7 -7 -8 -9 -7 -7 -8 -8 -8 -1  6 -8  4  4 -8 -7 -6  0 -5 -4    0   0   0   0   0   0   0   0   0   2  70   0   9  16   0   0   0   1   0   1  1.88 inf
  247 P   -2 -8 -5 -8 -3 -4 -6 -8 -4 -8 -2 -6 -2 -7  9 -3 -6 -9 -3 -8    3   0   1   0   1   1   0   0   1   0   5   0   1   0  83   2   0   0   1   0  2.71 inf
  248 M    1 -2  3 -1 -5  2  1  0  0 -3 -2  2  0  1 -4  1  1 -5 -1 -4   13   1  14   2   0   8   9   6   2   2   3  11   3   5   0   9   8   0   2   0  0.26 inf
  249 L   -1 -1 -2 -6 -3 -2 -5 -5  0 -4  2 -3  2 -3 -6  5  1 -6  2 -4    4   3   2   0   0   2   0   0   2   0  22   1   4   1   0  42   8   0   6   1  0.83 inf
  250 N   -2  0  5  0 -7 -1  0  5 -5 -5 -6  1 -6 -7 -2 -1 -4 -7 -7 -7    2   5  23   5   0   3   5  40   0   1   1   9   0   0   2   4   1   0   0   0  1.01 inf
  251 L   -3 -6 -5 -2  0 -3 -1 -7  1 -1  4 -5 -1  2 -7 -5 -5 -2  6  0    2   0   1   3   2   1   5   0   4   3  34   0   1   7   0   0   0   0  29   6  1.02 inf
  252 T    0  1  0 -1 -1  2  4 -4 -2  0 -3  1 -4 -6 -5 -1  2 -2 -3  0    8   8   4   2   1  10  28   0   1   5   2   8   0   0   0   3  11   1   1   7  0.46 inf
  253 R   -2  6 -5 -6 -2 -2 -3  0  4 -2  0  0 -2  1 -1 -4 -4 -3 -2 -1    3  40   0   0   1   2   1   6  11   2  11   6   1   5   3   1   0   0   1   4  0.81 inf
  254 R    1  5 -2  1 -2 -3 -3  0 -1  0 -3  0 -1 -4 -5 -1 -1 -6 -2  1   14  32   2   9   1   0   1   8   1   5   1   4   1   0   0   4   4   0   1  10  0.52 inf
  255 K   -1 -1  2  4 -4 -1  3  1 -3 -4 -4  1 -1 -4  0 -1 -3 -2 -4 -5    5   4  10  25   0   2  19  11   0   1   2   7   2   1   5   4   1   1   1   0  0.55 inf
  256 G    1  2 -2 -6 -4 -5 -4  6 -3 -6 -4 -4 -3 -4 -7 -1 -1 -7 -5 -3    9  12   2   0   0   0   1  59   1   0   2   1   1   1   0   5   4   0   0   2  1.28 inf
  257 Q   -2 -3 -2  0  0  0 -1 -3  0 -3 -3 -2  0  1  5 -2 -4 -5  5 -2    3   1   2   6   2   5   5   2   2   2   2   2   2   6  29   3   1   0  21   4  0.78 inf
  258 D   -6 -7  0  8 -1 -6  3 -7 -4 -7 -6 -6 -5 -7 -7 -4 -6-10 -9 -6    0   0   4  71   1   0  20   0   0   0   1   0   0   0   0   1   0   0   0   1  2.29 inf
  259 I   -5 -8 -8 -5 -7 -7 -8 -8 -7  5  3 -8  3  6 -8 -7 -5 -6 -2 -1    1   0   0   1   0   0   0   0   0  31  23   0   7  33   0   0   0   0   1   3  1.57 inf
  260 E   -3 -6 -5 -5 -9 -2  8 -8 -6 -5 -4 -5 -8 -4 -7 -6 -3 -9 -8 -4    2   0   0   0   0   1  89   0   0   1   2   0   0   1   0   0   2   0   0   2  2.59 inf
  261 R   -5  5 -3 -4  1 -2 -2 -6  0  3  0  0  1 -4 -6 -4 -3 -1  1  2    0  28   1   1   3   2   2   0   2  19  10   6   3   0   0   1   1   1   5  15  0.67 inf
  262 Y   -7 -7 -7 -8 -7 -7 -7 -8  0  2 -2 -7 -5  5 -8 -7  0 -1  9 -4    0   0   0   0   0   0   0   0   2  11   5   0   0  19   0   0   6   1  55   1  2.12 inf
  263 Y   -3 -2 -1  5 -5 -3 -2  1  3 -1 -4 -1 -5  0  1 -2  0 -4  4 -2    2   3   2  29   0   1   2  10   6   5   1   3   0   4   7   2   7   0  14   2  0.58 inf
  264 P   -1 -1 -1  0  1 -1  3 -3  0 -2  0  0 -2 -1  3  0 -1 -1  0  0    6   3   2   4   3   2  21   2   2   2   8   5   0   3  14   6   2   1   4   8  0.22 inf
  265 A   -1  4  1  1 -2  1  1 -1 -3  0 -1  1  0 -3 -3 -1 -1 -2 -2 -3    6  24   7   8   1   6   9   5   0   5   6   8   3   1   1   4   4   1   1   2  0.28 inf
  266 E   -3  0  1 -1 -1  0  1 -1  0 -4 -4  0 -2  5 -4  1 -2 -4  3 -4    2   5   7   4   1   4  10   5   2   0   1   6   1  27   1  10   2   0   9   0  0.53 inf
  267 D   -3 -2  2  5 -6  0  0 -1  1 -4 -3  0 -2 -2 -2  2 -1  0 -2 -3    1   1   9  35   0   4   5   4   4   1   2   6   1   2   2  14   4   1   2   2  0.61 inf
  268 D    0 -2  1  2 -1  0  1  1 -1 -1 -2 -1 -1 -2  4  0 -1 -5 -3 -2    6   2   6  13   1   5   9  11   1   4   4   3   1   1  17   7   3   0   1   3  0.27 inf
  269 R   -1  2  0  1 -2  0  1 -2  2 -2 -2  2 -1 -1  2  0  1 -4  2 -2    5  10   4   8   1   3   8   2   5   2   3  11   2   2   9   6   7   0   8   3  0.18 inf
  270 P   -2 -3  2  3 -3  1  0 -2  1 -3 -3 -2 -4 -4  4  2  2 -5 -4 -3    3   1   8  14   1   7   7   3   3   1   2   1   0   1  19  15  11   0   0   1  0.50 inf
  271 I   -1 -2  1  2 -5 -1  1  3  4  0 -2  0 -2 -4  0 -1 -1 -2 -2 -2    4   2   6  11   0   2   9  23   9   6   5   5   1   0   4   3   4   0   1   3  0.27 inf
  272 N   -1 -1  3  2 -2  1  2 -2  3 -1 -2 -1  1 -1 -4  0  0 -2  0 -3    4   3  16  13   1   5  16   2   6   3   4   3   4   3   0   7   6   1   3   1  0.30 inf
  273 L    0 -4 -3 -4  0 -3 -4  1 -4  3  1 -3  2  0 -2  2 -2 -4  3  1    8   1   1   0   2   1   0  12   0  16  13   2   5   3   2  15   1   0   9   9  0.32 inf
  274 R   -2  2  0  0 -1  2  3  0  0 -2 -2  1 -2 -3 -4  0  0 -4  0  1    3  12   4   4   1   8  20   8   2   2   3   7   1   1   0   6   5   0   4  10  0.24 inf
  275 C   -4 -6 -6 -7  7 -6 -6 -3 -6  3  1 -6  5  2 -6 -1 -2 -5  2  2    1   0   0   0  19   0   0   2   0  16  12   0  14   9   0   4   3   0   6  12  0.98 inf
  276 E   -5 -1  0  3 -7  1  6 -6  0 -5 -5  1 -6 -3 -6 -2  0 -1  0 -4    0   3   4  15   0   7  45   0   2   0   1   7   0   1   0   3   5   1   3   1  1.01 inf
  277 L   -6 -8 -8 -9 -3 -7 -8 -9  0  5 -1 -8 -2  2 -8 -7 -5 -5  8 -1    0   0   0   0   1   0   0   0   2  34   6   0   1   6   0   0   1   0  45   4  1.96 inf
  278 L   -4 -8 -4 -9 -4 -8 -8 -9 -2 -7  2 -8 -5  3 -9 -4 -7  9  7 -4    1   0   1   0   0   0   0   0   1   0  15   0   0  10   0   2   0  28  39   1  2.30 inf
  279 I   -4 -8 -9 -9 -7 -8 -8 -9 -9  7  2 -8 -1 -1 -8 -8 -5 -8 -6  3    1   0   0   0   0   0   0   0   0  63  16   0   1   2   0   0   0   0   0  16  1.94 inf
  280 P   -6 -9 -9 -8-10 -6 -8 -9 -9-10 -8 -8 -9-11  9 -2 -8-11-10 -9    1   0   0   0   0   0   0   0   0   0   0   0   0   0  96   3   0   0   0   0  3.54 inf
  281 I   -6 -8 -9 -9 -7 -8 -8 -9 -9  7 -1 -8 -4 -2 -8 -8 -6 -8 -7  6    0   0   0   0   0   0   0   0   0  49   6   0   0   2   0   0   0   0   0  43  2.07 inf
  282 R   -3  5 -3 -1  1  1  1 -6 -4 -2 -6  5 -3 -6 -5 -4 -2 -6 -2 -2    2  29   1   3   3   7   7   0   0   2   0  39   1   0   0   0   2   0   2   4  1.05 inf
  283 R   -4  6  2 -3 -7  0  0 -5 -1 -6 -4  4 -5 -7  3 -4 -4 -7 -5 -6    0  39   9   1   0   3   5   0   1   0   1  24   0   0  16   0   0   0   0   0  1.19 inf
  284 K   -3  4  0  0 -5  2  1 -4 -3 -5 -5  5 -2 -5  1  0 -2 -5 -4 -3    1  20   3   4   0   8   8   0   0   0   0  40   1   0   7   6   1   0   0   2  0.76 inf
  285 L    2 -2 -2 -1  0  4  2 -2 -2 -3 -1  0 -2 -4  2  1 -1 -4 -1 -3   24   0   0   2   2  23  14   2   0   0   6   3   0   0  11   8   3   0   3   0  0.38 inf
  286 A    4 -2 -2 -1 -3 -1  2  2 -3 -3 -3  0 -2 -4  0  1 -1 -4 -3  0   44   0   0   1   0   0  20  16   0   0   0   4   0   0   3   6   0   0   0   7  0.43 inf
  287 A    2 -1 -1 -2 -2  0  1 -2  1  0  0  1 -1  0 -2  2  0 -3 -2  0   24   0   0   0   0   4  10   0   5   5  11  10   0   4   0  18   2   0   0   5  0.13 inf
  288 A    5 -2 -2 -2 -2 -2 -2 -1 -2 -3 -3 -2 -2 -3 -2  3  0 -4 -3 -2   66   0   0   0   0   0   0   0   0   0   0   0   0   0   0  34   0   0   0   0  0.73 inf

                      K         Lambda
Standard Ungapped    0.1389     0.3231
Standard Gapped      0.0491     0.2670
PSI Ungapped         0.1618     0.3153
PSI Gapped           0.0491     0.2670
