
Last position-specific scoring matrix computed, weighted observed percentages rounded down, information per position, and relative weight of gapless real matches to pseudocounts
           A  R  N  D  C  Q  E  G  H  I  L  K  M  F  P  S  T  W  Y  V   A   R   N   D   C   Q   E   G   H   I   L   K   M   F   P   S   T   W   Y   V
    1 E   -3 -1 -2  2 -5  5  5 -4 -2 -5 -4  3 -3 -5 -3 -2 -2 -4 -4 -4    0   0   0  11   0  31  40   0   0   0   0  18   0   0   0   0   0   0   0   0  0.95 inf
    2 Q   -4  6 -3 -4 -7  6 -2 -5  2 -6 -6  2 -4 -6 -3 -4 -3 -6 -5 -6    0  39   0   0   0  42   0   0   5   0   0  13   0   0   1   0   1   0   0   0  1.54 inf
    3 A    7 -6 -5 -6 -5 -5 -5 -4 -6 -6 -6 -5 -5 -7 -5  1 -4 -7 -6 -4   90   0   0   0   0   0   0   0   0   0   0   0   0   0   0  10   0   0   0   0  2.06 inf
    4 C   -6 -9 -8 -9 12 -8 -9 -8 -9 -7 -7 -9 -7 -8 -8 -6 -6 -8 -8 -6    0   0   0   0 100   0   0   0   0   0   0   0   0   0   0   0   0   0   0   0  4.58 inf
    5 D   -4 -3  1  7 -7 -1  2 -5 -4 -2 -4 -2 -1 -5 -5 -3 -3 -7 -6 -1    1   1   6  62   0   2  11   0   0   3   2   2   2   0   0   1   1   0   0   6  1.37 inf
    6 I    0  3 -1 -3 -1  0  2 -2 -1 -1 -1 -1  2  0 -4  1  0 -2 -1  0    8  21   3   0   2   4  13   3   1   4   7   1   6   4   0  13   4   0   2   6  0.19 inf
    7 C   -6 -9 -8 -9 12 -9 -9 -8 -9 -7 -7 -9 -7 -8 -8 -6 -6 -8 -8 -6    0   0   0   0 100   0   0   0   0   0   0   0   0   0   0   0   0   0   0   0  4.61 inf
    8 R   -6  8 -3 -6 -8 -3 -5 -7  0 -8 -7  1 -6 -8 -7 -4 -6 -7 -6 -7    0  88   1   0   0   0   0   0   2   0   0   8   0   0   0   1   0   0   0   0  2.59 inf
    9 L   -1  5 -3 -3 -5  0 -2 -4 -1  0 -1  3 -2 -3 -4  1 -1 -5 -4 -2    6  36   0   1   0   4   0   1   2   7   7  20   1   1   0  10   3   0   0   2  0.65 inf
   10 K   -3  6 -3 -5 -7 -1 -4 -6 -5 -7 -7  6 -6 -7 -6 -5 -5 -7 -6 -7    2  48   1   0   0   2   0   0   0   0   0  48   0   0   0   0   0   0   0   0  1.96 inf
   11 K   -6  0 -5 -5 -8 -3 -4 -6 -5 -8 -7  8 -6 -8 -6 -5 -5 -8 -7 -7    0   3   0   0   0   0   0   0   0   0   0  97   0   0   0   0   0   0   0   0  2.74 inf
   12 L   -1 -4 -3 -2 -1 -1 -3 -5 -3  5  2 -4  0 -2 -5 -1  1 -2 -3  2    4   1   1   2   1   2   1   0   0  35  20   0   2   1   0   5   8   0   1  14  0.55 inf
   13 K   -4  5 -4 -5 -8 -2 -4 -6 -5 -7 -7  7 -6 -7 -6 -5 -5 -7 -6 -7    1  33   0   0   0   1   0   0   0   0   0  65   0   0   0   0   0   0   0   0  2.07 inf
   14 C   -6 -9 -8 -9 12 -9 -9 -8 -9 -7 -7 -9 -7 -8 -8 -6 -6 -8 -8 -6    0   0   0   0 100   0   0   0   0   0   0   0   0   0   0   0   0   0   0   0  4.60 inf
   15 S   -5 -6  1  8 -7 -3 -2 -5 -5 -7 -8 -5 -7 -8 -6  2 -3 -8 -7 -7    0   0   5  76   0   1   1   0   0   0   0   0   0   0   0  16   1   0   0   0  2.13 inf
   16 K   -2  3 -4 -4 -6 -2 -4  6 -3 -7 -5  2 -6 -7 -6 -3 -4 -6 -6 -6    2  18   0   1   0   2   1  62   0   0   1  12   0   0   0   1   0   0   0   0  1.45 inf
   17 E    0  1 -1  0 -2  2  2 -1 -2 -1 -1  2 -2 -4  0 -1  0 -4 -3 -1    8   9   2   4   1   8  18   5   0   4   6  17   1   0   4   3   4   0   0   6  0.21 inf
   18 K   -3  4 -2 -3 -5  3  0 -3  0 -1 -1  3  1 -1 -1 -1  0 -4  0 -1    0  21   1   0   0  13   5   1   2   4   5  21   5   3   3   4   5   0   3   4  0.37 inf
   19 P   -4 -5 -1 -6 -8 -4 -5 -3 -7 -8 -8 -4 -5 -9  9 -4 -5 -9 -8 -7    1   1   3   0   0   1   0   2   0   0   0   1   0   0  90   1   1   0   0   0  2.96 inf
   20 K    1  1 -1 -2 -2  2 -1 -1 -2 -1 -3  2 -2 -3 -3  2  2 -4 -2  1   12   9   2   1   1   9   2   4   1   4   1  14   1   1   1  16  12   0   1  10  0.22 inf
   21 C   -6 -9 -8 -9 12 -9 -9 -8 -9 -7 -7 -9 -7 -8 -8 -6 -6 -8 -8 -6    0   0   0   0 100   0   0   0   0   0   0   0   0   0   0   0   0   0   0   0  4.60 inf
   22 A    1 -2 -2 -3 -4  0 -3  3 -2 -4 -3 -2 -4 -5 -4  5  2 -6 -5 -3    9   2   1   1   0   4   1  19   1   0   2   2   0   0   0  42  14   0   0   2  0.72 inf
   23 K   -2  2  4 -3 -5  2 -3 -2  5 -3 -2  1 -2 -4  0 -1  1  2 -2 -3    3  11  23   0   0  10   0   2  13   2   4   8   1   0   6   3   9   3   1   2  0.48 inf
   24 C   -6 -9 -8 -9 12 -9 -9 -8 -9 -7 -7 -9 -7 -8 -8 -6 -6 -8 -8 -6    0   0   0   0 100   0   0   0   0   0   0   0   0   0   0   0   0   0   0   0  4.60 inf
   25 L    1  1 -2 -2 -3  0 -1 -3 -1  2  1  1  0 -2 -3  0  1 -4 -2  1   12  10   0   1   0   5   3   1   2  15  14   9   2   1   0   9   8   0   0  10  0.15 inf
   26 K    1  3  2  0 -4  2  0 -2 -1 -3 -3  4 -2 -4 -4  1  0 -2 -3 -2   15  15   8   4   0   8   4   1   1   1   1  24   0   0   0   8   5   1   1   3  0.39 inf
   27 N    0 -1  3 -2 -1 -1 -2 -2  3  0  0 -2 -1  0 -4  1 -1 -1  3  0    9   4  17   1   1   2   1   2   7   4  11   1   1   4   0  14   2   1  13   6  0.23 inf
   28 N   -2  1  5 -1 -6 -1 -3  4  1 -5 -6  2 -5 -6 -5  0 -4 -6 -5 -5    3   8  32   3   0   2   1  32   3   1   0  11   0   0   0   5   0   0   0   0  0.93 inf
   29 W   -1  1 -2 -2 -3  0  0 -3  3  0  0  0 -1  2 -3  0  1  4  1  0    3  10   1   1   0   3   5   1   7   5  10   6   1  11   0   7   9   6   4   8  0.15 inf
   30 E   -1 -1 -1  2 -1  1  5 -4  0 -2 -4  0 -4 -5  1  0  0 -5 -4 -2    5   2   2  11   1   6  40   1   3   2   1   4   0   0   7   5   5   0   0   3  0.60 inf
   31 C   -5 -8 -7 -8 12 -8 -8 -7 -8 -6 -6 -8 -6 -7 -7 -6 -6 -7 -7 -6    0   0   0   0  98   0   0   0   0   0   0   0   0   0   0   0   0   0   0   0  4.40 inf
   32 R   -1  0 -1 -2  0 -1  1 -3  0  1 -1  0 -1 -2 -3  0  3 -4 -3  2    5   4   2   1   2   2   9   1   3   7   5   7   1   1   0   7  24   0   0  19  0.24 inf
   33 Y   -5 -6 -6 -7 -6 -5 -6 -4 -2 -2 -4 -6 -5  3 -7 -5  1  5  9 -1    0   0   0   0   0   0   0   2   1   2   1   0   0  12   0   0   9   6  63   4  2.03 inf
   34 S   -1 -2 -1  1 -3  0 -1 -2 -2 -1 -1  0 -2 -4  1  3  3 -4 -2  0    4   1   2   9   0   3   4   3   0   3   7   6   1   0   6  25  20   0   1   7  0.27 inf
   35 P   -1 -1 -2  4 -5  2  3 -1 -1 -3 -4 -2 -4 -6  4 -2 -1 -6 -4 -1    5   3   1  22   0   8  23   4   2   1   1   2   0   0  19   1   3   0   0   6  0.64 inf
   36 K    0  3 -1 -2 -4  0  0 -3 -2 -3 -4  4 -2 -5  1  1  1 -5 -3  0    7  19   2   1   0   3   4   1   0   1   0  24   0   0   6  10  10   0   1   9  0.41 inf
   37 T    1  2 -1 -2 -3 -1  0 -1  0  0  1  1 -1 -2  0  1  1 -3 -1  0   11  14   3   1   0   2   5   3   2   6  14   9   1   1   5  10   8   0   1   6  0.09 inf
   38 K   -2  3  0  0 -5  0 -2 -4 -1 -3 -4  5 -3 -5 -2  1  1 -6 -3 -1    3  15   3   6   0   3   1   1   1   1   1  39   1   0   1  10   9   0   1   4  0.64 inf
   39 R   -3  7 -2 -4 -7 -1 -2 -2 -2 -5 -6  5 -5 -7 -1 -3 -3 -7 -6 -6    1  53   1   0   0   1   1   4   1   1   0  31   0   0   3   1   1   0   0   0  1.50 inf
   40 S    0  6  0 -4 -5 -1 -3 -3 -4 -4 -4  1 -4 -6  2  2  0 -6 -3 -3    8  43   3   0   0   1   0   1   0   1   1   8   0   0  10  17   5   0   1   1  0.86 inf
   41 P    2  0  0 -3 -5 -2 -2  4 -1 -5 -5 -3 -5 -4  4  0 -1 -6 -5 -4   17   5   5   1   0   2   2  37   2   0   1   0   0   1  20   6   3   0   0   0  0.78 inf
   42 L   -2 -4 -5 -4 -5 -2 -3 -4  0  0  3 -4 -1  3  5 -3 -2 -4  1  0    3   1   0   1   0   2   1   1   3   4  31   0   1  11  30   1   2   0   4   5  0.76 inf
   43 T   -2  1 -3 -4 -5 -1 -3 -5 -4 -5 -4  2 -4 -6  5  2  3 -6 -5 -4    3   8   1   0   0   3   1   0   0   0   2  15   0   0  32  14  21   0   0   1  0.94 inf
   44 R    0  6 -4 -4 -6 -1 -1 -4 -4 -6 -4  5 -3 -6 -1 -2 -1 -6 -5 -3    9  43   0   0   0   1   3   1   0   0   1  30   1   0   3   2   4   0   0   1  1.10 inf
   45 A    1  1 -1 -1 -5  0 -1  5  0 -4 -5  1 -3 -6 -4  0 -2 -5 -5 -3   12   7   2   2   0   5   4  46   3   1   0   7   0   0   0   7   2   0   0   2  0.72 inf
   46 H   -4 -4  0 -7 -7 -3 -6 -7  5 -6 -4 -3 -5 -1 -7 -4 -4 -3  9 -4    2   1   5   0   0   1   0   0  12   0   2   1   0   1   0   1   1   0  72   1  2.37 inf
   47 L   -3 -5 -5 -4 -4 -5 -5 -2 -5  4  2 -5  1 -3 -4 -4  2 -5 -3  5    1   0   0   1   0   0   0   3   0  19  20   0   4   1   1   0  13   0   1  37  0.79 inf
   48 T   -2  2 -1 -1 -5  2  5 -3  0 -4 -4  2 -2 -5 -2  0  2 -5 -4 -3    3  11   2   3   0   7  36   1   2   1   1  10   1   0   1   4  14   0   0   2  0.61 inf
   49 E    1 -1  1  1 -4  2  3  0  0 -3 -2  0  0 -2 -3  2  1 -4 -2 -3   13   1   6   6   0   9  20   8   2   0   4   4   3   1   0  14   7   0   1   1  0.25 inf
   50 V   -3 -6 -7 -7 -5 -6 -6 -7 -7  1  6 -6  1 -3 -6 -6 -3 -6 -5  2    1   0   0   0   0   0   0   0   0   6  77   0   2   0   0   0   1   0   0  12  1.54 inf
   51 E   -3 -2 -4 -1 -8  0  8 -6  1 -7 -7 -2 -3 -7 -5 -3 -5 -7 -6 -4    1   2   0   2   0   3  83   0   3   0   0   2   1   0   0   1   0   0   0   1  2.02 inf
   52 S    1  0  3  0 -3  2  2 -2 -1 -4 -3  2 -2 -5 -3  1  0 -5 -3 -3   15   4  16   5   0   7  15   2   1   0   2  12   1   0   0  13   7   0   1   1  0.37 inf
   53 R   -5  8 -4 -5 -8  0  0 -6 -4 -7 -6  1 -5 -7 -5 -3 -4 -7 -6 -7    1  81   0   0   0   3   5   0   0   0   0   7   0   0   0   1   1   0   0   0  2.15 inf
   54 L   -3 -5 -3 -6  0 -5 -6 -7 -6  3  5 -6  0 -3 -6 -5 -4 -5 -4  3    1   0   2   0   2   0   0   0   0  13  59   0   1   0   0   0   0   0   0  22  1.17 inf
   55 E    1  3  0  1 -4  1  2  0  2 -2 -3  2 -2 -4 -2 -1 -2 -5 -3 -1   16  17   3   6   0   6  17   7   5   2   2  11   1   0   1   1   1   0   0   4  0.30 inf
   56 R   -1  4 -1 -1 -5  4  1 -3  1 -3 -3  2 -1 -2 -4  0 -1  0 -1 -3    4  23   2   3   0  20   8   0   3   2   2  14   2   1   0   7   3   1   2   1  0.48 inf
   57 L   -5 -6 -7 -7 -5 -5 -6 -7 -6  0  5 -6  6 -3 -6 -6 -4 -5 -5  1    0   0   0   0   0   0   0   0   0   3  64   0  24   0   0   0   0   0   0   9  1.55 inf

                      K         Lambda
Standard Ungapped    0.1298     0.3187
Standard Gapped      0.0534     0.2670
PSI Ungapped         0.1760     0.3115
PSI Gapped           0.0534     0.2670
