
Last position-specific scoring matrix computed, weighted observed percentages rounded down, information per position, and relative weight of gapless real matches to pseudocounts
           A  R  N  D  C  Q  E  G  H  I  L  K  M  F  P  S  T  W  Y  V   A   R   N   D   C   Q   E   G   H   I   L   K   M   F   P   S   T   W   Y   V
    1 M   -1 -3 -3 -4 -1 -2 -3 -4 -3  3  1 -3  2 -1 -3 -2 -1 -3 -2  4    0   0   0   0   0   0   0   0   0  14   8   0  10   0   0   0   0   0   0  67  0.41 inf
    2 I   -2 -3 -4 -4 -2 -2 -3 -4 -4  4  3 -3  1  0 -3 -3 -1 -3 -2  2    0   0   0   0   0   2   0   0   0  47  35   0   0   1   0   0   0   0   0  15  0.51 inf
    3 S   -1 -2  1  5 -2 -1  0 -2 -2 -4 -4 -1 -3 -4  0  4  0 -4 -3 -3    2   0   5  44   0   1   1   0   0   0   0   1   0   0   2  44   1   0   0   0  0.68 inf
    4 Y    1  4 -1 -1 -3  2  0 -2  0 -3 -3  2 -2 -3 -1  0  1 -3  0 -2   15  34   0   2   0  15   4   1   2   0   0   9   0   0   1   6   8   0   4   0  0.35 inf
    5 D    0  0  1  3 -2  1  2 -1 -1 -3 -3  0 -2 -3  1  2  2 -4 -3 -2    7   3   3  18   1   7  15   1   0   0   0   1   0   0   5  26  15   0   0   0  0.34 inf
    6 N   -1  1  3  2 -3  3  0  1  2 -4 -3  1 -2 -4 -2  0 -1 -4 -2 -3    3  10  17  16   0  18   2  12   8   0   1   8   0   0   0   5   1   0   0   0  0.35 inf
    7 Y   -4 -4 -4 -3 -4 -3 -4 -5  0 -3 -3 -4 -3  1 -5 -4 -3  0  9 -3    0   0   0   1   0   0   0   0   0   0   0   0   0   0   0   0   0   0  98   0  2.15 inf
    8 V   -1 -1 -1  2 -4  3  4 -3  2 -2 -3  0 -2 -4 -2  0 -1 -4 -2  1    1   1   0  10   0  22  36   1   6   0   0   1   0   0   0   4   2   0   0  15  0.45 inf
    9 T   -1 -3 -1 -3  2 -2 -3 -3 -3  1 -1 -2 -1 -3 -3  0  6 -4 -3  1    2   0   1   0   5   0   0   1   0  10   4   0   0   0   0   0  67   0   0  10  0.69 inf
   10 I   -2 -4 -5 -5 -2 -4 -4 -5 -5  6  1 -4  0 -1 -4 -3 -2 -4 -3  4    0   0   0   0   0   0   0   0   0  68   6   0   0   0   0   0   0   0   0  26  0.90 inf
   11 L   -2 -3 -3 -4 -2 -3 -4 -4 -3  0  5 -3  1  1 -4 -3  1 -2  0  0    0   1   0   1   0   0   0   0   0   0  77   0   1   6   0   0   9   0   3   2  0.67 inf
   12 D   -2 -2  1  5 -3 -1  2 -2 -2 -3 -4 -1 -3 -4 -2  0  4 -4 -3 -3    0   0   3  42   0   0  14   1   0   0   0   1   0   0   0   5  35   0   0   0  0.72 inf
   13 E   -2  1 -1  0 -4  5  5 -3  0 -4 -3  1 -1 -4 -2 -1 -2 -3 -3 -3    1   4   0   1   0  36  43   0   1   0   2   8   1   0   1   0   0   0   0   1  0.77 inf
   14 E    3 -1 -1  1 -2  1  2 -1 -1 -3 -3  0 -2 -4 -1  1  0 -4 -3 -2   42   0   1   9   0   6  20   1   1   0   0   6   0   0   2   8   4   0   0   0  0.36 inf
   15 T    1  1 -1  2 -3  2  2 -1  0 -2 -2  0 -1 -3 -2  1  2 -3 -2 -1   16   7   0  15   0  14  15   2   2   0   1   0   1   0   0   9  15   0   0   2  0.27 inf
   16 L   -3 -4 -5 -5 -3 -4 -4 -5 -3  0  4 -4  0  6 -5 -4 -3  1  1 -1    0   0   0   0   0   0   0   0   0   0  48   0   0  50   0   0   0   1   0   1  0.95 inf
   17 K    0 -1  2  5 -3  0  2 -2 -1 -3 -2  0 -2 -3 -2  0  0 -4 -3 -2    7   1  10  42   0   3  14   0   1   1   3   4   1   1   0   5   4   0   0   1  0.49 inf
   18 A    2  1  0  1 -2  1  1 -1  1 -1 -1  0 -1 -3 -2  0  0 -3 -2 -1   24  11   1  10   0   7  12   2   4   3   4   5   1   0   0   6   7   0   0   5  0.15 inf
   19 W   -5 -5 -6 -7 -5 -4 -5 -5 -5 -5 -2 -5 -3 -1 -6 -5 -5 12  1 -5    0   0   0   0   0   0   0   0   0   0   4   0   0   0   0   0   0  95   1   0  3.69 inf
   20 I   -2 -3 -4 -5 -2 -3 -4 -5 -4  3  4 -3  2  0 -4 -3 -2 -3 -2  2    0   1   0   0   0   0   0   0   0  25  61   0   3   1   0   0   0   0   0   9  0.66 inf
   21 A    1  0  0  2 -3  1  4 -1 -1 -3 -3  2 -2 -4 -2  0  0 -4 -3 -2   16   2   3  11   0   5  38   3   0   0   1  12   0   0   0   2   5   0   0   2  0.38 inf
   22 K   -1  5 -1 -2 -4  2  0 -3 -2 -3 -3  5 -2 -4 -3 -1 -1 -4 -3 -3    2  33   0   0   0   8   1   0   0   0   1  50   0   0   0   0   2   0   0   1  0.79 inf
   23 L   -3 -4 -5 -5 -3 -4 -4 -5 -4  1  6 -4  1 -1 -4 -4 -3 -3 -2  0    0   0   0   0   0   0   0   0   0   5  94   0   0   0   0   0   0   0   0   0  1.06 inf
   24 E    0  1  2  0 -3  3  2 -1  0 -3 -3  3 -2 -4 -2  0 -1 -4 -3 -3    4   6  10   1   0  15  16   3   1   0   0  33   0   0   0   7   2   0   0   0  0.41 inf
   25 K    2  0  1  1 -2  3  1 -1  0 -3 -3  2 -2 -3 -2  1  0 -3 -2 -2   28   1   6   6   0  16   7   3   1   0   0  17   0   0   0  11   4   0   0   0  0.29 inf
   26 A    6 -3 -3 -3  0 -2 -2 -1 -3 -3 -3 -2 -2 -2 -2  1 -1 -4 -3 -1   86   0   0   0   1   0   0   0   0   0   0   0   0   1   0   8   1   0   0   1  0.89 inf
   27 P   -1 -1 -1  3 -4  0  4 -1 -2 -4 -4  1 -3 -4  3  0 -1 -4 -3 -3    2   0   1  19   0   1  41   5   0   0   0   9   0   0  15   6   1   0   0   0  0.62 inf
   28 V   -1 -2 -4 -4  1 -3 -2 -4 -3  1  4 -3  1 -1 -4 -3 -1 -3  0  2    4   2   0   0   4   0   2   0   0   1  63   0   0   0   0   0   1   0   3  17  0.47 inf
   29 F   -3 -4 -5 -5 -4 -5 -5 -5 -3  1 -1 -5 -1  8 -5 -4 -3 -1  2  0    1   0   0   0   0   0   0   0   0  10   0   0   0  82   0   0   1   0   1   4  1.40 inf
   30 A    6 -3 -3 -3  2 -2 -2 -1 -3 -3 -3 -2 -2 -4 -2  1 -1 -4 -3 -2   90   0   0   0   5   0   0   0   0   0   0   0   0   0   0   5   0   0   0   0  1.00 inf
   31 F   -4 -4 -5 -5 -4 -5 -5 -5 -3  0  0 -5 -1  8 -5 -4 -3 -1  1  0    0   0   0   0   0   0   0   0   0   5   3   0   0  86   0   0   0   0   0   6  1.50 inf
   32 A   -3 -3  0  8 -5 -2  0 -3 -3 -5 -6 -2 -5 -5 -3 -2 -3 -6 -5 -5    0   0   0 100   0   0   0   0   0   0   0   0   0   0   0   0   0   0   0   0  1.88 inf
   33 T   -2 -3 -2 -3 -2 -2 -3 -3 -3 -2  0 -2 -2 -3 -3  0  7 -4 -3 -1    0   0   0   0   0   0   0   0   0   0  10   0   0   0   0   1  89   0   0   0  1.15 inf
   34 A   -2 -2 -2  0 -5  0  7 -4 -2 -5 -5 -1 -4 -5 -3 -2 -3 -5 -4 -4    0   0   0   0   0   0 100   0   0   0   0   0   0   0   0   0   0   0   0   0  1.60 inf
   35 T   -2 -3 -2 -3 -3 -2 -3 -3 -3 -2 -3 -2 -2 -4 -3  0  7 -4 -3 -2    0   0   0   0   0   0   0   0   0   0   0   0   0   0   0   0 100   0   0   0  1.47 inf
   36 D   -2 -3  1  4 -3 -2 -1 -3 -3 -3 -3 -2 -3 -4 -3  0  6 -4 -3 -2    0   0   4  31   0   0   0   0   0   0   0   0   0   0   0   1  64   0   0   0  0.92 inf
   37 S    0 -1  0 -1 -2 -2 -2  2 -2 -4 -4 -2 -3 -4 -2  5  0 -4 -3 -3    4   1   1   1   0   0   0  14   0   0   0   0   0   0   0  78   0   0   0   0  0.85 inf
   38 L   -3 -4 -5 -5 -3 -4 -4 -5 -4  1  5 -4  1 -1 -4 -4 -2 -3 -2  0    0   0   0   0   0   0   0   0   0   6  91   0   0   0   0   0   0   0   0   3  1.00 inf
   39 D   -3 -2  4  6 -5 -1  0 -2 -1 -5 -5 -1 -4 -5 -3 -1 -2 -6 -4 -5    1   1  27  67   0   0   1   0   0   0   0   1   0   0   0   1   0   0   0   0  1.24 inf
   40 N    0 -3  0 -4 -3 -3 -3 -4  0 -2 -3 -3 -2  1 -3 -2  1  0  8 -2   11   0   5   0   0   0   0   0   0   1   0   0   0   0   1   0  12   0  70   1  1.13 inf
   41 I   -2 -2 -3 -4 -3  2 -3 -4 -1  1  2 -2  8 -2 -4 -1 -2 -3 -2 -1    0   1   0   0   0  11   0   0   1   7  14   1  60   0   0   4   0   0   0   1  0.85 inf
   42 S   -1  1  0  2 -3  4  3 -2 -1 -2 -3  1 -2 -4 -2  1  1 -4 -3 -1    3   5   1   9   0  28  23   0   0   0   0   4   0   0   0  11   8   0   0   8  0.39 inf
   43 A    6 -3 -3 -3 -1 -2 -2 -1 -3 -3 -3 -2 -2 -4 -2  0 -1 -4 -3 -1   98   0   0   0   0   0   0   0   0   0   0   0   0   0   0   0   1   0   0   1  1.15 inf
   44 N   -2  2  4  1 -4  3  4 -2  1 -4 -4  1 -3 -4 -2 -1 -1 -4 -3 -4    1  10  25   5   0  13  35   0   2   0   0   6   0   0   0   0   0   0   0   0  0.59 inf
   45 L   -2 -4 -4 -5 -2 -3 -4 -5 -4  4  4 -4  1 -1 -4 -3 -2 -3 -2  2    0   0   0   0   0   0   0   0   0  27  62   0   1   0   0   0   0   0   0  10  0.72 inf
   46 V   -2 -4 -4 -5 -2 -4 -4 -5 -5  3  0 -4 -1 -2 -4 -3 -1 -4 -3  6    0   0   0   0   0   0   0   0   0  10   0   0   0   0   0   0   0   0   0  89  1.07 inf
   47 G   -1 -4 -2 -3 -4 -3 -4  7 -4 -6 -5 -3 -4 -5 -4 -2 -3 -4 -5 -5    0   0   0   0   0   0   0 100   0   0   0   0   0   0   0   0   0   0   0   0  1.80 inf
   48 L   -2 -3 -4 -4 -2 -3 -4 -4 -4  3  3 -3  3  0 -4 -3 -1 -3 -2  4    0   0   0   0   0   0   0   0   0  12  34   0  11   2   0   0   0   0   0  41  0.57 inf
   49 S    0 -2 -1 -2 -1 -2 -2  0 -2 -4 -4 -2 -3 -4 -2  6  0 -4 -3 -3    2   0   0   0   1   0   0   5   0   0   0   0   0   0   0  92   0   0   0   0  1.10 inf
   50 F   -4 -4 -5 -5 -2 -5 -5 -5 -3 -1  1 -5 -1  8 -5 -4 -3 -1  1 -1    0   0   0   0   1   0   0   0   0   0   9   0   0  86   0   0   0   0   0   4  1.51 inf
   51 A    6 -3 -3 -3  1 -2 -2 -1 -3 -3 -3 -2 -2 -4 -2  1 -1 -4 -3 -2   87   0   0   0   3   0   0   1   0   0   0   0   0   0   0   9   0   0   0   0  0.94 inf
   52 I   -1 -3 -4 -3 -2 -3 -3 -4 -4  4  1 -3  0 -2 -3 -2  1 -4 -2  4    2   0   0   1   0   0   0   0   0  28  12   0   1   0   0   0   8   0   0  49  0.56 inf
   53 E    1 -1  0  0 -3  2  5 -2 -1 -3 -3  1 -2 -4 -2  0  0 -4 -3 -2   18   1   2   3   0   7  50   1   0   0   0   9   0   0   0   2   6   0   0   0  0.55 inf
   54 P    2 -2  0 -1 -3 -1  1 -2 -3 -3 -3 -1 -3 -4  6 -1 -1 -4 -3 -1   26   1   4   1   0   0  12   0   0   0   0   0   0   0  48   1   1   0   1   3  0.96 inf
   55 G   -1 -3  0 -2 -4 -3 -3  6  1 -5 -5 -2 -4 -4 -4 -2 -3 -4 -3 -5    1   0   5   1   0   0   0  87   4   0   0   1   0   0   0   0   0   0   1   0  1.39 inf
   56 V   -1  0 -1  0 -4  2  5 -3  1 -2 -3  2 -2 -4 -2 -1 -1 -4 -2 -1    1   4   0   3   0   6  54   1   3   1   0  19   0   0   0   0   1   0   0   7  0.61 inf
   57 A    6 -3 -3 -3 -2 -2 -2 -1 -3 -3 -3 -2 -2 -4 -2  0 -1 -4 -3 -2   99   0   0   0   0   0   0   1   0   0   0   0   0   0   0   0   0   0   0   0  1.13 inf
   58 A    6 -3 -3 -3  1 -2 -2 -1 -3 -2 -3 -2 -1 -3 -2  0 -1 -1 -3 -1   92   0   0   0   3   0   0   0   0   0   0   0   1   0   0   0   0   1   0   3  0.95 inf
   59 Y   -4 -4 -4 -5 -4 -3 -4 -5  0 -3 -3 -4 -3  1 -5 -4 -4  1  9 -3    0   0   0   0   0   0   0   0   0   0   0   0   0   0   0   0   0   0 100   0  2.20 inf
   60 I   -2 -4 -4 -4 -2 -3 -4 -5 -4  3  3 -3  1 -1 -4 -3 -1 -3 -2  4    0   0   0   0   0   0   0   0   0  20  35   0   0   0   0   0   0   0   0  45  0.62 inf
   61 P   -2 -4 -4 -3 -5 -3 -3 -4 -4 -5 -5 -3 -4 -6  9 -3 -3 -6 -5 -4    0   0   0   0   0   0   0   0   0   0   0   0   0   0 100   0   0   0   0   0  2.70 inf
   62 V   -2 -3 -4 -5 -1 -3 -4 -5 -4  1  4 -3  1  1 -4 -3 -2 -3 -1  3    0   0   0   0   1   0   0   0   0   3  55   0   0   7   0   0   0   0   0  34  0.59 inf
   63 A    5 -2 -2 -3 -1 -1 -2  2 -2 -3 -3 -1 -2 -4 -2  0  0 -4 -3 -2   69   2   1   0   1   2   0  19   0   0   0   1   1   0   0   1   5   0   0   0  0.63 inf
   64 H   -4 -2 -1 -3 -5 -1 -2 -4 10 -5 -4 -3 -3 -3 -4 -3 -4 -4  0 -5    0   0   0   0   0   0   0   0  98   0   2   0   0   0   0   0   0   0   0   0  2.39 inf
   65 D   -2 -2  1  7 -2 -1  0 -2 -1 -3 -4 -2 -4 -5 -3  1 -1 -5 -4 -3    1   1   3  75   1   1   1   0   1   1   0   0   0   0   0  12   2   0   0   1  1.10 inf
   66 Y   -3 -3 -3 -2 -3 -3 -4 -4  0 -3 -3 -4 -3  1 -5 -3 -3  0  9 -3    0   0   0   2   0   0   0   1   0   0   0   0   0   0   0   0   1   0  94   0  1.92 inf
   67 L   -1 -3 -3 -2 -2 -2 -1 -3 -3  1  3 -2  4 -1  4 -2 -2 -3 -2  0    3   0   0   2   0   0   3   1   0   5  42   0  17   0  21   1   0   0   0   5  0.48 inf
   68 D   -2 -3 -1  5 -4 -2  0  5 -3 -5 -5 -2 -4 -5 -3 -1 -2 -5 -4 -4    1   0   0  47   0   0   2  49   0   0   0   0   0   0   0   0   1   0   0   0  1.03 inf
   69 A    5 -3 -3 -3 -1 -2 -2 -1 -3 -2 -2 -2 -2 -3 -2  0 -1 -4 -3  1   83   0   0   0   1   0   0   1   0   0   0   0   0   0   0   1   2   0   0  12  0.78 inf
   70 P   -3 -4 -4 -3 -5 -3 -2 -4 -4 -5 -5 -3 -4 -6  8 -2 -2 -6 -5 -4    0   0   0   1   0   0   1   0   0   0   0   0   0   0  98   0   0   0   0   0  2.61 inf
   71 D    0 -1  0  3 -3  3  4 -2 -1 -2 -3  1 -2 -4  0 -1  0 -4 -3 -1   11   0   1  16   0  14  37   1   0   1   1   5   0   0   3   1   3   0   0   5  0.41 inf
   72 Q   -3 -1 -2 -2 -5  8  0 -4 -1 -5 -4  0 -2 -5 -3 -2 -2 -4 -3 -4    0   0   0   0   0  98   0   0   0   0   0   0   0   0   0   0   2   0   0   0  1.71 inf
   73 I   -3 -4 -5 -5 -3 -4 -4 -5 -4  1  5 -4  1 -1 -4 -4 -2 -3 -2  0    0   0   0   0   0   0   0   0   0   6  93   0   0   0   0   0   0   0   0   1  1.00 inf
   74 S   -2 -2  1  6 -4 -1  1 -2 -2 -4 -4 -1 -4 -4  1  1 -1 -5 -4 -4    2   0   3  63   0   1   6   1   0   0   0   1   0   0   8  14   1   0   0   0  0.90 inf
   75 R   -3  6 -2 -3 -1  0  0 -4 -1 -3 -1  2 -2  0 -2 -2 -2 -1 -2 -3    0  72   0   0   1   2   4   0   0   0   7   6   1   4   1   0   0   1   0   0  0.89 inf
   76 E    0 -1  1  5 -4  1  3 -2 -1 -4 -4  0 -3 -4 -2  0  0 -4 -3 -3   12   1   5  46   0   5  18   1   1   0   0   3   0   0   0   3   4   0   0   0  0.60 inf
   77 R    1  1 -1 -1 -2  1  1 -2 -1 -2 -1  0 -1  0 -2  0  1  7  1 -1   14   7   2   3   0   6  10   1   1   0   3   2   2   3   0   6  13  19   3   2  0.31 inf
   78 A    0 -4 -4 -4 -1 -3 -4 -4 -4  2  0 -3 -1 -2 -3 -2  0 -4 -3  6    9   0   0   0   0   0   0   0   0   2   1   0   0   0   0   0   4   0   0  83  0.82 inf
   79 L   -3 -4 -5 -5 -3 -3 -4 -5 -4  1  5 -4  2  0 -4 -4 -2 -3 -2  0    0   0   0   0   0   0   0   0   0   2  94   0   2   2   0   0   0   0   0   0  1.00 inf
   80 E    3  0  0  0 -2  0  3  0 -1 -3 -2  0 -2 -3 -2  0  0 -4 -3 -2   44   3   2   4   0   3  26   3   0   0   3   4   0   0   0   3   3   0   0   1  0.34 inf
   81 L    2  2 -1 -1 -2  3  0 -2 -1 -2 -1  2 -1 -3 -2  0  0 -3 -2 -1   26  13   0   1   0  24   2   0   0   0   8  16   0   0   0   1   3   0   0   4  0.28 inf
   82 L   -3 -3 -5 -5 -3 -3 -4 -5 -4  1  5 -4  2  1 -4 -4 -2 -3 -2  0    0   0   0   0   0   0   0   0   0   2  89   0   5   4   0   0   0   0   0   0  0.94 inf
   83 K   -2  3 -1 -2 -4  1 -1 -2 -2 -4 -4  6 -3 -5 -2 -1 -1 -4 -3 -4    1  10   0   0   0   2   0   2   0   0   0  82   0   0   0   0   2   0   0   0  1.04 inf
   84 P   -2 -4 -4 -2 -5 -3 -2 -4 -4 -4 -4 -3 -4 -5  8 -2 -2 -5 -5 -4    1   0   0   1   0   0   1   0   0   0   1   0   0   0  95   0   2   0   0   0  2.46 inf
   85 L   -3 -3 -5 -5 -2 -3 -4 -5 -4  3  5 -4  1 -1 -4 -4 -2  2 -1  1    0   0   0   0   0   0   0   0   0  19  73   0   0   0   0   0   0   4   1   3  0.76 inf
   86 L   -3 -4 -5 -5 -3 -4 -4 -5 -4  0  6 -4  1 -1 -4 -4 -3  1 -2  0    0   0   0   0   0   0   0   0   0   0  98   0   1   0   0   0   0   2   0   0  1.08 inf
   87 E   -1 -2 -2  0 -5  1  7 -3 -2 -5 -4 -1 -3 -5 -3 -2 -2 -4 -4 -4    4   0   0   0   0   1  93   0   0   0   0   0   0   0   0   0   1   0   0   0  1.36 inf
   88 D   -2 -3  3  7 -4 -1  0 -2 -2 -4 -5 -1 -4 -5 -3  1 -2 -5 -4 -4    2   0  14  74   0   0   0   0   0   0   0   1   0   0   0  10   0   0   0   0  1.19 inf
   89 E    0 -2 -1  1 -4 -1  2 -2 -2 -4 -4  0 -3 -4  6  0 -1 -4 -4 -3   10   0   1  10   0   0  19   1   0   0   0   3   0   0  47   6   3   0   0   0  0.95 inf
   90 K    1  1  2  1 -2  1  0  0 -1 -3 -3  2 -2 -3 -2  1  1 -3 -2 -2   14   5  16   6   0   6   4   7   1   0   0  18   0   0   0  14   9   0   0   0  0.25 inf
   91 A    0  2 -1 -2 -1  1 -1 -2  2  1  0  3 -1 -2  0 -1 -1 -3 -1  0   11  10   1   0   1   8   0   0   6  14  10  29   0   1   4   1   0   0   2   4  0.15 inf
   92 L    2  1 -2 -2 -2  0 -1  0  0 -1  1  2 -1 -2  0  0 -1 -2 -2 -1   29   8   0   0   0   5   0   5   2   3  19  21   0   0   4   1   2   0   0   1  0.15 inf
   93 K   -2  1 -2 -2 -5  0 -1 -3 -2 -4 -4  7 -3 -5 -3 -2 -2 -5 -3 -4    0   0   0   0   0   0   0   0   0   0   0 100   0   0   0   0   0   0   0   0  1.41 inf
   94 V   -2 -4 -4 -4 -2 -4 -4 -5 -4  4  1 -4  0 -2 -4 -3 -1 -4 -2  5    0   0   0   0   0   0   0   0   0  22   8   0   0   0   0   0   0   0   0  70  0.81 inf
   95 G   -1 -4 -2 -3 -1 -3 -4  7 -4 -5 -5 -3 -3 -5 -4 -2 -3 -4 -5 -5    1   0   0   0   1   0   0  97   0   0   0   0   1   0   0   0   0   0   0   0  1.66 inf
   96 Q   -3 -1 -2 -2 -5  8  0 -4  0 -5 -4  0 -2 -5 -3 -2 -2 -4 -3 -4    0   0   0   0   0  99   0   0   1   0   0   0   0   0   0   0   0   0   0   0  1.75 inf
   97 N   -3 -2  7  0 -4 -1 -2 -2  6 -5 -5 -2 -4 -4 -4 -1 -2 -5 -2 -5    0   0  79   0   0   0   0   0  21   0   0   0   0   0   0   0   0   0   0   0  1.46 inf
   98 L    0 -3 -4 -5 -2 -3 -4 -3 -4  2  5 -3  1  0 -4 -3 -2 -3 -2  0    8   0   0   0   0   0   0   2   0   8  80   0   1   1   0   0   0   0   0   0  0.71 inf
   99 K   -2  1 -2 -2 -5  0 -1 -3 -2 -4 -4  7 -3 -5 -3 -2 -2 -5 -3 -4    0   0   0   0   0   0   0   0   0   0   0 100   0   0   0   0   0   0   0   0  1.43 inf
  100 Y   -4 -4 -4 -5 -4 -3 -4 -5  0 -3 -2 -4 -2  5 -5 -3 -3  1  8 -3    0   0   0   0   0   0   0   0   0   0   0   0   0  20   0   0   0   0  80   0  1.77 inf
  101 D   -3 -3  0  8 -5 -2  0 -3 -3 -5 -5 -2 -5 -5 -3 -2 -3 -6 -5 -5    0   0   0 100   0   0   0   0   0   0   0   0   0   0   0   0   0   0   0   0  1.85 inf
  102 R    1  3 -2 -3 -1  0 -1 -3 -2  1  0  2  4 -2 -3 -1 -1 -3 -2 -1   20  19   0   0   1   2   1   0   0  11   4  14  26   0   0   2   1   0   0   0  0.26 inf
  103 G   -1 -2  4 -1 -3 -1 -1  2  4 -4 -4 -1 -3 -4 -3  3  0 -4 -2 -3    0   0  32   0   0   0   2  14  12   0   0   0   0   0   0  38   2   0   0   0  0.60 inf
  104 I   -2 -4 -4 -5 -2 -4 -4 -5 -5  4  0 -4  0 -2 -4 -3 -1 -4 -2  6    0   0   0   0   0   0   0   0   0  22   2   0   0   0   0   0   0   0   0  76  0.90 inf
  105 L   -3 -3 -5 -5 -3 -3 -4 -5 -4  1  5 -4  2  1 -4 -4 -2 -3 -2  0    0   0   0   0   0   0   0   0   0   1  89   0   4   5   0   0   0   0   0   1  0.93 inf
  106 A    5 -1 -2 -3 -2  0 -1 -1 -3 -2  0  0 -1 -3 -2  0 -1 -4 -3 -1   74   3   1   0   0   3   2   0   0   0   8   5   2   0   0   0   0   0   0   1  0.56 inf
  107 N   -3  5  6  0 -4  0 -1 -2  1 -5 -4  0 -3 -4 -3 -1 -2 -5 -3 -4    0  36  56   1   0   1   0   1   3   0   0   1   0   0   0   0   0   0   0   0  1.00 inf
  108 Y    0 -2  0 -3 -1 -2 -2 -3  6 -3 -3 -3 -2  1 -3 -2 -3  0  7 -2    9   0   4   0   2   1   1   0  26   0   0   0   0   0   0   0   0   0  55   2  1.07 inf
  109 G   -1 -3  0  4 -4 -2 -1  5 -3 -5 -5 -2 -4 -4 -3 -1 -2 -4 -4 -4    1   0   2  29   0   1   1  63   0   0   0   0   0   0   0   3   0   0   0   0  0.99 inf
  110 I   -3 -5 -5 -5 -3 -4 -5 -5 -4  7  0 -4  0 -1 -4 -4 -2 -4 -2  2    0   0   0   0   0   0   0   0   0  94   1   0   0   0   0   0   0   0   1   3  1.20 inf
  111 E    1  0  1  1 -2  1  4 -2  2 -3 -3  0 -1 -3 -2  0  1 -4 -2 -2   11   2   6   7   1   2  38   1   6   0   1   5   1   0   0   4  14   0   0   2  0.34 inf
  112 L   -2 -3 -4 -5 -2 -3 -4 -5 -4  1  5 -3  3 -1 -4 -3 -2 -3 -2  2    0   0   0   0   0   0   0   0   0   0  75   0  11   0   0   0   0   0   0  14  0.78 inf
  113 R    0  4  1 -1 -4  4  1 -2 -1 -4 -3  2 -2 -4 -3 -1 -1 -4 -3 -3    7  35   8   0   0  28   3   0   0   0   1  14   0   0   0   1   1   0   0   1  0.59 inf
  114 G   -1 -4 -2 -2 -4 -3 -4  7 -4 -5 -5 -3 -4 -5 -3 -2 -3 -4 -5 -5    0   0   0   0   0   0   0  99   0   0   0   0   0   0   1   0   0   0   0   0  1.71 inf
  115 I   -1 -4 -4 -4 -2 -3 -4 -5 -4  6  0 -4  1 -1 -1 -3 -2 -4 -2  3    3   0   0   0   0   0   0   0   0  70   0   0   3   1   3   0   0   0   0  20  0.78 inf
  116 A    4  0 -2 -2 -1  0  0 -1 -1 -2 -1  1 -1 -2 -2  0  0 -3 -2 -1   54   5   0   1   0   3   7   2   1   0   8  11   0   1   0   1   3   0   0   3  0.29 inf
  117 F   -2 -2 -1 -3 -4 -2 -1 -3  5 -2 -1 -3 -2  6 -4 -2 -2  0  4 -2    2   1   2   0   0   0   3   1  21   0   1   0   0  51   0   1   2   0  15   0  0.87 inf
  118 D   -3 -3  0  8 -5 -2  0 -3 -3 -5 -5 -2 -5 -5 -3 -2 -3 -6 -5 -5    0   0   0 100   0   0   0   0   0   0   0   0   0   0   0   0   0   0   0   0  1.85 inf
  119 T   -2 -3 -2 -3 -2 -2 -2 -3 -3 -2 -3 -2 -2 -4 -3  1  7 -4 -3 -2    0   0   0   0   0   0   0   0   0   0   0   0   0   0   0   4  96   0   0   0  1.32 inf
  120 M   -3 -3 -4 -5 -3 -2 -4 -5 -4 -1  0 -3 10 -2 -5 -3 -3 -3 -3 -1    0   0   0   0   0   1   0   0   0   0   1   0  99   0   0   0   0   0   0   0  1.97 inf
  121 L   -3 -4 -5 -5 -3 -4 -4 -5 -4  1  6 -4  1 -1 -4 -4 -3 -3 -2  0    0   0   0   0   0   0   0   0   0   1  98   0   0   0   0   0   0   0   0   1  1.08 inf
  122 E    1 -2 -2  0 -4  1  6 -3 -2 -4 -3 -1 -3 -4 -3 -1 -2 -4 -3 -3   11   0   0   0   0   3  83   0   0   0   2   0   0   0   0   1   0   0   0   0  1.12 inf
  123 S    0 -2 -1 -2 -2 -2 -2 -2 -2 -4 -4 -2 -3 -4 -2  6  0 -4 -3 -3    0   0   0   0   0   0   0   0   0   0   0   0   0   0   0 100   0   0   0   0  1.26 inf
  124 Y   -4 -4 -4 -5 -4 -3 -4 -5  0 -3 -3 -4 -3  1 -5 -4 -4  1  9 -3    0   0   0   0   0   0   0   0   0   0   0   0   0   0   0   0   0   0 100   0  2.20 inf
  125 I   -1 -4 -4 -4  1 -4 -4 -4 -4  2  0 -4  0 -2 -4 -3  0 -4 -3  6    2   0   0   0   3   0   0   0   0   6   0   0   1   0   0   0   3   0   0  86  0.90 inf
  126 L   -3 -3 -4 -5 -2 -3 -4 -5 -2  0  5 -4  1  3 -4 -4 -2  0  2  0    0   0   0   0   0   0   0   0   1   0  76   0   0  13   0   0   0   1   8   1  0.76 inf
  127 N   -3 -2  6  5 -4 -1 -1 -2 -1 -5 -5 -2 -4 -5 -3 -1 -2 -5 -4 -4    0   0  63  36   0   0   0   0   1   0   0   0   0   0   0   1   0   0   0   0  1.25 inf
  128 S    1 -2 -1 -2 -2 -2 -2 -2 -2 -4 -4 -2 -3 -4 -2  6  0 -4 -3 -3    5   0   0   0   0   0   0   0   0   0   0   0   0   0   0  95   1   0   0   0  1.13 inf
  129 V   -1 -3 -2 -3 -2 -3 -3 -4 -4  1 -1 -3 -1 -3 -3 -1  5 -4 -3  4    1   0   0   0   0   0   0   0   0   2   0   0   0   0   0   0  47   0   0  50  0.70 inf
  130 A    5 -2 -2 -2 -2 -1 -2  2 -3 -2 -3 -2 -2 -3 -2  1 -1 -3 -3 -1   69   0   0   0   0   1   0  18   0   1   1   0   0   0   0   5   1   0   0   2  0.63 inf
  131 G   -1 -2  0 -2 -2 -1 -2  4 -3 -3 -3 -2 -2 -4 -2  2  4 -4 -3 -2    0   0   3   0   0   1   0  34   0   1   0   0   0   0   0  21  41   0   0   0  0.61 inf
  132 R   -3  7 -2 -3 -5  0 -1 -4 -2 -5 -4  3 -3 -4 -3 -2 -3 -4 -3 -4    0  85   0   0   0   0   0   0   0   0   0  15   0   0   0   0   0   0   0   0  1.43 inf
  133 H   -4 -2 -1 -3 -5 -1 -2 -4 10 -5 -5 -3 -4 -3 -4 -3 -4 -4  0 -5    0   0   0   0   0   0   0   0 100   0   0   0   0   0   0   0   0   0   0   0  2.46 inf
  134 D   -3 -3  3  7 -5 -2  0 -3 -2 -5 -5 -2 -4 -5 -3 -1 -2 -6 -4 -5    0   0  16  84   0   0   0   0   0   0   0   0   0   0   0   0   0   0   0   0  1.50 inf
  135 M   -3 -3 -4 -5 -3 -2 -4 -5 -4 -1  0 -3 10 -2 -5 -3 -3 -3 -3 -1    0   0   0   0   0   0   0   0   0   0   1   0  99   0   0   0   0   0   0   0  2.00 inf
  136 D   -3 -3  0  8 -5 -2  0 -2 -3 -5 -5 -2 -5 -5 -3 -2 -3 -6 -5 -5    0   0   0  99   0   0   0   1   0   0   0   0   0   0   0   0   0   0   0   0  1.80 inf
  137 S    0 -2  0  2 -2 -1 -1 -1 -2 -3 -4 -1 -3 -4 -2  5  2 -4 -3 -3    3   0   1  10   0   0   1   2   0   0   0   0   0   0   0  73  11   0   0   0  0.75 inf
  138 L   -3 -4 -5 -5 -3 -4 -4 -5 -4  0  6 -4  1 -1 -4 -4 -3 -3 -2  0    0   0   0   0   0   0   0   0   0   0  99   0   1   0   0   0   0   0   0   0  1.10 inf
  139 A    6 -3 -3 -3 -1 -2 -2 -1 -3 -3 -3 -2 -2 -4 -2  2 -1 -4 -3 -1   87   0   0   0   1   0   0   0   0   0   0   0   0   0   0  12   0   0   0   1  0.93 inf
  140 E   -1  0 -2  1 -3  1  1 -3 -2 -1  3  1  0 -2 -3 -1 -1 -3 -2 -1    4   2   0   8   0   9  14   0   0   0  43  15   1   0   0   4   0   0   0   0  0.21 inf
  141 R   -2  5 -1 -2 -4  1  0 -3  1 -3 -3  5 -2 -2 -3 -1 -1 -4 -1 -3    1  34   1   0   0   2   1   0   4   1   1  48   0   2   0   0   2   0   1   0  0.71 inf
  142 W   -3 -3 -3 -5 -2 -3 -4 -5  4 -3 -2 -3 -2  3 -5 -3 -3  5  8 -3    0   0   0   0   1   0   0   0   9   0   1   0   0  10   0   0   0   6  73   0  1.54 inf
  143 L   -3 -4 -5 -5 -3 -4 -4 -5 -4  0  6 -4  1 -1 -4 -4 -3 -3 -2  0    0   0   0   0   0   0   0   0   0   0 100   0   0   0   0   0   0   0   0   0  1.12 inf
  144 K   -1 -2  2  2 -4  2  0  5 -1 -4 -4  0 -3 -4 -3 -1 -2 -4 -3 -4    0   0  14  14   0  13   2  51   1   0   0   4   0   0   0   2   0   0   0   0  0.68 inf
  145 H   -3  1 -1 -2 -3  0  1 -4  8 -3 -3 -1 -2 -2 -3 -2 -2 -3  2 -1    0  10   0   0   0   3   8   0  60   1   2   2   0   0   0   0   1   0   7   6  1.03 inf
  146 K   -1  1  0  1 -3  1  1 -1 -1 -3 -3  4 -2 -4 -1  1  1 -4 -3 -2    1   3   4   8   0   5   5   2   1   0   0  44   0   0   1  15  10   0   0   1  0.40 inf
  147 T   -1 -3  2 -2  4 -2 -2 -3 -3 -2 -3 -2 -2 -4 -2  0  6 -4 -3 -1    1   0   9   0   9   0   0   0   0   0   0   0   0   0   1   0  79   0   0   0  0.99 inf
  148 I   -2 -4 -4 -4 -2 -3 -4 -5 -4  6  0 -4  0 -2 -4 -3  1 -4 -3  3    0   0   0   0   0   0   0   0   0  72   1   0   0   0   0   0   9   0   0  18  0.82 inf
  149 T    0  1 -1 -1 -2 -1 -1 -1  5 -3 -3  1 -2 -3 -2  3  3 -4 -2 -2    4   7   0   0   0   0   0   2  19   0   0   8   0   0   0  39  20   0   0   0  0.46 inf
  150 F   -4 -4 -5 -5 -4 -5 -5 -5 -2 -2 -1 -5 -2  8 -5 -4 -4  0  4 -2    0   0   0   0   0   0   0   0   0   0   0   0   0  90   0   0   0   0  10   0  1.72 inf
  151 E   -2 -2 -2  0 -5  2  7 -4 -2 -5 -4  0 -3 -5 -3 -2 -1 -4 -4 -4    1   0   0   0   0   4  93   0   0   0   0   1   0   0   0   0   2   0   0   0  1.38 inf
  152 E   -2 -2  0  5 -4  1  4 -3 -2 -4 -4 -1 -2 -4 -2  0 -2 -5 -4 -4    2   0   0  48   0   6  38   0   0   0   0   0   1   0   0   4   0   0   0   0  0.93 inf
  153 I   -2 -4 -5 -5 -2 -4 -4 -5 -5  6  1 -4  0 -1 -4 -4 -2 -4 -3  3    0   0   0   0   0   0   0   0   0  76   4   0   0   0   0   0   0   0   0  20  0.96 inf
  154 A    6 -3 -3 -3 -2 -2 -2 -1 -3 -3 -3 -2 -2 -4 -2  0 -1 -4 -3 -2  100   0   0   0   0   0   0   0   0   0   0   0   0   0   0   0   0   0   0   0  1.16 inf
  155 G   -1 -4 -2 -3 -4 -3 -4  7 -4 -5 -5 -3 -4 -5 -4 -2 -3 -4 -5 -5    0   0   0   0   0   0   0 100   0   0   0   0   0   0   0   0   0   0   0   0  1.77 inf
  156 K   -2  1 -2 -2 -5  0 -1 -3 -2 -4 -4  7 -3 -5 -3 -2 -2 -5 -3 -4    0   0   0   0   0   0   0   0   0   0   0 100   0   0   0   0   0   0   0   0  1.43 inf
  157 G   -1 -4 -2 -3 -4 -3 -4  7 -4 -5 -5 -3 -4 -5 -4 -2 -3 -4 -5 -5    0   0   0   0   0   0   0 100   0   0   0   0   0   0   0   0   0   0   0   0  1.77 inf
  158 K    4  0 -2 -2 -2 -1 -1 -2 -2 -2 -3  4 -2 -4 -2  0 -1 -4 -3  0   52   1   0   0   0   0   0   0   0   0   0  40   0   0   0   1   0   0   0   6  0.59 inf
  159 N   -1  1  3 -2 -4  0 -1 -1 -2 -4 -4  6 -3 -5 -3 -1 -2 -5 -3 -4    2   0  18   0   0   0   0   3   0   0   0  76   0   0   0   1   0   0   0   0  0.94 inf
  160 Q   -3 -1 -2 -2 -5  8  0 -4 -1 -5 -4  0 -2 -5 -3 -2 -2 -4 -3 -4    0   0   0   0   0 100   0   0   0   0   0   0   0   0   0   0   0   0   0   0  1.78 inf
  161 L   -3 -3 -5 -5 -2 -3 -4 -5 -4  2  5 -2  1 -1 -4 -4 -2 -3 -2  0    0   0   0   0   0   0   0   0   0  11  85   3   0   0   0   0   0   0   0   1  0.85 inf
  162 T   -1 -1 -2 -3 -2 -2 -2 -2 -3 -2 -3 -2 -2 -4  1  1  6 -4 -3 -2    0   2   0   0   0   0   0   3   0   0   0   0   0   0   5   3  86   0   0   0  1.06 inf
  163 F   -4 -5 -5 -5 -4 -5 -5 -5 -3 -2 -1 -5 -2  8 -5 -4 -4 -1  2 -3    0   0   0   0   0   0   0   0   0   0   0   0   0 100   0   0   0   0   0   0  1.93 inf
  164 N   -2 -2  7  4 -4  0 -1 -2 -1 -5 -5 -2 -4 -5 -3 -1 -2 -5 -4 -4    1   0  73  22   0   2   0   0   0   0   0   0   0   0   0   1   0   0   0   0  1.23 inf
  165 Q   -2  0 -2 -1 -5  8  1 -4 -1 -5 -4  0 -2 -5 -3 -2 -2 -4 -3 -4    1   1   0   1   0  92   5   0   0   0   0   1   0   0   0   0   0   0   0   0  1.54 inf
  166 I   -2 -4 -5 -5 -2 -4 -4 -5 -5  6  0 -4  0 -1 -4 -4 -2 -4 -3  3    0   0   0   0   0   0   0   0   0  80   1   0   0   0   0   0   0   0   0  19  1.02 inf
  167 A    2 -1 -1  2 -3  0  2  0 -1 -3 -3 -1 -2 -4  4  0 -1 -4 -3 -2   30   2   0  14   0   1  15   5   1   0   0   2   0   0  23   5   3   0   0   0  0.46 inf
  168 L   -2 -3 -5 -5 -2 -3 -4 -5 -4  3  5 -4  1 -1 -4 -4 -2 -3 -2  1    0   0   0   0   0   0   0   0   0  17  77   0   1   0   0   0   0   0   0   6  0.80 inf
  169 E   -1 -2 -1  3 -5  1  6 -3 -1 -4 -4  0 -3 -5 -2 -1 -2 -4 -3 -4    4   0   1  13   0   1  78   0   1   0   0   1   0   0   0   1   0   0   0   0  1.07 inf
  170 E   -2  0 -1  0 -4  6  3 -3  0 -3 -3  2 -2 -4 -2 -1  0 -4 -3 -2    0   0   0   4   0  59  15   0   2   1   2  11   0   0   1   0   4   0   0   2  0.78 inf
  171 A    6 -3 -3 -3 -2 -2 -2 -1 -3 -3 -3 -2 -2 -4 -2  0 -1 -4 -3 -2   99   0   0   0   0   0   0   0   0   0   0   0   0   0   0   1   0   0   0   0  1.15 inf
  172 G    4 -3 -2 -2 -1 -2 -2  4 -3 -2 -3 -2 -2 -3 -2  1  0 -4 -3 -1   45   0   0   0   1   0   0  35   0   1   0   0   0   0   0   9   6   0   0   4  0.56 inf
  173 R   -2  0 -2 -2 -4 -1  0 -3  2 -3 -3 -2 -2 -2  7 -2 -1 -4 -3 -2    1   6   1   1   0   1   6   0   7   1   1   1   1   2  68   1   2   0   0   2  1.42 inf
  174 Y   -4 -4 -4 -5 -4 -3 -4 -5  0 -3 -3 -4 -3  1 -5 -4 -4  1  9 -3    0   0   0   0   0   0   0   0   0   0   0   0   0   0   0   0   0   0 100   0  2.20 inf
  175 A    6 -3 -3 -3 -2 -2 -2 -1 -3 -3 -3 -2 -2 -4 -2  0 -1 -4 -3 -2  100   0   0   0   0   0   0   0   0   0   0   0   0   0   0   0   0   0   0   0  1.16 inf
  176 A    6 -3 -3 -3  3 -2 -2 -1 -3 -3 -3 -2 -2 -4 -2  0 -1 -4 -3 -2   92   0   0   0   8   0   0   0   0   0   0   0   0   0   0   0   0   0   0   0  1.03 inf
  177 E   -2 -2 -2  0 -5  0  7 -4 -2 -5 -5 -1 -4 -5 -3 -2 -2 -5 -4 -4    0   0   0   0   0   0 100   0   0   0   0   0   0   0   0   0   0   0   0   0  1.58 inf
  178 D   -3 -3  0  8 -5 -2  0 -3 -3 -5 -5 -2 -5 -5 -3 -2 -3 -6 -5 -5    0   0   0 100   0   0   0   0   0   0   0   0   0   0   0   0   0   0   0   0  1.85 inf
  179 A    6 -3 -3 -3 -2 -2 -2 -1 -3 -2 -3 -2 -2 -4 -2  0 -1 -4 -3  0   95   0   0   0   0   0   0   0   0   1   0   0   0   0   0   0   0   0   0   5  1.02 inf
  180 D   -3 -3  0  8 -5 -2  1 -3 -3 -5 -5 -2 -5 -5 -3 -2 -3 -6 -5 -5    1   0   0  97   0   0   2   0   0   0   0   0   0   0   0   0   0   0   0   0  1.76 inf
  181 V   -2 -4 -4 -4 -2 -4 -4 -5 -5  5  0 -4  0 -2 -4 -3 -2 -4 -2  4    0   0   0   0   0   0   0   0   0  54   0   0   1   0   0   0   0   0   0  45  0.87 inf
  182 T   -2 -3 -2 -3  0 -2 -2 -3 -3 -2 -3 -2 -2 -4 -3  0  7 -4 -3 -2    0   0   0   0   1   0   0   0   0   0   0   0   0   0   0   1  97   0   0   0  1.35 inf
  183 L   -3 -3 -5 -5 -3 -3 -4 -5 -4  0  5 -4  2  0 -4 -4 -2  0 -2  0    0   0   0   0   0   0   0   0   0   0  92   0   4   2   0   0   0   1   0   0  0.98 inf
  184 Q   -2  6 -2 -3 -2  4 -1 -3 -1 -4 -2  2 -2 -4 -3 -2 -2 -4 -3 -4    1  69   0   0   1  20   0   1   1   0   3   5   0   0   0   0   0   0   0   0  1.05 inf
  185 L   -3 -4 -5 -5 -3 -4 -4 -5 -4  0  6 -4  1 -1 -4 -4 -3 -3 -2  0    0   0   0   0   0   0   0   0   0   0 100   0   0   0   0   0   0   0   0   0  1.13 inf
  186 H   -3 -2 -1 -3 -5  0 -2 -4 10 -5 -4 -2 -3 -3 -4 -3 -4 -4  1 -5    0   0   0   0   0   4   0   0  95   0   1   0   0   0   0   0   0   0   1   0  2.25 inf
  187 L   -2  2  1 -1 -3  6  2 -3  3 -3  0  0 -1 -3 -3 -1 -2 -3 -2 -3    1   9   7   1   0  52   9   0   8   0  11   1   0   0   0   0   0   0   0   0  0.62 inf
  188 K    2  0 -1 -2  0  0  0 -2  3 -1 -2  1 -1 -2 -2  0  2 -3  0  1   23   5   2   0   1   1   5   0  11   1   1  12   0   1   0   1  18   0   2  15  0.15 inf
  189 M   -3 -3 -4 -5 -2 -3 -4 -5 -4  2  5 -4  3  1 -4 -4 -2 -3 -2  0    0   0   0   0   0   0   0   0   0   7  77   0   9   6   0   0   0   0   0   0  0.80 inf
  190 W   -3  0 -2 -4 -3  0 -3 -3  0 -3 -2 -3  0  1 -5 -2 -3 11  2 -3    1   6   3   0   0   4   0   0   3   1   3   0   3   4   0   3   1  63   3   0  1.87 inf
  191 P    1 -2 -2 -1 -4  0  1 -1 -2 -4 -3 -1 -3 -5  7 -1 -2 -5 -4 -3   14   1   1   1   0   4   9   4   0   0   1   1   0   0  62   1   0   0   0   0  1.28 inf
  192 D   -2  4  0 -1 -4  4  1 -3  0 -3 -2  4 -1 -3 -2 -1 -1 -4 -3 -3    1  22   2   1   0  23   5   0   2   0   3  38   2   0   0   1   1   0   0   0  0.58 inf
  193 L   -2 -3 -5 -5 -2 -3 -4 -5 -4  2  5 -4  1 -1 -4 -4 -2 -3 -2  2    0   0   0   0   0   0   0   0   0  10  79   0   0   0   0   0   0   0   0  11  0.81 inf
  194 Q    1  0  0  0 -2  3  4 -2 -1 -4 -3  1 -2 -4 -2  0 -1 -4 -3 -3   14   1   3   1   1  21  42   0   1   0   1   8   0   0   0   4   2   0   0   0  0.53 inf
  195 K    3  0  0 -1 -3  3  1 -1 -1 -3 -3  2 -2 -4 -1  0 -1 -3 -3 -2   33   2   3   2   0  22  10   1   0   0   1  19   0   0   2   5   1   0   0   0  0.36 inf
  196 H   -1 -1  0  2 -3  1  3 -2  2  1 -1 -1 -1 -3 -2  0  1 -3 -2  0    4   1   3  11   0   6  30   0   6  13   3   1   0   0   0   6  11   0   0   5  0.23 inf
  197 K    0 -2 -1  0 -4  0  2  1 -2 -4 -4  0 -3 -4  6 -1 -2 -4 -4 -3    9   0   1   4   0   2  18  12   0   0   0   5   0   0  47   2   0   0   0   0  0.92 inf
  198 G    0  1 -1  0 -3  0  1  2 -2 -3 -3  2 -2 -3 -1  2  1 -3 -2 -2    5  10   0   2   0   2  10  18   0   0   0  15   0   0   1  29   6   0   1   1  0.30 inf
  199 P   -3 -3 -4 -5 -3 -2 -4 -5 -4  0  5 -3  1 -1  1 -3 -2 -3 -2  0    0   0   0   0   0   2   0   0   0   0  87   0   0   0   9   0   0   0   0   1  0.86 inf
  200 L    2  1  0 -1  0  1  0 -2 -1 -1  0  2  0 -2 -1  0  0 -1 -2  0   26   6   3   1   2   4   7   0   1   0  13  17   1   1   1   3   3   1   0   8  0.10 inf
  201 N    1  2  1  0 -3  1  1 -1  1 -3 -3  2 -2 -3 -1  2  1 -1 -2 -2    9  10   5   1   0   6   8   2   4   0   0  19   0   0   2  23   7   1   0   1  0.25 inf
  202 V   -2 -4 -4 -5 -2 -3 -4 -5 -4  3  2 -4  0 -2 -4 -3 -1 -4 -2  5    0   0   0   0   0   0   0   0   0  11  17   0   0   0   0   0   0   0   0  72  0.77 inf
  203 F   -3 -4 -4 -5 -3 -4 -4 -5 -1 -1  2 -4 -1  6 -5 -3 -3  0  5 -1    0   0   0   0   0   0   0   0   0   0  23   0   0  47   0   0   0   0  28   0  0.99 inf
  204 E   -1  2  2  1 -2  2  2 -2  0 -3 -2  1 -2 -3 -2  0  2 -3 -2 -2    1  16   9   7   1  15  17   0   1   0   1   8   0   0   0   6  17   0   0   1  0.32 inf
  205 N   -2 -2  2  5 -4  1  4 -2  1 -4 -4 -1 -3 -3 -2  0  0 -4 -3 -3    1   0   8  37   0   3  37   1   3   0   0   1   0   1   0   2   6   0   0   0  0.69 inf
  206 I   -2 -4 -4 -4 -2 -4 -4 -5 -4  6  2 -4  1 -1 -4 -3 -1 -4 -1  2    0   0   0   0   0   0   0   0   0  77  12   0   3   0   0   0   1   0   1   6  0.87 inf
  207 E   -2 -2 -2  2 -5  0  7 -4 -2 -5 -5 -1 -4 -5 -3 -2 -2 -5 -4 -4    0   0   0   6   0   0  94   0   0   0   0   0   0   0   0   0   0   0   0   0  1.43 inf
  208 M   -2 -1 -4 -4 -1 -2 -3 -4 -3  2  3 -2  7 -1 -4 -3 -2 -3 -2  1    0   4   0   0   1   0   0   0   0   8  28   2  46   0   0   0   0   0   0  11  0.67 inf
  209 P   -3 -4 -4 -3 -5 -3 -3 -4 -4 -5 -5 -3 -4 -6  9 -2 -3 -6 -5 -4    0   0   0   0   0   0   0   0   0   0   0   0   0   0 100   0   0   0   0   0  2.70 inf
  210 L   -3 -4 -5 -5 -3 -4 -4 -5 -4  0  6 -4  1 -1 -4 -4 -3 -3 -2  0    0   0   0   0   0   0   0   0   0   0  98   0   0   0   0   0   0   0   0   1  1.09 inf
  211 V   -1 -4 -4 -4 -2 -3 -4 -4 -4  3  2 -3  0 -1 -3 -2 -1 -4 -2  5    4   0   0   0   0   0   0   0   0  19  15   0   1   0   0   2   0   0   0  60  0.60 inf
  212 P   -1 -1 -1 -1 -2  0 -1 -2 -2 -4 -4 -1 -2 -5  7  1  0 -5 -4 -3    1   2   2   2   1   3   2   2   1   0   0   2   1   0  65  13   4   0   0   0  1.36 inf
  213 V   -1 -4 -4 -5 -2 -4 -4 -5 -5  3  0 -4 -1 -2 -4 -3 -1 -4 -3  6    0   0   0   0   0   0   0   0   0  10   0   0   0   0   0   0   0   0   0  90  1.03 inf
  214 L   -3 -4 -5 -5 -3 -3 -4 -5 -4  1  5 -4  1 -1 -4 -4 -2 -3 -2  0    0   0   0   0   0   0   0   0   0   5  93   0   1   0   0   0   0   0   0   0  1.01 inf
  215 S    3 -2  0 -2  0 -1 -2 -1 -2 -2 -3 -2 -2 -4 -2  5  0 -4 -3 -2   23   0   2   0   2   1   0   0   0   1   0   0   0   0   0  67   2   0   0   2  0.68 inf
  216 R   -2  6 -1  1 -4  0 -1 -3  2 -4 -3  2 -2 -4 -3 -1 -1 -4 -3 -4    1  69   0   7   0   1   1   0   5   0   0  10   1   0   0   2   3   0   0   0  0.91 inf
  217 I   -2 -4 -4 -5 -3 -3 -4 -5 -4  5  1 -3  7 -1 -4 -3 -2 -3 -2  2    0   0   0   0   0   0   0   0   0  51   3   0  41   0   0   0   0   0   0   6  0.93 inf
  218 E   -2 -2 -2  0 -5  0  7 -4 -2 -5 -5 -1 -4 -5 -3 -2 -2 -5 -4 -4    0   0   0   0   0   0 100   0   0   0   0   0   0   0   0   0   0   0   0   0  1.58 inf
  219 R   -2  7 -2 -3 -5  2 -1 -4 -1 -4 -3  1 -2 -4 -3 -2 -2 -4 -1 -4    1  82   0   0   0  11   2   0   1   0   1   0   0   0   0   1   0   0   1   0  1.26 inf
  220 N   -1  0  4 -1 -1  2 -1 -2  2 -2 -2  0 -2 -2 -3  0  3 -3 -1 -2    2   6  35   0   2  11   1   1   6   1   2   2   0   2   0   0  29   0   1   1  0.41 inf
  221 G   -1 -4 -2 -3 -4 -3 -4  7 -4 -5 -5 -3 -4 -5 -4 -2 -3 -4 -5 -5    0   0   0   0   0   0   0 100   0   0   0   0   0   0   0   0   0   0   0   0  1.77 inf
  222 V    2 -3 -4 -4 -1 -3 -3 -3 -4  1 -1 -3 -1 -2 -3 -2  0 -4 -3  5   25   0   0   0   0   0   0   0   0   0   0   0   0   0   0   0   4   0   0  71  0.68 inf
  223 K   -1  1 -2 -3 -2 -1 -2 -4  0  0  4  0  2  0 -3 -2 -2 -2  1 -1    6   7   1   0   0   2   1   0   2   1  59   8   3   1   0   0   1   0   6   0  0.31 inf
  224 I   -2 -4 -4 -4 -2 -4 -4 -5 -4  6  1 -4  0 -1 -4 -3 -2 -4 -2  4    0   0   0   0   0   0   0   0   0  66   6   0   0   0   0   0   0   0   0  29  0.86 inf
  225 D   -3 -3  0  7 -5 -2  0 -3 -3 -5 -5 -2 -5 -5 -3  0 -2 -6 -5 -5    0   0   2  93   0   0   1   0   0   0   0   0   0   0   0   4   0   0   0   0  1.64 inf
  226 P    2  0 -1  0 -1  0 -1 -1 -2 -1 -3  0 -2 -3  3  2  1 -4 -3 -1   29   5   0   7   1   4   2   3   0   3   0   2   0   0  14  23   6   0   0   2  0.30 inf
  227 K    1 -1  1  2 -3  1  2 -1  0 -2 -2  1  2 -2 -2  0  0 -1 -2 -2   14   1   8  16   0   9  13   2   2   0   0   9  11   2   0   4   8   1   1   0  0.19 inf
  228 V   -1  1 -3 -3 -1  0 -2 -3 -2  2  3  0  3 -1 -3 -2 -1 -3 -2  1    3   9   0   0   1   5   1   0   0  13  36   6  15   0   0   0   3   0   0   7  0.25 inf
  229 L   -3 -4 -5 -5 -3 -4 -4 -5 -4  0  6 -4  1 -1 -4 -4 -3 -3 -2  0    0   0   0   0   0   0   0   0   0   0 100   0   0   0   0   0   0   0   0   0  1.13 inf
  230 H    2  0 -1 -2 -2  0 -1  3  4 -3 -2  0 -2 -1 -2  0 -1 -1 -1 -2   31   5   1   1   0   3   0  26  14   0   3   5   0   4   0   5   1   1   1   0  0.30 inf
  231 N    1  1  0 -1 -3  4  2 -2  0 -1 -2  1 -1 -3 -2  0  0 -3 -2  0   19   4   2   1   0  28  13   0   2   2   3  11   1   0   0   1   6   0   0   6  0.27 inf
  232 H   -3 -1 -1 -2 -5  7  0 -4  6 -5 -4  0 -2 -4 -3 -2 -2 -4 -2 -4    0   0   0   0   0  76   0   0  22   0   0   1   1   0   0   0   0   0   0   0  1.38 inf
  233 S    0 -2 -1 -2 -2 -2 -2 -2 -2 -4 -4 -2 -3 -4 -2  6  0 -4 -3 -3    0   0   1   0   0   0   0   0   0   0   0   0   0   0   0  99   0   0   0   0  1.24 inf
  234 E    0  1  0  0 -3  4  1 -1  1 -1 -1  1 -1 -3 -2  0 -1 -3 -2 -1    6  10   2   5   0  34   5   4   5   5   6   7   1   0   0   3   1   0   0   6  0.24 inf
  235 E   -2 -1 -1  1 -5  2  6 -3 -1 -4 -4  0 -3 -3 -3 -1 -1 -4 -3 -3    1   1   1   5   0   6  79   0   0   0   1   0   0   1   0   0   2   0   0   1  1.03 inf
  236 L   -3 -4 -4 -5 -2 -3 -4 -5 -2  4  5 -4  1  0 -4 -4 -2 -3 -2  1    0   0   0   0   0   0   0   0   1  29  68   0   1   1   0   0   0   0   0   0  0.77 inf
  237 T    4 -2 -1 -1 -2 -1  1  3 -2 -3 -3 -1 -2 -3 -2  0  2 -4 -3 -2   47   0   1   2   0   1   9  21   0   0   0   0   0   0   0   3  14   0   0   0  0.43 inf
  238 L    1  1  0  0 -2  2  2 -1  0 -1 -1  1 -1 -3 -2  0  1 -3 -2  0   17   5   3   4   0  13  16   1   1   4   4  12   0   0   0   4  10   0   0   5  0.16 inf
  239 R   -2  7 -2 -2 -5  1 -1 -3 -1 -4 -4  3 -3 -4 -3 -1 -2 -4 -3 -4    0  74   0   2   0   3   1   1   1   0   0  17   0   0   0   1   1   0   0   0  1.12 inf
  240 L   -2 -3 -4 -5 -2 -3 -4 -5 -4  3  4 -3  4 -1 -4 -3 -2 -3 -2  0    0   0   0   0   0   0   0   0   0  22  59   0  18   0   0   0   0   0   0   0  0.74 inf
  241 A    1  0 -1  2 -2  1  0  0  0  0 -1  0  0 -2 -2  0  0 -3 -2  1   23   4   1  16   0   8   5   6   2   5   5   5   2   0   0   1   5   0   0  13  0.10 inf
  242 E    1 -1 -1  0 -4  2  5 -2 -1 -3 -4  0 -3 -4 -2  0 -1 -4 -3 -3   14   2   0   2   0   9  64   1   0   1   0   3   0   0   0   2   3   0   0   0  0.75 inf
  243 L   -2 -4 -5 -5 -3 -3 -4 -5 -4  2  5 -4  1 -1 -4 -4 -2 -3 -2  0    0   0   0   0   0   0   0   0   0   8  90   0   0   0   0   0   0   0   0   1  0.95 inf
  244 E   -2 -2 -2  0 -5  1  7 -4 -2 -5 -4 -1 -3 -5 -3 -2 -2 -5 -4 -4    0   0   0   0   0   3  96   0   0   0   0   0   1   0   0   0   0   0   0   0  1.47 inf
  245 K    0  3 -1 -1 -3  3  1 -2 -1 -1 -2  3 -1 -3 -2  0  0 -3 -2 -2    6  17   1   0   0  24  10   1   1   4   2  23   0   0   0   3   7   0   0   2  0.35 inf
  246 K   -1  1 -1  0 -4  4  4 -3  1 -4 -3  3 -2 -4 -2 -1 -1 -4 -3 -3    5   3   0   2   0  27  31   0   3   0   2  24   0   0   0   2   1   0   0   0  0.58 inf
  247 A    6 -3 -3 -3 -2 -2 -2 -1 -3 -2 -3 -2 -2 -4 -2  0 -1 -4 -3  0   93   0   0   0   0   0   0   0   0   0   0   0   0   0   0   2   1   0   0   4  0.99 inf
  248 H   -3 -2 -2 -4 -2 -2 -3 -4  7 -3 -2 -3 -2  5 -4 -3 -3  1  5 -3    0   1   0   0   1   0   0   0  41   1   0   0   0  27   0   0   0   1  29   0  1.17 inf
  249 E    0 -1  0  3 -4  1  5 -3 -1 -4 -4  0 -3 -4 -2 -1 -1 -4 -3 -3    7   1   2  17   0   4  65   0   0   0   1   0   0   0   0   1   2   0   0   0  0.85 inf
  250 I   -1 -3 -3 -3 -2 -2 -1 -4 -3  3  3 -3  1 -1 -3 -2 -1 -3 -2  1    4   0   0   0   0   1   6   0   0  28  48   0   2   0   0   2   0   0   0   8  0.42 inf
  251 A    6 -3 -3 -3 -2 -2 -2 -1 -3 -3 -3 -2 -2 -4 -2  0 -1 -4 -3 -2  100   0   0   0   0   0   0   0   0   0   0   0   0   0   0   0   0   0   0   0  1.16 inf
  252 G   -1 -3 -2 -1 -4 -2  0  6 -3 -5 -5 -3 -4 -5 -3 -2 -3 -4 -4 -5    0   0   0   2   0   0  10  88   0   0   0   0   0   0   0   0   0   0   0   0  1.39 inf
  253 E   -2  2 -1  0 -3  4  5 -2  1 -4 -4  1 -3 -4 -2 -1 -1 -4 -3 -4    0  11   0   1   0  25  52   2   2   0   0   4   0   0   0   1   2   0   0   0  0.77 inf
  254 E    0 -1 -2 -1 -3  0  4 -3 -2 -3 -3  0 -3 -4  4  0  0 -4 -3 -1   10   2   0   0   0   2  41   0   0   1   0   5   0   0  24   6   5   0   0   4  0.60 inf
  255 F   -4 -5 -5 -5 -4 -5 -5 -5 -3 -2 -1 -5 -2  8 -5 -4 -4 -1  2 -3    0   0   0   0   0   0   0   0   0   0   0   0   0 100   0   0   0   0   0   0  1.93 inf
  256 N   -3 -2  8  0 -5 -2 -2 -2 -1 -5 -5 -2 -4 -5 -4 -1 -2 -6 -4 -5    0   0 100   0   0   0   0   0   0   0   0   0   0   0   0   0   0   0   0   0  1.81 inf
  257 L   -3 -3 -5 -5 -3 -3 -4 -5 -4  1  6 -4  2 -1 -4 -4 -2 -3 -2  0    0   0   0   0   0   0   0   0   0   0  95   0   5   0   0   0   0   0   0   0  1.04 inf
  258 S    2 -2  1 -2 -2 -2 -2  4 -2 -4 -4 -2 -3 -4 -2  3 -1 -4 -3 -3   17   0   6   0   0   0   0  43   0   0   0   0   0   0   0  33   0   0   0   1  0.66 inf
  259 S    0 -2 -1 -2 -2 -2 -2 -2 -2 -4 -4 -2 -3 -4 -2  6  0 -4 -3 -3    0   0   0   0   0   0   0   0   0   0   0   0   0   0   0 100   0   0   0   0  1.26 inf
  260 T   -2 -3 -3 -3 -4 -3 -3 -4 -4 -4 -4 -2 -4 -5  8 -2  3 -5 -4 -3    0   0   0   0   0   0   0   0   0   0   1   0   0   0  78   0  22   0   0   0  1.94 inf
  261 K   -2  1 -2 -2 -5  0 -1 -3 -2 -4 -4  7 -3 -5 -3 -2 -2 -5 -3 -4    0   1   0   0   0   1   0   0   0   0   0  98   0   0   0   0   0   0   0   0  1.39 inf
  262 Q   -3 -1 -2 -2 -5  8  0 -4 -1 -5 -4  0 -2 -5 -3 -2 -2 -4 -3 -4    0   0   0   0   0 100   0   0   0   0   0   0   0   0   0   0   0   0   0   0  1.79 inf
  263 L   -3 -4 -5 -5 -2 -4 -4 -5 -4  2  5 -4  1 -1 -4 -4 -2 -3 -2  0    0   0   0   0   0   0   0   0   0  13  87   0   0   0   0   0   0   0   0   0  0.93 inf
  264 Q   -1 -1 -2 -2 -1  7  0  4 -2 -5 -4 -1 -2 -5 -3 -2 -2 -4 -3 -4    1   0   0   0   1  66   0  32   0   0   0   0   0   0   0   0   0   0   0   0  1.07 inf
  265 T    2 -1 -1  0 -2  1  3 -2  0 -1 -2 -1 -2 -3 -2  0  2 -3 -2  1   27   1   0   2   0   6  29   1   2   0   0   0   0   0   0   2  16   0   0  13  0.28 inf
  266 I   -3 -5 -5 -5 -3 -4 -5 -5 -5  7  1 -4  0 -1 -4 -4 -2 -4 -3  1    0   0   0   0   0   0   0   0   0  94   5   0   0   0   0   0   0   0   0   1  1.20 inf
  267 L   -3 -4 -5 -5 -3 -4 -4 -5 -4  0  5 -4  1  3 -4 -4 -3 -2 -1  0    0   0   0   0   0   0   0   0   0   0  86   0   0  14   0   0   0   0   0   0  0.92 inf
  268 F   -4 -4 -4 -5 -4 -4 -4 -5 -1 -2 -1 -4 -2  7 -5 -4 -3  0  6 -2    0   0   0   0   0   0   0   0   0   0   0   0   0  68   0   0   0   0  32   0  1.53 inf
  269 E   -2 -2  0  4 -5  1  6 -3 -2 -4 -4  0 -3 -5 -2 -1 -1 -4 -4 -3    0   0   2  23   0   1  68   1   0   0   0   1   0   0   0   0   3   0   0   2  0.98 inf
  270 K   -2  2 -1 -1 -5  2  2 -3 -2 -4 -4  6 -3 -5 -2 -1 -2 -4 -3 -4    0   4   0   0   0   7  15   0   0   0   0  74   0   0   0   0   0   0   0   0  0.96 inf
  271 Q   -2 -2 -3 -3 -3  4 -2 -4 -2  0  4 -2  4 -1 -4 -3 -2 -3 -2 -1    0   0   0   0   0  26   0   0   0   0  58   1  15   1   0   0   0   0   0   0  0.61 inf
  272 G   -1 -1  0 -1 -4  2  1  4 -2 -4 -4  2 -3 -4 -2  0 -2 -4 -3 -4    1   0   4   2   0  10  13  48   0   0   0  17   0   0   0   4   1   0   0   0  0.59 inf
  273 I   -3 -3 -4 -5 -1 -3 -4 -5 -2  3  5 -4  1  0 -4 -3 -2 -2  0  0    0   0   0   0   1   0   0   0   1  17  74   0   1   1   0   0   0   0   4   0  0.72 inf
  274 K   -2 -3 -3 -2 -5 -3 -3 -4 -4 -5 -5  0 -4 -5  8 -2 -3 -5 -5 -4    0   0   0   1   0   0   0   0   0   0   0   8   0   0  91   0   0   0   0   0  2.35 inf
  275 P   -2 -4 -4 -4 -2 -4 -4 -5 -4  3  0 -4 -1 -2  1 -3 -1 -4 -3  6    0   0   0   0   0   0   0   0   0  14   0   0   0   0   7   0   0   0   0  79  0.85 inf
  276 L   -2 -2 -4 -4 -2 -3 -3 -4 -4  4  3 -2  1 -1 -3 -3  0 -3 -2  2    0   1   0   0   0   0   0   0   0  34  42   3   0   0   0   0   6   0   0  13  0.48 inf
  277 K   -1  2 -1 -2 -4  1 -1 -3 -2 -4 -4  6 -3 -4 -2  0 -2 -4 -3 -3    5   5   1   0   0   2   0   0   0   0   0  81   0   0   0   6   0   0   0   0  0.96 inf
  278 K   -2  1 -2 -2 -5  0 -1 -3 -2 -4 -4  7 -3 -5 -3 -2 -2 -5 -3 -4    0   1   0   0   0   0   0   0   0   0   0  99   0   0   0   0   0   0   0   0  1.41 inf
  279 T   -2 -3 -2 -3 -3 -2 -3 -3 -3 -2 -3 -2 -2 -4 -3  0  7 -4 -3 -2    0   0   0   0   0   0   0   0   0   0   0   0   0   0   0   0 100   0   0   0  1.43 inf
  280 P   -1 -4 -4 -3 -5 -3 -3 -4 -4 -5 -5 -3 -4 -5  8 -2 -3 -6 -5 -4    3   0   0   0   0   0   0   0   0   0   0   0   0   0  97   0   0   0   0   0  2.58 inf
  281 S    0 -2 -1 -2 -2 -2 -2 -2 -2 -4 -4 -2 -3 -4 -2  6  0 -4 -3 -3    0   0   0   0   0   0   0   0   0   0   0   0   0   0   0 100   0   0   0   0  1.26 inf
  282 T   -2 -3 -2 -3 -3 -2 -3 -3 -3 -2 -3 -2 -2 -4 -3  0  7 -4 -3 -1    0   0   0   0   0   0   0   0   0   0   0   0   0   0   0   0 100   0   0   0  1.41 inf
  283 S    4 -2  3  0 -2 -1 -1 -1 -2 -3 -3 -1 -2 -4 -2  2 -1 -4 -3 -2   58   0  22   4   0   0   1   1   0   0   0   1   0   0   0  13   0   0   0   0  0.57 inf
  284 E   -2 -2 -2  0 -5  0  7 -4 -2 -5 -5 -1 -4 -5 -3 -2 -2 -5 -4 -3    0   0   0   0   0   0  99   0   0   0   0   0   0   0   0   0   0   0   0   1  1.53 inf
  285 E    1 -2  0  1 -4  0  5 -2 -2 -4 -4 -1 -3 -4  1  1 -1 -4 -3 -3   11   0   2   6   0   0  63   1   0   0   0   0   0   0   5  10   2   0   0   0  0.72 inf
  286 V   -2 -4 -4 -5 -2 -4 -4 -5 -5  2 -1 -4 -1 -2 -4 -3 -1 -4 -3  6    0   0   0   0   0   0   0   0   0   2   0   0   0   0   0   0   0   0   0  98  1.17 inf
  287 L   -3 -4 -5 -5 -3 -4 -4 -5 -4  0  6 -4  1 -1 -4 -4 -3 -3 -2  0    0   0   0   0   0   0   0   0   0   0  99   0   1   0   0   0   0   0   0   0  1.12 inf
  288 E    2 -1 -2 -1 -3  5  3 -2 -1 -2 -3  0 -2 -4 -2 -1 -1 -4 -3  0   22   0   0   1   0  43  24   0   0   0   0   0   0   0   0   0   0   0   0   8  0.60 inf
  289 E   -2 -1 -1  1 -5  1  6 -3 -2 -5 -4  0 -3 -5 -3 -1 -2 -4 -4 -4    0   2   0   5   0   3  85   0   0   0   0   3   0   0   0   0   0   0   0   0  1.22 inf
  290 L   -3 -4 -5 -5 -3 -4 -4 -5 -4  0  6 -4  1 -1 -4 -4 -3 -3 -2  0    0   0   0   0   0   0   0   0   0   0 100   0   0   0   0   0   0   0   0   0  1.13 inf
  291 A    6 -3 -3 -3 -2 -2 -2 -1 -3 -3 -3 -2 -2 -4 -2  0 -1 -4 -3 -1   99   0   0   0   0   0   0   0   0   0   0   0   0   0   0   1   0   0   0   0  1.13 inf
  292 L   -1 -2 -2 -1 -3  1  1 -4  3  0  3 -2  1 -1 -3 -2 -2 -2  0  0    4   0   0   3   0   8  11   0  10   2  54   0   1   1   0   0   0   0   3   2  0.30 inf
  293 D   -2 -2  1  6 -4  0  2 -1 -2 -4 -5 -1 -4 -5 -3 -1  0 -5 -4 -4    1   1   5  71   0   2  10   2   0   0   0   0   0   0   0   2   4   0   0   0  1.06 inf
  294 Y   -3 -3 -3 -4 -4 -3 -3 -5  5 -3 -3 -3 -3  3 -5 -3 -3  0  8 -3    0   0   0   0   0   0   0   0  16   0   0   0   0   6   0   0   0   0  78   0  1.67 inf
  295 P   -1 -3 -3 -1 -4 -1  3 -3 -3 -4 -4 -1 -4 -5  7 -2 -2 -5 -4 -4    3   0   0   1   0   0  27   0   0   0   0   1   0   0  67   0   0   0   0   0  1.63 inf
  296 L   -3 -4 -5 -5 -3 -4 -4 -5 -4  0  6 -4  1  0 -4 -4 -3 -3 -2  0    0   0   0   0   0   0   0   0   0   0  98   0   0   1   0   0   0   0   0   0  1.09 inf
  297 P   -2 -4 -4 -3 -5 -3 -3 -4 -4 -5 -5 -3 -4 -6  8 -3 -3 -6 -5 -4    1   0   0   0   0   0   0   0   0   0   0   0   0   0  99   0   0   0   0   0  2.69 inf
  298 K   -1  3 -1 -1 -4  2  0 -2 -1 -4 -4  6 -2 -4 -2 -1 -1 -4 -3 -3    3  14   0   1   0   8   2   0   1   0   0  67   0   0   0   2   1   0   0   0  0.80 inf
  299 V   -2 -2 -4 -4 -2 -3 -4 -4 -4  2  3 -2  1 -1 -4 -3 -1 -2 -2  4    0   2   0   0   0   0   0   0   0   9  40   2   0   0   0   0   0   0   0  46  0.55 inf
  300 I   -3 -4 -5 -5 -2 -4 -4 -5 -4  6  3 -4  0 -1 -4 -4 -2 -4 -2  1    0   0   0   0   0   0   0   0   0  72  28   0   0   0   0   0   0   0   0   0  0.91 inf
  301 L   -2 -3 -4 -5 -2 -3 -4 -4 -4  2  4 -3  5 -1 -4 -3 -1 -3 -2  1    0   0   0   0   0   0   0   0   0   9  56   0  29   0   0   0   2   0   0   4  0.73 inf
  302 E   -2  0 -1  1 -5  4  6 -3 -1 -3 -4  0 -3 -5 -3 -1 -2 -4 -3 -4    1   2   1   2   0  19  74   0   0   1   0   0   0   0   0   0   0   0   0   0  1.08 inf
  303 Y   -3 -2 -1 -3 -4 -1 -2 -4  8 -4 -3 -3 -3  1 -4 -3 -3 -1  7 -4    0   0   1   0   0   1   0   0  52   0   0   0   0   1   0   0   0   0  45   0  1.56 inf
  304 R   -3  8 -2 -3 -5 -1 -2 -4 -2 -5 -4  1 -3 -5 -4 -2 -3 -4 -3 -4    0 100   0   0   0   0   0   0   0   0   0   0   0   0   0   0   0   0   0   0  1.73 inf
  305 G    0 -2 -1 -2 -3 -2 -2  5 -3 -4 -4 -2 -3 -4 -3  3  0 -4 -4 -3    2   1   0   0   0   0   1  60   0   0   0   0   0   0   0  32   3   0   0   1  0.89 inf
  306 L   -3 -3 -5 -5 -2 -3 -4 -5 -4  0  5 -4  3  0 -4 -4 -2 -3 -2  0    0   0   0   0   0   0   0   0   0   0  89   0   7   1   0   0   0   0   0   2  0.94 inf
  307 A    4 -2 -1 -2 -2 -2 -2 -1 -2 -3 -3 -2 -2 -4 -2  4  1 -4 -3 -2   43   0   1   0   0   0   0   0   0   0   0   0   0   0   0  52   4   0   0   0  0.70 inf
  308 K   -2  1 -2 -2 -5  0 -1 -3 -2 -4 -4  7 -3 -5 -3 -2 -2 -5 -3 -4    0   0   0   0   0   0   0   0   0   0   0 100   0   0   0   0   0   0   0   0  1.43 inf
  309 L   -3 -4 -5 -5 -3 -4 -4 -5 -4  0  6 -4  1 -1 -4 -4 -3 -3 -2  0    0   0   0   0   0   0   0   0   0   0 100   0   0   0   0   0   0   0   0   0  1.13 inf
  310 K   -2  2 -2 -2 -5  0 -1 -3 -2 -4 -4  7 -3 -5 -3 -2 -2 -5 -3 -4    0   5   0   0   0   0   0   0   0   0   0  95   0   0   0   0   0   0   0   0  1.32 inf
  311 S    0 -2  1 -2 -2 -2 -2 -1 -2 -4 -4 -2 -3 -4 -2  6  1 -4 -3 -3    0   0   7   0   0   0   0   2   0   0   0   0   0   0   0  88   3   0   0   0  1.01 inf
  312 T   -2 -3 -2 -3 -3 -2 -3 -3 -3 -2 -3 -2 -2 -4 -3  0  7 -4 -3 -2    0   0   0   0   0   0   0   0   0   0   0   0   0   0   0   0 100   0   0   0  1.43 inf
  313 Y   -4 -4 -4 -5 -4 -3 -4 -5  0 -3 -3 -4 -3  1 -5 -4 -4  1  9 -3    0   0   0   0   0   0   0   0   0   0   0   0   0   0   0   0   0   0 100   0  2.20 inf
  314 T   -2 -3 -2 -3 -3 -2 -3 -3 -3 -2 -3 -2 -2 -4 -3  0  7 -4 -3 -2    0   0   0   0   0   0   0   0   0   0   0   0   0   0   0   0 100   0   0   0  1.41 inf
  315 D   -3 -3  0  8 -5 -2  0 -3 -3 -5 -5 -2 -5 -5 -3 -2 -3 -6 -5 -5    0   0   0  99   0   0   1   0   0   0   0   0   0   0   0   0   0   0   0   0  1.81 inf
  316 K   -2  3 -2 -2 -5  0 -1 -3 -2 -4 -4  7 -3 -5 -3 -2 -1 -4 -3 -4    0  10   0   0   0   0   0   0   0   0   0  87   0   0   0   0   3   0   0   0  1.17 inf
  317 L   -3 -4 -5 -5 -3 -4 -4 -5 -4  0  6 -4  1 -1 -4 -4 -3 -3 -2  0    0   0   0   0   0   0   0   0   0   0 100   0   0   0   0   0   0   0   0   0  1.13 inf
  318 P   -3 -3 -4 -3 -5 -3 -3 -4 -4 -5 -5 -3 -4 -6  9 -3 -3 -6 -5 -4    0   0   0   0   0   0   0   0   0   0   0   0   0   0 100   0   0   0   0   0  2.69 inf
  319 L   -2  1 -1 -1 -3  3  2 -2 -1 -1  2  2  0 -2 -2 -1 -1 -3 -2 -2    0   6   0   1   0  24  18   2   1   0  27  17   1   0   0   1   3   0   0   0  0.30 inf
  320 M   -2 -1 -3 -4 -3  3 -2 -4 -3 -1  2 -2  8 -2 -4 -3 -2 -3 -3 -1    0   1   0   0   0  20   0   0   0   0  13   0  64   0   0   0   0   0   0   1  1.03 inf
  321 I   -2 -3 -4 -4 -2 -4 -4 -5 -4  6  0 -4  0 -2 -4 -3 -2 -4 -2  4    0   1   0   0   0   0   0   0   0  65   1   0   0   0   0   0   0   0   0  33  0.88 inf
  322 N   -2 -2  7  2 -2 -1 -1 -2  2 -4 -5 -1 -3 -4 -3  0 -1 -5 -3 -4    0   0  74  11   1   0   1   0   5   0   0   3   0   0   0   3   0   0   0   0  1.11 inf
  323 P    0 -1 -2 -1 -4  0  0 -1  1 -4 -4  0 -3 -4  7  0 -2 -4 -3 -3    9   2   0   3   0   5   5   3   4   0   0   6   0   0  59   5   0   0   0   0  1.17 inf
  324 K    0  3  0  0 -3  2  0 -2  1 -2 -1  2 -1 -3 -2  0  0 -3 -2 -1    8  27   1   5   0   8   5   2   5   1   5  17   0   0   0   4   5   0   0   6  0.24 inf
  325 T   -1 -3 -1 -2 -2 -2 -2 -3 -3 -2 -3 -2 -2 -4 -3  2  7 -4 -3 -2    0   0   0   1   0   0   0   0   0   0   0   0   0   0   0  12  87   0   0   0  1.16 inf
  326 G   -1 -2 -1 -3 -4 -1 -3  6 -3 -5 -5  0 -4 -5 -3 -2 -3 -4 -4 -5    0   1   1   0   0   4   0  89   0   0   0   6   0   0   0   0   0   0   0   0  1.39 inf
  327 R   -3  8 -2 -3 -5 -1 -2 -4 -2 -5 -4  1 -3 -5 -4 -2 -3 -4 -3 -4    0 100   0   0   0   0   0   0   0   0   0   0   0   0   0   0   0   0   0   0  1.73 inf
  328 V   -2 -4 -4 -4 -2 -4 -4 -5 -4  4  1 -4  0 -2 -4 -3 -1 -4 -2  5    0   0   0   0   0   0   0   0   0  25   5   0   0   0   0   0   0   0   0  71  0.84 inf
  329 H   -4 -2 -1 -3 -5 -1 -2 -4 10 -5 -5 -3 -4 -3 -4 -3 -4 -4  0 -5    0   0   0   0   0   0   0   0 100   0   0   0   0   0   0   0   0   0   0   0  2.48 inf
  330 T   -2 -3 -2 -3 -3 -2 -3 -3 -3 -2 -3 -2 -2 -4 -2  0  7 -4 -3 -2    0   0   0   0   0   0   0   0   0   0   0   0   0   0   1   0  99   0   0   0  1.40 inf
  331 S    0 -2 -1 -2 -2 -2 -2 -2 -2 -4 -4 -2 -3 -4 -2  6  0 -4 -3 -3    0   0   0   0   0   0   0   0   0   0   0   0   0   0   1  99   0   0   0   0  1.22 inf
  332 Y   -4 -4 -4 -5 -4 -3 -4 -5  0 -3 -3 -4 -3  2 -5 -4 -3  1  9 -3    0   0   0   0   0   0   0   0   0   0   0   0   0   1   0   0   0   0  99   0  2.18 inf
  333 H   -3 -2  0 -3 -5  0 -2 -3 10 -5 -5 -2 -3 -3 -4 -3 -4 -4  0 -5    0   0   1   0   0   3   0   1  95   0   0   0   0   0   0   0   0   0   0   0  2.27 inf
  334 Q   -3 -1 -2 -2 -5  8  0 -4 -1 -5 -4  0 -2 -5 -3 -2 -2 -4 -3 -4    0   0   0   0   0 100   0   0   0   0   0   0   0   0   0   0   0   0   0   0  1.79 inf
  335 A    6 -3 -3 -3 -2 -2 -2 -1 -3 -3 -3 -2 -2 -4 -2  0 -1 -4 -3 -2   98   0   0   0   0   0   0   1   0   0   0   0   0   0   0   1   1   0   0   0  1.11 inf
  336 V   -2 -4 -1 -4 -2 -4 -4 -4 -4  2  0 -4 -1 -2 -4 -3 -1 -4 -3  6    0   0   4   0   0   0   0   1   0   6   0   0   0   0   0   0   1   0   0  89  0.95 inf
  337 T    3 -3 -2 -3 -2 -2 -2 -2 -3 -2 -3 -2 -2 -4 -2  0  6 -4 -3 -1   36   0   0   0   0   0   0   0   0   0   0   0   0   0   0   0  64   0   0   0  0.84 inf
  338 A    6 -3 -3 -3 -2 -2 -2 -1 -3 -2 -3 -2 -2 -4 -2  1 -1 -4 -3 -1   91   0   0   0   0   0   0   0   0   1   0   0   0   0   0   5   1   0   0   2  0.96 inf
  339 T   -2 -3 -2 -3 -3 -2 -3 -3 -3 -2 -3 -2 -2 -4 -3  0  7 -4 -3 -2    0   0   0   0   0   0   0   0   0   0   0   0   0   0   0   0 100   0   0   0  1.43 inf
  340 G   -1 -4 -2 -3 -4 -3 -4  7 -4 -5 -5 -3 -4 -5 -4 -2 -3 -4 -5 -5    0   0   0   0   0   0   0 100   0   0   0   0   0   0   0   0   0   0   0   0  1.77 inf
  341 R   -3  8 -2 -3 -5 -1 -2 -4 -2 -5 -4  1 -3 -5 -4 -2 -3 -4 -3 -4    0 100   0   0   0   0   0   0   0   0   0   0   0   0   0   0   0   0   0   0  1.73 inf
  342 L   -3 -4 -5 -5 -3 -4 -4 -5 -4  0  6 -4  1 -1 -4 -4 -3 -3 -2  0    0   0   0   0   0   0   0   0   0   0 100   0   0   0   0   0   0   0   0   0  1.12 inf
  343 S    0 -2 -1 -2 -2 -2 -2 -2 -2 -4 -4 -2 -3 -4 -2  6  0 -4 -3 -3    0   0   0   0   0   0   0   0   0   0   0   0   0   0   0 100   0   0   0   0  1.26 inf
  344 S    0 -2 -1 -2 -2 -2 -2 -2 -2 -4 -4 -2 -3 -4 -2  6  0 -4 -3 -3    0   0   0   0   0   0   0   0   0   0   0   0   0   0   0 100   0   0   0   0  1.26 inf
  345 T    0  0 -1 -2 -2 -1 -2 -2 -2 -3 -3 -1 -2 -4 -2  5  4 -4 -3 -2    1   6   0   0   0   1   0   0   0   0   0   0   0   0   0  59  34   0   0   0  0.75 inf
  346 D   -3 -3  0  7 -5 -1  2 -3 -2 -5 -5 -2 -5 -5 -3 -2 -2 -6 -5 -5    0   0   1  87   0   0  12   0   0   0   0   0   0   0   0   0   0   0   0   0  1.54 inf
  347 P   -3 -4 -4 -3 -5 -3 -3 -4 -4 -5 -5 -3 -4 -6  9 -3 -3 -6 -5 -4    0   0   0   0   0   0   0   0   0   0   0   0   0   0 100   0   0   0   0   0  2.72 inf
  348 N   -3 -2  8  0 -5 -2 -2 -2 -1 -5 -5 -2 -4 -5 -4 -1 -2 -6 -4 -5    0   0 100   0   0   0   0   0   0   0   0   0   0   0   0   0   0   0   0   0  1.81 inf
  349 L   -3 -4 -5 -5 -3 -4 -4 -5 -4  0  6 -4  1 -1 -4 -4 -3 -3 -2  0    0   0   0   0   0   0   0   0   0   0 100   0   0   0   0   0   0   0   0   0  1.13 inf
  350 Q   -3 -1 -2 -2 -5  8  0 -4 -1 -5 -4  0 -2 -5 -3 -2 -2 -4 -3 -4    0   0   0   0   0 100   0   0   0   0   0   0   0   0   0   0   0   0   0   0  1.79 inf
  351 N   -3 -2  8  0 -5 -2 -2 -2 -1 -5 -5 -2 -4 -5 -4 -1 -2 -6 -4 -5    0   0 100   0   0   0   0   0   0   0   0   0   0   0   0   0   0   0   0   0  1.81 inf
  352 I   -3 -5 -5 -5 -3 -4 -5 -5 -5  7  0 -4  0 -2 -4 -4 -2 -4 -3  1    0   0   0   0   0   0   0   0   0 100   0   0   0   0   0   0   0   0   0   0  1.34 inf
  353 P   -3 -4 -4 -3 -5 -3 -3 -4 -4 -5 -5 -3 -4 -6  9 -3 -3 -6 -5 -4    0   0   0   0   0   0   0   0   0   0   0   0   0   0 100   0   0   0   0   0  2.72 inf
  354 V   -2 -4 -4 -4 -2 -4 -4 -5 -5  6  0 -4  0 -2 -4 -3 -1 -4 -3  4    1   0   0   0   0   0   0   0   0  67   0   0   0   0   0   0   1   0   0  31  0.91 inf
  355 R   -3  8 -2 -3 -5  0 -2 -4 -2 -5 -4  1 -3 -5 -4 -2 -3 -4 -3 -4    0  97   0   0   0   0   0   0   0   0   0   3   0   0   0   0   0   0   0   0  1.65 inf
  356 N   -1 -1  5 -1 -3 -1 -2 -2 -2 -3 -3 -1 -2 -4 -2  3  4 -4 -3 -2    1   1  34   0   0   0   0   0   0   0   0   0   0   0   0  21  43   0   0   0  0.72 inf
  357 E    1 -2 -1  2 -4  1  5 -2 -2 -4 -3 -1 -3 -4  0 -1 -1 -4 -3 -3   18   0   0  11   0   1  62   1   0   0   1   1   0   0   3   0   2   0   0   1  0.73 inf
  358 E   -1 -1 -1  0 -5  2  6 -3 -1 -4 -4 -1 -3 -5 -3 -1 -2 -4 -3 -4    2   0   1   0   0   7  87   0   0   1   0   0   0   0   0   1   1   0   0   0  1.24 inf
  359 G   -1 -4 -2 -2 -4 -3 -4  7 -4 -5 -5 -3 -4 -5 -4 -2 -3 -4 -5 -5    0   0   0   1   0   0   0  99   0   0   0   0   0   0   0   0   0   0   0   0  1.75 inf
  360 R   -3  8 -2 -3 -5 -1 -2 -4 -2 -5 -4  1 -3 -5 -4 -2 -3 -4 -3 -4    0 100   0   0   0   0   0   0   0   0   0   0   0   0   0   0   0   0   0   0  1.73 inf
  361 R   -2  7 -2 -3 -5  0 -1 -4 -2 -4 -3  3 -3 -4 -3 -2 -2 -4 -3 -4    1  83   0   0   0   1   0   0   0   0   1  14   0   0   0   1   0   0   0   0  1.33 inf
  362 I   -3 -5 -5 -5 -3 -4 -5 -5 -5  7  0 -4  0 -2 -4 -4 -2 -4 -3  2    0   0   0   0   0   0   0   0   0  92   0   0   0   0   0   0   0   0   0   8  1.18 inf
  363 R   -3  8 -2 -3 -5 -1 -2 -4 -2 -5 -4  1 -3 -5 -4 -2 -3 -4 -3 -4    0 100   0   0   0   0   0   0   0   0   0   0   0   0   0   0   0   0   0   0  1.73 inf
  364 Q   -2  1 -1 -2 -5  7  1 -3  1 -4 -4  1 -2 -5 -3 -2 -1 -4 -3 -4    0   5   1   0   0  83   4   0   3   0   0   3   0   0   0   0   2   0   0   0  1.29 inf
  365 A    6 -3 -3 -3 -2 -2 -2 -1 -3 -3 -3 -2 -2 -4 -2  0 -1 -4 -3 -2   99   0   0   0   0   0   0   0   0   0   0   0   0   0   0   0   1   0   0   0  1.14 inf
  366 F   -4 -5 -5 -5 -4 -5 -5 -5 -3 -2 -1 -5 -2  8 -5 -4 -4 -1  2 -3    0   0   0   0   0   0   0   0   0   0   0   0   0 100   0   0   0   0   0   0  1.93 inf
  367 I   -2 -4 -4 -4 -1 -4 -4 -5 -4  5  0 -4  0 -2 -4 -3 -1 -4 -2  4    0   0   0   0   1   0   0   0   0  61   1   0   0   0   0   0   1   0   0  34  0.82 inf
  368 A    6 -3 -3 -3 -2 -2 -2 -1 -3 -3 -3 -2 -2 -4  1  0 -1 -4 -3 -1   90   0   0   0   0   0   0   0   0   0   0   0   0   0   8   0   2   0   0   0  0.97 inf
  369 P    0  2 -2 -1 -3  0  1 -2 -3 -4 -4 -1 -3 -5  7 -1 -2 -4 -4 -3    7  14   0   2   0   3  10   2   0   0   0   0   0   0  58   3   1   0   0   0  1.19 inf
  370 E    0  0 -1  1 -4  1  3 -2  2 -4 -3  2 -3 -4  5  0 -1 -4 -3 -3    6   1   1   5   0   5  23   0   5   0   0  20   0   0  28   3   2   0   0   0  0.59 inf
  371 D   -1 -4 -1  1 -4 -3 -3  7 -3 -5 -5 -3 -4 -5 -3 -1 -3 -4 -5 -5    0   0   1   7   0   0   1  90   0   0   0   0   0   0   0   0   0   0   0   0  1.47 inf
  372 Y   -2  0 -1 -4  0 -2 -3 -4  3 -3 -3  0 -2  2 -4 -2 -3  4  7 -3    1   6   2   0   2   0   0   0   6   0   0   6   0   4   0   2   0   5  65   0  1.09 inf
  373 V   -2  3 -1 -2  1  1 -1 -3 -1 -2 -2  5 -2 -4 -2 -1  0 -4 -3 -1    0  19   0   0   4   4   0   0   1   1   4  56   0   0   0   2   5   0   0   4  0.57 inf
  374 I   -2 -4 -4 -4 -2 -3 -4 -5 -4  5  3 -4  2 -1 -4 -3 -2 -3 -2  2    0   0   0   0   0   0   0   0   0  55  32   0   5   0   0   0   0   0   1   7  0.69 inf
  375 V   -2 -3 -4 -4 -2 -3 -4 -4 -4  2  3 -3  3 -1 -4 -3 -1 -3 -2  4    0   0   0   0   0   0   0   0   0   3  35   0   8   0   0   0   0   0   0  53  0.63 inf
  376 S    6 -3 -3 -3 -2 -2 -2 -1 -3 -3 -3 -2 -2 -4 -2  1 -1 -4 -3 -2   95   0   0   0   0   0   0   0   0   0   0   0   0   0   0   5   0   0   0   0  1.05 inf
  377 A    6 -3 -3 -3  0 -2 -2 -1 -3  0 -2 -2 -2 -3 -2  0 -1 -4 -3  1   86   0   0   0   1   0   0   0   0   5   0   0   0   0   0   0   0   0   0   8  0.83 inf
  378 D   -3 -3  0  8 -5 -2  0 -3 -3 -5 -5 -2 -5 -5 -3 -2 -3 -6 -5 -5    0   0   0 100   0   0   0   0   0   0   0   0   0   0   0   0   0   0   0   0  1.85 inf
  379 Y   -4 -4 -4 -5 -4 -3 -4 -5  0 -3 -3 -4 -3  1 -5 -4 -4  1  9 -3    0   0   0   0   0   0   0   0   0   0   0   0   0   0   0   0   0   0 100   0  2.20 inf
  380 S    0 -2 -1 -2 -2 -2 -2 -2 -2 -4 -4 -2 -3 -4 -2  6  0 -4 -3 -3    0   0   0   0   0   0   0   0   0   0   0   0   0   0   0 100   0   0   0   0  1.26 inf
  381 Q   -3 -1 -2 -2 -5  8  0 -4 -1 -5 -4  0 -2 -5 -3 -2 -2 -4 -3 -4    0   0   0   0   0 100   0   0   0   0   0   0   0   0   0   0   0   0   0   0  1.79 inf
  382 I   -3 -5 -5 -5 -3 -4 -5 -5 -5  7  0 -4  0 -2 -4 -4 -2 -4 -3  1    0   0   0   0   0   0   0   0   0  99   0   0   0   0   0   0   0   0   0   1  1.32 inf
  383 E   -2 -2 -2  0 -5  0  7 -4 -2 -5 -5 -1 -4 -5 -3 -2 -2 -5 -4 -4    0   0   0   0   0   0 100   0   0   0   0   0   0   0   0   0   0   0   0   0  1.58 inf
  384 L   -3 -4 -5 -5 -3 -4 -4 -5 -4  0  6 -4  1 -1 -4 -4 -3 -3 -2  0    0   0   0   0   0   0   0   0   0   0 100   0   0   0   0   0   0   0   0   0  1.13 inf
  385 R   -3  8 -2 -3 -5 -1 -2 -4 -2 -5 -4  1 -3 -5 -4 -2 -3 -4 -3 -4    0 100   0   0   0   0   0   0   0   0   0   0   0   0   0   0   0   0   0   0  1.73 inf
  386 I   -3 -5 -5 -5 -3 -4 -5 -5 -5  7  0 -4  0 -2 -4 -4 -2 -4 -3  1    0   0   0   0   0   0   0   0   0 100   0   0   0   0   0   0   0   0   0   0  1.34 inf
  387 M   -3 -3 -4 -5 -3 -2 -4 -5 -4 -1  0 -3 10 -2 -5 -3 -3 -3 -3 -1    0   0   0   0   0   0   0   0   0   0   0   0 100   0   0   0   0   0   0   0  2.02 inf
  388 A    6 -3 -3 -3 -2 -2 -2 -1 -3 -3 -3 -2 -2 -4 -2  0 -1 -4 -3 -2  100   0   0   0   0   0   0   0   0   0   0   0   0   0   0   0   0   0   0   0  1.15 inf
  389 H   -4 -2 -1 -3 -5 -1 -2 -4 10 -5 -5 -3 -4 -3 -4 -3 -4 -4  0 -5    0   0   0   0   0   0   0   0 100   0   0   0   0   0   0   0   0   0   0   0  2.48 inf
  390 L   -3 -4 -5 -5 -3 -4 -4 -5 -4  1  6 -4  1 -1 -4 -4 -3 -3 -2  0    0   0   0   0   0   0   0   0   0   1  99   0   0   0   0   0   0   0   0   0  1.11 inf
  391 S    1 -2 -1 -2 -2 -2 -2 -2 -2 -4 -4 -2 -3 -4 -2  6  0 -4 -3 -3    8   0   0   0   0   0   0   0   0   0   0   0   0   0   0  92   0   0   0   0  1.09 inf
  392 R   -1  1  0  0 -3  4  1  4 -1 -4 -4  1 -2 -4 -2 -1 -2 -3 -3 -3    3   7   2   3   0  33   7  34   0   0   0   9   0   0   0   2   0   0   0   0  0.54 inf
  393 D   -3 -3  0  8 -5 -2  0 -3 -3 -5 -5 -2 -5 -5 -3 -2 -3 -6 -5 -5    0   0   0  99   0   0   0   0   0   0   0   0   0   0   0   1   0   0   0   0  1.83 inf
  394 K    1  1 -1  0 -4  2  3 -2 -1 -4 -3  4 -2 -4  0  0 -1 -4 -3 -3   13   2   1   1   0   8  25   0   0   0   0  43   0   0   4   2   1   0   0   0  0.52 inf
  395 G    1 -1 -1 -2 -3 -3 -3  6 -3 -5 -5 -2 -4 -4 -3  0 -2 -4 -4 -4    9   4   1   0   0   0   0  79   0   0   0   1   0   0   0   5   0   0   0   0  1.16 inf
  396 L   -3 -4 -5 -5 -3 -4 -4 -5 -4  0  6 -4  1 -1 -4 -4 -3 -3 -2  0    0   0   0   0   0   0   0   0   0   0 100   0   0   0   0   0   0   0   0   0  1.13 inf
  397 L   -2 -3 -4 -5 -2 -3 -4 -5 -4  1  5 -4  2 -1 -4 -3 -1 -3 -2  0    1   0   0   0   0   1   0   0   0   5  87   0   2   0   0   0   2   0   0   2  0.86 inf
  398 T    0  0  2  3 -3  1  1 -2  1 -3 -3  1 -2 -3 -2  1  1 -4 -2 -2    9   4  14  20   0   3  10   1   5   0   0  13   0   0   0   6  14   0   1   0  0.30 inf
  399 A    6 -3 -3 -3 -2 -2 -2 -1 -3 -3 -3 -2 -2 -4 -2  0 -1 -4 -3 -2  100   0   0   0   0   0   0   0   0   0   0   0   0   0   0   0   0   0   0   0  1.16 inf
  400 F   -4 -5 -5 -5 -4 -5 -5 -5 -3 -2 -1 -5 -2  8 -5 -4 -4 -1  2 -2    0   0   0   0   0   0   0   0   0   0   1   0   0  99   0   0   0   0   0   0  1.89 inf
  401 A    4  2  0 -2 -2  1  1 -1 -2 -3 -3  0 -2 -3 -2  2  0 -4 -3 -2   49  12   3   0   0   6   7   1   0   0   0   3   0   0   0  15   3   0   0   0  0.37 inf
  402 E    0  0  2  1 -3  3  4 -2  3 -4 -3  1 -2 -4 -2  0 -1 -4 -2 -3   11   2  11   5   0  17  34   1   9   0   0   5   0   0   0   2   3   0   0   0  0.45 inf
  403 G   -1 -3  1  1 -4 -3 -1  6 -3 -5 -5 -3 -4 -5 -3 -1 -3 -4 -4 -5    0   0   6   8   0   0   3  82   0   0   0   0   0   0   0   0   0   0   0   0  1.27 inf
  404 K   -1  2 -2 -1 -3  2  1 -3 -2 -1  1  4 -1 -3 -2 -1 -2 -3 -2 -1    4   9   0   1   0  11  11   0   0   1  24  37   0   0   0   0   0   0   0   1  0.33 inf
  405 D   -3 -3  0  8 -5 -2  0 -3 -3 -5 -5 -2 -5 -5 -3 -2 -3 -6 -5 -5    0   0   0 100   0   0   0   0   0   0   0   0   0   0   0   0   0   0   0   0  1.85 inf
  406 I   -2 -4 -5 -5 -2 -4 -4 -5 -5  6  0 -4  0 -2 -4 -3 -2 -4 -3  4    0   0   0   0   0   0   0   0   0  69   0   0   0   0   0   0   0   0   0  31  0.95 inf
  407 H   -4 -2 -1 -3 -5 -1 -2 -4 10 -5 -5 -3 -4 -3 -4 -3 -4 -4  0 -5    0   0   0   0   0   0   0   0 100   0   0   0   0   0   0   0   0   0   0   0  2.48 inf
  408 R    0  5 -1 -2 -3  1 -1 -3 -2 -3 -3  3 -2 -4 -3  1  1 -4 -3 -3    9  51   0   0   0   3   0   0   0   0   1  16   0   0   0  10   9   0   0   0  0.63 inf
  409 A    6 -2 -3 -3 -2 -2 -2 -1  0 -2 -3 -2 -2 -4 -2  1 -1 -4 -3 -1   91   2   0   0   0   0   0   0   2   1   0   0   0   0   0   4   0   0   0   0  0.94 inf
  410 T   -2 -3 -2 -3 -2 -2 -3 -3 -3 -2 -3 -2 -2 -4 -3  0  7 -4 -3 -1    0   0   0   0   0   0   0   0   0   0   0   0   0   0   0   0  99   0   0   1  1.39 inf
  411 A    6 -3 -3 -3 -2 -2 -2 -1 -3 -3 -3 -2 -2 -4 -2  0 -1 -4 -3 -2  100   0   0   0   0   0   0   0   0   0   0   0   0   0   0   0   0   0   0   0  1.16 inf
  412 A    6 -3 -3 -3 -2 -2 -2 -1 -3 -3 -3 -2 -2 -4 -2  1 -1 -4 -3 -2   88   0   0   0   0   0   0   1   0   0   0   0   0   0   0  10   1   0   0   0  0.94 inf
  413 E   -2 -2 -2  0 -5  0  7 -4 -2 -5 -5 -1 -4 -5 -3 -2 -2 -5 -4 -4    0   0   0   0   0   0 100   0   0   0   0   0   0   0   0   0   0   0   0   0  1.58 inf
  414 V   -2 -4 -4 -5 -2 -4 -4 -5 -5  3  0 -4  0 -2 -4 -3 -1 -4 -3  6    0   0   0   0   0   0   0   0   0  16   0   0   0   0   0   0   0   0   0  84  0.98 inf
  415 F   -4 -4 -4 -5 -4 -4 -5 -5 -2  0  0 -4  2  8 -5 -4 -3  2  1 -2    0   0   0   0   0   0   0   0   1   2   5   1   5  84   0   0   0   2   0   0  1.41 inf
  416 G   -1 -1  0  1 -4 -2 -1  6 -3 -5 -5 -1 -4 -4 -3  0 -2 -4 -4 -4    1   2   4   9   0   0   4  72   0   0   0   4   0   0   0   4   0   0   0   0  0.97 inf
  417 L   -1 -3 -3 -4  0 -3 -2 -4 -4  2  1 -2  0 -2 -3 -2  1 -4 -2  5    1   0   0   0   2   0   1   0   0   5  14   2   1   0   0   0  11   0   0  62  0.50 inf
  418 P    2 -2 -1  1 -3 -1  1 -1 -2 -3 -3 -1 -3 -4  5  1  0 -4 -3 -2   24   0   1   8   0   0  11   2   1   0   0   1   0   0  32  15   5   0   0   0  0.60 inf
  419 L   -2 -3 -4 -4 -2 -3 -3 -4 -4  2  4 -3  1  1  2 -3 -2 -3 -2  1    2   0   1   0   0   0   1   0   0   8  66   0   1   4  10   0   0   0   0   7  0.55 inf
  420 E   -1 -2  0  5 -4  0  4 -2 -2 -4 -4 -1 -3 -4 -2  0 -1 -5 -4 -4    5   0   0  42   0   1  43   2   0   0   0   1   0   0   0   4   1   0   0   0  0.85 inf
  421 T    0  0  0  3 -4  3  3 -2 -1 -4 -3  2 -2 -4 -2  0 -1 -4 -3 -3    8   1   3  17   0  20  29   1   0   0   0  12   0   0   0   7   2   0   0   0  0.48 inf
  422 V   -1 -4 -4 -5 -2 -4 -4 -5 -5  1 -1 -4 -1 -2 -4 -3 -1 -4 -3  6    1   0   0   0   0   0   0   0   0   1   0   0   0   0   0   0   0   0   0  99  1.16 inf
  423 T   -1 -2 -1 -1 -2 -2 -1 -2 -3 -3 -3 -2 -2 -4 -2  3  6 -4 -3 -2    1   0   1   1   0   0   1   0   0   0   0   0   0   0   0  33  63   0   0   0  0.85 inf
  424 S    1 -2  1  1 -2 -1 -1  1  0 -2 -3 -1 -2 -3  1  3  2 -4 -3 -2    8   0   7   6   0   1   0  12   2   2   0   0   0   0   6  38  17   0   0   1  0.34 inf
  425 E   -2 -2  1  5 -5  1  5 -3 -1 -5 -4 -1 -4 -5 -3 -1 -2 -5 -4 -4    0   0   5  36   0   1  56   0   0   0   0   0   0   0   0   1   0   0   0   0  1.04 inf
  426 Q   -2 -1 -2 -1 -4  7  1 -4 -1 -4 -2  0  2 -4 -3 -2 -2 -4 -3 -3    0   0   0   2   0  86   2   0   0   0   3   0   7   0   0   0   0   0   0   0  1.33 inf
  427 R   -3  8 -2 -3 -5 -1 -2 -4 -2 -5 -4  1 -3 -5 -4 -2 -3 -4 -3 -4    0 100   0   0   0   0   0   0   0   0   0   0   0   0   0   0   0   0   0   0  1.73 inf
  428 R   -3  8 -2 -3 -5 -1 -2 -4 -2 -5 -4  1 -3 -4 -4 -2 -3 -4 -2 -4    0  99   0   0   0   0   0   0   0   0   0   0   0   0   0   0   0   0   1   0  1.70 inf
  429 S    0  3  1 -1 -3  0 -1 -2 -2 -4 -4  1 -3 -4 -2  5  0 -4 -3 -3    2  22   7   0   0   2   1   0   0   0   0   5   0   0   0  61   0   0   0   0  0.64 inf
  430 A    6 -3 -3 -3 -2 -2 -2 -1 -3 -3 -3 -2 -2 -4 -2  0 -1 -4 -3 -2  100   0   0   0   0   0   0   0   0   0   0   0   0   0   0   0   0   0   0   0  1.16 inf
  431 K   -2  1 -2 -2 -5  0 -1 -3 -2 -4 -4  7 -3 -5 -3 -2 -2 -5 -3 -4    0   0   0   0   0   0   0   0   0   0   0 100   0   0   0   0   0   0   0   0  1.43 inf
  432 A    6 -3 -3 -3 -2 -2 -2 -1 -3 -3 -3 -2 -2 -4 -2  0 -1 -4 -3 -2  100   0   0   0   0   0   0   0   0   0   0   0   0   0   0   0   0   0   0   0  1.16 inf
  433 I   -2 -4 -5 -5 -2 -4 -5 -5 -5  6  0 -4  0 -2 -4 -4 -2 -4 -3  3    0   0   0   0   0   0   0   0   0  81   0   0   0   0   0   0   0   0   0  19  1.05 inf
  434 N   -3 -2  8  0 -5 -2 -2 -2 -1 -5 -5 -2 -4 -5 -4 -1 -2 -6 -4 -5    0   0 100   0   0   0   0   0   0   0   0   0   0   0   0   0   0   0   0   0  1.81 inf
  435 F   -4 -5 -5 -5 -4 -5 -5 -5 -3 -2 -1 -5 -2  8 -5 -4 -4 -1  2 -3    0   0   0   0   0   0   0   0   0   0   0   0   0 100   0   0   0   0   0   0  1.93 inf
  436 G   -1 -4 -2 -3 -4 -3 -4  7 -4 -5 -5 -3 -4 -5 -4 -2 -3 -4 -5 -5    0   0   0   0   0   0   0 100   0   0   0   0   0   0   0   0   0   0   0   0  1.77 inf
  437 L   -3 -4 -5 -5 -3 -4 -4 -5 -4  0  6 -4  1 -1 -4 -4 -3 -3 -2  0    0   0   0   0   0   0   0   0   0   0 100   0   0   0   0   0   0   0   0   0  1.13 inf
  438 I   -3 -5 -5 -5 -3 -4 -5 -5 -5  7  0 -4  0 -2 -4 -4 -2 -4 -3  1    0   0   0   0   0   0   0   0   0  99   0   0   1   0   0   0   0   0   0   0  1.31 inf
  439 Y   -4 -4 -4 -5 -4 -3 -4 -5  0 -3 -3 -4 -3  1 -5 -4 -4  1  9 -3    0   0   0   0   0   0   0   0   0   0   0   0   0   0   0   0   0   0 100   0  2.20 inf
  440 G   -1 -4 -2 -3 -4 -3 -4  7 -4 -5 -5 -3 -4 -5 -4 -2 -3 -4 -5 -5    0   0   0   0   0   0   0 100   0   0   0   0   0   0   0   0   0   0   0   0  1.77 inf
  441 M   -3 -3 -4 -5 -3 -2 -4 -5 -4 -1  0 -3 10 -2 -5 -3 -3 -3 -3 -1    0   0   0   0   0   0   0   0   0   0   0   0 100   0   0   0   0   0   0   0  2.02 inf
  442 S    0 -2 -1 -2 -2 -1 -2  0 -2 -4 -4 -2 -3 -4 -2  6  0 -4 -3 -3    0   0   0   0   0   1   0   3   0   0   0   0   0   0   0  95   0   0   0   0  1.14 inf
  443 A    6 -3 -3 -3 -2 -2 -2 -1 -3 -3 -3 -2 -2 -4 -2  1 -1 -4 -3 -2   95   0   0   0   0   0   0   0   0   0   0   0   0   0   0   5   0   0   0   0  1.06 inf
  444 F   -4 -4 -4 -5 -4 -2 -4 -5  1 -2 -1 -4 -2  8 -5 -4 -4  4  2 -3    0   0   0   0   0   3   0   0   4   0   0   1   0  87   0   0   0   5   1   0  1.54 inf
  445 G   -1 -3 -2 -3 -4 -3 -3  7 -4 -5 -5 -1 -4 -5 -4 -2 -3 -4 -5 -5    0   0   0   0   0   0   0  97   0   0   0   3   0   0   0   0   0   0   0   0  1.65 inf
  446 L   -3 -4 -5 -5 -3 -4 -4 -5 -4  0  6 -4  1 -1 -4 -4 -3 -3 -2  0    0   0   0   0   0   0   0   0   0   0 100   0   0   0   0   0   0   0   0   0  1.13 inf
  447 A    5 -2 -2 -2 -2 -2 -2  1 -3 -3 -3 -2 -2 -4 -2  3 -1 -4 -3 -2   68   0   0   0   0   0   0   7   0   0   0   0   0   0   0  25   0   0   0   0  0.72 inf
  448 R   -2  6 -1 -2 -5  1 -1 -3 -2 -4 -4  5 -3 -4 -3 -2 -2 -4 -3 -3    0  49   0   0   0   4   0   0   0   0   0  46   0   0   0   0   0   0   0   0  1.03 inf
  449 Q   -3 -1 -2  0 -5  8  0 -4 -1 -5 -4  0 -2 -5 -3 -2 -2 -4 -3 -4    0   0   0   3   0  97   0   0   0   0   0   0   0   0   0   0   0   0   0   0  1.68 inf
  450 L   -3 -4 -5 -5 -2 -4 -4 -5 -4  2  5 -4  1 -1 -4 -4 -2 -3 -2  0    0   0   0   0   0   0   0   0   0  14  86   0   0   0   0   0   0   0   0   0  0.93 inf
  451 N   -1 -1  3  2 -4 -1 -2  5  2 -5 -5 -2 -4 -4 -3 -1 -2 -4 -3 -4    1   3  17  14   0   1   0  56   8   0   0   0   0   0   0   1   0   0   0   0  0.81 inf
  452 I   -2 -4 -4 -4 -2 -4 -4 -5 -4  6  1 -4  1 -1 -4 -3 -1 -4 -2  3    0   0   0   0   0   0   0   0   0  68   7   0   1   0   0   0   1   0   0  24  0.83 inf
  453 P   -1 -2  0  2 -4 -1  2  2 -2 -4 -4 -1 -3 -4  5  0 -1 -4 -4 -3    3   0   2  10   0   1  17  22   0   0   0   0   0   0  35   8   1   0   0   0  0.73 inf
  454 R   -2  7 -1 -3 -5  1 -1 -3 -2 -4 -4  1 -3 -4 -4 -2 -1 -4 -3 -4    3  90   1   0   0   3   0   0   0   0   0   0   0   0   0   0   3   0   0   0  1.40 inf
  455 K    0  0  3 -1 -3  0 -1  3  3 -3 -3  2 -2 -2 -1  0 -1 -3 -1 -2    5   2  17   0   0   1   0  28  12   0   0  22   0   1   2   6   1   0   1   2  0.36 inf
  456 E    0 -1 -1  2 -4  3  5 -3 -1 -4 -3  0 -3 -4 -2 -1 -1 -4 -3 -3    6   0   0  10   0  19  59   0   0   0   1   0   0   0   0   1   3   0   0   1  0.79 inf
  457 A    6 -3 -3 -3 -2 -2 -2 -1 -3 -3 -3 -2 -2 -4 -2  1 -1 -4 -3 -2   93   0   0   0   0   0   0   0   0   0   0   0   0   0   0   7   0   0   0   0  1.02 inf
  458 Q   -1  0 -2 -2 -5  8  0 -3 -1 -4 -4  2 -2 -5 -3 -2 -2 -4 -3 -4    3   0   0   0   0  86   1   1   0   0   0  10   0   0   0   0   0   0   0   0  1.39 inf
  459 K    1  2 -1  1 -3  2  2 -1  3 -2 -3  2 -2 -3 -2  0  1 -3 -2 -2   13  11   0   9   0   8  14   3  10   2   0  17   0   0   0   4  10   0   0   0  0.25 inf
  460 Y   -4 -4 -4 -5 -4 -3 -4 -5  0 -3 -3 -4 -3  1 -5 -4 -3  2  9 -3    0   0   0   0   0   0   0   0   0   0   0   0   0   0   0   0   0   1  99   0  2.17 inf
  461 M   -2 -3 -4 -5 -3 -2 -4 -5 -4  5  1 -3  7 -1 -4 -3 -2 -3 -2  2    0   0   0   0   0   0   0   0   0  46   0   0  43   0   0   0   0   0   0  11  0.91 inf
  462 D   -3 -3  2  7 -5 -1  1 -3 -2 -5 -5 -2 -4 -5 -3 -1 -2 -6 -4 -5    0   0  10  80   0   1   7   0   0   0   0   0   0   0   0   0   1   0   0   0  1.35 inf
  463 L   -1  4 -2 -3 -3 -1 -2 -3  0  0  2  1  0 -2 -3 -1  1 -3 -2  0    2  33   0   0   0   0   0   0   2   1  34   8   1   0   0   0  14   0   0   5  0.32 inf
  464 Y   -4 -4 -4 -5 -4 -3 -4 -5  0 -3 -3 -4 -3  1 -5 -4 -4  1  9 -3    0   0   0   0   0   0   0   0   0   0   0   0   0   0   0   0   0   0 100   0  2.20 inf
  465 F   -4 -5 -5 -5 -4 -5 -5 -5 -3 -2 -1 -5 -2  8 -5 -4 -4 -1  2 -3    0   0   0   0   0   0   0   0   0   0   0   0   0 100   0   0   0   0   0   0  1.93 inf
  466 E    2 -1 -1  1 -3  2  5 -2  0 -4 -3  0 -3 -4 -2  0 -1 -4 -3 -3   22   0   1   6   0   6  56   0   3   0   0   2   0   0   0   1   2   0   0   0  0.65 inf
  467 R   -3  7 -2 -3 -5  0 -2 -4 -1 -5 -4  1 -3 -4 -4 -2 -1 -4 -3 -4    0  96   0   0   0   0   0   0   1   0   0   1   0   0   0   0   2   0   0   0  1.60 inf
  468 Y   -4 -4 -4 -5 -4 -3 -4 -5  0 -3 -3 -4 -3  3 -5 -4 -3  1  9 -3    0   0   0   0   0   0   0   0   0   0   0   0   0   6   0   0   0   0  94   0  2.02 inf
  469 P   -3 -4 -4 -3 -5 -2 -3 -4 -4 -5 -5 -3 -4 -6  8 -3 -3 -6 -5 -4    0   0   0   0   0   1   0   0   0   0   0   0   0   0  99   0   0   0   0   0  2.68 inf
  470 G   -1 -4 -2 -2 -4 -3 -4  7 -4 -5 -5 -3 -4 -5 -4 -1 -3 -4 -5 -5    0   0   0   0   0   0   0  98   0   0   0   1   0   0   0   1   0   0   0   0  1.67 inf
  471 V   -2 -4 -5 -5 -2 -4 -4 -5 -5  1 -1 -4 -1 -2 -4 -3 -1 -4 -3  6    0   0   0   0   0   0   0   0   0   0   0   0   0   0   0   0   0   0   0 100  1.20 inf
  472 L    0  2 -2 -3 -3  1 -1 -3 -2  0  3  2  2 -1 -3 -2 -2 -3 -2 -1    9  13   0   0   0   9   1   0   0   0  46  15   6   0   0   0   0   0   0   0  0.29 inf
  473 E    1  2  1  2 -2  2  2 -2  0 -3 -3  1 -2 -4 -2  0  1 -3 -2 -2   19  15   5  10   0  14  19   0   1   0   0   7   0   0   0   2   9   0   0   0  0.31 inf
  474 Y   -4 -4 -4 -5 -4 -3 -4 -5  0 -3 -3 -4 -3  3 -5 -4 -3  1  9 -3    0   0   0   0   0   0   0   0   0   0   0   0   0  10   0   0   0   0  90   0  1.95 inf
  475 M   -3 -3 -4 -5 -3 -2 -4 -5 -4  0  0 -3 10 -2 -5 -3 -3 -3 -3 -1    0   0   0   0   0   0   0   0   0   1   0   0  99   0   0   0   0   0   0   0  2.00 inf
  476 E   -2 -2  0  4 -5  1  6 -3  0 -4 -4 -1 -3 -5 -2 -1 -1 -5 -3 -4    1   0   4  25   0   1  65   0   1   0   0   0   0   0   0   0   1   0   0   0  1.00 inf
  477 R   -1  4  3  3 -4  0  1 -2 -1 -4 -4  0 -3 -4 -3  1 -1 -4 -3 -3    2  40  15  18   0   1  10   1   0   0   0   1   0   0   0  10   2   0   0   0  0.53 inf
  478 T   -1 -3 -2 -3 -2 -2 -3 -3 -3  3 -2 -2  0 -3 -3  0  6 -4 -3  0    0   0   0   0   0   0   0   0   0  23   0   0   1   0   0   1  74   0   0   1  0.87 inf
  479 R   -3  8 -2 -3 -1  0 -2 -4 -2 -5 -4  1 -3 -5 -4 -2 -3 -4 -3 -4    0  97   0   0   2   1   0   0   0   0   0   1   0   0   0   0   0   0   0   0  1.62 inf
  480 A    2  0 -1 -1 -2  2  3 -2  0 -2 -2  1 -2 -3 -2  1  0 -3 -2 -1   27   1   0   0   0  14  27   0   2   0   3   9   0   0   0   8   4   0   0   3  0.31 inf
  481 Q   -1  0 -1 -1 -3  6  1 -1  0 -1  0  1  0 -2 -3  0 -1 -3 -2 -2    3   0   1   1   0  53   3   3   1   2  12   9   1   2   0   3   3   0   0   2  0.47 inf
  482 A    6 -3 -3 -3 -2 -2 -2 -1 -3 -3 -3 -2 -2 -4 -2  0 -1 -4 -3 -1   99   0   0   0   0   0   0   0   0   0   0   0   0   0   0   0   0   0   0   1  1.12 inf
  483 K    3  2 -1 -2 -2  0  0 -1  3 -3 -3  2 -2 -3 -2  1  0 -4 -2 -1   38  13   1   0   0   1   4   1  10   0   0  19   0   0   0  10   2   0   0   2  0.33 inf
  484 E   -1 -1 -1  3 -4  2  5 -3 -1 -4 -4  0 -3 -4 -2 -1 -1 -4 -3 -3    5   1   1  18   0   7  63   0   0   0   0   3   0   0   0   1   1   0   0   0  0.85 inf
  485 Q   -2  0  1  2 -4  6  0 -3  0 -3 -1  2 -2 -4 -3 -1 -2 -4 -3 -3    1   2   5  12   0  56   0   0   2   1   6  15   0   0   0   0   1   0   0   0  0.70 inf
  486 G   -1 -2 -2 -3 -4 -3 -3  7 -3 -5 -5 -2 -4 -5 -4 -2 -3 -4 -5 -5    0   2   0   0   0   0   0  96   0   0   0   1   0   0   0   0   0   0   0   0  1.62 inf
  487 Y   -4 -4 -4 -5 -4 -3 -4 -5  0 -3 -2 -4 -3  4 -5 -3 -3  1  9 -3    0   0   0   0   0   0   0   0   0   0   0   0   0  13   0   0   0   0  86   0  1.86 inf
  488 V   -2 -4 -5 -5 -2 -4 -4 -5 -5  2 -1 -4 -1 -2 -4 -3 -1 -4 -3  6    0   0   0   0   0   0   0   0   0   1   0   0   0   0   0   0   0   0   0  99  1.18 inf
  489 E   -2 -2 -2  0 -5  0  6 -3 -2 -5 -4  0 -3 -5 -2  1 -1 -4 -3 -4    1   0   0   0   0   0  85   0   0   0   0   0   0   0   0  11   3   0   0   0  1.17 inf
  490 T   -2 -3 -2 -3 -3 -2 -3 -3 -3 -2 -3 -2 -2 -4 -3  0  7 -4 -3 -2    0   0   0   0   0   0   0   0   0   0   0   0   0   0   0   0 100   0   0   0  1.43 inf
  491 L   -2 -3 -4 -5 -2 -3 -4 -5 -3  3  5 -4  1  0 -4 -3 -2 -3 -2  2    0   0   0   0   0   0   0   0   0  15  70   0   0   1   0   0   0   0   0  14  0.69 inf
  492 D   -2 -4 -3  1 -2 -3 -1 -4 -2 -2  0 -3 -1  7 -4 -2 -3 -1  3 -2    1   0   0  12   1   0   4   0   0   0   4   0   1  66   0   1   0   0   9   0  0.93 inf
  493 G   -1 -4 -2 -2 -4 -3 -4  7 -4 -5 -5 -3 -4 -5 -4 -2 -3 -4 -5 -5    0   0   0   1   0   0   0  99   0   0   0   0   0   0   0   0   0   0   0   0  1.73 inf
  494 R   -3  8 -2 -3 -5 -1 -2 -4 -2 -5 -4  1 -3 -5 -4 -2 -3 -4 -3 -4    0 100   0   0   0   0   0   0   0   0   0   0   0   0   0   0   0   0   0   0  1.73 inf
  495 R   -3  8 -2 -3 -5  0 -2 -4 -1 -5 -4  1 -3 -5 -4 -2 -3 -4 -3 -4    0  99   0   0   0   0   0   0   0   0   0   0   0   0   0   0   0   0   0   0  1.71 inf
  496 L   -3 -4 -5 -5 -3 -4 -4 -5 -4  0  6 -4  1 -1 -4 -4 -3 -3 -2  0    0   0   0   0   0   0   0   0   0   0 100   0   0   0   0   0   0   0   0   0  1.13 inf
  497 Y   -3 -3 -3 -4 -4 -2 -3 -5  4 -3 -3 -3 -3  1 -3 -3 -3  2  8 -3    0   0   0   0   0   1   0   0  12   0   0   0   0   1   1   0   0   2  83   0  1.74 inf
  498 L   -3 -4 -5 -5 -3 -4 -4 -5 -4  1  6 -4  1 -1 -4 -4 -2 -3 -2  0    0   0   0   0   0   0   0   0   0   1  97   0   0   0   0   0   0   0   0   1  1.07 inf
  499 P   -1 -4 -4 -3 -4 -3 -3 -4 -4 -4 -4 -3 -4 -5  8 -2 -2 -5 -5 -4    3   0   0   0   0   0   0   0   0   0   1   0   0   0  95   0   1   0   0   0  2.50 inf
  500 D   -1 -2  0  5 -5  0  5 -2 -2 -4 -5 -1 -4 -5 -3 -1 -2 -5 -4 -4    3   0   1  42   0   0  53   1   0   0   0   0   0   0   0   0   0   0   0   0  1.07 inf
  501 I   -3 -5 -5 -5 -3 -4 -5 -5 -5  7  0 -4  0 -2 -4 -4 -2 -4 -3  1    1   0   0   0   0   0   0   0   0  97   1   0   0   0   0   0   0   0   0   1  1.27 inf
  502 K   -2  1  5 -1 -4  1 -1 -1  4 -4 -4  3 -3 -4 -3 -1 -1 -4 -2 -4    2   6  42   0   0   4   0   2  12   0   0  30   0   0   0   0   2   0   0   0  0.64 inf
  503 S    3 -2 -1  0 -2 -1 -1 -1  1 -3 -3 -2 -2 -3 -2  4  0 -4 -3 -2   36   0   0   3   0   0   0   0   4   0   0   0   0   0   0  54   2   0   0   1  0.62 inf
  504 S   -1  5  0 -2 -3  1 -1 -2 -1 -4 -3  2 -2 -4 -2  3 -1 -4 -3 -3    0  44   2   0   0   5   0   2   0   0   0  15   0   0   0  31   1   0   0   0  0.65 inf
  505 N   -3 -1  8  0 -4  0 -2 -2  0 -5 -5 -1 -4 -5 -4 -1 -2 -5 -4 -4    0   1  91   0   0   2   0   0   2   0   0   2   0   0   0   1   0   0   0   0  1.52 inf
  506 G    2  0 -2 -2 -3  1 -2  4 -1 -2 -3  1 -1 -4  1 -1 -1 -3 -3 -2   28   4   0   0   0   7   0  40   2   2   0   8   1   0   7   0   1   0   0   1  0.45 inf
  507 A    2 -2  0 -3 -2  2 -2  0 -2  0  0 -2  6 -2 -2 -1 -1 -3 -2 -1   24   0   6   0   0  13   0   6   0   5   2   0  39   0   1   2   1   0   0   0  0.38 inf
  508 R   -2  6 -2 -3 -4  0  0 -3 -2 -2  0  1  2 -3 -3 -1 -2 -4 -3 -2    1  72   0   0   0   2   3   0   0   1   8   0   8   0   0   2   1   0   0   1  0.87 inf
  509 R   -3  7 -2 -3 -5  2 -1 -4 -2 -4 -4  1 -3 -4 -4 -2 -3 -4 -3 -3    0  88   0   0   0   8   0   0   0   0   0   3   0   0   0   0   0   0   0   1  1.43 inf
  510 A    1  1 -1 -2 -4  5  0 -2 -1 -4 -3  5 -1 -4 -2 -1 -2 -4 -3 -3   12   1   2   0   0  35   0   0   0   0   1  47   2   0   0   0   0   0   0   0  0.71 inf
  511 A    4 -3 -2 -3 -2 -1 -2  3 -1 -3 -3 -2 -2 -3 -2  0 -2 -3  1 -2   61   0   0   0   0   3   0  27   2   0   0   0   0   0   0   0   0   0   7   0  0.64 inf
  512 A    6 -3 -3 -3 -2 -2 -2 -1 -3 -3 -3 -2 -2 -4 -2  0 -1 -4 -3 -1   98   0   0   0   0   0   0   0   0   0   0   0   0   0   0   1   0   0   0   1  1.11 inf
  513 E   -2 -2 -2  0 -5  1  7 -4 -2 -5 -5 -1 -4 -5 -3 -2 -2 -5 -4 -4    0   0   0   0   0   0 100   0   0   0   0   0   0   0   0   0   0   0   0   0  1.56 inf
  514 R   -3  8 -2 -3 -5 -1 -2 -4 -2 -5 -4  1 -3 -5 -4 -2 -3 -4 -3 -4    0 100   0   0   0   0   0   0   0   0   0   0   0   0   0   0   0   0   0   0  1.73 inf
  515 A    3 -2 -2 -2 -2 -2  0 -2 -3 -2 -2 -2 -1 -3 -2  0  5 -4 -3  0   41   0   0   0   0   0   6   0   0   0   0   0   1   0   0   0  47   0   0   6  0.58 inf
  516 A    6 -3 -3 -3 -2 -2 -2 -1 -3 -3 -3 -2 -2 -4 -2  0 -1 -4 -3 -2  100   0   0   0   0   0   0   0   0   0   0   0   0   0   0   0   0   0   0   0  1.16 inf
  517 I   -3 -5 -5 -5 -3 -4 -5 -5 -5  7  0 -4  0 -2 -4 -4 -2 -4 -3  1    0   0   0   0   0   0   0   0   0 100   0   0   0   0   0   0   0   0   0   0  1.34 inf
  518 N   -3 -2  8  0 -5 -2 -2 -2 -1 -5 -5 -2 -4 -5 -4 -1 -2 -6 -4 -5    0   0 100   0   0   0   0   0   0   0   0   0   0   0   0   0   0   0   0   0  1.81 inf
  519 A    6 -3 -3 -3 -2 -2 -2 -1 -3 -3 -3 -2 -2 -4 -2  0 -1 -4 -3 -2  100   0   0   0   0   0   0   0   0   0   0   0   0   0   0   0   0   0   0   0  1.16 inf
  520 P   -3 -4 -4 -3 -5 -3 -3 -4 -4 -5 -5 -3 -4 -6  9 -3 -3 -6 -5 -4    0   0   0   0   0   0   0   0   0   0   0   0   0   0 100   0   0   0   0   0  2.72 inf
  521 M   -3 -3 -4 -5 -3 -2 -4 -5 -4 -1  0 -3 10 -2 -5 -3 -3 -3 -3 -1    0   0   0   0   0   0   0   0   0   0   1   0  99   0   0   0   0   0   0   0  1.99 inf
  522 Q   -3 -1 -2 -2 -5  8  0 -4 -1 -5 -4  0 -2 -5 -3 -2 -2 -4 -3 -4    0   0   0   0   0 100   0   0   0   0   0   0   0   0   0   0   0   0   0   0  1.79 inf
  523 G   -1 -4 -2 -3 -4 -3 -4  7 -4 -5 -5 -3 -4 -5 -4 -2 -3 -4 -5 -5    0   0   0   0   0   0   0 100   0   0   0   0   0   0   0   0   0   0   0   0  1.77 inf
  524 T   -1 -3 -1 -2 -2 -2 -2 -3 -3 -2 -3 -2 -2 -4 -3  2  7 -4 -3 -2    0   0   0   0   0   0   0   0   0   0   0   0   0   0   0  11  89   0   0   0  1.20 inf
  525 A    6 -3 -3 -3 -2 -2 -2 -1 -3 -3 -3 -2 -2 -4 -2  0 -1 -4 -3 -2   99   0   0   0   0   0   0   0   0   0   0   0   0   0   0   1   0   0   0   0  1.14 inf
  526 A    6 -3 -3 -3 -2 -2 -2 -1 -3 -3 -3 -2 -2 -4 -2  0 -1 -4 -3 -2   99   0   0   0   0   0   0   0   0   0   0   0   0   0   0   1   0   0   0   0  1.15 inf
  527 D   -3 -3  0  8 -5 -2  0 -3 -3 -5 -5 -2 -5 -5 -3 -2 -3 -6 -5 -5    0   0   0 100   0   0   0   0   0   0   0   0   0   0   0   0   0   0   0   0  1.85 inf
  528 I   -3 -5 -5 -5 -3 -4 -5 -5 -5  7  0 -4  0 -2 -4 -4 -2 -4 -3  1    0   0   0   0   0   0   0   0   0  98   1   0   0   0   0   0   0   0   0   1  1.30 inf
  529 I   -3 -5 -5 -5 -3 -4 -5 -5 -5  7  0 -4  1 -2 -4 -4 -2 -4 -3  1    0   0   0   0   0   0   0   0   0  98   0   0   2   0   0   0   0   0   0   0  1.29 inf
  530 K   -2  1 -2 -2 -5  0 -1 -3 -2 -4 -4  7 -3 -5 -3 -2 -2 -5 -3 -4    0   0   0   0   0   0   0   0   0   0   0 100   0   0   0   0   0   0   0   0  1.43 inf
  531 R   -2  6 -2 -2 -4  1 -1 -3 -2 -3 -1  4  0 -4 -3 -2 -2 -4 -3 -3    0  54   0   0   0   2   0   0   0   0   6  34   2   0   0   1   1   0   0   0  0.86 inf
  532 A    6 -3 -3 -3 -2 -2 -2 -1 -3 -3 -3 -2 -2 -4 -2  0 -1 -4 -3 -2  100   0   0   0   0   0   0   0   0   0   0   0   0   0   0   0   0   0   0   0  1.16 inf
  533 M   -3 -3 -4 -5 -3 -2 -4 -5 -4 -1  0 -3 10 -2 -5 -3 -3 -3 -3 -1    0   0   0   0   0   0   0   0   0   0   0   0 100   0   0   0   0   0   0   0  2.02 inf
  534 I   -2 -4 -4 -4 -2 -4 -4 -5 -4  6  2 -4  0 -1 -4 -3 -2 -4 -2  3    0   0   0   0   0   0   0   0   0  67  20   0   0   0   0   0   0   0   0  13  0.80 inf
  535 A    3  0  0  1 -2  0  0 -1  0 -2 -1  1 -1 -2 -2  0  0 -3 -2 -1   39   3   4  12   0   3   4   0   2   0   8  13   0   1   0   4   6   0   0   1  0.20 inf
  536 V   -1 -4 -4 -4  0 -3 -4 -4 -4  3  1 -3  1 -2 -4 -3 -1 -4 -2  5    2   0   0   0   1   0   0   0   0  10   5   0   3   0   0   0   2   0   0  77  0.77 inf
  537 D    0 -3  0  7 -4 -1  1 -2  3 -4 -5 -2 -4 -4 -3 -1 -2 -5 -3 -4   10   0   1  76   0   1   2   0   8   0   0   0   0   0   0   1   0   0   0   0  1.15 inf
  538 A    2  1  2  2 -3  1  1  1  0 -3 -3  0 -2 -3 -2  0  0 -3 -2 -2   22   7  12  16   0   7   8  12   2   0   0   5   0   1   0   4   3   0   0   1  0.25 inf
  539 W   -4 -5 -6 -6 -4 -3 -4 -5 -4 -5 -3 -4 -3  0 -6 -5 -4 12  1 -5    1   0   0   0   0   1   1   0   0   0   1   0   0   1   0   0   0  94   1   0  3.56 inf
  540 L   -2 -4 -4 -5 -2 -3 -4 -5 -4  4  4 -4  1 -1 -4 -4 -2 -3 -2  1    0   0   0   0   0   0   0   0   0  32  64   0   1   0   0   0   0   0   0   3  0.75 inf
  541 Q    0  1  0  0 -2  4  2 -1 -1 -2 -2  1 -1 -3 -1  0  0 -3 -2 -2    9   5   3   4   1  33  17   2   0   1   3   6   0   0   1   5   6   0   1   2  0.33 inf
  542 A    0  1  0  2 -3  2  2 -1 -1 -3 -3  1 -2 -3 -1  1  2 -3 -2 -2   10   5   2  11   0  15  18   3   1   0   0   7   0   0   1  11  15   0   0   1  0.28 inf
  543 E    0 -1  1  1 -3  2  3  0  1 -3 -3  0 -2 -4  0  2  0 -4 -2 -2    3   0   4   8   0  11  30   5   4   1   0   2   0   0   3  21   6   0   0   1  0.35 inf
  544 Q    0  1  1  2 -2  2  2  2  1 -3 -3  1 -2 -3 -1  0 -1 -3 -2 -3    9   5   4  15   0  16  12  17   3   0   1  11   0   0   1   5   1   0   1   0  0.28 inf
  545 P    0 -3 -1  1 -3 -2 -1  1 -2  0  1 -2 -1  1  5 -1 -1 -3 -2 -1    5   0   2  11   0   0   1  14   0   4  16   0   0   8  29   3   3   0   0   2  0.38 inf
  546 R   -1  1  1  5 -4  0  1 -1 -1 -3 -2  0 -3 -4  1  0 -1 -4 -3 -3    2  12   5  50   0   3   7   4   0   0   4   3   0   0   6   3   1   0   0   0  0.57 inf
  547 V    3 -3 -3 -3 -2 -3 -3 -2 -3  3  0 -3 -1 -2 -3 -1 -1 -4 -2  4   39   0   0   0   0   0   0   0   0  19   2   0   0   0   0   1   2   0   0  37  0.44 inf
  548 R   -1  5 -1 -1 -2  1 -1 -3  0 -3 -1  3 -1 -2 -3 -1 -1  0 -1 -2    3  43   1   2   1   3   1   0   2   0   5  29   1   1   0   0   4   2   1   1  0.53 inf
  549 M   -2 -3 -4 -5 -3 -2 -4 -5 -3  1  2 -3  8 -1 -4 -3 -2 -3 -3  1    0   0   0   0   0   0   0   0   0   4  17   0  68   0   0   0   0   0   0  11  1.13 inf
  550 I   -2 -4 -4 -4 -2 -4 -4 -5 -4  6  2 -4  1 -1 -4 -3 -1 -4 -2  2    0   0   0   0   0   0   0   0   0  68  20   0   1   0   0   0   2   0   0   9  0.79 inf
  551 M   -3 -3 -4 -5 -3 -2 -4 -5 -4  0  2 -3  9 -2 -4 -3 -3 -3 -3 -1    0   0   0   0   0   0   0   0   0   0  13   0  87   0   0   0   0   0   0   0  1.67 inf
  552 Q   -3 -1 -2 -2 -5  8  0 -4 -1 -5 -4  0 -2 -5 -3 -2 -3 -4 -3 -4    0   0   0   0   0 100   0   0   0   0   0   0   0   0   0   0   0   0   0   0  1.82 inf
  553 V   -2 -4 -5 -5 -2 -4 -4 -5 -5  1 -1 -4 -1 -2 -4 -3 -2 -5 -3  7    0   0   0   0   0   0   0   0   0   0   0   0   0   0   0   0   0   0   0 100  1.23 inf
  554 H   -4 -2 -1 -3 -5 -1 -2 -4 10 -5 -5 -3 -4 -3 -4 -3 -4 -4  0 -5    0   0   0   0   0   0   0   0 100   0   0   0   0   0   0   0   0   0   0   0  2.52 inf
  555 D   -3 -3  0  8 -5 -2  0 -3 -3 -5 -5 -2 -5 -5 -3 -2 -3 -6 -5 -5    0   0   0 100   0   0   0   0   0   0   0   0   0   0   0   0   0   0   0   0  1.88 inf
  556 E   -3 -2 -2  0 -5  0  7 -4 -2 -5 -5 -1 -4 -5 -3 -2 -3 -5 -4 -4    0   0   0   0   0   0 100   0   0   0   0   0   0   0   0   0   0   0   0   0  1.60 inf
  557 L   -3 -4 -5 -5 -3 -4 -4 -5 -4  0  6 -4  1 -1 -4 -4 -3 -3 -2  0    0   0   0   0   0   0   0   0   0   0 100   0   0   0   0   0   0   0   0   0  1.15 inf
  558 V   -2 -4 -4 -5 -2 -4 -4 -5 -5  3  0 -4 -1 -2 -4 -3 -1 -4 -3  6    0   0   0   0   0   0   0   0   0   9   0   0   0   0   0   0   0   0   0  91  1.10 inf
  559 F   -4 -4 -5 -5 -4 -4 -5 -5 -3 -1  2 -4 -1  7 -5 -4 -3 -1  1 -1    0   0   0   0   0   0   0   0   0   1  23   0   0  76   0   0   0   0   0   1  1.31 inf
  560 E   -3 -2 -2  0 -5  0  7 -4 -2 -5 -5 -1 -4 -5 -3 -1 -3 -5 -4 -4    0   0   0   0   0   0  99   0   0   0   0   0   0   0   0   1   0   0   0   0  1.58 inf
  561 V   -2 -4 -4 -5 -2 -4 -4 -5 -5  3  0 -4  0 -2 -4 -3 -1 -4 -3  6    0   0   0   0   0   0   0   0   0  18   0   0   0   0   0   0   0   0   0  82  1.00 inf
  562 H    2  3 -1  0 -3  1  0 -2  4 -3 -3  2 -2 -3  1 -1 -1 -4 -2 -3   24  22   0   6   0   4   5   0  13   0   0  18   0   0   7   0   0   0   0   0  0.37 inf
  563 K    0 -1  0  1 -4  1  5 -2 -1 -4 -4  1 -3 -4 -2  0  0 -4 -3 -3    7   1   2   4   0   1  66   1   1   0   0   6   0   0   1   5   5   0   0   0  0.76 inf
  564 D    0 -2  0  5 -3  0  2 -1 -1 -4 -4 -1 -3 -4 -1  2  0 -4 -3 -3    6   0   2  42   0   2  13   3   1   0   0   2   0   0   1  23   4   0   0   1  0.55 inf
  565 D    1  0 -1  1  0  3  1 -2  0 -1  0  2 -1 -1 -2  0 -1 -3 -1  0   14   2   1   9   2  19   9   0   3   0  10  15   0   2   0   3   0   0   2   9  0.14 inf
  566 V    0 -3 -4 -4 -1 -3 -3 -3 -4  2  3 -3  1 -1 -3 -2 -1 -3 -2  4    8   1   0   0   0   0   0   1   0   7  35   0   2   0   0   0   1   0   0  46  0.48 inf
  567 D    0 -2 -1  4 -4  1  5 -2 -2 -3 -4  0 -3 -4 -1  0 -1 -4 -3 -3    9   0   0  31   0   2  45   1   0   1   0   2   0   0   1   5   2   0   0   0  0.71 inf
  568 A    2  0 -1  1 -2  1  3 -1 -1 -2 -2  0 -1 -2 -1  1  0 -2 -1 -1   25   2   1   6   0   8  23   2   1   2   3   3   1   2   2   9   7   0   1   1  0.21 inf
  569 V    2 -3 -3 -3  1 -2 -3 -3 -1  1  1 -2  0  2 -3 -1  0 -2  2  2   22   0   0   1   3   1   0   0   1   6  10   0   1  11   0   2   4   0  10  28  0.21 inf
  570 A    0  2 -1 -1  1  1  1 -1 -2  0 -2  1  0 -3 -2  1  1 -3 -2  0    7  14   0   0   4   7   9   2   0   7   0  10   2   0   0  17  11   0   0   8  0.15 inf
  571 K    2  0  0  1 -2  2  2 -1 -1 -2 -2  1 -2 -3 -1  1  0 -3 -3 -1   21   2   3   8   0   9  21   1   0   1   1  13   0   0   2  10   6   0   0   3  0.25 inf
  572 Q    0  2 -1 -1 -3  2  2  0  0 -2 -2  3 -1 -3 -1 -1  0 -3 -2 -2    7   8   1   1   0  10  17   7   2   3   4  31   1   0   1   1   6   0   0   1  0.28 inf
  573 I   -2 -4 -4 -5 -2 -4 -4 -5 -4  5  2 -4  0 -1 -4 -3 -2 -4 -2  3    0   0   0   0   0   0   0   0   0  59  16   0   0   0   0   0   0   0   0  24  0.80 inf
  574 H   -1  4 -1 -2  4  2  0 -3  1 -1 -2  2 -2 -3 -1 -1  0 -3 -2  0    1  29   1   0  14   9   4   0   4   5   1  15   0   0   2   3   4   0   0   8  0.31 inf
  575 Q    0  0  0  2 -3  2  3 -1 -1 -3 -3  1 -2 -4  1  0  0 -4 -3 -2   11   4   3  10   0  12  28   2   1   0   1   8   0   0   6   6   7   0   0   1  0.32 inf
  576 L   -1  1 -2 -3 -2 -1 -2 -4  1  1  4 -1  1  0 -3 -2 -1 -3  0  0    5  13   2   0   0   2   0   0   5   8  53   2   2   2   0   0   1   0   2   3  0.30 inf
  577 M   -3 -4 -4 -5 -4 -3 -4 -5 -4 -1  0 -4 10 -2 -5 -4 -3 -4 -3 -1    0   0   0   0   0   0   0   0   0   0   0   0 100   0   0   0   0   0   0   0  2.17 inf
  578 E    1 -1 -1  0 -1  2  4 -2 -1 -3 -3 -1 -1 -4 -2  2  0 -4 -3 -2    9   1   0   0   2  11  45   2   0   1   0   0   1   0   0  25   3   0   0   1  0.53 inf
  579 N    1  0  2  0 -2  2  1  2 -1 -3 -3  0 -2 -3 -2  2  0 -3 -2 -3   14   2  13   3   0  14   6  18   0   0   0   5   0   0   0  20   2   0   0   0  0.30 inf
  580 C    5 -3 -2 -3  1 -2 -2 -1 -3 -3 -3 -2 -2 -4 -2  2  0 -4 -3 -1   77   0   0   0   3   0   0   0   0   0   0   0   0   0   0  14   2   0   0   3  0.81 inf
  581 T    5 -3 -3 -3 -1 -2 -2 -1 -3 -1 -1 -2  3 -2 -2  0  0 -4 -3  1   70   0   0   0   0   0   0   1   0   1   1   0  13   1   0   1   3   0   0   8  0.65 inf
  582 R    0  0  0  2 -3  3  3 -2 -1 -3 -3  2 -2 -4 -1  1  1 -4 -3 -2    4   3   2  10   0  15  29   0   0   0   1  12   0   0   1  11   9   0   0   3  0.38 inf
  583 L   -3 -4 -5 -5 -3 -4 -4 -5 -4  1  6 -4  1 -1 -4 -4 -3 -3 -2  0    0   0   0   0   0   0   0   0   0   3  96   0   0   0   0   0   0   0   0   0  1.12 inf
  584 D    1 -1  1  5 -4 -1  0 -2  0 -3 -4  2 -3 -4 -2  0 -1 -5 -3 -2   12   2   6  52   0   0   1   0   2   0   1  14   0   0   0   6   1   0   0   3  0.63 inf
  585 V   -2 -4 -5 -5 -2 -4 -4 -5 -5  1 -1 -4 -1 -2 -4 -3 -2 -5 -3  7    0   0   0   0   0   0   0   0   0   1   1   0   0   0   0   0   0   0   0  98  1.25 inf
  586 P   -2 -4 -4 -3 -5 -3 -2 -4 -4 -5 -4 -3 -4 -5  8 -2 -2 -6 -5 -4    2   0   0   0   0   0   2   0   0   0   1   0   0   0  94   0   1   0   0   0  2.48 inf
  587 L   -3 -4 -5 -5 -3 -4 -4 -5 -4  0  6 -4  1 -1 -5 -4 -3 -3 -3 -1    0   0   0   0   0   0   0   0   0   0 100   0   0   0   0   0   0   0   0   0  1.20 inf
  588 L   -2 -2 -3 -2 -1 -1 -1 -4 -3  3  3  0  1 -1 -3 -2 -1 -3 -2  2    0   1   0   1   1   3   3   0   0  29  36   8   1   0   0   0   2   0   0  16  0.34 inf
  589 V    2 -4 -4 -4 -2 -3 -4 -4 -4  1 -1 -3 -1 -2 -3 -2 -1 -4 -3  6   19   0   0   0   0   0   0   0   0   0   0   0   0   0   0   0   1   0   0  81  0.88 inf
  590 E   -2 -2 -1  5 -5  0  6 -2 -2 -5 -5 -1 -4 -5 -3 -2 -2 -5 -4 -4    0   0   1  34   0   0  62   3   0   0   0   0   0   0   0   0   0   0   0   0  1.14 inf
  591 V    3 -3 -3 -3 -2 -2 -3 -2 -3  2 -1 -2  0 -2 -2  0 -1 -4 -2  3   44   0   0   0   0   0   0   1   0  15   1   0   1   0   0   4   1   0   1  33  0.43 inf
  592 G   -1 -4 -1 -1 -4 -2 -1  7 -3 -5 -5 -3 -4 -5 -4 -2 -3 -4 -5 -5    0   0   2   3   0   1   3  91   0   0   0   0   0   0   0   0   0   0   0   0  1.52 inf
  593 S   -1 -2 -2 -3 -1 -2 -2 -3  2  2  0 -2  0  0 -3  1  1 -3 -1  4    2   1   0   0   1   0   2   0   7  16   1   0   2   3   0  13   6   0   1  43  0.27 inf
  594 G   -1 -4 -2 -3 -4 -3 -4  7 -4 -6 -5 -3 -4 -5 -4 -2 -3 -4 -5 -5    1   0   0   0   0   0   0  99   0   0   0   0   0   0   0   0   0   0   0   0  1.82 inf
  595 E    0 -2  2  5 -3  0  2 -1 -2 -3 -3  0 -2 -4 -2  0 -1 -4 -3 -2   11   0  11  45   0   1  14   2   0   1   0   6   1   0   0   3   2   0   0   1  0.56 inf
  596 N   -3 -2  8  0 -4 -2 -2 -2  0 -5 -5 -2 -4 -5 -4  0 -1 -6 -4 -5    0   0  93   1   0   0   0   0   1   0   0   0   0   0   0   4   1   0   0   0  1.68 inf
  597 W   -5 -5 -6 -7 -5 -4 -5 -5 -5 -5 -4 -5 -4 -1 -6 -5 -5 13  0 -5    0   0   0   0   0   0   0   0   0   0   0   0   0   0   0   0   0 100   0   0  4.05 inf
  598 D   -3 -3  0  7 -5 -1  2 -2 -3 -5 -5 -2 -5 -5 -3 -2 -3 -6 -5 -5    0   0   0  83   0   2  13   2   0   0   0   0   0   0   0   0   0   0   0   0  1.50 inf
  599 Q   -1 -1 -2  0 -5  5  6 -3 -1 -5 -4  0 -3 -5 -3 -2 -2 -4 -3 -4    3   0   0   1   0  36  60   0   0   0   0   0   0   0   0   0   0   0   0   0  1.14 inf
  600 A    6 -3 -3 -3 -2 -2 -3 -1 -3 -3 -3 -2 -3 -4 -2  0 -2 -4 -3 -2  100   0   0   0   0   0   0   0   0   0   0   0   0   0   0   0   0   0   0   0  1.24 inf
  601 H   -4 -2 -1 -3 -5 -2 -2 -4 10 -6 -5 -3 -4 -3 -4 -3 -4 -5  0 -5    0   0   0   0   0   0   0   0 100   0   0   0   0   0   0   0   0   0   0   0  2.62 inf

                      K         Lambda
Standard Ungapped    0.1337     0.3172
Standard Gapped      0.0564     0.2670
PSI Ungapped         0.1836     0.3114
PSI Gapped           0.0564     0.2670
