
Last position-specific scoring matrix computed, weighted observed percentages rounded down, information per position, and relative weight of gapless real matches to pseudocounts
           A  R  N  D  C  Q  E  G  H  I  L  K  M  F  P  S  T  W  Y  V   A   R   N   D   C   Q   E   G   H   I   L   K   M   F   P   S   T   W   Y   V
    1 G    2 -2 -1 -2 -2 -2 -2  5 -2 -3 -3 -1 -2 -3 -2  0 -1 -3 -3 -2   36   0   0   0   0   0   0  64   0   0   0   0   0   0   0   0   0   0   0   0  0.64 inf
    2 P   -1 -2 -2 -2 -3  0 -1 -2 -2 -3 -3 -1 -3 -4  8  0 -1 -4 -3 -3    0   0   0   0   0   7   0   0   0   0   0   0   0   0  87   6   0   0   0   0  1.74 inf
    3 A    1 -3 -3 -3 -1 -2 -2 -2 -3  3  1 -2  1 -1 -2 -1  0 -3 -2  3   26   0   0   0   0   0   0   0   0  48   0   0   0   0   0   0   0   0   0  26  0.24 inf
    4 L   -2 -2 -4 -4 -2 -2 -3 -4 -3  1  4 -3  2  3 -3 -3 -1 -1  0  1    0   0   0   0   0   0   0   0   0   0  79   0   5  16   0   0   0   0   0   0  0.42 inf
    5 Y   -2 -2 -3 -3 -3 -2 -3 -4  1  1 -1 -2 -1  3 -3 -2 -2  2  7  0    0   0   0   0   0   0   0   0   0  16   0   0   0   0   0   0   0   0  84   0  0.76 inf
    6 E   -1  0  0  2 -4  2  5 -2  0 -3 -3  1 -2 -4 -1  0 -1 -3 -2 -3    0   0   0   4   0   6  85   0   0   0   0   0   0   0   0   5   0   0   0   0  0.70 inf
    7 D   -2 -2  1  6 -4  0  3 -2 -1 -4 -4 -1 -3 -4 -2  0 -1 -4 -3 -3    0   0   0  84   0   0  16   0   0   0   0   0   0   0   0   0   0   0   0   0  0.89 inf
    8 P    0 -2  2 -1 -3 -1 -1 -2 -2 -3 -3 -1 -3 -4  7 -1 -1 -4 -3 -3    7   0  16   0   0   0   0   0   0   0   0   0   0   0  78   0   0   0   0   0  1.49 inf
    9 P   -1 -2 -2 -2 -3 -2 -1 -2 -3 -3 -3 -1 -3 -4  8 -1 -1 -4 -3 -3    0   0   0   0   0   0   0   0   0   0   0   0   0   0 100   0   0   0   0   0  2.12 inf
   10 D   -2 -1  1  6 -4  0  3 -2 -1 -4 -4  0 -3 -4 -2  0 -1 -4 -3 -3    0   0   0  80   0   0  20   0   0   0   0   0   0   0   0   0   0   0   0   0  0.86 inf
   11 H   -1  2  2  0 -3  3  1 -2  1 -3 -3  3 -1 -3 -2  0 -1 -3 -2 -3    0  11  19   0   0  22   0   0   4   0   0  44   0   0   0   0   0   0   0   0  0.42 inf
   12 K   -1  3 -1 -2 -3  0 -1 -3 -1  0  1  3  3 -1 -2 -1 -1 -2 -2 -1    0  25   0   0   0   0   0   0   0   0  19  32  24   0   0   0   0   0   0   0  0.24 inf
   13 T    0 -1  2 -1 -1  0 -1 -1 -1 -2 -2  1 -1 -3 -1  2  4 -3 -2 -1    0   0  15   0   0   0   0   0   0   0   0   9   0   0   0  13  63   0   0   0  0.38 inf
   14 S    2 -1  1  0 -1  1  0 -1 -1 -3 -3  0 -2 -3 -1  4  1 -3 -2 -2   17   0   8   0   0   7   0   0   0   0   0   0   0   0   0  68   0   0   0   0  0.39 inf
   15 P    0  1 -1  0 -2  0  1 -2 -1 -1 -2  3 -2 -3  4  1  0 -3 -2 -2    6   4   0   5   0   0   7   0   0   6   0  34   0   0  20  18   0   0   0   0  0.35 inf
   16 S   -1 -1  2  3 -2  0  1  0 -1 -2 -1  0 -2 -3 -2  2  0 -3 -2 -2    0   0  15  27   0   0  11   4   0   0   7   6   0   0   0  24   5   0   0   0  0.29 inf
   17 G    0  0  1 -1 -3 -1 -2  5 -2 -4 -4  0 -3 -3  1  0 -1 -3 -3 -3    0   5   6   0   0   0   0  72   0   0   0   6   0   0   6   0   5   0   0   0  0.72 inf
   18 K   -1  4 -1 -1 -4  2  1 -1 -1 -3 -3  4 -2 -3 -2 -1 -1 -3 -2 -2    0  36   0   0   0   6   8   3   0   0   0  42   0   0   0   0   0   0   0   5  0.49 inf
   19 P    0  1  2  2 -2  0  1 -1 -1 -3 -3  1 -2 -3  1  2  0 -3 -1 -2    8   6  10  16   0   0   7   0   0   0   0  15   0   0   5  26   4   0   3   0  0.26 inf
   20 A    2 -1  0 -1 -1 -1 -1 -1  1  0 -1 -1 -1  0 -2  1  2 -2  1  0   34   0   3   4   0   0   0   0   4   8   2   3   0   3   0  15  16   0   9   0  0.14 inf
   21 T    0  0  3 -1 -2 -1 -1 -1 -1 -2 -2  0  0 -3  0  1  4 -3 -2 -1    3   4  28   0   0   0   0   2   0   0   3   4   2   0   3   7  44   0   0   0  0.34 inf
   22 L   -3 -4 -5 -6 -4 -3 -4 -5 -4  0  1 -3 10 -2 -5 -4 -3 -4 -3 -1    0   0   0   0   0   0   0   0   0   1  10   1  87   0   0   0   0   0   0   0  1.99 inf
   23 K   -3  2 -2 -3 -5 -1 -1 -4 -3 -5 -4  7 -4 -5 -3 -2 -3 -5 -4 -5    0   5   0   0   0   0   0   0   0   0   1  94   0   0   0   0   0   0   0   0  1.65 inf
   24 I   -3 -4 -5 -5  1 -4 -4 -5 -3  2  4 -4  2  5 -5 -4 -3 -2  1  0    0   0   0   0   3   0   0   0   0  10  50   0   5  29   0   0   0   0   3   1  0.77 inf
   25 C   -2 -5 -5 -5  2 -4 -5 -5 -5  6  0 -4  0 -2 -4 -3 -1 -4 -3  3    0   0   0   0   5   0   0   0   0  66   0   0   0   0   0   1   4   0   0  23  1.02 inf
   26 S   -1 -3 -2 -3 -3 -2 -2 -3 -3 -5 -5 -2 -4 -5 -3  7  0 -5 -4 -4    0   0   0   0   0   0   0   0   0   0   0   0   0   0   0  99   1   0   0   0  1.58 inf
   27 W   -6 -6 -7 -7 -5 -5 -6 -6 -5 -6 -5 -6 -4 -1 -7 -6 -6 13 -1 -6    0   0   0   0   0   0   0   0   0   0   0   0   0   1   0   0   0  99   0   0  4.34 inf
   28 N   -4 -3  8 -1 -5 -2 -3 -3 -2 -6 -6 -3 -5 -6 -5 -2 -2 -6 -5 -5    0   0 100   0   0   0   0   0   0   0   0   0   0   0   0   0   0   0   0   0  2.23 inf
   29 V   -2 -5 -5 -6 -3 -4 -5 -6 -5  1 -1 -5 -1 -3 -5 -4 -2 -5 -3  7    0   0   0   0   0   0   0   0   0   0   0   0   0   0   0   0   0   0   0 100  1.60 inf
   30 D   -4 -3  8  2 -5 -2 -2 -3 -2 -6 -6 -2 -5 -5 -4 -2 -2 -6 -5 -5    0   0  91   9   0   0   0   0   0   0   0   0   0   0   0   0   0   0   0   0  1.94 inf
   31 G   -2 -5 -3 -4 -5 -4 -4  7 -4 -6 -6 -4 -5 -5 -4 -2 -4 -5 -5 -5    0   0   0   0   0   0   0 100   0   0   0   0   0   0   0   0   0   0   0   0  2.06 inf
   32 L   -3 -4 -5 -5 -3 -4 -5 -6 -5  3  5 -4  0 -1 -5 -4 -3 -4 -3  0    0   0   0   0   0   0   0   0   0  20  79   0   0   0   0   0   0   0   0   0  1.11 inf
   33 R   -4  8 -3 -4 -6 -1 -2 -5 -3 -6 -5  0 -4 -5 -5 -3 -4 -5 -4 -5    0 100   0   0   0   0   0   0   0   0   0   0   0   0   0   0   0   0   0   0  2.13 inf
   34 A    7 -4 -4 -4 -3 -3 -3 -2 -4 -4 -4 -3 -3 -4 -3  0 -2 -5 -4 -2   98   0   0   0   0   0   0   0   0   0   0   0   0   0   0   2   0   0   0   0  1.46 inf
   35 W    0 -5 -4 -5 10 -4 -5 -4 -5  0 -3 -5 -3 -4 -5 -3 -3  5 -3  1    8   0   0   0  65   0   0   0   0   4   0   0   0   0   0   0   0   9   0  13  1.83 inf
   36 I   -2 -3 -4 -4  0 -3 -3 -5 -4  3  2 -3  4 -1 -4 -3 -2 -4 -2  4    1   1   0   1   2   0   1   0   0  14  15   0  17   1   0   0   0   0   1  48  0.65 inf
   37 K   -1  0  2  0 -4  2  0  3 -2 -4 -4  4 -3 -4 -3 -1  1 -4 -3 -3    2   2  12   3   0   9   3  21   0   0   0  37   0   0   0   1  11   0   0   0  0.49 inf
   38 K   -3  0 -2 -3 -5 -1 -1 -4 -1 -5 -5  7 -4 -5 -3 -2 -3 -5 -4 -5    0   0   1   0   0   0   0   0   1   0   0  98   0   0   0   0   0   0   0   0  1.75 inf
   39 K   -2 -3  2  0 -4 -2 -2  6 -3 -5 -5  0 -4 -5 -4 -2 -3 -5 -5 -5    0   0   9   5   0   1   1  76   0   0   0   7   0   0   0   0   0   0   0   0  1.26 inf
   40 G   -4 -5 -5 -5 -5 -5 -5  0 -4 -3 -2 -5 -2  9 -6 -4 -4 -1  1 -3    0   0   0   0   0   0   0   9   0   0   0   0   0  90   0   0   0   0   0   0  1.95 inf
   41 L   -1 -2 -3 -2 -2 -2  1 -4 -3  0  3 -1  5 -1 -2 -2 -1 -1  0  0    4   2   1   1   0   0  10   0   0   3  41   3  23   1   1   2   1   1   3   2  0.38 inf
   42 D   -2 -3  0  6 -5  0  4 -3 -3 -5 -5 -1 -4 -5 -3 -1 -2 -6 -5 -5    1   0   2  60   0   3  29   0   0   0   0   2   0   0   0   1   2   0   0   0  1.25 inf
   43 W   -1 -3 -3 -2 -3 -2 -3 -4 -2  0 -2 -3 -2  5 -4  0 -1  5  5  0    3   1   0   2   0   1   0   0   0   6   0   1   0  33   0  10   4   9  23   7  0.67 inf
   44 V   -4 -5 -5 -6 -2 -5 -5 -5 -4 -1  0 -5  0  8 -6 -4 -4 -1  1  1    0   0   0   0   1   0   0   0   0   1   6   0   1  80   0   0   0   0   1  11  1.64 inf
   45 K   -1  2  3  0 -3  2  1 -2  2 -4 -3  4 -2 -4 -3 -1  0 -2 -2 -3    5  11  17   3   0  10   9   1   5   0   1  32   0   0   0   1   4   0   1   1  0.44 inf
   46 E    0  0  0  1 -4  2  5 -2 -1 -4 -4  1 -2 -4 -3  0 -1 -4 -3 -3    9   3   3   5   0  10  49   1   0   0   0   8   0   0   0   7   3   0   0   0  0.63 inf
   47 E    1 -2 -3 -2 -2 -1  2 -3 -3  1  2 -2  1 -1 -3 -1  0 -3 -2  2   12   0   0   0   0   2  18   0   0   9  30   0   4   2   0   3   4   0   0  16  0.22 inf
   48 A    0 -3  3  7 -5 -1  0 -2 -3 -5 -5 -2 -5 -5 -3 -1 -3 -6 -5 -5    7   0  15  71   0   1   1   1   0   0   0   2   0   0   0   1   0   0   0   0  1.33 inf
   49 P    6 -4 -4 -4 -3 -3 -3 -2 -4 -4 -4 -3 -3 -5  3 -1 -2 -5 -4 -2   84   0   0   0   0   0   0   1   0   0   0   0   0   0  14   1   0   0   0   0  1.23 inf
   50 D   -4 -4  0  8 -6 -3 -1 -4 -2 -6 -6 -3 -6 -6 -4 -3 -3 -7 -6 -6    0   0   1  98   0   0   0   0   1   0   0   0   0   0   0   0   0   0   0   0  2.19 inf
   51 I   -2 -5 -5 -5  0 -4 -5 -5 -4  6  0 -4  0  4 -5 -4 -3 -1 -1  2    2   0   0   0   2   0   0   0   0  58   1   0   1  24   0   0   0   1   0  12  0.92 inf
   52 L   -4 -5 -5 -6 -2 -5 -5 -5 -4  0  1 -5 -1  8 -6 -5 -4 -1  1 -1    0   0   0   0   1   0   0   0   0   4  11   0   1  80   0   0   0   0   0   3  1.65 inf
   53 C   -1 -6 -5 -6 11 -5 -6 -3 -6 -4 -4 -6 -4 -5 -5 -2 -3 -5 -5 -3    4   0   0   0  92   0   0   2   0   0   0   0   0   0   0   3   0   0   0   0  2.99 inf
   54 L   -3 -4 -5 -5 -3 -4 -5 -5 -5  4  4 -4  0 -1 -4 -4 -2 -4 -3  2    0   0   0   0   0   0   0   0   0  30  58   0   0   0   0   0   0   0   0  12  0.89 inf
   55 Q   -3 -2 -3 -3 -6  9 -1 -4 -2 -6 -5 -1 -3 -6 -4 -3 -3 -5 -4 -5    0   0   0   0   0  99   0   1   0   0   0   0   0   0   0   0   0   0   0   0  2.25 inf
   56 E   -3 -2 -3 -1 -6  0  7 -5 -2 -6 -5 -2 -5 -6 -4 -3 -3 -5 -5 -5    0   0   0   0   0   0 100   0   0   0   0   0   0   0   0   0   0   0   0   0  1.97 inf
   57 T   -2 -3 -2 -3 -3 -3 -3 -4 -4  0 -3 -3 -3 -4 -3  2  7 -5 -4 -2    0   0   0   0   0   0   0   0   0   7   0   0   0   0   0  13  80   0   0   0  1.29 inf
   58 K   -3  0 -3 -3 -6 -1 -1 -4 -3 -5 -5  8 -4 -6 -3 -3 -3 -6 -4 -5    0   0   0   0   0   0   0   0   0   0   0 100   0   0   0   0   0   0   0   0  1.87 inf
   59 C   -3 -4 -5 -5  5 -3 -4 -5 -4  0  4 -4  6 -2 -5 -4 -3 -4 -3  0    1   0   0   0  13   0   0   0   0   2  51   0  32   0   0   0   0   0   0   3  1.03 inf
   60 S   -1 -1 -2 -3 -4  8  0 -4  0 -5 -5 -1 -3 -5 -4  1 -2 -4 -4 -4    5   1   0   0   0  84   1   0   1   0   0   0   0   0   0   8   0   0   0   0  1.63 inf
   61 E    2 -1 -2  0 -4  1  5 -3 -2 -4 -4  0 -3 -5  2 -1 -2 -5 -4 -3   18   2   0   2   0   5  57   0   0   0   0   4   0   0   9   2   0   0   0   1  0.81 inf
   62 N   -2 -3  1  0 -4 -2  1  6  0 -5 -5 -1 -4 -5 -4 -1 -3 -4 -4 -5    0   0   6   5   0   0  10  72   2   0   0   4   0   0   0   1   0   0   0   0  1.16 inf
   63 K   -2 -1 -2 -2 -5  8 -1 -4 -2 -5 -4  1 -3 -6 -4 -2 -3 -5 -4 -5    1   0   0   0   0  91   0   0   0   0   1   5   0   0   0   1   0   0   0   0  1.91 inf
   64 L    0 -4 -3 -4 -3 -4 -4 -4 -4  5  3 -3  0 -2 -4 -3 -2 -4 -3  2   10   0   1   0   0   0   0   0   0  48  30   0   0   0   0   1   1   0   0   8  0.64 inf
   65 P   -2 -2  0  5 -3  0  4 -3 -1 -3 -4 -1 -3 -4  2  0 -1 -5 -3 -3    1   0   3  36   1   3  30   0   1   2   0   2   0   0  11   4   3   0   0   2  0.69 inf
   66 A   -1 -4 -4 -3 -3 -3 -4 -4 -4  1  4 -4  2  2 -2 -3 -2  0 -1  0    6   0   0   1   0   0   0   0   0   5  63   0   5  11   2   0   0   1   0   3  0.63 inf
   67 E   -1 -2  1  5 -4  2  4 -3 -1 -3 -4 -1 -3 -4 -1 -1 -1 -5 -4 -2    5   0   5  34   0   9  34   0   1   1   0   1   0   0   2   3   2   0   0   2  0.68 inf
   68 L   -3 -3 -4 -4 -3 -3 -3 -4 -3  1  4 -3  1  4 -3 -3 -1 -2 -1  0    1   1   0   1   0   0   1   1   0   7  60   1   1  19   1   1   4   0   0   1  0.64 inf
   69 Q   -2 -1 -1  2 -4  1  3 -1 -1 -3 -3  0 -3 -4  5 -1 -1 -4 -3 -3    1   1   2  12   0   6  23   4   1   1   2   6   0   0  35   1   3   0   0   1  0.72 inf
   70 E   -1 -3  0  1 -4 -2  0  6 -2 -4 -4 -2 -3 -4 -3  0 -2 -4 -3 -4    1   1   4   6   0   1   8  67   1   0   1   1   0   0   0   5   1   0   1   1  0.95 inf
   71 L   -3 -3 -4 -4 -2 -3 -2 -4 -1 -2  0 -3  2  1 -4 -3 -3  0  8 -2    1   1   0   1   1   0   2   1   0   2   9   1   5   1   1   1   1   0  73   1  1.47 inf
   72 P    0  0  0  0 -1  0  0 -1  0 -1 -1  0 -1 -1  4  0  0 -1 -1 -1    6   4   3   5   2   3   7   5   2   4   7   7   2   4  21   6   7   1   2   5  0.18 inf
   73 G    0  0  0  0 -1  0  1  1  0 -1 -1  0 -1 -1  0  0  0 -1 -1 -1    6   4   4   6   1   4  14  16   2   4   7   5   2   3   4   6   4   1   2   5  0.06 inf
   74 L    0  0  0  0 -1  0  0  1  0 -1  0  0  0  1  0  0  0  0  3  0    6   4   4   5   1   3   5  12   2   4  11   4   2   4   4   6   4   1  15   5  0.04 inf
   75 S    0  0  0  0  0  0  0  0  0 -1  0  0  0  0  1  0  0  1  2  0    6   4   3   4   2   3   5   5   2   4   7   4   2   4   9   7   9   1  13   5  0.06 inf
   76 H   -2  0  0 -2 -4  0  2 -3  7 -3 -3 -2 -2  1 -3 -2 -2 -1  5 -3    1   4   4   1   0   3  14   1  36   1   2   1   1   5   1   1   1   0  24   1  0.79 inf
   77 Q   -1  0 -1  0 -1  6  1 -3 -2 -3 -3  1 -2 -4 -2  1  0 -4 -3 -2    4   2   0   5   1  52   7   1   0   1   1   5   1   0   0  14   3   0   0   2  0.71 inf
   78 Y   -4 -4 -4 -5 -5 -4 -4 -5 -1 -4 -3 -4 -3  3 -5 -4 -4  0  9 -4    0   0   0   0   0   0   0   0   0   0   0   0   0   9   0   0   0   0  89   0  2.30 inf
   79 W   -5 -5 -6 -7 -5 -5 -5 -5 -5 -5 -4 -6 -1  0 -6 -5 -5 12  1 -5    0   0   0   0   0   0   0   0   0   0   1   0   2   3   0   0   0  91   2   0  3.81 inf
   80 S   -1 -3  8  0 -1 -2 -2 -3 -1 -5 -5 -2 -4 -5 -4  0 -2 -6 -4 -5    5   0  85   1   1   0   0   0   1   0   0   0   0   0   0   5   0   0   0   0  1.65 inf
   81 A   -1 -4 -3 -4  1 -3 -4 -3 -1 -3 -3 -3 -3  1 -4  2 -3 -1  8 -3    6   0   1   0   3   0   0   1   0   0   0   0   0   3   0  19   0   0  67   0  1.37 inf
   82 P    0  0  0  0 -1  0  0  0  0 -1  0  0  0 -1  2  1  0  0  0  0    9   4   4   6   2   4   6   6   2   4   8   5   2   3  10  11   5   1   3   6  0.06 inf
   83 S    6 -3 -3 -1 -3 -3 -2 -1 -4 -3 -4 -3 -3 -4 -3  0 -2 -5 -4 -2   91   0   0   3   0   0   1   1   0   0   0   0   0   0   0   4   0   0   0   1  1.26 inf
   84 D   -2 -2 -1  3 -4  1  5 -4 -1  0 -2 -1 -3 -4 -3 -2 -2 -4 -3  1    0   1   2  14   0   5  52   0   1   5   2   2   0   0   0   0   1   0   0  15  0.67 inf
   85 K   -3  3 -2 -3 -5 -1 -1 -4 -3 -5 -5  7 -4 -5 -3 -2 -3 -5 -4 -5    0  13   0   0   0   0   0   0   0   0   0  87   0   0   0   0   0   0   0   0  1.58 inf
   86 E   -2  0 -2 -3 -5  0  1 -4 -3 -5 -5  7 -4 -5 -3 -2 -3 -5 -4 -5    1   1   0   0   0   0   9   0   0   0   0  89   0   0   0   0   0   0   0   0  1.52 inf
   87 G   -2 -5 -3 -4 -5 -4 -4  7 -4 -6 -6 -4 -5 -6 -4 -2 -4 -5 -5 -6    0   0   0   0   0   0   0 100   0   0   0   0   0   0   0   0   0   0   0   0  2.07 inf
   88 Y   -5 -4 -5 -6 -5 -4 -5 -6 -1 -4 -4 -5 -4  1 -6 -4 -4  0 10 -4    0   0   0   0   0   0   0   0   0   0   0   0   0   0   0   0   0   0 100   0  2.72 inf
   89 S   -1 -3 -2 -3 -3 -2 -2 -3 -3 -5 -5 -3 -4 -5 -3  7 -1 -5 -4 -4    0   0   0   0   0   0   0   0   0   0   0   0   0   0   0 100   0   0   0   0  1.64 inf
   90 G   -2 -5 -3 -4 -5 -4 -4  7 -4 -6 -6 -4 -5 -6 -4 -2 -4 -5 -5 -6    0   0   0   0   0   0   0 100   0   0   0   0   0   0   0   0   0   0   0   0  2.09 inf
   91 V   -2 -4 -2 -4 -3 -3 -3 -4 -4 -2 -3 -3 -3 -4 -3 -1  7 -5 -4  2    0   0   0   0   0   0   0   0   0   0   0   0   0   0   0   0  84   0   0  16  1.42 inf
   92 G    6 -4 -4 -4 -2 -3 -3  0 -4 -3 -3 -3 -2 -4 -3 -1 -2 -5 -4 -1   90   0   0   0   0   0   0   5   0   0   1   0   1   0   0   0   0   0   0   2  1.23 inf
   93 L   -2 -4 -5 -5 -2 -4 -4 -5 -5  5  1 -4  2 -2 -4 -4 -1 -4 -3  4    0   0   0   0   0   0   0   0   0  48   9   0   5   0   0   0   1   0   0  36  0.89 inf
   94 L   -4 -5 -5 -6 -4 -5 -5 -5 -3 -2  1 -5 -2  8 -6 -5 -4  0  3 -3    0   0   0   0   0   0   0   0   0   0  12   0   0  81   0   0   0   0   6   0  1.77 inf
   95 S    0 -3 -2 -3  1 -3 -3 -3 -4 -3 -3 -3 -3 -4 -3  3  6 -5 -4 -2    7   0   0   0   3   0   0   0   0   0   0   0   0   0   0  20  69   0   0   0  1.08 inf
   96 R   -3  4 -2 -3 -5 -1 -1 -4 -3 -5 -5  7 -3 -5 -3 -2 -3 -5 -4 -5    0  22   0   0   0   0   0   0   0   0   0  77   0   0   1   0   0   0   0   0  1.43 inf
   97 Q   -2  0 -1 -1 -4  2  2 -3  4  1 -1  2 -1 -2 -3 -1  0 -3  0 -1    1   4   0   2   0  11  18   0  17  11   3  19   1   1   0   0   6   0   2   5  0.31 inf
   98 C   -2  0 -2 -1  1  1  5 -3 -1 -4 -4  4 -3 -5  0 -2 -1 -5 -4 -4    2   1   0   0   4   4  46   0   1   1   0  33   0   0   4   0   4   0   0   0  0.79 inf
   99 P   -1 -5 -5 -4 -5 -4 -4 -5 -5 -5 -5 -4 -5 -6  9 -3 -4 -6 -6 -5    4   0   0   0   0   0   0   0   0   0   0   0   0   0  96   0   0   0   0   0  2.80 inf
  100 L   -3 -4 -4 -4 -3 -3 -4 -5 -4  3  5 -3  1 -1 -5 -4 -3 -4 -3  1    0   0   1   1   0   1   0   0   0  16  75   1   2   0   0   0   0   0   0   5  0.93 inf
  101 K    0 -1  3  0 -2  0 -1 -2  0 -4 -4  1 -3 -4 -3  5  0 -4 -3 -3    6   1  17   3   0   3   1   1   2   0   0   9   0   0   0  53   3   0   0   0  0.63 inf
  102 V   -1 -5 -5 -5 -3 -4 -4 -5 -4  1 -1 -4 -1 -2 -4 -3 -2 -5 -2  7    2   0   0   0   0   0   0   0   0   3   0   0   0   0   0   1   0   0   1  93  1.37 inf
  103 S    0  1  0 -2 -1  1 -1 -2 -1 -2 -3  0 -1 -1 -2  3  4 -1 -2 -1    7   9   2   0   1   5   1   0   1   1   0   5   1   4   0  27  32   1   1   2  0.35 inf
  104 Y   -4 -3 -2 -5 -1 -4 -4 -6 -1 -3 -3 -3 -3  1 -5 -4 -4  0  9 -4    0   1   2   0   2   0   0   0   0   0   1   2   0   0   0   0   0   0  90   0  2.20 inf
  105 G   -2 -5 -2  0 -5 -4 -4  7 -4 -6 -6 -4 -5 -5 -4 -2 -4 -5 -5 -5    0   0   0   5   0   0   0  95   0   0   0   0   0   0   0   0   0   0   0   0  1.89 inf
  106 I   -3 -4 -5 -5 -3 -4 -5 -5 -5  6  3 -4  4  0 -4 -4 -2 -4 -3  1    0   0   0   0   0   0   0   0   0  54  26   0  15   2   0   0   0   0   0   3  0.92 inf
  107 G   -1 -3  1 -1 -4 -2 -2  7 -3 -5 -5 -3 -4 -5 -3 -1 -3 -4 -4 -4    1   1   6   3   0   1   2  82   0   0   0   1   0   0   1   1   0   0   0   0  1.40 inf
  108 D   -2 -2 -3 -1 -3 -1  1 -4 -3  5  0  0  1 -2 -3 -2 -1 -4 -3  1    1   1   0   3   0   2  13   1   0  55   3   8   4   0   0   2   1   0   0   5  0.48 inf
  109 E   -1 -2 -1  3 -5  0  6 -3 -2 -4 -4 -1 -3 -5  2 -1 -2 -5 -4 -4    4   1   1  15   0   1  62   1   0   0   1   1   0   0  10   2   1   0   0   0  0.95 inf
  110 E   -2 -2 -1  1 -5  1  6 -4  1 -4 -4  0 -3 -4 -3 -2 -3 -5 -3 -3    3   0   2   6   0   2  76   0   3   1   1   2   0   1   0   1   0   0   0   1  1.16 inf
  111 H   -3 -2 -1 -3 -3 -2 -1 -4 10 -4 -3 -3 -4  0 -4 -2 -2 -3  1 -5    1   1   1   1   0   0   3   0  82   0   2   0   0   4   0   1   2   0   2   0  2.08 inf
  112 D   -4 -2  0  7 -5 -1  2 -3 -3 -5 -5 -2 -5 -5 -3 -2 -3 -6 -5 -5    0   1   2  85   0   1   8   0   0   0   0   0   0   0   0   1   1   0   0   0  1.70 inf
  113 Q   -2  0  1 -1 -4  4  0 -2  5 -4 -3  3 -2 -4  1 -1  1 -4 -2 -3    2   3   6   1   0  26   2   2  22   0   1  19   1   0   6   1   9   0   0   0  0.55 inf
  114 E   -3 -2 -3 -1 -6  0  7 -4 -2 -5 -5 -1 -4 -5 -3 -2 -3 -5 -4 -5    0   0   0   0   0   0  98   0   0   0   0   0   0   0   0   0   0   0   0   0  1.89 inf
  115 G   -2 -4 -3 -3 -5 -4 -4  7 -4 -6 -6 -4 -5 -5 -4 -2 -4 -5 -5 -5    0   0   0   0   0   0   0  98   0   0   0   0   0   0   0   0   0   0   0   0  2.00 inf
  116 R   -4  8 -3 -4 -6 -1 -2 -5 -3 -5 -4  0 -4 -5 -4 -3 -3 -5 -4 -5    0  98   0   0   0   0   0   0   0   0   0   0   0   0   0   0   0   0   0   0  2.08 inf
  117 V   -1 -4 -4 -5 -2 -4 -4 -5 -5  3  1 -4  0 -2 -4 -3 -1 -4 -3  6    2   0   0   0   0   0   0   0   0  13   9   0   1   0   0   1   1   0   0  71  0.93 inf
  118 I   -3 -5 -5 -5 -3 -5 -5 -6 -5  7  1 -5 -1 -2 -5 -4 -3 -5 -3  1    0   0   0   0   0   0   0   0   0  91   6   0   0   0   0   0   0   0   0   1  1.50 inf
  119 V   -1 -3 -2 -3 -2 -3 -3 -4 -4 -2 -3 -3 -3 -4 -3 -1  7 -5 -4 -1    3   0   0   0   1   0   0   0   0   0   0   0   0   0   0   0  91   0   0   4  1.52 inf
  120 A    2 -4 -4 -5  1 -3 -4 -4 -4  0  5 -4  1 -2 -4 -3 -2 -3 -3 -1   21   0   0   0   3   0   0   0   0   0  72   0   2   0   0   0   0   0   0   1  0.80 inf
  121 E   -3 -2 -2  0 -6  0  7 -4 -2 -5 -5 -1 -4 -5 -3 -2 -3 -5 -4 -5    1   0   0   2   0   1  95   0   0   0   0   0   0   0   0   1   0   0   0   0  1.77 inf
  122 F   -4 -4 -5 -5 -4 -4 -5 -5 -2 -2 -2 -4  2  7 -5 -4 -4 -1  6 -3    0   0   0   0   0   0   0   0   0   0   1   0   7  55   0   0   0   0  35   0  1.57 inf
  123 D   -2 -2  0  3 -4  0  5 -2 -2 -4 -4 -1 -3 -5  4 -1 -2 -5 -4 -4    2   0   3  20   0   1  43   1   0   0   0   2   0   0  24   2   1   0   0   0  0.89 inf
  124 S   -1 -1  3  4 -4  1  2 -1 -1 -4 -4  2 -3 -4 -2  1  0 -4 -3 -3    5   1  14  33   0   4  12   3   1   0   0  13   0   0   1   9   4   0   0   0  0.50 inf
  125 F   -4 -4 -5 -5 -1 -5 -5 -5  0 -2 -1 -5 -1  8 -5 -4 -4 -1  4 -3    0   0   0   0   1   0   0   0   2   0   2   0   1  78   0   0   0   0  13   1  1.72 inf
  126 V   -4 -4 -4 -5 -3 -3 -4 -5  0 -2 -3 -4 -3  5 -5 -4 -3  0  8 -1    0   0   0   0   0   0   0   0   1   1   0   0   0  20   0   0   1   0  72   3  1.81 inf
  127 L   -3 -4 -5 -5 -3 -3 -4 -5 -3  1  5 -4  3  3 -4 -4 -3 -3 -1  1    0   0   0   0   0   0   0   0   1   2  64   0   8  14   0   0   0   0   1   9  0.79 inf
  128 V   -2 -4 -5 -5 -2 -4 -4 -5 -5  3  0 -4  0 -2 -4 -3 -2 -4 -3  6    1   0   0   0   1   0   0   0   0  15   4   0   1   0   0   0   0   0   0  77  1.08 inf
  129 T   -2 -3  4 -2  2 -2 -3 -3 -3 -3 -3 -2 -3 -4 -3 -1  6 -5 -4 -2    1   0  25   1   5   0   0   0   0   0   0   0   0   0   0   0  65   0   0   1  1.08 inf
  130 A    0 -4 -4 -5  7 -4 -4 -4 -5  1 -1 -4 -2 -3 -4 -2 -1 -5 -3  5    8   0   0   0  25   0   1   0   0   2   1   0   0   0   0   1   1   0   0  60  1.03 inf
  131 Y   -5 -4 -5 -6 -5 -4 -5 -6 -1 -4 -4 -5 -4  1 -6 -4 -4  0 10 -4    0   0   0   0   0   0   0   0   0   0   0   0   0   0   0   0   0   0 100   0  2.72 inf
  132 V   -2 -4 -2 -4 -3 -3 -3 -4 -4 -2 -3 -3 -3 -4 -3 -1  7 -5 -4  2    1   0   0   0   0   0   0   0   0   0   0   0   0   0   0   0  83   0   0  16  1.37 inf
  133 P   -3 -5 -5 -4 -6 -4 -4 -5 -5 -6 -6 -4 -5 -6  9 -3 -4 -6 -6 -5    0   0   0   0   0   0   0   0   0   0   0   0   0   0 100   0   0   0   0   0  2.99 inf
  134 N   -4 -3  9 -1 -5 -2 -3 -3 -2 -6 -6 -3 -5 -6 -5 -2 -3 -6 -5 -6    0   0 100   0   0   0   0   0   0   0   0   0   0   0   0   0   0   0   0   0  2.28 inf
  135 A    2 -3 -2 -3 -3 -2 -2 -2 -3 -4 -4 -2 -3 -5 -3  6 -1 -5 -4 -3   18   0   0   0   0   0   0   0   0   0   0   0   0   0   0  81   1   0   0   0  1.21 inf
  136 G   -3  0 -2 -2 -5  7 -1  1 -2 -5 -4  4 -3 -5 -3 -1 -3 -4 -4 -4    0   1   0   0   0  60   0  10   0   0   0  27   0   0   0   2   0   0   0   0  1.18 inf
  137 R   -2  5  3  3 -4  0  0 -2 -1 -5 -4  0 -3 -4 -1  0 -2 -5 -3 -4    2  46  14  17   0   4   3   1   1   0   0   1   0   0   2   8   1   0   0   0  0.71 inf
  138 G   -1 -2 -1  2 -5  0  5  4 -2 -5 -5  0 -4 -5 -3 -2 -3 -5 -4 -4    2   0   0  12   0   3  44  35   0   0   0   4   0   0   0   0   0   0   0   0  0.86 inf
  139 L   -4 -4 -5 -6 -3 -4 -5 -6 -5  0  6 -5  0 -2 -5 -5 -3 -4 -3 -1    0   0   0   0   0   0   0   0   0   0  99   0   0   0   0   0   0   0   0   0  1.44 inf
  140 V    2  1 -2 -2 -3  0  2 -2 -2 -2 -1  3 -2 -3 -2  0  1 -4 -3  1   27   9   0   0   0   1  13   0   0   0   3  22   0   0   0   7   7   0   0  11  0.27 inf
  141 R   -4  8 -3 -4 -6 -1 -3 -5 -3 -6 -5  0 -4 -5 -5 -3 -4 -5 -4 -5    0 100   0   0   0   0   0   0   0   0   0   0   0   0   0   0   0   0   0   0  2.17 inf
  142 L   -3 -4 -6 -6 -3 -4 -5 -6 -5  1  6 -5  0 -1 -5 -5 -3 -4 -3 -1    0   0   0   0   0   0   0   0   0   5  95   0   0   0   0   0   0   0   0   0  1.36 inf
  143 E   -1 -3  0  6 -5 -1  3 -2 -2 -5 -5 -2 -4 -5  1  0 -2 -5 -4 -4    4   0   1  57   0   0  21   1   1   0   0   0   0   0   8   7   1   0   0   0  1.02 inf
  144 Y   -4 -4 -5 -5 -5 -4 -4 -5  0 -4 -4 -4 -4  2 -6 -4 -4  0  9 -4    0   0   0   0   0   0   1   0   1   0   0   0   0   4   0   0   0   0  94   0  2.47 inf
  145 R   -4  8 -3 -4 -6 -1 -3 -5 -3 -6 -5  0 -4 -5 -5 -3 -4 -5 -4 -5    0 100   0   0   0   0   0   0   0   0   0   0   0   0   0   0   0   0   0   0  2.17 inf
  146 Q   -3 -3 -4 -5 -3  2 -3 -5 -4 -1  2 -1  9 -2 -5 -4 -3 -4 -3 -1    0   0   0   0   0  12   0   0   0   0  13   3  70   0   0   0   0   0   0   1  1.52 inf
  147 R    0  2 -1 -1 -3  2  3 -2  0 -1 -2  2 -2 -4 -2  0  2 -4 -3 -1    4   9   1   2   0  12  23   1   1   4   1  16   0   0   0   4  17   0   0   5  0.31 inf
  148 W   -6 -6 -7 -8 -6 -5 -6 -6 -6 -6 -5 -6 -5 -1 -7 -6 -6 13 -1 -6    0   0   0   0   0   0   0   0   0   0   0   0   0   2   0   0   0  98   0   0  4.33 inf
  149 D   -3 -2 -2  3 -6  0  7 -4 -2 -6 -5 -1 -4 -6 -3 -2 -3 -5 -4 -5    0   0   0  12   0   0  88   0   0   0   0   0   0   0   0   0   0   0   0   0  1.66 inf
  150 E   -2 -1  0  7 -5 -1  3 -3 -2 -4 -5 -1 -4 -5 -3 -2 -2 -6 -4 -2    3   2   2  65   0   1  18   0   0   0   0   3   0   0   0   1   1   0   0   3  1.15 inf
  151 A    3  0 -1  5 -3 -2  2 -2 -2 -4 -4 -1 -3 -4 -3 -1 -2 -5 -3 -2   34   7   0  44   0   0  10   0   0   0   0   1   0   0   0   1   0   0   1   2  0.72 inf
  152 F   -4 -5 -5 -6 -3 -5 -6 -6 -4  1  0 -5  0  8 -6 -5 -4 -1  1 -2    0   0   0   0   0   0   0   0   0   7   4   0   2  85   0   0   0   0   0   1  1.84 inf
  153 R   -3  6 -2 -4 -4  1 -2 -4 -2 -3  2  1 -2 -2 -4 -3 -3 -4 -1 -3    1  62   0   0   0   4   0   0   0   0  23   5   0   1   0   0   0   0   2   0  0.94 inf
  154 K    3  0  1  1 -2  0  1 -1 -1 -3 -3  1 -2 -4 -2  1  0 -4 -3 -2   37   3   9   8   0   3  10   2   1   0   1  11   0   0   0   9   5   0   0   1  0.30 inf
  155 F   -4 -4 -5 -6 -5 -4 -5 -6  1 -4 -3 -4 -3  4 -6 -4 -4  0  9 -4    0   0   0   0   0   0   0   0   2   0   0   0   0  14   0   0   0   0  83   0  2.19 inf
  156 L   -3 -4 -5 -5 -2 -4 -5 -5 -5  2  5 -4  1 -1 -5 -4 -2 -4 -3  1    0   0   0   0   1   0   0   0   0   9  80   0   1   0   0   0   1   0   0   8  1.03 inf
  157 K   -1  0  0 -1 -1  2 -1 -3  0 -1  1  4  0 -3 -3 -1  0 -4 -3 -1    3   1   6   2   2   9   1   0   3   3  19  39   2   0   0   3   6   0   0   2  0.27 inf
  158 G    0  1  1  1 -4  2  3  1 -1 -4 -4  3 -2 -4 -2  0 -1 -4 -3 -3    7   6   8   7   0   9  20  12   1   0   0  21   0   0   0   4   3   0   0   1  0.34 inf
  159 L   -4 -4 -6 -6 -3 -3 -5 -6 -5  0  6 -5  0 -2 -5 -5 -3 -4 -3 -1    0   0   0   0   0   1   0   0   0   0  99   0   0   0   0   0   0   0   0   0  1.43 inf
  160 A    0  0  2  6 -5  0  3 -3 -2 -5 -5  0 -4 -5 -3 -1 -2 -5 -4 -4    8   3   9  49   0   2  21   0   0   0   0   5   0   0   0   2   0   0   0   0  0.84 inf
  161 S    2  1  0 -1 -3  2  3 -2 -2 -3 -3  3 -1 -4 -2  1  0 -4 -3 -2   18   4   2   1   0   9  25   1   0   0   1  22   1   0   0  10   3   0   0   1  0.36 inf
  162 R   -1  2  1  0 -2  2  1 -3  1 -1 -2  4 -2 -3 -2  0  1 -4 -2 -1    1  11   5   3   1   9   6   0   4   4   2  38   0   0   0   4   8   0   1   4  0.36 inf
  163 K   -3  0 -2 -3 -6 -1 -1 -4 -3 -5 -5  8 -4 -6 -3 -3 -3 -5 -4 -5    0   0   0   0   0   1   0   0   0   0   0  99   0   0   0   0   0   0   0   0  1.83 inf
  164 P   -3 -5 -4 -4 -5 -3 -3 -3 -5 -5 -5 -3 -5 -6  8 -1 -3 -6 -5 -5    1   0   0   0   0   0   0   2   0   0   0   0   0   0  94   3   0   0   0   0  2.66 inf
  165 L   -2 -5 -5 -5 -3 -4 -5 -5 -5  1  1 -4 -1 -3 -5 -4 -2 -5 -3  7    0   0   0   0   0   0   0   0   0   3  10   0   0   0   0   0   0   0   0  87  1.29 inf
  166 V   -3 -5 -5 -5 -3 -5 -5 -6 -5  7  0 -5 -1 -2 -5 -4 -2 -5 -3  4    0   0   0   0   0   0   0   0   0  72   2   0   0   0   0   0   0   0   0  26  1.27 inf
  167 L   -2 -4 -4 -5  0 -3 -4 -5 -3  2  3 -4  2  3 -4 -3 -2 -2  2  3    1   0   0   0   2   0   0   0   0  10  30   0   5  13   0   0   0   0   9  31  0.52 inf
  168 C   -2 -6 -5 -6 11 -6 -6 -5 -6 -4 -4 -6 -4 -5 -6 -4 -2 -5 -5 -4    1   0   0   0  97   0   0   0   0   0   0   0   0   0   0   0   2   0   0   0  3.26 inf
  169 G   -2 -5 -3 -4 -5 -4 -4  7 -4 -6 -6 -4 -5 -6 -4 -2 -4 -5 -5 -6    0   0   0   0   0   0   0 100   0   0   0   0   0   0   0   0   0   0   0   0  2.09 inf
  170 D   -4 -4 -1  8 -6 -3 -1 -4 -4 -6 -6 -3 -6 -6 -4 -3 -4 -7 -6 -6    0   0   0 100   0   0   0   0   0   0   0   0   0   0   0   0   0   0   0   0  2.26 inf
  171 L   -3 -4 -5 -6 -3 -4 -5 -6 -5  0  6 -4  5 -1 -5 -4 -3 -4 -3 -1    0   0   0   0   0   0   0   0   0   1  84   0  15   0   0   0   0   0   0   0  1.24 inf
  172 N   -4 -3  9 -1 -5 -2 -3 -3 -2 -6 -6 -3 -5 -6 -5 -2 -3 -6 -5 -6    0   0 100   0   0   0   0   0   0   0   0   0   0   0   0   0   0   0   0   0  2.28 inf
  173 V   -2 -5 -5 -6 -3 -5 -5 -6 -6  1 -1 -5 -1 -3 -5 -4 -2 -5 -3  7    0   0   0   0   0   0   0   0   0   0   0   0   0   0   0   0   0   0   0 100  1.62 inf
  174 A    7 -4 -4 -4 -3 -3 -3 -2 -4 -4 -4 -3 -3 -5 -3 -1 -2 -5 -4 -2  100   0   0   0   0   0   0   0   0   0   0   0   0   0   0   0   0   0   0   0  1.55 inf
  175 H   -3 -3 -2 -4 -6 -2 -3 -5 11 -6 -6 -3 -4 -3 -5 -4 -4 -5 -1 -6    1   0   0   0   0   0   0   0  98   0   0   0   0   0   0   0   0   0   0   0  2.94 inf
  176 E   -2  1  2 -1 -4  4  3 -3 -1 -4 -3  3 -3 -4 -3 -1  0 -4 -3 -4    2   7  10   0   0  29  24   0   1   0   1  21   0   0   0   0   6   0   0   0  0.65 inf
  177 E   -3 -1 -1  1 -6  0  7 -4 -2 -6 -5 -1 -4 -6 -1 -2 -3 -5 -4 -5    0   1   3   4   0   0  89   0   0   0   0   0   0   0   3   0   0   0   0   0  1.58 inf
  178 I   -3 -5 -5 -5 -3 -5 -5 -6 -5  8 -1 -4  0 -2 -5 -5 -3 -5 -4  1    0   0   0   0   0   0   0   0   0  97   0   0   2   0   0   0   0   0   0   0  1.69 inf
  179 D   -4 -4 -1  8 -6 -3 -1 -4 -4 -6 -6 -3 -6 -6 -4 -3 -3 -7 -6 -6    0   0   0  99   0   0   0   0   0   0   0   0   0   0   0   0   0   0   0   0  2.21 inf
  180 L   -3 -4 -5 -6 -3 -4 -5 -6 -5  2  6 -5  0 -1 -5 -4 -3 -4 -3 -1    0   0   0   0   0   0   0   0   0   9  91   0   0   0   0   0   0   0   0   0  1.28 inf
  181 R   -1  2 -2 -3 -5 -1 -1 -4 -3 -5 -5  7 -4 -5 -3 -2 -3 -5 -4 -4    3   7   0   0   0   0   1   0   0   0   0  89   0   0   0   0   0   0   0   0  1.54 inf
  182 N   -4 -3  8 -1 -5 -2 -3 -3 -1 -6 -6 -3 -5 -6 -5 -2 -2 -6 -5 -5    0   0  98   0   0   0   0   0   0   0   0   0   0   0   0   0   1   0   0   0  2.20 inf
  183 P    0 -4 -4 -2 -5 -3 -3 -4 -3 -5 -5 -3 -4 -5  8 -2 -3  3 -3 -4    9   0   0   2   0   0   0   0   1   0   0   0   0   0  81   1   0   4   1   0  2.16 inf
  184 K   -1  1 -2 -1 -5  0 -1 -3 -3 -5 -5  7 -3 -5 -3  0 -2 -5 -4 -4    3   2   0   2   0   2   1   1   0   0   0  84   0   0   0   5   0   0   0   0  1.29 inf
  185 G    0 -3 -1 -3 -3 -2 -2  1 -3 -3 -3 -2 -3 -3 -1  3  5 -4 -3 -2    6   0   2   0   0   0   0   9   0   0   0   0   0   0   3  27  54   0   0   0  0.79 inf
  186 N   -4 -3  9 -1 -5 -2 -3 -3 -2 -6 -6 -3 -5 -6 -5 -2 -3 -6 -5 -6    0   0 100   0   0   0   0   0   0   0   0   0   0   0   0   0   0   0   0   0  2.28 inf
  187 K   -3  6 -2 -3 -5  1 -1 -4  5 -3 -3  2 -1 -4 -4 -2 -2 -4 -2 -2    0  57   0   0   0   5   1   0  15   1   1  14   1   0   0   0   2   0   0   3  1.01 inf
  188 K   -2  3  0 -2 -5  0 -1  2  3 -4 -3  5  0 -3 -3 -2 -2 -4 -3 -4    0  17   3   0   0   1   0  15   8   0   1  52   3   1   0   0   0   0   0   0  0.74 inf
  189 N   -4 -3  8 -1 -5 -2 -3 -3 -2 -6 -6 -2 -5 -5 -4  0 -2 -6 -5 -5    0   0  93   0   0   0   0   0   0   0   0   0   0   0   0   6   1   0   0   0  1.99 inf
  190 A    6 -3 -3 -4 -2 -3 -3 -2 -4 -3 -4 -3 -3 -4  1  1 -2 -5 -4 -2   83   0   0   0   0   0   0   0   0   0   0   0   0   0   7  11   0   0   0   0  1.13 inf
  191 G   -2 -5 -3 -4 -5 -4 -4  7 -4 -6 -6 -4 -5 -6 -4 -2 -4 -5 -5 -6    0   0   0   0   0   0   0 100   0   0   0   0   0   0   0   0   0   0   0   0  2.09 inf
  192 F   -5 -5 -5 -6 -5 -6 -6 -6 -4 -3 -2 -6 -2  9 -6 -5 -5 -1  1 -3    0   0   0   0   0   0   0   0   0   0   0   0   0  99   0   0   0   0   0   0  2.36 inf
  193 T   -2 -3 -2 -3 -3 -3 -3 -3 -4 -3 -4 -3 -3 -4 -3  3  7 -5 -4 -2    0   0   0   0   0   0   0   0   0   0   0   0   0   0   0  20  80   0   0   0  1.39 inf
  194 P   -2 -3  0  7 -5 -1  0 -3 -3 -2 -3 -2 -2 -4  3 -2 -2 -5 -2 -3    3   0   2  68   0   1   2   0   0   3   2   1   1   0  13   0   0   0   1   1  1.13 inf
  195 Q   -2 -2 -2  0 -6  3  7 -4 -2 -5 -5 -1 -4 -6 -3 -2 -3 -5 -4 -5    1   0   0   2   0  13  84   0   0   0   0   0   0   0   0   0   0   0   0   0  1.56 inf
  196 E   -3 -2 -3 -1 -6  0  7 -5 -2 -6 -5 -2 -5 -6 -4 -3 -3 -5 -5 -5    0   0   0   0   0   0 100   0   0   0   0   0   0   0   0   0   0   0   0   0  1.97 inf
  197 R   -4  8 -3 -4 -6 -1 -3 -5 -3 -6 -5  0 -4 -5 -5 -3 -4 -5 -4 -5    0 100   0   0   0   0   0   0   0   0   0   0   0   0   0   0   0   0   0   0  2.17 inf
  198 Q    1 -2  1  0 -4  2  4  3 -2 -4 -4 -1 -3 -4 -3  0 -1 -4 -3 -3   17   0   6   3   0  13  32  23   0   0   0   1   0   0   0   4   1   0   0   0  0.50 inf
  199 G   -1  1 -2 -2  0  0 -1  1 -3 -5 -5  7 -3 -5 -3 -2 -3 -5 -4 -4    3   2   0   1   2   1   1   9   0   0   0  81   0   0   0   1   0   0   0   0  1.20 inf
  200 F   -4 -4 -5 -6 -4 -4 -5 -5 -4 -1  0 -4  8  7 -5 -4 -4 -2  0 -2    0   0   0   0   0   0   0   0   0   1   2   0  44  52   0   0   0   0   0   0  1.62 inf
  201 G   -2 -2  0 -1 -3  0 -2  1 -3 -3 -3 -2 -3 -4 -3  2  6 -4 -4 -2    0   1   2   2   0   3   0  11   0   0   0   0   0   0   0  18  64   0   0   0  0.89 inf
  202 E    0  1  0  1 -2  3  4 -2 -1 -2 -2  1 -2 -4 -2 -1  1 -4 -3 -1    6   8   3   5   1  13  37   1   0   2   2   7   0   0   0   1   9   0   0   3  0.40 inf
  203 L   -3 -4 -5 -5 -3 -3 -5 -5 -4  1  5 -4  2  1 -5 -4 -3 -3 -2  0    1   0   0   0   0   1   0   0   0   2  83   0   3   4   0   0   0   0   0   5  1.04 inf
  204 L   -3 -4 -5 -6 -3 -4 -5 -6 -5  0  6 -5  1 -1 -5 -4 -3 -4 -3 -1    0   0   0   0   0   0   0   0   0   2  96   0   1   0   0   0   0   0   0   1  1.36 inf
  205 Q   -1 -1  3  4 -3  2  3  0 -1 -3 -3  0 -2 -3 -2  0 -1 -3 -2 -3    2   1  17  24   0  10  20   5   1   1   2   6   1   1   1   4   2   0   1   1  0.40 inf
  206 A    4 -2  1 -2 -2 -1  0 -1  0 -3 -3 -2 -3 -4 -2  3 -1 -4 -3 -2   46   0   9   0   0   0   4   2   3   0   0   0   0   0   0  32   1   0   0   0  0.58 inf
  207 V    1  0  0  0  0  0  0  0  0  0 -1  0  0 -1  0  1  0 -1 -1  0   12   4   6   5   2   4   6   5   3   3   6   5   1   3   3  13   5   1   2  10  0.04 inf
  208 P   -2 -5 -3 -3 -5 -4 -4  7 -4 -6 -6 -4 -5 -5  0 -2 -4 -5 -5 -5    0   0   0   1   0   0   0  95   0   0   0   0   0   0   4   0   0   0   0   0  1.89 inf
  209 L   -4 -5 -5 -6 -5 -5 -6 -6 -3 -2  0 -5 -2  8 -6 -5 -4 -1  3 -3    0   0   0   0   0   0   0   0   0   0   5   0   0  88   0   0   0   0   6   0  2.01 inf
  210 A    0 -4 -3 -4 -2 -3 -4 -4 -4  5  0 -3  0 -2 -3 -2  4 -4 -3  3    6   0   0   0   0   0   0   0   0  41   3   0   1   0   0   0  30   0   0  19  0.64 inf
  211 D   -4 -4 -1  8 -6 -3 -1 -4 -4 -6 -6 -3 -6 -6 -4 -3 -4 -7 -6 -6    0   0   0 100   0   0   0   0   0   0   0   0   0   0   0   0   0   0   0   0  2.26 inf
  212 S   -1 -3 -2 -3 -3 -3 -3 -3 -4 -3 -4 -3 -3 -4 -3  3  6 -5 -4 -2    1   0   0   0   0   0   0   0   0   0   0   0   0   0   0  28  71   0   0   0  1.26 inf
  213 F   -5 -5 -5 -6 -5 -5 -6 -6 -3 -3 -2 -5 -2  8 -6 -5 -4  2  4 -3    0   0   0   0   0   0   0   0   0   0   0   0   0  87   0   0   0   2  10   0  2.07 inf
  214 R   -4  8 -3 -4 -6 -1 -3 -5 -3 -6 -5  0 -4 -5 -5 -3 -4 -5 -4 -5    0 100   0   0   0   0   0   0   0   0   0   0   0   0   0   0   0   0   0   0  2.17 inf
  215 H   -2 -3 -3 -4 -4 -3 -1 -4  6 -3 -3 -3 -1  2 -4 -2 -1  0  7 -3    3   0   0   0   0   0   4   0  22   0   0   0   1   6   0   2   4   0  55   1  1.29 inf
  216 L   -4 -3 -5 -5 -4 -3 -4 -5 -4 -1  4 -1  0  7 -5 -4 -3 -2  0 -1    0   1   0   0   0   1   0   0   0   1  41   4   1  51   0   0   0   0   0   1  1.05 inf
  217 Y   -4 -4  0 -5 -5 -4 -4 -5  4 -4 -4 -4 -4  1 -5 -4 -4  0  9 -4    0   0   5   0   0   0   0   0   8   0   0   0   0   0   0   0   0   0  86   0  2.18 inf
  218 P   -3 -5 -5 -4 -6 -3 -4 -5 -5 -5 -5 -4 -5 -6  9 -3 -4 -6 -6 -5    0   0   0   0   0   0   0   0   0   0   0   0   0   0  99   0   0   0   0   0  2.94 inf
  219 N   -3 -3  2  6 -5 -1  4 -3 -2 -5 -5 -2 -4 -5 -3 -2 -1 -6 -4 -5    1   0   8  59   0   0  26   1   0   0   0   0   0   0   0   0   3   0   0   0  1.19 inf
  220 T    0  2 -2 -2 -3  4  0 -3 -2 -2  0  3 -1 -3 -2 -1  1 -3 -3 -1    5  10   0   0   0  22   5   0   0   1  12  28   1   0   0   0  10   0   0   4  0.34 inf
  221 P    1 -1 -2 -1 -3  0  4 -2 -2 -2 -3  1 -2 -4  0 -1  3 -4 -3 -2   11   2   0   1   0   1  42   1   0   2   1   6   0   0   3   1  27   0   0   1  0.55 inf
  222 Y   -2 -3  1  3 -4 -1  0  5  0 -3 -4 -2 -3 -3 -3 -1 -2 -4  1 -1    0   0   6  20   0   2   5  48   2   1   0   1   0   0   0   2   0   0   6   7  0.62 inf
  223 A    4 -1 -3 -3 -1 -2 -1 -2 -2  2 -1 -1  0 -2 -3 -1  1 -4 -3  2   46   2   0   0   1   0   3   0   1  18   0   3   1   0   0   1   7   0   0  15  0.39 inf
  224 Y   -5 -4 -5 -6 -5 -4 -5 -6 -1 -4 -4 -5 -4  1 -6 -4 -4  0 10 -4    0   0   0   0   0   0   0   0   0   0   0   0   0   1   0   0   0   0  99   0  2.70 inf
  225 T   -1 -3 -2 -3 -3 -2 -2 -3 -3 -4 -4 -2 -3 -4 -3  6  4 -5 -4 -3    0   0   0   0   0   0   0   0   0   0   0   0   0   0   0  67  33   0   0   0  1.17 inf
  226 F   -6 -6 -7 -7 -5 -5 -6 -6 -5 -5 -4 -6 -4  3 -7 -6 -5 12  0 -6    0   0   0   0   0   0   0   0   0   0   0   0   0   9   0   0   0  90   0   0  3.90 inf
  227 W   -6 -6 -7 -8 -6 -5 -6 -6 -6 -6 -5 -6 -5 -2 -7 -6 -6 13 -1 -6    0   0   0   0   0   0   0   0   0   0   0   0   0   0   0   0   0 100   0   0  4.44 inf
  228 T   -1 -3 -1 -2 -3 -2 -2 -3 -3 -4 -5 -2 -4 -5 -3  7  2 -5 -4 -4    0   0   1   0   0   0   0   0   0   0   0   0   0   0   0  90   9   0   0   0  1.41 inf
  229 Y   -4 -4 -3 -6 -5 -4 -5 -6 -1 -4 -4 -5 -4  1 -6 -4 -4  0 10 -4    0   0   1   0   0   0   0   0   0   0   0   0   0   1   0   0   0   0  97   0  2.59 inf
  230 M   -3  6 -3 -4 -5 -2 -3 -5 -3 -2 -1 -1  7 -1 -5 -3 -3 -4 -3 -3    0  53   0   0   0   0   0   0   0   1   2   0  40   3   0   0   0   0   0   0  1.34 inf
  231 M   -1  0 -1 -4 -4 -2 -4 -1 -2 -2 -1 -3  4  7  0 -2 -2 -2  0 -2    6   5   4   0   0   1   0   5   0   0   0   0  13  58   4   2   2   0   0   0  0.85 inf
  232 N   -2  2  5 -1 -4  1 -1 -1  3 -5 -4  4 -3 -4 -3  0 -1 -5 -3 -4    0   8  35   0   0   4   0   2   9   0   0  38   0   0   0   3   1   0   0   0  0.78 inf
  233 A    6 -3 -3 -4 -1 -3 -3 -2 -4 -2 -3 -3 -3 -4 -3  1 -2 -5 -4  1   81   0   0   0   1   0   0   0   0   1   0   0   0   0   0   7   0   0   0  10  1.04 inf
  234 R   -4  8 -3 -4 -6 -1 -2 -5 -3 -6 -5  0 -4 -5 -5 -3 -4 -5 -4 -5    0 100   0   0   0   0   0   0   0   0   0   0   0   0   0   0   0   0   0   0  2.16 inf
  235 S    1 -1 -2  1 -4  1  5 -2 -2 -4 -4  2 -3 -5 -3  0 -2 -4 -4 -3   16   0   0   6   0   4  53   1   0   0   0  13   0   0   0   7   0   0   0   0  0.73 inf
  236 K   -3  4  4 -2 -5 -1 -1 -3 -2 -5 -4  5 -3 -5 -3 -2 -1 -5 -4 -4    0  26  24   0   0   0   0   0   0   0   0  48   0   0   0   0   2   0   0   0  1.00 inf
  237 N   -4 -3  8 -1 -5 -2 -3 -3 -2 -6 -6 -3 -5 -6 -5 -2 -3 -6 -5 -6    0   0 100   0   0   0   0   0   0   0   0   0   0   0   0   0   0   0   0   0  2.26 inf
  238 V    4 -3 -3 -4 -2 -3 -3 -2 -4  3 -2 -3 -2 -3 -3 -1  1 -4 -3  2   54   0   0   0   0   0   0   0   0  18   0   0   0   0   0   2   7   0   0  19  0.61 inf
  239 G   -2 -5 -3 -4 -5 -4 -4  7 -4 -6 -6 -4 -5 -6 -4 -2 -4 -5 -5 -6    0   0   0   0   0   0   0 100   0   0   0   0   0   0   0   0   0   0   0   0  2.09 inf
  240 W   -6 -6 -7 -8 -6 -5 -6 -6 -6 -6 -5 -6 -5 -2 -7 -6 -6 13 -1 -6    0   0   0   0   0   0   0   0   0   0   0   0   0   0   0   0   0 100   0   0  4.44 inf
  241 R   -4  8 -3 -4 -6 -1 -3 -5 -3 -6 -5  0 -4 -5 -5 -3 -4 -5 -4 -5    0 100   0   0   0   0   0   0   0   0   0   0   0   0   0   0   0   0   0   0  2.17 inf
  242 L   -3 -5 -5 -5 -3 -5 -5 -6 -5  7  2 -5 -1 -2 -5 -5 -3 -5 -3  1    0   0   0   0   0   0   0   0   0  87  12   0   0   0   0   0   0   0   0   0  1.47 inf
  243 D   -4 -4 -1  8 -6 -3 -1 -4 -4 -6 -6 -3 -6 -6 -4 -3 -4 -7 -6 -6    0   0   0 100   0   0   0   0   0   0   0   0   0   0   0   0   0   0   0   0  2.26 inf
  244 Y   -5 -4 -5 -6 -5 -4 -5 -6 -1 -4 -4 -5 -4  1 -6 -4 -4  0 10 -4    0   0   0   0   0   0   0   0   0   0   0   0   0   0   0   0   0   0 100   0  2.72 inf
  245 F   -5 -5 -6 -6 -5 -6 -6 -6 -4 -3 -2 -6 -2  9 -6 -5 -5 -1  1 -3    0   0   0   0   0   0   0   0   0   0   0   0   0  98   0   0   0   0   1   0  2.37 inf
  246 L   -2 -4 -5 -5  4 -4 -4 -5 -4  4  4 -4  1 -1 -4 -4 -2 -4 -3  3    0   0   0   0  11   0   0   0   0  26  44   0   1   0   0   0   0   0   0  18  0.73 inf
  247 L    0 -4 -4 -4  1 -3 -4 -4 -4  2  1 -3 -1 -2 -4 -2  2 -4 -3  5    9   0   0   0   3   0   0   0   0   5  10   0   0   0   0   1  13   0   0  60  0.66 inf
  248 S   -1 -3 -2 -2 -3 -2 -2 -3 -3 -5 -5 -3 -4 -5 -3  7 -1 -5 -4 -4    0   0   0   1   0   0   0   0   0   0   0   0   0   0   0  99   0   0   0   0  1.61 inf
  249 H   -1  0  2  3 -4  1  4 -2  1 -4 -4  2 -2 -4 -1  0 -1 -4 -3 -3    5   3  11  19   0   5  32   0   4   0   0  12   0   0   1   7   1   0   0   0  0.51 inf
  250 S    0  5  0  1  1  0  0 -2 -2 -3 -3  1 -3 -4 -3  2 -1 -4 -3 -2    9  41   2  10   4   2   5   2   0   1   0   4   0   0   0  18   0   0   0   2  0.47 inf
  251 L   -3 -4 -5 -5 -3 -4 -5 -5 -5  2  6 -4  1  0 -5 -4 -3  0 -3  0    1   0   0   0   0   0   0   1   0   7  84   0   2   3   0   0   0   1   0   1  1.07 inf
  252 L    0  2  0  0 -4  1  1 -2 -2 -2  0  4 -1 -3 -2 -1 -1 -4 -3 -1    7  11   4   4   0   6   8   1   0   0  10  41   1   0   0   1   3   0   0   3  0.36 inf
  253 P   -2 -2  1  5 -4 -1  2 -1 -1 -4 -5 -1 -4 -5  4  0 -2 -5 -4 -4    1   0   7  35   0   1  17   5   1   0   0   3   0   0  24   5   1   0   0   0  0.76 inf
  254 A    0  4  0 -2 -2  2  0 -1  1 -3 -3  3 -2 -2 -3  0 -1 -2  0 -3    9  29   5   1   1  10   3   3   3   1   1  23   0   1   0   6   1   0   4   0  0.40 inf
  255 L   -3 -4 -5 -5 -3 -4 -5 -5 -5  4  5 -4  1 -1 -5 -4 -3 -4 -3  1    0   0   0   0   0   0   0   0   0  32  60   0   1   0   0   0   0   0   0   6  0.93 inf
  256 C    0  0 -1 -2  3  2  1 -2 -1  0 -1  3 -1 -3 -2 -1  0 -4 -3  1    5   3   1   0  10  10  13   1   1   5   3  24   1   0   0   2   6   0   0  14  0.21 inf
  257 D   -1 -2  1  6 -5 -1  2  0 -3 -5 -5 -1 -4 -5 -3  1 -2 -5 -4 -4    3   1   3  59   0   1  12   7   0   0   0   1   0   0   0  13   0   0   0   0  0.99 inf
  258 S    6 -3 -3 -3 -2 -3 -3 -2 -3 -3 -4 -3 -3 -4 -3  2 -1 -5 -4 -1   78   0   0   0   0   0   0   0   0   0   0   0   0   0   0  18   1   0   0   2  1.07 inf
  259 K   -1  1  0  0 -2  1  1 -1 -1 -2 -2  4 -1 -3 -2  0  0 -4 -1 -1    4   5   2   6   1   4   9   3   1   2   3  42   1   1   0   8   3   0   3   4  0.31 inf
  260 I   -4 -5 -6 -6 -3 -5 -6 -6 -6  8  0 -5  0 -2 -5 -5 -3 -5 -4  1    0   0   0   0   0   0   0   0   0  97   0   0   1   0   0   0   0   0   0   2  1.72 inf
  261 R   -4  2 -1  0 -2 -2 -2 -4  9 -4  0 -2 -3 -1 -4 -3 -3  0  4 -4    0  10   1   5   1   0   0   0  55   0  10   0   0   1   0   1   0   1  15   0  1.24 inf
  262 S    0 -2  1 -1  1  0 -1 -2 -2 -3 -3 -1 -1 -4  1  3  4 -4 -3 -2    6   0   8   3   4   4   1   1   1   0   0   2   1   0   7  27  36   0   0   0  0.47 inf
  263 K   -2 -2  0  4 -5  2  5 -3  2 -5 -4  1 -3 -5 -3 -1 -1 -5 -3 -4    2   0   2  30   0   7  41   1   5   0   0   7   0   0   0   3   2   0   0   0  0.80 inf
  264 A    0 -4 -5 -5 -3 -3 -4 -5 -5  6  0 -4 -1 -2 -4 -3 -2 -4 -3  4    8   0   0   0   0   1   0   0   0  53   0   0   0   0   0   0   1   0   0  37  0.93 inf
  265 L   -3 -3 -4 -4 -3 -2 -2 -4 -2 -1  3 -3  6  4 -4 -3 -1  0  2 -1    0   0   0   0   0   2   3   1   0   0  30   0  35  17   0   0   3   1   7   0  0.70 inf
  266 G   -2 -5 -3 -4 -5 -4 -4  7 -4 -6 -6 -4 -5 -6 -4 -2 -4 -5 -5 -6    0   0   0   0   0   0   0 100   0   0   0   0   0   0   0   0   0   0   0   0  2.08 inf
  267 S   -1 -3 -2 -3 -3 -2 -2 -3 -3 -5 -5 -3 -4 -5 -3  7 -1 -5 -4 -4    0   0   0   0   0   0   0   0   0   0   0   0   0   0   0 100   0   0   0   0  1.64 inf
  268 D   -4 -4 -1  8 -6 -3 -1 -4 -4 -6 -6 -3 -6 -6 -4 -3 -3 -7 -6 -6    0   0   0 100   0   0   0   0   0   0   0   0   0   0   0   0   0   0   0   0  2.24 inf
  269 H   -4 -3 -2 -4 -6 -2 -3 -5 11 -6 -6 -3 -4 -4 -5 -4 -5 -5 -1 -6    0   0   0   0   0   0   0   0 100   0   0   0   0   0   0   0   0   0   0   0  3.06 inf
  270 C   -3 -6 -6 -6 11 -6 -7 -5 -6 -4 -4 -6 -4 -5 -6 -4 -4 -5 -5 -4    0   0   0   0 100   0   0   0   0   0   0   0   0   0   0   0   0   0   0   0  3.45 inf
  271 P   -3 -5 -5 -4 -6 -4 -4 -5 -5 -5 -6 -4 -5 -6  9 -3 -4 -6 -6 -5    0   0   0   0   0   0   0   0   0   0   0   0   0   0 100   0   0   0   0   0  2.98 inf
  272 I   -2 -5 -5 -5 -3 -4 -5 -5 -5  4 -1 -4 -1 -3 -4 -4 -2 -5 -3  6    0   0   0   0   0   0   0   0   0  19   0   0   0   0   0   0   0   0   0  81  1.29 inf
  273 T   -1 -2 -2 -1 -3 -1  5  2 -2 -2 -2 -1 -1 -2 -3 -1  1 -4 -2  0    2   0   0   0   0   0  51  17   0   2   2   0   1   2   0   3  10   0   1   9  0.51 inf
  274 L   -3 -4 -5 -6 -3 -4 -5 -6 -5  1  6 -4  1 -1 -5 -4 -3 -4 -3  1    0   0   0   0   0   0   0   0   0   4  89   0   0   0   0   0   0   0   0   6  1.19 inf
  275 Y   -2 -2 -1  3 -3  1  3 -3  1  0 -1 -1 -1 -1 -3 -1  1 -3  1  0    0   0   1  24   0   4  29   0   3   6   4   2   1   2   0   0  10   0   5  10  0.34 inf
  276 L   -2 -4 -5 -5 -3 -4 -4 -5 -4  5  4 -4  3  0 -4 -4 -2 -3 -2  1    1   0   0   0   0   0   0   0   0  39  44   0   8   2   0   0   1   0   0   6  0.75 inf
  277 A    1 -1  2  4 -3  0  3 -2 -2 -4 -4  3 -3 -4 -2  0 -1 -4 -3 -3   14   1  13  25   0   2  18   0   0   0   0  21   0   0   0   4   2   0   0   0  0.48 inf
  278 L   -2 -4 -4 -5 -2 -3 -4 -5 -4  3  4 -4  1  2 -4 -3 -2 -3 -1  2    0   0   0   0   0   0   0   0   0  24  53   0   1  10   0   0   0   0   0  12  0.61 inf

                      K         Lambda
Standard Ungapped    0.1372     0.3183
Standard Gapped      0.0607     0.2670
PSI Ungapped         0.1982     0.3134
PSI Gapped           0.0607     0.2670
