
Last position-specific scoring matrix computed, weighted observed percentages rounded down, information per position, and relative weight of gapless real matches to pseudocounts
           A  R  N  D  C  Q  E  G  H  I  L  K  M  F  P  S  T  W  Y  V   A   R   N   D   C   Q   E   G   H   I   L   K   M   F   P   S   T   W   Y   V
    1 M   -3 -4 -5 -5 -3 -4 -5 -5 -5  1  0 -4  6 -3 -5 -4 -2 -5 -3  6    0   0   0   0   0   0   0   0   0   3   4   0  27   0   0   0   0   0   0  66  1.24 inf
    2 Y   -5 -5 -6 -7 -5 -5 -6 -7 -3 -2  5 -6 -1  5 -6 -5 -3 -1  2 -2    0   0   0   0   0   0   0   0   0   0  70   0   0  21   0   0   1   1   5   1  1.37 inf
    3 T   -2  6 -3 -4 -5  0  1 -5  1 -4 -1 -1 -2 -4 -1 -1  1  0 -4 -4    2  54   0   0   0   3   8   0   4   0   7   1   1   0   4   3  11   1   0   0  0.96 inf
    4 L   -5 -6 -7 -8 -5 -6 -7 -8 -7 -2  7 -6 -1 -3 -7 -6 -5 -5 -5 -3    0   0   0   0   0   0   0   0   0   0  99   0   0   0   0   0   0   0   0   0  2.11 inf
    5 N    2  0 -1 -2 -5 -3 -3  2 -2 -5 -5 -3 -5 -6  6  1 -1 -6 -4 -4   19   6   3   2   0   0   1  17   1   0   0   0   0   0  37  11   3   0   0   0  0.92 inf
    6 W   -4 -5 -6 -7 -3 -5 -6 -7  0 -4 -3 -6 -4  4 -7 -6 -5  6  8  0    1   1   0   0   1   0   0   0   2   0   2   0   0  17   0   0   0   8  62   6  2.11 inf
    7 Q   -4  8 -3 -5 -7  3 -3 -6 -2 -5 -3  0 -5 -6 -5 -4 -3 -6 -5 -6    1  77   1   0   0  12   0   0   1   0   2   4   0   0   0   0   1   0   0   0  1.99 inf
    8 P    1 -2 -5 -5 -6 -1 -1 -1 -5 -6 -6 -3 -5 -7  7 -2 -1 -7 -6 -5   14   2   0   0   0   2   4   4   0   0   0   1   0   0  65   2   5   0   0   0  1.75 inf
    9 P   -5 -6 -7 -6 -7 -6 -6 -6 -5 -7 -6 -6 -7 -8  9 -5 -6 -8 -8 -7    0   0   0   0   0   0   0   0   0   0   0   0   0   0  98   0   0   0   0   0  3.37 inf
   10 Y   -5 -6 -5 -7 -2 -5 -6 -7 -2 -1  2 -6 -3  5 -7 -6 -5  4  8 -4    0   0   0   0   1   0   0   0   0   3  20   0   0  24   0   0   0   4  47   0  1.69 inf
   11 D    2 -2  1  7  1 -2 -1 -4  2 -6 -5 -4 -5 -4 -5 -2 -2 -7 -4 -5   17   2   6  59   3   1   2   1   5   0   0   0   0   1   0   2   2   0   0   0  1.26 inf
   12 W    0 -4 -7 -7 -6 -5 -6 -5 -3 -4 -2 -6 -5  2  2 -4 -3 11  0 -1    7   1   0   0   0   0   0   1   1   0   4   0   0   6  10   1   1  59   3   6  2.45 inf
   13 S    2 -1  0  3 -4  2  2  0  0 -4 -4 -1 -4 -5  3  1 -2 -5 -4 -3   17   3   3  18   0  11  13   6   2   1   1   2   0   0  14   8   1   0   0   0  0.44 inf
   14 W    3  1  2 -2 -4  1  0  1  1 -4 -4 -2 -4 -4 -2  0 -2  6 -3 -3   33   9   9   2   0   8   5  11   3   0   1   0   0   0   2   5   1  10   0   1  0.52 inf
   15 M   -4 -5 -5 -6 -4 -4 -6 -6 -5  1  4 -5  7  1 -6 -5 -2 -2 -4  1    1   0   0   0   0   0   0   0   0   7  42   0  33   5   0   0   2   1   0   9  1.26 inf
   16 L   -3 -3 -6 -6 -3 -4 -4 -6  1 -1  5 -5  1  4 -6 -5 -3 -2 -2 -1    1   2   0   0   0   1   1   0   4   2  61   0   3  21   0   0   1   1   0   2  1.10 inf
   17 G    2  2 -1  2 -5  0  0  4 -2 -5 -4 -2 -4 -5 -4 -1 -2 -4 -5 -4   17  15   2  14   0   3   4  36   1   0   1   1   0   0   0   4   2   0   0   1  0.64 inf
   18 F   -5 -6 -6 -7 -7 -6 -6 -7  6 -5 -4 -6 -4  9 -7 -6 -6 -2  2 -5    1   0   0   0   0   0   0   0  20   0   0   0   0  74   0   0   0   0   5   0  2.55 inf
   19 L   -4 -6 -7 -7 -5 -6 -7 -7 -6 -1  6 -6 -2  4 -7 -6 -5  0 -3 -2    0   0   0   0   0   0   0   0   0   1  80   0   0  17   0   0   0   1   0   1  1.69 inf
   20 A    5  2 -3 -3 -1  1 -1  2 -3 -4 -5 -2 -4 -5 -4  1 -1 -5 -4 -2   48  12   0   0   1   7   3  14   0   0   0   1   0   0   0   9   2   0   0   2  0.70 inf
   21 A    4  0 -2  0 -3  1 -2  1 -2 -3  0 -1 -1 -4 -1 -1  0 -5 -4 -2   42   6   1   5   0   8   1  11   1   1  10   3   1   0   2   2   4   0   0   2  0.38 inf
   22 R   -5  8 -4 -5 -3 -2 -4 -4  1 -7 -6 -2 -5 -7 -6 -2  1 -7 -5 -6    0  82   0   0   1   1   0   1   4   0   0   0   0   0   0   2  10   0   0   0  2.15 inf
   23 A    6 -2 -5 -5  1  0 -4 -2 -5 -3 -2 -3 -2 -5 -4 -1 -1 -6 -5 -2   74   2   0   0   3   5   0   2   0   1   3   0   1   0   0   4   4   0   0   2  1.22 inf
   24 V   -3 -5 -4 -6 -4 -5 -5 -6 -6  5  2 -5  1 -2 -5 -3 -1 -5 -4  5    1   0   1   0   0   0   0   0   0  33  19   0   3   1   0   2   3   0   0  38  1.04 inf
   25 S    1 -3 -4  1 -5 -2 -1 -4 -2 -5 -4 -1 -5 -6  7 -1  0 -6 -6 -3   14   1   0   8   0   1   4   0   1   0   2   4   0   0  53   4   5   0   0   2  1.28 inf
   26 S   -3 -4 -4 -4 -7 -4 -4  7 -6 -8 -8 -5 -7 -7 -6 -4 -6 -7 -7 -7    1   1   0   1   0   0   1  95   0   0   0   0   0   0   0   0   0   0   0   0  2.45 inf
   27 V   -4 -6 -6 -7 -1 -5 -6 -7 -7  3  0 -6  2 -4 -6 -5 -4 -6 -5  7    0   0   0   0   1   0   0   0   0  16   8   0   4   0   0   0   0   0   0  70  1.56 inf
   28 E   -5 -4 -4  0 -8 -2  8 -6 -4 -8 -7 -3 -6 -8 -5 -3 -5 -7 -6 -7    0   0   0   3   0   0  96   0   0   0   0   0   0   0   0   1   0   0   0   0  2.55 inf
   29 T    1  1 -2 -2  0  2  3 -3  2 -2 -2 -1 -3 -3 -3  0  2  2 -1  0   11   8   0   0   2  10  26   1   4   1   3   1   0   1   0   7  13   3   1   8  0.33 inf
   30 V   -2 -4 -6 -6  0 -4 -5 -6 -3  3  0 -5 -1  0 -6 -5 -2  6 -1  6    3   1   0   0   2   0   0   0   1  12   6   0   1   3   0   0   1  10   2  59  1.19 inf
   31 A    0  3 -2  3 -2  0  2  0 -1 -3 -4 -1 -3 -5 -3  1  1 -5 -4 -1    7  18   0  21   1   4  15   6   2   0   1   1   0   0   0   8   9   0   0   6  0.39 inf
   32 D    2 -3  0  5 -4 -2  2  2 -3 -5 -5 -3 -5 -6  0 -1 -3 -6 -4 -4   17   1   5  33   0   1  16  18   0   0   0   0   0   0   5   2   1   0   0   1  0.73 inf
   33 S   -1  0  1  2 -3  1 -1  5  2 -5 -3 -2 -3 -5 -4 -1 -1 -5 -4 -5    3   4   6  13   0   7   4  47   4   0   2   1   0   0   0   4   3   0   0   0  0.74 inf
   34 Y    2  2 -2 -2  0 -1 -1  0  0 -2 -3 -1 -2 -2 -3  2  2 -1  0  1   20  13   1   2   2   2   3   7   2   2   1   2   0   1   0  15  12   1   3  12  0.21 inf
   35 Y   -6 -5 -7 -5 -7 -6 -7 -6 -2 -4 -2 -6 -5  0 -8 -6 -6  0 10 -6    0   0   0   1   0   0   0   1   1   1   3   0   0   2   0   0   0   1  92   0  3.12 inf
   36 A    2  5 -3 -4  0  0 -2 -2  1 -4 -1 -1 -1 -4 -4  1 -1  0 -2 -3   21  39   0   0   2   4   2   2   4   0   7   1   1   0   0   9   4   1   1   1  0.62 inf
   37 R   -6  9 -5 -6 -8 -2 -4 -7 -5 -8 -7 -2 -6 -7 -7 -5 -6 -7 -6 -7    0  99   0   0   0   1   0   0   0   0   0   0   0   0   0   0   0   0   0   0  2.94 inf
   38 S    0 -4 -3 -4 -4 -4 -4 -2 -5 -2 -4 -4 -3 -4 -4  3  6 -6 -5  1    7   0   0   0   0   0   0   3   0   2   0   0   0   0   0  21  54   0   0  12  1.10 inf
   39 L   -3 -5 -6 -6 -4 -5 -5 -6 -5  3  4 -5  0  3 -5 -5 -3 -3 -2  4    1   0   0   0   0   0   0   0   0  17  38   0   1  12   0   0   1   0   1  28  0.92 inf
   40 A    2  5 -2  0  1 -1  0  1  0 -4 -4 -1 -2 -4 -2  0 -1 -5 -4 -2   20  35   1   6   3   2   6   9   2   0   1   0   1   0   1   8   3   0   0   2  0.51 inf
   41 V   -3 -3 -4 -4 -1 -4 -4 -6 -2  2  5 -4  0 -2 -1 -3 -2  2 -1  1    2   1   0   1   1   0   0   0   1  12  58   0   1   1   3   1   2   3   2  11  0.81 inf
   42 G    1 -1  0  2 -4 -1  0  3  1 -4 -4 -2 -3 -5  5 -2 -2 -5 -5 -4   12   4   4  11   0   2   6  19   4   1   1   1   0   0  32   1   1   0   0   1  0.71 inf
   43 E   -1  0  0  0 -3 -1  1  4  6 -5 -5 -1 -4 -3 -2 -1 -2 -1  2 -4    3   5   3   6   1   3  12  31  20   0   0   2   0   1   1   4   1   1   7   0  0.63 inf
   44 Y    1  0 -2 -1  1 -1 -3  4  5 -3 -2 -2 -2 -3 -4 -2 -2 -4  1  0   11   6   1   3   3   3   1  31  18   1   3   2   1   0   0   2   2   0   5   9  0.50 inf
   45 R    0  2 -1 -3  1  1 -1 -2  5 -2 -3 -1 -2 -4  3  0  2 -3 -2 -1    9  14   2   1   3   7   2   2  17   2   1   2   1   0  13   5  17   0   1   3  0.43 inf
   46 G    1 -6 -4 -5 -6 -6 -6  7 -6 -5 -7 -5 -6 -7 -6 -2 -4 -6 -7 -6    9   0   0   0   0   0   0  88   0   1   0   0   0   0   0   2   1   0   0   0  2.18 inf
   47 V   -3 -3 -6 -6 -4 -5 -3 -6 -6  2  0 -5 -2 -3 -6 -2  2 10 -3  2    2   1   0   0   0   0   2   0   0  13   9   0   1   0   0   2  13  41   0  15  1.62 inf
   48 V    0 -5 -6 -6 -3 -5 -5 -6 -5  3  3 -5  0  2 -5 -4 -3 -5 -2  5    6   0   0   0   0   0   0   0   0  18  25   0   1   8   0   0   0   0   1  40  0.91 inf
   49 T    2  3 -2 -2 -2  0  2 -2  1 -3 -3 -1 -3 -5 -3  3  2 -1 -4 -2   16  17   0   0   0   3  13   2   3   1   1   2   0   0   0  26  11   1   0   2  0.42 inf
   50 A    1 -5 -6 -6 -2 -5 -5 -5 -6  1  3 -5  0 -3 -5 -4 -3 -2 -4  5   10   0   0   0   0   0   0   0   0   6  29   0   2   0   0   0   0   1   0  51  1.07 inf
   51 I    1  4 -2 -2 -3  0  0 -1 -2 -2 -4 -1 -3 -4 -4  2  4 -1 -4 -2   11  22   0   2   0   3   7   3   1   2   1   2   0   0   0  18  25   1   0   2  0.49 inf
   52 P   -1 -1 -1 -2 -4 -1 -2 -4  5 -5 -3 -2 -5  0  7 -3 -4 -1 -4 -4    6   3   3   2   0   3   2   0  16   0   2   1   0   5  52   0   1   1   0   1  1.38 inf
   53 D    1  0 -1  3 -2  0  0  1  2 -1  0 -2 -1 -3 -2 -1 -1  2 -2  0   14   6   1  18   1   5   6  10   7   2   9   0   1   0   1   3   2   3   1   9  0.15 inf
   54 I    1 -3 -2  0 -5 -3  1 -2 -4 -2 -2 -2 -2 -5  6 -1  0 -6 -5 -2   14   1   2   6   0   0   9   2   0   2   3   1   1   0  47   3   6   0   0   2  1.02 inf
   55 A    1  1 -1  3 -4  2  1  2  0 -4 -4  0 -3 -5 -2  0 -1 -5 -4 -3   12  10   2  18   0  10   9  19   2   0   1   6   0   0   1   5   3   0   0   1  0.37 inf
   56 R   -1  4 -1  0 -3  1 -1  0  6 -4 -4  2 -3 -3 -2 -2 -1 -4 -2 -4    5  28   2   5   1   6   3   8  19   0   1  12   0   1   2   2   4   0   1   1  0.59 inf
   57 H   -1  0  3  1 -1  0 -1 -1  6  0 -2 -2 -2  0  1 -1 -2 -4 -1  0    5   4  14   9   2   4   1   4  21   8   2   1   0   4   6   4   1   0   1   8  0.31 inf
   58 T    3  1 -2 -2  2  1  0  0  1 -2 -2 -2 -3 -3 -3  0  1  3 -1  0   35  10   0   1   5   6   5   6   4   1   2   1   0   1   0   4   8   4   2   6  0.30 inf
   59 L   -3 -6 -6 -7  5 -5 -6 -7 -6  0  5 -6  0 -2 -6 -5 -4 -5 -4  3    1   0   0   0  13   0   0   0   0   4  60   0   1   0   0   0   0   0   0  21  1.29 inf
   60 H    0  4 -2  0 -4  2  1 -3  1 -2  0  0 -2 -3 -2 -1  0 -1 -2  0    8  26   1   5   0  10  11   1   3   1   8   4   0   0   1   3   5   1   1   9  0.28 inf
   61 I    1 -5 -6 -6  3 -5 -5 -5 -6  0  4 -5 -1 -3 -5 -4 -3 -5 -4  5   14   0   0   0   6   0   0   0   0   3  37   0   0   0   0   0   0   0   0  38  0.94 inf
   62 N   -1  3 -1 -2 -4  1  2 -4 -1 -3 -3 -2 -3 -4 -4  1  5 -2 -4 -1    5  17   2   1   0   6  15   0   2   1   1   0   0   1   0   8  38   1   0   4  0.63 inf
   63 L   -2 -5 -6 -6 -1 -5 -6 -5 -4  3  5 -5  0  0 -5 -4 -3 -5 -4  3    3   0   0   0   1   0   0   0   0  14  55   0   2   4   0   0   1   0   0  20  0.99 inf
   64 S    0  2 -1  1 -3 -2  0 -2  2 -4 -4 -2 -4 -3 -1  4  1 -4 -3 -2    8  14   1   9   0   1   5   2   5   0   1   0   0   1   2  40  10   0   0   2  0.53 inf
   65 A    1 -2 -1  3 -1 -2  0  1  0 -2  1 -3 -2  1  2 -1 -1 -4 -2 -2   12   2   1  23   1   1   4  10   3   1  16   0   0   7  10   4   3   0   1   2  0.25 inf
   66 G    1 -2 -2 -1 -3 -2 -1  1 -1 -3 -3 -2 -3 -3  3  3  1 -3 -3  0   12   2   0   4   0   1   3  13   1   1   2   1   0   1  15  29   9   0   0   7  0.41 inf
   67 L   -1  1 -2  3 -2 -1  0 -3 -1 -2  4 -2 -1 -2 -2 -2 -2 -4 -3 -1    7   8   1  19   1   3   5   2   1   0  43   1   0   1   2   2   1   0   0   3  0.40 inf
   68 E    1 -2 -3  0 -3  0 -1 -2 -2 -1  3 -2  0  0  2  0  1 -3 -2  0   12   2   0   6   0   4   2   2   1   2  30   1   2   3  11   7   8   0   1   5  0.20 inf
   69 P    1  5 -2 -2 -4  0 -2 -1  1 -4 -3 -1 -4 -5  5  0 -2 -5 -4 -3   11  32   1   2   0   3   1   5   3   1   2   1   0   0  31   5   1   0   0   1  0.83 inf
   70 V    2 -2 -2  4 -1  0 -2 -2  3 -1 -2 -3 -2 -4 -2 -1 -2 -5 -3  4   18   1   0  24   1   4   1   2   7   1   2   0   0   0   2   2   1   0   0  32  0.49 inf
   71 A    1 -4 -5 -4 -3 -4 -3 -4 -4  2  5 -4  1 -2 -4 -3 -1 -4 -4  2   14   0   0   1   0   0   2   1   0   8  55   0   3   0   0   1   3   0   0  11  0.73 inf
   72 A    2 -3 -3  1 -4 -1 -1  0 -4 -2 -2 -3 -1 -4  5  1  1 -5 -4 -3   16   1   0   7   0   2   4   6   0   2   4   0   2   0  34  10  11   0   0   0  0.68 inf
   73 E    2  0 -2  0 -3  2  2 -1 -1 -1 -1 -1 -2 -3  2  0  1 -3 -2  0   21   4   1   4   0  10  13   4   2   3   4   1   1   0  11   4  10   0   1   7  0.21 inf
   74 C    3 -4 -5 -5  3 -4 -4 -4 -5  3  2 -4 -1 -3 -4 -2 -2 -5 -3  4   29   0   0   0   6   0   0   0   0  14  19   0   0   0   0   1   1   0   0  28  0.67 inf
   75 L    0 -3 -5 -5 -3 -2 -3 -5 -4  4  3 -4  0 -2 -5 -3 -2 -4 -3  4    7   1   0   0   0   2   2   0   0  21  34   0   0   1   0   1   2   0   0  29  0.70 inf
   76 A    4  2 -2 -2 -3  1  0  0 -2 -3 -4 -2 -2 -4 -3  2  0 -2 -4 -2   45  13   1   2   0   6   4   6   1   0   0   0   1   0   0  13   5   0   0   1  0.54 inf
   77 K   -4  8 -4 -5 -7  0 -4 -3 -3 -6 -4  1 -5 -6 -2 -3 -4 -6 -4 -6    1  81   0   0   0   3   0   2   0   0   2   7   0   0   2   1   0   0   0   0  1.99 inf
   78 M   -2 -4 -6 -6  7 -5 -6 -6 -6  2  2 -5  0 -3 -5 -4 -3 -5 -4  4    3   0   0   0  22   0   0   0   0  12  23   0   2   0   0   0   0   0   0  37  1.08 inf
   79 S   -1  8 -4 -5 -7 -2 -3 -5 -2 -6 -5  0 -3 -6 -6 -1 -4 -6 -5 -5    5  83   0   0   0   0   1   1   1   0   0   3   0   0   0   5   1   0   0   0  2.03 inf
   80 R    0  7  0 -2 -3  0 -2 -3  2 -5 -5  0 -4 -4 -4 -2 -3  2 -4 -5    8  63   4   2   1   4   1   1   4   0   0   3   0   0   0   3   1   3   0   0  1.26 inf
   81 L   -3 -3 -6 -6 -4 -1 -5 -6 -5 -1  5 -5  6 -1 -6 -5 -4  1 -4  0    1   1   0   0   0   3   0   0   0   1  62   0  23   1   0   0   0   2   0   5  1.31 inf
   82 F   -5 -6 -7 -7  1 -6 -7 -7 -5 -3  3 -6 -2  8 -4 -6 -5  0 -1 -4    0   0   0   0   3   0   0   0   0   0  31   0   0  63   1   0   0   1   0   0  1.86 inf
   83 D   -6 -6 -3  8 -8 -4 -2 -5 -4 -7 -8 -5 -7 -8 -6 -4 -5 -9 -7 -7    0   0   0  99   0   0   0   0   0   0   0   0   0   0   0   0   0   0   0   0  2.88 inf
   84 L   -4 -6 -7 -7 -1 -6 -6 -7 -6 -2  7 -6 -1 -3 -6 -6 -4 -5 -5 -1    1   0   0   0   1   0   0   0   0   0  95   0   0   0   0   0   1   0   0   2  1.87 inf
   85 Q   -2 -2  1  7 -5 -2 -2  0  1 -4 -6 -4 -6 -6 -5 -1 -3 -7 -1 -5    4   2   5  70   0   1   0   6   3   1   0   0   0   0   0   3   1   0   2   0  1.48 inf
   86 C    6 -4 -5 -5  6 -4 -4 -4 -5 -4 -5 -4 -4 -3 -4  0 -1 -6 -5 -3   70   0   0   0  18   0   0   0   0   1   0   0   0   1   0   7   3   0   0   0  1.52 inf
   87 N   -3  2  1  7 -2  1  0 -5 -2 -6 -6 -3 -6 -5 -3 -2 -4 -7 -6 -5    2  10   5  67   1   5   5   0   1   0   0   0   0   0   1   1   0   0   0   1  1.51 inf
   88 P   -4 -6 -6 -6 -7 -3 -5 -6 -1 -2 -3 -5 -2 -7  8 -5 -4 -3 -7 -4    1   0   0   0   0   1   0   0   2   2   4   0   1   0  87   0   1   0   0   1  2.68 inf
   89 Q    1 -1 -2  3 -4  3  2 -1  0 -1  0 -2 -1 -3 -3 -1 -1 -3 -1  1   16   3   1  18   0  14  14   4   2   2  10   0   1   0   0   1   3   0   2  10  0.24 inf
   90 I    5 -1 -4 -3 -3  0 -1 -2 -2  0 -1 -2 -2 -4 -1  0 -1 -5 -4  1   56   4   0   0   0   4   4   1   1   4   7   1   0   0   2   4   3   0   0   9  0.61 inf
   91 V   -2 -2 -6 -6 -4 -5 -5 -5 -6  6 -1 -5  1 -3 -6 -5 -2 -6 -4  5    2   2   0   0   0   0   0   0   0  46   2   0   2   0   0   0   2   0   0  43  1.31 inf
   92 N    2 -3  1  7 -3 -3 -2 -3  1 -4 -3 -4 -5 -5 -4 -1 -3 -6 -1 -3   17   1   5  61   0   0   1   2   3   0   2   0   0   0   0   2   1   0   2   1  1.22 inf
   93 G    3 -1 -3  0 -4  0  1 -2  0 -5 -4 -2 -4 -6  6 -1 -3 -6 -5 -4   25   4   0   5   0   5  11   3   2   0   1   1   0   0  41   2   1   0   0   0  1.00 inf
   94 A    2 -1 -3 -2 -3 -1 -3 -1  5 -1  1 -2 -1 -2 -4 -2  1  1 -2  2   18   3   0   2   0   2   0   4  20   1  18   1   1   1   0   1  10   2   0  15  0.35 inf
   95 L   -5 -6 -7 -7 -5 -6 -6 -7 -6 -1  6 -6  3 -2 -6 -6 -5 -5 -4 -2    0   0   0   0   0   0   0   0   0   2  91   0   6   1   0   0   0   0   0   0  1.84 inf
   96 G    4 -1 -3 -4 -3 -2 -2  4  0 -5 -5 -2 -3 -5 -3  0 -1 -5 -4 -4   43   3   0   0   0   1   2  38   2   0   0   1   0   0   0   4   3   0   0   0  0.93 inf
   97 R    2  1 -2 -1 -5  0  1 -2 -3 -5 -4 -1 -3 -5  6  0  0 -6 -5 -4   16   9   1   2   0   4   9   3   0   0   1   2   1   0  41   6   5   0   0   0  0.88 inf
   98 L   -1 -3 -5  1  0 -2 -4 -4 -1 -1  5 -4  3 -2 -5 -2 -3 -2 -3 -1    4   1   0   8   2   1   1   1   2   1  65   0   6   1   0   3   1   1   1   3  0.82 inf
   99 G    2 -3 -1 -3 -3 -4 -4  0 -4  2  1 -4 -1  0 -2 -2 -2 -4 -3  4   17   1   3   1   0   0   0   7   0  10  11   0   0   4   2   1   1   0   0  41  0.49 inf
  100 A    4  1 -1  2 -3 -1  0 -1 -1 -4 -2 -1 -2 -5  0  0 -1 -5 -4 -2   46   9   2  12   0   2   6   3   1   0   3   2   1   0   4   4   3   0   0   1  0.48 inf
  101 A    3  2 -2  0 -3  1  0  0 -1 -2 -2  2 -3 -2 -2 -1 -1 -4 -3 -2   34  14   1   4   0   5   6   7   1   2   5  13   0   1   1   2   2   0   0   1  0.33 inf
  102 R    2  5  1 -3 -3 -1 -1 -1  3 -3 -3 -1 -1 -3 -4  0  0 -3  0 -1   23  32   6   1   0   1   4   4   7   1   2   1   1   0   0   5   5   0   3   3  0.45 inf
  103 P   -3 -5 -5 -2 -4 -4 -2 -5 -4 -6 -7 -5 -6 -8  9 -4 -3 -8 -7 -6    2   0   0   2   0   0   2   1   0   0   0   0   0   0  89   0   1   0   0   0  2.78 inf
  104 G   -3 -6 -4 -5 -6 -6 -6  8 -6 -8 -8 -5 -7 -7 -6 -4 -5 -6 -7 -7    0   0   0   0   0   0   0 100   0   0   0   0   0   0   0   0   0   0   0   0  2.63 inf
  105 L   -4  2 -5 -6 -4  0 -5 -6 -5  1  5 -4  2 -3 -4 -4 -2 -5 -4  0    0  11   0   0   0   5   0   0   0   6  66   0   3   0   0   1   2   0   0   5  0.98 inf
  106 R   -6  9 -5 -6 -8 -3 -4 -7 -4 -7 -6 -2 -6 -7 -6 -5 -5 -7 -6 -7    0 100   0   0   0   0   0   0   0   0   0   0   0   0   0   0   0   0   0   0  2.90 inf
  107 L   -1 -5 -6 -6 -4 -5 -5 -6 -6  2  3 -5  0 -3 -5 -2 -3 -5 -4  6    4   0   0   0   0   0   0   0   0   8  27   0   2   0   0   4   0   0   0  55  1.07 inf
  108 P   -4 -6 -6 -6 -7 -6 -5 -6 -7 -7 -5 -5 -7 -8  9 -5 -5 -8 -7 -7    1   0   0   0   0   0   0   0   0   0   1   0   0   0  98   0   0   0   0   0  3.30 inf
  109 G   -2  3 -4 -5 -5 -3 -5  7 -3 -5 -6 -3 -6 -6 -5 -2 -4 -6 -6 -4    1  16   0   0   0   1   0  76   1   0   0   0   0   0   0   2   1   0   0   1  1.72 inf
  110 C    5 -4 -4 -4  5 -3 -4  1  0 -4 -4 -4 -3 -5 -4  1  3 -5 -4 -3   47   0   0   0  12   0   0   9   3   0   0   0   0   0   0   9  19   0   0   0  0.92 inf
  111 V   -1 -6 -6 -6 -5 -5 -6 -6 -5 -1 -1 -6  1  5 -3 -5 -2  9 -1  4    5   0   0   0   0   0   0   0   0   2   3   0   4  27   2   0   2  26   1  30  1.38 inf
  112 D   -5 -5  0  8 -7 -4 -1 -4 -5 -7 -7 -4 -7 -7 -5 -1 -5 -8 -7 -7    0   0   2  89   0   0   2   0   0   0   0   0   0   0   0   5   0   0   0   0  2.40 inf
  113 A    1 -3 -3 -4 -4 -4  0  5 -5 -5 -5 -4 -5 -6  4 -2 -2 -6 -5 -3   14   1   0   0   0   0   7  51   0   0   1   0   0   0  20   2   1   0   0   2  1.08 inf
  114 F    1 -5 -5 -3 -2 -4 -4 -5  1 -3  0 -5 -3  8 -2 -4 -5 -1  1 -2   13   0   0   2   1   0   1   0   3   0   8   0   0  64   2   0   0   0   2   2  1.44 inf
  115 E   -5 -4 -4 -2 -8 -2  8 -6 -4 -7 -7 -3 -6 -7 -5 -4 -5 -7 -6 -7    0   0   0   1   0   0  99   0   0   0   0   0   0   0   0   0   0   0   0   0  2.61 inf
  116 Q   -2 -4 -4 -5 -2  3 -3 -5 -4  2  4 -3  3  2 -4 -3 -1 -4 -1  1    1   0   0   0   0  16   0   0   0  14  38   0   7   9   0   0   4   0   1   8  0.60 inf
  117 G    6 -5 -5 -5 -2 -4 -4  1 -5 -3 -4 -4 -3 -5 -4 -1 -1 -6 -5  0   76   0   0   0   1   0   0  10   0   1   1   0   1   0   0   3   2   0   0   5  1.33 inf
  118 V   -2 -6 -6 -6 -2 -5 -6 -6 -6  3  0 -5  1 -2 -6 -4 -2 -6 -4  7    2   0   0   0   1   0   0   0   0  11   6   0   3   2   0   0   2   0   0  74  1.46 inf
  119 R   -5  9 -4 -6 -8 -3 -4 -6 -4 -7 -4 -2 -5 -7 -6 -3 -5 -7 -6 -7    0  98   0   0   0   0   0   0   0   0   1   0   0   0   0   1   0   0   0   0  2.75 inf
  120 A    7 -5 -5 -5 -4 -4 -4 -4 -5 -3 -5 -4 -4 -6 -4 -2  0 -6 -5 -1   88   0   0   0   0   0   0   0   0   1   0   0   0   0   0   0   7   0   0   5  1.75 inf
  121 I   -3 -6 -6 -6 -4 -6 -6 -7 -6  6 -1 -6 -1 -4 -6 -5 -3 -6 -5  6    1   0   0   0   0   0   0   0   0  43   1   0   1   0   0   0   0   0   0  54  1.62 inf
  122 L   -1 -5 -6 -7 -4 -5 -6 -6 -6  0  6 -5  0 -2 -6 -5 -4 -5 -4  2    4   0   0   0   0   0   0   0   0   4  75   0   1   1   0   0   0   0   0  15  1.33 inf
  123 G   -3 -6 -4 -5 -6 -6 -5  8 -6 -8 -8 -5 -7 -7 -6 -3 -5 -6 -7 -7    0   0   0   0   0   0   1  98   0   0   0   0   0   0   0   1   0   0   0   0  2.55 inf
  124 Q   -5 -2 -4 -4 -7  9  0 -6 -4 -7 -7 -3 -5 -8 -6 -4 -5 -6 -6 -7    0   1   0   0   0  95   4   0   0   0   0   0   0   0   0   0   0   0   0   0  2.85 inf
  125 L   -5 -2 -4 -4 -7  8 -2 -6 -1 -5  1 -3 -4 -6 -5 -4 -5 -6 -5 -1    0   1   0   0   0  81   0   0   1   0  12   0   0   0   0   0   0   0   0   4  2.11 inf
  126 V   -3 -6 -6 -7 -4 -6 -6 -7 -7  5 -1 -6 -2 -4 -6 -5 -3 -6 -5  6    1   0   0   0   0   0   0   0   0  31   4   0   0   0   0   0   0   0   0  65  1.64 inf
  127 S   -1 -4 -3 -4 -3 -4 -4 -4 -5 -5 -5 -4 -5 -6 -3  6  4 -6 -5 -4    4   0   0   0   0   0   0   0   0   0   0   0   0   0   1  65  30   0   0   0  1.52 inf
  128 V   -1 -5 -6 -6 -4 -5 -5 -6 -6  0 -1 -5 -1 -4 -4 -4  2 -6 -4  7    4   0   0   0   0   0   0   0   0   3   5   0   1   0   1   0  12   0   0  74  1.43 inf
  129 A    5  0 -3 -3 -4  0 -2 -2 -4 -4 -4  4 -3 -5 -3 -1 -1 -5 -4  0   48   3   0   0   0   3   1   2   0   0   1  27   0   0   1   3   4   0   0   7  0.76 inf
  130 M    6 -4 -3 -5 -4  0 -4  2  0 -4 -4 -4  4 -5 -4 -1 -3 -5 -5 -3   64   0   0   0   0   4   0  14   3   0   0   0  11   0   0   2   0   0   0   0  1.14 inf
  131 A    7 -5 -5 -6 -4 -5 -5 -2 -5 -5 -5 -5 -5 -6 -5 -3 -3 -6 -6 -4   98   0   0   0   0   0   0   2   0   0   0   0   0   0   0   0   1   0   0   0  2.13 inf
  132 A    1  6 -2 -2 -2 -2 -3 -1 -3  0 -3 -1 -1 -5 -4 -1  2 -5 -4 -1   15  46   1   2   1   0   0   4   0   6   1   0   1   0   0   2  17   0   0   4  0.78 inf
  133 K   -1  2 -2 -4 -5 -3 -4 -3 -5 -4 -4  2 -4 -6 -4 -2  7 -6 -5 -3    4  12   1   0   0   1   0   1   0   0   0  11   0   0   0   0  69   0   0   1  1.41 inf
  134 L   -2 -5 -5 -6 -4 -4 -5 -5  4  3  5 -5 -1  0 -5 -4 -2 -4 -3  0    3   0   0   0   0   0   0   0  13  14  58   0   1   3   0   0   2   0   0   6  0.96 inf
  135 T    5 -4 -4 -4 -1 -4 -4  0 -4 -1  1 -4 -1 -3 -4  0  2 -5 -4  0   55   0   0   0   1   0   0   6   0   2  12   0   1   1   0   4  14   0   0   5  0.76 inf
  136 A    3 -1 -2 -3 -2 -1 -3  5 -3 -5 -5 -3 -4 -3 -4  1  0 -5 -5 -4   29   3   1   0   1   2   1  48   0   0   0   0   0   1   0   8   5   0   0   0  0.95 inf
  137 R   -3  8 -4 -4 -7 -1 -4 -5 -3 -7 -6  3 -4 -7 -6 -4 -4 -6 -5 -5    2  80   0   1   0   1   0   1   0   0   0  14   0   0   0   0   0   0   0   1  2.09 inf
  138 V   -4 -5 -6 -6 -4 -5 -6 -6 -6  2  5 -5  2  1 -6 -5 -4 -4 -3  2    0   0   0   0   0   0   0   0   0  11  66   0   3   6   0   0   0   0   0  14  1.18 inf
  139 A    3 -5 -5 -6 -3 -5 -5 -4 -6  0 -1 -5 -3 -4 -5 -3  0 -6 -4  6   25   0   0   0   0   0   0   0   0   1   4   0   0   0   0   1   5   0   0  63  1.19 inf
  140 Q    3  2 -2  0 -3  3  2 -3  0 -4 -3 -1 -2 -5 -3  0  0 -5 -4 -2   34  10   1   4   0  17  15   0   2   0   1   2   0   0   0   4   7   0   0   2  0.50 inf
  141 L    4  5 -3 -3 -3  1 -1 -2  0 -3 -1  0 -2 -4 -3 -2 -1 -5 -4 -2   36  32   0   1   0   6   3   2   3   1   7   3   1   0   1   1   3   0   0   2  0.62 inf
  142 Y    0 -4 -4 -5  1 -4 -4 -5  6 -3  1 -4 -3  5 -5 -3 -3  3  5 -2    8   0   0   0   3   0   0   0  18   1  12   0   0  25   0   1   1   4  24   2  1.02 inf
  143 G   -2 -5 -4 -5 -6 -5 -6  7 -6 -7 -7 -5 -6 -7 -5 -4 -4 -6 -7 -7    2   0   0   0   0   0   0  96   0   0   0   0   0   0   0   0   1   0   0   0  2.43 inf
  144 E    0  0 -2  1 -2  2  4 -2 -1 -3 -3  0 -2 -5 -2 -1  2 -5 -4 -2    7   5   1   6   1   7  36   2   1   1   2   5   1   0   1   2  17   0   0   3  0.48 inf
  145 R    0  1 -5 -5 -6 -3 -2 -3 -1 -6 -5 -2 -3 -6  7 -1 -1 -6 -4 -4    8   9   0   0   0   1   2   1   2   0   0   2   0   0  64   5   3   0   1   1  1.64 inf
  146 L   -3 -4 -5 -6 -2 -5 -5 -6 -2  3  4 -5  0  0 -4 -3 -2 -1 -3  4    1   0   0   0   1   0   0   0   1  17  44   0   1   2   1   1   1   1   0  29  0.86 inf
  147 D    2 -1 -1  3 -4  1  3 -2  0 -4 -4 -1 -3 -5  3  0  0 -5 -4 -2   20   3   1  18   0   4  20   2   2   0   1   2   0   0  14   5   5   0   0   3  0.46 inf
  148 D   -1 -3 -1  5 -4  0  1  1 -1 -4 -4 -2 -4 -5 -1  0  4 -1 -4 -3    4   1   1  31   0   4   9  11   2   0   1   1   0   0   3   5  26   1   0   1  0.61 inf
  149 F    2 -3 -3 -2 -3 -2 -2  1  1 -5 -5 -3 -1 -1  6 -1 -3 -3 -4 -3   18   1   1   2   0   2   2  12   4   0   0   0   1   3  47   3   1   0   0   1  1.08 inf
  150 P    1 -1 -2  0 -3 -2  0  1  1 -1 -2 -2 -1  1  4 -1 -1  2  0 -1   11   3   1   6   0   1   8  10   4   4   4   0   1   8  23   3   2   3   3   4  0.28 inf
  151 E    1 -3 -2  0 -4 -2  0  4  0 -3  0 -3 -3 -3  4 -1 -2 -5 -3 -3   12   1   1   6   0   1   8  29   3   0  11   0   0   1  21   2   2   0   0   1  0.52 inf
  152 Y    0 -2 -2 -1 -4 -1 -1  5 -3 -4 -2 -3 -3 -2 -2 -1  2  1  1 -4    7   2   0   3   0   2   5  45   0   0   4   0   0   2   2   3  18   2   5   0  0.63 inf
  153 I   -3  2 -3 -5 -5 -3 -4 -3  7 -1  4 -3 -2 -3 -5 -3 -3  2 -1 -1    1  12   0   0   0   0   0   2  31   2  39   0   0   0   0   1   1   3   2   4  0.95 inf
  154 C    0 -1 -4 -4  3 -3 -3 -3 -3 -1  3 -3 -1 -3 -4  0  4 -3 -3  1    8   4   0   0   7   0   0   1   1   1  37   0   0   0   0   6  26   0   0   8  0.51 inf
  155 F   -5 -4 -6 -6 -6 -6 -6 -6  4 -4 -2 -6 -2  9 -7 -2 -3 -3  0 -5    1   1   0   0   0   0   0   0   9   0   2   0   1  79   0   3   2   0   1   0  2.22 inf
  156 P   -3 -5 -6 -6 -7 -5 -5 -6 -2 -6 -3 -5 -6 -7  9 -5 -4 -4 -7 -2    2   0   0   0   0   0   0   0   1   0   3   0   0   0  89   0   1   0   0   3  2.77 inf
  157 T    0  0 -1  0 -1 -1  0 -1 -3 -3 -2 -2 -1  1 -2  3  4 -2 -3 -3    6   5   1   5   1   2   5   3   0   0   4   0   1   7   2  22  33   1   0   0  0.42 inf
  158 P    3 -5 -5 -5 -5 -5 -5 -4 -5 -4 -5 -4 -3 -2  7 -3 -3 -7 -6 -1   30   0   0   0   0   0   0   0   0   1   1   0   0   2  59   1   1   0   0   5  1.76 inf
  159 Q    3 -1 -2  1 -4  3  4 -2 -1 -5 -5 -1 -4 -5 -1 -1 -1 -4 -4 -3   27   2   1   8   0  13  35   3   1   0   0   1   0   0   2   2   3   0   0   1  0.68 inf
  160 R    4  2 -3  0 -3  2  0 -3 -2 -2 -3 -1 -2 -4 -3 -1  2 -5 -3  0   36  14   0   5   0  10   6   0   1   2   1   1   0   0   1   3  14   0   0   7  0.43 inf
  161 L   -3 -5 -5 -4 -4 -4 -5 -5 -5  2  5 -5  1  0 -3 -4 -3 -4 -3  2    2   0   0   1   0   0   0   1   0  11  65   0   2   3   1   0   1   0   0  12  1.02 inf
  162 A    6 -3 -4 -3 -1 -4 -4 -2 -3 -3 -1 -3 -2 -5 -3 -1 -2 -5 -5 -1   76   1   0   1   1   0   0   1   1   0   7   1   1   0   1   4   1   0   0   4  1.20 inf
  163 A    3  0  0  2 -3  2  2  1 -3 -3 -2 -1 -3 -4 -3  0 -1 -4 -4 -2   32   5   4  10   0   9  14  12   0   1   3   1   0   0   0   3   3   0   0   2  0.35 inf
  164 A    4 -2 -4 -4  2 -3 -4 -3 -1  0  3 -3  0 -3 -3 -1 -1 -4 -3  1   44   2   0   0   4   0   0   0   2   5  26   1   1   0   1   2   2   0   0   8  0.57 inf
  165 D    0 -3  0  5 -3 -1  0 -1 -2 -3 -4 -2 -4 -5  3  1  0 -5 -4 -4   10   1   4  43   0   2   5   3   1   1   2   1   0   0  12   8   6   0   0   1  0.71 inf
  166 P    1 -2 -2  0 -2 -1  0  0 -1 -1 -1 -2 -2 -3  5 -1 -1 -1 -2  0   12   2   2   6   0   2   7   6   1   4   5   1   1   1  32   4   3   1   1   9  0.45 inf
  167 Q    2 -1 -1  3 -2  1  3 -1 -2 -2 -1 -1 -1 -2 -1  0 -1 -3 -2 -1   19   3   2  17   0   8  19   3   1   2   7   2   1   1   2   7   3   0   1   3  0.24 inf
  168 A    2  0 -1  2 -2  0  1 -1  2 -1 -2 -1 -1 -2  0  0  0 -3 -2 -1   22   4   1  15   1   4  10   3   6   3   3   2   1   1   4   5   7   0   1   5  0.17 inf
  169 L   -4 -5 -6 -5 -4 -5 -5 -5 -5  1  6 -5  0  1 -3 -4 -4 -2 -2 -1    1   0   0   1   0   0   0   0   0   7  77   0   1   6   2   1   0   1   1   2  1.24 inf
  170 K    3  2 -1  0 -2 -1  1  2 -2 -2 -3  1 -3 -4 -1  1  0 -4 -4 -2   30  10   1   4   0   1   9  13   0   2   1  10   0   0   2   7   7   0   0   1  0.32 inf
  171 A    2  0  0  0 -2  1  0  2 -1 -2 -2  0 -2 -3  1  1  1 -3 -2 -1   21   5   3   4   0   6   7  16   1   1   3   3   1   1   7  10   8   0   1   3  0.19 inf
  172 L   -2 -3 -3 -3 -1 -3 -3 -3 -3  3  4 -3  1 -1 -1 -3 -1 -3 -2  0    3   1   1   1   1   1   1   1   0  19  51   1   3   2   3   1   3   0   1   4  0.60 inf
  173 G   -1 -2 -1 -3 -4 -3 -3  7 -3 -4 -4 -1 -4 -4 -1 -2 -3 -4 -4 -4    3   2   2   1   0   1   1  74   0   1   2   3   0   1   3   2   1   0   1   1  1.37 inf
  174 M   -4 -5 -5 -6 -4 -4 -5 -6 -5  4  2 -5  8 -1 -5 -5 -3 -4 -4  1    0   0   0   0   0   0   0   0   0  21  18   0  45   2   0   0   1   0   0  10  1.40 inf
  175 P   -2 -4 -5 -5 -5  0 -3 -4 -5  1 -5 -4 -4 -4  7 -2  2 -6 -5  0    2   1   0   0   0   4   1   1   0   7   0   0   0   1  61   3  13   0   0   6  1.56 inf
  176 L    1  4 -2 -2 -4 -1 -1  2 -2 -3  0  1 -2 -4 -2  0 -1 -5 -4 -2   14  32   1   1   0   2   2  15   1   0  10   9   1   0   2   5   4   0   0   3  0.40 inf
  177 K    3  1 -2 -1 -3  1 -2 -1 -2 -3 -4  2 -1 -3 -3  2  1 -5 -4 -3   31   8   1   2   0   5   1   3   0   0   0  17   2   1   0  20   9   0   0   0  0.48 inf
  178 R   -3  8 -4 -5 -7 -2 -4 -5 -4 -5 -6  0 -4 -7 -5 -4 -3 -7 -6 -6    2  91   0   0   0   1   0   1   0   1   0   4   0   0   0   0   1   0   0   0  2.42 inf
  179 A    4  3 -3 -4 -3  1 -2  1 -3  0 -3 -1 -3 -4 -4  0 -1 -5 -4  0   41  17   0   0   0   6   0  10   0   7   1   2   0   0   0   5   2   0   0   8  0.51 inf
  180 E    2  5 -1 -1 -4  1  2 -1 -1 -4 -3  0 -3 -5 -3 -1  1 -5 -4 -3   23  31   2   3   0   6  14   4   1   0   1   3   0   0   1   1   8   0   0   1  0.53 inf
  181 A    5 -4 -4 -4  1 -4 -4 -3 -5 -3 -4 -4 -3 -5 -4  1  5 -6 -5 -3   44   0   0   0   3   0   0   0   0   1   0   0   0   0   0   7  44   0   0   0  1.23 inf
  182 L   -4 -5 -6 -6 -4 -5 -6 -6 -6  5  5 -5 -1  0 -6 -5 -4 -5 -4  1    0   0   0   0   0   0   0   0   0  33  55   0   0   3   0   0   0   0   0   8  1.25 inf
  183 I   -1  3 -2 -3 -1  2 -2 -2  1  2  1 -1 -1 -3 -3  0  1 -4 -2  1    4  16   1   0   1  13   1   2   4  14  12   2   1   0   0   9   9   0   0  12  0.22 inf
  184 H    4  0 -1 -3 -2 -1  0  3  3 -4 -4 -2 -3 -4 -4  0  1 -5 -2 -3   35   6   3   0   0   1   7  20   9   0   0   0   0   0   0   5  11   0   1   0  0.53 inf
  185 L   -4 -5 -6 -6 -4 -5 -6 -6 -6  2  5 -5  1  2 -6 -5 -3 -4 -3  2    1   0   0   0   0   0   0   0   0   9  67   0   3   8   0   0   0   0   0  13  1.18 inf
  186 A    6 -5 -4 -5  0 -4 -4 -3 -5 -2 -4 -4 -4 -5 -4 -1 -2 -6 -5  2   79   0   0   0   2   0   0   1   0   2   0   0   0   0   0   3   1   0   0  12  1.46 inf
  187 N    3  4 -1 -1 -2  3  1  0  1 -4 -4  0 -3 -4 -3  0  0 -5 -4 -3   24  23   3   2   1  17   6   6   3   0   1   4   0   0   0   5   5   0   0   0  0.48 inf
  188 A    6  0 -3 -4 -4 -1 -1 -2 -2 -5 -3 -3 -3 -4 -4 -1 -2 -6 -5 -3   77   4   1   0   0   2   5   2   1   0   2   0   0   1   0   2   2   0   0   1  1.23 inf
  189 A    0 -5 -5 -5  3 -4 -5 -5 -2  2  3 -4  2 -1 -5 -3 -1 -4 -2  4    9   0   0   0   7   0   0   0   1   8  30   0   4   2   0   0   2   0   1  36  0.68 inf
  190 L    5 -2 -2  0 -2 -2 -1 -3 -1 -1  1 -3 -2 -4 -4  0 -1 -5 -4  1   50   2   1   5   1   2   3   0   2   1  17   0   0   0   0   5   2   0   0   8  0.53 inf
  191 E    2 -1  0  4 -4  0  3 -1 -3 -4 -4 -2 -4 -5 -3  2 -1 -5 -4 -4   18   4   4  29   0   4  18   3   0   0   1   1   0   0   0  16   3   0   0   0  0.59 inf
  192 G   -3 -3 -1  2 -4 -2 -3  7 -4 -7 -7 -2 -5 -6 -4 -3 -4 -6 -6 -6    0   1   2  11   0   1   2  77   0   0   0   3   0   0   0   0   1   0   0   0  1.65 inf
  193 T    0  3 -2  1 -3  0  2 -1 -1 -3 -4  0 -2 -4  3  1  2 -3 -4 -3   10  16   1   8   0   3  16   3   2   0   0   4   1   0  13   8  16   0   0   1  0.37 inf
  194 L   -3 -2 -3 -2 -2 -2 -4 -4 -2  2  4 -4 -1  0 -4 -4 -3 -4 -3  3    0   2   1   3   0   2   1   1   1  12  52   0   0   4   0   1   0   0   0  20  0.72 inf
  195 P    0  1 -1  3 -2  1  0 -2  0 -2  0 -1 -1 -3  3 -1 -1 -4 -3  0    9   9   2  21   1   6   3   1   3   1  14   2   1   1  14   3   3   0   0   6  0.24 inf
  196 M   -4 -5 -6 -7 -2 -5 -6 -6 -5 -1  5 -6  0  5 -4 -5 -3 -4 -3 -1    1   0   0   0   1   0   0   0   0   2  69   0   1  21   1   0   1   0   0   4  1.31 inf
  197 T   -1  0  0  4 -4  0  2  2  3 -4 -4 -1 -4 -3 -3  1  0 -5 -3 -3    4   5   4  25   0   2  17  16   7   0   0   2   0   1   0   9   5   0   1   2  0.46 inf
  198 I    2 -1 -2 -3  0 -2 -3 -1 -2 -2 -2 -3 -2 -2  6 -1 -1 -5 -3  1   21   4   1   1   2   1   1   5   1   2   2   0   1   2  40   3   3   0   0  11  0.79 inf
  199 P    0 -2 -2  0  1 -2  0  4  0 -2 -3 -2  0 -3  2 -1 -2 -4 -4 -2    9   2   0   6   3   1   8  40   3   2   2   2   4   1  10   2   2   0   0   3  0.47 inf
  200 G    3  0 -1  0  2  1 -1  1 -2 -2 -2 -2 -2 -4  0  1  0 -4 -3  0   32   5   1   6   5   9   3   9   0   1   3   0   1   0   4  10   5   0   0   6  0.26 inf
  201 D   -2 -2  1  6 -4 -1  0  0 -2 -5 -6 -3 -5 -6  2  0 -1 -6 -4 -4    2   2   5  55   0   2   3   6   0   0   0   0   0   0  10   8   3   0   0   1  1.05 inf
  202 V   -1  2 -5 -5 -4 -3 -4 -4 -4  1  3 -3 -1 -2  3 -3 -3  6 -2  1    5  15   0   0   0   0   0   1   0   7  28   0   0   1  18   1   0  12   1  11  0.65 inf
  203 E    1 -2  0  4 -5  0  5 -2 -1 -5 -4 -1 -4 -5 -1 -1 -1 -6 -5 -4   15   1   3  26   0   4  38   2   1   0   1   2   0   0   3   2   2   0   0   1  0.78 inf
  204 Q    2  1 -2  2 -4  2  3 -1 -2 -4 -3  0 -3 -5 -1 -1 -1 -5 -4 -3   24   8   0  10   0  12  26   4   1   0   2   3   0   0   3   3   4   0   0   1  0.45 inf
  205 A    3 -3 -3 -3 -2 -1 -1  1 -4 -2  0 -3 -1  1 -3  0  3 -2 -3  0   25   1   0   0   0   2   4  13   0   1  10   0   1   7   0   5  25   1   0   6  0.33 inf
  206 M   -1  4 -4 -4 -1 -2 -1 -4 -3  2  1 -1  3 -3 -4 -3 -1 -4 -2  3    3  25   0   0   2   1   4   0   0  14  12   1   8   0   0   0   4   0   1  24  0.47 inf
  207 K    4  2 -2 -2 -4  1  2 -1 -1 -4 -3  2 -3 -5 -3 -1  0 -5 -4 -3   39  13   1   1   0   5  12   3   2   0   1  15   0   0   0   3   5   0   0   1  0.53 inf
  208 T    3  5 -1 -1 -4  3  0 -2 -1 -4 -4  1 -3 -5 -4 -1 -1 -3 -4 -3   29  30   2   2   0  16   5   2   1   0   1   6   0   0   0   2   2   0   0   1  0.66 inf
  209 L   -4 -6 -7 -7 -1 -6 -6 -7 -6 -2  6 -6  0 -1 -6 -6 -5  3 -4 -2    0   0   0   0   1   0   0   0   0   0  90   0   1   2   0   0   0   4   0   0  1.77 inf
  210 Q   -1  2 -3 -3  4  2 -2 -3 -2 -1  3  0  2 -3 -4 -2  1 -4 -3  1    6  11   0   0   9  11   1   1   1   1  30   4   4   0   0   1  11   0   0   8  0.32 inf
  211 T    5  0 -3 -2 -4  1  2 -1 -2 -4 -4 -1 -3 -5 -3  0  1 -5 -4 -3   54   4   0   1   0   7  13   4   0   0   0   2   0   0   1   6   7   0   0   0  0.74 inf
  212 F   -4 -3 -6 -6 -4 -4 -5 -6 -6  3  6 -5  2  1 -6 -5 -4 -3 -3  0    0   2   0   0   0   0   0   0   0  14  71   0   4   4   0   0   0   0   0   4  1.22 inf
  213 P   -3  1 -5 -3 -7 -4 -3 -5  0 -6 -6 -1 -6 -7  8 -2 -3 -4 -4 -6    1   7   0   1   0   0   1   0   2   0   0   4   0   0  77   3   1   0   1   0  2.24 inf
  214 G   -4 -6 -4 -5 -7 -6 -6  8 -6 -8 -8 -5 -7 -7 -6 -4 -6 -6 -7 -7    0   0   0   0   0   0   0 100   0   0   0   0   0   0   0   0   0   0   0   0  2.65 inf
  215 I   -5 -6 -7 -7 -5 -6 -7 -7 -7  8 -2 -6 -2  3 -6 -6 -4 -5 -4  2    0   0   0   0   0   0   0   0   0  79   0   0   0  10   0   0   0   0   0  11  1.91 inf
  216 G   -4 -6 -4 -1 -6 -5 -6  7 -6 -8 -8 -5 -7 -7 -6 -3 -5 -6 -7 -7    0   0   0   4   0   0   0  95   0   0   0   0   0   0   0   1   0   0   0   0  2.40 inf
  217 R   -1  1 -2  3 -6 -2  2 -4 -4 -6 -6 -3 -5 -6  7 -2 -3 -6 -6 -5    5   9   1  15   0   1  15   0   0   0   0   1   0   0  49   2   1   0   0   0  1.33 inf
  218 W   -7 -1 -8 -9 -7 -7 -8 -4 -4 -8 -7 -7 -6 -4 -9 -8 -7 13 -3 -8    0   4   0   0   0   0   0   1   1   0   0   0   0   0   0   0   0  95   0   0  4.72 inf
  219 T   -1 -5 -4 -5 -5 -5 -5 -5 -6 -5 -5 -5 -5 -6 -5  0  8 -6 -6 -4    4   0   0   0   0   0   0   0   0   0   0   0   0   0   0   4  92   0   0   0  2.26 inf
  220 A    6 -5 -5 -5 -4 -4 -4 -4 -5 -2 -3 -4 -4 -5 -4 -2 -1 -6 -5  2   78   0   0   0   0   0   0   0   0   2   1   0   0   0   0   1   2   0   0  16  1.47 inf
  221 N   -3 -2  2  1 -4  5  3  0  5 -6 -5 -2 -4 -6 -4  0 -3 -5 -3 -5    1   0  10   8   0  34  21   7  12   0   0   0   0   0   0   6   0   0   0   0  0.92 inf
  222 Y   -4 -6 -6 -6 -4 -5 -6 -7 -2 -3 -3 -6  0 -1 -7 -3 -2 -2  9  0    1   0   0   0   0   0   0   0   0   1   2   0   2   0   0   2   2   0  82   7  2.48 inf
  223 F   -4 -6 -6 -6 -4 -6 -6 -7 -6  6  1 -6  0  1 -6 -5 -3 -5 -2  4    0   0   0   0   0   0   0   0   0  58   9   0   1   7   0   0   1   0   1  24  1.34 inf
  224 A    7  0 -5 -5 -4 -4 -4 -3 -5 -5 -3 -4 -4 -6 -4 -2 -3 -6 -5 -3   89   5   0   0   0   0   0   0   0   0   3   0   0   0   0   1   0   0   0   1  1.75 inf
  225 L   -5 -6 -6 -7 -5 -5 -6 -7 -6 -2  3 -6 10 -4 -7 -6 -5 -5 -5 -3    0   0   0   0   0   0   0   0   0   1  30   0  69   0   0   0   0   0   0   1  2.44 inf
  226 R   -6  9 -5 -6 -8 -3 -4 -7 -4 -7 -6 -2 -6 -7 -6 -5 -5 -7 -6 -7    0 100   0   0   0   0   0   0   0   0   0   0   0   0   0   0   0   0   0   0  2.90 inf
  227 G    5 -4 -4 -5 -1  1 -4  3 -4 -4 -3 -4 -4 -5 -4 -2 -2 -5 -5  0   60   0   0   0   1   7   0  22   0   0   1   0   0   0   0   0   1   0   0   7  1.06 inf
  228 W   -4 -5 -6 -7 -5 -5 -6 -6 -6 -1  5 -6  4  1 -6 -5 -4  7 -2 -2    1   0   0   0   0   0   0   0   0   1  66   0   9   6   0   0   0  15   1   2  1.47 inf
  229 Q    0  4 -2 -3 -5  2 -3  5 -1 -6 -5 -1 -4 -6 -4  0 -3 -5 -5 -5    9  24   1   0   0  10   0  46   2   0   0   1   0   0   0   7   0   0   0   0  0.98 inf
  230 A    1 -3 -3  5 -6 -1  2 -5  2 -5 -4 -4 -3 -3 -5 -3 -4  9 -2 -4   12   1   0  34   0   3  13   0   5   0   1   0   1   0   0   1   0  28   1   1  1.35 inf
  231 K    0 -3 -5 -5 -6 -3 -4 -5 -5 -6 -5  0  0 -7  8 -2 -1 -7 -6 -4    8   1   0   0   0   1   0   0   0   0   0   6   3   0  74   2   5   0   0   1  2.09 inf
  232 D   -6 -5  1  8 -8 -4 -2 -5 -5 -7 -8 -5 -7 -8 -5 -4 -5 -8 -7 -7    0   0   6  94   0   0   0   0   0   0   0   0   0   0   0   0   0   0   0   0  2.66 inf
  233 V    6 -5 -5 -5 -4 -4 -4 -2 -5  0 -3 -4 -4 -5 -4 -2 -3 -6 -5  3   73   0   0   0   0   0   0   2   0   5   2   0   0   0   0   1   0   0   0  17  1.31 inf
  234 F   -5 -7 -7 -7 -4 -7 -7 -7 -5 -3  0 -7 -2  9 -7 -6 -6  5  0 -4    0   0   0   0   0   0   0   0   0   0   9   0   0  81   0   0   0   7   1   0  2.45 inf
  235 L   -3 -6 -6 -6 -6 -5 -5 -6 -6 -3  3 -5 -2 -5  7 -5 -4 -6 -6 -2    1   0   0   0   0   0   0   0   0   1  34   0   1   0  61   0   0   0   0   2  1.89 inf
  236 P    4 -3 -2 -2 -4 -2  0 -1  2 -3 -2 -1 -3 -5  4  1  0 -5 -4 -1   40   1   1   2   0   0   6   3   6   0   3   3   0   0  20   8   4   0   0   4  0.58 inf
  237 D    1 -3 -1  2 -4 -3  0  4 -4 -5 -5 -3 -4 -5 -4  1  4 -2 -5 -4   10   0   1  14   0   0   5  30   0   0   0   0   0   0   0  12  26   1   0   0  0.68 inf
  238 D   -5 -6 -3  8 -8 -4 -2 -5 -5 -7 -8 -5 -7 -8 -6 -4 -5 -8 -7 -6    0   0   0  98   0   0   1   0   0   0   0   0   0   0   0   0   0   0   0   1  2.79 inf
  239 Y   -1 -2 -5 -6 -4 -4 -4 -5 -3  1  4 -4 -1 -1 -2 -4 -3 -3  4  2    6   2   0   0   0   0   1   0   0   7  48   0   0   1   2   0   0   0  17  16  0.76 inf
  240 L    2 -5 -4 -4 -4 -4 -4  5 -5 -1  1 -4 -3 -4 -4 -3 -3  2 -4  2   19   0   0   0   0   0   1  46   0   4  13   0   0   0   0   0   0   2   0  15  0.81 inf
  241 I   -3 -5 -6 -5 -4 -5 -6 -6 -6  4  5 -5  0 -3 -5 -5 -3 -5 -4  3    1   0   0   0   0   0   0   0   0  26  50   0   1   0   0   0   0   0   0  22  1.12 inf
  242 K   -2  5 -3 -4 -5  2 -3 -5  0  0  1  3  2 -4 -3 -3 -3 -5 -2 -3    2  41   0   0   0   8   0   0   2   7  13  18   6   0   1   0   0   0   1   1  0.79 inf
  243 Q   -1  4  1 -3 -5  4 -1 -4  1 -3 -3  4 -3 -5 -3 -2 -2 -5 -3 -3    6  27   6   0   0  19   1   0   3   1   3  27   0   0   1   1   2   0   1   2  0.73 inf
  244 R    5  3 -1 -4 -2 -2 -2  1 -4 -4 -3 -1 -3 -5 -3  0 -2 -5 -4 -1   53  17   3   0   1   1   1  10   0   0   2   2   0   0   0   6   1   0   0   3  0.73 inf
  245 F    3 -3 -4 -3 -3 -3 -3 -3 -4  0  4 -4  0  3 -3 -2 -2 -4 -2  0   26   1   0   2   0   0   1   1   0   4  44   0   2  12   1   1   2   0   0   4  0.57 inf
  246 P    3  0 -2 -1 -2  0  1  3 -3 -4 -3 -1 -3 -4  2 -1 -1 -5 -4 -3   28   6   0   3   1   3  12  25   0   0   1   3   0   0  11   2   3   0   0   1  0.46 inf
  247 G    2  3 -1 -1 -2  0  0  3 -1 -3 -2  0 -2 -4  1 -1 -1 -4 -4  0   17  19   1   3   1   4   6  23   1   1   2   3   0   0   7   2   2   0   0   7  0.30 inf
  248 M    0  1 -2 -2 -3 -1 -1 -2 -1  1  3 -1  4 -2  0 -2 -1 -2 -2  0    7   8   1   1   0   2   3   3   2   5  37   2  12   0   6   2   4   0   1   4  0.27 inf
  249 T   -1  0  0  2 -4 -3 -1  1 -4 -4 -4 -2 -4 -5 -1  3  5 -5 -4 -4    3   5   3  12   0   0   3  10   0   0   0   2   0   0   3  19  39   0   0   0  0.66 inf
  250 P    3 -2 -4 -3 -3 -2 -1 -1 -2 -2 -4 -3 -4 -6  7 -1 -1 -4 -5 -1   24   2   0   1   0   2   3   5   1   2   1   0   0   0  49   3   4   0   0   4  1.16 inf
  251 A    3  4 -2 -1 -4 -2 -1 -1 -2 -4 -4  3 -4 -5 -1  0 -1 -5 -4 -3   33  25   1   4   0   0   2   5   0   0   0  20   0   0   3   4   3   0   0   1  0.61 inf
  252 Q    3  0 -1  0 -4  4  2 -2 -1 -4 -3 -1 -3 -5 -1  0  0 -5 -4 -3   29   4   1   5   0  23  16   2   1   0   2   3   0   0   2   6   4   0   0   1  0.51 inf
  253 I    1 -2 -4 -3 -1 -1 -4 -4 -3  2  4 -3  2 -2 -1 -2 -1 -4 -3  0   12   2   0   2   1   3   0   0   0  15  45   0   5   1   2   2   4   0   0   4  0.48 inf
  254 R    1  2 -2 -1 -3  0  1 -3 -1 -1  2 -1 -1 -3 -2 -1  2 -2 -2 -1   16  14   1   2   0   4  12   1   1   2  23   2   0   0   1   3  13   0   1   2  0.19 inf
  255 R    3  3 -2  0 -4  1  1 -1 -1 -3 -2  0 -2 -4 -1 -1  0 -5 -4 -2   35  20   1   5   0   5  11   3   1   0   4   2   0   0   3   3   5   0   0   2  0.42 inf
  256 Y   -1  6 -3 -3 -5 -2 -2 -4  5 -1  0 -1  1 -3 -5 -3 -3 -2  3 -3    6  43   0   1   0   0   1   0  15   3  10   1   4   0   0   0   1   0  12   1  0.88 inf
  257 A    6 -4 -4 -5 -1 -3 -4 -3 -5 -4 -5 -4 -3 -5 -3  2  0 -6 -5 -3   72   0   0   0   1   0   0   1   0   0   0   0   0   0   1  17   6   0   0   1  1.33 inf
  258 E    2  0 -2  1 -4  3  5 -3 -2 -4 -3 -2 -1 -5 -4 -1 -1 -1 -4 -3   19   5   1   5   0  12  45   0   1   0   2   1   1   0   0   4   2   1   0   1  0.75 inf
  259 R    4  4 -2 -2 -2  1 -2 -1 -1 -3 -4 -1 -3 -5 -1  0 -1 -5 -4 -2   38  30   1   2   1   6   0   5   1   1   0   2   0   0   2   6   3   0   0   3  0.63 inf
  260 W   -8 -8 -9 -9 -7 -7 -8 -8 -7 -8 -7 -8 -6 -4 -5 -8 -7 13 -2 -8    0   0   0   0   0   0   0   0   0   0   0   0   0   0   1   0   0  99   0   0  5.04 inf
  261 K    0  7 -4 -5 -6  1 -3 -5 -2 -6 -6  1 -4 -6 -5  0 -4 -1 -5 -6    9  71   0   0   0   7   0   0   1   0   0   5   0   0   0   6   0   1   0   0  1.65 inf
  262 P   -5 -6 -6 -6 -7 -5 -5 -6 -6 -7 -7 -5 -7 -8  9 -5 -5 -8 -7 -7    0   0   0   0   0   0   0   0   0   0   0   0   0   0  99   0   0   0   0   0  3.37 inf
  263 W   -7 -6 -8 -9 -4 -7 -7 -7 -5 -7 -4 -7 -5 -1 -8 -7 -7 13  0 -7    0   0   0   0   0   0   0   0   0   0   2   0   0   2   0   0   0  92   2   0  4.54 inf
  264 R   -6  9 -5 -6 -3 -3 -4 -7 -4 -7 -6 -2 -6 -7 -6 -5 -5 -7 -6 -7    0  99   0   0   1   0   0   0   0   0   0   0   0   0   0   0   0   0   0   0  2.85 inf
  265 S    5 -4 -3 -4 -4 -4 -4  0 -4 -5 -5 -4 -4 -6 -4  5 -1 -6 -5 -4   51   0   0   0   0   0   0   7   0   0   0   0   0   0   0  40   1   0   0   0  1.25 inf
  266 Y   -6 -6 -7 -8 -7 -6 -7 -8 -3 -6 -6 -6 -5 -1 -8 -6 -6 -2 10 -6    0   0   0   0   0   0   0   0   0   0   0   0   0   0   0   0   0   0 100   0  3.54 inf
  267 A    7 -5 -5 -5 -4 -4 -5 -2 -5 -5 -5 -4 -5 -6 -5 -2 -3 -6 -6 -3   95   0   0   0   0   0   0   2   0   0   0   0   0   0   0   1   1   0   0   1  2.00 inf
  268 L    4 -4 -3 -5 -3 -3 -4 -2 -5 -1  1 -4  0 -4 -4 -2  2 -5 -4  4   39   0   0   0   0   0   0   2   0   0  11   0   2   0   0   1  16   0   0  28  0.68 inf
  269 L   -3 -3 -4 -5 -4  4 -3 -5  3  2  3 -3  5 -2 -5 -3 -2 -4 -3  0    1   0   0   0   0  24   0   0   7  10  28   0  20   1   0   1   1   0   0   6  0.79 inf
  270 H   -3  1 -1 -5 -3 -3 -4 -6  9 -5 -1 -4 -4 -3 -6 -3 -5 -4  5 -3    2   7   2   0   1   1   0   0  60   0   7   0   0   0   0   1   0   0  17   1  1.98 inf
  271 I   -2 -5 -6 -7 -4 -5 -6 -6 -6  3  6 -5  0 -2 -6 -5 -4 -5 -4  0    4   0   0   0   0   0   0   0   0  13  76   0   0   1   0   0   0   0   0   5  1.36 inf
  272 W   -8 -8 -9 -9 -7 -7 -8 -7 -7 -8 -7 -8 -6 -4 -9 -8 -7 13 -2 -8    0   0   0   0   0   0   0   0   0   0   0   0   0   0   0   0   0 100   0   0  5.12 inf
  273 Y    2  3  2 -3 -4  0 -2 -3  4 -4 -3 -1 -3 -3 -4  0  2 -4  2 -3   22  19  11   0   0   4   0   0  12   0   1   3   0   0   0   4  13   0   8   1  0.49 inf
  274 T    2  0  1 -3 -2 -2 -1 -1  0 -3 -1 -2 -3 -4 -3  4  3 -3 -4 -2   21   4   5   0   0   0   2   2   2   0   8   0   0   0   0  32  20   0   0   2  0.46 inf
  275 E    1 -2  1  4 -3  0  1 -2  2 -3  1 -2 -2 -3  0  1 -1 -4 -1 -2   15   1   7  26   0   4   7   0   7   0  15   0   0   0   3   9   3   0   3   1  0.28 inf
  276 G    3 -2  0  2 -3 -1 -1  4 -1 -4 -3 -2 -3 -4 -2  1  0 -4 -4 -2   27   1   5  13   0   3   3  29   1   0   1   1   0   0   1  11   4   0   0   2  0.46 inf
  277 W    1  0 -3  0 -4  0  1 -4  4 -4 -2 -3 -3 -1 -3 -2  0  9 -1 -3   14   5   0   7   0   4  11   0  14   0   3   0   0   3   1   2   6  31   0   0  0.91 inf
  278 Q    0  1 -2 -2 -2  2  0 -2  1 -2 -3  0 -3 -4  5 -1  0 -4 -3 -2    8  10   0   1   1  13   5   2   3   1   2   6   0   0  35   3   8   0   0   3  0.61 inf
  279 P   -1 -3 -4 -3 -5 -3 -1 -4 -4 -4 -4  0 -4 -5  8  0  0 -6 -5 -3    4   1   0   0   0   0   3   0   0   0   1   4   0   0  74   5   7   0   0   1  1.83 inf
  280 D    0  2 -1  3 -4  3  3 -1 -1 -4 -4  2 -3 -4  0  0 -1 -4 -3 -3    6  16   0  20   0  14  22   3   0   0   0  12   0   0   3   4   1   0   0   0  0.45 inf
  281 E   -1 -1 -2 -1 -4  2  4 -3 -2 -4 -4  0 -3 -5  6 -2 -2 -4 -4 -4    4   2   0   0   0   8  44   0   0   0   0   2   0   0  40   0   0   0   0   0  1.09 inf
  282 A    5 -2 -2 -2 -1 -1 -1 -1 -2 -2 -2 -1 -2 -3 -2  2  0 -3 -3 -1   81   0   0   0   0   0   0   0   0   0   0   0   0   0   0  19   0   0   0   0  0.66 inf

                      K         Lambda
Standard Ungapped    0.1369     0.3229
Standard Gapped      0.0540     0.2670
PSI Ungapped         0.1766     0.3139
PSI Gapped           0.0540     0.2670
