
Last position-specific scoring matrix computed, weighted observed percentages rounded down, information per position, and relative weight of gapless real matches to pseudocounts
           A  R  N  D  C  Q  E  G  H  I  L  K  M  F  P  S  T  W  Y  V   A   R   N   D   C   Q   E   G   H   I   L   K   M   F   P   S   T   W   Y   V
    1 M   -1 -2 -2 -3 -2 -1 -2 -3 -2  1  2 -2  6  0 -3 -2 -1 -2 -1  1    0   0   0   0   0   0   0   0   0   0   0   0 100   0   0   0   0   0   0   0  0.48 inf
    2 Y   -2 -2  3 -1 -3 -2 -2 -2  0 -1 -1 -2 -1  4 -3 -1 -1  1  4 -2    0   0  28   0   0   0   0   0   0   0   0   0   0  41   0   0   0   0  31   0  0.45 inf
    3 N   -2 -1  5  4 -3  0  0 -1  0 -3 -4  0 -3 -3 -2  0  0 -4 -3 -3    0   0  72  28   0   0   0   0   0   0   0   0   0   0   0   0   0   0   0   0  0.70 inf
    4 L   -1  0 -2 -2 -2  2  0 -3 -1  0  3  1  1 -1 -2 -1 -1 -2 -1  0    0   0   0   0   0  21   0   0   0   0  59  20   0   0   0   0   0   0   0   0  0.20 inf
    5 H   -2 -1 -1 -2 -3 -1 -1 -3  7 -2 -1 -2 -1  4 -3 -2 -2 -1  2 -2    0   0   0   0   0   0   0   0  59   0   0   0   0  41   0   0   0   0   0   0  0.60 inf
    6 R   -1  5  0 -1 -3  3  1 -2  0 -3 -2  2 -1 -3 -2 -1 -1 -3 -2 -3    0  72   0   0   0  28   0   0   0   0   0   0   0   0   0   0   0   0   0   0  0.65 inf
    7 E   -1  1  0  0 -3  3  3 -2  0 -3 -3  3 -1 -3 -1  0 -1 -3 -2 -2    0   0   0   0   0  21  31   0   0   0   0  48   0   0   0   0   0   0   0   0  0.49 inf
    8 K    0  0  0 -1 -2  0  0 -1 -1 -1 -1  2 -1  2 -1  1  0 -1  0 -1    2   1   1   2   1   1   2   2   1   1   3  33   1  22   1  22   2   0   1   2  0.12 inf
    9 I   -1  0 -1 -1 -2  3  0 -2 -1  2  0  0  0 -1 -1 -1  0 -1 -1  1    2   1   1   2   1  42   2   2   1  32   3   2   1   1   1   2   2   0   1   2  0.14 inf
   10 F   -1 -1 -2 -2 -2 -1 -2 -2  1 -1  0 -1  0  4 -2 -1 -1  1  5 -1    2   1   1   2   1   1   2   2   1   1   3   2   1  32   1   2   2   0  42   2  0.39 inf
   11 M    0 -1  2  0 -1  0 -1 -1 -1  0  0  0  3 -1 -1  1  0 -2 -1 -1    2   1  22   2   1   1   2   2   1   1   3   2  32   1   1  22   2   0   1   2  0.11 inf
   12 S    0 -1  0 -1 -1  0  0 -1 -1 -1  1  0  0 -1 -1  3  1 -2 -1 -1    2   1   1   2   1   1   2   2   1   1  23   2   1   1   1  54   2   0   1   2  0.14 inf
   13 Y   -2 -2 -2 -3 -3 -2 -2 -3  2 -2 -1 -2 -1  3 -3 -2 -2  2  7 -1    0   0   0   0   0   0   0   0   0   0   0   0   0   0   0   0   0   0 100   0  0.98 inf
   14 N   -1  2  4  0 -3  0 -1 -1  0 -1 -1  0  3 -2 -2  0 -1 -3 -2 -1    0  21  51   0   0   0   0   0   0   0   0   0  28   0   0   0   0   0   0   0  0.31 inf
   15 Q   -1  1  0 -1 -3  4  1 -2  0 -2 -2  3 -1 -3 -1  0  2 -2 -2 -2    0   0   0   0   0  51   0   0   0   0   0  28   0   0   0   0  21   0   0   0  0.42 inf
   16 N    2 -1  3  0 -2  0  2 -1  0 -2 -2  0 -2 -3 -1  1  0 -3 -2 -2   41   0  31   0   0   0  28   0   0   0   0   0   0   0   0   0   0   0   0   0  0.31 inf
   17 K   -1  5  0 -1 -4  1  0 -2  0 -3 -2  3 -2 -3 -2 -1 -1 -3 -2 -3    0  69   0   0   0   0   0   0   0   0   0  31   0   0   0   0   0   0   0   0  0.65 inf
   18 Q    2  0  2  0 -2  3  0 -1  0 -2 -2  0 -1 -3 -1  1  2 -3 -2 -1   28   0  21   0   0  31   0   0   0   0   0   0   0   0   0   0  20   0   0   0  0.27 inf
   19 Y   -1 -1 -1 -2 -2 -1 -1 -2  4 -2 -2 -1 -1  1 -2  1 -1  1  5 -2    0   0   0   0   0   0   0   0  20   0   0   0   0   0   0  28   0   0  52   0  0.46 inf
   20 L   -2 -3 -3 -4 -2 -3 -3 -4 -2  1  3 -3  1  4 -3 -3 -2  0  1  0    0   0   0   0   0   0   0   0   0   0  59   0   0  41   0   0   0   0   0   0  0.44 inf
   21 E   -1 -2 -2 -1 -2  0  2 -3 -2  2  3 -1  1 -1 -2 -2 -1 -2 -1  1    0   0   0   0   0   0  31   0   0  21  48   0   0   0   0   0   0   0   0   0  0.21 inf
   22 D    0  0  1  3 -2  4  1 -1  0 -3 -3  0 -1 -3 -1  2  0 -3 -2 -2    0   0   0  31   0  41   0   0   0   0   0   0   0   0   0  28   0   0   0   0  0.44 inf
   23 N   -2 -1  6  1 -3  0  0 -1  4 -3 -4  0 -2 -3 -2  0  0 -4 -1 -3    0   0  80   0   0   0   0   0  20   0   0   0   0   0   0   0   0   0   0   0  0.67 inf
   24 P   -1 -2 -3 -3 -2 -2 -2 -3  0 -1  1 -2  0  1  4 -2 -1  0  5 -1    0   0   0   0   0   0   0   0   0   0  28   0   0   0  31   0   0   0  41   0  0.57 inf
   25 E   -1 -1  4  4 -3  1  3 -1  0 -3 -3  0 -2 -3 -2  0 -1 -4 -2 -3    0   0  41  28   0   0  31   0   0   0   0   0   0   0   0   0   0   0   0   0  0.57 inf
   26 I   -1  0 -1  0 -3  4  3 -3 -1  1 -1  0  0 -2 -2 -1 -1 -3 -2  0    0   0   0   0   0  41  28   0   0  31   0   0   0   0   0   0   0   0   0   0  0.29 inf
   27 Q   -1 -1 -2 -2 -2  3 -1 -3 -1  1  3 -1  1  0 -2 -2 -1 -2 -1  0    0   0   0   0   0  31   0   0   0   0  69   0   0   0   0   0   0   0   0   0  0.28 inf
   28 E   -1 -2 -2 -1 -2 -1  2 -3 -2  3  1 -1  0 -1 -2 -2 -1 -3 -2  2    0   0   0   0   0   0  31   0   0  69   0   0   0   0   0   0   0   0   0   0  0.23 inf
   29 K   -1  1  4  1 -3  1  3 -1  0 -3 -3  3 -2 -3 -2  0 -1 -3 -2 -3    0   0  41   0   0   0  28   0   0   0   0  31   0   0   0   0   0   0   0   0  0.45 inf
   30 I   -1 -2 -3 -3 -1 -2 -3 -4 -3  3  2 -2  4  0 -3 -2 -1 -2 -1  2    0   0   0   0   0   0   0   0   0  51  21   0  28   0   0   0   0   0   0   0  0.34 inf
   31 E   -1  0  0  1 -4  2  5 -2  0 -3 -3  1 -2 -3 -1  0 -1 -3 -2 -3    0   0   0   0   0   0 100   0   0   0   0   0   0   0   0   0   0   0   0   0  0.79 inf
   32 L   -1  1 -1 -1 -3  3  0 -2 -1 -1  1  3  0 -2 -2 -1 -1 -2 -2 -1    0   0   0   0   0  28   0   0   0   0  31  41   0   0   0   0   0   0   0   0  0.24 inf
   33 Y   -2  0 -2 -2 -3 -1 -1 -3  1 -1 -1  2 -1  4 -3 -1 -2  1  5 -2    0   0   0   0   0   0   0   0   0   0   0  28   0  20   0   0   0   0  52   0  0.47 inf
   34 G   -1 -2 -2 -3 -2 -2 -2  3 -1  1 -1 -2 -1  0 -3 -1 -1  0  4  2    0   0   0   0   0   0   0  31   0   0   0   0   0   0   0   0   0   0  28  41  0.25 inf
   35 L   -1 -2 -2 -3 -1 -1 -2 -3 -2  1  3 -2  3  0 -2  1  0 -2 -1  0    0   0   0   0   0   0   0   0   0   0  52   0  28   0   0  20   0   0   0   0  0.24 inf
   36 N    0 -1  3  1 -2  0  2 -1  0 -2 -3  0 -2 -3 -1  2  2 -3 -2 -2    0   0  31   0   0   0  21   0   0   0   0   0   0   0   0  28  20   0   0   0  0.35 inf
   37 L   -1  0 -2 -1 -2  0  2 -3 -2  1  2  1  1 -1 -2 -1 -1 -3 -2  2    0   0   0   0   0   0  21   0   0   0  31  20   0   0   0   0   0   0   0  28  0.13 inf
   38 L   -1 -2 -3 -3 -1 -2 -3 -3 -3  2  3 -2  3  0 -3 -2 -1 -2 -1  2    0   0   0   0   0   0   0   0   0  20  31   0  28   0   0   0   0   0   0  21  0.31 inf
   39 N   -1 -2  3  2 -2 -1 -1 -2 -1  0 -1 -1 -1  2 -2 -1 -1 -2  0  1    0   0  31  20   0   0   0   0   0   0   0   0   0  21   0   0   0   0   0  28  0.18 inf
   40 E   -1  0  4  1 -3  1  4 -1  0 -3 -3  0 -2 -3 -2  0 -1 -3 -2 -3    0   0  49   0   0   0  51   0   0   0   0   0   0   0   0   0   0   0   0   0  0.58 inf
   41 V    0 -2 -2 -2 -1 -2 -2 -3 -3  3  1 -2  1 -1 -2  1  0 -3 -1  3    0   0   0   0   0   0   0   0   0  48   0   0   0   0   0  21   0   0   0  31  0.22 inf
   42 I   -1 -3 -3 -3 -1 -3 -3 -4 -3  4  1 -3  1  0 -3 -2 -1 -3 -1  3    0   0   0   0   0   0   0   0   0  79   0   0   0   0   0   0   0   0   0  21  0.41 inf
   43 S    0  0  3  0 -2  0  0 -1  4 -3 -3  2 -2 -3 -1  2  0 -3 -1 -2    0   0  20   0   0   0   0   0  21   0   0  28   0   0   0  31   0   0   0   0  0.32 inf
   44 D   -1  0  0  3 -3  3  3 -2  0 -3 -3  2 -2 -3 -1  0 -1 -3 -2 -3    0   0   0  31   0  21  28   0   0   0   0  20   0   0   0   0   0   0   0   0  0.50 inf
   45 N    1 -1  5  1 -2  0 -1  0  0 -3 -3  0 -2 -3 -2  1  0 -4 -2 -2   28   0  72   0   0   0   0   0   0   0   0   0   0   0   0   0   0   0   0   0  0.50 inf
   46 E    1 -1 -2 -1 -2  0  2 -2 -2  0  2 -1  0 -1 -2  0 -1 -2 -2  0   28   0   0   0   0   0  31   0   0   0  41   0   0   0   0   0   0   0   0   0  0.16 inf
   47 E    1  0 -1  1 -3  3  4 -2  0 -3 -3  1 -2 -3 -1  0 -1 -3 -2 -2   21   0   0   0   0  20  59   0   0   0   0   0   0   0   0   0   0   0   0   0  0.48 inf
   48 E   -1  0  0  4 -4  3  4 -2  0 -3 -3  1 -2 -3 -1  0 -1 -3 -2 -3    0   0   0  28   0  20  52   0   0   0   0   0   0   0   0   0   0   0   0   0  0.62 inf
   49 I   -1 -3 -3 -3 -1 -2 -3 -4 -3  4  2 -2  3  0 -3 -2 -1 -2 -1  2    0   0   0   0   0   0   0   0   0  72   0   0  28   0   0   0   0   0   0   0  0.36 inf
   50 R   -1  3 -1 -2 -2  0 -1 -3  4  1  0  0  0 -1 -2 -1 -1 -3  0  1    0  31   0   0   0   0   0   0  28  21   0   0   0   0   0   0   0   0   0  20  0.22 inf
   51 A    3  0  2 -1 -1  3  0  0  0 -2 -2  0 -1 -3 -1  1  0 -3 -2 -1   52   0  20   0   0  28   0   0   0   0   0   0   0   0   0   0   0   0   0   0  0.29 inf
   52 D   -2 -1  3  6 -4  0  1 -1 -1 -3 -4 -1 -3 -4 -2  0 -1 -4 -3 -3    0   0  21  79   0   0   0   0   0   0   0   0   0   0   0   0   0   0   0   0  0.83 inf
   53 Y   -2 -2 -3 -4 -3 -2 -3 -3  1 -1  0 -3 -1  5 -3 -2 -2  2  6 -1    0   0   0   0   0   0   0   0   0   0   0   0   0  48   0   0   0   0  52   0  0.75 inf
   54 N   -2 -1  5  1 -3  0  0 -1  5 -3 -3  0 -2 -3 -2  0 -1 -3 -1 -3    0   0  72   0   0   0   0   0  28   0   0   0   0   0   0   0   0   0   0   0  0.65 inf
   55 E   -1  0  0  1 -4  2  5 -2  0 -3 -3  1 -2 -3 -1  0 -1 -3 -2 -3    0   0   0   0   0   0 100   0   0   0   0   0   0   0   0   0   0   0   0   0  0.79 inf
   56 A    4 -2 -1 -2 -1 -1 -1  3 -2 -2 -2 -1 -1 -3 -1  1  0 -3 -2 -1   72   0   0   0   0   0   0  28   0   0   0   0   0   0   0   0   0   0   0   0  0.43 inf
   57 N    0 -1  3  0 -2  0 -1 -1 -1 -3 -3  0 -2 -3  4  2  0 -3 -2 -2    0   0  31   0   0   0   0   0   0   0   0   0   0   0  28  41   0   0   0   0  0.59 inf
   58 F   -2 -1  2  0 -3  0  2 -2  0 -2 -1 -1 -1  4 -2 -1 -1  0  4 -2    0   0  20   0   0   0  28   0   0   0   0   0   0  31   0   0   0   0  21   0  0.31 inf
   59 L   -2 -2 -4 -4 -1 -2 -3 -4 -3  2  4 -3  2  0 -3 -3 -1 -2 -1  1    0   0   0   0   0   0   0   0   0   0 100   0   0   0   0   0   0   0   0   0  0.50 inf
   60 H   -2 -1 -1 -3 -2 -1 -2 -3  5 -1  1 -2  0  1 -3 -2 -2  0  5 -1    0   0   0   0   0   0   0   0  31   0  28   0   0   0   0   0   0   0  41   0  0.43 inf
   61 P   -1 -2 -2 -2 -3 -1 -1 -2 -2 -3 -3 -1 -3 -4  8 -1 -1 -4 -3 -3    0   0   0   0   0   0   0   0   0   0   0   0   0   0 100   0   0   0   0   0  2.10 inf
   62 F   -2 -3 -3 -4 -3 -3 -3 -3 -1  0  0 -3  0  7 -4 -3 -2  1  3 -1    0   0   0   0   0   0   0   0   0   0   0   0   0 100   0   0   0   0   0   0  0.83 inf
   63 W   -3 -3 -4 -5 -3 -2 -3 -3 -3 -3 -2 -3 -2  1 -4 -3 -3 11  2 -3    0   0   0   0   0   0   0   0   0   0   0   0   0   0   0   0   0 100   0   0  2.49 inf
   64 M   -1  3 -1 -1 -3  4  0 -2  0 -1  0  1  3 -2 -2 -1 -1 -2 -1 -1    0  28   0   0   0  41   0   0   0   0   0   0  31   0   0   0   0   0   0   0  0.33 inf
   65 N   -2 -1  6  1 -3  0  0 -1  0 -3 -4  0 -2 -3 -2  0  0 -4 -2 -3    0   0 100   0   0   0   0   0   0   0   0   0   0   0   0   0   0   0   0   0  0.81 inf
   66 Y   -2 -2 -2 -3 -3 -2 -2 -3  2 -2 -1 -2 -1  3 -3 -2 -2  2  7 -1    0   0   0   0   0   0   0   0   0   0   0   0   0   0   0   0   0   0 100   0  0.98 inf
   67 P   -1 -2 -2 -2 -3 -1 -1 -2 -2 -3 -3 -1 -3 -4  8 -1 -1 -4 -3 -3    0   0   0   0   0   0   0   0   0   0   0   0   0   0 100   0   0   0   0   0  2.10 inf
   68 P   -1 -2 -2 -2 -3 -1 -1 -2 -2 -3 -3 -1 -3 -4  8 -1 -1 -4 -3 -3    0   0   0   0   0   0   0   0   0   0   0   0   0   0 100   0   0   0   0   0  2.10 inf
   69 L   -1 -1 -1  3 -3  1  4 -2 -1 -1  1  0  0 -2 -2 -1 -1 -3 -2 -1    0   0   0  20   0   0  49   0   0   0  31   0   0   0   0   0   0   0   0   0  0.32 inf
   70 D   -1  0  3  4 -3  3  3 -1  0 -3 -3  0 -2 -3 -2  0 -1 -3 -2 -3    0   0  20  31   0  28  21   0   0   0   0   0   0   0   0   0   0   0   0   0  0.52 inf
   71 R   -2  6 -1 -2 -4  1  0 -3  0 -3 -2  2 -2 -3 -2 -1 -1 -3 -2 -3    0 100   0   0   0   0   0   0   0   0   0   0   0   0   0   0   0   0   0   0  0.82 inf
   72 G    0 -3 -1 -1 -3 -2 -2  6 -2 -4 -4 -2 -3 -3 -2  0 -2 -3 -3 -3    0   0   0   0   0   0   0 100   0   0   0   0   0   0   0   0   0   0   0   0  1.09 inf
   73 K   -1  5  0 -1 -4  1  0 -2  0 -3 -2  3 -2 -3 -2 -1 -1 -3 -2 -3    0  69   0   0   0   0   0   0   0   0   0  31   0   0   0   0   0   0   0   0  0.65 inf
   74 M    3 -1 -1 -2 -1  2  0 -1 -1 -1  0  0  3 -2 -1  0  0 -2 -2  0   48   0   0   0   0  21   0   0   0   0   0   0  31   0   0   0   0   0   0   0  0.20 inf
   75 P   -1 -2 -2 -2 -3 -2 -2 -3 -2 -2 -2 -2 -2  3  7 -1 -1 -2  0 -2    0   0   0   0   0   0   0   0   0   0   0   0   0  28  72   0   0   0   0   0  1.32 inf
   76 K   -1  3 -1 -2 -2  0 -1 -3 -1  2  0  2  0 -2 -2 -1 -1 -3 -2  1    0  28   0   0   0   0   0   0   0  41   0  31   0   0   0   0   0   0   0   0  0.21 inf
   77 G    0 -2  3  0 -3 -1 -2  5 -1 -4 -4 -1 -3 -3 -2  0 -1 -3 -3 -3    0   0  28   0   0   0   0  72   0   0   0   0   0   0   0   0   0   0   0   0  0.77 inf
   78 D   -2 -1  1  5 -4  0  3 -2 -1 -3 -4  0 -3 -4 -2  0 -1 -4 -3 -3    0   0   0  72   0   0  28   0   0   0   0   0   0   0   0   0   0   0   0   0  0.80 inf
   79 Q    2  0  0 -1 -2  5  1 -1  0 -2 -2  1 -1 -3 -1  0 -1 -2 -2 -2   28   0   0   0   0  72   0   0   0   0   0   0   0   0   0   0   0   0   0   0  0.47 inf
   80 I   -2 -3 -3 -3 -2 -2 -3 -4  0  3  1 -2  0  1 -3 -2 -1  0  5  2    0   0   0   0   0   0   0   0   0  59   0   0   0   0   0   0   0   0  41   0  0.38 inf
   81 P   -1 -2 -2 -2 -3 -1 -1 -2 -2 -3 -3 -1 -3 -4  8 -1 -1 -4 -3 -3    0   0   0   0   0   0   0   0   0   0   0   0   0   0 100   0   0   0   0   0  2.10 inf
   82 W   -2 -3 -3 -4 -2 -2 -3 -3 -2 -1  0 -3  3  1 -4 -3 -2 10  1 -2    0   0   0   0   0   0   0   0   0   0   0   0  28   0   0   0   0  72   0   0  1.60 inf
   83 I   -2 -3 -4 -4 -1 -3 -3 -4 -3  3  3 -3  2  0 -3 -3 -1 -2 -1  2    0   0   0   0   0   0   0   0   0  51  49   0   0   0   0   0   0   0   0   0  0.39 inf
   84 E   -1  0  0  1 -4  2  5 -2  0 -3 -3  1 -2 -3 -1  0 -1 -3 -2 -3    0   0   0   0   0   0 100   0   0   0   0   0   0   0   0   0   0   0   0   0  0.79 inf
   85 V   -1 -3 -3 -3 -1 -2 -3 -3 -3  2  2 -2  1 -1 -3 -2  0 -3 -1  4    0   0   0   0   0   0   0   0   0   0  28   0   0   0   0   0   0   0   0  72  0.34 inf
   86 G    2 -2 -1 -2 -2 -2 -2  5 -2 -3 -3 -1 -2 -3 -2  0 -1 -3 -3 -2   21   0   0   0   0   0   0  79   0   0   0   0   0   0   0   0   0   0   0   0  0.81 inf
   87 E   -1  0  0  1 -4  2  5 -2  0 -3 -3  1 -2 -3 -1  0 -1 -3 -2 -3    0   0   0   0   0   0 100   0   0   0   0   0   0   0   0   0   0   0   0   0  0.79 inf
   88 K   -1  1  0 -1 -3  1  0 -2  6 -3 -3  4 -2 -2 -2 -1 -1 -3  0 -3    0   0   0   0   0   0   0   0  41   0   0  59   0   0   0   0   0   0   0   0  0.50 inf
   89 A    2 -2 -1 -2 -1 -1 -1 -1 -2  0  1 -1  0 -1 -1  1  3 -2 -2  0   31   0   0   0   0   0   0   0   0   0  28   0   0   0   0   0  41   0   0   0  0.20 inf
   90 V   -1 -3 -3 -3 -1 -3 -3 -4 -3  3  1 -3  1 -1 -3 -2  0 -3 -1  4    0   0   0   0   0   0   0   0   0  41   0   0   0   0   0   0   0   0   0  59  0.37 inf
   91 G    0 -3 -1 -1 -3 -2 -2  6 -2 -4 -4 -2 -3 -3 -2  0 -2 -3 -3 -3    0   0   0   0   0   0   0 100   0   0   0   0   0   0   0   0   0   0   0   0  1.09 inf
   92 S    0 -1  1  3 -2  0  2 -1 -1 -3 -3  0 -2 -3 -1  3  1 -3 -2 -2    0   0   0  21   0   0  20   0   0   0   0   0   0   0   0  59   0   0   0   0  0.41 inf
   93 K   -1  2  0 -1 -3  1  0 -2  5 -3 -3  4 -2 -3 -1  0 -1 -3  0 -3    0   0   0   0   0   0   0   0  28   0   0  72   0   0   0   0   0   0   0   0  0.48 inf
   94 L   -2 -3 -4 -4 -1 -2 -3 -4 -3  3  4 -3  2  0 -3 -3 -1 -2 -1  1    0   0   0   0   0   0   0   0   0  28  72   0   0   0   0   0   0   0   0   0  0.41 inf
   95 T   -1 -2 -2 -2 -2 -2 -2 -2 -2  1 -1 -1 -1 -2  5  0  2 -3 -2  0    0   0   0   0   0   0   0   0   0  28   0   0   0   0  41   0  31   0   0   0  0.62 inf
   96 R   -1  5  0 -1 -4  1  0 -2  0 -3 -2  3 -2 -3 -2 -1 -1 -3 -2 -3    0  72   0   0   0   0   0   0   0   0   0  28   0   0   0   0   0   0   0   0  0.66 inf
   97 L    1 -2 -3 -3 -1 -2 -2 -2 -3  1  3 -2  1  0 -2 -1 -1 -2 -1  1   28   0   0   0   0   0   0   0   0   0  72   0   0   0   0   0   0   0   0   0  0.27 inf
   98 V   -1 -3 -3 -4 -1 -2 -3 -4 -3  2  3 -3  1  0 -3 -2 -1 -2 -1  3    0   0   0   0   0   0   0   0   0   0  41   0   0   0   0   0   0   0   0  59  0.33 inf
   99 S    0 -1 -1  0  5  0  3 -2 -1 -2 -2  0 -2 -3 -2  2  0 -3 -2 -2    0   0   0   0  28   0  41   0   0   0   0   0   0   0   0  31   0   0   0   0  0.42 inf
  100 Q   -1 -1 -1 -1  5  3  0 -2  5 -3 -2  0 -1 -3  3 -1 -1 -3 -1 -2    0   0   0   0  21  31   0   0  28   0   0   0   0   0  20   0   0   0   0   0  0.50 inf
  101 R   -1  3  2 -1 -3  1  0 -2  0 -3 -2  3 -2 -1 -2  0 -1 -1  3 -2    0  31  21   0   0   0   0   0   0   0   0  28   0   0   0   0   0   0  20   0  0.34 inf
  102 E   -1 -1 -1  0 -2  0  2 -2 -1  0  1 -1  0  3 -2 -1 -1 -1  0 -1    2   1   1   1   0   1  32   1   0   1  30   1   0  22   1   1   1   0   1   1  0.14 inf
  103 D   -1 -1  0  4 -3  1  4 -1  0 -2 -2  0 -2 -3 -1  0 -1 -2 -2 -2    2   1   1  32   0   1  50   1   0   1   2   1   0   1   1   1   1   0   1   1  0.48 inf
  104 I   -1 -2 -2 -2 -1 -2 -2 -2 -2  3  1 -2  1  3 -2 -1 -1 -1  0  1    2   1   1   2   1   1   2   2   1  53   3   2   1  21   1   2   2   0   1   2  0.14 inf
  105 T    0 -1  3  0 -2  0  0 -1  4 -2 -2 -1 -1 -2 -2  2  2 -3 -1 -2    0   0  28   0   0   0   0   0  20   0   0   0   0   0   0  21  31   0   0   0  0.34 inf
  106 V    0 -2 -2 -2 -1 -2 -2 -2 -2  3  1 -2  1 -1 -2 -1  0 -2 -1  3    2   1   1   1   0   1   1   2   0  21   2   1   0   1   1   1   1   0   1  61  0.21 inf
  107 R   -1  5  0 -1 -3  1  0 -2  0 -2 -2  2 -1 -2 -1 -1 -1 -2 -1 -2    2  80   1   1   0   1   1   2   0   1   2   1   0   1   1   1   1   0   1   1  0.55 inf
  108 E   -2 -1  0  4 -3  0  3 -2 -1 -2 -2 -1 -2  3 -2 -1 -1 -2  0 -2    0   0   0  41   0   0  31   0   0   0   0   0   0  28   0   0   0   0   0   0  0.42 inf
  109 I   -1 -2 -3 -3 -2 -2 -2 -3 -3  2  1 -2  2 -1  4 -2 -1 -3 -2  2    0   0   0   0   0   0   0   0   0  31   0   0  20   0  28   0   0   0   0  21  0.43 inf
  110 G    0 -3 -1 -1 -3 -2 -2  6 -2 -4 -4 -2 -3 -3 -2  0 -2 -3 -3 -3    0   0   0   0   0   0   0 100   0   0   0   0   0   0   0   0   0   0   0   0  1.09 inf
  111 L   -2 -2 -4 -4 -1 -2 -3 -4 -3  2  4 -3  2  0 -3 -3 -1 -2 -1  1    0   0   0   0   0   0   0   0   0   0 100   0   0   0   0   0   0   0   0   0  0.50 inf
  112 P   -1 -2 -2 -2 -3 -1 -1 -2 -2 -3 -3 -1 -3 -4  8 -1 -1 -4 -3 -3    0   0   0   0   0   0   0   0   0   0   0   0   0   0 100   0   0   0   0   0  2.10 inf
  113 T    0 -1  0 -1 -1 -1 -1 -1 -2 -1 -2 -1 -1 -2 -1  2  5 -3 -2  0    0   0   0   0   0   0   0   0   0   0   0   0   0   0   0  20  80   0   0   0  0.46 inf
  114 G    0 -3 -1 -1 -3 -2 -2  6 -2 -4 -4 -2 -3 -3 -2  0 -2 -3 -3 -3    0   0   0   0   0   0   0 100   0   0   0   0   0   0   0   0   0   0   0   0  1.09 inf
  115 P    0 -2 -1 -1 -2 -1 -1  3 -2 -2 -3 -1 -2 -3  4  1  2 -3 -3 -2    0   0   0   0   0   0   0  28   0   0   0   0   0   0  31  21  20   0   0   0  0.59 inf
  116 D   -2 -2  1  6 -4  0  1 -1 -1 -3 -4 -1 -3 -4 -2  0 -1 -5 -3 -3    0   0   0 100   0   0   0   0   0   0   0   0   0   0   0   0   0   0   0   0  1.00 inf
  117 E   -1 -2 -2 -1 -2  0  2 -3 -2  2  2 -1  1 -1 -2 -1 -1 -3 -2  2    0   0   0   0   0   0  31   0   0  28  21   0   0   0   0   0   0   0   0  20  0.18 inf
  118 R   -2  6 -1 -2 -4  1  0 -3  0 -3 -2  2 -2 -3 -2 -1 -1 -3 -2 -3    0 100   0   0   0   0   0   0   0   0   0   0   0   0   0   0   0   0   0   0  0.82 inf
  119 Y   -2 -2 -3 -4 -2 -2 -3 -3  0  0  2 -3  1  4 -3 -2 -2  1  4  0    0   0   0   0   0   0   0   0   0   0  41   0   0  28   0   0   0   0  31   0  0.44 inf
  120 L   -1 -2 -3 -3 -1 -2 -3 -3 -3  2  3 -2  3  0 -3 -2 -1 -2 -1  3    0   0   0   0   0   0   0   0   0   0  31   0  28   0   0   0   0   0   0  41  0.30 inf
  121 L   -1 -2 -2 -2 -1 -1 -2 -2 -2  2  3 -2  1  0 -2 -1 -1 -1 -1  1    2   1   1   2   1   1   2   2   1  22  53   2   1   1   1   2   2   0   1   2  0.18 inf
  122 T    0 -1  0 -1 -1  0  0 -1 -1 -1 -1  0 -1 -2 -1  2  3 -2 -1  0    2   1   1   2   1   1   2   2   1   1   3   2   1   1   1  23  52   0   1   2  0.25 inf
  123 S    0  0  4  1 -1  0  0  0  0 -2 -2  0 -1 -2 -1  2  0 -2 -1 -2    2   1  42   2   1   1   2   2   1   1   3   2   1   1   1  33   2   0   1   2  0.29 inf
  124 P    1 -1 -1 -1 -1 -1 -1 -1  0 -1 -1 -1 -1  0  5  0 -1  0  3 -1   22   1   1   2   1   1   2   2   1   1   3   2   1   1  32   2   2   0  22   2  0.44 inf
  125 T    0  2  0  0 -2  1  2 -1 -1 -1 -1  1 -1 -2 -1  0  2 -2 -1 -1    2  22   1   2   1   1  22   2   1   1   3   2   1   1   1   2  33   0   1   2  0.20 inf
  126 I   -1 -2 -2 -2 -1 -2 -2 -2 -2  4  1 -2  1  0 -2 -1 -1 -2 -1  2    2   1   1   2   1   1   2   2   1  73   3   2   1   1   1   2   2   0   1   2  0.19 inf
  127 Y    0 -1  2  0 -1  0 -1 -1  1 -2 -1 -1 -1  1 -1  1  0  0  4 -1    2   1  21   2   1   1   2   2   1   1   3   2   1   1   1  23   2   0  32   2  0.20 inf
  128 S    0  1  0  0 -1  2  1 -1  0 -2 -2  2 -1 -2 -1  2  0 -2 -1 -1    2   1   1   2   1  22   2   2   1   1   3  22   1   1   1  33   2   0   1   2  0.21 inf
  129 L   -1 -2 -2 -2 -1 -1 -2 -2 -2  2  3 -2  1  0 -2 -1 -1 -1 -1  1    2   1   1   2   1   1   2   2   1  22  53   2   1   1   1   2   2   0   1   2  0.18 inf
  130 T    0 -1  0 -1 -1  0 -1 -1 -1 -1 -1 -1 -1 -2 -1  1  4 -2 -1  0    2   1   1   2   1   1   2   2   1   1   3   2   1   1   1   2  73   0   1   2  0.30 inf
  131 N   -1  0  5  1 -2  0  0  0  0 -2 -2  0 -2 -2 -1  0  0 -2 -1 -2    2   1  73   2   1   1   2   2   1   1   3   2   1   1   1   2   2   0   1   2  0.45 inf
  132 G    0  2  0  2 -2  0  0  3 -1 -2 -2  0 -2 -2 -1  0 -1 -2 -2 -2    2  21   1  22   1   1   2  33   1   1   3   2   1   1   1   2   2   0   1   2  0.26 inf
  133 F   -1 -2 -2 -2 -1 -2 -2 -2 -1  1  2 -2  1  4 -2 -1 -1  0  1  1    2   1   1   2   1   1   2   2   1   1  23   2   1  32   1   2   2   0   1  23  0.15 inf
  134 T    0 -1  0 -1 -1 -1 -1 -2 -2 -1 -1 -1 -1 -2 -1  1  5 -3 -2  0    0   0   0   0   0   0   0   0   0   0   0   0   0   0   0   0 100   0   0   0  0.54 inf
  135 D   -2 -1  3  6 -4  0  1 -1 -1 -3 -4 -1 -3 -4 -2  0 -1 -4 -3 -3    0   0  21  79   0   0   0   0   0   0   0   0   0   0   0   0   0   0   0   0  0.83 inf
  136 S    0 -1  1  3 -2  0  0 -1 -1 -2 -3 -1 -2 -3 -1  3  2 -3 -2 -2    0   0   0  28   0   0   0   0   0   0   0   0   0   0   0  52  20   0   0   0  0.39 inf
  137 I    2 -3 -3 -3  7 -2 -3 -2 -3  2  0 -2  0 -2 -2 -1 -1 -3 -2  1   28   0   0   0  41   0   0   0   0  31   0   0   0   0   0   0   0   0   0   0  0.42 inf
  138 M   -2 -2 -3 -4 -2 -2 -3 -3 -2  0  0 -3  3  4 -3 -2 -2  8  2 -1    0   0   0   0   0   0   0   0   0   0   0   0  31  28   0   0   0  41   0   0  0.91 inf
  139 M   -1 -2 -3 -3 -1 -2 -3 -4 -3  3  3 -2  4  0 -3 -2 -1 -2 -1  1    0   0   0   0   0   0   0   0   0  28  41   0  31   0   0   0   0   0   0   0  0.34 inf
  140 F   -2 -2 -2 -3 -3 -2 -2 -3  5 -1  0 -2  0  6 -3 -2 -2  0  3 -1    0   0   0   0   0   0   0   0  28   0   0   0   0  72   0   0   0   0   0   0  0.59 inf
  141 V   -1 -3 -3 -4  5 -3 -3 -3 -3  1  2 -3  1 -1 -3 -2 -1 -2 -2  2    0   0   0   0  28   0   0   0   0   0  41   0   0   0   0   0   0   0   0  31  0.38 inf
  142 D   -2 -1  1  6 -4  0  3 -2 -1 -3 -4  0 -3 -4 -2  0 -1 -4 -3 -3    0   0   0  79   0   0  21   0   0   0   0   0   0   0   0   0   0   0   0   0  0.84 inf
  143 I   -1 -3 -3 -3 -1 -3 -3 -4 -3  5  1 -3  1  0 -3 -3 -1 -3 -1  3    0   0   0   0   0   0   0   0   0 100   0   0   0   0   0   0   0   0   0   0  0.45 inf
  144 K   -1  2  0 -1 -3  1  1 -2 -1 -3 -3  5 -2 -3 -1  0 -1 -3 -2 -2    0   0   0   0   0   0   0   0   0   0   0 100   0   0   0   0   0   0   0   0  0.58 inf
  145 S    1 -1  0 -1 -1 -1 -1 -1 -2  1 -1 -1 -1 -2 -1  3  1 -3 -2  0    0   0   0   0   0   0   0   0   0  28   0   0   0   0   0  72   0   0   0   0  0.24 inf
  146 V    0 -2 -2 -3 -1 -2 -2 -3 -3  2  0 -2  0 -1 -2 -1  2 -3 -1  3    0   0   0   0   0   0   0   0   0   0   0   0   0   0   0   0  28   0   0  72  0.28 inf
  147 G    0 -3 -1 -1 -3 -2 -2  6 -2 -4 -4 -2 -3 -3 -2  0 -2 -3 -3 -3    0   0   0   0   0   0   0 100   0   0   0   0   0   0   0   0   0   0   0   0  1.09 inf
  148 P   -1 -2 -2 -2 -3 -1 -1 -2 -2 -3 -3 -1 -3 -4  8 -1 -1 -4 -3 -3    0   0   0   0   0   0   0   0   0   0   0   0   0   0 100   0   0   0   0   0  2.10 inf
  149 R   -2  5  3 -1 -3  1  0 -2  0 -3 -3  2 -2 -3 -2  0 -1 -3 -2 -3    0  72  28   0   0   0   0   0   0   0   0   0   0   0   0   0   0   0   0   0  0.60 inf
  150 D   -2 -1  1  5 -4  0  3 -2 -1 -3 -4  0 -3 -4 -2  0 -1 -4 -3 -3    0   0   0  72   0   0  28   0   0   0   0   0   0   0   0   0   0   0   0   0  0.80 inf
  151 S    0 -2  0  4 -2 -1  0 -1 -2  0 -1 -1 -1 -2 -2  2  0 -3 -2  1    0   0   0  41   0   0   0   0   0   0   0   0   0   0   0  31   0   0   0  28  0.27 inf
  152 D   -1  0  1  5 -3  4  2 -2  0 -3 -3  0 -2 -4 -2  0 -1 -3 -2 -3    0   0   0  59   0  41   0   0   0   0   0   0   0   0   0   0   0   0   0   0  0.65 inf
  153 Y   -2 -1  4  3 -3 -1  0 -1  1 -3 -3 -1 -2  0 -2  0 -1 -1  4 -2    0   0  48  21   0   0   0   0   0   0   0   0   0   0   0   0   0   0  31   0  0.45 inf
  154 D   -2 -1  1  3 -4  1  3 -2  6 -3 -3  0 -2 -2 -2 -1 -1 -3  0 -3    0   0   0  31   0   0  28   0  41   0   0   0   0   0   0   0   0   0   0   0  0.57 inf
  155 L    2 -2 -3 -3 -1 -2 -2 -2 -2  1  2 -2  1 -1 -2  0  0 -2 -1  2   41   0   0   0   0   0   0   0   0   0  31   0   0   0   0   0   0   0   0  28  0.19 inf
  156 V    0 -3 -3 -3 -1 -2 -3 -3 -3  3  1 -2  1 -1 -3 -2  0 -3 -1  4    0   0   0   0   0   0   0   0   0   0   0   0   0   0   0   0   0   0   0 100  0.40 inf
  157 L   -1 -2 -3 -3 -1 -1 -3 -3 -2  2  3 -2  4  0 -3 -2 -1 -2 -1  2    0   0   0   0   0   0   0   0   0   0  31   0  41   0   0   0   0   0   0  28  0.31 inf
  158 S    1 -1  0 -1 -1  0  0 -1 -1 -3 -3 -1 -2 -3  4  3  1 -3 -2 -2    0   0   0   0   0   0   0   0   0   0   0   0   0   0  28  72   0   0   0   0  0.62 inf
  159 P   -1 -2 -1 -2 -3 -1 -1 -2  4 -3 -3 -1 -2 -3  7 -1 -1 -4 -1 -3    0   0   0   0   0   0   0   0  21   0   0   0   0   0  79   0   0   0   0   0  1.56 inf
  160 N   -2 -1  6  1 -3  0  0 -1  0 -3 -4  0 -2 -3 -2  0  0 -4 -2 -3    0   0 100   0   0   0   0   0   0   0   0   0   0   0   0   0   0   0   0   0  0.81 inf
  161 Q   -1  1  0  0 -3  6  2 -2  0 -3 -2  1 -1 -3 -1  0 -1 -2 -2 -2    0   0   0   0   0 100   0   0   0   0   0   0   0   0   0   0   0   0   0   0  0.74 inf
  162 V   -1 -3 -3 -3 -1 -3 -3 -4 -3  3  1 -3  1 -1 -3 -2  0 -3 -1  4    0   0   0   0   0   0   0   0   0  41   0   0   0   0   0   0   0   0   0  59  0.37 inf
  163 S    1 -1  1  0 -1  0  0  0 -1 -3 -3  0 -2 -3 -1  4  1 -3 -2 -2    0   0   0   0   0   0   0   0   0   0   0   0   0   0   0 100   0   0   0   0  0.51 inf
  164 G    0 -3 -1 -1 -3 -2 -2  6 -2 -4 -4 -2 -3 -3 -2  0 -2 -3 -3 -3    0   0   0   0   0   0   0 100   0   0   0   0   0   0   0   0   0   0   0   0  1.09 inf
  165 N   -1 -1  5  3 -3  0  0 -1  0 -3 -3  0 -2 -3 -2  2  0 -4 -2 -3    0   0  51  28   0   0   0   0   0   0   0   0   0   0   0  21   0   0   0   0  0.54 inf
  166 G    0 -3 -1 -1 -3 -2 -2  6 -2 -4 -4 -2 -3 -3 -2  0 -2 -3 -3 -3    0   0   0   0   0   0   0 100   0   0   0   0   0   0   0   0   0   0   0   0  1.09 inf
  167 D   -1  4  0  3 -4  1  3 -2 -1 -3 -3  1 -2 -3 -2 -1 -1 -3 -2 -3    0  41   0  31   0   0  28   0   0   0   0   0   0   0   0   0   0   0   0   0  0.52 inf
  168 W   -3 -3 -4 -5 -3 -2 -3 -3 -3 -3 -2 -3 -2  1 -4 -3 -3 11  2 -3    0   0   0   0   0   0   0   0   0   0   0   0   0   0   0   0   0 100   0   0  2.49 inf
  169 A    2 -1  0  4 -2  0  2 -1 -1 -3 -3  0 -2 -3 -1  0 -1 -4 -3 -2   31   0   0  48   0   0  21   0   0   0   0   0   0   0   0   0   0   0   0   0  0.46 inf
  170 Q    3 -1 -1 -2 -1  3  0 -1 -1  0 -1  0  0 -2 -1  0  0 -3 -2  1   48   0   0   0   0  31   0   0   0   0   0   0   0   0   0   0   0   0   0  21  0.22 inf
  171 L   -2 -2 -2 -2 -2 -1  1 -3 -1  0  2 -2  1  5 -3 -2 -2  0  1 -1    0   0   0   0   0   0  20   0   0   0  31   0   0  49   0   0   0   0   0   0  0.31 inf
  172 E    0  0  0  3 -2  1  3 -1  0 -2 -2  0 -1 -2 -1  1  0 -2 -1 -2    2   1   1  21   1   1  33   2   1   1   3   2   1   1   1  23   2   0   1   2  0.29 inf
  173 G   -1 -1  3  3 -2  0  0  3 -1 -2 -2 -1 -2 -2 -1  0 -1 -2 -2 -2    2   1  21  22   1   1   2  33   1   1   3   2   1   1   1   2   2   0   1   2  0.31 inf
  174 G    0 -3 -1 -1 -3 -2 -2  6 -2 -4 -4 -2 -3 -3 -2  0 -2 -3 -3 -3    0   0   0   0   0   0   0 100   0   0   0   0   0   0   0   0   0   0   0   0  1.09 inf
  175 I   -1 -3 -3 -3 -1 -3 -3 -4 -3  3  2 -3  1  0 -3 -2 -1 -2 -1  3    0   0   0   0   0   0   0   0   0  52  28   0   0   0   0   0   0   0   0  20  0.36 inf
  176 Q    0  3  0 -1 -2  3  0 -2 -1 -1 -1  1 -1 -2 -2  1  0 -3 -2  0    0  28   0   0   0  31   0   0   0   0   0   0   0   0   0  21   0   0   0  20  0.25 inf
  177 N   -2 -1  6  1 -3  0  0 -1  0 -3 -4  0 -2 -3 -2  0  0 -4 -2 -3    0   0 100   0   0   0   0   0   0   0   0   0   0   0   0   0   0   0   0   0  0.81 inf
  178 N   -2 -1  5  4 -3  0  1 -1  0 -3 -4  0 -3 -3 -2  0 -1 -4 -3 -3    0   0  59  41   0   0   0   0   0   0   0   0   0   0   0   0   0   0   0   0  0.69 inf
  179 Q   -1 -1 -1 -2 -2  3  0 -3  5  1  0  0  0 -1 -2 -1 -1 -3  0  1    0   0   0   0   0  31   0   0  28  21   0   0   0   0   0   0   0   0   0  20  0.22 inf
  180 Q   -2 -1 -2 -2 -2  3 -1 -3 -2  2  0 -1  0  0 -3 -2 -1  7  0  1    0   0   0   0   0  31   0   0   0  41   0   0   0   0   0   0   0  28   0   0  0.50 inf
  181 T    0 -2 -1 -2 -1 -1 -1 -2 -2  0 -1 -1 -1 -2  4  0  3 -3 -2  1    0   0   0   0   0   0   0   0   0   0   0   0   0   0  28   0  52   0   0  20  0.50 inf
  182 I    2 -2 -3 -3 -1 -2 -2 -2 -3  3  1 -2  0 -1 -2 -1 -1 -3 -2  2   41   0   0   0   0   0   0   0   0  59   0   0   0   0   0   0   0   0   0   0  0.22 inf
  183 Q   -1  3  0 -1 -3  3  1 -2  0 -2 -2  2 -1 -3 -2  0  1 -3 -2 -2    0  28   0   0   0  31   0   0   0   0   0  20   0   0   0   0  21   0   0   0  0.39 inf
  184 G    0 -3 -1 -1 -3 -2 -2  6 -2 -4 -4 -2 -3 -3 -2  0 -2 -3 -3 -3    0   0   0   0   0   0   0 100   0   0   0   0   0   0   0   0   0   0   0   0  1.09 inf
  185 P    0  1  0 -1 -2  0  0 -1 -1 -3 -3  3 -2 -3  5  2  0 -3 -2 -2    0   0   0   0   0   0   0   0   0   0   0  41   0   0  31  28   0   0   0   0  0.58 inf
  186 R   -2  6 -1 -2 -4  1  0 -3  0 -3 -2  2 -2 -3 -2 -1 -1 -3 -2 -3    0 100   0   0   0   0   0   0   0   0   0   0   0   0   0   0   0   0   0   0  0.82 inf
  187 S    1  0 -1 -1 -2  0 -1  3 -2 -3 -3  1 -2 -3  3  1  0 -3 -2 -2   21   0   0   0   0   0   0  28   0   0   0  20   0   0  15  15   0   0   0   0  0.37 inf
  188 S    0 -1  2  0 -1 -1 -1 -1 -1 -1  1 -1  0 -1 -2  3  1 -3 -2 -1    0   0  21   0   0   0   0   0   0   0  28   0   0   0   0  51   0   0   0   0  0.20 inf
  189 Q   -1  0  3  0 -3  4  1 -2  4 -3 -3  1 -1 -3 -2  0 -1 -3 -1 -3    0   0  28   0   0  51   0   0  21   0   0   0   0   0   0   0   0   0   0   0  0.49 inf
  190 I   -2 -3 -2  2 -2 -2 -1 -3 -2  2  0 -2  0  3  3 -2 -1 -1  0  0    0   0   0  20   0   0   0   0   0  31   0   0   0  28  21   0   0   0   0   0  0.29 inf
  191 F   -2 -3 -3 -4 -3 -3 -3 -3 -1  0  0 -3  0  7 -4 -3 -2  1  3 -1    0   0   0   0   0   0   0   0   0   0   0   0   0 100   0   0   0   0   0   0  0.83 inf
  192 L   -2 -1 -2 -2 -2  2 -1 -3  0  0  1 -1  0  1 -3 -1 -1  0  5 -1    0   0   0   0   0  28   0   0   0   0  31   0   0   0   0   0   0   0  41   0  0.31 inf
  193 P   -1 -3 -2 -2  7 -2 -2 -2 -3 -2 -2 -2 -2 -3  6 -1 -1 -3 -3 -2    0   0   0   0  41   0   0   0   0   0   0   0   0   0  59   0   0   0   0   0  1.31 inf
  194 T    0  0  0 -1 -1  0  0 -1 -1 -2 -2  2 -1 -3 -1  3  3 -3 -2 -1    0   0   0   0   0   0   0   0   0   0   0  28   0   0   0  41  31   0   0   0  0.32 inf
  195 I   -2 -3 -4 -4 -1 -3 -3 -4 -3  3  3 -3  2  0 -3 -3 -1 -2 -1  2    0   0   0   0   0   0   0   0   0  51  49   0   0   0   0   0   0   0   0   0  0.39 inf
  196 P   -1 -2 -2 -2 -3 -1 -1 -2 -2 -3 -3 -1 -3 -4  8 -1 -1 -4 -3 -3    0   0   0   0   0   0   0   0   0   0   0   0   0   0 100   0   0   0   0   0  2.10 inf
  197 P   -1 -2 -2 -2 -3 -1 -1 -2 -2 -3 -3 -1 -3 -4  8 -1 -1 -4 -3 -3    0   0   0   0   0   0   0   0   0   0   0   0   0   0 100   0   0   0   0   0  2.10 inf
  198 L   -2 -3 -4 -4 -1 -3 -3 -4 -3  3  3 -3  2  0 -3 -3 -1 -2 -1  2    0   0   0   0   0   0   0   0   0  41  59   0   0   0   0   0   0   0   0   0  0.40 inf
  199 Y   -2 -2 -2 -3 -3 -2 -2 -3  2 -2 -1 -2 -1  3 -3 -2 -2  2  7 -1    0   0   0   0   0   0   0   0   0   0   0   0   0   0   0   0   0   0 100   0  0.98 inf
  200 I   -1 -3 -3 -3 -1 -3 -3 -4 -3  3  2 -3  1  0 -3 -2 -1 -2 -1  3    0   0   0   0   0   0   0   0   0  52  28   0   0   0   0   0   0   0   0  20  0.36 inf
  201 L    1 -2 -3 -3 -1 -2 -2 -2 -3  1  3 -2  1  0 -2 -1 -1 -2 -1  1   28   0   0   0   0   0   0   0   0   0  72   0   0   0   0   0   0   0   0   0  0.27 inf
  202 S    1 -1  0 -1 -1 -1 -1  3 -1 -3 -3 -1 -2 -3 -1  4  1 -3 -2 -2    0   0   0   0   0   0   0  28   0   0   0   0   0   0   0  72   0   0   0   0  0.45 inf
  203 D   -2 -2  1  6 -4  0  1 -1 -1 -3 -4 -1 -3 -4 -2  0 -1 -5 -3 -3    0   0   0 100   0   0   0   0   0   0   0   0   0   0   0   0   0   0   0   0  1.00 inf
  204 G    0  0  0 -1 -3 -1 -1  5 -2 -4 -3  2 -2 -3 -2  0 -1 -3 -3 -3    0   0   0   0   0   0   0  72   0   0   0  28   0   0   0   0   0   0   0   0  0.69 inf
  205 T   -1  3 -1 -2 -2  0 -1 -2 -1 -1  1  0  0 -2 -2  0  3 -2 -2  0    0  28   0   0   0   0   0   0   0   0  21   0   0   0   0   0  51   0   0   0  0.24 inf
  206 I   -1  2 -2 -3 -2 -1 -2 -3 -2  4  1  0  1 -1 -3 -2 -1 -3 -2  2    0  28   0   0   0   0   0   0   0  72   0   0   0   0   0   0   0   0   0   0  0.25 inf
  207 A    2 -2 -3 -3 -1 -2 -2 -2 -3  2  1 -2  1 -1 -2 -1  0 -3 -1  3   31   0   0   0   0   0   0   0   0   0  20   0   0   0   0   0   0   0   0  49  0.20 inf
  208 P   -1 -1 -1 -1 -2 -1 -1 -1 -2 -2 -2 -1 -2 -2  7 -1 -1 -2 -2 -2    2   1   1   2   1   1   2   2   1   1   3   2   1   1  73   2   2   0   1   2  1.29 inf
  209 V    0 -3 -3 -3  6 -3 -3 -3 -3  2  0 -3  0 -1 -3 -2  0 -3 -2  3    0   0   0   0  28   0   0   0   0   0   0   0   0   0   0   0   0   0   0  72  0.42 inf
  210 V   -1 -3 -3 -3 -1 -2 -3 -4 -3  3  2 -3  1  0 -3 -2 -1 -3 -1  3    0   0   0   0   0   0   0   0   0  20  28   0   0   0   0   0   0   0   0  52  0.33 inf
  211 H   -1 -2 -1 -2 -2 -1 -1 -3  5  2  0 -1  0 -1 -2 -1  2 -3  0  1    0   0   0   0   0   0   0   0  31  41   0   0   0   0   0   0  28   0   0   0  0.22 inf
  212 L   -2 -3 -3 -4 -2 -3 -3 -4 -2  2  3 -3  1  3 -3 -3 -1 -1  1  1    0   0   0   0   0   0   0   0   0  21  51   0   0  28   0   0   0   0   0   0  0.36 inf
  213 F   -2 -3 -3 -3 -2 -3 -3 -4 -1  2  1 -3  0  4 -3 -2 -1  0  4  1    0   0   0   0   0   0   0   0   0  41   0   0   0  31   0   0   0   0  28   0  0.40 inf
  214 I   -1 -3 -3 -3 -1 -3 -3 -4 -3  4  1 -3  1 -1 -3 -2 -1 -3 -1  3    0   0   0   0   0   0   0   0   0  59   0   0   0   0   0   0   0   0   0  41  0.38 inf
  215 K   -1  2  0 -1 -3  1  1 -2 -1 -3 -3  5 -2 -3 -1  0 -1 -3 -2 -2    0   0   0   0   0   0   0   0   0   0   0 100   0   0   0   0   0   0   0   0  0.58 inf
  216 P    2 -2 -2 -2 -2 -1 -1 -1 -2 -2 -3 -1 -2 -3  7  0 -1 -4 -3 -2   28   0   0   0   0   0   0   0   0   0   0   0   0   0  72   0   0   0   0   0  1.35 inf
  217 I   -1 -3 -3 -3 -1 -3 -3 -4 -3  3  1 -3  1 -1 -3 -2  0 -3 -1  4    0   0   0   0   0   0   0   0   0  31   0   0   0   0   0   0   0   0   0  69  0.37 inf
  218 Y   -2 -2 -2 -3 -3 -2 -2 -3  2 -2 -1 -2 -1  3 -3 -2 -2  2  7 -1    0   0   0   0   0   0   0   0   0   0   0   0   0   0   0   0   0   0 100   0  0.98 inf
  219 A    2  4  0 -1 -2  0  0 -1 -1 -2 -2  1 -1 -3 -1  2  0 -3 -2 -1   31  41   0   0   0   0   0   0   0   0   0   0   0   0   0  28   0   0   0   0  0.33 inf
  220 M   -1 -1 -1 -2 -1  0 -1 -2 -1  1  1 -1  5  0 -1 -1 -1 -1 -1  0    2   1   1   2   1   1   2   2   1   1   3   2  72   1   1   2   2   0   1   2  0.22 inf
  221 R   -1  3 -1 -2 -2  0 -1 -2 -1  0  2  0  1 -1 -1 -1 -1 -1 -1  0    2  32   1   2   1   1   2   2   1   1  43   2   1   1   1   2   2   0   1   2  0.14 inf
  222 S    1 -1  0  0 -1  0  0  0 -1 -2 -2  0 -1 -2  0  4  1 -2 -1 -1    2   1   1   2   1   1   2   2   1   1   3   2   1   1   1  74   2   0   1   2  0.29 inf
  223 L   -1 -1 -2 -2 -1 -1 -2 -2 -2  1  3 -2  2  0 -2 -2 -1 -1 -1  1    2   1   1   2   1   1   2   2   1   1  74   2   1   1   1   2   2   0   1   2  0.23 inf
  224 T    0 -1  0  0 -2  1  3 -2 -1 -2 -2  0 -1 -3 -1  1  4 -3 -2 -1    0   0   0   0   0   0  41   0   0   0   0   0   0   0   0   0  59   0   0   0  0.41 inf
  225 K    0  0 -1 -1 -2  0  2  2 -1  0 -1  2 -1 -2 -2 -1 -1 -3 -2  1    0   0   0   0   0   0  20  21   0   0   0  31   0   0   0   0   0   0   0  28  0.16 inf
  226 G   -1 -1  4  1 -3  0  2  3  0 -4 -3  0 -2 -3 -2  0 -1 -3 -2 -3    0   0  41   0   0   0  28  31   0   0   0   0   0   0   0   0   0   0   0   0  0.47 inf
  227 D   -2 -2  1  5 -3 -1  1 -2  0 -3 -3 -1 -3  0 -2 -1 -1 -1  4 -3    0   0   0  72   0   0   0   0   0   0   0   0   0   0   0   0   0   0  28   0  0.64 inf
  228 T    0 -2  0  2 -2 -1 -1  4 -2 -3 -3 -1 -2 -3 -2  0  2 -3 -3 -2    0   0   0  21   0   0   0  48   0   0   0   0   0   0   0   0  31   0   0   0  0.46 inf
  229 G    0 -3 -1 -2 -2 -2 -2  5 -2  0 -2 -2 -1 -2 -2 -1 -1 -3 -3  1    0   0   0   0   0   0   0  72   0   0   0   0   0   0   0   0   0   0   0  28  0.59 inf
  230 Q   -1  1  0 -1 -3  5  1 -2  5 -3 -3  1 -1 -3 -2  0 -1 -2  0 -3    0   0   0   0   0  72   0   0  28   0   0   0   0   0   0   0   0   0   0   0  0.61 inf
  231 S    0 -2 -1 -1 -2 -1 -1 -2 -2 -3 -3 -1 -2 -3  7  2  0 -4 -3 -2    0   0   0   0   0   0   0   0   0   0   0   0   0   0  69  31   0   0   0   0  1.31 inf
  232 L   -2 -3 -4 -4 -1 -2 -3 -4 -3  3  4 -3  2  0 -3 -3 -1 -2 -1  1    0   0   0   0   0   0   0   0   0  28  72   0   0   0   0   0   0   0   0   0  0.41 inf
  233 Y   -1  3 -1 -2 -2  0 -1  2  0 -3 -2  0 -2  0 -2  1 -1  0  4 -2    0  28   0   0   0   0   0  20   0   0   0   0   0   0   0  21   0   0  31   0  0.28 inf
  234 K   -1  4  0 -1 -3  1  0 -2  5 -3 -3  3 -2 -3 -2 -1 -1 -3  0 -3    0  41   0   0   0   0   0   0  28   0   0  31   0   0   0   0   0   0   0   0  0.50 inf
  235 I   -2 -3 -3 -3 -2 -3 -3 -4 -3  4  1 -3  1  3 -3 -3 -1 -1  1  2    0   0   0   0   0   0   0   0   0  72   0   0   0  28   0   0   0   0   0   0  0.37 inf
  236 K    0  1  0  0 -2  1  3 -1 -1 -3 -3  2 -2 -3 -1  2  0 -3 -2 -2    0   0   0   0   0   0  28   0   0   0   0  31   0   0   0  41   0   0   0   0  0.36 inf
  237 L   -1 -3 -3 -4 -1 -2 -3 -4 -3  2  3 -3  1  3 -3 -2 -1 -1  0  2    0   0   0   0   0   0   0   0   0   0  51   0   0  21   0   0   0   0   0  28  0.32 inf
  238 A    4 -2 -2 -2 -1 -1 -1 -1 -2  0 -1 -1  0 -2 -1  1  0 -3 -2  2   72   0   0   0   0   0   0   0   0   0   0   0   0   0   0   0   0   0   0  28  0.28 inf
  239 S    1 -1  0 -1  6 -1 -1 -1 -1 -2 -2 -1 -2 -3 -1  3  1 -3 -2 -2    0   0   0   0  28   0   0   0   0   0   0   0   0   0   0  72   0   0   0   0  0.47 inf
  240 V    0 -3 -3 -3 -1 -2 -3 -3 -3  3  1 -2  1 -1 -3 -2  0 -3 -1  4    0   0   0   0   0   0   0   0   0   0   0   0   0   0   0   0   0   0   0 100  0.40 inf
  241 P   -1 -2 -2 -2 -3 -1 -1 -2 -2 -3 -3 -1 -3 -4  8 -1 -1 -4 -3 -3    0   0   0   0   0   0   0   0   0   0   0   0   0   0 100   0   0   0   0   0  2.10 inf
  242 N   -2 -1  6  1 -3  0  0 -1  0 -3 -4  0 -2 -3 -2  0  0 -4 -2 -3    0   0 100   0   0   0   0   0   0   0   0   0   0   0   0   0   0   0   0   0  0.81 inf
  243 G    0 -3 -1 -1 -3 -2 -2  6 -2 -4 -4 -2 -3 -3 -2  0 -2 -3 -3 -3    0   0   0   0   0   0   0 100   0   0   0   0   0   0   0   0   0   0   0   0  1.09 inf
  244 L   -2 -2 -4 -4 -1 -2 -3 -4 -3  2  4 -3  2  0 -3 -3 -1 -2 -1  1    0   0   0   0   0   0   0   0   0  20  80   0   0   0   0   0   0   0   0   0  0.43 inf
  245 G   -1 -2 -2 -3 -2 -2 -3  3 -3  1  3 -2  1  0 -3 -2 -1 -2 -2  0    0   0   0   0   0   0   0  31   0   0  69   0   0   0   0   0   0   0   0   0  0.31 inf
  246 L   -1 -2 -3 -4 -1 -2 -3 -4 -3  1  4 -2  4  0 -3 -2 -1 -2 -1  1    0   0   0   0   0   0   0   0   0   0  72   0  28   0   0   0   0   0   0   0  0.42 inf
  247 F   -2 -1 -1 -2 -3  2 -1 -3  4 -1 -1 -1  0  5 -3 -2 -2  0  2 -2    0   0   0   0   0  20   0   0  21   0   0   0   0  59   0   0   0   0   0   0  0.42 inf
  248 C    0 -1 -1  0  6  0  3 -2 -1 -2 -2  0 -2 -3 -2  2  0 -3 -2 -2    0   0   0   0  31   0  41   0   0   0   0   0   0   0   0  28   0   0   0   0  0.43 inf
  249 N   -2  0  6  1 -3  2  0 -1  0 -3 -3  0 -2 -3 -2  0  0 -3 -2 -3    0   0  79   0   0  21   0   0   0   0   0   0   0   0   0   0   0   0   0   0  0.64 inf
  250 P   -1 -2 -2 -2 -3 -2 -2  3 -2 -3 -3 -1 -3 -4  7 -1 -1 -4 -3 -3    0   0   0   0   0   0   0  28   0   0   0   0   0   0  72   0   0   0   0   0  1.42 inf
  251 G   -1 -1  2 -1 -2 -1 -1  3  4  0 -2 -1 -1 -2 -2 -1 -1 -3 -1  1    0   0  20   0   0   0   0  31  21   0   0   0   0   0   0   0   0   0   0  28  0.23 inf
  252 Y   -2 -1 -1 -3 -3 -1 -2 -3  5 -2 -2 -2 -1  2 -3 -2 -2  1  6 -2    0   0   0   0   0   0   0   0  28   0   0   0   0   0   0   0   0   0  72   0  0.77 inf
  253 A    2 -2 -1 -2 -1 -1 -1 -1 -2  0  2 -1  1 -1 -2  2  0 -2 -2  0   31   0   0   0   0   0   0   0   0   0  41   0   0   0   0  28   0   0   0   0  0.17 inf
  254 F   -1 -2 -2 -2 -2 -1 -2 -2  0  0  0 -2  2  4 -2 -1 -1  1  4  0    2   1   1   1   0   1   1   1   0   1   2   1  21  32   1   1   1   0  29   1  0.31 inf
  255 D    1 -1  3  3 -2  0  0  0 -1 -2 -2  0 -2 -2 -1  0  0 -2 -2 -1   30   1  22  32   0   1   1   1   0   1   2   1   0   1   1   1   1   0   1   1  0.27 inf
  256 S    0  1  0  0 -2  2  1 -1  0 -2 -2  2 -1 -2 -1  2  0 -2 -1 -2    2   1   1   1   0  21   1   2   0   1   2  30   0   1   1  32   1   0   1   1  0.25 inf
  257 A    3 -1 -1 -1 -1  2  0  0 -1 -1 -1  0 -1 -2 -1  1  0 -2 -1 -1   61   1   1   1   0  21   1   2   0   1   2   1   0   1   1   1   1   0   1   1  0.23 inf
  258 Y   -1 -1 -2 -2 -2 -1 -1 -2  1 -1 -1 -1 -1  4 -2 -1 -1  1  5 -1    2   1   1   2   1   1   2   2   1   1   3   2   1  22   1   2   2   0  52   2  0.42 inf
  259 K   -1  0  0  3 -3  0  0 -2 -1 -3 -3  2 -2 -4  5 -1 -1 -4 -3 -3    0   0   0  28   0   0   0   0   0   0   0  31   0   0  41   0   0   0   0   0  0.78 inf
  260 F   -1 -2  2  2 -3 -1 -1  3 -1 -2 -2 -1 -2  3 -2 -1 -1 -1  0 -2    0   0  20  21   0   0   0  28   0   0   0   0   0  31   0   0   0   0   0   0  0.30 inf
  261 L   -2 -2 -4 -4 -1 -2 -3 -4 -3  2  4 -3  2  0 -3 -3 -1 -2 -1  1    0   0   0   0   0   0   0   0   0   0 100   0   0   0   0   0   0   0   0   0  0.50 inf
  262 F   -2 -3 -3 -4 -2 -3 -3 -4 -2  2  1 -3  0  6 -4 -3 -2  0  2  1    0   0   0   0   0   0   0   0   0  28   0   0   0  72   0   0   0   0   0   0  0.54 inf
  263 R   -1  3 -1 -2 -2 -1 -1 -3 -1 -1 -1  0 -1  4 -2  0  2 -1  1 -1    0  31   0   0   0   0   0   0   0   0   0   0   0  41   0   0  28   0   0   0  0.27 inf
  264 P    0 -2 -1 -1 -2 -1 -1 -2 -2 -3 -3 -1 -2 -3  7  2  0 -4 -3 -2    0   0   0   0   0   0   0   0   0   0   0   0   0   0  72  28   0   0   0   0  1.36 inf
  265 G    0 -3 -1 -1 -3 -2 -2  6 -2 -4 -4 -2 -3 -3 -2  0 -2 -3 -3 -3    0   0   0   0   0   0   0 100   0   0   0   0   0   0   0   0   0   0   0   0  1.09 inf
  266 K   -1  2  0 -1 -3  1  1 -2 -1 -3 -3  5 -2 -3 -1  0 -1 -3 -2 -2    0   0   0   0   0   0   0   0   0   0   0 100   0   0   0   0   0   0   0   0  0.58 inf
  267 D   -2 -2  1  6 -4  0  1 -1 -1 -3 -4 -1 -3 -4 -2  0 -1 -5 -3 -3    0   0   0 100   0   0   0   0   0   0   0   0   0   0   0   0   0   0   0   0  1.00 inf
  268 D   -1 -1  1  5 -4  1  4 -2 -1 -3 -3  0 -3 -4 -1  0 -1 -4 -3 -3    0   0   0  51   0   0  49   0   0   0   0   0   0   0   0   0   0   0   0   0  0.72 inf
  269 R   -1  3 -1 -2 -2  2  0 -3 -1  0  0  1  2 -2 -2 -1 -1 -2 -1  1    0  31   0   0   0  20   0   0   0   0   0   0  21   0   0   0   0   0   0  28  0.20 inf
  270 T    0  0  0 -1 -1  0  0 -1 -1 -1 -2  2 -1 -3 -1  2  4 -3 -2 -1    0   0   0   0   0   0   0   0   0   0   0  21   0   0   0  20  59   0   0   0  0.34 inf
  271 K   -1  2  0 -1 -3  1  0 -2 -1 -2 -2  4 -1 -3 -1  0  2 -3 -2 -2    0   0   0   0   0   0   0   0   0   0   0  80   0   0   0   0  20   0   0   0  0.43 inf
  272 S   -1 -1  3  4 -2  0  1 -1 -1 -3 -3 -1 -2 -3 -1  2  0 -4 -3 -3    0   0  20  49   0   0   0   0   0   0   0   0   0   0   0  31   0   0   0   0  0.53 inf
  273 L    0 -2 -1 -2 -2 -1 -1 -2 -2 -1  1 -1  0 -2  5  1  0 -3 -2 -1    0   0   0   0   0   0   0   0   0   0  31   0   0   0  41  28   0   0   0   0  0.59 inf
  274 L   -1  2 -1 -2 -2 -1 -1 -2 -2  0  2  0  1 -1 -2  1  0 -2 -1  0    0  21   0   0   0   0   0   0   0   0  51   0   0   0   0  28   0   0   0   0  0.16 inf
  275 Q   -1  1  0 -1 -2  3  1 -2 -1 -2 -2  3 -1 -3 -1  0  2 -3 -2 -2    0   0   0   0   0  31   0   0   0   0   0  41   0   0   0   0  28   0   0   0  0.36 inf
  276 K   -1  5  0 -1 -3  1  0 -2 -1 -3 -2  4 -2 -3 -2 -1 -1 -3 -2 -3    0  49   0   0   0   0   0   0   0   0   0  51   0   0   0   0   0   0   0   0  0.59 inf
  277 R   -2  6 -1 -2 -4  1  0 -3  0 -3 -2  2 -2 -3 -2 -1 -1 -3 -2 -3    0 100   0   0   0   0   0   0   0   0   0   0   0   0   0   0   0   0   0   0  0.82 inf
  278 V   -1 -3 -3 -3  7 -3 -3 -3 -3  2  0 -3  0 -1 -3 -2 -1 -3 -2  2    0   0   0   0  41   0   0   0   0  28   0   0   0   0   0   0   0   0   0  31  0.49 inf
  279 R   -2  6 -1 -2 -4  1  0 -3  0 -3 -2  2 -2 -3 -2 -1 -1 -3 -2 -3    0 100   0   0   0   0   0   0   0   0   0   0   0   0   0   0   0   0   0   0  0.82 inf
  280 V    0 -3 -3 -3 -1 -2 -3 -3 -3  3  1 -3  1 -1 -3 -2  0 -3 -1  4    0   0   0   0   0   0   0   0   0  20   0   0   0   0   0   0   0   0   0  80  0.38 inf
  281 D    0  0  1  3 -2  0  1 -1 -1 -3 -3  2 -2 -3 -1  2  0 -3 -2 -2    0   0   0  31   0   0   0   0   0   0   0  28   0   0   0  41   0   0   0   0  0.37 inf
  282 L   -2 -3 -3 -4 -2 -3 -3 -4 -2  1  3 -3  1  4 -3 -3 -2  0  1  0    0   0   0   0   0   0   0   0   0   0  59   0   0  41   0   0   0   0   0   0  0.44 inf
  283 R   -1  3  3  3 -3  1  2 -2  0 -3 -3  1 -2 -3 -2  0 -1 -3 -2 -3    0  31  28  20   0   0  21   0   0   0   0   0   0   0   0   0   0   0   0   0  0.45 inf
  284 V   -1 -3 -3 -3 -1 -2 -2 -3 -3  2  0 -2  0 -1  4 -2 -1 -3 -2  3    0   0   0   0   0   0   0   0   0  21   0   0   0   0  28   0   0   0   0  51  0.47 inf
  285 L   -2 -2 -4 -4 -1 -2 -3 -4 -3  2  4 -3  2  0 -3 -3 -1 -2 -1  1    0   0   0   0   0   0   0   0   0   0 100   0   0   0   0   0   0   0   0   0  0.50 inf
  286 D    2  0  0  3 -2  0  0 -1 -1 -2 -3  1 -2 -3 -1  2  0 -3 -2 -2   28   0   0  31   0   0   0   0   0   0   0  20   0   0   0  21   0   0   0   0  0.30 inf
  287 K   -1  4  0 -1 -3  1  0 -2 -1 -3 -2  3 -2 -3 -2  1  0 -3 -2 -2    0  49   0   0   0   0   0   0   0   0   0  31   0   0   0  20   0   0   0   0  0.47 inf
  288 I   -1 -3 -3 -3 -1 -3 -3 -4 -3  5  1 -3  1  0 -3 -3 -1 -3 -1  3    0   0   0   0   0   0   0   0   0 100   0   0   0   0   0   0   0   0   0   0  0.45 inf
  289 G    3 -2 -1 -2 -1 -1 -2  4 -2 -3 -3 -1 -2 -3 -2  0 -1 -3 -3 -2   45   0   0   0   0   0   0  55   0   0   0   0   0   0   0   0   0   0   0   0  0.56 inf
  290 P   -1 -2 -2 -2 -3 -1 -1 -2 -2 -3 -3 -1 -3 -4  8 -1 -1 -4 -3 -2    0   0   0   0   0   0   0   0   0   0   0   0   0   0 100   0   0   0   0   0  2.03 inf
  291 R   -1  6  0 -2 -4  1  0 -2  0 -3 -2  2 -1 -3 -2 -1 -1 -3 -2 -3    0 100   0   0   0   0   0   0   0   0   0   0   0   0   0   0   0   0   0   0  0.74 inf
  292 V    0 -3 -3 -3 -1 -2 -3 -3 -3  3  1 -2  1 -1 -2 -2  0 -3 -1  4    0   0   0   0   0   0   0   0   0   0   0   0   0   0   0   0   0   0   0 100  0.34 inf
  293 M   -1 -1 -2 -3 -1  0 -2 -3 -2  1  2 -1  6  0 -3 -2 -1 -1 -1  1    0   0   0   0   0   0   0   0   0   0   0   0 100   0   0   0   0   0   0   0  0.33 inf
  294 T    0 -1  0 -1 -1 -1 -1 -2 -2 -1 -1 -1 -1 -2 -1  1  5 -3 -2  0    0   0   0   0   0   0   0   0   0   0   0   0   0   0   0   0 100   0   0   0  0.46 inf
  295 I   -1 -3 -3 -3 -1 -3 -3 -4 -3  4  2 -3  1  0 -3 -2 -1 -3 -1  3    0   0   0   0   0   0   0   0   0 100   0   0   0   0   0   0   0   0   0   0  0.38 inf
  296 D   -2 -2  1  6 -4  0  2 -1 -1 -3 -4 -1 -3 -4 -2  0 -1 -4 -3 -3    0   0   0 100   0   0   0   0   0   0   0   0   0   0   0   0   0   0   0   0  0.92 inf
  297 M   -1 -1 -2 -3 -1  0 -2 -3 -2  1  2 -1  6  0 -3 -2 -1 -1 -1  1    0   0   0   0   0   0   0   0   0   0   0   0 100   0   0   0   0   0   0   0  0.33 inf
  298 D   -2 -2  1  6 -4  0  2 -1 -1 -3 -4 -1 -3 -4 -2  0 -1 -4 -3 -3    0   0   0 100   0   0   0   0   0   0   0   0   0   0   0   0   0   0   0   0  0.92 inf
  299 K   -1  2  0 -1 -3  1  1 -2 -1 -3 -3  5 -1 -3 -1  0 -1 -3 -2 -2    0   0   0   0   0   0   0   0   0   0   0 100   0   0   0   0   0   0   0   0  0.51 inf

                      K         Lambda
Standard Ungapped    0.1389     0.3180
Standard Gapped      0.0410     0.2670
PSI Ungapped         0.1389     0.3180
PSI Gapped           0.0410     0.2670
