
Last position-specific scoring matrix computed, weighted observed percentages rounded down, information per position, and relative weight of gapless real matches to pseudocounts
           A  R  N  D  C  Q  E  G  H  I  L  K  M  F  P  S  T  W  Y  V   A   R   N   D   C   Q   E   G   H   I   L   K   M   F   P   S   T   W   Y   V
    1 G    1 -3 -1 -2 -3 -3 -3  6 -3 -4 -4 -2 -3 -4 -3 -1 -2 -4 -4 -4   12   0   0   0   0   0   0  88   0   0   0   0   0   0   0   0   0   0   0   0  1.24 inf
    2 A    5  0 -2 -3 -2 -2 -2  2 -3 -3 -3 -2 -2 -3 -2  0  1 -4 -3 -1   64   6   0   0   0   0   0  18   0   0   0   0   0   0   0   3   8   0   0   1  0.57 inf
    3 K   -2  4 -2 -2 -5  1  0 -3  0 -4 -3  6 -3 -4 -3 -2 -2 -4 -3 -4    1  20   0   0   0   3   3   0   2   0   1  71   0   0   0   0   0   0   0   0  1.01 inf
    4 R   -1  7 -2 -4 -1  0 -2 -3  2 -5 -4  0 -3 -5 -4 -3 -3 -5 -3 -4    6  84   0   0   1   1   0   2   5   0   0   0   0   0   0   0   0   0   0   0  1.51 inf
    5 H   -4 -2 -1 -3 -3  1 -2 -4 10 -4 -3 -3 -2 -2  1 -1 -3 -4  1 -5    0   1   1   0   1   6   0   0  73   1   2   0   1   1   6   4   1   0   4   0  1.76 inf
    6 R   -3  7 -2 -3  1  0 -2 -4  2 -4 -3  2 -1 -4 -3 -1 -3 -5 -3 -4    0  72   0   0   3   1   0   0   4   0   1  10   2   0   1   4   0   0   0   1  1.21 inf
    7 K   -3  2 -2 -3 -5 -1 -1 -4 -2 -3 -4  7 -2 -5 -2 -2 -2 -5 -4 -4    0   7   0   0   0   0   0   0   0   2   1  87   1   0   1   0   1   0   0   0  1.43 inf
    8 V   -1 -3 -3 -4 -2 -2 -3 -3 -4  3  0 -3  1 -2 -3 -1  0 -4 -2  5    2   1   0   0   0   1   1   1   0  20   6   0   3   1   1   4   3   0   0  53  0.54 inf
    9 L   -2 -3 -1 -4 -2  0 -3 -4 -2  1  5 -3  1  0 -3 -2 -1 -3 -1  0    1   0   4   0   1   4   0   1   1   4  69   0   1   2   1   2   4   0   1   3  0.58 inf
   10 R   -2  6 -2 -3  2  1 -1 -3 -1 -4 -3  3 -3 -4 -3 -1 -2 -1 -2 -3    1  58   0   0   6   5   0   1   1   0   2  17   0   0   0   3   0   1   1   1  0.90 inf
   11 D   -2 -3  1  7 -4  0  1 -1 -1 -4 -5 -2 -4 -4 -3 -1 -2 -5 -2 -4    3   0   4  73   0   3   7   3   1   0   1   0   0   0   0   1   0   0   1   0  1.23 inf
   12 N   -1 -1  6 -1  0 -2 -2 -2 -1 -3 -4 -1 -3 -3 -1  1  1 -4 -1 -2    2   1  56   0   3   0   0   0   1   1   1   3   0   1   2  12   9   0   3   2  0.75 inf
   13 I   -2 -4 -4 -4 -3 -4 -4 -4 -4  7  0 -2  1 -2 -4 -3 -2 -4 -1  2    2   0   0   0   0   0   1   1   0  79   3   2   2   0   0   1   0   0   2   5  1.02 inf
   14 Q   -2  1  0 -1 -2  7  1 -2  2 -3 -3  1 -2 -3 -3 -2 -2 -4 -1 -4    0   6   4   2   1  62   4   2   6   1   1   6   0   1   0   1   1   0   2   0  0.93 inf
   15 G   -1 -4 -2 -3 -4 -3 -3  7 -4 -4 -2 -2 -4 -4 -4 -1 -2 -4 -4 -4    2   0   0   0   0   0   1  84   0   0   6   1   0   0   0   3   1   0   0   0  1.36 inf
   16 I   -1 -5 -5 -5 -3 -4 -5 -5 -5  7  0 -4 -1 -2 -4 -4 -1 -1 -3  2    6   0   0   0   0   0   0   0   0  83   1   0   0   0   0   0   2   1   0   8  1.15 inf
   17 T   -2 -3 -1 -3 -2 -3 -3 -4 -4 -3 -3 -3 -1 -4 -1  1  7 -5 -3 -2    1   0   2   0   1   0   0   0   0   0   0   0   1   0   2   5  88   0   0   0  1.35 inf
   18 K   -3  2 -1 -2 -2  0  0 -4 -2 -5 -4  7 -1 -5 -3 -2 -2 -5 -4 -4    0   9   2   0   1   1   3   0   0   0   0  82   2   0   0   0   0   0   0   0  1.26 inf
   19 P    0 -4 -4 -3 -2 -3 -3  2 -4 -5 -4 -3 -4 -3  8 -1 -3 -5 -5 -4    8   0   0   0   1   0   0  15   0   0   1   0   0   1  71   2   0   0   0   0  1.75 inf
   20 A    5 -2 -2  2  0 -2 -2 -2 -3 -3 -3 -2 -3 -4 -2  1  0 -4 -3 -1   69   1   0  11   2   0   1   0   0   0   0   0   0   0   0   7   6   0   0   2  0.73 inf
   21 I   -3  0 -5 -5 -3 -4 -5 -6 -5  7  0 -4 -1 -2 -5 -3 -3 -5 -3  1    0   6   0   0   0   0   0   0   0  86   4   0   0   0   0   1   0   0   0   3  1.26 inf
   22 R   -3  7 -2 -4  1  0 -2 -4  0 -4 -2  2 -3 -4 -3 -2 -3  0 -3 -3    0  78   0   0   3   1   0   0   1   0   3   7   0   0   1   2   0   2   0   2  1.31 inf
   23 R   -3  7 -2 -4  0 -1 -2 -4  3 -5 -4  0 -4 -5 -3 -1 -3 -5 -3 -5    0  83   0   0   2   0   0   0   7   0   0   2   0   0   1   5   0   0   0   0  1.55 inf
   24 L   -1 -3 -4 -4 -3 -3 -3 -4 -4  1  5 -3  2 -1 -2 -3 -2 -3 -2  0    5   0   0   0   0   0   2   0   0   3  78   0   5   0   2   0   0   0   0   2  0.81 inf
   25 A    6 -3 -3 -3 -2 -2 -2 -2 -3 -3 -3 -2 -3 -4  1  0 -1 -4 -3 -1   84   0   0   0   0   0   0   0   0   0   0   0   0   0   6   3   1   0   0   2  1.04 inf
   26 R   -1  7 -2 -3  0  0 -2 -3 -2 -5 -4  0 -3 -4 -4 -2 -3  0 -3 -4    5  83   0   0   2   2   0   2   1   0   0   1   0   0   0   1   0   1   1   0  1.45 inf
   27 R   -3  7 -2 -3 -2 -1 -2 -3  1 -4 -2  0 -3 -4 -4 -1 -1 -1 -3 -4    0  79   0   0   1   0   0   1   4   0   4   2   0   0   0   2   4   1   0   0  1.33 inf
   28 G   -1 -3 -2 -2 -4 -3 -3  7 -4 -5 -5 -3 -4 -5 -4 -1 -3 -4 -5 -5    4   1   0   1   0   0   1  87   0   0   0   0   0   0   0   3   0   0   0   0  1.57 inf
   29 G   -2 -3 -2 -1 -2 -4 -4  7 -4 -5 -5 -3 -4 -5 -4 -2 -3  0 -5 -5    0   1   0   2   1   0   0  90   0   0   0   0   0   0   0   1   0   1   0   0  1.72 inf
   30 V   -1 -4 -4 -4 -3 -4 -4 -3 -2  1 -1 -4  0 -3 -4 -3 -2 -4 -3  7    2   0   0   0   0   0   0   3   1   2   1   0   1   0   0   1   0   0   0  86  1.17 inf
   31 K   -2  0 -2 -3 -5 -1 -1 -3 -3 -2 -4  7 -3 -5 -3 -2 -1 -5 -4 -4    2   1   1   0   0   0   0   1   0   3   1  86   0   0   0   0   3   0   0   0  1.38 inf
   32 R   -3  7 -2 -3  0 -1 -2 -4  0 -4 -2  1 -3 -4 -4 -2 -3 -4 -3 -4    0  81   0   0   2   0   0   0   1   0   4   5   0   0   0   2   0   0   0   0  1.47 inf
   33 I   -3 -4 -5 -4 -3 -4 -4 -3 -5  7  0 -4  1 -2  0 -4 -3 -4 -3  1    0   0   0   0   0   0   0   2   0  81   2   0   2   0   5   0   0   0   0   4  1.22 inf
   34 S    0 -3  0 -2 -3 -1 -1 -2  2 -4 -4 -2 -3 -4 -3  6 -1 -4 -3 -3    3   0   3   0   0   2   2   1   4   0   1   0   0   0   0  79   0   0   0   0  1.08 inf
   35 G    2  0 -1 -2 -1 -2 -2  4 -3 -3 -3 -1 -3 -2 -3  2  0 -3 -3 -3   25   5   1   0   1   1   1  41   0   0   1   3   0   2   0  14   4   0   0   0  0.55 inf
   36 L   -1 -2 -1  1 -1 -1 -1 -1 -2  0  3 -2  1  1 -1 -1  0 -2  1 -1    2   1   4   8   1   3   2   5   0   2  40   0   4   5   3   4   8   0   5   1  0.15 inf
   37 I   -3 -1 -4 -4 -3 -4 -4 -5 -4  6  0 -3  0 -2 -4 -2 -2 -4 -3  3    0   5   0   0   0   0   0   0   0  70   2   0   1   0   0   2   1   0   0  15  1.00 inf
   38 Y   -4 -2 -4 -2 -2 -3 -4 -5  0 -3 -3 -4  1  0  0 -4 -4  0  9 -3    0   2   0   3   1   0   0   0   1   0   1   0   4   0   5   0   0   0  80   0  1.85 inf
   39 E   -1 -2  0  4 -4  1  4  0  0 -4 -4  0  0 -4  1  0 -2 -4 -3 -3    3   0   4  22   0   3  39   7   2   0   1   3   3   0   6   4   0   0   0   0  0.57 inf
   40 E   -3 -2 -1  3 -5  2  6 -3 -2 -1 -4 -1 -3 -5 -1 -1  0 -4 -4 -3    0   0   2  14   0   8  60   1   0   4   0   0   0   0   2   2   5   0   0   0  0.89 inf
   41 T    1 -2 -2 -3 -2  0 -2 -2 -3  3 -1 -2  1 -3 -3  1  4 -4 -3  2    9   1   0   0   0   4   0   1   0  20   0   0   3   0   0   7  37   0   0  15  0.41 inf
   42 R   -2  7  0 -1 -1 -1 -2 -3  0 -5 -4  1 -3 -5 -2 -3 -3 -5 -4 -4    2  79   4   4   2   0   0   1   1   0   0   3   0   0   2   0   0   0   0   0  1.39 inf
   43 G    0  0  1  1 -3  1  0  3  0 -2 -2  1 -2 -3 -2  0  0 -1 -1 -2    4   5   8   8   0   6   4  31   2   2   4   8   0   0   0   6   6   1   3   2  0.24 inf
   44 V    2 -3 -4 -4 -2 -3 -3 -2 -3  1  0 -3  2 -2 -3 -1  0 -3  0  5   22   0   0   0   0   0   0   1   0   4   4   0   5   0   0   2   3   0   4  53  0.54 inf
   45 L   -2 -3 -4 -4 -3  0 -3 -4 -3  1  5 -3  3  0 -2 -3 -2 -3 -2  0    2   0   0   0   0   4   1   1   0   5  69   0   6   3   2   1   1   0   0   5  0.69 inf
   46 K   -2  3 -1 -1 -4 -1  0 -3 -1 -3 -3  6 -1 -4 -3 -2 -1 -4 -3 -2    1  16   1   2   0   0   2   1   1   2   2  65   1   0   0   1   2   0   0   2  0.90 inf
   47 V    1 -2  0  2 -2  0  0 -1 -1  1 -1 -1 -1 -2 -2  1  0 -3 -2  2   13   0   3  16   0   4   5   2   1  13   3   4   0   0   0  11   4   0   0  20  0.14 inf
   48 F   -3  2 -4 -4 -4 -3 -4 -4  0 -2 -2 -2 -2  7 -4 -3 -3  2  4 -1    0  15   0   0   0   0   0   0   2   1   1   1   0  56   0   0   0   2  15   3  1.10 inf
   49 L   -3 -4 -5 -5 -3 -4 -4 -5 -4  1  6 -4  1 -1 -4 -4 -3  0 -3  0    0   0   0   0   0   0   0   0   0   3  85   0   3   0   0   0   0   1   0   4  1.10 inf
   50 E   -1  0 -1  0 -4  0  6 -3 -1 -4 -4  1 -3 -4 -3  0  1 -4 -3 -1    4   5   2   1   0   2  59   0   1   0   0   8   0   0   0   4  10   0   0   4  0.74 inf
   51 N   -1 -1  5  1 -3  1  0  0 -1 -2 -2  1  0 -4 -3  0  0 -4 -3 -2    2   1  41   8   0   7   5   7   1   1   3   7   3   0   0   5   4   0   0   3  0.45 inf
   52 V   -1 -4 -4 -4 -2 -3 -4 -3 -4  4  1 -4  1 -1 -4 -3 -1 -4 -3  5    4   0   0   0   0   0   0   1   0  25   8   0   2   1   0   0   2   0   0  54  0.72 inf
   53 I   -2 -4 -4 -4 -2 -3 -4 -4 -4  5  3 -4  0  0 -4 -3 -2 -3 -2  2    1   0   0   0   0   0   0   1   0  45  33   0   0   3   0   2   0   0   0  13  0.70 inf
   54 R   -2  6 -1 -3 -1  1 -1  0  1 -4 -4  2 -3 -4 -2 -2 -2  1 -3 -4    1  57   2   0   2   4   3   6   3   0   1  12   0   0   1   1   1   2   0   0  0.84 inf
   55 D   -3 -2  0  7  1 -1  0 -3 -2 -2 -4 -1 -2 -4 -3 -1 -2 -4 -1 -4    1   1   3  68   3   3   2   1   1   2   1   3   1   0   0   3   2   0   3   0  1.10 inf
   56 A    4 -3 -3 -3  5 -2 -3 -2 -3  1 -2 -2 -2 -3 -3  1  0 -4 -3  0   52   0   0   0  13   0   0   1   0  10   1   0   0   0   0  10   5   0   0   6  0.59 inf
   57 V   -1 -4 -4 -3  3 -3 -4 -3 -4  3  0 -3  0 -1 -3 -3  0 -4 -3  5    3   0   0   1   7   0   0   2   0  14   5   0   2   1   0   1   6   0   0  57  0.68 inf
   58 T    2 -3 -2 -2 -2  0 -1 -2 -1  1 -2 -2 -1 -1 -3  0  5 -3 -3 -1   22   0   1   1   0   3   2   1   1   8   2   1   1   3   0   2  47   0   0   3  0.50 inf
   59 Y   -3 -3 -1 -4  0 -3 -4 -4 -1  1 -2 -2 -2  1 -4 -3 -3 -1  8  1    1   0   3   0   2   0   1   1   0   8   2   2   0   3   0   1   0   0  66   8  1.36 inf
   60 T    0 -3 -2 -3  3 -3 -3 -3 -3  0 -1 -3  0 -3 -3 -1  6 -4 -3  2    5   0   0   0   6   0   1   1   0   4   4   0   2   0   0   1  58   0   0  15  0.74 inf
   61 E   -3 -2 -1  1 -5  1  7 -3  1 -5 -5  0 -4 -5 -3 -1 -3 -4 -4 -4    0   0   2   5   0   4  76   1   3   0   1   4   0   0   0   2   0   0   0   0  1.28 inf
   62 H   -3 -3 -1 -3 -1 -1 -2 -4  9 -4 -2 -3 -3 -2 -2  0 -2 -3  4 -4    1   0   1   0   2   1   0   0  62   0   5   0   0   0   2   7   1   0  16   0  1.53 inf
   63 A    4  2 -2 -2  2  0 -1  1 -2 -3 -3 -1 -2 -4 -2  2 -1 -4 -3 -2   49  15   1   2   4   3   1   8   0   0   1   0   0   0   0  13   2   0   0   0  0.49 inf
   64 K   -2  4  2 -1 -4  2  0  1  1 -4 -4  4 -3 -4 -3 -1 -2 -4 -3 -4    0  25  12   3   0  10   2   9   3   0   0  35   0   0   0   1   0   0   0   0  0.63 inf
   65 R    1  7 -3 -3 -3 -1 -2 -4 -2 -5 -4  1 -3 -5 -2 -2 -3 -2 -4 -4   15  72   0   0   1   1   1   0   0   0   0   5   0   0   2   1   0   0   0   0  1.27 inf
   66 K   -3  1  0 -1 -5  1 -1 -3 -3 -4 -4  7 -3 -5 -3 -2 -2 -5 -4 -3    0   3   3   2   0   5   2   0   0   0   0  80   0   0   0   1   1   0   0   1  1.27 inf
   67 T   -2 -4 -2 -3 -3 -3 -3 -3 -2 -1 -3 -3 -3 -3 -4 -1  7 -5 -4 -2    1   0   0   1   0   0   0   1   1   3   2   0   0   1   0   1  91   0   0   0  1.55 inf
   68 V   -2 -3 -5 -5 -1 -4 -4 -5 -5  2 -1 -4  1 -3 -3 -4 -2 -5 -3  7    0   2   0   0   1   0   0   0   0   5   2   1   3   0   1   0   0   0   0  86  1.22 inf
   69 T   -1 -1 -2 -3  1 -2 -3 -3 -1 -2 -2 -1  0 -4 -3  1  6 -4 -3 -2    3   2   0   0   3   1   0   0   1   1   3   2   2   0   0   9  71   0   0   0  0.97 inf
   70 A    4 -3 -3 -3  0 -3 -3 -1 -3  0 -1 -3 -2 -1 -1  0  1  0 -3  2   48   0   0   1   1   0   0   3   0   3   3   0   0   2   2   5   9   2   0  22  0.42 inf
   71 M   -2 -2 -1 -3 -2  1 -1 -3  2 -1  1 -3  7 -2 -1 -1  1 -4 -3 -1    2   1   3   1   0   7   2   1   5   1  11   0  44   1   3   3  11   0   0   3  0.60 inf
   72 D   -3 -4 -1  8 -6 -3 -1 -3 -1 -6 -6 -3 -6 -6 -4 -3 -4  3 -5 -6    2   0   1  91   0   0   0   1   1   0   0   0   0   0   0   0   0   4   0   0  1.98 inf
   73 V   -2 -5 -5 -5  1 -4 -5 -5 -5  2 -1 -4  1 -3 -4 -3 -2 -5 -3  7    2   0   0   0   3   0   0   0   0   6   0   0   3   0   0   0   0   0   0  85  1.28 inf
   74 V   -2 -4 -5 -5 -3 -4 -4 -3 -5  3  1 -4  1 -2 -3 -4 -2 -4 -3  6    0   0   0   0   0   0   0   2   0  17   9   0   3   1   1   0   0   0   0  67  0.93 inf
   75 Y   -4 -4 -1 -3  0 -3 -4 -5  4 -2 -2 -4  0  4 -5 -3 -4  1  8 -3    0   0   3   1   3   0   0   0  12   2   1   0   2  19   0   1   0   1  54   1  1.34 inf
   76 A    6 -1 -3 -4  0 -3 -2 -1 -4 -3 -3 -3 -3 -4 -3  1 -1 -5 -4  1   75   2   0   0   2   0   1   2   0   0   0   0   0   0   0   8   2   0   0   8  0.90 inf
   77 L   -3 -4 -5 -6 -3 -4 -5 -6 -5  0  6 -5  0  0 -5 -4 -2 -4 -3  0    1   0   0   0   0   0   0   0   0   1  92   0   0   2   0   0   1   0   0   3  1.26 inf
   78 K   -2  4  2 -2 -5  1  0 -3 -1 -5 -4  6 -3 -5 -3 -1 -2 -5 -2 -4    2  19   9   0   0   6   3   0   1   0   0  58   0   0   0   2   0   0   1   0  0.92 inf
   79 R   -3  7 -3 -4 -1  0 -2 -2  1 -4 -4  2 -3 -5 -4 -3 -3 -5 -4 -5    1  80   0   0   2   2   0   3   3   1   1   8   0   0   0   0   0   0   0   0  1.48 inf
   80 Q   -3  2 -2 -3 -4  6 -1 -4 -1  1 -1  1  1 -2 -2 -2 -3 -4 -2 -2    0  12   1   0   0  57   0   0   1   8   6   5   4   1   1   1   0   0   1   1  0.82 inf
   81 G   -2 -4 -2 -2 -5 -4 -1  7 -4 -6 -5 -3 -5 -5 -4 -1 -4 -5 -5 -4    0   0   0   1   0   0   5  90   0   0   0   0   0   0   0   2   0   0   0   1  1.70 inf
   82 R   -3  6  1 -3 -1  0 -1 -4  3 -4 -4  2 -3 -4 -3 -1  0 -5 -3 -3    1  63   5   0   1   3   1   0   8   0   0   7   0   0   1   3   5   0   0   1  1.00 inf
   83 T   -2 -3 -1 -3 -3  0 -3 -4 -4 -1 -3 -1 -2 -3  5 -1  5 -5 -4 -1    0   1   2   0   0   3   0   0   0   4   1   2   1   1  28   1  54   0   0   2  0.96 inf
   84 L   -2 -4 -5 -5 -3 -4 -5 -5 -5  4  5 -4  1 -1 -2 -4 -3 -4 -3  0    2   0   0   0   0   0   0   0   0  26  67   0   2   0   2   0   0   0   0   1  0.91 inf
   85 Y   -4 -4 -5 -6 -3 -4 -5 -6 -1 -2 -3 -4 -3  2 -5 -4 -2  1  9 -3    0   0   0   0   1   0   0   0   0   2   1   0   0   3   0   0   3   1  89   1  2.19 inf
   86 G   -2 -3 -2 -1 -5 -4 -4  7 -4 -6 -6 -3 -5 -5 -4 -1 -3 -5 -3 -5    0   1   0   2   0   0   0  93   0   0   0   0   0   0   0   3   0   0   1   0  1.77 inf
   87 F   -4 -5 -5 -6 -5 -5 -5 -5 -3 -2 -1 -5 -2  8 -6 -4 -4 -1  4 -3    0   0   0   0   0   0   0   0   0   0   4   0   0  82   0   0   0   0  14   0  1.86 inf
   88 G    0 -2 -1 -1 -4 -3 -3  6 -3 -5 -5 -3 -4 -5 -3 -1 -3 -4 -4 -4    7   1   1   2   0   0   0  86   0   0   0   0   0   0   0   2   0   0   0   0  1.36 inf
   89 G    1 -3 -1 -2 -3 -3 -3  6 -3 -4 -4 -2 -3 -4 -3 -1 -2 -3 -4 -4    7   0   0   0   0   0   0  93   0   0   0   0   0   0   0   0   0   0   0   0  1.27 inf

                      K         Lambda
Standard Ungapped    0.1406     0.3237
Standard Gapped      0.0597     0.2670
PSI Ungapped         0.1955     0.3169
PSI Gapped           0.0597     0.2670
