
Last position-specific scoring matrix computed, weighted observed percentages rounded down, information per position, and relative weight of gapless real matches to pseudocounts
           A  R  N  D  C  Q  E  G  H  I  L  K  M  F  P  S  T  W  Y  V   A   R   N   D   C   Q   E   G   H   I   L   K   M   F   P   S   T   W   Y   V
    1 E   -6 -3 -5  1 -8  2  4 -7 -5 -8 -8  7 -7 -8 -6 -5 -6 -8 -7 -7    0   0   0   6   0   7  29   0   0   0   0  58   0   0   0   0   0   0   0   0  1.86 inf
    2 S   -4 -1  3  2 -7 -1  2 -3 -1 -2 -4  5 -2 -5 -4 -1  0 -7 -4 -5    1   3  12  11   0   2  13   2   1   3   2  39   1   0   1   4   5   0   0   0  0.78 inf
    3 Y   -6  0 -5 -8 -4 -5 -5 -8 -2 -3  3 -1  6  0 -6 -7 -2 -5  7 -5    0   4   0   0   0   0   1   0   1   1  27   5  20   3   0   0   2   0  34   0  1.49 inf
    4 Y   -8 -8 -9 -9 -8 -8 -8 -9 -3 -2  3 -8 -1  7 -9 -8 -7 -5  7 -6    0   0   0   0   0   0   0   0   0   2  26   0   1  41   0   0   0   0  29   0  2.10 inf
    5 S   -5  0 -3 -6 -2 -2 -5 -6 -4 -7 -5  3 -5 -6 -5  4  6 -8 -7 -6    0   6   1   0   1   2   0   0   0   0   1  19   0   0   0  28  41   0   0   0  1.37 inf
    6 I   -4 -8 -8 -9 -4 -8 -8 -9 -9  8 -5 -8 -5 -6 -5 -4  4 -9 -7 -1    1   0   0   0   0   0   0   0   0  73   0   0   0   0   1   1  20   0   0   3  2.33 inf
    7 G   -3 -6 -2 -7 -8 -5 -8  7 -6-10-10 -5 -8 -9 -8  1 -5 -9 -9 -9    2   0   2   0   0   1   0  83   0   0   0   1   0   0   0  10   1   0   0   0  2.34 inf
    8 E   -5 -2 -5  1 -9  4  7 -8 -6 -5 -5  0  0 -9 -7 -6 -4 -9 -6 -7    1   2   0   6   0  15  64   0   0   1   1   6   2   0   0   0   1   0   0   0  1.81 inf
    9 V   -4 -8 -8 -9 -7 -8 -8 -9 -7  3  0 -8  5  7 -8 -7 -3 -6 -4  3    1   0   0   0   0   0   0   0   0  12   8   0  12  48   0   0   2   0   0  17  1.77 inf
   10 S    6 -7 -6 -7 -3 -6 -4 -3 -7 -8 -8 -6 -7 -8 -7  5 -5 -9 -6 -7   52   0   0   0   1   0   1   2   0   0   0   0   0   0   0  44   0   0   0   0  1.87 inf
   11 K   -1  3  0 -4 -8  1  0 -5 -5 -6 -8  7 -7 -8 -7 -2 -5 -8 -7 -5    6  12   4   1   0   5   6   1   0   1   0  61   0   0   0   2   1   0   0   1  1.60 inf
   12 L   -6 -5 -7 -9 -7 -7 -8 -9 -5  5  5 -5  5 -2 -8 -7 -5 -7  0 -2    0   1   0   0   0   0   0   0   0  26  54   1  11   1   0   0   1   0   3   1  1.58 inf
   13 A   -1 -3  2 -6  8 -3 -6 -2  5 -6 -3 -2  0  3 -7  0  0 -4  3 -3    4   1  10   0  25   1   0   3  11   0   3   3   3  11   0   7   6   0   9   2  0.97 inf
   14 N   -5  1  5  1 -7  1 -1  4  4 -8 -7  1 -4 -8 -6 -2 -5 -8 -6 -7    1   7  29   7   0   7   3  26   9   0   0   9   1   0   0   2   0   0   0   0  1.05 inf
   15 V   -6 -8 -8 -8 -6 -8 -8 -9 -8  6  0 -8 -1 -5 -8 -7  0 -8 -7  5    0   0   0   0   0   0   0   0   0  43   9   0   1   0   0   0   6   0   0  40  1.76 inf
   16 S   -3 -4  3 -3 -6 -4 -3  0 -4 -6 -7  0 -6 -8  2  5  4 -8 -7 -6    2   0  13   1   0   0   2   6   0   0   0   5   0   0  10  38  22   0   0   0  1.04 inf
   17 I   -2  2 -5 -5 -6 -3 -2 -6 -6  4 -4  5 -2 -6 -1 -3  1 -7 -6  2    4  10   0   0   0   1   2   0   0  24   1  30   1   0   3   1   9   0   0  14  0.84 inf
   18 K   -5  3 -3  3 -8  4 -1 -4  4 -8 -8  5 -6 -8 -4 -1 -6 -8 -5 -7    0  16   1  13   0  17   3   2   8   0   0  35   0   0   1   5   0   0   0   0  1.19 inf
   19 A    1 -5 -3 -7 -7 -6 -7 -7 -7 -3 -5 -7  1 -8 -7  1  7 -8 -7 -2   11   1   1   0   0   0   0   0   0   2   1   0   3   0   0   9  69   0   0   3  1.87 inf
   20 L   -8 -8-10-10 -7 -8 -9-10 -9  0  7 -9 -4 -5 -9 -9 -7 -8 -7 -4    0   0   0   0   0   0   0   0   0   4  95   0   0   0   0   0   0   0   0   1  2.55 inf
   21 R   -7  7 -7 -7 -9 -4 -7 -9  3  2 -3 -3  2  4 -8 -7 -7 -8 -4 -7    0  62   0   0   0   0   0   0   7   9   3   1   4  14   0   0   0   0   0   0  1.98 inf
   22 Y   -9 -8 -5 -9 -9 -8 -8-10  7 -8 -2 -8 -8  1-10 -8 -8  2  9 -8    0   0   0   0   0   0   0   0  23   0   4   0   0   4   0   0   0   3  65   0  3.02 inf
   23 Y   -9 -9-10-11-10 -9-10-11 -6 -9 -9 -9 -8 -4-11 -9 -9 -5 11 -9    0   0   0   0   0   0   0   0   0   0   0   0   0   0   0   0   0   0 100   0  4.32 inf
   24 D   -5 -8 -2  8-10 -6  3 -6  1-10-10 -7 -9-10 -8 -4 -7-10 -9 -9    1   0   2  75   0   0  17   0   3   0   0   0   0   0   0   1   0   0   0   0  2.55 inf
   25 K   -4  1 -1  1 -8  2  5 -7 -2 -8 -8  5 -7 -8 -6 -1 -3 -8 -7 -8    1   6   3   7   0   9  36   0   1   0   0  32   0   0   0   4   1   0   0   0  1.28 inf
   26 I   -4 -6 -6 -8 -3 -6 -2 -9 -4  8  1 -1  3 -6 -8 -7 -4 -5 -7  1    1   0   0   0   1   0   3   0   0  65  10   4   7   0   0   0   1   0   0   6  1.79 inf
   27 D   -6 -8  1  2 -9 -6 -4  7 -3-10-10 -3 -9 -9 -8 -5 -7 -9 -9 -9    0   0   7  10   0   0   1  77   1   0   0   2   0   0   0   0   0   0   0   0  2.21 inf
   28 L   -6 -8 -9-10 -7 -8 -9-10 -9  4  6 -8 -4 -5 -9 -8 -7 -8 -7 -1    0   0   0   0   0   0   0   0   0  22  74   0   0   0   0   0   0   0   0   3  2.07 inf
   29 F   -7 -8 -9 -9 -4 -8 -9 -9 -8  2  5 -8  0  7 -9 -8 -7 -6 -3 -3    0   0   0   0   0   0   0   0   0   9  50   0   2  37   0   0   0   0   1   2  1.89 inf
   30 K   -3  1 -2 -5  1  0 -2 -6  3  0 -5  6 -6 -7 -4  2  0 -7 -5 -1    1   6   2   0   3   4   3   0   6   5   1  41   0   0   1  17   5   0   0   5  0.88 inf
   31 P   -5-10 -9 -9-10 -9 -8-10-10-10-10 -8-10-11  9 -8 -8-11-10-10    1   0   0   0   0   0   0   0   0   0   0   0   0   0  99   0   0   0   0   0  3.81 inf
   32 A    3 -1 -2  2 -1  1  3 -3 -1 -1 -4  1 -2 -4 -4  1 -2 -5 -1  0   22   4   2  12   1   5  18   1   1   4   1   8   1   1   0   9   2   0   2   6  0.36 inf
   33 Y   -2  1 -3 -3 -2 -2  0 -3  3  1 -1  2 -1  3 -5 -2 -3 -1  6 -1    3   6   1   2   1   2   5   2   6   7   5  12   2   9   1   3   2   1  29   3  0.61 inf
   34 V   -4  2 -5 -6 -3 -4 -5 -6 -6  5 -3  0 -2 -5 -6 -5  2 -6 -5  5    1  11   0   0   1   1   0   0   0  32   1   5   1   0   0   0  12   0   0  32  1.12 inf
   35 D   -3  0  3  7 -1 -2 -2 -3 -2 -5 -5  2 -4 -5 -4 -1 -3 -5 -5 -5    2   5  15  49   2   1   2   2   1   1   2  10   0   1   1   5   1   0   0   1  1.23 inf
   36 P   -1 -2 -1  1 -6  0  3  1 -2 -4 -4  2 -4 -4  4 -1 -1 -6 -5 -4    4   2   3   7   0   3  22   9   1   1   2  13   0   1  22   5   3   0   0   1  0.60 inf
   37 D   -2 -3  1  2 -5  1  5 -4  0 -3 -5  2 -3  0 -4 -1 -1  2 -3 -4    3   1   6  12   0   5  37   1   2   2   1  12   0   4   1   5   3   3   1   1  0.74 inf
   38 T   -5 -6  7 -5 -6 -5 -5 -5 -2 -6 -7 -4 -6 -7 -6  1  5 -7 -6 -6    1   0  54   0   0   0   0   1   1   1   1   1   0   0   0  11  28   0   0   0  1.93 inf
   39 S   -6 -3  3 -2 -8 -1 -5  7  0 -9 -9 -1 -8 -8 -7 -1 -6 -8 -8 -8    0   1  15   2   0   3   1  67   3   0   0   4   0   0   0   4   0   0   0   0  1.80 inf
   40 Y   -9 -9 -9-10 -9 -8 -9-10 -4 -8 -8 -9 -8 -3-10 -9 -8 -5 10 -8    0   0   0   0   0   0   0   0   0   0   0   0   0   1   0   0   0   0  98   0  4.14 inf
   41 R   -8  9 -7 -8-10 -6 -7 -9 -3 -9 -9 -5 -8 -9 -9 -7 -8 -9 -8 -9    0  98   0   0   0   0   0   0   1   0   0   0   0   0   0   0   0   0   0   0  3.49 inf
   42 Y   -8 -8 -4 -8 -2 -5 -7 -8 -2 -4 -2 -8  0  2 -9 -7 -8 -5 10 -5    0   0   1   0   1   1   0   0   1   1   5   0   3   6   0   0   0   0  79   1  2.99 inf
   43 Y   -9 -9 -9-10 -9 -8 -9-10 -5 -8 -8 -9 -8 -3-10 -9 -8 -5 11 -8    0   0   0   0   0   0   0   0   0   0   0   0   0   1   0   0   0   0  98   0  4.16 inf
   44 T   -2 -2 -1  1 -4 -4 -2 -2  0 -6 -7 -2 -4 -4 -6  6  4 -8 -7 -6    3   2   3   8   0   1   2   3   2   0   0   2   0   1   0  50  21   0   0   0  1.16 inf
   45 D    0 -1 -3 -2 -1 -3 -1 -4 -1  3  0 -1 -1  0 -4  0  1 -2  4  1    9   3   1   3   1   1   4   1   2  21   9   5   1   3   0   6   8   0  14   9  0.30 inf
   46 S   -2  1  1  3 -3  0  2 -1  3 -5 -4  2 -3 -1 -3  2 -3  0  0 -5    2   8   7  19   0   4  14   4   6   1   1  12   0   2   1  13   1   1   4   0  0.44 inf
   47 Q   -7 -5 -4  2 -9  9 -4 -8 -2 -9 -8 -2 -7 -9 -8 -4 -1 -8 -8 -8    0   0   1  10   0  80   1   0   1   0   0   2   0   0   0   1   4   0   0   0  2.75 inf
   48 L   -4 -5 -4 -7  0 -6 -7 -6 -6  4  3 -6  2  5 -7  0 -4 -5  2 -1    1   0   1   0   2   0   0   0   0  21  30   0   4  22   0   8   1   0   6   3  1.01 inf
   49 I   -1 -1 -2  2 -2 -1  3 -3 -1  0  0  0 -1  2  1  0 -2  2  1 -1    5   2   1  10   1   2  19   1   2   6   8   5   1   8   8   6   1   3   6   4  0.19 inf
   50 H   -2  2 -2 -1 -1  1  0 -5  2  1  0  1 -2 -2 -1 -2  2 -2  0  1    2  13   1   4   1   7   7   0   4   8   9  10   1   1   3   2  13   0   4   9  0.19 inf
   51 L   -3 -8 -8 -9 -7 -7 -8 -9 -8  3  5 -8  3  4 -8 -7 -6 -6 -3  0    2   0   0   0   0   0   0   0   0  13  55   0   5  18   0   0   0   0   1   6  1.49 inf
   52 D   -3 -2  4  4 -3  0  2 -3  3 -4 -1 -1 -2 -2 -1  0 -2 -3 -2 -4    2   2  20  23   1   3  11   2   6   1   8   3   1   2   3   7   2   0   1   1  0.52 inf
   53 L   -2  0 -3 -5 -5 -1 -2 -6 -5  4  1 -1  3 -1 -6 -2  3 -5  0  3    2   6   1   0   0   3   2   0   0  19  13   4   6   2   0   3  16   0   4  17  0.48 inf
   54 I   -8-10-10-10 -8-10-10-11-10  9 -2 -9 -3 -7-10 -9 -7 -9 -8 -2    0   0   0   0   0   0   0   0   0  94   3   0   1   0   0   0   0   0   0   2  3.19 inf
   55 K   -3  3  0 -3  0  1 -3 -3 -1  0  2  4  0 -4 -5 -1 -1 -6 -2 -1    2  17   5   1   2   6   1   2   2   6  17  25   2   0   0   5   3   0   1   3  0.45 inf
   56 S    1  0 -2  0 -3 -2  0 -3 -1 -1  0 -1  2  1 -5  1  0 -4  5 -1   10   5   1   6   0   1   5   1   2   4  10   3   6   5   0  11   6   0  20   3  0.30 inf
   57 L   -7 -8 -9-10  2 -8 -9 -8 -8 -4  7 -8  3  1 -9 -8 -7 -7  1 -3    0   0   0   0   4   0   0   0   0   0  80   0   6   4   0   0   0   0   4   1  2.04 inf
   58 K   -6  6 -6 -7 -9  0 -6 -8 -7 -7 -4  6 -5 -9 -8 -6 -7 -9 -8 -8    1  42   0   0   0   5   0   0   0   0   2  49   0   0   0   0   0   0   0   0  2.18 inf
   59 Y    0  0  0  2 -6  3  4 -2 -3 -4 -4  2 -2 -2 -5  1 -1 -4  1 -4    6   4   5  11   0  13  24   2   0   1   1  11   1   2   0  10   3   0   5   1  0.48 inf
   60 I   -3 -6 -5 -8 -1 -6 -7 -7 -7  3  5 -7  4 -2 -8 -2 -2 -6  2 -1    2   0   1   0   1   0   0   0   0  13  57   0   9   2   0   3   2   0   6   3  1.25 inf
   61 G   -6 -3  3  3 -8 -2 -3  6  0 -9 -6 -1 -8 -9 -7 -4 -6 -8 -8 -9    0   2  12  13   0   2   2  61   3   0   1   4   0   0   0   1   0   0   0   0  1.63 inf
   62 T   -7 -8 -8 -9 -5 -7 -8 -7 -7  1  1 -6  7  7 -8 -6  1 -6 -1  2    0   0   0   0   0   0   0   0   0   7  11   0  26  35   0   0   7   0   2  11  1.62 inf
   63 P   -5 -5 -2 -5 -5 -6 -5 -4 -3 -8 -7 -1 -8 -9  5  6  0 -9 -8 -8    0   1   2   0   0   0   0   1   1   0   0   5   0   0  31  54   5   0   0   0  1.75 inf
   64 L   -7 -8 -5 -9 -7 -8 -8 -9 -8  4  6 -7  3 -4 -8 -7 -2 -7 -5 -2    0   0   1   0   0   0   0   0   0  18  69   0   5   0   0   0   3   0   0   3  1.78 inf
   65 E   -1 -3  1  2 -7  1  4 -4 -3 -5 -7  5 -4 -8 -2  0 -1 -8 -5 -4    6   1   6   9   0   6  29   1   1   0   0  29   0   0   2   5   3   0   0   1  0.87 inf
   66 E   -4 -3 -4  3 -9  3  7 -8 -5 -7 -8  0 -4 -7 -7 -3 -3 -9 -8 -7    1   2   1  13   0  10  64   0   0   0   0   5   0   0   0   2   2   0   0   0  1.81 inf
   67 M   -8 -9-10-10 -8 -9-10-10-10  9 -1 -9  2 -7 -9 -9 -7 -9 -8 -1    0   0   0   0   0   0   0   0   0  88   6   0   4   0   0   0   0   0   0   2  2.89 inf
   68 K   -1  2 -3 -3 -8  3 -2 -4 -1 -5 -5  7 -5 -8 -7 -2 -4 -8 -7 -4    5  11   1   1   0  10   2   1   2   1   1  59   0   0   0   3   1   0   0   1  1.49 inf
   69 K    0 -1  1  2 -4  2  4 -3  0 -1 -3  1 -3 -4 -4  0  0 -6 -2 -2    9   3   7  11   0   8  25   2   2   4   3   8   0   1   0   6   6   0   1   3  0.39 inf
   70 A   -2 -7 -6 -8 -7 -4 -7 -8  0  4  1 -7  1  5 -8 -6 -4 -2  7  0    3   0   0   0   0   1   0   0   2  20  13   0   3  18   0   0   1   0  32   6  1.33 inf
   71 Q   -5 -3 -2 -6 -3  1 -1 -6 -2  2  5  0  4  1 -7 -4 -2 -6 -4 -1    0   1   2   0   0   7   5   1   1  10  45   6   9   5   0   1   3   0   0   3  0.79 inf
   72 D   -3 -4  5  5 -8  0  3 -2  1 -8 -6  0 -5 -8 -6  0 -3 -8 -5 -7    2   1  27  28   0   5  17   3   3   0   1   6   0   0   0   6   1   0   0   0  1.11 inf
   73 L   -3  5  1 -2  1  1  0  1 -2 -4 -2  2 -2 -4 -2 -1 -2 -2 -3 -3    1  34   5   2   4   6   5   9   1   1   4  13   1   1   2   5   3   1   1   2  0.59 inf
   74 E   -4  1  4  4 -5 -2  1 -4 -1 -6 -6 -2 -4 -7 -2  3  2 -7 -5 -4    1   6  21  20   0   2   7   1   1   0   0   2   0   0   2  21  12   0   0   1  0.81 inf
   75 M   -1 -4  1  0 -5 -2 -1 -4 -2  2  0 -2  1 -4  4  0  2 -5 -1  1    6   0   8   5   0   2   4   1   1  10   8   2   3   0  21   6  11   0   3  10  0.36 inf
   76 E   -1 -2  0  3 -6  1  5 -1  0 -4 -5  0 -5 -4  1 -1 -1 -6  0 -3    6   2   4  17   0   5  32   4   2   1   1   5   0   1   6   5   4   0   3   2  0.57 inf
   77 E   -1  0  3  1 -3  1  1 -2  1 -2 -3  2 -2 -2 -3  2  1 -5 -1 -3    4   4  13   9   0   6   9   3   4   2   3  14   1   2   1  14   8   0   2   2  0.28 inf
   78 L   -3 -3 -4 -4 -3 -5 -5 -6 -4  2  4 -5  4  4 -6 -1  2 -2  1  0    2   1   1   1   1   0   1   0   0  12  32   0   8  14   0   6  11   1   4   4  0.67 inf
   79 F   -3  0 -3 -4 -2  0  1 -4 -2  2  3  1  2  1 -4 -2 -1 -3 -1  0    2   4   1   1   1   5   9   1   1  12  31   8   4   5   1   2   3   0   2   7  0.33 inf
   80 A    0 -1  2  2 -2  1  3 -1  2 -3 -3  2 -2 -4 -3  1  0 -5 -2 -3    7   3   8  10   1   7  17   5   4   2   3  11   1   1   1  11   4   0   2   2  0.27 inf
   81 F   -2 -2 -4 -6 -2 -2 -2 -5 -3  3  4 -1  4  3 -5 -2 -2 -5 -2 -1    3   2   1   0   1   2   3   1   1  14  38   3  11  11   0   3   2   0   1   3  0.67 inf
   82 Y   -2 -4 -7 -7 -6 -6 -7 -7 -6  1  6 -4  3  2 -7 -4 -5  0 -1 -1    3   1   0   0   0   0   0   0   0   8  64   1   6   8   0   1   0   1   2   3  1.35 inf
   83 T   -2  1  1  1 -6  2  4 -3  2 -2 -3  3 -1 -5 -5 -1  0 -6 -1 -3    4   8   7   7   0   8  25   2   4   2   3  16   2   0   0   3   5   0   2   1  0.48 inf
   84 E   -2  1  1  0 -4  3  4 -3 -1 -4 -2  3 -3 -3 -5  0 -2 -4 -3 -3    3   7   6   5   0  12  26   2   1   1   5  18   0   1   0   6   2   0   1   2  0.54 inf
   85 Q   -5  1 -3 -5 -7  6  2 -6 -1 -5 -3  6 -2 -7 -6 -4 -4 -7 -4 -6    1   8   1   0   0  28  12   0   2   1   3  39   1   0   0   1   1   0   1   0  1.37 inf
   86 E   -3  2 -2 -2 -3  2  3 -4  0  2  0  3 -1 -5 -5  0 -2 -6 -2 -3    1   9   2   2   1  10  16   1   2  14   9  21   1   0   0   6   2   0   1   1  0.45 inf
   87 R    0  1  0  0 -4  3  3 -3 -1 -1 -2  3 -2 -3 -5  0 -1 -6 -3 -2    9   7   4   5   0  11  19   1   1   3   3  19   1   1   0   7   3   0   1   3  0.41 inf
   88 Q   -1  0 -1 -1 -4  2  5 -5 -2  1  0  1  0 -2 -5 -1 -2 -6 -3 -1    4   4   3   4   0   8  35   0   1   8   9   8   3   1   0   3   2   0   1   5  0.50 inf
   89 I   -2 -6 -5 -8 -1 -7 -6 -8 -7  6  3 -6  1  0 -7 -6 -1 -4 -3  3    3   0   1   0   2   0   0   0   0  45  22   0   3   4   0   0   4   0   1  15  1.24 inf
   90 R   -1  1  1  4 -6  2  4 -4  0 -3 -2  1 -2 -6 -5 -1 -1 -6 -3 -3    6   8   6  20   0   9  23   1   2   2   5   9   1   0   0   3   3   0   1   2  0.54 inf
   91 E   -1  1  1 -1 -2  3  4 -3 -3 -5 -3  4 -3 -6 -5 -1 -2 -5 -5 -4    5   8   7   3   1  12  28   1   1   1   3  21   1   0   0   3   3   0   0   1  0.69 inf
   92 K   -4  0  0 -3 -5  4  4 -6 -1 -4 -5  5 -5 -8 -6 -2 -3 -8 -5 -6    1   5   3   1   0  17  28   0   1   1   1  35   0   0   0   2   2   0   0   0  1.21 inf
   93 L   -5 -2 -6 -8 -5  1 -6 -9 -5  7  1 -1  3 -4 -8 -7 -4 -5 -5 -1    1   3   0   0   0   6   0   0   0  64  10   4   7   0   0   0   1   0   0   3  1.72 inf
   94 D    0  2  2  0 -4  3  3 -5 -1 -2 -3  4 -1 -5 -5 -1 -2 -6 -4 -3    8   9   9   5   0  14  16   0   2   2   2  21   2   0   0   5   2   0   0   2  0.54 inf
   95 F   -1  3  0 -1 -3  2  4 -4  2 -3 -3  3 -2 -4 -5 -2 -2 -4 -1 -3    4  14   4   4   1   8  27   1   5   2   2  17   1   1   0   2   2   0   3   2  0.61 inf
   96 L   -6 -6 -5 -5 -7 -4 -1 -9 -7  1  6 -7  2  0 -8 -5 -6 -2 -1 -5    0   0   1   1   0   1   4   0   0   6  74   0   5   3   0   1   0   1   2   0  1.63 inf
   97 S   -2  0  2 -1 -6  4  3 -4 -1 -2 -2  3 -2 -4 -5  0 -1 -4 -3 -4    3   5   8   3   0  18  18   1   2   3   5  20   1   0   0   6   4   0   1   1  0.56 inf
   98 A    0  2  0  0 -3  3  2 -4  1 -2 -1  2  0 -2 -4 -1 -2  0  1 -3    9  11   5   6   0  12  14   1   3   2   6  13   3   2   0   5   2   1   5   2  0.28 inf
   99 L   -1  1 -3 -4 -4  1 -2 -6 -3  4  1  1  4 -4 -5 -2  1 -6 -3  1    4   7   1   0   0   6   2   0   1  25  14   9  10   0   0   3   7   0   1   9  0.50 inf
  100 E   -3  3 -1 -2 -4  3  3 -5  0  1  0  4 -2 -6 -5 -2 -4 -6 -2 -4    2  13   3   2   0  14  18   1   2   9  10  21   1   0   0   2   1   0   1   0  0.60 inf
  101 Q   -1  3  2  0 -3  3  2 -3  1 -3 -4  3 -3 -4 -5  0  0 -4 -1 -3    6  13   9   5   0  11  13   2   4   1   2  16   0   1   0   5   7   0   2   1  0.41 inf
  102 T   -1  1  1 -1 -4  1  1 -4 -1  0 -1  2  2  1 -4  0  0  1  0 -1    4   9   6   2   0   5  10   1   1   7   5  14   7   6   0   8   6   2   4   4  0.17 inf
  103 I   -4 -8 -5 -8 -3 -7 -8 -6 -8  6  4 -8  3 -2 -8 -7 -4 -7 -5  1    1   0   1   0   1   0   0   1   0  46  35   0   6   1   0   0   1   0   0   6  1.56 inf
  104 S   -3  0  2  2 -1  3  3 -3  2 -3 -3  1 -4 -3 -5  1 -2 -6 -3 -4    2   5   9  11   2  12  22   2   5   2   3   9   0   1   0  11   2   0   1   1  0.48 inf
  105 L   -1  2  2  0 -3  2  1 -2  2 -1 -1  1 -1 -1 -4  1  1  0 -1 -2    4  10  12   4   0   8   8   3   5   3   8   9   1   2   0   8   8   1   2   2  0.17 inf
  106 V   -2  4 -3 -2 -4  0 -2 -5  1  0  1  3  1 -1 -5 -2  0 -2  0 -2    4  25   1   2   0   3   2   1   3   6  12  20   4   3   0   3   5   1   4   2  0.48 inf
  107 K   -2  0 -1 -3 -1  0 -1 -5 -1  5  2  3  0 -4 -6 -3 -2 -6 -3 -1    4   4   4   1   1   4   5   1   2  30  19  16   2   0   0   2   2   0   1   3  0.54 inf
  108 K   -1  1  3  1 -3  2  3 -3  1 -3 -3  3 -1 -4 -5  1 -2 -4 -3 -3    6   6  12   7   0   8  19   2   3   2   2  15   2   1   0  11   2   0   1   2  0.42 inf
  109 R   -1  1  1  0 -2  3  0 -2 -1 -1  0  1  1  0 -4  1  1 -3  0 -1    4   8   8   4   1  15   5   2   1   4   9   7   3   4   0  11   7   0   3   3  0.15 inf
  110 M   -3 -5 -5 -6 -5 -5 -6 -4 -6  5  3 -5  4  0 -6 -5  2 -6  1  1    2   0   0   0   0   0   0   2   0  29  27   1   9   4   0   1  10   0   4   9  0.90 inf
  111 K   -2  0  1  0 -5  2  4 -4  0 -4 -3  4 -2 -6 -4 -1  0 -6 -4 -3    3   4   6   4   0   9  30   1   3   1   3  21   1   0   0   4   6   0   1   2  0.65 inf
  112 R   -1  1  0  2 -2  1  3 -2  2 -2 -2  2 -1 -2 -3  0  0 -2  1 -3    5   8   4  10   1   6  18   2   5   3   4  12   1   2   1   5   5   1   4   2  0.23 inf
  113 Q    3 -2 -1 -2 -1  1  0  1 -1  0  0 -1  0 -1 -3  0  0  2  1 -1   23   1   3   2   2   7   6  11   1   5   9   3   2   2   0   8   5   3   4   3  0.14 inf
  114 M   -1  0 -1 -1  0  0  0 -2 -1  1  2  1  3 -1 -3 -1 -1 -4 -1  0    4   4   3   3   2   4   7   3   1   9  19  12   9   2   1   3   4   0   2   6  0.13 inf
  115 E   -1 -1  3  2 -5  2  3 -2 -1 -4 -4  2 -3 -4 -2  2 -1 -4 -4 -3    4   3  15  10   0   8  21   3   1   1   2  11   1   1   1  13   4   0   0   1  0.48 inf
  116 Y    0 -2 -1 -2 -3  0  0 -2  2  3  0  0  0  0 -3  0  1 -1  2  0    9   1   3   2   0   4   5   2   5  18  10   7   2   4   1   6   9   1   8   5  0.12 inf
  117 P   -1 -1  0  1 -2 -1  0 -2 -1  1  0  1  3 -1  3  0  0 -4 -3  0    4   3   4   7   1   2   5   2   2   7  10   9   8   2  13   8   6   0   1   6  0.14 inf
  118 A   -1  0  2  2 -2  0  1 -2 -1 -1 -2  1 -1 -1  0  1  0 -3 -1  0    5   4  10  14   1   3  10   3   2   4   4  10   2   2   4   9   4   0   2   7  0.13 inf
  119 L   -2 -1  1  0 -1 -1  0 -2  1  1  2 -1  2  2 -1 -1 -1 -2  1 -1    2   2   6   7   1   2   6   3   4   9  19   4   6  10   2   5   3   0   5   3  0.13 inf
  120 G   -1 -3  3  2 -2  0  1  2 -1 -1 -4  0 -3 -2 -1  1 -1 -5  1 -3    4   1  15  13   1   4   8  16   1   4   1   6   0   2   3  10   3   0   4   2  0.29 inf
  121 E   -1 -1  0  1 -3  2  4 -3  0  0 -4  2 -2 -3 -2  0  0 -5  0 -1    3   3   4   6   1   8  24   2   2   6   1  12   1   1   2   8   7   0   4   5  0.32 inf
  122 V   -4 -4 -3 -2  1 -1 -4 -6 -5  6 -1 -4  0  0  1 -4 -2 -2 -2  4    1   1   1   2   2   3   1   0   0  42   4   1   2   4   7   1   2   1   1  22  0.95 inf
  123 F   -2  1 -2 -3 -1  0  1 -3  0  1 -1  1 -2  2 -3  1  1 -2  3  1    3   8   2   1   1   4   9   1   2   9   5   7   0   9   1  10  10   0  10   9  0.18 inf
  124 V   -4 -2 -4 -3 -3 -3  0 -6 -3  4  2 -1  0  0 -4 -3 -1 -5  1  2    1   2   1   1   1   1   7   0   1  27  22   4   1   4   1   2   4   0   5  15  0.54 inf
  125 L   -2  1 -3 -3  0  2  3 -6 -1  2  0  4 -1 -5 -5 -2 -1 -6 -3  1    3   6   1   0   2   8  19   0   1  10   9  21   2   0   0   3   3   0   1  10  0.44 inf
  126 D   -3  0  0  0 -2  1  3 -5  3 -3 -4  2 -4  0 -1 -1  1 -2  4 -3    2   5   4   5   1   5  22   0   6   1   1  14   0   4   3   5   8   1  13   2  0.47 inf
  127 E   -3 -1 -1 -2  1  0  1 -5  0  2  2  0  2  3 -4 -3 -1 -2  0  0    1   4   4   2   3   3  12   0   2  14  18   6   5  11   0   1   4   0   3   5  0.24 inf
  128 E   -2  0 -1  1 -1  0  3 -5 -4  0 -5  1 -2 -5  5 -3 -3 -7 -6 -4    3   5   3   8   1   5  22   0   0   5   1   9   1   0  32   2   1   0   0   1  0.85 inf
  129 E    0 -1 -1  0 -5  2  5 -4 -3 -5 -6  2 -6 -7  2  0 -2 -7 -3 -4    8   3   3   5   0   8  34   1   1   0   0  13   0   0  10   8   3   0   1   1  0.72 inf
  130 I   -2  5 -4 -3  0  1  3 -6 -2  1 -1 -1  0 -2 -4 -2 -2 -6  0  0    3  35   0   1   2   5  16   0   1   8   6   2   3   2   1   3   3   0   4   6  0.65 inf
  131 R   -3  2  0 -3  0  1 -1 -5  2  0 -1  2 -2  0  0 -1  1  0  5 -2    2  10   4   1   2   5   3   0   4   5   6  14   1   3   5   4   8   1  19   2  0.36 inf
  132 I   -1 -4 -4 -5  3 -4 -5 -4 -4  5  2 -4  1  2 -4 -2 -3 -3  1  2    5   1   1   0   6   1   1   1   0  29  18   1   3   9   1   3   1   0   5  15  0.68 inf
  133 I    0 -5 -5 -6 -1 -4 -5 -5 -2  3  3 -4  1  0 -6 -4 -2 -3  2  4    8   0   0   0   1   1   1   1   1  17  29   1   2   3   0   1   3   0   6  24  0.72 inf
  134 Q    0 -1 -2 -2  0  0 -1 -3  0  0  0  0  0  1 -1  1  1 -2  4  0    7   4   1   1   2   5   3   1   2   6   9   5   3   4   3  11   9   0  14   8  0.14 inf
  135 T   -1 -1 -2 -2 -2 -1 -2 -3 -2  2  2  0  2  0 -2  2  1 -2  0  0    4   3   2   2   1   2   2   2   1  11  17   6   5   3   2  19   8   0   4   7  0.17 inf
  136 E   -1  2  2  2 -4  0  2 -3  0 -2 -2  2 -1 -2  2  0 -1 -1 -2 -3    3  10   9  13   0   3  11   2   2   3   3  11   2   1  11   8   3   1   1   2  0.27 inf
  137 A    0  2  0 -1  2  0  0 -1  0  0 -1  1  0  0 -1  0  0 -2  0  0    6  13   5   2   5   2   6   3   2   8   4   8   2   5   3   7   7   0   3   8  0.06 inf
  138 E   -2  0  1  1 -4  1  2 -3  0  0 -1  2  2 -2  0  0 -1 -5 -2 -1    3   4   6   8   0   5  16   2   2   5   5  16   6   2   5   6   4   0   1   4  0.21 inf
  139 G   -1 -1  1  0 -3  0  1  0  0  1 -1  0  1 -1  0  0 -1 -3  1  0    4   2   8   6   0   4  12   7   2  12   3   5   4   3   5   9   4   0   5   7  0.07 inf
  140 I   -2 -2  2  0 -2 -1  0 -3 -1  3  0 -1  0 -1 -1  0  0 -4  1  1    3   2  11   6   1   2   5   1   2  19   9   4   2   2   3   7   6   0   4  10  0.17 inf
  141 G    0  0  0  1 -1 -1  0  0  0 -1 -1  0  0  0  1  1  1 -2  1 -2    5   6   5   8   1   1   4   8   2   5   5   6   3   4   8  11  10   0   6   2  0.07 inf
  142 P   -2 -2  2  3 -1 -2  0 -1 -2 -2 -2 -1  0 -2  2  2  1 -3  1 -3    2   2  10  15   1   1   5   4   1   2   4   3   2   1  12  16  10   0   5   1  0.29 inf
  143 E   -2 -2  0  3 -6  0  3 -3  1 -1 -1 -1  0  1 -3 -2 -2 -4  4 -2    2   2   5  18   0   3  21   2   3   4   7   4   2   5   1   3   3   0  14   2  0.42 inf
  144 N   -2  0  2  3 -6  0  3 -3 -1 -3 -3  2  0 -2 -2  0 -1 -5  2 -3    2   5   9  18   0   4  17   1   1   1   3  12   2   2   2   8   4   0   8   1  0.39 inf
  145 V   -1 -2  0  2 -3  0  3 -2  0  1 -1 -1  1  0 -3  0  0 -4  0  1    5   1   5  14   0   4  18   2   2   8   4   4   4   5   0   6   5   0   3   9  0.19 inf
  146 L   -2 -2 -3  1 -3 -2  0 -4 -2  3  2 -3  2  3 -1 -1 -1 -1  1  0    3   2   1   7   0   2   6   1   1  16  19   1   6  12   3   6   3   1   5   6  0.26 inf
  147 N   -1 -2  1  3 -5  0  3  0  0 -2 -2 -2  1  1 -3  0 -2 -2  1 -1    6   1   8  15   0   3  21   6   2   3   3   2   4   7   1   6   2   1   4   4  0.28 inf
  148 A    0 -1 -1  0 -3  0  1 -3 -1  1  1  0  0  1 -2 -1  0 -1  2  0    6   2   3   6   0   4  10   1   1  10  16   7   3   6   2   5   6   0   7   4  0.08 inf
  149 S    0 -2 -1 -1 -2 -2 -1 -3 -1  2  1 -2  0  0 -1  1 -1 -1  4  0   10   2   3   3   1   1   5   1   1  10  13   2   2   4   3  11   4   1  15   7  0.18 inf
  150 Y   -5 -5 -3 -7 -3 -2 -3 -5 -1  4  1 -1  2  3 -5 -4 -2  5  5  1    1   0   1   0   1   2   2   1   1  20  15   4   5  12   1   1   2   6  17   9  0.75 inf
  151 S    0  2  0 -1 -2  1  0  0 -1 -1 -3  2  0 -4  1  2 -1 -5 -2 -3    9  12   5   3   1   5   6   6   2   3   3  14   3   1   6  17   3   0   1   2  0.23 inf
  152 K   -2  1 -1  2 -3  1  3 -4  0 -3  0  3 -2 -2 -4 -1 -1 -6 -1 -3    3   8   3  11   1   6  22   1   2   2   9  17   1   2   1   5   3   0   2   1  0.40 inf
  153 L   -3 -3 -3 -7 -2 -1 -3 -6  3  2  5 -4  3  2 -7 -4 -3  0  0 -1    2   1   1   0   1   2   2   0   7   9  45   1   6   9   0   1   2   1   3   4  0.82 inf
  154 K   -1  0  0  0 -1  0  1  0  0  2 -1  1  1  2 -3 -1  0  0  2 -1    4   5   4   5   1   4  10   6   2  13   6   9   3   8   0   3   5   1   7   4  0.08 inf
  155 K   -1  1  3  1 -1  1  2 -3 -1 -5 -3  3 -3 -5 -2  1 -1 -3 -4 -4    4   7  14   6   1   7  15   2   2   0   3  20   1   0   2   8   4   0   1   1  0.45 inf
  156 F   -3  0  0 -1 -2  0  1 -5  3  1  0  1  0  3 -3 -2 -1 -4  4 -2    2   4   5   4   1   5   9   1   6   8   7   8   2  12   2   3   3   0  15   3  0.32 inf
  157 I   -2 -2 -3 -3  5 -2  0 -5 -2  4  2 -1  3  0 -4 -1 -2 -1 -1  1    4   2   1   2  11   2   6   1   1  21  17   4   6   3   1   5   2   1   2  10  0.43 inf
  158 E   -1 -1  2  2 -4  3  3 -2  0 -2 -3  3 -1 -2 -3 -1 -2 -6  0 -5    5   2   8   9   0  12  20   4   2   3   2  15   2   2   1   4   3   0   4   0  0.41 inf
  159 S    0  1  1  1 -3  2  2 -4  1 -2 -2  3 -1 -4 -3  1 -1 -6 -2 -2    8   6   7   8   0   9  12   1   3   3   4  19   1   0   1   9   4   0   2   3  0.30 inf
  160 A    0  0  2  0 -1  0  1 -3  2  1  0  1  0  0 -2 -1 -1 -4  2 -1    7   4   9   4   1   3   9   1   6   9  12   9   3   4   2   5   3   0   7   2  0.11 inf
  161 D   -2  0  3  1 -5  0  0  2  2 -2 -2  1 -2 -3  0 -1 -2  2  1 -3    4   4  17   9   0   4   6  16   5   3   5   9   1   1   4   3   1   3   5   2  0.28 inf
  162 G   -1 -1  0 -1  1 -1 -1 -1 -1  2  2 -2  1 -1 -1  1 -1 -2  0  0    5   3   4   4   3   2   4   6   2  15  19   2   4   2   3  11   3   0   3   6  0.09 inf
  163 F   -1 -1  0  0 -1 -1  0 -3  0  2  1  1  0  1 -1 -1  0 -3  0  1    6   2   6   5   1   2   5   1   2  14  13   9   2   7   3   3   6   0   3   8  0.08 inf
  164 T   -1 -2 -1 -2  1 -1  0  0  1  1  0 -1  2  2  0  0  1 -3  1  0    5   1   3   2   3   2   6   9   3   8   6   3   6  11   5   7   9   0   5   6  0.08 inf
  165 N   -1 -2  3  0 -1  1 -1  1  0 -1  0 -1  0 -1  0  1  1 -4 -1 -2    5   1  15   6   1   6   4  12   2   5  10   3   2   2   4  10   8   0   2   2  0.14 inf
  166 N    0 -3  3 -1  1  0 -1  3  0 -2 -2 -1  2  0 -1  0 -3 -3  4 -3    6   1  13   3   3   3   5  22   2   2   4   4   5   3   3   6   1   0  13   1  0.34 inf
  167 S   -1 -1  1  1  0  0  1  0 -2 -2 -4  1 -2 -2  4  1  0 -4  0 -3    4   4   6   7   2   4   9   8   1   3   2   9   1   2  20   9   5   0   3   1  0.31 inf
  168 Y   -3 -3 -4 -5  1 -3 -4 -6 -3  4  0 -4  2  2  0 -4 -2 -3  4  3    2   2   1   1   3   1   1   1   0  24   9   1   5   7   5   1   2   0  12  20  0.66 inf
  169 G   -1 -6 -2 -5  1 -4 -4  6 -4 -2 -3 -5  3 -4 -5 -3 -3 -6  2 -2    5   0   2   0   2   1   1  60   1   2   4   1   6   1   1   2   2   0   6   3  1.31 inf
  170 A    1 -4 -2 -3  3 -3 -3  0 -3  0 -1 -4 -2  2 -2  2  2 -1  1  1   13   0   2   1   5   1   1   7   1   5   7   0   1   8   2  16  10   1   6  11  0.25 inf
  171 T   -2 -2 -5 -4 -1 -4 -2 -1 -5  5  0 -2  4  1 -4  0  1 -5  2  0    3   2   0   1   1   1   3   4   0  31   9   2   9   6   1   7   8   0   6   6  0.52 inf
  172 F   -2 -5 -3 -3 -1 -2 -6 -6 -2  5  0 -5 -1  3 -6 -5 -1  0  5  2    3   1   1   2   2   2   0   0   1  28   9   1   2  12   0   1   4   1  19  11  0.87 inf
  173 S   -1 -1  1  2  1 -3 -1 -4  4 -3 -2 -1 -3 -3  2  3  0 -2  0 -3    5   3   6  13   3   0   3   1  11   2   4   4   1   1  11  22   5   1   3   2  0.44 inf
  174 F   -1  0 -1  0 -2 -1  0 -1 -1  0  0  2  0  2 -2 -1  0 -1  1  1    5   6   2   5   1   2   5   5   1   6  11  13   2   9   1   5   4   1   6  10  0.06 inf
  175 Q   -1 -1  1  2 -2  0  4 -2  2 -3 -4  2 -5 -5 -1  0 -2 -6  1 -5    5   2   7  11   1   4  28   3   5   2   1  11   0   0   4   7   2   0   5   1  0.51 inf
  176 P   -1 -1  3  3  1  1  2 -2  2 -1 -4  0 -2 -3  0  1 -2 -4 -2 -2    5   3  14  14   3   5  11   3   4   5   1   7   1   1   5  12   2   0   1   3  0.28 inf
  177 Y   -3 -5 -2 -3 -5 -5 -2 -5 -4  3  3  0  0  2 -4 -3 -3  0  4  1    2   0   2   2   0   0   2   1   0  17  28   5   2   9   1   2   1   1  15   7  0.62 inf
  178 T   -2  1  0  0 -1  1  2 -2 -1  0  1  2  1 -2 -2 -1 -1  1  1 -2    2   7   5   5   1   6  13   3   1   5  17  13   3   1   2   3   3   2   5   1  0.16 inf
  179 S    0  0  3  2 -5  3  1 -3  1 -2 -3  2 -4 -2 -1  1 -2 -4 -1 -5    7   4  14  12   0  11  10   2   3   2   3  13   0   2   4  10   2   0   2   0  0.36 inf
  180 I   -2  0  2  0 -3 -1  1  3 -1 -1 -2  2 -1 -1 -3 -1 -2 -4 -1 -1    3   5   9   4   0   2   8  26   1   4   4  13   2   3   1   4   2   0   2   4  0.29 inf
  181 D   -3  1  2  3 -2  0  3 -2  2  1 -3  1 -3 -4 -5 -2 -3 -6 -2 -2    2   6  11  17   1   4  21   3   5   7   3  10   1   1   0   3   1   0   2   2  0.46 inf
  182 E   -3 -4  1  1  0  0  1 -5 -1 -3 -3 -1 -4  5  0 -2 -2 -1  5 -3    3   1   7   9   2   3   9   1   1   2   3   5   0  23   5   3   2   1  18   2  0.63 inf
  183 M   -2  0  2  2 -2  0  1 -1  1  0  0  1 -1  0 -3 -1  0 -2  1 -1    3   4  10  15   1   4   7   6   3   7   8   8   1   5   1   3   7   0   4   4  0.12 inf
  184 T   -1  0  2  1 -2  1  2 -2  0  0 -2  1 -1 -3 -2  0  0 -3 -1  0    6   6  10   9   1   5  16   3   2   5   3  10   2   1   2   6   5   0   2   7  0.17 inf
  185 Y   -2 -4 -2 -1  3 -4 -1 -4  1 -1 -2 -1 -1  3 -2 -3 -2 -1  7 -1    4   1   3   4   5   1   5   2   3   3   4   4   1   9   2   2   3   1  39   5  0.95 inf
  186 R   -1  1  2  3 -1  0  0 -3 -1 -2 -2  2 -4 -2 -2  2  0 -3 -4 -1    4   9   9  15   1   3   6   2   1   2   4  10   0   2   1  17   6   0   0   5  0.28 inf
  187 H   -1 -2  0 -1 -1 -2  1  1  3 -1 -3 -1 -2  0 -3  2 -2 -1  4 -2    4   2   5   4   1   2  10  11   7   4   2   4   1   3   1  16   1   1  16   3  0.31 inf
  188 I   -1 -2 -2 -2 -1 -2 -3 -5 -3  3  2 -3  1  2 -3 -2 -1 -2  1  3    5   2   2   3   1   1   2   1   0  16  17   2   3   8   1   3   3   0   5  23  0.39 inf
  189 F   -3 -5 -2 -2  2 -3 -1 -1 -4  0 -2 -4 -2  7 -2 -2 -4 -4  5 -1    2   1   2   3   4   2   4   4   0   5   3   1   1  38   3   3   1   0  19   4  1.06 inf
  190 T   -1 -1 -1 -3  1 -1  1 -3 -3  2  1 -1  1  1 -3  0  2 -4 -1  1    4   3   3   1   3   2   9   1   0  15  12   3   4   6   1   7  14   0   2  10  0.19 inf
  191 P    0  0 -1  0  0 -1  0 -2 -1  1  0  1  0  1  2 -1  0 -2  0  0    6   4   3   4   2   2   6   3   2  10   8  10   2   7   9   5   6   0   4   6  0.05 inf
  192 V    0 -3 -3 -2  1 -2 -2 -4 -4  4  2 -2  0  0 -4 -1 -2 -4 -2  4    7   2   1   3   3   2   3   1   0  19  19   3   2   4   1   4   3   0   1  24  0.44 inf
  193 L   -2 -1 -1  2  0  0  3 -1 -1  0  0  0  0 -1  1 -1 -1 -1  1 -1    3   3   3  10   2   3  19   5   1   6  11   6   2   3   6   4   4   1   5   5  0.12 inf
  194 T    0 -1  0  2 -1  0  1 -1 -1  0 -1  1 -1  0  0  0  1 -2  0  0    8   2   5  11   1   3   9   4   1   7   6   9   1   5   5   6   8   0   3   5  0.06 inf
  195 N   -1 -1  2  2  2  0  2  0 -1 -1 -2  0  0 -1  0  0 -1 -3 -1  0    5   2  11  11   4   3  13   8   1   4   4   7   2   3   5   6   3   0   2   6  0.12 inf
  196 K   -1  0  0  2 -2  0  2 -2  0  0 -1  2  0  0 -1  0  0 -3  0  0    4   5   4  10   1   4  14   3   2   4   5  13   2   5   3   5   6   0   3   8  0.11 inf
  197 Q    0  0  1  1 -1  1  3 -2  2 -2 -2  2  0 -3 -1  0 -1 -3  0 -2    8   5   6   9   1   5  17   3   4   2   4  12   3   1   3   6   4   0   4   3  0.18 inf
  198 I   -1 -1  0  0 -2  0  0 -2 -1  2  0 -1  1  0  0 -1  0 -2  1  1    4   3   5   7   1   4   6   3   1  15   8   3   3   5   5   5   4   0   6  12  0.07 inf
  199 S   -1 -1  0  2 -2  0  1 -1 -1 -2 -2  1 -2 -1  2  1  0 -3  0 -2    4   3   5  11   1   4  10   5   2   2   5  11   1   3   9  12   6   0   4   3  0.15 inf
  200 S   -1 -1  2  2 -2  0  1  0  2  0 -2  1 -2 -1  0  1 -1 -2 -1 -2    4   3  12  10   1   4  10   8   4   6   5   8   1   2   4  10   3   0   2   3  0.13 inf
  201 I    0  0  0  0 -2 -1  1 -1  0  0  0  1  0  0  2  0  0 -2  0  0    5   4   4   5   1   2   8   5   2   8  11  10   3   5   9   5   4   0   4   6  0.04 inf
  202 T   -1  0  0  0 -1  0  1 -1  1  0  0  0 -1  0  1  0  1 -2  0  0    4   4   3   4   1   2  13   4   3   7   9   7   1   4   6   7  10   0   3   7  0.05 inf
  203 P   -1  0  0  1  0  1  1 -1 -1 -1 -2  2 -2 -1  2  0  0 -3 -1 -2    5   4   5   9   2   5  11   6   2   3   4  13   1   3   9   7   6   0   2   2  0.15 inf
  204 D   -1  0  2  2 -2  0  1  1  0 -1 -2  1 -2  0 -2  0  0 -3  0 -1    4   4   9  14   1   4   9  10   3   3   4  10   1   4   2   6   5   0   3   4  0.14 inf
  205 M   -1  0  0  0 -2  0  1 -1 -1  1  0  1  1 -1  1 -1  0 -2 -1  0    4   4   3   6   1   4  11   6   1  10   7  11   4   3   6   4   4   1   2   6  0.06 inf
  206 E   -1  0  2  0  0  1  2  0  1 -2 -2  1 -2 -1  0  0  0 -1 -1 -2    4   6  12   5   2   5  15   7   3   2   4  10   1   3   6   5   5   1   3   2  0.16 inf
  207 I   -1 -2 -1 -2  1 -1 -2 -3 -3  3  1 -2  0  1 -3 -1  1 -1  1  2    5   2   4   2   4   2   3   2   0  18  13   2   2   7   1   3   8   1   5  15  0.21 inf
  208 T   -1  1 -2 -1 -2  0  0 -3  2  1 -1  2  0  3 -2 -1  1 -2  2  0    3   8   1   4   1   3   5   2   6   7   5  13   2  11   2   4   9   0   7   6  0.16 inf
  209 T   -3  0 -2 -1  0 -2  1 -4 -3  4 -1  1  0 -2 -3 -2  2 -2 -1  2    2   4   2   3   2   2   9   1   1  22   5   8   2   2   1   3  15   1   2  15  0.34 inf
  210 I   -3  1 -5 -5 -5 -2 -3 -6 -5  3  4  3  2  1 -4 -4 -3 -3 -3 -1    2   8   0   0   0   2   2   1   0  16  32  18   4   6   1   1   1   0   1   4  0.68 inf
  211 P   -3 -4 -3 -3 -4 -2  1 -2 -6 -5 -6  0 -5 -4  8 -2 -4 -2 -6 -5    2   1   2   2   0   2   9   3   0   1   1   6   0   1  62   3   1   1   0   1  1.74 inf
  212 K    3 -2 -2 -2 -5 -2  3  2 -5 -4 -5  3 -3 -6 -1  0 -3 -6 -4 -4   25   2   2   3   0   2  19  15   0   1   1  15   1   0   3   8   1   0   1   1  0.60 inf
  213 G   -4 -4 -2 -4 -3 -2 -4  7 -3 -1 -6 -5 -2 -2 -5 -4 -4 -7 -5 -2    1   1   2   1   1   2   2  74   1   3   1   1   1   2   1   2   1   0   1   4  1.77 inf
  214 R   -3  1  1  1 -3  0  1 -5 -1  0  1  2  3 -2 -3 -2  2 -3  0 -2    2   7   8   7   1   4   8   0   1   4  14  14   8   2   1   2  13   0   3   1  0.26 inf
  215 Y    1 -8 -8 -9  4 -8 -8 -7 -1 -6 -6 -8 -1  1 -8 -7 -7 -3  9 -1   13   0   0   0   6   0   0   0   1   0   1   0   2   5   0   0   0   0  65   4  2.50 inf
  216 A    5 -8 -8 -9 -3 -6 -8 -5 -8  1  4 -7 -3 -6 -8 -6 -6 -8 -7  3   38   0   0   0   0   0   0   1   0   6  33   0   1   0   0   0   0   0   0  20  1.32 inf
  217 C   -3 -1 -3 -7  8 -2 -4 -6 -4  0 -5 -2 -1 -6 -7  3  4 -8 -4  1    2   4   2   0  32   2   1   0   1   4   1   3   2   0   0  18  20   0   1   9  1.32 inf
  218 I    1 -5 -6 -6  1 -4 -5  1 -6  4  1 -4  3 -1 -6 -1  1 -6  1  2   12   0   0   0   3   1   0  11   0  23  12   1   6   2   0   4   9   0   4  13  0.51 inf
  219 A   -1  0 -2 -4  1 -4 -6 -6 -3  1 -1 -3  2  2 -5 -2  0 -2  7  0    7   6   3   1   2   1   0   0   1   7   6   2   5   9   1   3   6   0  36   6  0.90 inf
  220 Y   -5 -6 -5 -4  3 -2 -5 -8  8 -3 -3 -6 -2  4 -8 -4 -6 -3  6 -1    1   0   1   1   5   2   1   0  36   2   3   0   1  17   0   1   0   0  22   5  1.82 inf
  221 N   -3  3  0 -1  1  1 -1 -5  3  1 -3  4 -2 -3 -3 -1 -1 -6  1 -1    1  13   4   3   3   6   3   1   6   9   2  28   1   1   1   5   4   0   5   4  0.49 inf
  222 F   -5 -8 -4 -1 -2 -7 -4  7 -4 -7 -9 -2 -8 -3 -8 -4 -6  1  0 -8    1   0   1   4   1   0   2  79   0   0   0   3   0   1   0   2   1   2   3   0  2.12 inf
  223 S    0 -2  1  2 -4 -4  0  0  0 -5 -4 -1 -5 -5  3  3  1 -7 -1 -4    6   2   6  12   0   0   6   8   2   0   2   3   0   0  15  25   8   0   2   1  0.51 inf
  224 P   -5 -2  0 -3 -3 -7 -3 -7  5 -4 -4 -4  0  2 -2 -3 -6  6  8 -5    1   2   4   2   1   0   2   0  10   1   2   1   2   7   3   2   1   9  49   1  1.80 inf
  225 E   -1 -1  0  3 -5  0  4 -2  0 -4 -5  1 -3 -3 -1  2 -1  0 -1 -5    4   3   5  17   0   4  25   3   2   1   1   9   1   1   3  13   4   1   2   1  0.51 inf
  226 H   -4  0  4  2 -7  2  3 -2  0 -7 -5  1 -4 -6 -5  0  2 -7 -1 -7    1   4  17  12   0   9  19   3   2   0   1   9   0   0   0   7  14   0   3   0  0.68 inf
  227 Y    0 -2 -1 -3 -5 -4  0 -5 -3  4  3 -3  2 -1 -5  0  0 -3  1 -1    7   2   3   1   0   0   7   0   1  22  24   1   4   2   0   7   6   0   5   3  0.42 inf
  228 F    0  0  0  1 -1 -1  0  1  1 -1 -3  1 -2 -2  4  0 -1 -3  1 -2    6   6   4   7   1   2   6  10   4   4   2   8   1   2  18   7   4   0   5   2  0.23 inf
  229 L   -1  0  0  1 -5  2  4 -3  1 -2 -3  3 -3 -4 -1  0 -1 -6 -1 -2    5   5   4   6   0   9  23   2   3   3   3  17   0   0   3   8   4   0   2   2  0.38 inf
  230 N    2 -2 -1 -5  0 -2 -3 -2  1 -1 -2 -2 -1  0 -3  1  3 -2  4 -1   20   3   3   0   2   2   1   3   4   4   5   2   1   3   1  10  17   1  14   5  0.39 inf
  231 L   -3 -7 -3 -9 -2 -8 -8 -5  0  1 -1 -7 -2  2 -9 -8 -5 -2  9 -2    2   0   2   0   1   0   0   1   2   7   7   0   1   6   0   0   1   1  66   3  2.33 inf
  232 Q    1  1  1  0 -3  3  3 -1 -1 -1 -3  2 -3 -4  0 -1 -2 -4 -1 -4   11   8   6   5   1  13  17   4   1   4   3  13   1   1   4   4   3   0   2   1  0.32 inf
  233 K    0  3 -2 -3 -7  2  1 -6 -1 -3 -3  5  1 -2 -5 -1 -1 -7 -1 -4    8  15   2   1   0   7   7   0   1   2   3  36   3   2   0   4   3   0   2   1  0.74 inf
  234 L   -3 -8 -9 -9 -7 -5 -9 -9 -9  4  5 -8  5  1 -9 -8 -7 -8 -7  0    2   0   0   0   0   0   0   0   0  22  53   0  13   5   0   0   0   0   0   5  1.65 inf
  235 I   -2 -1 -4 -6 -2 -3 -4 -5 -2  2  4  1  3  3 -6 -4 -2 -3  1 -1    4   4   1   0   1   1   1   1   1  13  35   9   8   9   0   1   2   0   5   4  0.62 inf
  236 K    1  0  2  3 -7  2  3 -5  0 -7 -6  3 -4 -6 -5  0 -2 -5 -2 -5   12   4   9  15   0   9  17   0   2   0   0  17   0   0   0   8   3   0   2   1  0.63 inf
  237 Y   -4 -7 -6 -6 -7 -4 -2 -6  1 -8 -7 -5 -5  4-10 -9 -4  9  8 -7    2   0   0   1   0   1   3   1   3   0   0   1   0  15   0   0   1  27  44   0  2.54 inf
  238 I    3 -8 -8 -8  2 -7 -8 -5 -5  6  0 -6  2 -3 -8 -6 -3 -8 -6  2   25   0   0   0   3   0   0   1   0  43   9   0   5   1   0   0   2   0   0  10  1.31 inf
  239 A   -1  1  1  2 -6  0  5 -4  0 -6 -5  4 -5 -6 -6 -3 -3 -8 -3 -7    4   7   7   9   0   4  34   1   2   0   1  24   0   0   0   2   1   0   1   0  0.97 inf
  240 D   -1  0  0  2 -4  2  5 -5 -2 -6 -5  4 -3 -6 -6 -1 -2 -8 -4 -7    5   4   5   9   0   7  36   1   1   0   1  20   1   0   0   5   3   0   1   0  0.89 inf
  241 R   -5  0  7 -5 -6  2  1 -7  7 -9 -4  1 -2 -6 -8 -4 -5 -9 -3 -7    1   5  44   0   0   9   7   0  20   0   2   7   1   0   0   1   1   0   1   0  1.64 inf
  242 Q   -5 -1  5 -1 -5  1 -2  5  4 -9 -9  0 -6 -6 -6 -2 -6 -8 -6 -7    0   4  24   4   0   5   3  41   9   0   0   7   0   0   0   3   0   0   0   0  1.27 inf
  243 L   -7 -6 -7-10 -3 -8 -5-10 -5  2  4 -8  0  2 -9 -7 -6  0  8 -5    0   0   0   0   1   0   1   0   0   9  35   0   2   7   0   0   0   1  42   0  1.84 inf
  244 T   -2  1 -1 -3 -2  3  4 -5  0  0 -4  3 -2 -7 -4 -1  2 -7 -5 -1    3   6   3   1   1  11  23   1   2   5   1  17   1   0   1   5  14   0   0   5  0.56 inf
  245 V   -3 -6 -5 -8  2 -4 -7 -8 -7  5  3 -7  2 -2 -1 -5 -1 -7 -3  3    3   0   1   0   4   1   0   0   0  34  25   0   5   2   4   1   4   0   1  17  1.05 inf
  246 V    1 -3  0  1  3 -2 -1  1 -2  2 -1  0 -2 -3 -5  1  2 -5 -3  1    9   1   5   7   6   1   5  10   1  14   5   6   0   1   0   9  11   0   1   9  0.20 inf
  247 S   -3 -3 -1  2 -8 -2  0  6 -4 -9 -8 -1 -4 -9 -3  1 -4 -9 -8 -8    2   1   3   9   0   2   6  59   0   0   0   4   0   0   2   9   1   0   0   0  1.38 inf
  248 D   -2 -3  3  4 -4 -4  0 -4  1 -2 -4 -1  0  2  3 -1 -3 -4  4 -4    3   2  11  25   0   0   5   1   3   2   1   3   2   8  13   6   2   0  12   1  0.63 inf
  249 V    2 -6 -2 -6  0 -4 -4 -4 -6  2 -3 -6 -1  2  3  2 -2 -1  1  1   19   0   2   0   2   1   1   1   0  11   2   0   1   8  16  17   2   1   5  11  0.55 inf
  250 Y   -6  3 -4 -8 -6 -7 -3 -9 -2  3  0 -6  0  3 -8 -5 -4  1  7 -1    1  16   1   0   0   0   2   0   1  14   8   0   3  10   0   1   1   2  38   3  1.36 inf
  251 E   -5 -6 -4 -1 -2  0  8 -9 -7 -2 -5 -4 -5 -3 -8 -6 -6-10 -7 -3    1   0   1   3   1   4  79   0   0   3   2   1   0   1   0   0   0   0   0   2  2.22 inf
  252 L   -4  1 -2  0  0 -3  3 -6 -2  4  0 -2  0  1 -6  0 -1 -4 -1  2    1   7   1   5   2   1  18   0   1  20   9   3   2   6   0   6   3   0   2  13  0.40 inf
  253 I   -2 -5 -2 -3  3 -5 -3  0 -1 -1  0 -7 -2  2 -4 -1  0 -1  7 -1    3   0   2   2   6   1   2   7   1   4   7   0   1   7   1   6   6   1  38   5  0.94 inf
  254 I   -5 -4 -7 -8 -6 -4 -2 -7  2  5  4 -2  3 -2 -3 -6 -4  3 -2  2    1   1   0   0   0   1   3   0   6  28  33   3   6   2   1   0   1   4   1  10  0.98 inf
  255 P   -3 -3  1  1 -3 -1 -1 -5 -3  4  1 -1  0 -2  0 -3  0 -5 -1  1    1   1   7   8   0   3   3   0   1  27  15   4   2   1   5   1   7   0   3  10  0.41 inf
  256 I   -5 -6  2  7 -6 -4 -1  2 -1 -4 -5 -6 -8 -3 -6  0 -2 -9 -6 -6    1   0   9  52   0   1   4  17   1   1   2   0   0   1   0   6   3   0   0   1  1.41 inf
  257 H   -2 -2  1  1 -2 -2  2 -3  0  2 -3 -3 -1  1  3  0 -1  0  3 -1    3   2   6   8   1   2  14   1   2  12   2   1   2   7  12   6   3   1  11   4  0.30 inf
  258 Y   -2 -2 -3 -3 -2 -3 -3  0  3  2  1 -5  0  2 -4 -2 -1  7  2  1    3   3   1   2   1   1   1   8   6  10  14   0   2   9   1   4   4  13   7  10  0.48 inf
  259 S    0 -3  3  1 -1 -1  0 -3 -1  1 -1 -3  1  1 -4  1  2 -5 -2  0    6   1  14   6   1   3   7   1   1  10   5   1   3   7   1  12  12   0   1   7  0.23 inf
  260 P   -1 -4 -3 -3 -4  0  0 -5 -3  0 -3  1 -2 -3 -1  1  5 -7 -3  1    6   0   1   1   0   3   6   1   1   4   3  10   1   1   3  11  36   0   1  10  0.62 inf
  261 K   -1  1  3  3 -1  1  2 -2 -1 -4 -2  3 -2 -5 -2  1 -1 -6 -3 -3    5   7  12  13   1   5  11   3   2   1   4  18   1   0   2   9   4   0   1   1  0.35 inf
  262 K   -3 -1  5  4 -3  0  0 -1  0 -2 -4  0 -6 -4 -3  1 -1 -7 -4 -3    2   3  25  22   1   5   6   5   2   3   2   7   0   1   2  10   4   0   1   2  0.64 inf
  263 Q   -2 -2 -2 -2 -5  0  4 -4 -2 -1 -4  1 -2 -2  4  0  0 -6  0 -1    3   2   2   2   0   5  26   1   1   4   1   8   1   2  22   7   6   0   3   4  0.59 inf
  264 E   -2  0  2  4 -8 -1  5 -4 -4 -7 -7  1 -5 -6 -4  0 -3 -8 -1 -7    4   4   8  21   0   2  38   1   0   0   0   7   0   0   1   7   2   0   2   0  1.01 inf
  265 E   -4 -2  3  4 -8  1  5 -4  0 -7 -7  2 -3 -8 -5 -1 -4 -8 -5 -7    1   2  12  22   0   5  36   1   2   0   1  11   1   0   0   5   1   0   0   0  1.10 inf
  266 Y   -6 -4 -6 -9 -4  0 -6 -7  2 -4 -3 -8  2  5 -9 -3 -4  5  8 -4    1   1   0   0   0   4   0   0   5   1   2   0   4  23   0   2   1   8  45   1  1.97 inf
  267 R   -6 -6 -7 -8 -1 -5 -6 -9 -8  5  3 -5  1  0 -8 -3 -6 -7 -1  5    0   0   0   0   1   1   1   0   0  26  25   1   4   4   0   3   0   0   2  33  1.23 inf
  268 V   -4 -7 -6 -7  2 -6 -7 -6 -7  0 -2 -5  1  0 -7 -1  7 -8  0  0    2   0   0   0   4   0   0   1   0   5   5   1   3   3   0   4  63   0   3   7  1.60 inf
  269 E   -6  2 -6 -5 -9  4  6 -8 -5 -7 -5  4 -4 -6 -7 -5 -5 -5 -6 -8    1   8   0   0   0  14  54   0   0   0   2  19   0   0   0   0   1   0   0   0  1.72 inf
  270 M   -6 -9 -9-10 -7 -9 -9-10 -9  7  3 -9  0 -3 -9 -8 -5 -9 -7  2    1   0   0   0   0   0   0   0   0  60  23   0   2   1   0   0   0   0   0  14  2.02 inf
  271 K   -3 -1 -6 -5 -1  7  0 -6 -4 -1 -1 -1  4 -3 -7  1 -2 -7  0 -5    2   3   0   0   1  44   6   1   0   4   6   4   9   1   0  11   2   0   4   0  1.13 inf
  272 I   -6 -9 -9 -9 -4 -9 -9-10 -9  7  0 -9  0  3 -9 -8 -5 -8 -5  4    0   0   0   0   0   0   0   0   0  57   7   0   2   9   0   0   0   0   0  24  1.95 inf
  273 R   -4  2 -7 -7 -9  3 -1 -7 -2 -6 -2  1 -4 -3  7 -5 -5 -9 -3 -8    1   9   0   0   0  11   4   0   1   1   6   9   0   1  54   1   1   0   1   0  1.64 inf
  274 I   -7 -9 -9 -9 -7 -9 -9-10 -9  6 -1 -9 -5 -5 -9 -8 -6 -9 -7  6    0   0   0   0   0   0   0   0   0  40   6   0   0   0   0   0   0   0   0  54  2.19 inf
  275 A    3 -4 -3 -4 -4 -3 -4  3 -4 -5 -5 -3 -4 -6 -4  5 -2 -6 -5 -4   27   0   0   0   0   0   0  20   0   0   0   0   0   0   0  54   0   0   0   0  1.16 inf

                      K         Lambda
Standard Ungapped    0.1353     0.3180
Standard Gapped      0.0503     0.2670
PSI Ungapped         0.1640     0.3166
PSI Gapped           0.0503     0.2670
