
Last position-specific scoring matrix computed, weighted observed percentages rounded down, information per position, and relative weight of gapless real matches to pseudocounts
           A  R  N  D  C  Q  E  G  H  I  L  K  M  F  P  S  T  W  Y  V   A   R   N   D   C   Q   E   G   H   I   L   K   M   F   P   S   T   W   Y   V
    1 A    5 -2 -2 -2 -1 -1 -1  0 -2 -2 -2 -1 -2 -3 -1  2  0 -3 -2 -1   90   0   0   0   0   0   0   0   0   0   0   0   0   0   0  10   0   0   0   0  0.66 inf
    2 S    3 -1  0 -1 -1  0 -1 -1 -2 -2 -3 -1 -2 -3 -2  4  1 -3 -2 -1   34   1   2   0   0   4   0   0   0   0   0   0   0   0   0  54   4   0   0   1  0.48 inf
    3 R   -2  7 -1 -3 -4  0 -1 -3 -1 -4 -3  2 -2 -4 -3 -2 -2 -4 -3 -4    0  92   0   0   0   0   0   1   0   0   0   7   0   0   0   0   0   0   0   0  1.20 inf
    4 G   -1 -3 -1 -2 -4 -3 -3  7 -3 -5 -5 -2 -4 -4 -3 -1 -3 -4 -4 -4    0   0   0   0   0   0   0 100   0   0   0   0   0   0   0   0   0   0   0   0  1.49 inf
    5 V   -1 -4 -4 -4 -2 -3 -4 -4 -4  4  1 -3  0 -1 -3 -3 -1 -4 -2  5    0   0   0   0   0   0   0   0   0  39   1   0   0   0   0   0   0   0   0  60  0.65 inf
    6 N   -3 -2  8  0 -4 -1 -1 -1  0 -4 -5 -1 -3 -4 -3  0 -1 -5 -3 -4    0   0 100   0   0   0   0   0   0   0   0   0   0   0   0   0   0   0   0   0  1.42 inf
    7 K   -2  2 -1 -2 -4  0  0 -3 -2 -4 -4  6 -2 -4 -2 -1 -2 -4 -3 -3    0   2   0   0   0   0   0   0   0   0   0  98   0   0   0   0   0   0   0   0  1.06 inf
    8 V   -1 -4 -4 -4 -1 -3 -3 -4 -4  2  0 -3  0 -2 -3 -3 -1 -4 -2  6    0   0   0   0   1   0   0   0   0   0   0   0   1   0   0   0   0   0   0  99  0.86 inf
    9 I   -2 -4 -4 -4 -2 -3 -4 -5 -4  6  1 -4  1 -1 -4 -3 -1 -4 -2  2    0   0   0   0   0   1   0   0   0  96   1   0   1   0   0   0   2   0   0   0  0.88 inf
   10 L   -2 -3 -4 -4 -2 -3 -4 -5 -4  2  5 -3  1  0 -4 -3 -2 -3 -2  1    0   0   0   0   0   0   0   0   0  11  88   0   0   0   0   0   0   0   0   1  0.74 inf
   11 V   -1 -3 -4 -4 -2 -3 -4 -4 -4  4  1 -3  1 -1 -3 -3 -1 -3 -2  4    1   0   0   0   0   0   0   0   0  37   5   0   1   0   0   0   0   0   0  56  0.60 inf
   12 G   -1 -3 -1 -2 -4 -3 -3  7 -3 -5 -5 -3 -4 -4 -3 -1 -3 -4 -4 -4    0   0   0   0   0   0   0 100   0   0   0   0   0   0   0   0   0   0   0   0  1.53 inf
   13 N   -2  0  6  0 -2 -1 -1 -2  4 -4 -3 -1 -3 -2 -3 -1  0 -3  1 -3    1   5  67   0   1   0   0   0  14   0   1   1   0   1   0   0   3   0   6   0  0.78 inf
   14 L   -2 -3 -4 -5  0 -3 -4 -5 -4  1  5 -3  1  0 -4 -3 -2 -3 -2  1    0   0   0   0   2   0   0   0   0   3  89   0   0   0   0   0   0   0   0   5  0.73 inf
   15 G   -1 -3 -1 -2 -4 -3 -3  7 -3 -5 -5 -3 -4 -4 -3 -1 -3 -4 -4 -4    0   0   0   0   0   0   0 100   0   0   0   0   0   0   0   0   0   0   0   0  1.52 inf
   16 Q    1  1  2  0 -3  5  0  0  0 -3 -3  1 -2 -4 -2  0 -1 -3 -2 -3   12   4  12   2   0  54   0   6   1   0   0   6   0   0   0   2   1   0   0   0  0.52 inf
   17 D   -2 -3  1  7 -5 -1  1 -2 -2 -4 -5 -2 -4 -5 -3 -1 -2 -5 -4 -4    1   0   3  92   0   0   4   0   0   0   0   0   0   0   0   0   0   0   0   0  1.37 inf
   18 P   -2 -3 -3 -3 -4 -2 -2 -3 -3 -4 -4 -2 -4 -5  8 -2 -2 -5 -4 -3    0   0   0   0   0   0   0   0   0   0   0   0   0   0  99   0   0   0   0   1  2.47 inf
   19 E   -2 -1 -1  2 -5  1  6 -3 -1 -4 -4  0 -3 -4 -2 -1 -2 -4 -3 -4    0   0   0   9   0   0  91   0   0   0   0   0   0   0   0   1   0   0   0   0  1.14 inf
   20 V   -1 -3 -3 -4 -2 -2 -3 -4 -2  3  0 -3  1 -1 -3 -2  1 -3 -2  4    0   0   0   0   0   0   0   0   1  19   2   0   1   0   0   0  12   0   0  63  0.48 inf
   21 R   -2  7 -1 -2 -4  0 -1 -3  0 -4 -3  2 -2 -4 -3 -2 -2 -4 -3 -4    0  90   1   0   0   0   0   0   1   0   0   8   0   0   0   0   0   0   0   0  1.21 inf
   22 Y   -2 -2 -3 -4 -3 -2 -3 -4  2 -2 -2 -3 -2  3 -4 -2 -3  1  8 -2    2   1   0   0   0   0   0   0   3   0   0   0   0   5   0   2   0   0  87   0  1.39 inf
   23 M   -1 -2 -3 -4 -2 -2 -3 -3 -3  1  2 -2  7  0 -3 -1  1 -2 -2  0    1   1   0   0   0   0   0   0   0   6  14   0  61   3   0   4  11   0   0   0  0.60 inf
   24 P    0 -3 -3 -2 -4  0 -2 -3 -3 -4 -4 -2 -3 -5  8 -1 -2 -5 -4 -3    5   0   0   0   0   4   0   1   0   0   0   0   0   0  88   3   0   0   0   0  2.02 inf
   25 N   -1 -1  6  1 -3  0 -1 -1 -1 -4 -4 -1 -3 -4 -2  3  0 -4 -3 -3    1   0  63   2   0   2   1   1   0   0   0   0   0   0   0  29   1   0   0   0  0.78 inf
   26 G   -1 -3 -1 -2 -3 -3 -3  6 -3 -5 -5 -2 -4 -4 -3 -1 -2 -4 -4 -4    0   1   1   0   0   0   0  95   0   0   0   0   0   0   0   2   0   0   0   0  1.39 inf
   27 G    0 -2  3  1 -2 -1 -1  4 -2 -3 -3 -1 -2 -4 -2  1  0 -4 -3 -3    2   0  23   7   0   0   0  47   0   0   0   3   1   0   0   9   7   0   0   1  0.55 inf
   28 A    5 -2 -2 -3 -1 -1 -2  0 -2 -2 -2 -2 -1 -3  0  1  0 -3 -3 -1   87   0   1   0   0   1   0   1   0   0   1   0   1   0   3   2   3   0   0   1  0.67 inf
   29 V   -1 -4 -4 -4 -2 -3 -3 -4 -4  2  0 -3  0  0 -3 -3 -1 -4 -2  6    0   0   0   0   0   0   0   0   0   6   1   0   0   2   0   0   0   0   0  90  0.76 inf
   30 A    4 -2 -2 -2  0 -2 -2 -1 -2 -2 -2 -1 -1 -3 -2  1  3 -3 -2  0   64   0   0   0   2   0   0   1   0   0   0   0   0   0   0   1  28   0   0   5  0.50 inf
   31 N   -2 -1  7  0 -3 -1 -1  0 -1 -4 -4 -1 -2 -4 -3  0  0 -5 -3 -3    0   1  84   0   0   0   0   4   0   0   0   0   1   0   0   4   6   0   0   1  1.04 inf
   32 I   -2 -3 -4 -4 -2 -3 -4 -4 -4  4  3 -3  2  1 -3 -3 -1 -3 -1  2    1   0   0   0   0   0   0   0   0  38  41   0   2   4   0   0   0   0   0  14  0.48 inf
   33 T    0  1  1 -1 -2  0 -1 -2 -2 -2 -2 -1 -2 -3 -2  3  4 -3 -2 -2    2   8   6   0   0   3   0   0   0   0   0   0   0   0   0  32  49   0   0   0  0.49 inf
   34 L   -2 -3 -4 -4 -2 -3 -4 -4 -4  3  4 -3  2  0 -3 -3 -1 -3 -2  2    0   0   0   0   0   0   0   0   0  23  60   0   2   0   0   0   0   0   0  16  0.54 inf
   35 A    6 -2 -3 -3 -1 -2 -2 -1 -3 -2 -2 -2 -2 -3 -2  0 -1 -4 -3 -1  100   0   0   0   0   0   0   0   0   0   0   0   0   0   0   0   0   0   0   0  0.89 inf
   36 T   -1 -2 -1 -2 -2 -2 -2 -3 -3 -2 -2 -2 -2 -3 -2  0  6 -4 -3 -1    1   0   0   0   0   0   0   0   0   0   0   0   0   0   0   0  99   0   0   0  1.07 inf
   37 S    0 -2  0  0 -2 -1 -1 -1 -2 -3 -3 -1 -2 -3 -2  5  2 -4 -3 -3    1   0   1   3   0   0   0   0   0   0   0   0   0   0   0  88   7   0   0   0  0.79 inf
   38 E   -2 -1 -1  3 -5  1  6 -3 -1 -4 -4  0 -3 -4 -2 -1 -2 -4 -3 -4    0   0   0  13   0   0  86   0   0   0   0   0   0   0   0   0   1   0   0   0  1.09 inf
   39 S    0 -1  1 -1 -2  1 -1 -1 -2 -3 -3 -1 -2 -3 -2  4  4 -3 -2 -2    1   0   3   0   0   6   0   0   0   0   0   1   0   1   0  55  33   0   0   0  0.54 inf
   40 W   -4 -3 -5 -6 -4 -3 -4 -4 -3 -4 -3 -4 -3  0 -5 -4 -4 12  2 -4    0   1   0   0   0   0   0   0   0   0   0   0   0   0   0   0   0  94   5   0  3.22 inf
   41 R   -2  5  0 -2 -4  1  0 -3 -1 -4 -3  4 -2 -4 -2 -1 -1 -4 -3 -3    0  50   2   0   0   1   0   0   0   0   0  45   0   0   0   0   1   0   0   1  0.83 inf
   42 D   -3 -3  0  7 -5 -1  1 -2 -2 -4 -5 -2 -4 -5 -3 -1 -2 -5 -4 -3    0   0   0  99   0   0   0   0   0   0   0   0   0   0   0   0   0   0   0   1  1.49 inf
   43 K   -2  3 -1 -2 -4  1  0 -3 -2 -4 -3  6 -2 -4 -2 -1 -2 -4 -3 -3    0  12   0   0   0   2   0   0   0   0   0  85   0   0   1   0   0   0   0   0  0.91 inf
   44 A    1  0  3 -1 -3  6  0 -2  0 -3 -3  0 -2 -4 -2  0  0 -3 -2 -3   13   0  19   1   0  62   0   0   1   0   0   1   0   0   0   1   3   0   0   0  0.69 inf
   45 T   -1 -2  0 -1 -2 -1 -1 -2 -2 -2 -2 -1 -2 -3 -2  2  6 -3 -3 -1    0   0   1   3   0   0   0   0   0   0   0   0   0   0   0  16  79   0   0   0  0.76 inf
   46 G   -1 -3  0 -2 -4 -2 -3  6 -3 -5 -5 -2 -4 -4 -3 -1 -2 -4 -4 -4    0   0   2   0   0   0   1  96   0   0   0   0   0   0   0   1   0   0   0   0  1.40 inf
   47 E   -2 -1 -1  1 -4  4  5 -3 -1 -4 -3  0 -2 -4 -2 -1 -2 -4 -3 -3    0   0   0   2   0  29  68   0   0   0   1   0   0   0   0   0   0   0   0   0  0.95 inf
   48 M   -1  0  0 -1 -3  3  0 -3 -1 -1  0  0  4 -2  2 -1  0 -3 -2 -1    2   3   6   2   0  29   2   0   0   3   5   5  23   1  10   2   7   0   0   1  0.25 inf
   49 K   -2  4 -1 -2 -4  4  0 -3 -1 -2 -3  4 -2 -4 -2 -1 -1 -3 -2 -1    0  27   0   0   0  33   0   0   0   1   0  34   0   0   0   0   0   0   0   6  0.60 inf
   50 E   -2 -1 -1  1 -5  1  6 -3 -1 -4 -4  0 -3 -4  0 -1 -2 -4 -3 -4    0   0   0   4   0   0  94   0   0   0   0   0   0   0   3   0   0   0   0   0  1.16 inf
   51 Q   -2  4  1 -2 -4  2  0 -3  0 -3 -2  4 -1 -3 -2 -1 -1 -3 -2 -2    0  39   6   0   0  11   0   0   2   0   1  36   1   0   0   1   1   0   0   3  0.56 inf
   52 T   -1 -2 -1 -2 -2 -2 -2 -3 -3 -1 -2 -2 -2 -3 -2  0  6 -4 -3 -1    0   0   1   0   0   0   0   0   0   1   0   0   0   0   0   0  98   0   0   1  1.04 inf
   53 E   -2 -1 -1  1 -5  1  7 -3 -1 -4 -4  0 -3 -4 -2 -1 -2 -4 -3 -4    0   0   0   0   0   0 100   0   0   0   0   0   0   0   0   0   0   0   0   0  1.29 inf
   54 W   -4 -4 -5 -6 -4 -4 -4 -4 -4 -4 -3 -5 -3  0 -5 -4 -4 12  1 -4    0   0   0   0   0   0   0   0   0   0   0   0   0   0   0   0   0 100   0   0  3.49 inf
   55 H   -3 -1 -1 -2 -4 -1 -1 -3 10 -5 -4 -2 -3 -3 -4 -2 -3 -4  1 -5    0   0   0   0   0   0   0   0  99   0   0   0   0   0   0   0   1   0   0   0  1.95 inf
   56 R   -2  7  0 -2 -4  0 -1 -3 -1 -4 -3  1 -2 -4 -3 -1 -1 -4 -3 -4    0  93   2   0   0   0   0   0   0   0   0   1   0   0   0   2   1   0   0   0  1.22 inf
   57 V   -1 -3 -4 -4 -1 -3 -3 -4 -4  3  0 -3  0 -2 -3 -3 -1 -4 -2  5    0   0   0   0   1   0   0   0   0  10   1   0   1   0   0   0   0   0   0  87  0.74 inf
   58 V    0 -3 -3 -4  0 -3 -3 -3 -4  2  0 -3  0 -2 -3 -1  0 -4 -2  5    7   0   0   0   1   0   0   0   0   1   0   0   0   0   0   3   3   0   0  86  0.62 inf
   59 L   -2 -3 -4 -4 -2 -3 -4 -4 -3  2  3 -3  3  4 -4 -3 -2 -1  0  1    1   0   0   0   0   0   0   0   0  20  39   0  10  26   0   0   0   0   0   5  0.45 inf
   60 F   -3 -3 -4 -4 -3 -4 -4 -4 -2 -1 -1 -4  0  7 -5 -3 -3  0  4 -1    0   1   0   0   0   0   0   0   0   0   0   0   1  83   0   1   0   0  12   1  1.20 inf
   61 G   -1 -1  2 -1 -3 -1 -2  6 -2 -5 -4 -2 -3 -4 -3 -1 -2 -4 -4 -4    0   4  15   0   0   2   1  78   0   0   0   0   0   0   0   0   0   0   0   0  1.03 inf
   62 K   -2  4 -1 -2 -4  0  0 -3 -1 -4 -3  6 -2 -4 -2 -1 -2 -4 -3 -3    0  26   0   0   0   0   0   0   0   0   0  73   0   0   0   0   0   0   0   1  0.87 inf
   63 L   -2 -3 -4 -4 -2 -3 -4 -5 -4  1  5 -3  1  0 -4 -3 -2 -3 -2  1    0   0   0   0   0   0   0   0   0   3  92   0   0   0   0   0   1   0   0   4  0.76 inf
   64 A    5 -2 -2 -3 -1 -2 -2  0 -3 -2 -2 -2 -2 -3 -2  0 -1 -4 -3 -1   95   0   0   0   0   0   0   5   0   0   0   0   0   0   0   0   0   0   0   0  0.81 inf
   65 E   -2 -1 -1  1 -5  1  6 -3 -1 -4 -4  0 -3 -4 -2 -1 -2 -4 -3 -4    0   0   0   4   0   0  96   0   0   0   0   0   0   0   0   0   0   0   0   0  1.22 inf
   66 V   -2 -4 -4 -4 -2 -3 -4 -4 -4  5  1 -3  0 -1 -3 -3 -1 -4 -2  4    0   0   0   0   0   0   0   0   0  62   0   0   0   0   0   0   0   0   0  38  0.70 inf
   67 A    5 -2 -2 -3  0 -2 -2 -1 -3 -1 -2 -2 -2 -3 -2  0  0 -3 -3  1   85   0   0   0   1   0   0   1   0   0   0   0   0   0   0   2   2   0   0  10  0.64 inf
   68 S    1 -2 -1 -2 -3 -1 -2  6 -2 -4 -4 -1 -3 -4 -3  1 -2 -3 -3 -3    8   1   0   0   0   2   1  74   0   0   0   4   0   0   0   9   0   0   0   1  0.90 inf
   69 E   -2 -1 -1  0 -4  3  6 -3 -1 -4 -4  0 -3 -4 -2 -1 -1 -4 -3 -3    0   0   1   0   0  15  81   0   0   0   0   1   0   0   0   1   1   0   0   0  1.00 inf
   70 Y   -3 -3 -3 -4 -4 -3 -3 -4  1 -3 -2 -3 -2  2 -4 -3 -3  1  9 -2    0   0   0   0   0   0   0   0   1   0   0   0   0   1   0   0   0   0  98   0  1.71 inf
   71 L   -2 -3 -4 -5 -1 -3 -4 -5 -4  1  5 -3  1  0 -4 -3 -2 -3 -2  1    0   0   0   0   1   0   0   0   0   0  95   0   0   0   0   0   1   0   0   3  0.79 inf
   72 R   -2  6  0 -2 -4  1 -1 -3  2 -4 -3  3 -2 -4 -3 -1 -2 -4 -2 -3    0  70   2   0   0   2   0   0   6   0   0  20   0   0   0   0   1   0   0   0  0.91 inf
   73 K   -2  1 -1 -2 -4  0  0 -3 -2 -4 -4  6 -2 -4 -2 -1 -1 -4 -3 -3    0   1   0   0   0   0   0   0   0   0   0  99   0   0   0   0   1   0   0   0  1.08 inf
   74 G   -1 -3 -1 -2 -4 -3 -3  7 -3 -5 -5 -3 -4 -4 -3 -1 -3 -4 -4 -4    0   0   0   0   0   0   0 100   0   0   0   0   0   0   0   0   0   0   0   0  1.52 inf
   75 S    1 -2  0 -1 -2 -1 -1 -1 -2 -3 -3 -1 -2 -3 -2  5  1 -4 -3 -2   11   0   0   1   0   0   1   1   0   0   0   0   1   0   0  84   2   0   0   1  0.71 inf
   76 Q   -2  1 -1 -1 -4  6  1 -3 -1 -4 -3  4 -1 -4 -2 -1 -2 -3 -3 -3    0   1   0   0   0  66   1   0   0   0   1  30   1   0   0   0   0   0   0   0  0.90 inf
   77 V   -1 -4 -4 -4  0 -3 -3 -4 -4  3  0 -3  0 -2 -3 -3 -1 -4 -2  5    0   0   0   0   1   0   0   0   0  11   2   0   0   0   0   0   0   0   0  86  0.73 inf
   78 Y   -3 -3 -3 -4 -4 -3 -3 -4  1 -3 -2 -3 -2  2 -4 -3 -3  1  9 -2    0   0   0   0   0   0   0   0   0   0   0   0   0   2   0   0   0   0  98   0  1.74 inf
   79 I   -2 -4 -4 -4 -2 -3 -4 -4 -4  5  1 -3  0  0 -4 -3 -1 -3 -2  3    0   0   0   0   0   0   0   0   0  67   6   0   0   2   0   0   0   0   0  26  0.65 inf
   80 E   -2 -1 -1  1 -5  1  7 -3 -1 -4 -4  0 -3 -4 -2 -1 -2 -4 -3 -4    0   0   0   0   0   0 100   0   0   0   0   0   0   0   0   0   0   0   0   0  1.29 inf
   81 G   -1 -3 -1 -2 -4 -3 -3  7 -3 -5 -5 -3 -4 -4 -3 -1 -3 -4 -4 -4    0   0   0   0   0   0   0 100   0   0   0   0   0   0   0   0   0   0   0   0  1.52 inf
   82 Q    0  2  0 -1 -3  4  1 -2 -1 -3 -3  3 -1 -3 -2  2  0 -3 -2 -2    8  11   1   0   0  37   1   0   0   0   0  20   1   0   0  19   1   0   1   0  0.45 inf
   83 L   -2 -3 -4 -5 -2 -3 -4 -5 -4  1  5 -3  2  0 -4 -3 -2 -3 -2  0    0   0   0   0   0   0   0   0   0   2  97   0   2   0   0   0   0   0   0   0  0.84 inf
   84 R   -2  5 -1 -2 -4  5  0 -3  0 -4 -3  2 -2 -4 -3 -1 -2 -3 -2 -3    0  48   0   0   0  46   0   0   0   0   0   5   0   0   0   1   0   0   0   0  0.88 inf
   85 T   -1 -2 -1 -2 -2 -2 -2 -3 -3 -2 -2 -2 -2 -3 -2  1  6 -4 -3 -1    0   0   0   0   0   0   0   0   0   0   0   0   0   0   0   1  99   0   0   0  1.08 inf
   86 R   -2  7 -1 -3 -5  0 -1 -3 -1 -4 -3  1 -2 -4 -3 -2 -2 -4 -3 -4    0  97   2   0   0   0   0   0   0   0   0   1   0   0   0   0   0   0   0   0  1.34 inf
   87 K   -2  1  0 -1 -4  0  1 -2 -2 -4 -4  6 -2 -4 -2  0 -1 -4 -3 -3    0   0   2   0   0   0   4   0   0   0   0  91   0   0   0   3   0   0   0   0  0.93 inf
   88 W   -4 -4 -5 -6 -4 -4 -4 -4 -4 -4 -3 -5 -3  0 -5 -4 -4 12  1 -4    0   0   0   0   0   0   0   0   0   0   0   0   0   1   0   0   0  99   0   0  3.44 inf
   89 T   -1  0 -1 -1 -3  6  1 -3 -1 -3 -3  1 -1 -2 -2 -1  2 -3 -2 -3    1   0   0   2   0  72   5   0   0   0   0   2   0   2   0   0  17   0   0   0  0.82 inf
   90 D   -2 -2  1  6 -4 -1  0  2 -2 -4 -4 -2 -4 -4 -2 -1 -1 -4 -4 -4    1   0   4  75   0   0   0  17   0   0   0   0   0   0   0   0   1   0   0   0  0.98 inf
   91 Q   -2  0  1  0 -4  6  1 -3 -1 -4 -3  2 -2 -4 -2 -1 -1 -3 -2 -3    0   0   6   3   0  72   1   0   0   0   0  16   0   0   1   1   1   0   0   0  0.86 inf
   92 S    0 -1  3  3 -2  1  1 -1 -1 -3 -3 -1 -2 -3 -2  2  1 -4 -3 -3    6   0  18  24   0  10   4   2   0   0   0   0   0   0   0  30   5   0   0   0  0.41 inf
   93 G   -1 -3 -1 -2 -4 -2 -3  7 -3 -5 -5 -2 -4 -4 -3 -1 -3 -4 -4 -4    0   0   0   0   0   1   0  99   0   0   0   0   0   0   0   0   0   0   0   0  1.49 inf
   94 Q   -1  0 -1 -2 -3  6  0 -3  0  0 -1  0 -1 -3 -2 -1 -1 -3 -2  1    2   0   2   0   0  70   0   0   1   5   2   1   0   0   0   1   2   0   0  15  0.65 inf
   95 D   -2 -2  0  6 -4 -1  3 -2 -2 -4 -4  0 -4 -4 -2 -1  0 -5 -4 -4    0   0   0  75   0   0  16   0   0   0   0   4   0   0   0   0   6   0   0   0  1.04 inf
   96 R   -2  7 -1 -2 -4  1 -1 -3  0 -4 -3  2 -2 -4 -3 -2 -2 -4 -3 -3    0  85   0   0   0   3   0   0   2   0   0   9   0   0   0   0   0   0   0   1  1.11 inf
   97 Y   -3 -3 -3 -4 -4 -3 -3 -4  1 -2 -2 -3 -2  3 -4 -3 -3  3  8 -2    0   0   0   0   0   0   0   0   0   0   0   0   0   5   0   1   0   3  91   0  1.58 inf
   98 T   -1 -2 -1 -2 -2 -2 -2 -2 -3  0 -2 -1 -1 -3 -2  2  6 -3 -2  0    1   1   1   0   0   0   0   0   0   4   0   0   0   0   0  13  76   0   0   5  0.68 inf
   99 T   -1 -2 -1 -2 -2 -2 -2 -3 -3 -2 -2 -2 -2 -3 -2  0  7 -4 -3 -1    0   0   0   0   0   0   0   0   0   0   0   0   0   0   0   0 100   0   0   0  1.09 inf
  100 E   -2 -1 -1  1 -5  1  7 -3 -1 -4 -4  0 -3 -4 -2 -1 -2 -4 -3 -4    0   0   0   1   0   0  99   0   0   0   0   0   0   0   0   0   0   0   0   0  1.27 inf
  101 V   -1 -4 -4 -4 -2 -3 -4 -4 -4  5  1 -3  0 -1 -3 -3 -1 -4 -2  4    0   0   0   0   0   0   0   0   0  50   0   0   0   0   0   0   1   0   0  49  0.66 inf
  102 V   -1 -3 -3 -4 -2 -2 -3 -4 -4  3  1 -3  0 -1 -3 -2 -1 -4 -2  5    0   1   1   0   0   1   0   0   0  17   4   0   1   0   0   0   1   0   0  74  0.59 inf
  103 V    1 -3 -3 -3 -1 -2 -3 -3 -3  2  0 -3  0 -2 -2 -2 -1 -3 -2  5   18   0   0   0   0   0   0   0   0   3   3   0   0   0   1   0   0   0   0  73  0.48 inf
  104 N   -1 -1  4  3 -3  0  0  3  0 -4 -4  0 -3 -3 -2  1 -1 -4 -3 -3    0   0  29  24   0   2   0  23   1   0   0   3   0   0   0  15   0   0   0   0  0.48 inf
  105 V   -1 -1 -1 -2 -1  0 -1 -2 -1  2  0 -1  2  2 -1 -1  0 -1  1  2    3   1   2   1   0   8   2   2   1  17   3   1  11  12   3   3   5   0   4  20  0.08 inf
  106 G   -1  0  4  0 -2  1 -1  3 -1 -2 -2  0 -2 -3 -2  1  1 -2 -2 -2    2   4  32   2   0   6   1  27   0   1   2   3   0   1   1   6   9   0   1   1  0.33 inf
  107 G    0 -2  0 -1 -2 -2 -2  6 -2 -3 -3 -2 -2 -3 -2 -1 -2 -2 -3 -3    2   1   4   2   0   1   1  77   0   1   2   1   0   1   1   2   1   0   1   1  0.89 inf
  108 T   -1 -1  0  0 -1  1  2 -2 -2 -1 -2 -1 -1 -3 -2  1  4 -3 -2  1    1   0   2   3   1   9  20   0   0   1   0   0   0   0   0   7  41   0   0  15  0.31 inf
  109 M   -2 -3 -4 -5 -3 -2 -3 -4 -3  0  2 -3  9 -1 -4 -3 -2 -3 -2  0    0   0   0   0   0   0   0   0   0   0   8   0  91   1   0   0   0   0   0   0  1.33 inf
  110 Q   -2  0 -1 -2 -4  8  1 -3  0 -4 -3  0 -2 -5 -3 -1 -2 -3 -3 -4    0   1   0   0   0  98   0   0   1   0   0   1   0   0   0   0   0   0   0   0  1.38 inf
  111 M   -2 -3 -4 -4 -3 -2 -3 -4 -3  0  1 -3  9 -1 -4 -3 -2 -3 -2  0    0   0   0   0   0   0   0   0   0   1   5   0  93   1   0   0   0   0   0   0  1.32 inf
  112 L   -2 -3 -4 -5 -2 -3 -4 -5 -4  1  5 -3  1  0 -4 -3 -2 -3 -2  0    0   0   0   0   0   0   0   0   0   2  98   0   0   0   0   0   0   0   0   0  0.87 inf

                      K         Lambda
Standard Ungapped    0.1299     0.3136
Standard Gapped      0.0536     0.2670
PSI Ungapped         0.1749     0.3106
PSI Gapped           0.0536     0.2670
