
Last position-specific scoring matrix computed, weighted observed percentages rounded down, information per position, and relative weight of gapless real matches to pseudocounts
           A  R  N  D  C  Q  E  G  H  I  L  K  M  F  P  S  T  W  Y  V   A   R   N   D   C   Q   E   G   H   I   L   K   M   F   P   S   T   W   Y   V
    1 S    1 -1  2  0 -1  0  0  0 -1 -3 -3  0 -2 -3 -1  4  1 -3 -2 -2    0   0  15   0   0   0   0   0   0   0   0   0   0   0   0  85   0   0   0   0  0.47 inf
    2 T    0  2  0 -1 -2  0 -1 -1 -1 -2 -2  0 -1 -3 -1  3  3 -3 -2 -1    0  18   0   0   0   0   0   0   0   0   0   0   0   0   0  46  36   0   0   0  0.38 inf
    3 G    2 -2 -1 -2 -2 -2 -2  5 -2 -3 -3 -1 -2 -3 -2  0  2 -3 -3 -2   27   0   0   0   0   0   0  52   0   0   0   0   0   0   0   0  20   0   0   0  0.55 inf
    4 F   -3 -4 -4 -4 -3 -4 -4 -4 -2 -1  0 -4 -1  8 -4 -3 -3  0  3 -2    0   0   0   0   0   0   0   0   0   0   0   0   0 100   0   0   0   0   0   0  1.21 inf
    5 L   -2 -2 -4 -4 -2 -2 -3 -4 -3  1  4 -3  4  0 -3 -3 -1 -2 -2  1    0   0   0   0   0   0   0   0   0   0  67   0  25   0   0   0   0   0   0   8  0.51 inf
    6 V   -2 -3 -4 -4 -2 -3 -4 -4 -4  4  3 -3  2  0 -3 -3 -1 -3 -2  2    0   0   0   0   0   0   0   0   0  60  28   0   4   0   0   0   0   0   0   8  0.49 inf
    7 K    1  2 -1 -1 -3  0  0 -1 -1 -3 -3  4 -2 -3 -1  2  0 -3 -2 -2   15   9   0   0   0   0   0   0   0   0   0  55   0   0   0  20   0   0   0   0  0.43 inf
    8 Q   -1  0 -1 -1 -3  7  1 -3  0 -3 -3  0 -1 -4 -2 -1  1 -3 -2 -3    0   0   0   0   0  86   0   0   0   0   0   0   0   0   0   0  14   0   0   0  0.89 inf
    9 R   -2  6 -1 -2 -4  0 -1 -3 -1 -3 -3  2 -2 -3 -2 -1  1 -3 -2 -3    0  77   0   0   0   0   0   0   0   0   0   9   0   0   0   0  14   0   0   0  0.80 inf
   10 A    4 -1 -1 -2 -1  1 -1 -1 -2 -2 -2 -1 -2 -3 -1  2  0 -3 -2 -1   66   0   0   0   0   9   0   0   0   0   0   0   0   0   0  24   0   0   0   0  0.46 inf
   11 F   -3 -3 -4 -4 -3 -4 -4 -4 -1 -1  0 -4 -1  7 -4 -3 -3  1  4 -2    0   0   0   0   0   0   0   0   0   0   0   0   0  85   0   0   0   0  15   0  1.11 inf
   12 L   -2 -3 -4 -4 -2 -3 -4 -4 -4  3  4 -3  1  0 -3 -3 -1 -2 -2  2    0   0   0   0   0   0   0   0   0  19  69   0   0   0   0   0   0   0   0  11  0.54 inf
   13 K   -2  3 -1 -2 -4  1  0 -2 -1 -4 -3  6 -2 -4 -2 -1 -1 -4 -3 -3    0  11   0   0   0   0   0   0   0   0   0  89   0   0   0   0   0   0   0   0  0.86 inf
   14 L   -2 -3 -4 -4 -2 -3 -4 -4 -4  1  5 -3  2  0 -4 -3 -2 -2 -2  1    0   0   0   0   0   0   0   0   0   3  93   0   0   0   0   0   0   0   0   5  0.69 inf
   15 Y   -2 -3 -3 -4 -3 -2 -3 -4  1 -2 -2 -3 -2  2 -4  0 -2  1  8 -2    0   0   0   0   0   0   0   0   0   0   0   0   0   0   0   8   0   0  92   0  1.32 inf
   16 M    0 -3 -3 -4 -2 -2 -3 -3 -3  2  3 -3  4  0 -3 -2 -1 -2 -2  1    8   0   0   0   0   0   0   0   0  20  46   0  26   0   0   0   0   0   0   0  0.42 inf
   17 I   -2 -3 -4 -4 -2 -3 -4 -4 -3  5  3 -3  1  0 -3 -3 -1 -2  1  2    0   0   0   0   0   0   0   0   0  63  32   0   0   0   0   0   0   0   5   0  0.53 inf
   18 T   -1  1  0  0 -2  0 -1 -2  4 -2 -2  1 -2 -3 -2  1  4 -3 -1 -2    0   8   0   4   0   0   0   0  17   0   0  11   0   0   0   6  54   0   0   0  0.41 inf
   19 M   -1 -2  0 -3 -2 -2 -3 -3 -2  1  2 -2  6  1 -3 -2 -1 -1  2  0    6   0   7   0   0   0   0   0   0   9  16   0  47   7   0   0   0   0   8   0  0.35 inf
   20 T    0 -3 -3 -3 -1 -2 -3 -3 -3  3  2 -2  1 -1 -3 -1  1 -3 -2  3    6   0   0   0   0   0   0   0   0  24  22   0   0   0   0   0  15   0   0  33  0.29 inf
   21 E   -2 -1 -1  3 -4  1  5 -3 -1 -4 -4  2 -3 -4 -2 -1 -2 -4 -3 -3    0   0   0  16   0   0  73   0   0   0   0  11   0   0   0   0   0   0   0   0  0.83 inf
   22 Q   -1  2  1  0 -4  4  3 -2  0 -3 -3  2  0 -4 -2 -1 -1 -3 -2 -3    0  10   7   0   0  35  31   0   0   0   0  13   3   0   0   0   0   0   0   0  0.54 inf
   23 E   -1  0  1  0 -3  2  2  1  4 -4 -3  2 -2 -3 -2  1 -1 -3 -1 -3    0   2   5   0   0   9  23  13  19   0   0  18   0   0   0  11   0   0   0   0  0.35 inf
   24 R   -2  5  2 -1 -4  1  0 -2 -1 -4 -3  3 -2 -4  2 -1 -1 -4 -2 -3    0  53  11   0   0   3   0   0   0   0   0  22   0   0  11   0   0   0   0   0  0.65 inf
   25 L   -1  1 -2 -3 -3 -2 -2  3 -1 -1  1 -1  0  0 -3 -2 -2  4  3 -1    0  11   0   0   0   0   0  35   0   0  21   0   3   0   0   0   0   7  19   4  0.31 inf
   26 Y   -3 -2 -3 -4 -3 -2 -3 -4  4 -2 -2 -3 -2  2 -4 -3 -3  1  8 -2    0   0   0   0   0   0   0   0  11   0   0   0   0   0   0   0   0   0  89   0  1.37 inf
   27 G    1 -3 -1 -2 -3 -2 -3  6 -3 -4 -4 -2 -3 -4 -3 -1 -2 -3 -4 -3   15   0   0   0   0   0   0  85   0   0   0   0   0   0   0   0   0   0   0   0  1.10 inf
   28 L   -1 -2  1 -2 -2 -2 -2 -3  0  0  2 -2  1  1 -3  1 -1  0  4 -1    0   0  11   0   0   0   0   0   0   0  38   0   3   0   0  17   0   0  30   0  0.29 inf
   29 K   -1  1 -1  0 -4  5  4 -3  0 -4 -3  2 -2 -4 -2 -1 -1 -3 -2 -3    0   5   0   0   0  50  35   0   0   0   0  10   0   0   0   0   0   0   0   0  0.73 inf
   30 L    0 -3 -3 -4 -2 -2 -3 -4 -3  4  2 -3  4  0 -3 -2 -1 -2  1  1    7   0   0   0   0   0   0   0   0  43  19   0  26   0   0   0   0   0   5   0  0.38 inf
   31 L   -2 -3 -4 -4 -2 -3 -4 -4 -3  3  4 -3  3  0 -3 -3 -2 -2 -2  1    0   0   0   0   0   0   0   0   0  22  71   0   7   0   0   0   0   0   0   0  0.56 inf
   32 E   -1 -1  1  4 -4  2  4 -2 -1 -4 -4  0 -3 -4 -2  1 -1 -4 -3 -3    0   0   5  34   0   8  41   0   0   0   0   0   0   0   0  11   0   0   0   0  0.64 inf
   33 V    0 -1 -1  1 -3  0  3 -3 -1  0  1 -1  0 -1 -2 -1 -1 -3 -2  1    5   0   2   8   0   0  41   0   0   3  22   0   0   3   0   3   0   0   0  12  0.21 inf
   34 L   -2 -3 -4 -4 -2 -3 -3 -4 -3  2  4 -3  3  0 -4 -3 -2 -2 -2  1    0   0   0   0   0   0   0   0   0  11  76   0  12   0   0   0   0   0   0   0  0.59 inf
   35 R   -2  5 -1 -2 -4  2  0 -3 -1 -4 -3  4 -2 -4 -2 -1 -1 -3 -2 -3    0  40   0   0   0  13   0   0   0   0   0  48   0   0   0   0   0   0   0   0  0.71 inf
   36 S    0  0  1  2 -3  1  2 -2  2 -3 -3  2 -2 -3 -2  2  1 -3 -2 -2    4   3   6  16   0   7  17   0   7   0   0  15   0   0   0  19   7   0   0   0  0.31 inf
   37 E   -1  3  0  2 -4  1  4 -3  2 -4 -3  1 -2 -4 -2  0 -1 -4 -2 -3    0  25   0   9   0   0  51   0   6   0   0   4   0   0   0   6   0   0   0   0  0.57 inf
   38 F   -3 -3 -4 -4 -3 -4 -4 -4 -2 -1  1 -4  0  7 -4 -3 -3  0  3 -1    0   0   0   0   0   0   0   0   0   0  11   0   0  81   0   0   0   0   8   0  1.02 inf
   39 K   -1  2  0 -1 -3  0  0 -1  0 -3 -3  4 -2 -3 -1  2  0 -3 -2 -2    1   6   0   1   0   0   1   3   3   1   1  57   0   0   1  23   1   0   0   1  0.40 inf
   40 E   -1 -1  2  1 -3  0  1 -1 -1 -3 -3 -1 -2  0  5  1 -1 -3 -2 -2    3   1  18   9   0   4  11   1   0   1   1   1   0   6  31  11   1   0   0   1  0.51 inf
   41 I   -2 -2 -3 -3 -2 -2 -3 -3  1  1  3 -2  1  4 -3 -2 -2 -1  2  0    1   1   1   1   0   0   1   1   5   5  43   1   0  32   1   1   1   0   5   1  0.35 inf
   42 G   -1 -2 -1 -2 -3 -2 -2  6 -3 -4 -4  1 -3 -4 -3 -1 -2 -3 -4 -4    0   0   0   0   0   0   0  89   0   0   0  11   0   0   0   0   0   0   0   0  1.14 inf
   43 F   -3 -3 -3 -4 -3 -3 -3 -4  0 -2 -2 -3 -2  4 -4 -3 -3  6  8 -2    0   0   0   0   0   0   0   0   0   0   0   0   0  14   0   0   0  11  75   0  1.27 inf
   44 K   -1  2 -1  0 -3  1  3 -2  1 -1 -2  2 -2 -3 -2  2  0 -3 -2  0    0  14   0   0   0   0  25   0   5   3   0  22   0   0   0  22   0   0   0  10  0.27 inf
   45 P   -2 -3 -3 -2 -4 -2 -2 -3 -3 -4 -4 -2 -4 -5  8 -2 -2 -5 -4 -3    0   0   0   0   0   0   0   0   0   0   0   0   0   0 100   0   0   0   0   0  2.40 inf
   46 N    0 -1  3  0 -2  1 -1 -1 -1 -3 -3 -1 -2 -3  4  3  2 -4 -2 -2    0   0  25   0   0  10   0   0   0   0   0   0   0   0  19  30  15   0   0   0  0.49 inf
   47 H   -2 -1 -1 -2 -4  3  0 -3  7 -4 -3  0 -2 -3  4 -1 -2 -3  0 -4    0   0   0   0   0  19   0   0  52   0   0   6   0   0  22   0   0   0   0   0  0.90 inf
   48 T    1 -2  0 -1 -2 -1 -1  3 -2 -3 -3 -1 -2 -3 -2  4  2 -3 -3 -2    7   0   0   0   0   0   0  22   0   0   0   0   0   0   0  53  18   0   0   0  0.47 inf
   49 E   -1 -1 -1  0 -4  1  5 -3 -1 -3 -2  0  2 -3 -2 -1  1 -3 -3 -2    0   0   0   0   0   0  78   0   0   0   0   0  11   0   0   0  11   0   0   0  0.73 inf
   50 V   -1 -3 -4 -4 -2 -3 -3 -4 -4  4  2 -3  1 -1 -3 -3 -1 -3 -2  4    0   0   0   0   0   0   0   0   0  48   9   0   0   0   0   0   0   0   0  43  0.53 inf
   51 Y   -3 -3 -3 -4 -4 -2 -3 -4  1 -2 -2 -3 -2  2 -4 -3 -3  1  8 -2    0   0   0   0   0   0   0   0   0   0   0   0   0   0   0   0   0   0 100   0  1.57 inf
   52 R   -2  5 -1 -2 -4  0  0 -3 -1 -4 -3  4 -2 -4  4 -1 -2 -4 -3 -3    0  44   0   0   0   0   0   0   0   0   0  33   0   0  22   0   0   0   0   0  0.76 inf
   53 S    3  1 -1 -2 -1 -1 -1 -1 -2 -2  0 -1 -1 -2 -2  2  1 -3 -2 -1   44  11   0   0   0   0   0   0   0   0  11   0   0   0   0  24   9   0   0   0  0.27 inf
   54 L   -2 -3 -4 -5 -2 -3 -4 -5 -4  1  5 -3  2  0 -4 -3 -2 -2 -2  0    0   0   0   0   0   0   0   0   0   0  97   0   3   0   0   0   0   0   0   0  0.77 inf
   55 H    0  1  2  0 -3  0 -1 -2  8 -4 -3 -1 -2 -3 -3 -1 -2 -3  0 -3   12  11   9   6   0   0   0   0  62   0   0   0   0   0   0   0   0   0   0   0  0.82 inf
   56 E   -2  2 -1  3 -4  1  5 -3 -1 -4 -4  0 -3 -4 -2 -1 -2 -4 -3 -3    0  12   0  19   0   0  70   0   0   0   0   0   0   0   0   0   0   0   0   0  0.82 inf
   57 L   -2 -3 -4 -5 -2 -3 -4 -5 -4  1  5 -3  1  0 -4 -3 -2 -2 -2  0    0   0   0   0   0   0   0   0   0   0 100   0   0   0   0   0   0   0   0   0  0.80 inf
   58 L   -1 -2 -2 -1 -2 -1  2 -3 -2  2  1 -1  0 -1 -2 -2  0 -3  0  3    0   0   0   0   0   0  30   0   0  16  14   0   0   0   0   0   4   0   4  33  0.22 inf
   59 D   -2  1  0  3 -4  3  4 -2  1 -4 -3  2 -2 -4 -2 -1 -1 -4 -2 -3    0   4   0  16   0  12  52   0   5   0   0  11   0   0   0   0   0   0   0   0  0.63 inf
   60 D   -2 -1  0  5 -4  1  5 -2 -1 -4 -4  0 -3 -4 -2 -1 -2 -4 -3 -4    0   0   0  41   0   4  55   0   0   0   0   0   0   0   0   0   0   0   0   0  0.88 inf
   61 G   -1 -3 -1 -2 -3 -1 -1  6 -3 -5 -4 -2 -3 -4 -3 -1 -2 -3 -4 -4    0   0   0   0   0   4   4  92   0   0   0   0   0   0   0   0   0   0   0   0  1.23 inf
   62 I   -1 -3 -3 -4 -2 -2 -3 -4 -2  3  1 -3  2  0 -3 -1 -1 -1  4  2    0   0   0   0   0   0   0   0   0  35  12   0   9   0   0   4   0   0  22  18  0.34 inf
   63 L   -1 -3 -4 -4 -2 -3 -3 -4 -3  2  3 -3  1  2 -3 -3 -1 -2 -1  3    0   0   0   0   0   0   0   0   0   0  52   0   0  11   0   0   0   0   0  37  0.44 inf
   64 K   -1  1 -1 -1 -2  0  2 -2 -1 -1 -2  3  0 -2 -2  0  3 -2  1  0    0   4   0   0   0   0  14   0   0   0   0  30   3   0   0   0  30   0   9  10  0.24 inf
   65 Q   -2  5 -1 -1 -3  4  0 -2  3 -3 -2  2 -1 -3 -2 -1 -1 -3 -1 -3    1  44   0   1   0  28   1   1  12   1   1   8   0   0   1   1   1   0   0   1  0.55 inf
   66 I   -1  0 -1 -1 -2  0  1 -2  2  1  1 -1  0 -1 -2 -1  0 -2 -1  1    2   4   1   1   0   1  16   2  10  14  19   1   0   1   1   2   4   0   1  20  0.08 inf
   67 K    0  1 -1 -1 -2  0  0 -1 -1 -2 -2  5 -1 -3  2  0 -1 -2 -2 -2   11   1   1   1   0   1   1   2   0   1   2  63   0   1   8   2   1   0   1   1  0.40 inf
   68 V   -1  2 -1 -2 -2  0 -1  3 -2  0 -1  2 -1 -2 -2 -1 -1 -3 -2  0    1  17   1   1   0   3   1  28   0   7   1  22   0   0   1   1   1   0   0  15  0.20 inf
   69 K   -1  0  1 -1 -2  0 -1 -2 -2  0 -1  3 -1 -2 -2  1  2  5 -1 -1    3   0  10   0   0   0   0   0   0   8   3  33   0   0   0   8  21  11   0   3  0.25 inf
   70 K   -2  0 -1  2 -4  3  2 -2 -1 -2 -3  3 -2 -3  0 -1 -1  5 -2 -3    0   0   0  17   0  22  12   0   0   3   0  32   0   0   4   0   0  11   0   0  0.45 inf
   71 E   -1 -1 -1  2 -4  1  5 -3 -1 -4 -4  0 -3 -4  4 -1 -2 -4 -3 -3    4   0   0   8   0   0  65   0   0   0   0   0   0   0  23   0   0   0   0   0  0.85 inf
   72 G   -1  1  1  1 -3 -1  1  5 -2 -4 -4  0 -3 -4 -2  0 -2 -3 -3 -4    0   9   6   9   0   0  11  57   0   0   0   7   0   0   0   2   0   0   0   0  0.60 inf
   73 A    1 -2 -2 -3 -2 -2 -2  1 -2  0  0 -2  3 -1  2 -1  0 -2  1  2   20   0   0   0   0   0   0  12   0   0   0   0  16   0  11   0   7   0   9  25  0.17 inf
   74 K   -2  2  0  4 -4  2  2 -2 -1 -4 -3  3 -2 -4 -2 -1 -1 -4 -3 -3    0  12   0  36   0   9   7   0   0   0   0  36   0   0   0   0   0   0   0   0  0.56 inf
   75 L   -2  1 -2 -3 -3 -1 -2 -3  2 -1  1  2  1  4 -3 -2 -2  0  4 -1    0   8   0   0   0   0   0   0   6   0  12  22   7  25   0   0   0   0  20   0  0.31 inf
   76 Q   -1  2 -1 -1 -3  5  1 -2  0 -3 -2  3 -1 -3 -2 -1 -1 -3 -2 -2    1  11   1   1   0  49   1   1   0   1   1  30   0   0   1   1   1   0   0   1  0.58 inf
   77 E   -1 -1 -1  1 -3  1  5 -2 -1 -3 -3  0 -2 -3 -1  1  0 -3 -2 -2    1   1   1   1   0   0  72   1   0   1   1   1   0   0   1  11   8   0   0   1  0.64 inf
   78 V   -1 -3 -3 -3 -1 -3 -3 -3 -3  4  1 -3  0 -1 -3 -2 -1 -3 -2  4    1   1   1   1   0   0   1   1   0  50   1   1   0   0   1   1   1   0   0  40  0.43 inf
   79 V   -1  1 -2 -3 -2 -2 -2 -3 -2  2  0 -2  0 -1 -2 -2 -1 -2  1  4    1  11   1   1   0   0   1   1   0   5   1   1   0   0   1   1   1   0   7  68  0.31 inf
   80 L   -1  1 -3 -3 -2 -2 -2 -4 -2  2  2 -2  0  0 -3 -2  1 -1  3  2    0  11   0   0   0   0   0   0   0  13  26   0   0   0   0   0   9   0  16  25  0.21 inf
   81 Y   -3 -3 -3 -4 -4 -3 -3 -4  1 -2 -2 -3 -2  2 -4 -3 -3  1  9 -2    0   0   0   0   0   0   0   0   0   0   0   0   0   0   0   0   0   0 100   0  1.62 inf
   82 Q   -1  4  0 -1 -3  2  1 -2  5 -3 -3  2 -2 -3 -2  0 -1 -3 -1 -3    0  30   0   0   0  14   3   0  27   0   0  14   0   0   0   9   2   0   0   0  0.51 inf
   83 F   -2 -3 -4 -4 -2 -3 -4 -4 -3  1  3 -3  1  5 -4 -3 -2 -1  1  0    0   0   0   0   0   0   0   0   0   8  50   0   0  43   0   0   0   0   0   0  0.60 inf
   84 K    0 -1 -1 -2 -2 -1 -1  0 -2  1 -1  1 -1 -2 -2  0  4 -3 -2  1    8   0   0   0   0   0   0   7   0  13   0  14   0   0   0   0  52   0   0   6  0.29 inf
   85 D   -2 -2  2  6 -4 -1  2  0 -2 -4 -4 -1 -4 -4 -2  0 -1 -5 -4 -4    0   0   6  74   0   0   9   5   0   0   0   0   0   0   0   6   0   0   0   0  0.93 inf
   86 Y   -1  2 -1 -1 -3  0  1 -3  2 -2 -1  2  0  0 -1  0 -1 -1  4 -2    2  12   0   0   0   0  15   0   5   0   3  18   4   0   2   8   0   0  31   0  0.29 inf
   87 E   -1 -1 -1  0 -4  1  5  2 -1 -4 -3  2 -3 -4 -2  0  0 -3 -3 -3    0   0   0   0   0   0  58  20   0   0   0  13   0   0   0   0   9   0   0   0  0.55 inf
   88 A    2  2 -1 -2 -3  0  0 -2  3 -3 -3  4 -2 -3 -2  0 -1 -3 -2 -2   23  12   0   0   0   0   0   0  11   0   0  55   0   0   0   0   0   0   0   0  0.47 inf
   89 A    4 -2 -2 -2 -1 -1  1 -1 -1 -2 -2  0 -1 -2 -2  0 -1 -2  2  0   67   0   0   0   0   0  12   0   0   0   0   4   0   0   0   0   0   0  11   7  0.36 inf
   90 K    0  1 -1  0 -3  2  3 -2 -1 -3 -2  4  0 -3 -2 -1 -1 -3 -2 -2    9   2   0   4   0  13  20   0   0   0   3  45   3   0   0   0   0   0   0   0  0.40 inf
   91 L    1  0  0 -3 -2 -2 -2 -3 -2  1  3 -1  1 -1 -3 -1 -1 -2  0  1   14   6   9   0   0   0   0   0   0   0  52   3   0   0   0   0   0   0   4  11  0.19 inf
   92 Y   -2 -2 -3 -3 -3 -2 -2 -3  1  1 -1 -2 -1  2 -3 -2 -2  1  8 -1    1   1   1   1   0   0   1   1   0  11   1   1   0   0   1   1   1   0  78   1  0.98 inf
   93 K   -1  2 -1 -1 -3  0  0 -2 -1 -2  0  5 -1 -3 -2 -1 -1 -3 -2 -2    1   7   1   1   0   0   1   1   0   1  12  72   0   0   1   1   1   0   0   1  0.50 inf
   94 K    0  3 -1  0 -3  1  0 -2 -1 -2 -1  4 -1 -3 -2 -1 -1 -3 -2 -2    6  19   0   7   0   4   0   0   0   0  11  53   0   0   0   0   0   0   0   0  0.41 inf
   95 Q   -1  0  1 -1 -3  5  2 -2 -1 -3 -1  2 -1 -3 -2 -1  0 -3 -2 -2    0   0   6   0   0  58  12   0   0   0   8   9   0   0   0   0   7   0   0   0  0.56 inf
   96 L   -1  1 -3 -3 -2 -2 -2 -3 -2  2  1 -1  2  0 -3 -2  1 -2  2  3    0  12   0   0   0   0   0   0   0   7  17   0   8   0   0   0   9   0  11  37  0.21 inf
   97 K   -2  1 -1 -1 -4  1  2 -2  3 -4 -3  6 -2 -4 -2 -1 -1 -4 -2 -3    0   0   0   0   0   0  12   0   9   0   0  79   0   0   0   0   0   0   0   0  0.73 inf
   98 V    2 -2 -1 -1 -1 -1  1 -1 -2 -1 -1 -1 -1 -2 -2  1  3 -3 -2  1   29   0   0   0   0   0   9   0   0   0   0   0   0   0   0  12  31   0   0  18  0.26 inf
   99 E   -2 -2  2  5 -4  0  3 -2 -1 -3 -1 -1 -2 -3 -2 -1 -1 -4 -3 -3    0   0  11  55   0   0  25   0   0   0   9   0   0   0   0   0   0   0   0   0  0.69 inf
  100 L   -2 -3 -4 -4 -2 -3 -4 -4 -3  2  5 -3  1  2 -4 -3 -2 -2 -1  0    0   0   0   0   0   0   0   0   0   7  83   0   0  11   0   0   0   0   0   0  0.62 inf
  101 D   -2 -2  0  6 -4  0  3 -2 -2 -3 -3 -1 -3 -4 -2 -1 -2 -5 -3 -1    0   0   0  66   0   0  25   0   0   0   0   0   0   0   0   0   0   0   0   9  0.84 inf
  102 R   -2  6  2  3 -4  0  0 -3 -1 -4 -3  1 -2 -4 -3 -1 -2 -4 -3 -4    0  68   9  22   0   0   0   0   0   0   0   0   0   0   0   0   0   0   0   0  0.79 inf
  103 S   -1 -3 -2 -3  8 -2 -3 -2 -3 -2  0 -2 -2 -3 -3  3 -1 -3 -3 -2    0   0   0   0  54   0   0   0   0   0  12   0   0   0   0  35   0   0   0   0  0.88 inf
  104 K   -1  0 -2 -1 -2  0  2 -3 -2  1  2  2  1 -1 -2 -1 -1 -3 -2  0    2   0   0   0   0   3  24   0   0  15  26  20   6   0   0   0   0   0   0   4  0.17 inf
  105 K    1  0 -1 -1 -2  2  0  3 -1 -3 -3  2 -2 -3 -2  2 -1 -3 -2 -2   14   0   0   0   0  19   0  28   0   0   0  19   0   0   0  19   0   0   0   0  0.37 inf
  106 L   -2 -2 -3 -3 -2 -1  0 -4 -3  3  3 -2  4 -1 -3 -2 -1 -2 -2  1    0   0   0   0   0   0  12   0   0  21  42   0  25   0   0   0   0   0   0   0  0.38 inf
  107 I   -2 -3 -4 -4 -2 -3 -4 -4 -4  4  4 -3  1  0 -3 -3 -1 -3 -2  2    0   0   0   0   0   0   0   0   0  38  52   0   0   0   0   0   0   0   0  11  0.51 inf
  108 E   -1  2  3  1 -3  4  1 -2  3 -3 -3  1 -2 -3 -2  0  1 -3 -2 -3    0  17  17   4   0  29   7   0   8   0   0   4   0   0   0   0  14   0   0   0  0.39 inf
  109 K   -2  2  2  2 -4  0  0 -2 -1 -4 -3  5 -2 -4 -2 -1 -1 -4 -3 -3    0   7  11  12   0   0   0   0   0   0   0  71   0   0   0   0   0   0   0   0  0.64 inf
  110 A    4 -2 -2 -2 -1 -2 -2 -1 -2  1 -1 -1 -1 -2 -2  1  0 -3 -2  1   68   0   0   0   0   0   0   0   0   9   0   0   0   0   0  12   0   0   0  11  0.41 inf
  111 L   -1 -3 -3 -3 -2 -2  0 -4 -3  3  3 -2  1 -1 -3 -2 -1 -3 -2  3    2   0   0   0   0   0   9   0   0  26  36   0   0   0   0   0   0   0   0  27  0.32 inf
  112 S    1  3  0 -1 -3  1  2 -2 -1 -3 -3  3 -2 -3 -2  1  1 -3 -2 -2   13  28   2   0   0   4  13   0   0   0   0  23   0   0   0   7  11   0   0   0  0.35 inf
  113 D   -3 -2  2  7 -4 -1  1 -2 -2 -4 -5 -1 -4 -4 -2 -1 -2 -5 -4 -4    0   0   9  91   0   0   0   0   0   0   0   0   0   0   0   0   0   0   0   0  1.26 inf
  114 N   -2 -1  6  0 -3 -1 -1 -2  3  1 -2 -1 -2 -3 -3  0 -1 -4 -2  0    0   0  71   0   0   0   0   0   9  13   0   0   0   0   0   0   0   0   0   7  0.64 inf
  115 F   -3 -3 -3 -4 -3 -3 -3 -4  0 -2 -1 -3 -1  5 -4 -3 -3  1  7 -2    0   0   0   0   0   0   0   0   0   0   0   0   0  37   0   0   0   0  63   0  1.13 inf

                      K         Lambda
Standard Ungapped    0.1374     0.3190
Standard Gapped      0.0477     0.2670
PSI Ungapped         0.1549     0.3140
PSI Gapped           0.0477     0.2670
