
Last position-specific scoring matrix computed, weighted observed percentages rounded down, information per position, and relative weight of gapless real matches to pseudocounts
           A  R  N  D  C  Q  E  G  H  I  L  K  M  F  P  S  T  W  Y  V   A   R   N   D   C   Q   E   G   H   I   L   K   M   F   P   S   T   W   Y   V
    1 K   -1  2 -1 -1 -4  1  0 -2 -1 -3 -3  6 -2 -4 -2 -1 -1 -4 -2 -3    0   0   0   0   0   0   0   0   0   0   0 100   0   0   0   0   0   0   0   0  0.85 inf
    2 Q   -1  0 -1 -1 -4  6  1 -2  0 -3 -3  2 -1 -4 -2 -1 -1 -3 -2 -3    0   0   0   0   0  89   0   0   0   2   0   8   0   0   0   0   1   0   0   0  0.91 inf
    3 R   -2  7 -1 -2 -4  0 -1 -3 -1 -4 -3  2 -2 -4 -3 -1 -2 -3 -2 -3    0 100   0   0   0   0   0   0   0   0   0   0   0   0   0   0   0   0   0   0  1.13 inf
    4 R   -2  7 -1 -2 -4  0 -1 -3 -1 -4 -3  2 -2 -4 -3 -1 -2 -3 -2 -3    0 100   0   0   0   0   0   0   0   0   0   0   0   0   0   0   0   0   0   0  1.13 inf
    5 S    0 -2  1 -1  0 -1 -1 -2  1  0 -2 -1 -1  0 -2  3  0 -1  4 -1    0   0  10   0   3   0   0   0   3  10   0   0   0   2   0  45   1   0  25   2  0.27 inf
    6 R   -2  7 -1 -2 -4  0 -1 -3 -1 -4 -3  2 -2 -4 -3 -1 -2 -3 -2 -3    0 100   0   0   0   0   0   0   0   0   0   0   0   0   0   0   0   0   0   0  1.17 inf
    7 T   -1 -2 -1 -2 -2 -1 -2 -2 -2 -1 -2 -1 -1 -3 -2  1  6 -3 -2 -1    0   0   0   0   0   0   0   0   0   0   0   0   0   0   0   0 100   0   0   0  0.85 inf
    8 T   -1 -2 -1 -2 -2 -1 -2 -2 -2 -1 -2 -1 -1 -3 -2  1  6 -3 -2 -1    0   0   0   0   0   0   0   0   0   0   0   0   0   0   0   2  98   0   0   0  0.82 inf
    9 F   -3 -4 -4 -4 -3 -4 -4 -4 -2 -1  0 -4 -1  7 -4 -3 -3  0  2 -2    0   0   0   0   0   0   0   0   0   0   0   0   0 100   0   0   0   0   0   0  1.24 inf
   10 S    0 -1  1  0 -1 -1 -1 -2 -2 -2 -2 -1 -2 -3 -2  3  4 -3 -2 -1    0   0   6   2   0   0   0   0   0   0   0   0   0   0   0  33  60   0   0   0  0.52 inf
   11 A    3 -2  1 -1 -1 -1 -1  2 -2 -2 -2 -1 -1 -3  0  2  1 -3 -2 -1   40   0   7   0   0   1   0  12   0   0   3   0   0   0   2  29   4   0   0   1  0.30 inf
   12 S    0 -1 -1  1 -3  1  2 -1  2 -2 -1  0 -1  2 -2  0 -1 -1  2 -2    6   0   1   6   0   9  27   3   6   0   8   1   1  14   0   6   0   0  11   0  0.17 inf
   13 Q   -2  0 -1 -1 -4  7  1 -3  0 -4 -3  1 -1 -4 -2 -1 -1 -3 -2 -3    0   0   0   0   0 100   0   0   0   0   0   0   0   0   0   0   0   0   0   0  1.12 inf
   14 L   -2 -3 -4 -4 -2 -3 -3 -4 -3  1  5 -3  2  0 -3 -3 -1 -2 -2  1    0   0   0   0   0   0   0   0   0   0  95   0   1   0   0   0   2   0   0   1  0.64 inf
   15 D   -1  0  0  3 -4  1  4 -2  0 -4 -3  1 -3 -4 -2 -1 -1 -4 -3 -3    0   1   2  24   0   2  55   0   1   0   0  12   0   0   0   0   2   0   0   0  0.64 inf
   16 E    0 -1 -1  1 -3  2  5 -2  0 -3 -3  0 -1 -3 -2  0 -1 -3 -2 -2   10   0   0   4   0  10  72   0   1   1   0   0   1   0   0   0   1   0   0   0  0.65 inf
   17 L   -2 -3 -4 -4 -2 -3 -3 -4 -3  1  5 -3  2  0 -3 -3 -2 -2 -2  0    0   0   0   0   0   0   0   0   0   0  97   0   3   0   0   0   0   0   0   0  0.68 inf
   18 E   -2 -1 -1  1 -4  1  6 -3 -1 -4 -4  0 -3 -4 -2 -1 -2 -4 -3 -3    0   0   0   0   0   0 100   0   0   0   0   0   0   0   0   0   0   0   0   0  1.07 inf
   19 R   -1  5  0 -2 -3  1  0 -2 -1 -2 -2  3 -1 -3 -2  0 -1 -3 -2 -2    3  52   2   0   0   0   0   0   0   1   0  33   1   0   0   4   2   0   0   1  0.56 inf
   20 A    4 -2 -2 -2  1 -1 -2 -1 -2  0 -1 -1 -1 -2 -2  1  0 -3 -2  1   76   0   0   0   3   0   0   0   0   3   0   0   0   0   0   3   2   0   0  12  0.41 inf
   21 F   -3 -4 -4 -4 -3 -4 -4 -4 -2 -1  0 -4 -1  7 -4 -3 -3  0  2 -2    0   0   0   0   0   0   0   0   0   0   0   0   0 100   0   0   0   0   0   0  1.24 inf
   22 E    1  0  0  1  0  3  3 -1  1 -3 -2  0 -1 -3 -2  1  0 -3 -2 -2   13   3   0   4   2  27  30   3   4   0   1   0   0   0   0   9   2   0   0   1  0.32 inf
   23 R   -1  5 -1 -1 -4  1  1 -2 -1 -3 -3  3 -2 -3 -2 -1 -1 -3 -2 -2    1  57   0   0   0   3  10   0   0   0   0  28   0   0   0   0   0   0   0   1  0.66 inf
   24 T    0 -2 -1 -2  0 -1 -1 -2 -2 -1 -2 -1 -1 -3 -2  1  6 -3 -2 -1    4   0   0   0   1   0   0   0   0   0   0   0   0   0   0   6  89   0   0   0  0.70 inf
   25 Q   -2  0  0 -1 -4  4  0 -3  8 -4 -3  0 -2 -3 -3 -1 -2 -3  0 -4    0   0   0   0   0  37   0   0  63   0   0   0   0   0   0   0   0   0   0   0  1.00 inf
   26 Y   -3 -3 -3 -4 -3 -2 -3 -4  1 -2 -2 -3 -2  2 -4 -3 -2  2  8 -2    0   0   0   0   0   0   0   0   0   0   0   0   0   0   0   0   0   0 100   0  1.44 inf
   27 P   -2 -3 -3 -2 -4 -2 -2 -3 -3 -4 -4 -2 -3 -4  8 -2 -2 -5 -4 -3    0   0   0   0   0   0   0   0   0   0   0   0   0   0 100   0   0   0   0   0  2.34 inf
   28 D   -2 -2  1  7 -4 -1  1 -2 -2 -4 -4 -1 -4 -4 -2 -1 -2 -5 -4 -4    0   0   0 100   0   0   0   0   0   0   0   0   0   0   0   0   0   0   0   0  1.31 inf
   29 I   -1 -3 -4 -4 -1 -3 -3 -4 -4  4  1 -3  0 -1 -3 -2 -1 -3 -2  4    0   0   0   0   0   0   0   0   0  36   0   0   0   0   0   0   0   0   0  64  0.54 inf
   30 Y   -3 -3 -3 -4 -3 -3 -3 -4  0 -1 -1 -3 -1  5 -4 -3 -2  1  7 -2    0   0   0   0   0   0   0   0   0   0   0   0   0  33   0   0   0   0  67   0  1.08 inf
   31 T    0 -2 -1 -2 -1 -1 -2 -2 -2 -1 -1 -1  0  0 -2  1  5 -3 -2  0    7   0   0   0   0   0   0   0   0   0   0   0   2   6   0   1  81   0   0   2  0.55 inf
   32 R   -2  7 -1 -2 -4  0 -1 -3 -1 -4 -3  2 -2 -4 -3 -1 -2 -3 -2 -3    0 100   0   0   0   0   0   0   0   0   0   0   0   0   0   0   0   0   0   0  1.15 inf
   33 E   -2 -1 -1  1 -4  1  6 -3 -1 -4 -4  0 -3 -4 -2 -1 -2 -4 -3 -3    0   0   0   0   0   0 100   0   0   0   0   0   0   0   0   0   0   0   0   0  1.07 inf
   34 E   -1 -1 -1  2 -4  2  6 -3 -1 -4 -3  0 -3 -4 -2 -1 -1 -4 -3 -3    1   0   0   9   0   7  83   0   0   0   0   0   0   0   0   0   0   0   0   0  0.87 inf
   35 L   -2 -3 -4 -4 -2 -3 -3 -4 -3  2  5 -3  2  0 -3 -3 -2 -2 -2  1    0   0   0   0   0   0   0   0   0   8  92   0   0   0   0   0   0   0   0   0  0.64 inf
   36 A    5 -2 -2 -2 -1 -1 -1  0 -2 -2 -2 -1 -2 -3 -1  1 -1 -3 -2 -1   98   0   0   0   0   0   0   2   0   0   0   0   0   0   0   0   0   0   0   0  0.67 inf
   37 Q   -1  0 -1 -2 -2  4  0 -2 -1  0  1  0  4 -1 -2 -1 -1 -2 -2  0    1   1   1   0   0  43   0   1   0   0  14   0  23   1   0   2   1   0   0   9  0.28 inf
   38 R   -2  6 -1 -2 -4  1  0 -3 -1 -3 -3  3 -2 -3 -2 -1  0 -3 -2 -3    0  66   0   0   0   2   0   0   0   0   0  25   0   0   0   1   5   0   0   0  0.74 inf
   39 T   -1 -2 -1 -2  0 -2 -2 -3 -3  2  0 -2  0 -2 -2  0  4 -3 -2  1    1   0   0   0   2   0   0   0   0  28   5   0   0   0   0   3  52   0   0   8  0.32 inf
   40 N   -1  1  2  3 -3  1  1  2  0 -3 -3  2 -2 -3 -2  0 -1 -4 -3 -3    4   9  12  30   0   3   5  19   1   1   0  16   0   0   0   0   0   0   0   0  0.35 inf
   41 L   -2 -3 -4 -4 -2 -3 -3 -4 -3  1  5 -3  2  0 -4 -3 -2 -2 -2  0    0   0   0   0   0   0   0   0   0   0 100   0   0   0   0   0   0   0   0   0  0.71 inf
   42 T   -1 -2 -1 -2 -1 -1 -1 -2 -2 -1 -2 -1 -1 -3 -2  2  6 -3 -2 -1    0   0   0   0   0   0   0   0   0   0   0   0   0   0   0   7  93   0   0   0  0.76 inf
   43 E   -2 -1 -1  1 -4  1  6 -3 -1 -4 -4  0 -3 -4 -2 -1 -2 -4 -3 -3    0   0   0   0   0   0 100   0   0   0   0   0   0   0   0   0   0   0   0   0  1.07 inf
   44 A    5 -2 -2 -2 -1 -1 -1  0 -2 -2 -2 -1 -2 -3 -1  1 -1 -3 -2 -1  100   0   0   0   0   0   0   0   0   0   0   0   0   0   0   0   0   0   0   0  0.69 inf
   45 R   -2  7 -1 -2 -4  0 -1 -3 -1 -4 -3  2 -2 -4 -3 -1 -2 -3 -2 -3    0 100   0   0   0   0   0   0   0   0   0   0   0   0   0   0   0   0   0   0  1.15 inf
   46 I   -1 -3 -4 -4 -1 -3 -3 -4 -4  4  1 -3  0 -1 -3 -2 -1 -3 -2  4    0   0   0   0   0   0   0   0   0  28   0   0   0   0   0   0   0   0   0  72  0.55 inf
   47 Q   -2  0 -1 -1 -4  7  1 -3  0 -4 -3  1 -1 -4 -2 -1 -1 -3 -2 -3    0   0   0   0   0 100   0   0   0   0   0   0   0   0   0   0   0   0   0   0  1.12 inf
   48 V   -1 -3 -4 -4 -1 -3 -3 -4 -4  2  0 -3  0 -1 -3 -2 -1 -4 -2  5    0   0   0   0   0   0   0   0   0   0   0   0   0   0   0   0   0   0   0 100  0.67 inf
   49 W   -4 -4 -5 -5 -3 -3 -4 -4 -3 -4 -3 -4 -2  0 -5 -4 -3 12  1 -4    0   0   0   0   0   0   0   0   0   0   0   0   0   0   0   0   0 100   0   0  3.11 inf
   50 F   -3 -4 -4 -4 -3 -4 -4 -4 -2 -1  0 -4 -1  7 -4 -3 -3  0  2 -2    0   0   0   0   0   0   0   0   0   0   0   0   0 100   0   0   0   0   0   0  1.24 inf
   51 Q    0  0  0 -1 -2  5  1 -2 -1 -3 -3  0 -1 -3 -2  3  0 -3 -2 -3    0   0   0   0   0  52   0   0   0   0   0   0   0   0   0  48   0   0   0   0  0.60 inf
   52 N   -2 -1  7  1 -3 -1 -1 -1  0 -4 -4 -1 -3 -4 -3  0 -1 -5 -3 -4    0   0  98   0   0   0   0   0   0   0   0   0   0   0   0   2   0   0   0   0  1.13 inf
   53 R   -2  7 -1 -2 -4  0 -1 -3 -1 -4 -3  2 -2 -4 -3 -1 -2 -3 -2 -3    0 100   0   0   0   0   0   0   0   0   0   0   0   0   0   0   0   0   0   0  1.15 inf
   54 R   -2  7 -1 -2 -4  0 -1 -3 -1 -4 -3  2 -2 -4 -3 -1 -2 -3 -2 -3    0 100   0   0   0   0   0   0   0   0   0   0   0   0   0   0   0   0   0   0  1.15 inf
   55 A    5 -2 -2 -2 -1 -1 -1  0 -2 -2 -2 -1 -2 -3 -1  1 -1 -3 -2 -1  100   0   0   0   0   0   0   0   0   0   0   0   0   0   0   0   0   0   0   0  0.69 inf
   56 R   -2  5 -1 -2 -4  1  0 -2 -1 -3 -3  4 -2 -4 -2 -1 -1 -3 -2 -3    0  49   0   0   0   0   0   0   0   0   0  51   0   0   0   0   0   0   0   0  0.76 inf
   57 L   -3 -3 -4 -5 -3 -3 -4 -4 -3 -1  2 -4  0  2 -4 -3 -3 10  2 -2    0   0   0   0   0   0   0   0   0   0  30   0   0   9   0   0   0  58   3   0  1.52 inf
   58 R   -2  7 -1 -2 -4  0 -1 -3 -1 -4 -3  2 -2 -4 -3 -1 -2 -3 -2 -3    0 100   0   0   0   0   0   0   0   0   0   0   0   0   0   0   0   0   0   0  1.15 inf
   59 K   -1  2  0 -1 -4  1  0 -2 -1 -3 -3  6 -2 -4 -2 -1 -1 -4 -3 -3    0   0   2   0   0   0   0   0   0   0   0  98   0   0   0   0   0   0   0   0  0.84 inf
   60 Q   -1  3  0 -1 -3  5  1 -2  4 -3 -3  1  0 -3 -2 -1 -1 -3 -1 -3    1  18   1   0   0  52   0   0  18   0   0   3   2   0   0   1   2   0   0   0  0.57 inf
   61 H   -1 -1  0  0 -1  1  4 -2  1 -1  0  0  2 -2 -2  0  0 -3 -2  0    3   0   4   0   2   3  51   0   4   2   9   0  10   0   0   4   3   0   0   6  0.28 inf
   62 T    0  3  1 -1 -3  0 -1  3 -1 -3 -3  3 -2 -3 -2  0  0 -3 -2 -3    6  22   6   0   0   0   0  25   0   0   0  30   0   0   0   5   6   0   0   0  0.36 inf
   63 S    2 -1  1 -1 -1  0 -1  0  0 -2 -2 -1 -1 -3 -1  3  2 -3 -2  0   25   0   6   0   0   3   0   4   3   0   0   0   0   0   0  39  15   0   0   6  0.28 inf
   64 V    1 -2 -1 -2 -1 -1 -1 -2 -2  1  0 -1  1  0 -2  2  1 -3 -1  1   12   0   0   0   0   0   0   0   0  16   4   0   5   4   0  32   8   0   0  17  0.13 inf
   65 S    1 -1  4  0 -1  0 -1 -1 -1 -2 -2 -1 -1 -3 -1  2  3 -3 -2 -1   14   0  34   0   0   0   0   0   0   0   0   0   0   0   0  19  33   0   0   0  0.35 inf

                      K         Lambda
Standard Ungapped    0.1256     0.3188
Standard Gapped      0.0470     0.2670
PSI Ungapped         0.1561     0.3099
PSI Gapped           0.0470     0.2670
