
Last position-specific scoring matrix computed, weighted observed percentages rounded down, information per position, and relative weight of gapless real matches to pseudocounts
           A  R  N  D  C  Q  E  G  H  I  L  K  M  F  P  S  T  W  Y  V   A   R   N   D   C   Q   E   G   H   I   L   K   M   F   P   S   T   W   Y   V
    1 K   -2  3 -1 -1 -4  2  3 -3 -1 -4 -4  5 -2 -4 -2 -1 -2 -4 -3 -3    0  12   0   0   0   7  18   0   0   0   0  63   0   0   0   0   0   0   0   0  0.81 inf
    2 S   -3  2  1 -3 -6  1 -1 -3 -3 -6 -5  7 -4 -6 -4  0 -3 -6 -5 -5    0   9   6   0   0   4   3   2   0   0   0  69   0   0   0   8   0   0   0   0  1.35 inf
    3 I   -3 -2 -3  1 -6  1  6 -4 -3 -1 -2 -2  5 -5 -3 -1 -2 -6 -5 -2    1   1   0   6   0   4  55   1   0   3   4   1  15   0   1   3   2   0   0   3  1.00 inf
    4 W   -3 -7 -8 -9 -7 -7 -7 -7 -2 -7 -6 -8 -6  2 -8 -7 -7 12  2 -7    2   0   0   0   0   0   0   0   1   0   0   0   0   8   0   0   0  83   6   0  4.07 inf
    5 C   -4 -5 -6 -6 -2 -5 -4 -6 -2  0  1 -6  0  6 -6 -5 -4  2  5  2    1   0   0   0   1   0   1   0   1   5  12   0   2  39   0   0   0   2  23  14  1.22 inf
    6 S    0 -4 -2 -4 -4 -3 -3 -4 -4 -3 -1 -4 -1 -5 -2  5  5 -6 -5 -1    5   0   1   0   0   1   1   0   0   1   7   0   2   0   2  42  36   0   0   3  0.98 inf
    7 P    5 -4 -4 -5 -4 -4 -4 -3 -5  0 -2 -4 -2 -3  1  1  1 -6 -4  2   55   0   0   0   0   0   0   0   0   6   2   0   1   1   7   8   7   0   0  13  0.85 inf
    8 Q    1  1  2 -2 -4  2 -1 -3 -2 -3 -3  4 -1 -3 -1  1  0 -5 -2 -2   14   5   9   1   0  11   2   0   0   1   1  30   1   1   2  11   6   0   1   3  0.43 inf
    9 E   -3 -4 -3  2 -8  0  7 -6 -4 -7 -5 -2 -6 -7 -5 -4 -5 -7 -6 -5    2   0   1  12   0   3  80   0   0   0   1   2   0   0   0   0   0   0   0   1  1.97 inf
   10 I   -5 -6 -7 -7  3 -6 -6 -7 -6  3  6 -6  0 -2 -6 -6 -4 -5 -4 -1    0   0   0   0   6   0   0   0   0  18  72   0   1   1   0   0   0   0   0   2  1.49 inf
   11 M    4 -4 -4 -5 -3 -3 -2 -4 -5  1  1 -3  2 -3 -4 -1  0 -5 -4  2   44   0   0   0   0   1   2   0   0   9  14   1   5   1   0   2   4   0   0  17  0.63 inf
   12 A    1 -3  0  1 -3 -1  1  6 -1 -6 -5 -2 -5 -4 -3  0 -3 -5 -5 -4   12   1   4   7   1   2   8  54   2   0   1   2   0   0   1   5   1   0   0   0  0.92 inf
   13 A   -2 -3 -6 -6 -1 -4 -4 -6 -5  2  5 -3  1  0 -5 -4 -2 -5 -2  1    3   1   0   0   1   1   1   0   0  11  64   2   2   2   0   1   1   0   1  10  0.98 inf
   14 D    0 -3 -1  0 -3 -1 -1  0 -3 -2 -3 -1 -4 -5  6  0 -2 -6 -5 -3    9   1   3   6   1   2   5   8   0   3   2   4   0   0  48   6   2   0   0   2  1.00 inf
   15 G   -1 -5  0  0  0 -3 -2  6 -3 -6 -5 -3 -5 -5 -4  0 -3 -6 -3 -5    4   0   3   6   2   1   3  68   1   0   1   1   0   0   0   6   1   0   1   1  1.29 inf
   16 M   -4 -5 -6 -7 -5 -5 -6 -7 -6  0  5 -6  7  2 -6 -5 -3 -5 -4 -1    1   0   0   0   0   0   0   0   0   3  61   0  25   7   0   0   1   0   0   3  1.47 inf
   17 P   -2 -6 -4 -4 -7 -3 -4 -4 -6 -7 -7 -5 -6 -7  8 -2 -5 -7 -7 -6    4   0   1   1   0   1   1   1   0   0   0   0   0   0  88   3   0   0   0   0  2.76 inf
   18 G    0 -1  2 -2 -1 -1 -1  2 -1 -2 -3  1 -2 -4 -2  2  2 -4 -3 -1    7   3   9   1   2   2   3  17   1   2   1  12   1   0   1  16  18   0   0   4  0.28 inf
   19 S   -1 -2 -2  1 -4 -2 -3 -3  0 -5 -3 -3 -4 -3 -4  4  5 -5 -1 -4    4   2   1   7   0   2   0   1   2   0   2   0   0   1   0  33  42   0   2   0  0.97 inf
   20 V    0  2 -2  1 -4  0  2 -3  0 -1 -2  1 -3 -4  3 -1  0 -4 -2  1    8  11   1   7   0   3  13   0   3   4   3  11   0   0  15   3   5   0   1  12  0.26 inf
   21 A   -2  5 -1 -3 -6  5 -2 -3 -1 -3 -5  2 -2 -4 -1  0  0 -5 -4 -4    3  29   3   1   0  31   1   2   1   1   0  11   1   1   2   7   6   0   0   0  0.85 inf
   22 G    0 -1  3 -4 -6 -3 -3  6 -2 -7 -6 -2 -5 -3 -5 -1 -2 -6 -6 -6    7   4  16   0   0   1   1  62   1   0   0   2   0   1   0   4   2   0   0   0  1.30 inf
   23 V   -3 -6 -4 -6 -2 -5 -6 -7 -6  6  1 -6  1 -2 -6 -5 -2 -6 -4  5    1   0   1   0   1   0   0   0   0  40  12   0   3   1   0   0   2   0   0  40  1.26 inf
   24 H   -2  4  4  0 -5  0  0 -2  2 -1 -2 -1 -2 -4 -4  0  1 -3 -3 -3    3  27  20   5   0   4   6   2   5   4   5   2   1   0   0   6  10   0   1   1  0.46 inf
   25 Y   -1  3  0  0 -3  2  1 -2  1 -2  0  3 -2 -1 -4 -2 -2  0  2 -3    4  16   4   4   0   9   7   2   3   2   9  23   1   2   0   2   0   1   9   1  0.31 inf
   26 R   -1  4 -2 -4 -2  1 -2 -4  2 -1  1  3  4 -2 -4 -1 -2  0 -2 -2    4  22   1   0   1   4   0   0   5   3  13  22  14   1   0   4   2   1   1   2  0.47 inf
   27 A    6 -5 -5 -5 -4 -4 -5 -1 -5  0  0 -4 -1 -5 -4 -1 -3 -6 -5 -2   78   0   0   0   0   0   0   4   0   6   8   0   1   0   0   2   0   0   0   2  1.37 inf
   28 N   -2  4  1  0 -5  0  1 -2 -1 -3 -1  4 -3 -4 -4 -1 -1 -5 -2 -3    3  23   5   5   0   3  11   3   1   1   6  30   0   0   0   3   4   0   1   2  0.50 inf
   29 V   -1  5  1 -1 -5  0  1 -3 -1 -4 -3  4 -4 -5 -3  0 -1 -5 -4 -2    5  38   5   3   0   2   7   1   1   1   2  23   0   0   1   5   4   0   0   2  0.70 inf
   30 Q   -2  0  2  0 -5  3  5 -2 -1 -4 -2  0 -2 -5 -2  0 -3 -5 -2 -5    2   5  10   5   0  15  42   2   1   1   4   6   1   0   1   5   0   0   2   0  0.71 inf
   31 G    0 -2  4 -1 -1 -1 -1  5 -1 -5 -4 -1 -2 -5  0  0 -2 -5 -3 -4    7   2  19   2   1   3   4  40   1   0   2   3   1   0   5   8   2   0   1   0  0.64 inf
   32 W   -2 -6 -6 -2 -2 -5 -1 -5 -3 -3 -5 -3 -5 -2 -4 -2 -3 12 -1 -5    3   0   0   3   1   0   4   1   1   1   1   2   0   1   1   3   2  75   1   1  3.21 inf
   33 T   -1  1  0  0 -2  3  2 -2  0 -1  0  1  0 -3  0  0  0 -4 -2 -1    3   7   3   4   1  14  15   1   2   3  12  11   2   0   5   5   5   0   1   4  0.17 inf
   34 K    0  2  0 -1 -1  0  0 -1  1 -3 -2  3 -1  0 -3  2  0  0  0 -2    6  10   3   3   1   2   5   5   3   0   2  22   2   4   0  16   7   2   4   3  0.19 inf
   35 R   -2  7 -2 -5 -2  3 -2 -5  1 -3 -4 -1 -4 -6 -5 -2 -3 -6 -5 -3    3  69   1   0   1  12   1   0   3   1   1   2   0   0   0   2   1   0   0   2  1.59 inf
   36 K   -1  4 -1 -1 -5  3  1 -4 -1 -4 -4  4 -2 -2  1 -1 -3 -5 -4 -4    4  23   1   2   0  13   8   0   1   1   1  32   1   2   6   4   1   0   0   0  0.68 inf
   37 K   -1  7 -4 -4 -6 -1 -2 -5 -2 -2 -4  2 -4 -5 -1 -3 -2 -6 -5  0    5  64   0   0   0   1   2   0   1   2   1  10   0   0   3   1   2   0   0   7  1.29 inf
   38 E    1  1 -1  0 -3  1  2 -3 -1 -1 -1  2  0 -2  0  0  0 -4 -3  0   15   9   2   4   0   8  15   0   1   2   4  12   2   2   4   7   3   0   0   8  0.17 inf
   39 G   -1  0 -2 -2 -5 -1 -4  7 -4 -5 -5 -1 -4 -5 -2 -3 -4 -5 -5 -3    3   6   1   2   0   2   1  73   0   0   1   3   0   0   2   1   1   0   0   2  1.41 inf
   40 V    0  1 -2 -2  0 -1 -1  0 -2  1 -1  0 -1 -2 -1  1  2 -3 -2  3    5   8   1   1   2   3   2   7   0   6   5   7   1   1   2  10  14   0   1  25  0.14 inf
   41 K   -1  2 -1 -1 -3  3 -1  2 -2 -3 -2  3 -2 -3 -1 -1 -1 -2 -2 -1    4  14   2   2   1  15   2  17   1   1   2  21   1   1   3   4   3   0   1   4  0.31 inf
   42 G   -1  2 -1 -1 -2 -1 -1  4  0 -2 -2  0 -2 -2  0  0  0 -2 -2 -2    4  14   2   2   1   3   4  33   3   2   3   6   1   1   4   6   6   0   1   3  0.31 inf
   43 G   -1 -2 -1 -3 -3 -3 -3  6 -3 -4 -4 -1 -3 -4 -2  0 -1 -3 -3 -3    4   2   2   1   0   1   1  66   0   1   2   4   0   1   2   6   3   0   1   1  1.12 inf
   44 K   -2  2  1 -2 -4 -1 -1  1 -3 -2 -4  5 -3 -4  1 -2 -1 -4 -3 -1    1  12   7   1   0   1   4  13   0   3   1  41   0   0   7   2   2   0   0   5  0.58 inf
   45 A    4 -1 -2 -3 -3 -2 -3  3 -3 -2 -1 -1 -2 -3 -1 -1  0 -4 -3  0   39   4   1   1   0   2   1  25   0   2   5   2   0   0   2   3   4   0   0   8  0.47 inf
   46 V   -2  0 -2 -4 -3 -3 -2 -4  0  1  1  0  0  4 -4 -3  0  4  3  1    1   6   1   0   0   0   2   1   2   8  11   6   1  24   0   1   5   7  10  14  0.42 inf
   47 E   -2 -4 -4 -2 -7 -2  7 -6 -4 -6 -3 -1 -5 -3 -5 -4 -3 -6 -5 -4    4   0   0   0   0   0  87   0   0   0   3   2   0   1   0   0   2   0   0   1  1.96 inf
   48 Y   -6 -6 -6 -7 -2 -6 -6 -7 -3 -3 -4 -6 -5  3 -7 -6 -6  3 10 -3    0   0   0   0   1   0   0   0   0   1   1   0   0   9   0   0   0   3  84   1  2.81 inf
   49 D    1 -2 -1 -3 -3 -2  0 -4  9 -4 -2 -3 -4 -4 -1  0 -3 -5 -1 -4   12   1   2   1   1   1   5   0  58   1   3   1   0   0   3   7   1   0   2   1  1.54 inf
   50 V   -3 -4 -6 -6 -4 -5 -5 -6 -5  6  1 -5 -1  2 -2 -5 -3  2  1  3    1   1   0   0   0   0   0   0   0  47  13   0   1   8   2   0   0   3   6  18  0.94 inf
   51 M    1 -1  0  3  0 -2 -1 -1 -1 -3 -4 -1 -2 -4 -2  4  1 -1 -2 -3    9   2   4  18   2   1   2   3   1   1   1   2   1   0   1  39   9   1   1   1  0.53 inf
   52 S   -1 -4  1 -1  5 -3 -3 -3 -4 -1  0 -3 -1 -4 -4  5 -2 -5 -4  0    4   0   7   3  12   0   0   1   0   4  12   0   1   0   0  49   1   0   0   7  0.75 inf
   53 M   -5 -5 -7 -7 -5 -5 -6 -7 -6 -1  6 -6  4  3 -6 -6 -4 -4 -3 -2    0   0   0   0   0   0   0   0   0   2  76   0   9  13   0   0   0   0   0   1  1.54 inf
   54 P   -5 -6 -6 -4 -7 -5 -5 -4  1 -7 -7 -5 -7 -7  9 -3 -5 -8 -7 -6    0   0   0   1   0   0   0   1   4   0   0   0   0   0  91   2   0   0   0   0  2.96 inf
   55 T    1 -1 -1  0 -4  1  3 -3 -2  0  0  0 -1 -3  2 -1  0 -4 -3 -1   13   2   1   6   0   8  21   1   0   5  11   6   1   0  12   3   5   0   1   3  0.24 inf
   56 K    1  0 -1  2 -4  0  4 -1 -1 -2 -3  0 -1 -4  0  0  0 -5 -2  0   11   5   2   9   0   2  36   4   1   2   1   4   2   0   4   4   4   0   1   6  0.39 inf
   57 E    3 -4 -4 -3 -3 -1 -2 -3 -5  2 -2 -4 -1 -4 -3 -2  3 -5 -4  3   29   0   0   1   0   4   2   1   0  12   2   0   1   0   1   1  23   0   0  24  0.62 inf
   58 R   -3  5 -3 -4 -6  7 -1 -5 -1 -3 -2  1 -3 -1 -5 -4 -4 -5 -4 -4    1  30   0   0   0  47   2   0   1   2   5   7   0   2   0   0   0   0   0   1  1.28 inf
   59 E    3  1  1  0 -3  2  1 -2 -1 -2 -1  1 -1 -4 -2  0  1 -4 -3 -2   27   8   6   3   0  12  10   1   1   2   5  10   1   0   1   5   8   0   0   1  0.29 inf
   60 Q    4  1 -2 -2 -4  1  2 -2  1 -2 -2 -1 -2 -4 -3  0 -1 -4  0 -1   40   7   1   1   0   8  16   2   4   1   2   2   1   0   1   5   2   0   4   4  0.44 inf
   61 V   -3 -5 -6 -7 -4 -5 -6 -7 -6  4  6 -6 -1 -2 -6 -4 -4 -5 -2  1    1   0   0   0   0   0   0   0   0  19  69   0   0   1   0   1   0   0   2   7  1.32 inf
   62 I    0  3 -3 -3 -3 -1 -2 -2 -2  2  3 -1  2 -2 -4 -1 -2 -4 -1  0   10  18   1   1   0   3   2   2   1  15  29   2   7   0   0   3   1   0   2   5  0.30 inf
   63 A    1  1 -2 -2 -3 -1  1 -2 -1  0  2  2  0 -1 -3 -1 -1 -1 -2  0   14   8   0   1   0   1  10   2   1   5  23  18   1   2   0   3   3   1   0   7  0.17 inf
   64 H   -1  5 -1 -1 -5  2  0 -4  3 -4 -4  4 -4 -4 -2 -2 -3 -5 -1 -5    5  33   2   3   0   9   5   0   7   1   1  27   0   1   1   2   1   0   2   0  0.79 inf
   65 L    1  0 -3 -1 -1  4  1 -3 -1 -2  1 -2 -1  2 -3  0 -1 -3  1 -2   12   4   0   2   1  26   9   0   1   2  16   0   1   8   0   6   4   0   6   1  0.30 inf
   66 G    4 -4 -2 -3 -3 -3 -3  5  0 -4 -3 -2 -4 -3 -1  0 -1 -5 -4 -2   42   0   1   1   0   0   0  41   2   0   2   1   0   1   2   4   2   0   0   1  0.86 inf
   67 L   -2 -3 -3 -4 -2 -2 -3 -2 -3  2  3 -1  2  1 -1 -1  0 -3 -2  2    0   0   0   0   0   1   0   2   0   9  42   4   7   5   2   5   6   0   0  16  0.32 inf
   68 S    4 -2  1 -1 -2 -1 -1  0 -2 -3 -3 -1 -3 -4 -1  4  0 -4 -3 -2   41   0   9   2   0   0   3   3   0   0   0   2   0   0   2  37   3   0   0   0  0.52 inf
   69 T    0 -2 -1 -2 -2 -1 -1 -2 -2 -2 -2 -1 -2 -3 -2  3  5 -3 -2 -1    0   0   0   0   0   0   0   0   0   0   0   0   0   0   0  27  73   0   0   0  0.71 inf

                      K         Lambda
Standard Ungapped    0.1289     0.3134
Standard Gapped      0.0428     0.2670
PSI Ungapped         0.1385     0.3033
PSI Gapped           0.0428     0.2670
