
Last position-specific scoring matrix computed, weighted observed percentages rounded down, information per position, and relative weight of gapless real matches to pseudocounts
           A  R  N  D  C  Q  E  G  H  I  L  K  M  F  P  S  T  W  Y  V   A   R   N   D   C   Q   E   G   H   I   L   K   M   F   P   S   T   W   Y   V
    1 D   -4 -3  2  7 -6 -2  3 -3 -3 -5 -6 -2 -5 -6 -4 -2 -3 -6 -5 -5    0   0  10  72   0   0  18   0   0   0   0   0   0   0   0   0   0   0   0   0  1.55 inf
    2 K   -2  4 -1  0 -4  2  1 -3  1 -3 -2  5 -2 -4 -1 -1 -1 -4 -3 -3    1  22   1   3   0  10   7   0   4   2   2  41   1   0   2   1   2   0   0   1  0.62 inf
    3 H    0  0  3  3 -1  0  1  1  1 -4 -3  2 -1 -2 -1  0 -1 -4 -1 -3    8   2  15  19   1   1   6  11   4   0   1  20   1   2   1   5   0   0   2   0  0.29 inf
    4 S   -1 -2  0  3 -3 -1  0 -2 -2 -3 -3 -2 -3 -4 -1  4  3 -4 -3 -1    1   1   3  20   0   1   6   0   0   0   1   0   0   0   3  40  19   0   0   5  0.50 inf
    5 D   -2 -1  0  5 -5  0  4 -3 -1 -4 -4 -1 -2 -5  1 -1 -1 -5 -4 -3    1   3   2  41   0   2  31   0   1   0   1   3   1   0   8   3   2   0   0   1  0.79 inf
    6 E    0  0 -1  2 -4  2  5 -1 -1 -4 -4  2 -3 -4 -3  0 -2 -4 -3 -3    7   2   1  11   0   8  47   4   1   0   0  13   0   0   0   4   1   0   0   1  0.65 inf
    7 Y   -4 -2 -3 -4 -5 -1 -1 -5  3 -4 -4 -2 -3  0 -5 -4 -4  2  9 -4    0   2   1   0   0   3   5   0   7   0   0   2   0   0   0   0   0   2  77   0  1.84 inf
    8 K   -2  4 -2 -3  3 -1 -1 -4  0 -1 -1  1 -1 -1  1 -1 -2  6  0 -1    1  34   0   0   8   0   3   0   2   4   4  10   1   3   7   3   1  12   3   4  0.50 inf
    9 I   -1  2 -1  1 -4  4  3 -3 -1 -2 -1  1  0 -4 -3 -1 -1 -4 -3 -1    3  13   1   8   0  26  23   0   1   2   6   7   3   0   0   2   2   0   0   4  0.42 inf
   10 R   -2  6 -2 -3  0 -1 -2  0  1 -3 -3  3 -2 -4 -4 -2 -2 -4 -3 -4    1  56   0   0   3   0   0   7   4   1   2  23   1   0   0   1   1   0   0   0  0.93 inf
   11 R    0  7 -1 -4 -5 -1 -2 -4 -2 -5 -3  0 -3 -5 -4 -2 -1 -5 -4 -4    7  83   2   0   0   0   0   0   0   0   2   1   0   0   0   1   3   0   0   0  1.52 inf
   12 E    1  2 -1  1 -4  0  4 -3  0 -2 -3  1  0 -4 -3 -1 -1 -4 -2 -2   15  16   1   6   0   1  42   0   2   2   1   7   3   0   0   0   2   0   1   2  0.50 inf
   13 R   -3  6 -2 -3 -5 -1 -2  0 -2 -5 -3  3 -3 -5 -4 -2  0 -5 -4 -4    0  63   0   0   0   0   0   8   0   0   1  21   0   0   0   0   7   0   0   0  1.10 inf
   14 N   -4 -3  8 -1 -5  1 -2 -3 -2 -6 -6 -2 -4 -6 -4 -2 -2 -6 -4 -5    0   0  93   0   0   7   0   0   0   0   0   0   0   0   0   0   0   0   0   0  2.02 inf
   15 N   -4  1  8 -1 -5 -2 -2 -3  3 -6 -6 -1 -4 -5 -4 -2 -2 -6 -4 -5    0   7  84   0   0   0   0   0   7   0   0   2   0   0   0   0   0   0   0   0  1.73 inf
   16 I   -1 -2 -2  1 -3  1  2 -3 -2  3  0 -1  3 -2  1 -2 -1 -3 -2  1    6   0   0   7   0   5  19   1   0  27   4   2  11   0   7   0   0   0   0   9  0.23 inf
   17 A    6 -1 -3 -4 -2 -3 -3 -2 -4 -3 -3 -3 -3 -4 -3  0 -2 -5 -4  0   86   3   0   0   0   0   0   0   0   0   0   0   0   0   0   4   0   0   0   6  1.12 inf
   18 V    3  1 -3 -4  0 -2 -3 -3 -3  0  0 -2 -1 -3 -3  0 -1 -4 -3  4   32  10   0   0   2   0   0   0   0   1   7   0   0   0   0   7   0   0   0  40  0.42 inf
   19 R   -1  5  0 -2 -4  1 -1 -1 -1 -4 -2  4 -2 -4 -3 -2 -2 -4 -3 -3    6  47   3   0   0   3   0   3   1   0   4  29   0   0   0   0   2   0   0   0  0.77 inf
   20 K   -2  5 -2 -2 -5  1  1 -3 -1 -4 -4  5 -3 -4 -3 -2 -2 -4 -3 -3    0  30   0   0   0   4   8   0   1   0   0  52   0   0   0   0   0   0   0   2  0.95 inf
   21 S    1 -2 -1 -2  5 -2  1 -2 -3 -3 -3 -1 -3 -2 -3  5  0 -4 -3 -3    7   0   0   0  16   0  11   0   0   0   0   3   0   1   0  56   4   0   0   0  0.72 inf
   22 R    0  8 -3 -4 -5  0 -1 -5 -3 -5 -5 -1 -4 -5 -4 -3 -4 -5 -4 -5    7  84   0   0   0   3   3   0   0   0   0   0   0   0   0   0   0   0   0   0  1.82 inf
   23 D    0 -1 -1  4 -4  1  3 -3 -2 -2 -2  0  0 -2 -3  0  1 -4 -2 -2    8   1   0  27   0   7  24   0   0   2   4   6   4   1   0   3   8   0   1   2  0.39 inf
   24 K    1  2  1 -3 -4  1 -1 -3 -3 -3 -3  5 -1 -5 -3  0 -1 -5 -4 -4   12   9   7   0   0   6   1   0   0   2   1  52   1   0   0   7   2   0   0   0  0.73 inf
   25 A    3  5 -1 -3 -4 -2 -2 -3 -3 -4 -4  3 -3 -1 -3  1  0 -5 -4 -3   33  31   3   0   0   0   0   0   0   0   0  18   0   3   0   8   5   0   0   0  0.70 inf
   26 K   -4  5 -3 -4 -6 -2 -2 -5 -3 -1 -5  6 -4 -6 -4  0 -3 -6 -4 -4    0  36   0   0   0   0   0   0   0   5   0  53   0   0   0   6   0   0   0   0  1.36 inf
   27 M    1  2 -1 -2 -3  3  0  0 -1 -1  0  1  2  0 -3 -1 -1 -3 -1 -1   12  14   1   0   0  17   6   6   1   3  11   7   9   3   0   1   2   0   1   4  0.17 inf
   28 R    0  5  1 -3 -5  0  0 -4 -3 -2 -1  4 -3 -4 -4 -2 -3  2 -3 -2    7  34   6   0   0   3   5   0   0   2   7  30   0   0   0   0   0   4   0   2  0.68 inf
   29 N    0 -2  3  1 -3  1  2 -3  2  0 -1  0  0  0 -3  0  0 -4 -2 -1    6   0  17   6   0   7  19   0   5   5   4   4   4   5   0   7   6   0   0   5  0.20 inf
   30 L    0  1  1  0 -3  2  1 -3 -2  0  1  0  2 -2 -3  0  0 -3 -2  0    6   8   7   5   0  11  11   0   0   8  12   6   8   0   0   4   4   0   0   6  0.10 inf
   31 E    0 -1 -1  1 -5  2  5 -3  1 -2 -1 -2  1 -4 -4 -1 -2 -5 -1 -2    6   2   1   8   0  10  41   1   3   3   5   0   5   0   0   4   1   0   2   2  0.50 inf
   32 T   -1  1 -2 -1 -3 -3 -2 -4 -4  2  1 -3  4 -3 -4 -2  4 -4 -1  0    5   8   2   4   0   0   2   0   0  14  12   0  13   0   0   0  32   0   2   5  0.45 inf
   33 Q    1 -2 -2 -1 -4  4  3 -2  0 -2 -1  0 -1 -2 -2  0 -1 -4 -2 -2   14   0   0   2   0  25  21   3   2   1   5   5   1   2   1   7   3   0   1   1  0.37 inf
   34 H   -2  1 -1  1 -2  4  1 -2  1 -1  0  1  1 -1 -3 -1 -1 -1 -3 -1    2  10   2   7   1  22  10   3   4   3  10   6   5   2   0   4   3   1   0   5  0.21 inf
   35 K   -1  6 -1 -2 -6  1  0 -5 -3 -5 -3  4  0 -6 -4 -3 -4 -6 -5 -5    5  46   2   2   0   4   5   0   0   0   3  31   2   0   0   0   0   0   0   0  1.15 inf
   36 V    3 -4 -4 -2  2 -4 -2 -4 -5  0  1 -4  1 -3 -4 -2 -1 -5 -4  4   30   0   0   2   4   0   2   0   0   2  14   0   4   0   0   2   2   0   0  38  0.65 inf
   37 L    1 -1  2  0 -1  1  1 -1 -1  0  0  1  0 -2 -3  0  0 -4 -1  0   12   2  10   5   1   5  13   2   1   4  12  12   3   0   0   5   6   0   1   6  0.10 inf
   38 E   -2  1 -1  0 -5  4  4 -3  0 -3 -2 -1  1  1 -4 -2 -1 -4  1 -3    3   6   3   3   0  18  34   1   2   1   4   2   4   6   0   2   4   0   5   1  0.52 inf
   39 L   -3 -2 -7 -7 -5 -5 -6 -7 -1 -2  6 -6  0 -1 -6 -6 -5 -5  0 -2    2   3   0   0   0   0   0   0   2   0  85   0   2   2   0   0   0   0   4   2  1.59 inf
   40 T   -1  2 -2 -2 -4  1  4 -2  0 -2 -2  1 -1 -4 -3  1  1 -4 -1 -2    4  10   1   0   0   4  34   2   2   3   5   9   2   0   0  13   7   0   2   3  0.42 inf
   41 A    1  2  0  0 -4  3  2 -1  0 -3 -3  2  0 -4 -3  0  0 -4 -3 -2   13  11   4   3   0  14  15   3   2   1   1  15   3   0   0   5   4   0   0   2  0.33 inf
   42 E   -3 -2 -2  2 -7 -1  7 -5 -4 -6 -6  0 -5 -7 -5 -2 -3 -6 -6 -6    1   1   1   9   0   2  76   0   0   0   0   6   0   0   0   2   1   0   0   0  1.76 inf
   43 N   -5 -3  9 -3 -6 -4 -4 -5 -4 -6 -7 -1 -6 -1 -6 -3 -2 -7 -6 -3    0   1  86   0   0   0   0   0   0   0   0   3   0   3   0   0   2   0   0   2  2.40 inf
   44 E    1 -2 -1  2 -2  2  4 -3  2 -1 -2  0  1 -4 -3  0 -1 -5 -2 -2   11   1   2  13   1  10  29   1   5   4   2   4   5   0   0   5   2   0   1   3  0.40 inf
   45 R    0  3  1 -1 -2  2  0 -3 -1  0 -1  2  0 -2 -3 -1  0 -2 -3  0    9  21   7   2   0  10   5   1   1   6   5  14   2   1   0   3   5   1   0   8  0.24 inf
   46 L   -5 -6 -7 -7 -5  0 -6 -7 -7 -1  7 -6 -2 -3 -7 -6 -5 -6 -5 -3    0   0   0   0   0   4   0   0   0   2  93   0   0   0   0   0   0   0   0   0  1.93 inf
   47 Q   -4  5 -2 -3 -6  3  2 -5  3 -3 -3  3 -4 -6 -5 -3 -1 -6 -4 -3    0  38   1   0   0  13  13   0   7   1   3  19   0   0   0   0   3   0   0   1  0.98 inf
   48 K    2  1  1 -1 -4  2  1 -2 -3 -3 -2  3  0 -4 -3 -1  0 -5 -4 -1   19   7   7   2   0  11   9   2   0   1   3  22   3   0   0   3   6   0   0   5  0.32 inf
   49 K   -2  4 -3 -3 -5  4  3 -4  0 -3 -2  4 -3 -5 -4 -3 -1 -5 -1 -3    3  21   0   0   0  18  17   1   2   2   3  27   0   0   0   0   4   0   2   1  0.72 inf
   50 V   -2 -5 -6 -6 -1 -5 -5 -6 -6  5  1 -5  1 -3 -5 -4 -3 -5 -4  6    2   0   0   0   1   0   0   0   0  33   8   0   2   0   0   1   0   0   0  51  1.26 inf
   51 E    1  0  0  2 -4  0  4 -1  0 -2 -3  1 -2 -3 -3  0 -1 -4 -2 -2   12   6   5   9   0   3  33   4   2   3   2   6   1   1   0   7   4   0   1   2  0.35 inf
   52 Q    0  0  0 -1 -4  4  1 -2  2 -1  1  0  2 -2 -3 -1  0 -4 -3 -1    6   4   4   3   0  24  10   3   5   4  14   3   6   2   0   4   5   0   0   4  0.25 inf
   53 L   -4 -5 -6 -6 -4 -2 -5 -6 -5 -1  6 -3  3 -3 -6 -3 -4 -5 -2 -1    0   0   0   0   0   2   0   0   0   2  81   2   8   0   0   2   0   0   1   2  1.47 inf
   54 S   -2  2  1 -2 -4  1  2 -1 -1 -3 -3  2 -2 -4 -3  1  4 -4 -2 -3    1  12   8   0   0   6  15   3   1   1   1  14   1   0   0   8  26   0   2   1  0.45 inf
   55 R   -1  3  2  0 -5  3  1 -3  0 -5 -4  4 -1 -5 -4 -1 -2 -5 -4 -3    5  16   8   5   0  16   8   1   2   0   0  32   2   0   0   2   1   0   0   1  0.67 inf
   56 E   -3 -3 -1  1 -7  2  7 -4 -4 -6 -4 -2  0 -6 -5 -3 -4 -6 -5 -4    1   1   3   7   0   7  74   1   0   0   2   1   3   0   0   0   0   0   0   1  1.60 inf
   57 L   -1 -4 -1 -5 -1 -4 -5 -5 -5  1  4 -4  1  0 -5 -3  0 -4 -3  3    5   0   4   0   1   0   0   0   0   7  51   0   2   3   0   1   7   0   0  18  0.71 inf
   58 S    1 -1  1  2 -1  2  1  0 -1 -3 -3  0  0 -4 -3  2  1 -4 -3 -2   11   2   8  13   1   9  10   6   1   1   1   6   3   0   0  15  10   0   0   2  0.25 inf
   59 T    0  1 -1 -2 -2  1  0 -1  0 -1  0  1  0  1 -3  0  1 -3  1  1    6  10   2   0   1   5   7   4   2   1   9   8   2   7   0   7  10   0   5  13  0.06 inf
   60 L   -4 -5 -6 -6  1 -5 -6 -6  0 -1  6 -5  3  1 -6 -4 -3 -4  1 -2    1   0   0   0   3   0   0   0   3   2  73   0   7   5   0   1   1   0   5   1  1.24 inf
   61 R   -4  6 -4 -4 -7 -1 -2 -5  0 -6 -6  6 -5 -6 -5 -3 -3 -6 -5 -6    0  47   0   0   0   1   2   0   2   0   0  46   0   0   0   1   1   0   0   0  1.69 inf
   62 N    0  0  3  3 -1  2  1  1  2 -4 -3 -1 -2 -2 -3  1 -1 -4 -2 -3    9   3  14  15   1  12  10  10   5   0   1   1   0   2   0  10   4   0   1   0  0.33 inf
   63 L   -3 -1 -5 -5  0 -1 -4 -5 -4  3  4 -1  4  2 -5 -4 -3 -1 -1  0    1   3   0   0   2   3   0   0   0  21  40   4  11   8   0   0   0   1   1   4  0.68 inf
   64 F   -5 -5 -6 -7 -5 -6 -6 -6 -4 -1  4 -6 -2  7 -6 -5 -4 -3  2 -1    0   0   0   0   0   0   0   0   0   2  42   0   0  48   0   0   0   0   5   3  1.48 inf
   65 K    0  2 -2 -3 -3 -1 -1 -1  0  0 -1  2  4 -3 -3  2 -1 -4 -3  0    7  13   0   0   0   0   1   3   2   4   4  19  16   0   0  24   2   0   0   5  0.31 inf
   66 Q   -3  0 -2 -3 -5  8  0 -4 -2 -5 -5  3 -3 -6 -4 -2 -3 -5 -4 -5    0   3   0   0   0  76   3   0   0   0   0  18   0   0   0   0   0   0   0   0  1.65 inf

                      K         Lambda
Standard Ungapped    0.1254     0.3114
Standard Gapped      0.0497     0.2670
PSI Ungapped         0.1627     0.3060
PSI Gapped           0.0497     0.2670
