
Last position-specific scoring matrix computed, weighted observed percentages rounded down, information per position, and relative weight of gapless real matches to pseudocounts
           A  R  N  D  C  Q  E  G  H  I  L  K  M  F  P  S  T  W  Y  V   A   R   N   D   C   Q   E   G   H   I   L   K   M   F   P   S   T   W   Y   V
    1 M   -6 -7 -8 -9 -7 -6 -7 -8 -7  0 -3 -7 11 -5 -8 -7 -6 -7 -6 -4    0   0   0   0   0   0   0   0   0   4   0   0  96   0   0   0   0   0   0   0  3.79 inf
    2 Q   -1  1  2  3 -5  3  2 -1  2 -3 -3  1 -3 -4 -1 -1 -2 -5 -1 -2    4   7  10  15   0  14  16   3   6   2   3  10   0   0   2   2   1   0   2   4  0.37 inf
    3 H   -1  3  3  0 -5  1  0 -2  5 -2 -1  0 -3 -3 -1 -1 -1 -5 -1 -2    5  15  17   6   0   8   4   3  15   2   6   4   0   1   3   3   4   0   2   2  0.38 inf
    4 W    0 -3 -4 -4 -4  0 -2 -6  0 -2  0 -5 -5  2 -7 -6 -5 11 -2  0    7   1   1   1   0   5   3   0   2   3  10   0   0   8   0   0   1  50   1   6  2.00 inf
    5 L   -2  3 -5 -2 -3  2 -4 -5 -2  1  3 -1  2  4 -4 -4 -3  2 -2 -2    3  14   0   2   1   9   0   1   1   6  30   4   5  18   0   1   1   2   1   2  0.55 inf
    6 D   -1  2  1  4 -3  3  4 -1  1 -6 -5 -2 -5 -6 -4 -2 -2 -6 -4 -6    5  11   5  22   1  11  31   5   3   0   1   1   0   0   1   1   3   0   1   0  0.79 inf
    7 K   -1  1  0  3 -2  1  2 -2 -2 -2 -2  1 -3 -1 -2  1  0 -5  0 -4    6   8   3  20   1   7  13   3   0   2   4   8   0   3   2   9   6   0   4   0  0.29 inf
    8 L   -3 -2 -7 -7 -1 -1 -6 -7 -3  2  5 -5  2  4 -7 -4 -4 -2  2  0    2   2   0   0   1   3   0   0   1   9  45   0   5  18   0   1   1   1   6   6  0.93 inf
    9 T   -3 -2 -4 -4 -3 -1 -1 -6 -3  4  3 -3  0 -2 -3 -2  2 -5  0  1    1   2   0   1   0   2   4   0   1  25  32   2   2   1   1   3  11   0   3   7  0.57 inf
   10 D   -1  0 -1  5 -5  2  2 -2  2 -5 -4 -3 -2 -4  0  1 -2 -7 -5 -5    4   5   3  34   0   9  13   3   5   0   1   1   1   1   4  12   2   0   0   0  0.71 inf
   11 L    1  1 -3 -3  2  2  0 -2 -2  1  2  0  2  2 -4 -1 -1 -4 -2 -2   12   7   1   1   4  11   6   3   1   7  19   5   5  11   0   3   3   0   1   2  0.19 inf
   12 A    1 -3 -2 -1 -2 -1 -2 -3  0  1  2 -3  0  3 -3  1  1 -4 -2  0   11   0   2   3   1   3   2   1   2   7  25   1   2  12   1  10  10   0   1   5  0.24 inf
   13 A    2 -1  1  1 -1  2  2 -2  0 -4 -1 -2  0 -4 -3  2  1 -5 -2 -2   18   2   6   9   1  10  15   2   2   0   6   1   2   0   1  13   8   0   1   2  0.29 inf
   14 I    2  0 -1 -1  0  1  0  0  0  1 -1 -1  1 -3 -3  1  0 -4 -2  0   19   6   3   3   2   6   5   9   2   8   7   2   4   1   1  10   7   0   1   6  0.10 inf
   15 E    4 -3 -2 -2 -2  0  2 -3 -1 -1 -2 -2  0 -5 -1  1  0 -5 -5  0   35   1   1   2   1   4  16   1   2   3   4   2   2   0   4  11   5   0   0   6  0.45 inf
   16 G    0  1  1  0 -2  1  0  1  3 -3 -3  2 -2 -2 -2  1  1 -4 -3 -2    7   6   7   5   1   7   4  10   8   1   2  12   1   1   1  13  10   0   0   3  0.21 inf
   17 D   -2 -2  1  6 -2 -1  0 -2 -1 -1 -4 -2 -3 -5 -4  2  2 -6 -5 -2    3   2   5  38   1   2   5   2   1   5   2   2   1   0   1  15  12   0   0   3  0.72 inf
   18 E    0 -1  0  0 -2  1  5 -2 -1  0 -2 -2 -2 -5  0  0 -1 -6 -4 -1    9   3   3   4   1   5  38   3   1   6   5   2   1   0   5   8   3   0   0   4  0.49 inf
   19 C    1  2 -1  3  0  2  1 -2  1 -4 -4 -1 -3 -2 -1  1  1 -4 -2 -2   11  12   2  18   2  10  10   2   4   0   1   3   0   2   2   9   7   0   2   3  0.31 inf
   20 I    1 -2 -2  3 -5  2  2 -3 -1  1 -2 -2  1 -5 -4  0  1 -1 -4  0   14   2   1  15   0  10  13   1   1   7   4   1   3   0   0   8  10   1   0   6  0.31 inf
   21 L   -1 -7 -7 -7 -5 -6 -6 -6 -7  4  4 -7  0  2 -7 -5 -3  2  0  3    5   0   0   0   0   0   0   1   0  18  39   0   1   7   0   0   1   3   4  20  0.98 inf
   22 K   -2  2 -2 -3 -1  1  0 -3  1 -1 -1  3 -3  5 -4 -1 -1 -4  1 -2    3  11   2   1   1   6   5   1   4   3   7  16   0  24   1   3   4   0   5   3  0.43 inf
   23 T    1  2  2  2 -3  2  3 -1  0 -3 -4 -1 -4 -4 -3  1  1 -6 -5 -3   13  10   9  10   0   9  17   4   2   1   1   2   0   1   1  10   8   0   0   2  0.36 inf
   24 G    2  0 -2 -3  1  1  0 -1  1  0  2 -1  0  0 -4  0  0 -3  1  0   18   5   1   0   3   6   7   4   3   6  19   2   2   3   0   6   5   0   4   6  0.12 inf
   25 L   -2 -7 -8 -8 -2 -7 -6 -6 -7  3  5 -7  3  2 -7 -7 -3 -6 -5  1    3   0   0   0   1   0   0   0   0  16  55   0   6   7   0   0   1   0   0  10  1.26 inf
   26 A    1  0  0  1 -1  2  2  0  0 -2 -2  1 -3 -3 -3  0  0 -5 -4 -1   15   5   4   7   2  10  15   7   2   2   5   7   0   1   1   7   5   0   0   5  0.18 inf
   27 D    0  4  1  1 -5  1  0  0  1 -4 -3  1 -2 -4 -2  1  0 -5 -2 -3    9  20   8   8   0   7   6   7   3   1   2   8   1   0   1  10   6   0   1   1  0.32 inf
   28 I    2 -2 -4 -4  1  1 -1 -4  0  1  2 -1  0  3 -4 -2 -1 -4  0  1   17   2   0   0   3   7   4   0   3   8  19   3   2  15   0   3   4   0   3   8  0.29 inf
   29 A    4 -4 -5 -6  2 -5 -5 -1 -6  1  1 -4 -3  0 -5  0  3 -6 -4  0   37   1   0   0   3   0   0   4   0   6  11   0   0   3   0   8  17   0   0   7  0.65 inf
   30 D    1  2  0  1 -3  3  2 -1  2 -4 -1  1 -4 -3 -4  0 -2 -3 -1 -3   10  12   4   6   1  13  12   6   6   1   6   8   0   1   0   8   2   0   2   2  0.29 inf
   31 H    2  2  0  0 -4  2  2 -1  3 -4 -2  0 -3 -5 -4  1 -1 -5 -1 -3   20  12   5   6   0   9  12   3   7   1   4   5   0   0   0   9   3   0   2   1  0.34 inf
   32 F   -4 -6 -5 -7  2 -3 -4 -7 -1 -1  5 -7  3  4 -7 -5 -5  2  4 -3    1   0   1   0   4   1   1   0   2   3  48   0   6  15   0   1   1   2  12   1  1.14 inf
   33 G   -5 -3 -2  1 -8 -4  2  7 -4 -9 -9 -4 -8 -6 -7 -3 -7 -8 -6 -8    1   1   2   7   0   1  11  74   0   0   0   1   0   0   0   2   0   0   0   0  1.93 inf
   34 F   -7 -6 -5 -1  1 -5 -5 -5 -2 -2  0 -8 -1  8 -5 -4 -7 -5  4 -4    0   0   1   4   3   1   1   1   1   2   8   0   1  60   1   1   0   0  13   1  1.90 inf
   35 T   -3  0 -1  5 -4  0  3 -3  0 -3 -3 -2 -5 -1  1  1  0 -7 -4 -3    2   6   2  29   0   4  20   2   2   1   3   1   0   4   7   9   6   0   0   2  0.59 inf
   36 G    0  1  0 -5  1 -2 -2  0  4 -4 -4 -1 -2  2 -6 -1 -1  3  6 -4    7   8   4   0   3   1   2   7  10   1   2   4   1   7   0   4   4   4  29   1  0.75 inf
   37 Y   -3 -6 -8 -8  6 -7 -8 -7  0  0 -1 -7 -4  6 -8 -5 -5  1  6  0    2   0   0   0  13   0   0   0   2   4   5   0   0  33   0   1   1   2  28   7  1.65 inf
   38 A    6 -2 -6 -5  2 -6 -6 -4 -2  1  0 -6  2 -1 -6  1 -3 -7 -6 -2   55   2   0   0   3   0   0   1   1   7   7   0   5   3   0  11   1   0   0   2  1.05 inf
   39 Y   -3 -8 -8 -8 -3 -7 -8 -6 -3  1 -2 -7  0  4  2 -5 -5 -4  8  0    3   0   0   0   1   0   0   1   1   7   4   0   2  12  10   1   1   0  53   6  1.80 inf
   40 L    1 -4 -5 -6 -4 -3 -4  0 -1  1  3 -5  2  1 -5 -1  1  0 -2  2   11   0   0   0   0   1   1   7   2   6  31   0   4   6   0   6  10   2   1  13  0.43 inf
   41 H   -1 -1  0 -3 -5  0 -3  0  0  1 -4 -3  0 -6  5  2  0 -7 -4  0    5   3   5   1   0   4   2   8   2   7   1   2   3   0  31  13   5   0   1   6  0.60 inf
   42 I   -2 -5 -4 -6 -1 -3 -5 -5 -5  3  3 -3  3  3 -3 -4  0 -5 -4  2    4   1   1   0   1   1   1   1   0  17  29   2   8  14   1   1   6   0   0  13  0.68 inf
   43 Q   -1  0  2 -2 -5  2 -2 -3  0 -4 -3 -3 -1 -7  4  2  3 -7 -6 -3    5   5  10   2   0   8   3   1   3   1   3   1   1   0  21  17  18   0   0   2  0.61 inf
   44 H   -1  5  1 -1 -5  1 -1 -1  3 -6 -5  3 -4 -5  2  0 -2 -7 -2 -5    5  26   6   3   0   6   4   5   6   0   1  17   0   0   9   7   2   0   1   0  0.59 inf
   45 R   -1  2 -2 -2 -7  0 -1 -1 -1 -7 -4  2 -6 -3  6  0 -1 -8 -5 -5    4  10   2   3   0   4   3   6   2   0   2  10   0   1  42   8   4   0   0   1  0.97 inf
   46 H   -1  3  1  2 -3  1  1  0  4 -6 -5  3 -2 -5  0  0 -1 -6 -4 -5    4  14   6  12   0   6   7   7   9   0   1  19   1   0   4   6   3   0   0   1  0.48 inf
   47 I   -1 -3 -2 -5 -2 -3 -3 -5  0  3  0 -3  2  0  3  0  2 -3 -1  3    5   1   2   0   1   1   2   0   2  16   8   1   4   4  14   8  13   0   2  18  0.40 inf
   48 T    0  1 -2 -3 -1 -1 -1 -4  1  1  1 -2  0  2 -4  1  1 -2  0  2    9   8   1   1   1   2   4   1   3   9  11   2   1   8   0  12   9   0   4  14  0.15 inf
   49 A    0 -4 -3 -5  0 -3 -4 -3 -6  4  3 -4  3 -1 -5 -4  0 -1 -3  2    7   1   2   1   2   1   1   2   0  23  30   1   8   2   0   1   6   1   0  12  0.64 inf
   50 V   -1 -1 -5 -5 -2 -1 -2 -6  2  4  2 -3  1  3 -6 -3 -3  0  1  2    6   3   0   0   1   3   3   0   4  21  19   1   4  13   0   1   1   1   5  12  0.50 inf
   51 T   -2 -4  5  0 -1 -3 -3 -1 -1 -5 -3 -3 -4 -7 -5  5  3 -4 -6 -2    2   1  23   5   2   1   1   4   1   1   3   2   0   0   0  37  14   0   0   3  0.91 inf
   52 N   -3 -2  7 -1 -4 -2 -5  0  0 -8 -8 -3 -5 -8 -7  1  4 -9 -5 -7    2   2  50   3   0   2   0   7   2   0   0   1   0   0   0  10  21   0   0   0  1.51 inf
   53 Y   -6 -9 -3-10  2 -8 -9-10 -1 -8 -3 -9 -7  2-10 -8 -6  7  9 -8    1   0   2   0   4   0   0   0   1   0   3   0   0   6   0   0   0  12  71   0  2.98 inf
   54 H   -4 -5 -8 -3 -9 -6 -8 -5  1-10 -8 -7 -9-10  9  0 -8-10 -9 -9    2   1   0   2   0   0   0   1   3   0   0   0   0   0  83   7   0   0   0   0  2.87 inf
   55 R    1  0 -1  3 -6  2  2 -2 -4 -4 -3  1  0 -6  2  0 -1 -6 -3 -3   13   5   3  18   0   9  15   2   0   1   2   7   2   0  10   5   3   0   1   2  0.41 inf
   56 Q    2 -1 -3  2 -4  1  5  0 -2 -5 -5 -2 -6 -7 -1  1 -3 -7 -6 -4   19   4   1  11   0   5  33   8   1   0   1   2   0   0   3  10   2   0   0   1  0.69 inf
   57 W  -10-11-12-12-10-10-11-11-10-10 -4-11 -9 -3-12-11-10 13 -2-11    0   0   0   0   0   0   0   0   0   0   2   0   0   1   0   0   0  96   1   0  5.40 inf
   58 Q   -2  2  0 -4  0  4 -3 -5 -3 -1  1 -1  3  2 -6 -3  0 -3 -3  3    3  12   5   1   2  17   1   1   0   2  14   3   7   8   0   1   5   0   1  17  0.43 inf
   59 S    1  2  0  3 -6  2  3 -3 -2 -6 -5  2 -2 -7 -5  1  0 -7 -6 -5   11   9   4  15   0   9  19   2   1   0   1  11   1   0   0  11   6   0   0   0  0.56 inf
   60 T   -1  5 -4 -4 -3  1 -3 -6  7  1  0 -1 -2 -3 -7 -3 -1 -4 -1 -2    5  30   0   1   1   6   1   0  23   9   8   3   1   1   0   2   5   0   2   3  0.94 inf
   61 Y   -9 -9-10-11 -1 -9-10-11 -6 -9 -9 -6 -8 -3-11 -7 -9 -5 11 -9    0   0   0   0   1   0   0   0   0   0   0   0   0   0   0   0   0   0  97   0  4.13 inf
   62 F   -1  1 -2  2 -4  3 -1 -4 -2 -1  1  0  0  2 -5 -1  0 -2 -2  0    5   7   1  10   0  16   4   0   1   3  15   5   2  10   0   3   6   0   1   7  0.25 inf
   63 D    2  2 -2  1 -6  3  4 -2 -3 -6 -5  1 -3 -7 -5  1 -2 -7 -6 -4   19  10   2   7   0  12  24   3   1   0   1   8   1   0   0   9   2   0   0   1  0.63 inf
   64 K    1  2  4 -3 -3  3  3 -3  1 -6 -2  1  0 -4 -6  0 -4 -7 -5 -5   11  12  16   1   1  15  18   2   4   0   4   7   3   1   0   6   1   0   0   0  0.58 inf
   65 K   -4  2  6  1 -8  1 -3  3  4 -8 -8  0 -7 -8 -7 -1 -5 -8 -7 -8    2  12  32   6   0   6   1  23   8   0   0   6   0   0   0   3   0   0   0   0  1.11 inf
   66 F   -7 -8 -9-10 -9 -8 -9-10  0 -7  0 -6  1  5-10 -7 -8 -5  9 -5    0   0   0   0   0   0   0   0   2   0   9   0   3  18   0   0   0   0  67   1  2.76 inf
   67 E    1 -3 -3  0 -4  3 -1 -4  3  1  1 -3  1  3 -4 -1 -3 -3  2  1   10   1   1   6   0  12   3   1   8   7  12   1   4  11   0   5   1   0   6   9  0.28 inf
   68 A    2  3  0  1 -3  0  1 -3  4 -3  0  0 -2 -1 -4 -1 -1 -4  0 -3   20  15   4   8   0   4   9   1   9   1   9   5   1   3   1   4   3   0   3   2  0.28 inf
   69 L   -4 -1 -4 -3  0 -1 -6 -5  2  6 -1 -3 -3 -2 -7 -4 -1 -7 -3  3    1   3   1   2   2   3   0   1   4  47   5   2   0   1   0   1   4   0   1  20  1.10 inf
   70 D   -6 -9 -3  9-11 -7 -5 -7 -8-10-11 -8-10-11 -9 -3 -8-11-10-10    1   0   1  96   0   0   0   0   0   0   0   0   0   0   0   3   0   0   0   0  3.33 inf
   71 P   -7 -7 -9 -9-10 -9 -8 -7-10-10-10 -8-10-11  9 -4 -8-11-10-10    0   0   0   0   0   0   0   0   0   0   0   0   0   0  97   1   0   0   0   0  3.68 inf
   72 V   -2 -6 -8 -8 -3 -8 -8 -9 -8  4 -3 -8 -3 -6 -8 -4  3 -8 -5  7    3   1   0   0   1   0   0   0   0  17   2   0   0   0   0   1  15   0   0  60  1.73 inf
   73 V   -3 -6 -8 -8 -6 -8 -8 -7 -2  5  2 -8 -2 -3 -2 -7 -5 -8 -6  6    2   0   0   0   0   0   0   0   1  26  19   0   1   1   2   0   0   0   0  46  1.48 inf
   74 K    1  4 -1 -1 -4  3 -2 -4  1  0  0  3 -1 -4 -5 -1  0 -2 -3 -3   11  22   2   3   0  12   2   1   3   5   9  16   2   1   0   3   5   1   1   1  0.43 inf
   75 R   -1  3 -2 -3 -2  1 -1 -5  7 -4 -1  0  1 -3  0 -3  0 -1  1 -4    6  17   2   1   1   6   5   0  27   1   6   5   3   1   6   2   7   1   5   1  0.74 inf
   76 A    4 -6 -5 -6  7 -5 -1  3 -7 -3 -2 -6 -2 -7 -4  1 -2 -7 -7 -2   33   0   0   0  20   0   5  18   0   2   4   0   1   0   1   9   3   0   0   3  1.02 inf
   77 R   -1  4  2 -5 -2  1 -4 -3  1 -1  1  2  3  1 -2 -2 -2  0 -4 -3    6  21   9   0   1   6   0   1   3   4  16  13   6   5   2   3   2   1   0   1  0.38 inf
   78 S   -1  4  1 -3 -1  1 -2 -2  3 -3 -2  1  0  1 -5  1  1 -6 -3 -2    5  24   7   1   1   7   2   3   6   1   4   8   2   6   0  11   8   0   1   4  0.37 inf
   79 R   -2  3 -1 -3  1  2 -3 -1  1 -2 -1 -1 -2 -5 -2  4  1 -5 -2 -5    2  14   3   1   3   8   1   5   3   3   5   4   1   0   2  35   7   0   1   0  0.54 inf
   80 K   -1  0 -2 -2 -1  2 -2 -1 -1  0  0 -1  2 -2 -1  1  2 -2 -2  1    3   6   2   2   1   9   2   4   1   6   8   4   6   1   3  12  16   0   1  11  0.16 inf
   81 H    0  2  0 -1 -2  1  1  1  1 -1  1 -1 -1 -3 -3  1  1 -5 -4 -1    9  11   4   3   1   5   8  10   3   3  14   3   1   0   0  11  10   0   0   3  0.13 inf
   82 I    0 -6 -8 -3 -6 -4 -6 -3  2 -2 -5 -7  2 -7  8 -4 -5 -9 -4 -3    9   0   0   1   0   1   0   2   5   3   2   0   4   0  67   1   1   0   1   2  2.02 inf
   83 F   -5 -8 -9 -9 -7 -8 -9 -9 -7  4  2 -8 -1  7 -9 -8 -6 -1  0  2    1   0   0   0   0   0   0   0   0  21  16   0   2  46   0   0   0   1   3  11  1.72 inf
   84 T    0  1 -2 -1 -2  0 -1 -4  0  1  1 -3  0  1  0  0  0 -3 -1  2    8   8   1   4   1   4   4   0   2   8  14   0   3   5   5   7   6   0   2  17  0.12 inf
   85 W  -10-10-11-11-10-10-10-10-10-10 -8-10 -9 -3-11-10-10 13 -1-10    0   0   0   0   0   0   0   0   0   0   0   0   0   1   0   0   0  96   2   0  5.42 inf
   86 S   -2  0  2  4 -4 -1  0 -1  0 -6 -6 -2 -4 -6 -2  4  1 -4 -6 -6    3   5   8  22   0   3   5   5   2   0   1   2   0   0   2  34   7   0   0   0  0.76 inf
   87 G    0 -1 -1  4 -5  0  4  0 -1 -3 -3 -3 -5 -4  0  0 -2 -4 -5 -2    8   4   3  26   0   4  24   6   1   1   3   1   0   1   4   7   2   0   0   3  0.56 inf
   88 E    1 -1  1  2 -3  0  1 -1  0  0  0  0 -1 -1 -1 -1 -1 -3 -2  1   13   3   7  12   0   4  10   4   2   5  10   6   1   3   3   3   3   0   1  10  0.08 inf
   89 H    0 -1  0  1 -2  0  0 -1  1  0  0 -1  0  0  1  0  0 -1  1  0    9   2   4  10   1   4   5   3   3   6  12   3   2   4   8   8   6   1   5   5  0.05 inf
   90 E    0  0  0  0 -2  1  1 -1 -1 -1 -1  0  0  1 -1 -1  0  3  2  0    9   5   5   6   1   5  11   4   1   4   6   6   2   6   3   3   6   4   7   6  0.07 inf
   91 R    0  2  0  1 -1  0  0  0  0  0 -1  0 -2 -2  1  0  0 -3 -2 -1   10  13   4  10   1   5   4   5   2   5   7   5   1   1   7   8   7   0   1   4  0.09 inf
   92 P    1  1  0  0  0  0  0 -1  0  0 -2  0  0 -2  2  1 -1 -2 -1 -1   13  10   5   4   2   4   6   4   2   6   4   5   3   2  12  10   3   0   2   4  0.12 inf
   93 T    0  2 -1  0 -1  0  2  0 -1 -2 -2  0 -2 -2  0  1  1  0 -1 -1    9  14   3   4   2   2  13   8   1   2   3   4   0   2   5  12   9   1   2   3  0.16 inf
   94 L   -1  1 -2  0  0  0 -1  0 -2  0  3 -1  0  0 -2 -2  0 -2 -1  0    4   7   1   5   2   4   4   7   1   6  31   4   2   3   2   3   5   1   2   6  0.15 inf
   95 S   -3  0  0  1 -1  0 -1 -1 -2 -3 -1 -2 -2  4 -1  2  2 -4  0 -3    1   5   5   7   1   4   4   6   1   1   5   2   1  20   3  17  13   0   3   1  0.34 inf
   96 K    1  2  1  0 -3  1  1 -1  0 -4 -4  2 -3 -4  2  1 -1 -5 -4 -3   12  11   5   6   1   7   9   4   2   0   1  13   0   0  11  11   4   0   0   2  0.32 inf
   97 D    1  1  0  3 -5  0  3  0 -1 -4 -3  0 -3 -1  0  0 -2 -5 -3 -3   10   9   5  17   0   4  17   8   1   1   3   6   1   3   5   7   2   0   1   1  0.31 inf
   98 E    3 -3 -2 -1 -1  3  2 -1 -3 -4 -2 -2 -4 -1 -2  1  1 -5 -3 -1   24   1   2   4   2  13  15   4   0   0   5   2   0   3   2  12   8   0   1   4  0.37 inf
   99 R   -2  5 -3 -2 -4  3 -1 -2  2 -3 -2  2 -1 -5  3 -1 -2 -6 -5 -4    4  29   1   2   0  13   3   3   5   2   4  11   2   0  14   4   2   0   0   1  0.68 inf
  100 A    1  4  0  1 -2  2  2 -2  0 -4 -3  0 -3 -4  0  0 -1 -3 -4 -2   12  20   4   7   1   9  16   2   2   1   2   6   1   1   4   6   4   0   0   3  0.36 inf
  101 F   -6 -8 -8 -8 -6 -7 -8 -8 -7  3  3 -8  3  6 -8 -7 -6 -6 -4  4    0   0   0   0   0   0   0   0   0  14  28   0   7  26   0   0   0   0   0  24  1.41 inf
  102 Y   -6  0 -8 -7 -5 -6 -8 -7 -7 -4  0 -7  6  6 -7 -8 -7 10  3 -5    0   5   0   0   0   0   0   0   0   1   9   0  17  26   0   0   0  31   7   1  2.15 inf
  103 D    0  1  2  4 -3  1  3  0  1 -5 -5 -1 -2 -5 -5  0 -2 -1 -5 -4    9   7  10  21   1   5  21   7   3   0   1   2   1   0   0   7   2   1   0   1  0.53 inf
  104 H    0  0 -3  2 -4  1  6 -3  1 -5  1 -4 -4 -7 -6 -4 -5 -8 -7 -6    8   6   1  11   0   6  47   2   3   0  13   1   0   0   0   1   0   0   0   0  1.04 inf
  105 A    7 -6 -7 -8 -7 -4 -7 -4 -8 -7 -5 -7 -2 -1 -7  1 -6 -9 -8 -6   84   0   0   0   0   1   0   1   0   0   1   0   1   2   0   9   0   0   0   0  2.20 inf
  106 S    2  5 -1 -3 -1  2 -1 -2  0 -2 -3  1 -3 -4 -4  0 -1 -3 -4 -3   20  31   3   1   1   8   4   3   2   2   2   7   0   1   0   7   3   1   1   2  0.58 inf
  107 D    1  0 -2  4 -1  2  4 -4 -2 -5 -6 -1 -3 -7 -6  1 -2 -4 -6 -6   13   5   2  25   1   8  25   1   1   1   0   3   1   0   0  11   2   0   0   0  0.78 inf
  108 F    0 -5 -2 -8 -2 -2 -7 -8  7 -5 -4 -7 -2  7 -8 -3 -7  0  5 -5    9   1   2   0   1   2   0   0  20   0   2   0   1  42   0   2   0   1  16   1  1.77 inf
  109 G   -6 -1  2 -1 -9 -3 -4  7 -4-10-10 -3 -9 -9 -8 -4 -7 -9 -9 -9    0   4   8   4   0   1   1  78   1   0   0   2   0   0   0   1   0   0   0   0  2.16 inf
  110 I   -7 -8 -9 -9 -7 -8 -9 -9 -9  5  5 -8  3 -3 -6 -8 -6 -8 -7  1    0   0   0   0   0   0   0   0   0  30  56   0   6   1   0   0   0   0   0   7  1.77 inf
  111 R   -1  6  1 -3  3 -1 -4 -3  1 -3 -4  0 -3 -3 -3  0 -1 -7 -1  1    4  41   6   1   6   2   1   2   3   1   1   6   1   1   1   6   4   0   2  10  0.78 inf
  112 S   -1  1  2  1  1  0  0 -4  4 -4 -4  0 -4 -2 -5  3 -1 -3  1  0    5   8  11   9   3   4   5   0  11   1   1   4   0   2   0  19   4   0   5   7  0.38 inf
  113 G   -5 -9 -7 -8 -9 -9 -9  8 -9-11-11 -8-10 -5 -9 -7 -8 -9-10-10    1   0   0   0   0   0   0  99   0   0   0   0   0   1   0   0   0   0   0   0  3.16 inf
  114 I   -1 -5 -8 -8 -3 -4 -7 -8 -2  3  2 -7  0  4 -8 -7 -5  8  2  3    5   1   0   0   1   1   0   0   1  16  15   0   2  14   0   0   0  18   7  20  1.18 inf
  115 T    1 -7 -6 -7  4 -6 -7 -4 -7 -5 -7 -6 -7 -6 -7  4  6 -8 -1 -4   11   0   0   0   7   0   0   1   0   1   0   0   0   0   0  30  46   0   3   1  1.56 inf
  116 I   -5 -5 -7 -7  1  5 -6 -8 -1  4  0 -3  1  4 -7 -4 -5 -6 -3  3    0   0   0   0   3  22   0   0   2  21  10   1   3  16   0   1   0   0   1  20  1.00 inf
  117 P   -2 -5 -7 -8  3 -7 -7 -6 -8 -8 -8 -7 -8 -9  8  2 -1 -9 -4  0    4   1   0   0   5   0   0   1   0   0   0   0   0   0  61  16   4   0   1   8  1.99 inf
  118 I   -2 -7 -5 -7  0 -7 -7 -6 -7  5  4 -7 -1 -3 -7  0 -2  0 -6  4    3   0   1   0   2   0   0   0   0  26  32   0   1   1   0   8   3   1   0  22  1.02 inf
  119 K   -3  3 -5 -6 -4 -3 -3 -8  9 -3 -3 -1  4  0 -4 -5 -3  2 -1 -3    3  15   0   0   1   1   2   0  45   2   3   4   9   5   1   1   2   3   2   2  1.66 inf
  120 T    0 -5 -2  5 -5 -3 -2  4 -3 -3 -1 -5 -3 -6 -6 -1  1 -7 -4 -4    9   1   2  30   0   1   2  28   1   2   7   0   1   0   0   5  10   0   1   1  0.79 inf
  121 A    3 -1 -1 -4 -1 -1 -3 -1  2 -3 -1 -3 -2  0  5  1 -2 -4  0 -2   20   3   3   1   2   2   1   5   5   1   7   1   1   4  25   9   2   0   4   3  0.48 inf
  122 N   -1  2  4  1 -2  1 -1 -1  2 -3 -2 -2 -1  1 -3  0 -1 -5  1 -3    5  11  22   9   1   7   3   5   5   2   5   2   2   6   1   6   3   0   5   1  0.34 inf
  123 G   -5  1  2 -3 -8 -1 -5  7  2 -9 -9 -6 -5 -9 -8 -3 -7 -4 -8 -9    1   7   9   2   0   3   1  71   4   0   0   0   0   0   0   2   0   0   0   0  1.91 inf
  124 F    1  1  2  0 -2  0  2 -1  1 -3 -1 -2 -1 -2 -2  1  1 -5 -1 -1   15   9   9   4   1   4  15   4   3   1   5   0   1   1   1  11   7   0   2   6  0.18 inf
  125 M   -1  0 -2 -4  1 -1 -2 -3 -2  2  2 -3  2  3 -4 -1 -1 -4 -2  1    4   7   2   1   3   3   3   2   1  11  22   1   6  15   1   4   4   0   1  11  0.29 inf
  126 S    4 -6 -6 -7 -7 -6 -7  5 -7 -6 -3 -6  0 -3 -7  2 -4 -3 -7 -1   30   0   0   0   0   0   0  44   0   0   3   0   2   1   0  14   1   0   0   4  1.27 inf
  127 M    1 -7 -7 -8 -1 -5 -7 -2 -7  3  2 -6  7  1 -7 -4  0 -6 -5  1   13   0   0   0   1   0   0   4   0  13  17   0  29   6   0   1   5   0   0   9  1.03 inf
  128 F   -5 -8 -9 -9 -7 -8 -8 -9 -8  1  6 -8  2  3 -8 -8 -5 -3 -4  2    1   0   0   0   0   0   0   0   0   6  61   0   4  12   0   0   1   0   0  15  1.55 inf
  129 T   -3 -7 -1 -7  1 -6 -7 -5 -7 -7 -8 -7 -7 -9 -7  7  5 -9 -8 -7    2   0   3   0   3   0   0   1   0   0   0   0   0   0   0  63  28   0   0   0  1.98 inf
  130 M   -5 -8 -8 -9 -4 -8 -8 -7 -7  1  4 -8  3  6 -8 -7 -6 -6 -4  2    1   0   0   0   0   0   0   0   0   8  37   0   6  32   0   0   0   0   0  15  1.50 inf
  131 A    5 -6 -3 -6  0 -6 -6  1 -6  0 -5 -5 -1 -3 -6  2  0 -7 -6  1   47   0   1   0   2   0   0   9   0   6   1   0   1   1   0  17   5   0   0   9  0.97 inf
  132 S    0  5  0 -4 -3 -2 -4  2 -4 -3 -5 -3 -4 -4 -3  4  0 -7 -6 -3    6  25   4   1   1   1   1  17   0   1   1   1   0   1   1  30   6   0   0   2  0.79 inf
  133 D    0  1  0  4 -4 -1  2  0  1 -5 -6 -2 -5 -6  0  2  0 -7 -4 -4    6   7   4  22   0   2  14   8   4   0   0   2   0   0   6  18   5   0   0   1  0.51 inf
  134 K    0  3  1  1  1  2  2 -1  2 -4 -4  2 -2 -2 -4  0  0 -3 -2 -3    8  15   6   7   3   8  11   5   5   1   1  12   1   2   0   8   5   0   1   1  0.29 inf
  135 P   -1  1 -1  2 -2  0  2 -1  0 -3 -2 -1 -3 -6  4  1 -1 -6 -4 -2    5   8   3  11   1   4  11   4   3   1   5   3   0   0  22  11   3   0   0   3  0.40 inf
  136 V    0  1  0  2 -1  1  0 -1  0  0  0  0 -1 -2  2  0  0 -4 -3 -1    8   9   4  11   1   5   6   3   2   6   9   4   1   2  10   8   4   0   0   5  0.10 inf
  137 I    0 -1 -1 -1 -2 -1 -1 -2 -1  2  1 -1 -2 -2  1  1  1 -4 -2  1    8   4   2   4   1   3   4   3   2  16  17   2   0   1   6  11   8   0   1   7  0.13 inf
  138 D    0 -2  0  4 -4 -1  3 -2 -2 -5 -3 -2 -4 -2 -1  2  2 -7 -6 -5    7   2   4  24   0   2  18   3   1   0   3   2   0   2   3  17  11   0   0   1  0.58 inf
  139 L    1 -2 -2 -1 -2  0  0 -2  1  0  1 -2 -1  2  2 -1  0  2 -1 -1   14   2   1   3   1   5   5   3   4   6  16   2   1   9  11   5   5   3   1   3  0.13 inf
  140 D    0  1  1  3 -1  2  4 -3  1 -5 -2  0  0 -5  0  0 -2  0 -4 -2    7   6   5  14   1   8  23   2   3   0   4   4   2   0   5   7   1   1   0   3  0.36 inf
  141 R   -1  4 -2 -1 -3  1  3 -4  0  0  1  0 -1 -1 -3 -3 -3 -2 -2 -2    5  24   1   3   1   6  20   1   2   6  14   5   1   3   2   1   1   1   1   2  0.42 inf
  142 E   -1  1 -1  1 -2  1  2 -1  2 -1  1  0  0 -1 -4 -1  0 -2  0 -3    6   8   2   7   1   7  16   6   5   3  14   6   2   2   0   5   5   1   3   1  0.14 inf
  143 I    1  0 -1 -3 -3 -1  0 -3 -1  3  1  0  3 -1 -3 -1 -1 -1  1  0   11   5   3   1   0   2   6   2   1  17  11   7  10   3   1   5   3   1   5   7  0.17 inf
  144 D    0  2  1  3 -5  1  2 -2  0 -1  0  0 -3 -4 -2  0  0 -5 -2 -2    6   9   7  16   0   7  12   3   2   3   9   5   0   0   2   8   5   0   1   3  0.22 inf
  145 A    1  0  0 -2 -2  1  1 -3  3 -1  1  1  0 -2  1  0 -1  1  0 -2   14   4   4   1   1   6   9   1   7   3  14   9   2   1   7   5   4   2   4   2  0.14 inf
  146 V    0 -1 -2 -3 -4  0  0 -3  0  1  3 -1  0  0 -3 -1  0 -5 -1  1    8   3   2   1   0   5   7   1   3   7  31   3   1   3   1   5   5   0   2  10  0.22 inf
  147 A    1  0 -1 -3 -2  1  0 -1  1  0  1  0  1 -2  0 -1 -1 -2  0  0   14   6   3   1   1   8   4   4   4   5  16   7   4   1   4   5   3   1   3   7  0.08 inf
  148 A    3 -1 -1 -3 -4  1 -2 -1 -1  1  2 -2  2 -1  0  0 -1  0 -2 -1   22   3   3   1   0   6   2   5   2   7  18   2   5   3   5   8   3   1   1   3  0.18 inf
  149 A    2  0 -1 -2 -2  1 -2 -4  0  1  1 -2  4 -1 -3 -1 -1  2  0  0   17   6   3   3   1   6   2   0   3   6  16   2  12   2   1   5   4   3   4   7  0.22 inf
  150 A    3 -3 -2 -5  0  1 -3 -3  1  0  2 -4  4  0 -4  0 -2  4  1  0   22   1   1   0   2   7   1   2   3   4  18   0   9   4   1   7   2   6   5   5  0.36 inf
  151 T    2 -4 -2 -5 -4  2 -3 -5  3 -1  2 -4  2  1 -5  0  0  6  0  0   16   0   2   0   0   9   2   0   7   4  17   1   4   5   0   8   6  10   2   5  0.44 inf
  152 I    0 -5 -2 -5 -1 -3 -5 -4  1  1  3 -5  2  0 -4  0 -1 -3  1  3    7   0   3   0   1   1   0   1   3   8  33   0   5   4   1   7   3   0   4  17  0.49 inf
  153 G    2 -2 -1 -2  1 -1 -2  1  1  0  1 -3  1  2 -4 -1  0 -4  1 -1   19   2   3   2   3   2   2  12   3   6  16   0   4   9   0   4   5   0   4   3  0.19 inf
  154 Q    1  1 -1 -1 -5  3  0 -4  6 -1  0 -2  1 -1 -5 -1  0 -5 -1 -1   13   7   3   3   0  15   5   1  16   3  10   2   3   3   0   4   6   0   2   4  0.38 inf
  155 I    1 -1 -2 -1 -2 -2 -3 -3 -1  2  2 -2  1  3 -5 -1  0 -4 -1  2   15   4   2   3   1   2   2   1   1  11  20   2   2  11   0   5   6   0   1  12  0.25 inf
  156 H   -2  1 -2 -5 -7 -1 -1 -6  9 -5 -1 -5  2 -4 -5 -2 -2 -6  3 -2    4   8   2   1   0   2   4   0  48   1   7   0   4   1   0   3   3   0   9   3  1.61 inf
  157 A    3  0 -2 -1 -2  1 -1 -2  2 -1  1 -2 -1 -1 -4  1 -1 -4  1  0   24   6   1   3   1   6   5   2   5   3  16   1   1   2   0  11   3   0   5   5  0.21 inf
  158 R    1  5 -3 -3 -4 -1 -1 -3  4 -2  1  1  0 -4 -5 -2 -1 -6 -4 -3   12  29   1   1   0   3   3   2  10   2  16   8   2   1   0   3   4   0   0   2  0.59 inf
  159 I   -1 -2 -4 -2 -5 -2  0 -4 -3  3  3 -4  4  0 -4 -3  0 -5 -2  1    6   2   0   3   0   2   6   1   1  15  30   1  11   4   1   1   5   0   1  10  0.48 inf
  160 S    2  1  0 -2  2  0 -1 -1 -1 -2 -1  0 -1 -4 -1  3  1 -4 -5 -2   20   9   3   2   4   4   4   4   1   2   7   4   1   0   3  19   8   0   0   2  0.24 inf
  161 F    0  1  0 -1 -2  0  0  0  0  0  0  1  1  0 -2  1 -1 -2 -1  0    7  10   4   3   0   4   6   6   2   4  12   9   4   5   2  11   3   0   2   5  0.04 inf
  162 L    0  0 -1 -1 -2  0 -2 -2  1  2  3 -2  3 -2 -1 -2  0 -1 -3  0    7   5   3   3   1   4   2   2   3   9  30   2   7   1   3   3   5   1   0   7  0.24 inf
  163 R    1  5 -1 -1 -5  1 -1 -1  1 -2 -2  1 -1 -4  1  0 -2 -5 -2 -1   11  28   3   4   0   5   4   4   3   2   4   7   2   1   6   6   2   0   2   6  0.34 inf
  164 T    1  0 -1 -1 -2  1 -1 -2 -2 -1  0 -1  1 -2  2  1  0 -3 -2  0   14   6   2   3   1   7   4   3   1   3  11   2   4   2  11  10   7   0   1   9  0.14 inf
  165 T    0  1  1 -1 -4  1  2 -1 -2 -2 -2  0 -3 -4  2  1  1 -3 -3 -1    9   7   8   3   0   5  14   4   1   3   3   6   0   1  11  11  11   0   1   4  0.22 inf
  166 D   -1  0  0  4 -4 -1  0 -2  1 -5 -4  2 -5 -5  4  0  0 -7 -3 -4    4   4   5  22   0   2   6   3   3   1   2  10   0   0  22   7   7   0   1   1  0.60 inf
  167 A    2  0  0 -1 -4  0  2  0  1 -3 -2  1 -2 -3  2  0 -1 -5 -3 -2   16   5   5   3   0   4  13   7   4   1   4   9   1   1  11   8   4   0   0   3  0.22 inf
  168 A    2  0 -3 -1 -1 -1 -1 -1 -2  1 -2 -3  4 -4  3 -1 -1 -6 -5  2   16   4   1   4   1   2   5   4   1   9   3   1  10   1  16   5   3   0   0  16  0.35 inf
  169 W    0  2 -1 -1 -1 -1  1 -2  1  0 -1  1  1  0  1  0  0  0  0  0    7  13   2   3   1   2   8   2   4   7   4  10   4   3   6   6   6   1   3   7  0.09 inf
  170 L   -7 -8 -9-10 -4 -8 -9-10 -9 -3  7 -9  0  4 -9 -6 -7 -7 -6 -4    0   0   0   0   0   0   0   0   0   1  83   0   2  13   0   1   0   0   0   1  2.21 inf
  171 D   -5 -7 -6 -2 -7 -7 -7 -7 -8 -8 -8 -4 -7 -9 -5  5  7 -9 -8 -7    0   0   0   2   0   0   0   0   0   0   0   1   0   0   1  44  51   0   0   0  2.10 inf
  172 P    2  0 -2  0 -2  2  0 -3 -1 -5 -2  1 -4 -7  6 -1 -2 -7 -6 -5   14   6   2   5   1   9   6   2   2   1   4   7   0   0  33   4   3   0   0   1  0.72 inf
  173 K   -8  9 -6 -8-10 -4 -7 -9 -3 -6 -9  0 -6 -7 -7 -7 -8 -9 -8 -6    0  91   0   0   0   0   0   0   1   1   0   5   0   0   0   0   0   0   0   1  3.09 inf
  174 E   -8 -7 -7 -5-10 -1  8 -7 -7-10-10 -6 -9-10 -8 -6 -8-10 -9 -9    0   0   0   0   0   3  96   1   0   0   0   0   0   0   0   0   0   0   0   0  3.13 inf
  175 A    0  4  1 -5  0 -1 -4 -3 -2  1  1  2  0 -2 -5 -2  1 -3 -2 -1    9  24   6   0   2   3   0   2   1   8  12  12   2   2   0   1   9   0   1   5  0.38 inf
  176 T   -5 -5 -4  2 -9  1  7 -4 -6 -5 -4 -5  1 -8 -7 -4  0 -8 -8 -4    1   0   1   8   0   6  69   1   0   1   2   0   3   0   0   1   5   0   0   1  1.76 inf
  177 Y   -3 -8 -8 -8  9 -8 -8 -8 -8  4 -5 -8 -2 -3 -8 -3 -3 -7  1  4    2   0   0   0  36   0   0   0   0  23   0   0   1   1   0   3   1   0   5  28  1.88 inf
  178 L   -7 -8 -9 -9 -1 -8 -9 -9 -9  0  7 -8  0 -4 -9 -8 -4 -7 -7 -2    0   0   0   0   1   0   0   0   0   4  89   0   2   0   0   0   1   0   0   2  2.22 inf
  179 R   -1  4 -2 -5  0  3 -2 -4  1 -3 -1  4 -1  0 -5 -1 -1 -5  2 -4    4  21   1   0   2  12   2   1   4   1   6  24   1   4   0   4   5   0   8   1  0.60 inf
  180 W  -10-10-11-12-10-10-10-10-10-10 -6-11 -5 -6-11 -8-10 13 -2-10    0   0   0   0   0   0   0   0   0   0   1   0   0   0   0   0   0  97   1   0  5.44 inf
  181 I    4 -6 -6 -6  1 -5 -6 -5 -4  0 -3 -5 -2 -5 -6  1  4 -7 -6  2   36   0   0   0   3   0   0   0   0   6   3   0   1   0   0  10  27   0   0  13  1.00 inf
  182 A    6 -7 -6 -7 -2 -6 -4 -1 -7 -6 -7 -6 -2 -8 -6  3 -2 -2 -6 -5   68   0   0   0   1   0   1   4   0   0   0   0   1   0   0  21   2   1   0   1  1.71 inf
  183 V    1  2 -3  2 -4  1  5 -5 -2 -3 -2  0  3 -6 -5 -3 -3 -7 -4  0   13  10   0  12   0   5  32   0   1   1   4   4   7   0   0   1   1   0   0   6  0.64 inf
  184 G   -6 -9 -7 -8 -9 -8 -5  8 -8-10-10 -8 -9-10 -9 -7 -8 -9-10-10    0   0   0   0   0   0   1  99   0   0   0   0   0   0   0   0   0   0   0   0  3.11 inf
  185 K   -7 -2 -5 -7-10 -5 -6 -8 -7 -9 -7  9 -1 -9 -7 -7 -7 -9 -5 -9    0   2   0   0   0   0   0   0   0   0   0  96   2   0   0   0   0   0   0   0  3.05 inf
  186 T   -4 -7 -3 -5 -7 -3 -6 -6 -7 -7 -7 -4 -7 -8 -4  4  7 -8 -4 -6    1   0   1   1   0   1   0   0   0   0   0   1   0   0   1  23  70   0   1   0  2.13 inf
  187 M    4 -4 -2 -1 -5 -2 -3 -3 -3 -5 -5 -4  3 -5 -6  4  1 -6  3 -1   28   1   1   4   0   1   1   1   0   0   0   1   8   0   0  30   8   0  10   5  0.81 inf
  188 E    2 -2 -4 -3  0  2  0  0 -2 -4 -4 -5 -4 -4 -1  1 -4 10 -1 -3   15   2   1   2   2   8   7   8   1   1   2   0   0   0   4   9   1  32   2   2  1.17 inf
  189 E   -5 -6 -6  3-10 -3  8 -7 -6 -7 -9 -5 -8 -9 -7 -5 -6 -9 -8 -3    1   0   0  15   0   1  80   0   0   0   0   0   0   0   0   0   0   0   0   2  2.43 inf
  190 I   -4 -9 -9 -9 -4 -8 -9 -9 -9  8 -4 -8  0 -6 -8 -7  1 -8 -7  1    2   0   0   0   0   0   0   0   0  79   0   0   2   0   0   0   9   0   0   8  2.42 inf
  191 A    6 -7 -6 -7 -4 -6 -6  4 -7 -7 -7 -6 -7 -8 -6  3 -5 -8 -7 -5   55   0   0   0   0   0   0  24   0   0   0   0   0   0   0  20   0   0   0   0  1.61 inf
  192 D   -1  1 -1  2  2  2  1 -3  1  1  0  1  3 -3 -4 -1  0 -5 -4  0    4   8   2  10   4  10   9   1   3   9   9   7   9   1   0   3   6   0   0   6  0.20 inf
  193 V   -6 -9 -9 -9 -7 -6 -7-10 -9  8  1 -9 -1 -6 -9 -8 -7 -8 -7 -1    0   0   0   0   0   0   0   0   0  84  10   0   1   0   0   0   0   0   0   4  2.60 inf
  194 E   -4 -7 -8 -8 -2 -6  0 -8 -7 -1  6 -7  4 -2 -8 -7 -1 -7 -4 -2    2   0   0   0   1   0   7   0   0   3  72   0   8   1   0   0   4   0   1   2  1.56 inf
  195 G   -1 -2  3 -1  1 -1 -3  5  0 -7 -6 -3 -6 -7 -6  3 -2 -7 -7 -6    5   2  12   4   3   2   1  41   2   0   1   2   0   0   0  23   2   0   0   0  0.98 inf
  196 V   -5 -3 -8 -8  3 -7 -6 -9 -8  7  1 -7  0 -5 -8 -6 -3 -8 -5  2    0   2   0   0   5   0   0   0   0  61  13   0   2   0   0   0   2   0   0  13  1.72 inf
  197 K    0 -4 -2 -3 -2 -4 -5 -6 -6 -8 -8  2 -7 -8 -6  6  3 -8 -7 -7    7   0   2   1   1   0   0   0   0   0   0  12   0   0   0  63  13   0   0   0  1.59 inf
  198 Y   -3  0 -4 -1 -7  1  6 -6  1 -3 -4 -1 -4 -3  1 -4  0 -6  3 -1    2   4   0   2   0   5  50   0   4   2   1   3   0   1   6   1   5   0   8   4  1.00 inf
  199 N   -2  6  4 -1 -4 -4 -3 -3  5 -8 -6 -2 -6 -7 -4  1 -4 -7 -1 -6    4  44  18   3   0   0   1   2  11   0   0   2   0   0   1  11   0   0   2   0  1.26 inf
  200 S   -5 -5 -1 -7 -7 -7 -7 -2 -8 -7 -7 -7 -7 -8 -6 -1  8 -9 -8 -3    1   0   3   0   0   0   0   3   0   0   0   0   0   0   0   5  85   0   0   2  2.50 inf
  201 V    0 -8 -9 -9 -7 -8 -8 -9 -9  1 -5 -8 -5 -7 -8 -5 -5 -9 -7  8    6   0   0   0   0   0   0   0   0   6   0   0   0   0   0   1   0   0   0  87  2.47 inf
  202 R   -2  2  6  1 -7  1  0 -2 -3 -2 -5  3 -4 -7 -6 -3  0 -7 -5 -3    4   9  35   6   0   6   6   3   0   3   1  17   0   0   0   1   5   0   0   2  0.84 inf
  203 V   -4 -6 -5 -8 -4 -5 -5 -7  4 -3 -6 -2 -6  9 -9 -3 -5  2  2 -2    2   0   1   0   0   1   1   0   7   1   0   3   0  69   0   2   1   2   5   4  2.22 inf
  204 K   -4 -7 -6 -4-10 -6 -5 -9 11-10 -9 -2 -8 -5 -9 -5 -7 -8  3 -8    1   0   0   1   0   0   1   0  83   0   0   3   0   0   0   1   0   0   9   0  3.63 inf
  205 L   -4 -6 -6 -7 -6  1 -6 -8 -2  4  5 -6  5  0 -7 -6 -3 -6 -5  1    1   0   0   0   0   8   0   0   1  23  43   0  11   3   0   0   2   0   0   8  1.17 inf
  206 R   -1  2  3  2 -1 -1  0  1 -2 -4 -4  4 -4 -6 -5  0 -1 -6 -4 -3    6  11  12  11   2   2   6  10   1   1   2  24   0   0   0   8   3   0   0   2  0.45 inf
  207 E   -3 -1  8 -3 -3 -1  0 -4 -1 -6 -8 -1 -5 -8 -7  1 -2 -9 -7 -7    2   4  63   1   1   2   6   1   1   1   0   4   0   0   0  11   2   0   0   0  1.76 inf
  208 A    5 -6 -6 -7  1 -6 -6 -4 -7  3 -3 -6  3 -4 -6 -1 -2 -7 -6  3   49   0   0   0   2   0   0   1   0  15   2   0   8   1   0   4   2   0   0  17  1.14 inf
  209 M   -1  4 -5 -6  0  3 -4 -4 -4  0 -1  1  5 -2 -6 -2  1 -6 -5  1    6  22   0   0   2  12   0   1   0   6   4   7  17   1   0   3   8   0   0  11  0.63 inf
  210 K    0  5 -2 -3 -6  1  0 -3 -2 -4 -4  4 -3 -7 -5  0  0 -7 -4 -3    9  31   2   1   0   5   6   2   1   1   2  27   1   0   0   6   5   0   0   2  0.80 inf
  211 R   -5  1 -4 -7 -9 -4 -5 -8 -3 -6 -9  8 -7 -9 -7 -6 -7 -9 -4 -7    1   7   1   0   0   0   0   0   1   0   0  89   0   0   0   0   0   0   1   0  2.70 inf
  212 F   -7 -8 -9 -9 -7 -8 -8 -9 -8 -1  6 -8  0  4 -8 -8 -2 -6 -1 -5    0   0   0   0   0   0   0   0   0   2  74   0   2  17   0   0   3   0   2   0  1.89 inf
  213 D   -3 -3  5  3 -5 -1 -1  5 -2 -8 -8 -2 -5 -8 -7 -2 -5 -8 -7 -6    2   2  23  15   0   3   4  45   1   0   0   3   0   0   0   2   0   0   0   0  1.29 inf
  214 V    5 -7 -6 -7  1 -6 -6 -5 -7 -2 -3 -6 -4 -6 -6  0  2 -7 -6  5   42   0   0   0   3   0   0   0   0   1   2   0   0   0   0   5  11   0   0  35  1.25 inf
  215 R    1  1  2 -4  1 -2 -2 -3  1 -2 -1 -1  0 -3  1  2  2 -5 -2  1   13   7  10   0   3   1   1   1   4   1   5   3   3   1   8  15  11   0   2  13  0.23 inf
  216 S   -6 -5  8 -5 -4 -6 -5 -6 -6 -8 -9 -6 -8 -9 -7  3  2 -9 -8 -8    0   1  66   0   0   0   0   0   0   0   0   0   0   0   0  19  14   0   0   0  2.27 inf
  217 K    0  6 -1 -6 -5 -2 -4 -6 -2 -1 -2  5 -3 -7 -6 -4 -1 -7 -6 -1    9  34   2   0   0   1   0   0   1   3   5  35   1   0   0   0   4   0   0   5  1.13 inf
  218 A    1  1 -1 -5  0  1 -4 -5 -1  1 -4  0 -2 -5  1 -2  5 -6  0  1   10   8   2   0   2   5   0   0   1   8   1   6   1   0   8   2  33   0   4   9  0.54 inf
  219 H    1 -4 -5 -5 -8  7 -2 -6  7 -7 -3 -4 -3 -5 -7 -1 -4 -8 -6 -3   13   0   0   0   0  49   2   1  24   0   3   0   1   0   0   4   1   0   0   3  1.77 inf
  220 L    7 -7 -7 -7 -2 -6 -6 -6 -7  0  0 -6 -1 -7 -6 -3 -1 -8 -7 -2   75   0   0   0   1   0   0   0   0   6  10   0   1   0   0   1   4   0   0   2  1.70 inf
  221 T    3 -7 -7 -8 -6 -7 -7 -6 -8  4 -4 -7 -3 -6 -7 -5  0 -8 -6  6   21   0   0   0   0   0   0   0   0  20   1   0   0   0   0   0   6   0   0  52  1.48 inf
  222 A    4  1 -5 -6  4 -5 -5 -3 -6  1 -2 -2 -1 -5 -5  0 -2 -6 -2  3   39   8   0   0   7   0   0   1   0   7   3   2   1   0   0   7   2   0   1  21  0.76 inf
  223 L   -3  3 -4 -5 -2 -2  0 -6 -1  1  2  4 -1 -3 -5 -4 -1  0  3 -2    2  14   1   0   1   1   7   0   1   8  19  29   1   1   0   0   3   1   9   2  0.60 inf
  224 A    7 -7 -7 -7 -6 -6 -7  2 -7 -7 -6 -6 -4 -8 -7 -3 -5 -8 -8 -5   85   0   0   0   0   0   0  12   0   0   0   0   0   0   0   2   0   0   0   0  2.19 inf
  225 I    2 -4 -5 -6 -4 -4 -5 -5 -6  5  1 -1  1  0 -5 -1  0 -6 -3  3   20   1   0   0   0   0   0   0   0  29  11   5   4   3   0   4   7   0   0  16  0.65 inf
  226 R    1  4 -1  0 -3  1  1 -2 -4 -3 -1  1  3 -4 -5  0 -2 -6 -4 -2   14  26   3   5   0   5   9   3   0   1   8   7   8   0   0   6   2   0   0   2  0.42 inf
  227 R   -1  2 -2 -5 -2  1 -3 -3  1  0  4 -1  3 -2 -5 -1  0 -2 -1 -2    5  13   1   0   1   6   1   2   3   4  35   3   8   2   0   5   7   1   2   1  0.41 inf
  228 K   -5  0 -2 -3 -3  0 -3  7 -2 -9 -9  0 -4 -8 -7 -5 -7 -8 -8 -8    0   5   2   1   1   4   2  77   1   0   0   6   0   0   0   0   0   0   0   0  1.95 inf
  229 L   -4 -7 -8 -8 -4 -7 -3 -8 -7  3  6 -7  2 -3 -8 -6 -5 -4  0 -1    1   0   0   0   0   0   2   0   0  12  73   0   4   1   0   0   0   0   3   3  1.61 inf
  230 I   -6 -8 -9 -9 -6 -8 -8 -9 -8  8  3 -8 -4 -5 -8 -8 -6 -8 -6  1    0   0   0   0   0   0   0   0   0  70  22   0   0   0   0   0   0   0   0   8  2.14 inf

                      K         Lambda
Standard Ungapped    0.1349     0.3232
Standard Gapped      0.0536     0.2670
PSI Ungapped         0.1745     0.3154
PSI Gapped           0.0536     0.2670
