
Last position-specific scoring matrix computed, weighted observed percentages rounded down, information per position, and relative weight of gapless real matches to pseudocounts
           A  R  N  D  C  Q  E  G  H  I  L  K  M  F  P  S  T  W  Y  V   A   R   N   D   C   Q   E   G   H   I   L   K   M   F   P   S   T   W   Y   V
    1 N   -4 -3  8  3 -5 -2 -2 -3  2 -5 -6 -2 -4 -5 -4 -2 -2 -6 -4 -5    0   0  80  16   0   0   0   0   4   0   0   0   0   0   0   0   0   0   0   0  1.67 inf
    2 P   -3 -5 -4 -3 -5 -4 -1 -5 -2 -3 -5 -3 -5 -6  8 -2 -4 -6 -5 -5    0   0   0   1   0   0   3   0   1   1   1   0   0   0  91   2   0   0   0   0  2.55 inf
    3 E   -1 -2  3  3 -4  0  4  0 -1 -4 -4  0 -4 -4 -2  1 -1 -4 -2 -4    2   0  13  20   0   1  36   6   1   0   0   4   0   0   1  11   3   0   1   0  0.58 inf
    4 L   -3 -1 -5 -5 -3 -4 -4 -5 -4  3  5 -2  0 -1 -4 -3 -2 -4 -2  1    1   3   0   0   0   0   0   0   0  20  65   2   0   1   0   1   2   0   1   5  0.79 inf
    5 N   -1 -3 -1 -5 -3 -3 -3 -5 -2  5 -1 -3  0 -1 -4 -3 -2 -5 -2  5    3   1   3   0   0   1   1   0   1  37   1   0   1   1   0   2   0   0   1  48  0.84 inf
    6 K   -4  2 -1 -4 -6 -1 -2 -4 -3 -6 -5  8 -4 -6 -4 -3 -3 -6 -5 -5    0   6   2   0   0   0   0   0   0   0   0  93   0   0   0   0   0   0   0   0  1.91 inf
    7 G   -2  0 -3 -4 -2 -4 -5  7 -5 -6 -6 -3 -2 -6 -5 -2 -3 -5 -6 -6    1   5   0   0   1   0   0  88   0   0   0   1   1   0   0   1   1   0   0   0  1.82 inf
    8 P    0 -4 -2 -4 -5  3 -3 -3  0 -5 -3 -3 -4 -3  7  1 -2 -6 -4 -4    7   0   1   0   0  13   0   1   2   0   2   0   0   1  61  11   1   0   0   0  1.50 inf
    9 W   -7 -7 -8 -8 -6 -6 -7 -7 -6 -7 -6 -7 -5 -3 -8 -7 -6 13 -2 -7    0   0   0   0   0   0   0   0   0   0   0   0   0   0   0   0   0 100   0   0  4.78 inf
   10 T   -2 -2 -3 -4 -4 -3 -3 -3 -4 -4 -3 -2 -3 -5 -4  3  7 -5 -4 -3    1   2   0   0   0   0   0   1   0   0   1   2   0   0   0  19  75   0   0   0  1.42 inf
   11 K   -1  2 -2  0 -4  1  1 -2 -2 -3 -4  5 -3 -5  3 -1 -1 -5 -4 -3    4   8   0   6   0   5  10   1   0   1   1  40   0   0  16   1   4   0   0   1  0.61 inf
   12 E   -3 -2 -2  2 -6  1  7 -5 -2 -5 -5  0 -5 -6 -3 -3 -3 -5 -1 -5    0   0   0   7   0   5  79   0   0   1   0   3   0   0   0   0   0   0   2   0  1.55 inf
   13 E   -4 -2 -3 -1 -7  0  8 -5 -3 -6 -6 -2 -5 -6 -4 -3 -4 -6 -5 -6    0   1   0   1   0   1  97   0   0   0   0   0   0   0   0   0   0   0   0   0  2.17 inf
   14 D   -5 -5 -1  8 -7 -3 -1 -4 -4 -4 -7 -4 -6 -7 -5 -3 -4 -8 -6 -6    0   0   1  98   0   0   0   0   0   1   0   0   0   0   0   0   0   0   0   0  2.47 inf
   15 Q    0  2  0  3 -3  3  4 -3 -1 -4 -2  1 -2 -4 -3 -1 -2 -4 -3 -3   11  12   3  16   0  17  27   1   1   0   3   5   1   0   0   3   1   0   0   0  0.51 inf
   16 R   -2  3 -2 -3  0  0 -1 -4  0  2  2  3  1 -3 -3 -2  0 -4 -2  0    2  16   0   0   2   2   1   0   2  14  20  27   3   0   0   1   4   0   0   5  0.32 inf
   17 V   -3 -5 -5 -5 -3 -4 -5 -6 -5  4  4 -4  0 -2 -5 -4 -3 -4 -3  4    0   0   0   0   0   0   0   0   0  24  37   0   1   0   0   0   0   0   0  38  0.94 inf
   18 I   -2  0 -3 -4 -2 -3 -3 -5 -3  5  1 -1  1 -1 -4 -1 -1 -4 -3  2    2   7   1   0   0   0   1   0   0  50   9   3   4   1   0   5   4   0   0  14  0.59 inf
   19 E   -2  2  0  1 -5  3  5 -2  0 -5 -5  2 -3 -5 -3 -1 -3 -5 -4 -4    1  10   3   8   0  15  41   2   1   0   0  14   0   0   0   3   0   0   0   0  0.76 inf
   20 H   -3 -4 -6 -6 -4 -4 -5 -6 -4  0  6 -4  3  1 -5 -4 -3  3 -2 -2    0   0   0   0   0   0   0   0   0   1  81   0   7   4   0   1   0   4   1   0  1.23 inf
   21 V   -3 -5 -6 -6 -4 -5 -5 -6 -6  1 -2 -5 -2 -4 -5 -4 -3 -6 -4  7    0   0   0   0   0   0   0   0   0   3   0   0   0   0   0   0   0   0   0  96  1.80 inf
   22 Q    0  1  2  0 -4  4  3 -1 -1 -3 -3  3 -2 -4 -3  0 -1 -4 -3 -3    7   5   9   5   0  21  19   3   1   1   1  21   1   0   0   4   3   0   0   0  0.44 inf
   23 K   -2  2 -1 -1 -4  3  2 -3 -1 -2 -2  5 -1 -4 -3 -1 -1 -4 -3 -2    1   7   2   1   0  14  13   0   1   3   4  46   2   0   0   1   4   0   0   2  0.65 inf
   24 Y   -4 -3  0 -4 -3 -1 -3 -5  6 -2 -1 -3 -2  4 -5 -4 -4 -1  7 -4    0   0   6   0   0   2   1   0  25   2   4   0   1  14   0   0   0   0  45   0  1.35 inf
   25 G   -2 -5 -3 -4 -5 -3 -5  7 -5 -6 -6 -4 -3 -6 -5 -2 -3 -5 -6 -6    1   0   0   0   0   1   0  95   0   0   0   1   1   0   0   1   1   0   0   0  2.05 inf
   26 P    1 -3 -2 -1 -1 -2  0 -4 -4 -2 -2 -2 -3 -3  6 -2  2 -5 -4 -1   13   0   2   3   1   1   5   0   0   2   3   2   0   1  48   1  13   0   0   5  0.94 inf
   27 K   -3  4 -2 -3 -1  1 -1 -3 -1 -3 -4  6 -3 -5 -3 -2  0 -5 -4 -4    1  24   1   0   2   6   0   1   1   1   0  57   0   0   0   2   4   0   0   0  1.04 inf
   28 R   -3  4  3 -1 -5  1  0 -3  0 -5 -5  5 -3 -5 -3  0 -2 -5 -4 -4    0  24  18   1   0   6   3   0   2   0   0  41   0   0   0   5   0   0   0   0  0.87 inf
   29 W   -7 -7 -8 -8 -6 -6 -7 -6 -6 -7 -6 -7 -5 -3 -8 -7 -6 13 -1 -7    0   0   0   0   0   0   0   0   0   0   0   0   0   0   0   0   0 100   0   0  4.76 inf
   30 S    1 -3 -2 -3 -2 -3 -3 -3 -3 -4 -4 -1 -3  1 -2  5  3 -5 -3 -3    8   0   0   0   0   0   0   0   0   0   0   3   0   6   1  62  18   0   0   1  0.92 inf
   31 D   -1 -1 -2 -2  2  1 -1 -3  0  0  2  1  0  2 -3  0  0 -2  0  0    4   2   0   1   6   9   4   0   2   2  24  12   2  10   0   5   7   0   3   7  0.12 inf
   32 I   -4 -5 -6 -6 -4 -5 -6 -6 -5  7  1 -5 -1 -2 -5 -5 -3 -4  1  1    0   0   0   0   0   0   0   0   0  78  12   0   0   0   0   0   0   0   6   5  1.44 inf
   33 A    6 -4 -4 -4 -1 -3 -3 -2 -4 -4 -4 -3 -4 -5 -3  1 -2 -5 -4 -3   89   0   0   0   1   0   0   1   0   0   0   0   0   0   0   8   0   0   0   0  1.50 inf
   34 K    0  3 -1 -1 -4  3  2 -2 -2 -4 -3  4 -2 -4 -3  1  0 -4 -3 -3    6  18   1   1   0  13  12   2   0   0   1  29   0   0   0  12   4   0   0   1  0.51 inf
   35 H   -1 -1 -1 -2 -3  1 -1 -1  6 -2  0  1  1  2 -3  0 -1 -3  2 -2    4   2   2   0   0   6   3   4  29   1  10  10   4  10   0   7   2   0   6   1  0.39 inf
   36 L   -4 -4  0 -5 -4 -4 -5 -6 -5  2  5 -4  3 -1 -5 -4 -3 -4 -3 -1    0   0   6   0   0   0   0   0   0   9  76   0   6   1   0   0   0   0   0   2  1.10 inf
   37 K   -2  1  1 -2 -2  0  0 -2  0 -4 -5  2 -4 -5  6 -1 -1 -5 -4 -3    1   7   6   2   1   3   5   3   3   1   0  13   0   0  50   3   2   0   0   1  1.04 inf
   38 G   -2 -5 -2 -3 -5 -3 -5  7 -5 -6 -4 -4 -2 -6 -5 -1 -2 -5 -6 -5    0   0   1   0   0   0   0  89   0   0   2   0   1   0   0   3   2   0   0   0  1.84 inf
   39 R   -5  8 -4 -5 -7 -2 -3 -6 -3 -6 -5 -1 -5 -6 -5 -4 -4 -6 -5 -6    0 100   0   0   0   0   0   0   0   0   0   0   0   0   0   0   0   0   0   0  2.48 inf
   40 I   -1 -4 -1 -3 -3 -3 -4 -5 -4  6  0 -3  0 -2 -4 -1  1 -5 -3  2    5   0   4   1   0   1   0   0   0  58   6   1   2   0   0   5   8   0   0  11  0.73 inf
   41 G   -2 -4 -3 -4 -5 -4 -4  7 -4 -6 -5 -4 -5 -5 -2 -2 -4 -5 -5 -5    0   0   0   0   0   0   0  92   0   0   1   0   0   0   2   2   0   0   0   0  1.93 inf
   42 K   -3  0 -3 -3 -5 -1 -2 -4 -3 -5 -5  8 -4 -5 -3 -3 -3 -5 -4 -5    0   2   0   0   0   0   0   0   0   0   1  93   0   0   0   0   0   0   0   0  1.86 inf
   43 Q   -3 -2 -3 -3 -5  9 -1 -4 -2 -5 -5 -2 -3 -5 -4 -1 -3 -5 -4 -5    0   0   0   0   0  91   0   0   0   0   1   0   0   0   0   4   0   0   0   0  2.14 inf
   44 C   -3 -6 -5 -6 11 -5 -6 -5 -5 -1 -4 -5 -4 -5 -5 -4 -4 -5 -5 -3    1   0   0   0  90   0   0   0   0   4   1   0   0   0   0   0   0   0   0   0  3.18 inf
   45 R   -4  8 -3 -4 -6 -2 -3 -5 -3 -5 -5 -1 -4 -5 -4 -3 -4 -5 -4 -5    0  95   0   0   0   0   0   0   0   0   1   0   0   0   0   0   0   0   0   0  2.19 inf
   46 E   -3 -3 -3 -1 -5 -1  7 -4 -3 -5 -2 -2 -4 -5 -4 -3 -2 -5 -4 -4    0   0   0   1   0   0  89   0   0   0   5   0   0   0   0   0   1   0   0   0  1.73 inf
   47 R   -4  8 -3 -4 -6 -2 -3 -5 -1 -5 -5 -1 -4 -5 -4 -3 -4 -5 -4 -5    0  94   0   0   0   0   0   0   1   0   1   0   0   0   0   0   0   0   0   0  2.14 inf
   48 W   -6 -7 -8 -8 -6 -6 -7 -6 -6 -6 -5 -7 -5 -1 -8 -7 -6 13  0 -7    0   0   0   0   0   0   0   0   0   0   0   0   0   1   0   0   0  98   1   0  4.60 inf
   49 H   -4 -1 -1 -4  3 -2 -3 -5  9 -3 -2  0 -4  0 -5 -2 -2 -4  1 -3    0   3   2   0   7   0   0   0  63   1   3   6   0   4   0   2   2   0   4   1  1.59 inf
   50 N   -5 -4  9 -2 -6 -3 -3 -4 -1 -7 -7 -3 -5 -6 -5 -2 -3 -7 -5 -6    0   0  99   0   0   0   0   0   1   0   0   0   0   0   0   0   0   0   0   0  2.56 inf
   51 H   -4 -2  2 -4 -6  3 -3 -5 10 -6 -6 -3 -4 -5 -5 -3 -3 -5 -2 -4    1   1   8   0   0  12   0   0  76   0   0   0   0   0   0   1   1   0   0   1  2.29 inf
   52 L   -4 -5 -6 -6 -4 -5 -6 -6 -6 -1  6 -5  0 -2 -6 -5 -4 -4 -4  0    0   0   0   0   0   0   0   0   0   0  94   0   0   0   0   0   0   0   0   6  1.56 inf
   53 N   -2  3  6  4 -1 -1 -2 -3  0 -5 -5 -1 -4 -5 -4 -1 -3 -6 -4 -5    2  18  43  27   1   1   0   0   2   0   0   1   0   0   0   4   0   0   0   0  1.05 inf
   54 P   -4 -5 -5 -5 -6 -4 -4 -1 -5 -6 -5 -4 -6 -7  9 -3 -4 -7 -6 -6    0   0   0   0   0   0   0   6   0   0   1   0   0   0  93   1   0   0   0   0  2.80 inf
   55 E    0 -2  3  4 -1  0  3 -1  0 -4 -3  0 -2 -4 -3  1  0 -5 -3 -3    7   0  19  25   2   4  19   5   2   0   1   3   1   0   0   7   6   0   0   1  0.46 inf
   56 V   -3 -5 -4 -6 -3 -5 -5 -6 -6  7  1 -5 -1 -2 -5 -5 -3 -5 -4  3    0   0   1   0   0   0   0   0   0  70  11   0   0   0   0   0   0   0   0  18  1.34 inf
   57 K   -3  3  3 -2  0 -1 -2 -4 -3 -3 -4  6 -2 -5 -4 -1 -2 -5 -4 -3    0  15  16   1   2   0   0   0   0   2   0  56   1   0   0   4   1   0   0   2  0.96 inf
   58 K   -3  4 -2 -3 -6 -1 -2 -4  1 -5 -5  7 -4 -6 -4 -3 -3 -6 -4 -5    0  20   0   0   0   0   0   0   4   0   0  75   0   0   0   0   1   0   0   0  1.57 inf
   59 T   -1 -1  0  4 -2  0  2  1 -2 -3 -4  0 -3 -3  1  2  1 -4 -3 -3    4   1   3  24   1   4  16  10   0   1   0   6   0   1   6  16   9   0   0   1  0.38 inf
   60 S    2 -1 -1 -1 -1 -1 -1 -1 -2 -2 -3 -1 -2 -4  5  2 -1 -3 -4 -2   24   3   2   2   1   1   3   2   1   2   0   3   0   0  34  16   3   0   0   2  0.67 inf
   61 W   -6 -6 -7 -8 -6 -6 -7 -1 -6 -6 -5 -7 -5  2 -7 -6 -6 12 -1 -6    0   0   0   0   0   0   0   6   0   0   0   0   0   8   0   0   0  86   0   0  3.90 inf
   62 T   -2 -4 -2 -2 -4 -2 -2 -3 -4 -3 -4 -3 -3 -5 -4  3  7 -5 -4 -3    0   0   1   2   0   1   1   1   0   0   0   0   0   0   0  24  70   0   0   0  1.34 inf
   63 E   -1 -1 -2  1 -4  2  5 -4 -2 -3 -2  0 -3 -4  2 -1 -1 -5 -3 -2    4   3   1   7   0   7  47   0   0   1   5   4   0   0  11   3   4   0   1   2  0.61 inf
   64 E   -2 -3 -1  2 -6  0  7 -4 -1 -5 -5 -1 -4 -5 -4 -2 -3 -2 -3 -4    2   0   2   8   0   3  79   0   1   0   1   1   0   0   0   0   0   1   1   1  1.46 inf
   65 E   -4 -3 -3 -1 -7 -1  8 -5 -3 -6 -6 -2 -5 -6 -4 -3 -4 -6 -5 -5    0   0   0   1   0   0  98   0   0   0   0   0   0   0   0   0   0   0   0   0  2.16 inf
   66 D   -4 -4 -2  7 -6 -1  4 -4 -3 -6 -6 -2 -5 -6 -4 -3 -4 -6 -5 -4    0   0   0  66   0   1  32   0   0   0   0   1   0   0   0   0   0   0   0   1  1.70 inf
   67 R   -1  5  0 -2 -3  1  0 -3 -1 -1  0  1  1 -3 -3 -1 -2  4 -1 -2    4  38   5   2   0   6   5   0   1   3  11   7   4   0   0   4   1   7   1   1  0.44 inf
   68 I    0 -3 -4 -4 -3 -3 -2 -5 -4  5  1 -1  1 -2 -4 -3  0 -4 -2  2    8   1   0   0   0   1   2   0   0  52  12   5   4   0   0   0   5   0   0   9  0.61 inf
   69 I   -4 -5 -6 -6 -3 -5 -5 -6 -5  5  5 -5  0 -1 -5 -5 -3 -4 -3  0    0   0   0   0   0   0   0   0   0  44  54   0   1   1   0   0   0   0   0   1  1.20 inf
   70 Y   -1 -2 -4 -4  1 -3 -3 -5 -2  4  1 -3  2  1 -4 -3 -2 -2  4  2    3   2   0   0   3   0   1   0   0  37   8   1   5   5   0   0   1   0  18  14  0.55 inf
   71 Q   -1  0  0  1 -4  3  4 -3  1 -3 -1  1 -1 -3 -3  0  0 -4 -1 -3    5   4   4   6   0  18  30   1   4   1   7   7   1   1   0   4   6   0   2   0  0.37 inf
   72 A    5 -3 -3 -4  1 -2 -3 -2 -1 -2  0 -2  0 -1 -3  0 -1 -2  2  0   59   0   0   0   2   1   0   0   2   0   9   2   2   2   0   4   3   0   8   5  0.56 inf
   73 H   -5 -2 -3 -4 -6  2 -3 -5 10 -6 -3 -4 -1 -4 -5 -4 -5 -5 -1 -6    0   1   0   0   0   9   0   0  85   0   3   0   1   0   0   0   0   0   1   0  2.67 inf
   74 K    2  2 -1 -2 -2  2  1 -2 -1 -2 -2  4 -1 -3 -3  0 -1 -4 -3 -3   18  13   1   1   1  10   8   1   1   1   3  33   1   0   0   4   3   0   0   0  0.42 inf
   75 R   -1  3 -1 -1 -3  2  1 -2 -1  1 -1  2  1 -3 -3  0  0 -4 -3  0    3  16   1   1   0   8  12   1   1  14   5  19   3   0   0   5   4   0   0   6  0.22 inf
   76 L   -3 -3 -3 -4 -2 -3 -4 -5  4  1  3 -3  1  2 -4 -3 -2  1  4  1    0   0   1   0   1   0   0   0  13   9  32   1   4   9   0   0   1   2  18   9  0.56 inf
   77 G   -2 -4 -1 -3 -5 -4 -2  7 -5 -7 -6 -4 -5 -6 -5 -2 -4 -5 -6 -6    0   1   2   1   0   0   3  92   0   0   0   0   0   0   0   1   0   0   0   0  1.97 inf
   78 N   -4 -3  8 -2 -6 -3 -3 -3 -2 -6 -7 -3 -5 -6 -3  0 -2 -7 -5 -6    0   0  93   0   0   0   0   0   0   0   0   0   0   0   1   5   1   0   0   0  2.27 inf
   79 R   -3  5 -3 -3 -6  2 -1 -4 -1 -5 -5  6 -4 -1 -4 -2 -3 -5 -4 -5    0  37   0   0   0   6   1   0   1   0   0  50   0   3   0   1   0   0   0   0  1.24 inf
   80 W   -6 -7 -8 -8 -6 -6 -7 -6 -6 -6 -5 -7 -5  0 -8 -7 -6 13 -1 -7    0   0   0   0   0   0   0   0   0   0   0   0   0   3   0   0   0  97   0   0  4.54 inf
   81 A    6 -4 -4 -4 -1 -3 -3 -2 -4 -3 -2 -3 -3 -4 -3  2 -1 -5 -4  0   76   0   0   0   1   0   1   0   0   0   3   0   0   0   0  12   3   0   0   5  1.08 inf
   82 E   -1 -1 -2  1 -5  0  6 -4 -2 -5 -4  2 -1 -1 -3 -1 -3 -5 -2 -3    4   1   0   5   0   2  66   0   0   0   1  10   2   4   0   2   0   0   1   1  1.02 inf
   83 I   -4 -5 -6 -6 -4 -5 -6 -7 -6  8  0 -2  0 -3 -6 -5 -3 -5 -4  0    0   0   0   0   0   0   0   0   0  91   4   3   1   0   0   0   0   0   0   0  1.79 inf
   84 A    6 -4 -3 -4 -3 -3 -3 -2 -4 -4 -2 -3 -2 -5 -3  2  0 -5 -4 -3   76   0   0   0   0   0   0   0   0   0   3   0   0   0   0  16   4   0   0   0  1.15 inf
   85 K   -2  3 -2 -3 -5  0 -1 -3 -3 -5 -5  7 -4 -5 -4 -2 -3 -5  0 -5    2  14   1   0   0   3   2   1   0   0   0  72   0   0   0   1   1   0   3   0  1.30 inf
   86 L   -3  1 -3 -4 -2 -1 -2 -4  3  0  3 -2  2  2 -4 -2 -2 -3  1  0    0  11   1   0   1   2   1   0   8   2  44   1   7   9   0   2   1   0   6   5  0.40 inf
   87 L   -3 -4 -5 -6 -3 -4 -5 -6 -5  2  6 -5  2  0 -5 -2 -3 -4 -3  0    0   0   0   0   0   0   0   0   0  10  78   0   3   3   0   3   0   0   0   2  1.13 inf
   88 P   -3 -3 -2 -2 -5 -2 -1 -5 -2 -3 -5 -1 -5 -1  8 -3 -3 -6 -5 -3    1   1   2   2   0   1   4   0   1   1   0   3   0   3  78   1   1   0   0   2  2.01 inf
   89 G   -3 -5 -2 -4 -5 -5 -5  7 -5 -6 -3 -4 -5 -6 -5 -3 -4 -5 -6 -6    0   0   1   0   0   0   0  95   0   0   3   0   0   0   0   0   0   0   0   0  2.10 inf
   90 R   -5  8 -4 -5 -7 -2 -3 -6 -3 -6 -5 -1 -5 -6 -5 -4 -4 -6 -5 -6    0 100   0   0   0   0   0   0   0   0   0   0   0   0   0   0   0   0   0   0  2.48 inf
   91 T   -2 -4 -2 -4 -4 -3 -4 -4 -4 -3 -3 -3 -3 -4 -2  2  7 -5 -4 -3    0   0   1   0   0   0   0   0   0   0   1   0   0   0   1  11  85   0   0   0  1.64 inf
   92 D   -2 -4  0  7 -6 -2  3 -3 -3 -6 -6 -3 -5 -6 -4 -3 -4 -7 -5 -6    2   0   2  74   0   0  20   1   0   0   0   0   0   0   0   0   0   0   0   0  1.71 inf
   93 N   -5 -3  9 -2  0 -3 -3 -3 -2 -6 -6 -1 -5 -6 -5 -2 -3 -7 -5 -6    0   0  95   0   2   0   0   0   0   0   0   2   0   0   0   0   0   0   0   0  2.34 inf
   94 A    5 -3 -1 -3 -1 -1 -3 -2  0 -3 -4 -3 -3 -4 -3  3  0 -5 -4 -3   64   0   2   0   1   2   0   1   2   1   0   0   0   0   0  22   5   0   0   0  0.91 inf
   95 V   -4 -6 -6 -6  1 -5 -6 -6 -6  7 -1 -5 -1 -3 -5 -5 -3 -5 -4  3    0   0   0   0   3   0   0   0   0  80   0   0   0   0   0   0   0   0   0  16  1.58 inf
   96 K   -3  1 -3 -3 -6 -1 -2 -4 -3 -6 -5  8 -4 -6 -4 -3 -3 -6 -5 -5    0   3   0   0   0   0   0   0   0   0   0  97   0   0   0   0   0   0   0   0  1.97 inf
   97 N   -4 -3  9 -1 -6 -3 -1 -3 -2 -6 -6 -3 -5 -6 -5 -2 -3 -7 -5 -6    0   0  97   0   0   0   3   0   0   0   0   0   0   0   0   0   0   0   0   0  2.35 inf
   98 H   -4  3 -2 -4 -6 -2 -3 -5 10 -6 -5 -3 -4 -2 -5 -4 -4 -5  1 -6    0  19   0   0   0   0   0   0  76   0   0   0   0   1   0   0   0   0   3   0  2.35 inf
   99 W   -6 -6 -7 -8 -6 -6 -6 -6 -6 -6 -5 -7 -5  0 -7 -6 -6 13  1 -6    0   0   0   0   0   0   0   0   0   0   0   0   0   4   0   0   0  94   3   0  4.27 inf
  100 N   -4 -3  8 -1 -6 -3 -3 -3  2 -6 -6 -3 -5 -6 -5 -2 -3 -6 -2 -6    0   0  93   0   0   0   0   0   5   0   0   0   0   0   0   0   0   0   2   0  2.21 inf
  101 S    2 -3  0 -3  3 -3 -3 -2 -3 -4 -5 -3 -4 -5 -3  6 -1 -5 -4 -4   17   0   4   0   6   0   0   1   0   0   0   0   0   0   0  71   0   0   0   0  1.10 inf
  102 T   -1 -3 -1 -3 -3 -3 -3 -2  1 -3 -3 -2 -1 -3 -3  3  6 -5 -3 -2    3   0   1   0   0   0   0   3   4   0   1   1   2   1   0  24  60   0   0   0  0.94 inf
  103 M   -2 -2 -3 -4 -3 -2 -3 -5 -4  2  3  2  6 -2 -4 -3 -2 -4 -3  1    2   1   1   0   0   0   0   0   0  10  31  15  31   1   0   0   0   0   0   8  0.67 inf
  104 R   -2  6 -2 -3 -5  0 -2 -4 -3 -5 -4  5 -3 -5 -4 -1 -2 -5 -4 -4    2  44   0   0   0   2   0   0   0   0   1  46   0   0   0   3   1   0   0   0  1.19 inf
  105 R   -4  7 -3 -4 -6 -1 -2 -4 -3 -5 -5  5 -4 -5 -4 -3 -3 -5 -4 -5    0  68   0   0   0   0   0   0   0   0   0  32   0   0   0   0   0   0   0   0  1.64 inf

                      K         Lambda
Standard Ungapped    0.1317     0.3149
Standard Gapped      0.0655     0.2670
PSI Ungapped         0.2138     0.3139
PSI Gapped           0.0655     0.2670
