
Last position-specific scoring matrix computed, weighted observed percentages rounded down, information per position, and relative weight of gapless real matches to pseudocounts
           A  R  N  D  C  Q  E  G  H  I  L  K  M  F  P  S  T  W  Y  V   A   R   N   D   C   Q   E   G   H   I   L   K   M   F   P   S   T   W   Y   V
    1 I   -5 -7 -7 -7 -5 -7 -7 -8 -7  8 -2 -7 -3 -4 -7 -6 -4 -7 -5  3    0   0   0   0   0   0   0   0   0  81   0   0   0   0   0   0   0   0   0  19  2.17 inf
    2 V   -3 -6 -7 -7 -5 -6 -6 -7 -7  2 -2 -6 -3 -5 -6 -4 -2 -7 -5  7    1   0   0   0   0   0   0   0   0   7   1   0   0   0   0   1   1   0   0  90  2.09 inf
    3 E   -3 -5  2 -2 -6 -4 -1  7 -1 -7 -7 -3 -5 -7 -6 -3 -5 -6 -6 -7    0   0   8   2   0   0   5  80   2   0   0   2   0   0   0   1   0   0   0   0  1.86 inf
    4 G   -3 -7 -5 -6 -7 -6 -6  8 -6 -8 -8 -6 -7 -7 -6 -4 -6 -7 -7 -7    1   0   0   0   0   0   0  99   0   0   0   0   0   0   0   0   0   0   0   0  2.70 inf
    5 S   -1  1  0  1 -4  3  2 -3 -1 -3 -2  1  1 -3 -3  0  2  1 -2 -1    4   9   3   7   0  14  13   0   1   1   2  10   4   1   0   7  18   2   1   3  0.30 inf
    6 D   -2 -3  4  5 -5 -1  2 -4 -2 -2 -1 -3 -1 -4 -1 -2 -1 -6 -4  1    3   1  19  33   0   1  15   0   0   2   6   0   1   1   2   1   3   0   0  11  0.62 inf
    7 A    5 -5 -4 -5  7 -4 -3 -1 -5 -5 -5 -4 -4 -6 -5  2  0 -6 -5 -2   42   0   0   0  27   0   1   4   0   0   0   0   0   0   0  18   5   0   0   2  1.25 inf
    8 E   -1  2 -2  1 -4  0  2 -2  0 -2 -2  2 -1 -3  3  1 -1 -5 -4 -1    2  11   1   7   0   3  14   2   2   2   4  17   2   1  17   9   2   0   0   4  0.36 inf
    9 I   -1  1 -3 -1 -1  1  2 -4 -2 -1  0  2 -2 -4  4 -2 -2  3 -3  0    4   8   0   3   2   6  15   0   1   3   8  17   0   0  18   1   1   4   0   8  0.38 inf
   10 G   -2 -5 -2 -5 -7 -6 -6  8 -6 -8 -8 -5 -7 -7 -6 -4 -6 -7 -7 -7    2   0   2   0   0   0   0  96   0   0   0   0   0   0   0   0   0   0   0   0  2.52 inf
   11 M   -1 -3 -3  1 -5  2  6 -2  1 -4 -2 -1 -3 -3 -4  1 -3 -6 -4 -3    5   0   0   6   0   9  51   4   3   1   4   1   0   1   0  12   0   0   0   2  0.84 inf
   12 S    0 -3 -5 -7  8 -6 -6 -6 -6 -1 -5 -6 -5  1 -6  1 -4 10 -1 -2    9   2   0   0  27   0   0   0   0   4   0   0   0   6   0  11   0  37   1   2  1.96 inf
   13 P   -5 -7 -7 -6 -8 -6 -6 -7 -7 -8 -8 -6 -7 -8  9 -5 -6 -9 -8 -7    1   0   0   0   0   0   0   0   0   0   0   0   0   0  99   0   0   0   0   0  3.46 inf
   14 W   -7 -7 -8 -9 -7 -5 -8 -7 -7 -7 -7 -8 -6 -4 -8 -8 -7 13 -2 -8    0   0   0   0   0   1   0   0   0   0   0   0   0   0   0   0   0  97   1   0  5.02 inf
   15 Q   -5 -3 -4 -5 -7  9 -3 -6 -3 -6 -5 -3  0 -7 -6 -5 -5 -6 -6 -4    0   0   0   0   0  93   0   0   0   0   1   0   2   0   0   0   0   0   0   1  2.79 inf
   16 V    4 -5 -6 -6 -4 -5 -5 -4 -6  0 -3 -5 -3 -5 -5 -4 -3 -6 -4  6   37   0   0   0   0   0   0   1   0   3   0   0   0   0   0   0   0   0   0  58  1.41 inf
   17 M    0 -2 -3 -4 -3 -2 -3 -3 -1  0  2 -3  5 -2 -4  4 -1 -4 -3  1    7   2   0   0   0   2   0   1   2   5  21   0  17   1   0  32   2   0   1   8  0.55 inf
   18 L   -5 -6 -7 -7 -5 -6 -6 -7 -6  1  6 -6  1 -3 -6 -6 -5 -5 -5 -2    0   0   0   0   0   0   0   0   0   5  90   0   3   0   0   0   0   0   0   1  1.85 inf
   19 F   -2 -2 -2 -3 -3  3 -2 -4  4  1  1 -2  2  2 -3 -1 -2  1  2  1    1   1   1   1   0  18   1   1  13   9  15   1   5   9   1   3   2   2   6  10  0.36 inf
   20 R    0  2  2  0 -2  0  0 -2 -1  0  0  0  0  0 -2 -1 -1  0  2  1    6  17  10   4   0   3   5   2   1   3   7   4   3   4   1   4   2   1   8  14  0.10 inf
   21 K   -3  2  3  2 -5  0  2 -3 -1 -4 -3  4 -3 -4 -2 -1 -2 -4 -2 -3    1  12  18  11   0   3  11   1   1   0   3  28   0   1   2   3   2   0   2   1  0.54 inf
   22 S    0 -1  1 -1 -3 -1  1  3 -1 -3 -2  0 -3 -4 -3  3  1 -3 -3 -2    5   3   6   2   0   1   8  27   1   1   3   4   0   0   1  26   7   0   1   2  0.39 inf
   23 P    0  1  1  1 -2  0  0  0 -1 -2 -2  2 -1 -2  2  1  0 -2  0 -1    6   7   6   6   0   3   5   7   1   2   4  15   1   1  11  10   7   0   4   3  0.14 inf
   24 Q   -1  0  1 -1 -3  4  0  3  1 -2 -3  1 -2 -2 -2 -1 -2 -3 -1 -2    3   4   7   3   0  23   6  25   4   3   2   9   1   1   1   2   2   0   2   3  0.36 inf
   25 E   -1  1  0  0 -3  0  3  1  0 -2 -2  2 -1 -1 -2  0  0 -3 -1 -2    4   9   3   5   0   3  23  11   2   3   3  12   1   2   1   7   4   0   2   3  0.19 inf
   26 L   -1 -3 -3 -4 -2 -2 -3  2  7 -2  2 -3  0  2  0 -3 -3 -2 -1 -2    5   0   0   0   1   1   1  17  29   1  24   0   2   8   5   1   0   0   1   3  0.69 inf
   27 L   -1 -4 -5 -5 -4 -4 -5 -4 -1  1  3 -3  0  6 -5 -3 -3 -3  0  2    6   0   0   0   0   0   0   1   2   8  26   2   1  36   0   1   1   0   2  14  0.79 inf
   28 C   -5 -8 -7 -8 12 -8 -8 -6 -8 -6 -6 -8 -6 -7 -8 -6 -6 -7 -7 -6    0   0   0   0  99   0   0   1   0   0   0   0   0   0   0   0   0   0   0   0  4.36 inf
   29 G   -3 -6 -4 -5 -7 -6 -6  8 -6 -8 -8 -6 -7 -7 -6 -3 -6 -7 -7 -7    0   0   0   0   0   0   0  98   0   0   0   0   0   0   0   1   0   0   0   0  2.64 inf
   30 A    4 -6 -4 -5 -5 -5 -5  6 -6 -6 -6 -5 -6 -7 -5 -3 -4 -6 -6 -6   31   0   0   0   0   0   0  68   0   0   0   0   0   0   0   0   0   0   0   0  1.78 inf
   31 S   -1 -4 -3 -4 -3 -4 -4 -4 -5 -2 -5 -4 -4 -6 -4  6  4 -6 -5  1    4   0   0   0   0   0   0   0   0   2   0   0   0   0   0  59  24   0   0  10  1.27 inf
   32 L   -5 -6 -7 -7 -5 -6 -6 -7 -6  5  5 -6 -1 -3 -6 -6 -4 -5 -4  0    0   0   0   0   0   0   0   0   0  35  60   0   0   0   0   0   0   0   0   5  1.49 inf
   33 I   -5 -6 -7 -7 -5 -6 -7 -7 -6  7  3 -6 -1 -2 -6 -6 -4 -6 -2  1    0   0   0   0   0   0   0   0   0  64  26   0   0   1   0   0   0   0   1   7  1.61 inf
   34 S    1 -4  4  1 -4 -3 -2 -1  4 -6 -6 -2 -5 -5 -4  5 -1 -6 -4 -5   10   0  22   6   0   0   1   5   9   0   0   1   0   0   0  42   3   0   0   0  0.89 inf
   35 D   -2 -1  2  3 -5 -1  3 -4  1 -5 -5 -1 -4 -5  4  1  0 -6 -4 -3    3   3  10  19   0   2  19   0   4   0   0   2   0   0  21  11   5   0   0   1  0.68 inf
   36 R   -2  4  1 -1 -5  4  1 -3  0 -2 -3  1 -3  0 -4  1  0 -1  0 -4    1  22   6   3   0  19   7   1   2   2   1   9   0   4   0  13   5   1   4   0  0.43 inf
   37 W   -7 -8 -7 -9 -5 -7 -8 -8  0 -4 -6 -8 -6  0 -9 -8 -7 13  2 -7    0   0   0   0   0   0   0   0   2   1   0   0   0   3   0   0   0  87   6   0  4.35 inf
   38 V   -4 -6 -6 -7 -4 -6 -6 -7 -7  4  1 -6  0 -4 -6 -5 -4 -6 -5  6    0   0   0   0   0   0   0   0   0  24  13   0   2   0   0   0   0   0   0  61  1.47 inf
   39 L   -3 -6 -6 -7 -4 -5 -6 -7 -6  2  5 -6 -1 -3 -6 -5 -4 -5 -4  4    1   0   0   0   0   0   0   0   0   9  54   0   0   0   0   0   0   0   0  33  1.24 inf
   40 T   -3 -5 -4 -5 -3 -5 -5 -5 -6 -5 -5 -5 -5 -6 -5  3  7 -7 -6 -4    0   0   0   0   0   0   0   0   0   0   0   0   0   0   0  24  75   0   0   0  1.98 inf
   41 A    7 -6 -6 -6 -5 -5 -5 -4 -6 -5 -6 -5 -5 -6 -5 -3 -4 -7 -6 -4   99   0   0   0   0   0   0   0   0   0   0   0   0   0   0   0   0   0   0   0  2.29 inf
   42 A    7 -6 -6 -6 -4 -5 -5 -4 -6 -5 -6 -5 -5 -6 -5 -2 -3 -7 -6 -4   97   0   0   0   0   0   0   0   0   0   0   0   0   0   0   1   1   0   0   0  2.19 inf
   43 H   -7 -5 -4 -6 -8 -3 -5 -7 11 -8 -8 -6 -6 -6 -7 -6 -7 -7 -3 -8    0   0   0   0   0   0   0   0 100   0   0   0   0   0   0   0   0   0   0   0  4.09 inf
   44 C   -5 -9 -8 -9 12 -8 -9 -8 -8 -6 -6 -8 -6 -7 -8 -6 -6 -7 -7 -6    0   0   0   0 100   0   0   0   0   0   0   0   0   0   0   0   0   0   0   0  4.46 inf
   45 L   -4 -5 -6 -6 -4 -5 -5 -6 -3  3  3 -5  3  6 -5 -5 -3 -3 -1  2    0   0   0   0   0   0   0   0   0  14  27   0   7  33   0   0   0   0   1  17  0.99 inf
   46 L   -1 -1  1  1 -2  2  2 -2  1  0  1  0  0 -1 -1 -1 -1  0  0  0    4   3   8   9   0  10  14   2   5   4  15   3   2   3   3   2   4   1   3   6  0.09 inf
   47 Y   -1 -1  0  2 -2  2  1  0  0 -2 -1  0 -2 -1  0  0 -1 -2  3 -2    3   3   4  15   1  13  10   7   2   3   6   4   1   1   5   5   3   0  14   2  0.21 inf
   48 P    0 -1  0  0 -1  0  1  0 -1 -1  0  0 -1 -1  3  0  1 -1 -1  0    5   3   3   7   1   3   8   6   2   4   8   5   1   2  16   9   9   1   2   6  0.14 inf
   49 P   -1  1  0  0 -1  0  0  0 -1 -1 -1  1 -1 -1  4  0  0 -1 -1  0    5   7   4   6   1   4   4   6   1   4   6   8   1   2  22   5   4   1   2   7  0.22 inf
   50 W   -1  0  0  0 -1  0 -1  0  0 -1 -1 -1 -1  0  1  0 -1  6  2 -1    5   4   4   5   1   4   4   9   2   4   7   4   1   4   7   6   4  12   7   5  0.16 inf
   51 D    0 -1  1  3 -1  0  0  0  1  0 -1 -1 -1  0  0  0 -1  0  0 -1    7   3   5  25   1   3   4   7   5   5   5   3   1   6   3   5   3   1   2   4  0.14 inf
   52 K   -1  3  0  0 -2  0  0 -1  1 -2 -1  3 -1 -1 -1  1 -1 -2 -1 -1    3  16   3   5   1   4   6   5   3   2   5  22   1   2   2   9   3   1   2   3  0.19 inf
   53 N   -1 -1  3  0 -2  0 -1  0 -1  0  0 -1  0  0  0  0  0 -1  2 -1    3   3  20   4   1   3   3   7   1   7  10   4   3   2   5   5   5   1  10   4  0.10 inf
   54 F    0  0  0 -1 -1  0 -1  0 -1  0  0  0  0  2  0  1  0  2  1 -1    7   7   3   3   1   3   4   5   1   5   9   4   2  14   4  14   5   3   4   4  0.05 inf
   55 T   -1  0  1  1 -2  1  0 -1  0 -1 -1  0 -1 -2  0  2  2 -2 -1 -1    4   4   7  10   1   5   5   3   2   4   4   4   1   2   4  18  17   0   2   4  0.15 inf
   56 E    1 -2 -2 -2 -2 -1  0 -1  0 -1 -2 -1 -2 -2  4  1  0  2 -2  0   15   2   1   2   0   3   8   4   3   4   4   3   1   2  25   9   5   4   1   7  0.34 inf
   57 N   -1  2  2  1 -3  0  0 -1  0 -3 -3  3 -2 -3 -2  2  0 -2 -1 -2    4   9  12   8   0   2   4   5   3   1   1  20   1   1   1  19   5   0   2   2  0.29 inf
   58 D   -1  1  2  2 -3  1  0  0 -1 -1 -1  2  0 -2 -2  1  0 -3 -2 -1    1   7  10  15   0   7   5   7   1   4   6  13   3   1   1   9   4   0   1   5  0.15 inf
   59 L   -4 -5 -5 -6 -4 -5 -5 -3 -5  3  3 -5 -1  3 -5 -3 -4  9  0  0    0   0   0   0   0   0   0   2   0  19  26   0   1  13   0   2   0  27   2   5  1.23 inf
   60 L   -2  2 -1 -3 -3 -1 -1 -4 -1  0  1  2 -1 -1 -3  0  4 -4 -1 -1    1  11   2   0   0   1   4   0   1   6  12  12   1   3   0   6  33   0   2   2  0.36 inf
   61 V    2 -6 -6 -6 -4 -5 -5 -5 -6  3 -1 -5 -3 -4 -5 -4 -2 -6 -4  6   15   0   0   0   0   0   0   0   0  13   3   0   0   0   0   1   1   0   0  65  1.31 inf
   62 R   -3  5 -3 -5 -5 -3 -4 -5 -1  0 -3 -1 -3  1 -5 -3  0 -3  5  3    1  35   0   0   0   0   0   0   1   5   1   2   0   6   0   1   6   0  19  23  0.84 inf
   63 I    1 -5 -5 -5 -3 -4 -5 -3 -5  2  4 -4  2 -2 -5 -2 -2 -5 -4  3   11   0   0   0   0   0   0   2   0  12  46   0   4   0   0   3   1   0   0  21  0.73 inf
   64 G   -4 -6 -4 -5 -6 -6 -6  8 -6 -8 -5 -6 -7 -7 -6 -3 -6 -7 -7 -7    0   0   0   0   0   0   0  97   0   0   1   0   0   0   0   1   0   0   0   0  2.54 inf
   65 K   -2 -1 -2  2 -5 -1  5 -4 -3  0  1  3 -1 -4 -4 -2 -2 -5 -4 -2    2   3   1  10   0   1  38   0   0   6  14  19   2   0   0   3   1   0   0   1  0.62 inf
   66 H   -5  1 -3 -5 -6  0 -4 -6  9 -1  0 -3 -4  1 -6 -4 -4 -4  4 -1    0   7   1   0   0   5   0   0  49   4   8   1   0   4   0   0   1   0  15   5  1.51 inf
   67 S   -2  0  4  5 -5 -2 -1 -3  0 -4 -4 -2  0 -2 -4  1  0 -1 -3 -3    2   4  21  39   0   1   3   1   2   1   2   2   3   2   0   9   6   1   1   2  0.75 inf
   68 R   -2  4 -3 -3 -4  3 -2 -4 -3  1  2  0  1 -1 -4 -2  1 -2 -3  0    2  22   0   1   0  15   1   1   0  10  22   6   3   2   0   2   9   1   0   5  0.37 inf
   69 T    0  1  2  0 -3  1  1 -1 -1 -3 -1 -1 -1 -3 -3  3  2 -3  0 -3    5   8   9   3   0   7  10   3   1   1   5   1   2   1   0  27  13   0   3   1  0.29 inf
   70 R   -1  3  1 -1 -4  1  3 -1 -1 -2 -3  3 -2 -4 -3  0  0 -5 -4 -1    3  21   8   1   0   4  19   5   1   3   2  19   1   0   0   4   5   0   0   4  0.41 inf
   71 Y   -1  2  0 -1 -3  0  0 -1  0  0 -1  1 -1  0  0  0  1  2  2  0    3  13   3   3   0   3   5   3   2   7   7   8   1   3   4   8   8   3  11   5  0.08 inf
   72 E   -3 -1  2  3 -5  0  5 -4 -2 -5 -5 -1 -3 -5 -3  0  1 -1 -4 -5    0   2   8  16   0   2  48   1   1   0   0   2   0   0   1   8   8   1   0   0  0.91 inf
   73 R    0  2  0  1 -2  0  1  1 -1 -2 -2  1 -1 -2  2  0  0  0 -2 -1    6  11   4   8   0   3  11  11   1   1   3   9   1   2  11   7   4   1   1   3  0.16 inf
   74 N   -1 -2  3  1 -4 -2 -1  3  2 -4 -4  1 -3 -4  1  1  0 -2 -3 -4    2   0  18   7   0   1   3  23   5   0   1  11   0   0   7  11   7   1   0   0  0.44 inf
   75 I   -1 -1  0 -1 -3  0  2  0  0  0 -2 -1  1 -2 -1 -1  4  3 -1 -1    3   2   4   2   0   5  13   7   2   7   2   2   3   1   3   3  31   4   2   4  0.27 inf
   76 E   -2 -2 -3 -2 -5  3  6 -4 -2 -2 -4 -2 -2 -5 -4 -2 -1 -5 -3  0    2   1   0   1   0  12  61   1   1   2   1   1   1   0   0   1   4   0   1   9  1.13 inf
   77 K   -1  1 -2 -3 -4  5 -1 -3 -2 -2 -2  3  1 -3  0 -1 -1 -4 -3  2    4   6   1   0   0  33   1   1   1   2   2  17   4   1   5   3   3   0   0  16  0.55 inf
   78 I   -1  0 -1  2 -3 -1  1 -3 -1  2 -1 -1  1  1 -3  1  1 -1 -1  0    4   6   2  11   0   0  10   1   1  17   4   2   4   7   0  10  10   1   1   7  0.11 inf
   79 S   -1  4 -2 -3 -4 -2 -2 -3  5 -1  0 -1 -2  1 -3  1 -3 -4  0 -1    5  30   1   1   0   1   1   2  14   5   9   1   0   7   1  14   0   0   2   4  0.46 inf
   80 M    0  1  1  0 -3  2  1 -1  0 -2 -1  2  1 -3 -1  0  0  1 -2 -1    6  10   6   6   0  10   9   4   2   1   5  15   6   0   2   6   7   2   1   4  0.14 inf
   81 L   -4 -6 -6 -6 -4 -6 -5 -7 -6  4  2 -6 -2 -3 -6 -5 -4 -6 -4  6    0   0   0   0   0   0   0   0   0  26  14   0   0   0   0   0   0   0   0  58  1.42 inf
   82 E    1  0 -2  3 -4  1  3 -3 -2 -1 -2  3 -3 -4 -3  0  0 -5 -4 -1   11   3   0  16   0   6  19   0   0   5   4  19   0   0   0   7   4   0   0   3  0.36 inf
   83 K   -3  4 -2 -2 -6  4  3 -5 -1 -5 -4  4 -1 -5 -4 -3 -2 -5 -4 -2    1  25   1   1   0  18  16   0   1   0   1  29   1   0   0   1   2   0   0   3  0.89 inf
   84 I   -2 -5 -6 -6 -2 -4 -5 -6 -6  6  1 -5  0 -2 -5 -3 -2 -2 -2  3    4   0   0   0   1   1   0   0   0  58   9   0   1   1   0   2   2   1   1  20  1.18 inf
   85 Y   -3 -5 -5 -6 -4 -5 -5 -6  3  6  1 -5 -2  2 -5 -5 -3  1  2  2    1   0   0   0   0   0   0   0   7  51  11   0   0   8   0   0   1   2   6  11  1.04 inf
   86 I   -2 -2 -3 -4 -1 -3 -4 -5 -4  4  1  0  2 -1  1 -1  0 -4 -2  3    2   2   1   0   1   0   0   0   0  30  10   7   5   2   9   4   5   0   1  20  0.43 inf
   87 H   -6 -5  0 -5 -7 -4 -4 -6 11 -7 -7 -5 -6 -5 -1 -5 -6 -6 -1 -7    0   0   3   0   0   0   0   0  89   0   0   0   0   0   4   0   0   0   2   0  3.38 inf
   88 P   -3 -3  0 -1 -6 -1  1 -5  2 -6 -5 -2 -5 -4  7  0 -3 -6 -4 -6    1   1   5   3   0   3   9   0   5   0   1   2   0   1  59   6   1   0   1   0  1.52 inf
   89 R   -2  2  3  1 -4  1 -1 -1  3 -4 -3  3 -2 -2 -3  0 -1 -4  0 -4    2  14  19   6   0   7   1   4   7   0   2  19   1   2   0   7   4   0   4   0  0.40 inf
   90 Y   -5 -6 -6 -7 -6 -6 -6 -7 -3 -5 -5 -5 -5  5 -7 -6 -4 -2  9 -5    1   0   0   0   0   0   0   0   0   0   0   0   0  18   0   0   1   0  77   0  2.69 inf
   91 N   -2 -1  6  2 -3 -1 -1 -2  2 -3 -3  0 -3 -3 -3  0  1 -4  0 -2    2   2  41  11   0   3   2   1   4   1   2   6   0   1   1   7   8   0   3   4  0.64 inf
   92 W    1  0 -1 -1 -2 -1  0 -1 -1  0 -1  0  0  0  0  0 -1  5  0  1   13   4   2   3   1   2   6   5   2   7   4   6   2   3   4   9   3   9   3  13  0.10 inf
   93 R    0  3  1  1 -4  0  0 -2 -1 -4 -3  2 -2 -4  1  2  0 -4 -3 -3    5  20   5   8   0   3   5   2   1   0   1  16   1   0   8  15   6   0   1   1  0.35 inf
   94 E   -1 -1 -1  1 -3  0  3  0 -1  0 -1  0 -1  1 -3  0  1 -3  0 -1    2   3   2   9   0   3  24   6   1   7   6   4   1   6   0   9   8   0   4   4  0.15 inf
   95 N   -3 -2  4 -3 -4  0 -3 -1 -2 -4 -4  0 -3 -4 -3  2  5 -5 -4 -4    1   1  23   0   0   3   1   4   1   1   1   5   0   1   1  13  43   0   0   0  0.88 inf
   96 L   -2 -3 -1 -2 -3 -2 -3 -3  3  0  1 -2  0  2 -3  1  0 -1  6 -1    3   1   2   2   0   1   1   2   7   4  12   3   2   9   1  11   6   0  31   3  0.50 inf
   97 D   -3 -4  4  7 -6 -3 -1 -1  1 -6 -6 -4 -6 -6 -5 -1 -4 -6 -4 -6    1   0  18  63   0   0   2   4   4   0   0   0   0   0   0   3   0   0   1   0  1.56 inf
   98 R   -4  2  5 -2 -2 -3 -3 -2  6 -5 -5 -2 -4  0 -5  0 -3 -4  5 -5    0  10  32   1   1   0   0   2  20   0   0   1   0   3   0   8   0   0  20   0  1.10 inf
   99 D   -6 -5 -3  8 -7 -4 -2 -5 -5 -4 -7 -5 -7 -7 -5 -4 -5 -8 -7 -7    0   0   0  96   0   0   0   0   0   1   0   0   0   0   0   0   0   0   0   0  2.76 inf
  100 I   -4 -6 -7 -6 -5 -6 -6 -7 -7  8  0 -6 -1 -4 -6 -6 -4 -6 -5  1    1   0   0   0   0   0   0   0   0  85   6   0   1   0   0   0   0   0   0   6  2.06 inf
  101 A    7 -5 -5 -5  0 -4 -5 -3 -5 -5 -5 -4 -5 -6 -4 -2 -3 -6 -5 -3   93   0   0   0   1   0   0   1   0   0   0   0   0   0   0   1   1   0   0   1  1.98 inf
  102 L   -4 -5 -6 -7 -4 -5 -6 -7 -6  0  6 -6  2 -3 -6 -5 -4 -5 -4  1    0   0   0   0   0   0   0   0   0   3  83   0   5   0   0   0   0   0   0   7  1.60 inf
  103 M   -4 -5 -6 -6 -4 -5 -6 -6 -6  3  5 -5  4 -3 -6 -5 -4 -5 -4  0    0   0   0   0   0   0   0   0   0  17  66   0  11   0   0   0   0   0   0   3  1.37 inf
  104 K   -4  4 -3 -3 -6  2  3 -5  4 -5 -3  4 -3 -3 -4 -3 -4 -5  1 -5    0  21   0   0   0  10  19   0  10   0   2  30   0   1   0   0   0   0   5   0  0.90 inf
  105 L   -5 -5 -7 -7 -5 -5 -6 -7 -6 -2  6 -6  3 -2 -6 -6 -5 -5 -4 -2    0   0   0   0   0   0   0   0   0   0  92   0   5   1   0   0   0   0   0   0  1.89 inf
  106 K    1  1 -1  3 -4  1  2 -3  1 -4 -4  3 -2 -5 -3  2 -1 -5 -4 -3   13   6   1  18   0   5  12   1   4   0   1  21   1   0   0  14   2   0   0   2  0.44 inf
  107 K    0  2 -1 -2 -4  2  1 -3  1 -3 -3  2 -2 -1 -2  2  2 -3 -3 -3    5  12   2   1   0  10  10   0   4   0   1  16   1   2   1  17  16   0   0   1  0.37 inf
  108 P   -2 -4 -4 -3 -6 -4 -3 -6 -3 -6 -6 -1 -6 -7  8 -1 -4 -7 -6 -6    3   1   1   1   0   1   1   0   1   0   0   3   0   0  84   4   0   0   0   0  2.53 inf
  109 V    1 -5 -5 -5 -3 -4 -5 -5 -5  4  2 -5  1 -2 -5 -4 -2 -5 -4  5   14   0   0   0   0   0   0   0   0  23  16   0   2   1   0   0   1   0   0  42  0.89 inf
  110 A   -1 -1  3 -2 -3  0  1 -3 -2  0 -2  0  0 -2 -1 -1  4 -4 -3  1    5   3  16   1   0   5   8   0   1   6   2   5   3   2   3   3  27   0   0  13  0.30 inf
  111 F   -5 -1 -5 -6 -5 -5 -6 -6 -4 -2  3 -5 -1  7 -5 -5 -4 -2  5 -3    0   3   0   0   0   0   0   0   0   1  24   0   1  52   0   0   0   0  16   0  1.56 inf
  112 S   -2  0  4 -1 -4 -3 -3 -1 -3 -5 -5 -3 -4 -4 -4  4  4 -5 -3 -4    2   6  19   3   0   0   1   5   0   0   0   0   0   0   0  35  28   0   1   0  0.86 inf
  113 D   -1  0  1  4 -4  1  2 -2 -1 -4 -4  1  0 -5  1  1 -1 -5 -4 -4    4   4   7  30   0   5  15   2   1   0   1   8   3   0   6  10   3   0   0   1  0.51 inf
  114 Y   -3 -1  2 -4 -5 -3 -3 -4  3 -3 -1 -2 -3  2 -4 -3  1 -1  7 -1    1   3  10   0   0   0   1   1   8   0   6   1   0   7   1   1  11   0  43   4  0.97 inf
  115 I    0 -3 -5 -5 -4  1 -5 -5 -5  5 -2 -4 -1 -4 -5 -4 -3 -5 -4  5    9   1   0   0   0   7   0   0   0  35   1   0   0   0   0   1   0   0   0  45  1.10 inf
  116 H    0  2 -2 -3 -3  2 -2 -3  3  0  0  0 -1 -3 -3 -1  1 -1 -2  2    8  15   1   0   0  10   0   1   9   5   9   5   1   0   0   4   8   1   1  19  0.23 inf
  117 P   -2 -6 -6 -5 -6 -5 -5 -6 -6 -6 -6 -5 -6 -5  9 -4 -3 -7 -6 -6    2   0   0   0   0   0   0   0   0   0   1   0   0   1  92   1   1   0   0   0  2.97 inf
  118 V    2 -5 -5 -5 -4 -5 -5 -5 -5  6  0 -5 -2 -3 -5 -4 -3 -5 -4  4   16   0   0   0   0   0   0   0   0  49   8   0   0   0   0   0   0   0   0  26  1.12 inf
  119 C   -5 -5 -7 -7 12 -7 -7 -7 -7 -5 -6 -7 -6 -6 -7 -5 -5 -6 -6 -4    0   1   0   0  96   0   0   0   0   0   0   0   0   0   0   0   0   0   0   1  4.09 inf
  120 L   -5 -5 -6 -7 -5 -5 -6 -7 -6  1  6 -6 -1 -3 -4 -6 -4 -5 -4 -1    0   0   0   0   0   0   0   0   0   7  87   0   1   0   1   0   0   0   0   2  1.68 inf
  121 P    1 -6 -5 -5 -6 -5 -5  0 -6 -6 -5 -5 -6 -7  8 -3 -5 -7 -6 -6   10   0   0   0   0   0   0   6   0   0   1   0   0   0  81   1   0   0   0   0  2.45 inf
  122 D    0 -3  1  4 -2  0  3 -2 -3 -4 -4 -1 -4 -3  1  2  1 -5 -4 -4    8   0   5  23   1   4  20   1   0   0   1   2   0   1   6  17  11   0   0   0  0.51 inf
  123 R    0  3 -1 -2 -3  0  0 -2 -2 -3 -2  4 -1 -3  2  1 -1 -2 -2 -1    8  18   2   1   0   4   5   1   0   1   3  27   2   1  10   9   2   0   1   4  0.39 inf
  124 E    0  0  2  4 -3  1  2  1  0 -2 -3 -1 -3 -3  0  0 -1 -2 -3 -2    7   4   9  24   0   5  17  10   2   2   2   3   0   1   4   4   4   1   1   3  0.32 inf
  125 T    0 -2 -2  0 -2 -1 -1 -2 -1  0  1 -2  0  4 -1 -1  0  4  2  0    8   1   1   6   0   2   3   2   1   4  17   2   2  22   3   4   5   6   6   5  0.22 inf
  126 A    4 -3 -2 -2 -2 -2 -2 -2 -2 -2 -2 -2 -2 -3 -1  2  3 -4 -3  0   42   1   1   1   0   1   2   2   1   2   2   1   1   1   3  13  20   0   0   7  0.54 inf
  127 A    0  1  3  1 -3  1  3 -2 -2 -3 -3  0 -1 -2 -1  1  1 -4 -2 -2    5   7  17   5   0   5  19   2   0   1   2   5   1   2   2  11  10   0   1   3  0.27 inf
  128 S    0  2  0 -1 -3  1  1 -1  4 -1 -2  0  0 -2 -2  1  0 -3 -1 -2    7  12   4   1   0   8  10   3  14   5   4   3   2   2   1  13   7   0   2   1  0.22 inf
  129 L   -2 -4 -3 -2 -3 -2 -1 -4 -3  1  3 -3  0  1 -4 -2  3 -3 -1  2    1   0   1   3   0   2   4   0   0   5  35   0   1   7   0   2  19   0   1  18  0.44 inf
  130 L   -3 -4 -5 -4 -4 -4 -5 -5 -4 -1  4 -4  3  5 -5 -3  0 -3  2 -2    1   0   0   1   0   0   0   0   0   2  48   0   8  22   0   2   7   0   7   1  0.89 inf
  131 Q    0  1 -1 -2  0  2  1 -3 -1 -2 -1  1  3 -1  3 -1  0 -1  0 -2    8   8   2   1   2  11   8   1   1   1   5  11  12   2  14   4   4   1   3   2  0.25 inf
  132 A    2 -1  1 -1 -3 -1  0 -2 -1 -2 -2  0 -2  0  2  1  1 -3  1 -1   21   2   7   2   0   2   7   1   1   0   2   4   1   6  12  12   8   0   5   5  0.20 inf
  133 G   -2 -3 -1 -2 -4  2 -2  6 -4  0 -4 -3 -3 -5 -4 -2 -2 -4 -3 -1    1   1   2   2   0  12   2  60   0   7   1   0   1   0   0   2   2   0   1   4  1.04 inf
  134 Y   -2  2 -1 -1 -3  1 -1 -3  1 -2 -1  2  0 -1 -1  0  3 -3  2 -1    2  14   2   3   0   8   3   0   3   1   5  15   2   2   2   5  20   0   8   5  0.25 inf
  135 K    0 -1  1  0 -3  1  1 -1  1 -1 -1  2  0  2 -2  1  1 -3 -1 -1    5   2   9   4   0   5   7   3   4   2   6  14   3  11   1  11   8   0   1   5  0.10 inf
  136 G    0 -4 -4 -4  7 -4 -5  4 -2 -1 -4 -4  0 -5 -5  2  0  1 -5 -2    5   1   0   0  24   0   0  37   1   5   1   0   3   0   0  15   6   2   0   2  0.98 inf
  137 R   -3  3 -4 -5 -4 -2 -4 -5 -4  0 -2 -3  2 -1 -5 -1  2  9  2  1    2  17   0   0   0   1   0   0   0   6   3   1   6   2   0   4  13  27   7  10  0.97 inf
  138 V   -4 -6 -6 -7 -4 -6 -6 -5 -7  3 -3 -6 -3 -4 -6 -5 -3 -6 -5  7    0   0   0   0   0   0   0   1   0  15   0   0   0   0   0   0   0   0   0  82  1.91 inf
  139 T   -1 -4 -3 -4 -4 -4 -4 -4 -5 -2 -4 -4 -4 -6 -4  5  6 -6 -5 -4    3   0   0   0   0   0   0   0   0   2   1   0   0   0   0  40  53   0   0   0  1.51 inf
  140 G   -4 -6 -4 -5 -6 -6 -6  8 -6 -7 -7 -5 -6 -7 -6 -4 -5 -6 -7 -7    0   0   0   0   0   0   0  98   0   0   0   0   0   0   0   0   0   0   0   0  2.62 inf
  141 W   -7 -7 -8 -8 -7 -7 -7 -7 -7 -7 -6 -7 -6  3 -8 -7 -7 13 -2 -7    0   0   0   0   0   0   0   0   0   0   0   0   0  13   0   0   0  86   0   0  4.37 inf
  142 G   -3 -6 -4 -5 -6 -6 -6  8 -6 -7 -7 -5 -6 -7 -6 -4 -5 -6 -7 -7    1   0   0   0   0   0   0  98   0   0   0   0   0   0   0   0   0   0   0   0  2.60 inf
  143 N    1  4  3 -2 -4  1 -2 -2  2 -4 -4  0 -3  0 -4  0 -1 -4  3 -2   14  26  14   2   0   6   0   2   5   0   0   5   0   3   0   6   4   0  10   2  0.46 inf
  144 L   -3  0 -3 -4 -4 -1 -2 -5 -2  2  4 -3  0 -3 -4 -2  4 -5 -4  1    0   5   1   0   0   3   3   0   1  10  38   1   1   0   0   2  26   0   0   9  0.57 inf
  145 K   -1  3 -1 -2 -4  1 -1 -2  3 -2  0  3 -1  1 -3  1 -1 -1 -1 -2    4  15   1   1   0   7   2   3   9   2  10  19   1   8   0  11   3   1   2   1  0.24 inf
  146 E   -3 -3  0  2 -6  0  6 -2  1 -6 -6 -2 -5  0 -3  0 -3 -5  1 -5    1   1   4   9   0   2  60   3   4   0   0   0   0   4   1   6   1   0   5   0  1.11 inf
  147 T   -2  3  0 -1 -4  0 -2  3 -1 -4 -2  2  0 -2 -4 -1  1 -4 -3 -3    1  20   3   3   0   5   1  28   2   0   3  14   3   2   0   4  11   0   0   0  0.45 inf
  148 W   -3  0 -2 -4 -6 -3 -4  6 -5 -6 -2 -3 -5 -5 -6 -1 -4  6 -5 -6    1   6   1   0   0   1   0  69   0   0   4   1   0   0   0   4   0  12   0   0  1.58 inf
  149 G    1  3  2 -2 -4  0  0 -1  1 -3 -2  0 -3 -3  3  1  1 -4 -2 -2   10  18  10   0   0   4   6   3   3   1   3   3   0   1  14  10  12   0   1   1  0.31 inf
  150 Q    0  0 -2 -2 -3  2 -1  0 -2  0  0 -1 -1 -2  1  1  3 -3  0 -1    6   5   0   1   0  10   2   6   1   7  10   3   0   1   8  12  21   0   4   3  0.17 inf
  151 P    4 -4 -4 -4 -4  0 -2 -3 -3 -5 -4 -3 -4 -6  5  3  0 -6 -5 -4   33   0   0   0   0   5   1   0   0   0   2   0   0   0  25  27   6   0   0   0  0.95 inf
  152 S   -2  1  3  1 -4  1 -1 -2 -1 -3 -1  1 -2 -1 -2  2  2 -2 -2 -2    1   8  18   7   0   5   2   1   1   1   8   7   0   4   1  20  13   0   1   2  0.29 inf
  153 V   -2 -2 -2 -4 -4 -3 -1 -4 -4  4 -1 -1 -2  1 -4 -2  2 -4  0  3    2   3   2   0   0   1   5   1   0  28   2   5   0   6   0   1  16   0   2  27  0.50 inf
  154 L   -5 -6 -7 -8 -5 -6 -7 -8 -7 -2  7 -6 -1 -2 -7 -6 -5 -5 -5 -3    0   0   0   0   0   0   0   0   0   0  99   0   0   1   0   0   0   0   0   0  2.13 inf
  155 Q   -4  0  0 -4 -6  8 -2 -5 -2 -6 -4  2  4 -6 -5 -2 -3 -6 -4 -5    0   4   5   0   0  62   0   0   1   0   1  12  12   0   0   3   1   0   1   0  1.62 inf
  156 V   -1  1 -3 -3 -4  2  2 -4 -2 -2 -2  4  2  0 -4 -2 -2 -4  2  2    5   6   0   0   0  10  14   0   0   1   1  30   6   5   0   1   1   0   6  15  0.45 inf
  157 V    2 -5 -5 -5 -3 -4 -5 -1 -5  3  2 -4 -1 -3 -5 -3 -2 -5 -4  4   18   0   0   0   0   0   0   6   0  18  22   0   1   0   0   0   1   0   0  34  0.70 inf
  158 N   -2  1  3  2 -5  2  3 -3  1 -4 -4  2 -2 -3 -2  0  1 -5 -3 -3    3   8  15  10   0   9  21   0   3   0   1  13   1   1   1   6   8   0   0   1  0.47 inf
  159 L   -4 -6 -6 -7 -4 -6 -6 -7 -6  4  3 -6 -1 -3 -6 -5 -4 -6 -4  6    0   0   0   0   0   0   0   0   0  19  23   0   1   0   0   0   0   0   0  58  1.38 inf
  160 P   -5  1 -5 -6 -7 -1 -4 -6 -6 -7 -7 -2 -6 -8  8 -4 -5 -8 -7 -7    0   9   0   0   0   3   1   0   0   0   0   2   0   0  84   1   0   0   0   0  2.64 inf
  161 I   -4  1 -5 -6 -4 -4 -5 -6 -4  4  3 -4  0  1 -4 -4 -3 -3  4  3    0  11   0   0   0   0   0   0   0  26  25   0   1   5   0   0   0   0  14  17  0.73 inf
  162 V   -1 -4 -6 -6 -4 -4 -6 -6 -6  4  1 -5  1 -4 -6 -5 -3 -6 -4  6    4   1   0   0   0   0   0   0   0  19   9   0   2   0   0   0   1   0   0  64  1.35 inf
  163 E   -2 -2  3  4 -5 -1  1 -1 -2 -4 -4 -1  1 -5  2  2 -1 -6 -5 -4    2   2  13  27   0   2   9   5   0   0   0   3   5   0  10  19   2   0   0   0  0.57 inf
  164 R   -4  5  3 -2 -5  4 -2 -4  2 -4 -3 -1  0 -4 -4 -1  2 -1 -3 -4    0  38  12   2   0  18   1   0   5   0   1   1   3   1   0   3  12   1   1   1  0.82 inf
  165 P    0  0  3  2 -4  2  2 -3  1 -3 -4 -1 -3 -5  1  1  1 -5 -3 -3    8   5  15  10   0  12  14   0   3   1   1   2   0   0   8   8  11   0   0   1  0.39 inf
  166 V   -2  0 -2  1 -4  0  3 -4 -3  0 -2  1 -1 -4 -4 -1  4 -5 -4  1    2   4   0   9   0   4  18   0   0   4   3   7   1   0   0   2  33   0   0  12  0.47 inf
  167 C   -5 -8 -8 -9 12 -8 -9 -7 -8 -6 -6 -8 -6 -7 -8 -6 -6 -7 -7 -6    0   0   0   0 100   0   0   0   0   0   0   0   0   0   0   0   0   0   0   0  4.43 inf
  168 K   -1  2  2 -2 -4  3  1 -3 -1  0  0  3  1 -4 -4  0 -2 -5 -3 -1    3  10  12   1   0  14   6   0   1   6  11  23   4   0   0   5   1   0   0   3  0.34 inf
  169 D    1  2 -1 -1  1  3  2 -2 -1 -4 -1  2 -2 -4 -3  0 -1 -4 -4 -3   13   9   1   3   4  17  14   2   1   0   9  15   0   0   0   8   2   0   0   1  0.33 inf
  170 S    1  0 -2 -3 -4  2 -2 -3  0 -4  0 -1 -1 -4 -4  5  0 -5 -1 -1   12   4   1   0   0   9   2   0   2   0  10   2   2   0   0  46   3   0   3   5  0.56 inf
  171 T   -3 -4 -3 -5 -4 -3 -4 -5 -3 -4  0 -3  5 -2 -5  2  5 -3  6 -3    1   0   1   0   0   0   0   0   0   0   7   1  14   0   0  18  33   0  25   0  1.05 inf
  172 R   -2  3  2  0 -4  1  1  0  2 -5 -4  1 -4 -5  1  2  0 -5 -2 -4    1  21   9   6   0   4   9   8   5   0   0   8   0   0   7  14   5   0   1   0  0.39 inf
  173 I   -2  0  1  0 -4  1 -2  0  2  1 -1 -1 -1  3 -2 -1 -1 -1  3 -1    1   4  10   6   0   7   1   8   5  11   4   3   1  16   1   2   3   0  13   4  0.21 inf
  174 R    0  3  1 -2 -4  3  0 -2 -1 -2 -1  1  0 -4  0  0  2 -4 -3  0    6  17   6   0   0  14   5   1   1   2   5   9   3   0   4   8  13   0   0   6  0.25 inf
  175 I   -5 -7 -7 -7 -5 -6 -7 -7 -7  7  0 -6 -2 -3 -6 -6 -4 -6 -5  4    0   0   0   0   0   0   0   0   0  72   6   0   0   0   0   0   0   0   0  22  1.86 inf
  176 T   -4 -5 -3 -3 -5 -4 -4 -4  0 -5 -2 -4 -4 -5 -5  2  7 -6  1 -4    0   0   0   1   0   0   0   1   2   0   4   0   0   0   0  13  73   0   4   0  1.59 inf
  177 D   -2  0  1  4 -5  2  3 -3 -2 -5 -5  1 -4 -6  3  0 -2 -6 -5 -5    3   4   7  28   0   8  18   1   1   0   0   7   0   0  14   7   1   0   0   0  0.68 inf
  178 N   -5  3  8 -1 -6  1 -4 -4 -1 -7 -7 -1 -5 -3 -6 -2 -3 -7 -1 -5    0  17  66   1   0   5   0   1   1   0   0   2   0   1   0   2   1   0   2   0  1.68 inf
  179 M   -6 -6 -7 -8 -6 -5 -5 -8 -6 -4 -3 -6 11 -5 -7 -6 -5 -6 -6 -2    0   0   0   0   0   0   1   0   0   0   0   0  98   0   0   0   0   0   0   2  3.71 inf
  180 F   -5 -5 -6 -7 -5 -6 -6 -7 -5  3  3 -6  3  7 -6 -6 -4 -3 -1 -1    0   0   0   0   0   0   0   0   0  14  24   0   6  51   0   0   0   0   0   4  1.45 inf
  181 C   -5 -8 -8 -9 12 -8 -9 -7 -8 -6 -6 -8 -6 -7 -8 -6 -6 -7 -7 -6    0   0   0   0 100   0   0   0   0   0   0   0   0   0   0   0   0   0   0   0  4.43 inf
  182 A    7 -3 -5 -6 -4 -5 -5 -4 -6 -5 -5 -5 -5 -6 -5 -2 -4 -7 -6  0   92   1   0   0   0   0   0   0   0   0   0   0   0   0   0   1   0   0   0   5  1.97 inf
  183 G   -4 -7 -5 -5 -7 -6 -6  8 -6 -8 -8 -6 -7 -7 -6 -4 -6 -7 -7 -7    0   0   0   0   0   0   0 100   0   0   0   0   0   0   0   0   0   0   0   0  2.72 inf
  184 Y   -5 -5 -5 -6 -5 -5 -5 -6 -1  1 -1 -5 -3  3 -5 -4 -4 -2  9 -2    1   0   0   0   0   0   0   0   1   7   7   0   0  11   0   1   0   0  65   3  1.87 inf
  185 K    0  1 -1 -1 -2  0 -1 -2  1 -1  2  2  0 -2  0  0  0 -2 -1 -1    5   8   2   3   0   3   2   2   5   2  23  19   2   1   4   8   6   0   2   3  0.12 inf
  186 P    0  0  0  2 -2  1  1 -1 -1 -1 -1  0 -1 -2  3  0  1 -2 -1 -1    8   5   5  13   1   6   9   4   1   3   6   6   1   2  14   5   8   1   2   3  0.16 inf
  187 D    0  0  1  1 -1  1  2  0  0 -1 -1  0 -1 -1  0  0  0 -1 -1 -1    7   4   6  10   1   5  15   8   2   3   6   4   2   3   4   7   4   1   2   5  0.07 inf
  188 E   -1 -1  0  3 -2  0  4  0 -1 -1  0 -1 -1 -2 -1 -1 -1 -2 -2 -1    4   2   3  16   1   2  30   6   1   3   9   3   1   2   3   4   3   1   2   3  0.27 inf
  189 G    0 -1  0 -1 -2  0  0  4 -1 -2 -2 -1 -1 -2 -1  1  1 -2 -2 -1    8   2   5   2   1   3   6  31   1   2   3   3   1   1   2  14   9   1   1   3  0.27 inf
  190 K   -2 -2 -2  1 -4  0 -1  6 -2 -4 -3  2 -2 -4 -4 -2 -3 -4 -4 -4    1   2   1   8   0   3   3  57   1   1   3  15   1   0   0   1   1   0   0   1  0.97 inf
  191 R   -1  3 -2 -3 -4  0 -2  3 -2 -3 -3  3 -3 -4  1  0  0 -4 -4 -2    4  20   1   0   0   3   1  28   1   1   2  17   0   0   7   8   5   0   0   2  0.49 inf
  192 G   -2  1 -2 -2 -3  1  0  2 -2  1 -2  4 -1 -3 -2 -1 -1 -3 -3  1    2   9   1   1   0   6   6  14   1   8   2  29   1   1   1   2   3   0   0  14  0.31 inf
  193 D   -6 -6 -3  9 -8 -5 -3 -6 -6 -8 -8 -5 -8 -8 -6 -5 -5 -9 -8 -8    0   0   0 100   0   0   0   0   0   0   0   0   0   0   0   0   0   0   0   0  3.01 inf
  194 A    6 -5 -4 -5 -4 -4 -4 -3 -5 -5 -5 -4 -5 -6 -4  3  0 -6 -5 -4   71   0   0   0   0   0   0   0   0   0   0   0   0   0   0  24   5   0   0   0  1.51 inf
  195 C   -5 -8 -8 -8 12 -8 -9 -7 -8 -6 -6 -8 -6 -7 -8 -6 -6 -7 -7 -6    0   0   0   0 100   0   0   0   0   0   0   0   0   0   0   0   0   0   0   0  4.38 inf
  196 E   -4 -1 -3 -2 -6  7  3 -2 -3 -5 -6  3 -4 -6 -5 -1 -4 -6 -3 -5    0   1   0   2   0  53  20   2   0   0   0  18   0   0   0   3   0   0   1   0  1.40 inf
  197 G   -4 -6 -4 -5 -7 -6 -6  8 -4 -8 -6 -6 -7 -7 -6 -4 -6 -7 -7 -7    0   0   0   0   0   0   0  99   0   0   1   0   0   0   0   0   0   0   0   0  2.62 inf
  198 D   -6 -6 -2  8 -8 -4 -2 -6 -5 -7 -8 -5 -7 -5 -6 -4 -5 -9 -7 -7    0   0   1  98   0   0   0   0   0   0   0   0   0   1   0   0   0   0   0   0  2.87 inf
  199 S   -3 -5 -3 -4 -5 -4 -4 -3 -5 -7 -7 -4 -6 -7 -5  7 -3 -7 -6 -6    0   0   0   0   0   0   0   1   0   0   0   0   0   0   0  99   0   0   0   0  2.33 inf
  200 G   -4 -6 -4 -5 -7 -6 -6  8 -6 -8 -8 -6 -7 -7 -6 -4 -6 -7 -7 -7    0   0   0   0   0   0   0 100   0   0   0   0   0   0   0   0   0   0   0   0  2.68 inf
  201 G   -4 -6 -4 -5 -7 -6 -6  8 -6 -8 -8 -6 -7 -7 -6 -4 -6 -7 -7 -7    0   0   0   0   0   0   0  99   0   0   0   0   0   0   0   1   0   0   0   0  2.65 inf
  202 P   -5 -7 -7 -6 -7 -6 -6 -7 -7 -7 -7 -5 -7 -8  9 -5 -6 -8 -8 -7    0   0   0   0   0   0   0   0   0   0   0   0   0   0 100   0   0   0   0   0  3.45 inf
  203 F   -5 -5 -5 -6 -5 -4 -5 -6  7 -3  4 -5  5  4 -6 -5 -5 -4  0 -3    0   0   0   0   0   0   0   0  29   0  36   0  13  19   0   0   0   0   2   0  1.37 inf
  204 V    2 -4 -4 -5 -3 -4 -4 -4 -2  1 -2 -4  1 -3 -4 -1  0 -5 -4  6   16   0   0   0   0   0   0   0   1   5   1   0   3   1   0   4   5   0   0  61  0.98 inf
  205 M   -2 -4 -4 -4  7 -4 -4 -4 -4 -1 -3 -4  4 -2 -4  0  5 -5 -4  1    2   0   0   0  25   0   0   1   0   2   1   0  12   1   0   6  39   0   0   8  1.12 inf
  206 K   -2  3  0 -2 -3  2  0 -2 -2 -3 -2  4 -2  0 -1  0 -1 -3 -2 -2    2  15   5   1   0  12   3   2   1   1   4  33   1   5   2   8   2   0   1   3  0.42 inf
  207 S    0  0  2  0 -1  1  2 -1  2 -1 -1  0 -1 -1 -1  1  0 -1  0  0    6   3  10   4   1   5  14   4   7   3   5   3   1   2   3  13   4   1   2   8  0.10 inf
  208 P    0  0  0 -1 -1  0  3 -1  0 -2 -1 -1 -2 -2  4  1 -1 -2 -1 -1    6   4   3   2   1   2  22   5   2   3   5   3   1   2  20  10   3   1   2   3  0.30 inf
  209 F   -1 -2 -2 -1 -3 -2  0 -2 -1  0 -1 -2 -2  4 -3 -1 -1 -1  6  0    5   1   2   3   0   1   6   4   1   5   3   3   1  21   1   3   4   0  29   7  0.50 inf
  210 N   -2  3  3  1 -4  0  1  0  2 -4 -4  3 -3 -4 -3  1 -2 -4 -3 -4    1  16  17   8   0   4   9   9   6   0   1  17   0   0   0  11   1   0   0   1  0.45 inf
  211 N   -3 -3  5  3 -5 -3 -1  5 -3 -6 -6 -1 -5 -5 -4 -1 -3 -5 -5 -5    0   0  25  19   0   0   2  42   0   0   0   4   0   0   1   3   1   0   0   0  1.06 inf
  212 R   -4  5 -3 -4 -5 -1 -3 -5 -4  0 -4 -1 -3 -5 -5 -1  6 -6 -5 -1    0  36   1   0   0   3   0   0   0   5   1   3   0   0   0   2  47   0   0   4  1.19 inf
  213 W   -5 -5 -4 -8 -6 -6 -7 -7  1 -2 -5 -7  1 -1 -7 -2 -5 12  3 -4    1   1   1   0   0   0   0   0   3   3   0   0   3   2   0   3   0  72  10   1  3.27 inf
  214 Y   -5 -3 -6 -6 -6 -2 -6 -6  1  0 -3 -4 -3  8 -6 -5 -2  0  6 -2    0   1   0   0   0   2   0   0   4   4   0   1   0  57   0   0   3   1  24   2  1.71 inf
  215 Q   -4 -4 -5 -5 -5  4 -4 -6 -5  1  5 -4 -1 -3 -5 -4 -4 -5 -4  1    1   0   0   0   0  23   0   0   0   6  61   0   1   0   0   0   0   0   0   9  1.14 inf
  216 M    3 -4 -4 -2 -3 -3 -3 -3 -2 -1 -1 -4  3 -4 -4 -1  4 -5 -2  3   23   0   0   2   0   0   1   0   1   3   4   0   8   0   0   2  35   0   1  20  0.65 inf
  217 G   -4 -6 -4 -5 -7 -6 -6  8 -6 -8 -8 -6 -7 -7 -6 -4 -6 -7 -7 -7    0   0   0   0   0   0   0 100   0   0   0   0   0   0   0   0   0   0   0   0  2.67 inf
  218 I   -2 -6 -6 -6 -4 -6 -6 -6 -6  6  1 -6 -2 -3 -6 -5 -3 -6 -4  4    2   0   0   0   0   0   0   0   0  55  13   0   0   0   0   0   0   0   0  29  1.38 inf
  219 V   -4 -6 -5 -6 -4 -5 -6 -6 -6  2 -3 -5 -2 -4 -6 -4  3 -6 -5  7    0   0   0   0   0   0   0   0   0   8   0   0   0   0   0   0  16   0   0  75  1.60 inf
  220 S   -3 -5 -3 -4 -5 -4 -4 -4 -5 -7 -7 -4 -6 -7 -5  8 -3 -7 -6 -6    0   0   0   0   0   0   0   0   0   0   0   0   0   0   0 100   0   0   0   0  2.36 inf
  221 W   -7 -8 -9 -9 -7 -7 -8 -7 -7 -7 -6 -8 -6  3 -9 -6 -7 13 -2 -7    0   0   0   0   0   0   0   0   0   0   0   0   0  10   0   0   0  90   0   0  4.55 inf
  222 G   -4 -6 -4 -5 -6 -6 -6  8 -6 -8 -8 -5 -7 -7 -6 -3 -5 -6 -7 -7    0   0   0   0   0   0   0  99   0   0   0   0   0   0   0   1   0   0   0   0  2.61 inf
  223 E   -4 -2 -2  1 -6 -1  7 -5 -2 -3 -2  0 -2 -4 -4 -3 -3 -2  2 -4    0   2   1   7   0   1  67   0   0   2   3   5   1   0   0   0   1   0   7   1  1.26 inf
  224 G   -3 -4 -4 -4 -6 -1  1  7 -5 -7 -7 -3 -6 -7 -6 -3 -5 -6 -6 -7    0   1   0   0   0   3  10  85   0   0   0   1   0   0   0   0   0   0   0   0  1.98 inf
  225 C   -5 -8 -7 -8 12 -8 -8 -7 -8 -6 -6 -8 -6 -7 -8 -5 -5 -7 -7 -5    0   0   0   0 100   0   0   0   0   0   0   0   0   0   0   0   0   0   0   0  4.34 inf
  226 D    6 -5 -3  2 -4 -4 -4  3 -5 -5 -5 -4 -5 -6 -4 -2 -4 -6 -5 -4   69   0   1  12   0   0   0  18   0   0   0   0   0   0   0   0   0   0   0   0  1.35 inf
  227 R    0  6 -2 -2 -5  2  0 -5 -2 -4 -1  1  0 -5 -4 -2 -3 -5 -4 -2    7  51   1   1   0  11   6   0   0   1   6   8   3   0   0   1   1   0   0   2  0.92 inf
  228 D   -1  3 -2  2 -5 -1  0 -3 -3 -3 -2  4 -3 -5  4 -2 -2 -5 -4 -1    6  14   1  12   0   2   5   1   0   1   5  25   0   0  24   0   1   0   0   4  0.60 inf
  229 G   -3 -2  5  1 -6 -2  0  5  1 -6 -5 -3 -4 -5 -5 -2 -3 -6 -1 -6    0   1  28   6   0   1   7  49   3   0   1   1   0   0   0   1   0   0   2   0  1.14 inf
  230 K   -3  1  1 -3 -6  2 -2 -4  3 -5 -3  6 -2 -1 -4 -2 -2 -5  1 -4    1   7   8   0   0   8   0   0   7   0   3  55   1   3   0   2   1   0   5   0  0.98 inf
  231 Y   -5 -6 -6 -6 -6 -5 -5 -6 -3 -4 -3 -5 -5  4  5 -5 -5 -2  8 -3    0   0   0   0   0   0   0   0   0   0   2   0   0  13  31   0   0   0  52   1  1.98 inf
  232 G   -4 -6 -4 -5 -6 -6 -6  8 -6 -8 -8 -5 -7 -7 -6 -4 -5 -6 -7 -7    0   0   0   0   0   0   0 100   0   0   0   0   0   0   0   0   0   0   0   0  2.64 inf
  233 F   -3 -6 -6 -6 -4 -6 -6 -6 -6  4 -2 -6 -2  3 -6 -5 -3 -5 -2  6    1   0   0   0   0   0   0   0   0  21   0   0   0  12   0   0   0   0   1  65  1.47 inf
  234 Y   -6 -6 -7 -8 -7 -6 -6 -8 -2 -6 -5 -6 -5 -1 -7 -6 -6 -2 10 -6    0   0   0   0   0   0   0   0   0   0   0   0   0   1   0   0   0   0  99   0  3.49 inf
  235 T    0 -5 -4 -5 -5 -4 -5 -5 -6 -4 -5 -4 -4 -6 -5 -1  8 -6 -5 -1    7   0   0   0   0   0   0   0   0   0   0   0   0   0   0   2  89   0   0   3  2.08 inf
  236 H   -4  6 -2 -3 -6 -1 -3 -5  5 -6 -5  5 -5 -5 -5 -4 -3 -6 -4 -6    0  45   2   1   0   2   0   0  12   0   0  38   0   0   0   0   1   0   0   0  1.52 inf
  237 V   -3 -6 -6 -7 -4 -6 -6 -7 -6  2  1 -6 -1 -4 -6 -5 -2 -6 -4  7    0   0   0   0   0   0   0   0   0   6  11   0   1   0   0   0   1   0   0  80  1.66 inf
  238 F    1 -2 -2 -3 -4 -2 -3 -2 -2 -3 -3 -2 -2  2  0  5  3 -4 -2 -2    9   2   1   0   0   1   0   2   1   1   1   1   1  11   4  48  15   0   1   1  0.68 inf
  239 R   -2  5  3 -2 -3  3  1 -2 -1 -4 -3  2 -2 -5 -3 -1 -2 -4 -1 -2    3  36  14   1   0  12   7   2   1   0   2  12   1   0   0   2   1   0   2   2  0.64 inf
  240 L   -5 -5 -6 -7 -5 -5 -6 -7 -3 -3  2 -6  1  5 -6 -5 -5 -2  8 -1    0   0   0   0   0   0   0   0   0   0  16   0   3  25   0   0   0   0  50   5  1.69 inf
  241 K   -2  1 -2 -3 -3  0 -3 -4 -2  2  2  1  1 -2 -4 -2  1 -4  0  1    1  10   1   1   0   5   0   0   1  12  27   9   2   0   0   1  12   0   3  11  0.27 inf
  242 K   -1  1  2  4 -4  0  2 -1 -1 -4 -4  2 -3 -5  1  0  0 -5 -2 -4    4   6   9  25   0   2  12   5   1   0   1  17   0   0   7   6   4   0   1   0  0.44 inf
  243 W   -8 -8 -9 -9 -7 -7 -8 -7 -7 -8 -7 -8 -6 -3 -9 -8 -7 13 -2 -8    0   0   0   0   0   0   0   0   0   0   0   0   0   1   0   0   0  99   0   0  5.09 inf
  244 I   -5 -6 -7 -7 -5 -6 -7 -7 -7  8  1 -6  2 -3 -6 -6 -4 -6 -5  1    0   0   0   0   0   0   0   0   0  83   9   0   4   0   0   0   0   0   0   4  1.95 inf
  245 Q   -2  2  2  0 -5  3  0 -2  3 -4 -1  4 -2 -4 -4 -1 -2 -5 -2 -4    1  12  10   4   0  15   5   2   8   1   7  29   0   0   0   3   1   0   1   0  0.52 inf
  246 K   -2  2  0  0 -5  3  3 -2  0 -4 -4  3 -2 -5 -3  1  0 -2 -3 -4    1   9   5   5   0  15  22   3   2   0   0  19   1   0   0  12   5   1   0   0  0.52 inf
  247 V   -1 -2 -1 -3 -3  1 -1 -2  4  1  0  0  0  0 -3  0  2 -3  1  2    2   0   1   0   0   6   2   2  12   8   6   8   2   4   0   6  15   0   4  22  0.22 inf
  248 I   -4 -4 -5 -5 -4 -2 -5 -6 -5  5  1 -4  7 -2 -5 -4  0 -5 -4  1    0   0   0   0   0   1   0   0   0  37   9   0  36   0   0   0   6   0   0   8  1.20 inf
  249 D   -1  3  0  3 -4  1  3 -2  0 -4 -4  2 -3 -5 -3  2 -1 -5 -4 -3    5  17   4  19   0   6  17   2   2   0   0  11   0   0   0  15   2   0   0   1  0.47 inf
  250 Q   -1  3  1  1 -4  4  2 -2 -1 -4 -3  3 -3 -5 -3  0 -1 -4 -3 -4    2  17   6   8   0  22  14   1   1   0   1  19   0   0   0   7   2   0   0   0  0.54 inf
  251 F   -2  0 -2 -2 -2  0 -1 -3  3 -1  0  0  0  3 -3  0  0  2  4  0    1   7   0   2   1   5   1   0  12   2   6   6   2  16   0   7   7   3  17   6  0.23 inf
  252 G    1 -3 -2 -2 -4 -3  0  6 -3 -5 -5 -3 -4 -5  0 -1 -3 -4 -4 -4   12   0   0   1   0   0   7  76   0   0   0   0   0   0   4   0   0   0   0   0  1.17 inf
  253 E   -2 -1  1  4 -4  3  4 -2 -1 -4 -4  1 -2 -4 -2 -1 -1 -4 -3 -3    0   0   4  30   0  17  46   0   0   0   0   3   0   0   0   0   0   0   0   0  0.70 inf

                      K         Lambda
Standard Ungapped    0.1396     0.3215
Standard Gapped      0.0569     0.2670
PSI Ungapped         0.1870     0.3124
PSI Gapped           0.0569     0.2670
