
Last position-specific scoring matrix computed, weighted observed percentages rounded down, information per position, and relative weight of gapless real matches to pseudocounts
           A  R  N  D  C  Q  E  G  H  I  L  K  M  F  P  S  T  W  Y  V   A   R   N   D   C   Q   E   G   H   I   L   K   M   F   P   S   T   W   Y   V
    1 D   -2 -1  1  6 -4  0  3 -2 -1 -4 -4 -1 -3 -4 -2  0 -1 -4 -3 -3    0   0   0  77   0   0  23   0   0   0   0   0   0   0   0   0   0   0   0   0  0.88 inf
    2 S    0 -2 -1 -1 -2 -1 -2  4 -2 -2 -3 -1 -1 -3  2  2  1 -3 -3 -1    0   0   0   0   0   0   0  49   0   0   0   0   2   0  11  26   7   0   0   5  0.50 inf
    3 A    1 -1  3  0 -2  3  0  0 -1 -3 -3  0 -2 -3 -1  3  1 -3 -2 -2   13   0  22   0   0  23   0   2   0   0   0   0   0   0   0  39   2   0   0   0  0.35 inf
    4 I   -1 -3 -4 -4 -2 -3 -3 -3 -4  4  2 -3  1  0 -3 -3 -1 -3 -2  3    0   0   0   0   0   0   0   1   0  55  26   0   0   0   0   0   0   0   0  17  0.41 inf
    5 T   -1  0  0 -1 -2  5  1 -2 -1 -2 -2  0 -1 -3 -2  0  4 -3 -2 -1    0   0   0   0   0  52   0   0   0   0   0   0   0   0   0   0  48   0   0   0  0.54 inf
    6 L   -2 -3 -4 -4 -2 -3 -3 -4 -3  1  5 -3  2  0 -3 -3 -2 -2 -2  0    0   0   0   0   0   0   0   0   0   0 100   0   0   0   0   0   0   0   0   0  0.64 inf
    7 W   -3 -4 -5 -5 -3 -3 -4 -3 -3 -4 -3 -4 -2  0 -5 -4 -3 12  2 -4    0   0   0   0   0   0   0   0   0   0   0   0   0   0   0   0   0 100   0   0  2.94 inf
    8 Q   -1  0 -1 -1 -4  7  1 -3  0 -4 -3  1 -1 -4 -2 -1 -1 -3 -2 -3    0   0   0   0   0 100   0   0   0   0   0   0   0   0   0   0   0   0   0   0  1.03 inf
    9 F   -3 -4 -4 -4 -3 -4 -4 -4 -2 -1  0 -4 -1  7 -4 -3 -3  0  3 -1    0   0   0   0   0   0   0   0   0   0   0   0   0 100   0   0   0   0   0   0  1.14 inf
   10 L   -2 -3 -4 -4 -2 -3 -3 -4 -3  1  5 -3  2  0 -3 -3 -2 -2 -2  0    0   0   0   0   0   0   0   0   0   0 100   0   0   0   0   0   0   0   0   0  0.65 inf
   11 L   -1 -3 -4 -4 -2 -3 -3 -4 -3  2  4 -3  2  0 -3 -3 -1 -2 -1  2    0   0   0   0   0   0   0   0   0   0  75   0   0   0   0   0   0   0   0  25  0.49 inf
   12 Q    1  0 -1  0 -3  3  4 -2  2 -3 -3  0 -2 -3 -2  0  1 -3 -2 -2   16   0   0   0   0  17  50   0   7   0   0   0   0   0   0   0  10   0   0   0  0.44 inf
   13 L   -2 -3 -4 -4 -2 -3 -3 -4 -3  1  5 -3  2  0 -3 -3 -2 -2 -2  0    0   0   0   0   0   0   0   0   0   0 100   0   0   0   0   0   0   0   0   0  0.65 inf
   14 L   -2 -3 -4 -4 -2 -3 -3 -4 -3  1  5 -3  2  0 -3 -3 -2 -2 -2  0    0   0   0   0   0   0   0   0   0   0 100   0   0   0   0   0   0   0   0   0  0.65 inf
   15 Q    0  0  0  3 -2  0  1 -2 -1 -1  0  0  1 -2 -2  1  0 -3 -2  0    5   4   0  25   0   5   7   0   0   2  16   4   8   0   0  18   3   0   0   5  0.13 inf
   16 K   -2 -1  1  6 -4  0  2 -1 -1 -4 -4  0 -3 -4 -2  0 -1 -4 -3 -3    0   0   4  65   0   0  15   3   0   0   0   6   0   0   0   6   0   0   0   0  0.73 inf
   17 P   -1  0  1 -1 -3  2  0 -1  1 -3 -3  0 -2 -4  6  1 -1 -4 -2 -3    0   3   6   0   0  15   0   4   4   0   0   6   0   0  46  17   0   0   0   0  0.79 inf
   18 Q    1  0  1 -1 -1  2  1  0  0 -3 -3  1 -1 -3 -1  2  1 -3 -2 -2   16   2   7   0   1  18   7   7   1   0   0   6   0   0   0  29   5   0   0   0  0.25 inf
   19 N   -2 -1  5  0  2  0 -1 -1  5 -4 -3 -1 -2 -3 -3  0 -1 -3  0 -3    0   1  60   0   6   4   0   0  24   0   0   0   0   0   0   4   0   0   2   0  0.61 inf
   20 K    2  0  0  0 -2  1  0  1  0 -2 -2  1 -1 -3  0  2  0 -3 -2 -2   26   5   1   2   0   7   5  11   2   1   1  14   0   0   3  19   3   0   0   0  0.20 inf
   21 H   -1  0  2  1 -3  1  0 -1  6 -3 -3 -1 -2 -2  1  1  0 -3  0 -3    5   2  12   7   0   4   2   1  46   0   0   0   0   0   7  10   4   0   0   0  0.47 inf
   22 M   -2 -3 -3 -4  6 -3 -4 -4 -3  2  2 -3  2  3 -3 -2 -1 -2  0  1    0   0   0   0  26   0   0   0   0  15  35   0   6  17   0   0   0   0   0   1  0.40 inf
   23 I   -2 -4 -4 -4 -2 -3 -4 -4 -4  6  1 -3  1 -1 -3 -3 -1 -3 -2  2    0   0   0   0   0   0   0   0   0  98   0   0   0   0   0   0   0   0   0   2  0.65 inf
   24 C    2 -1 -1 -2  5  0 -1 -1 -1 -1 -2 -1 -1 -3 -2  2  2 -3 -2 -1   32   2   0   0  23   6   0   0   2   1   0   0   0   0   0  15  18   0   0   1  0.32 inf
   25 W   -3 -4 -5 -5 -3 -3 -4 -3 -3 -4 -3 -4 -2  0 -5 -4 -3 12  2 -4    0   0   0   0   0   0   0   0   0   0   0   0   0   0   0   0   0 100   0   0  2.96 inf
   26 T   -1 -1 -1 -1 -2  0  2 -2 -2 -2 -2 -1 -1 -3 -2  1  5 -3 -2 -1    0   0   0   0   0   0  21   0   0   0   0   0   0   0   0   0  79   0   0   0  0.56 inf
   27 S    0 -2  2 -1 -2 -1 -1  5 -2 -4 -4 -1 -3 -3 -2  3  0 -3 -3 -3    0   0  12   0   0   0   0  52   0   0   0   0   0   0   0  36   0   0   0   0  0.61 inf
   28 N   -1  3  3  0 -3  1  1 -1  0 -3 -3  1 -2 -3 -2  1  2 -3 -2 -2    1  29  27   2   0   5   8   1   0   0   0   3   0   0   0   6  18   0   0   0  0.34 inf
   29 D   -1 -1  3  4 -3  0  2  3 -1 -4 -4 -1 -3 -4 -2  0 -1 -4 -3 -3    0   0  21  37   0   2  14  25   0   0   0   0   0   0   0   2   0   0   0   0  0.54 inf
   30 G    0 -3 -1 -2 -3 -2 -3  5 -3 -2 -1 -2  2 -2 -3 -1 -2  2 -3 -2    0   0   0   0   0   0   0  74   0   0   8   0  15   0   0   0   0   3   0   0  0.72 inf
   31 Q   -1 -1 -1  1 -4  2  6 -3 -1 -4 -4  0 -3 -4 -2 -1 -1 -4 -3 -3    0   0   0   0   0   2  98   0   0   0   0   0   0   0   0   0   0   0   0   0  0.97 inf
   32 F   -3 -4 -4 -4 -3 -4 -4 -4 -2 -1  0 -4 -1  7 -4 -3 -3  0  3 -1    0   0   0   0   0   0   0   0   0   0   0   0   0 100   0   0   0   0   0   0  1.13 inf
   33 K   -1  2 -1 -1 -4  1  0 -2 -1 -3 -3  6 -2 -4 -2 -1 -1 -4 -2 -3    0   0   0   0   0   0   0   0   0   0   0 100   0   0   0   0   0   0   0   0  0.79 inf
   34 L   -2 -3 -4 -4 -2 -3 -3 -4 -3  1  5 -3  2  0 -3 -3 -2 -2 -2  0    0   0   0   0   0   0   0   0   0   0  97   0   3   0   0   0   0   0   0   0  0.62 inf
   35 L   -1 -2 -3 -3 -1 -2 -3 -3  0  3  2 -2  1  0 -3 -1  1 -3 -1  2    0   0   0   0   0   1   0   0   5  29  34   0   0   0   0   1  10   0   0  19  0.25 inf
   36 Q   -2  0  2  4 -4  2  3 -2 -1 -4 -4  1 -2 -4 -2  0 -1 -4 -3 -3    0   2  12  42   0  14  21   0   0   0   0   9   0   0   0   0   0   0   0   0  0.57 inf
   37 A    3 -2 -2 -2 -2 -1 -1 -1 -2 -3 -3 -1 -2 -3  6  1 -1 -4 -3 -2   42   0   0   0   0   0   0   0   0   0   0   0   0   0  47  11   0   0   0   0  0.90 inf
   38 E   -2 -1  0  4 -4  1  5 -2 -1 -4 -4  0 -3 -4 -2 -1 -1 -4 -3 -3    0   0   0  24   0   2  74   0   0   0   0   0   0   0   0   0   0   0   0   0  0.82 inf
   39 E    0 -1 -1  1 -4  1  6 -3 -1 -4 -3  0 -3 -4 -2 -1 -1 -4 -3 -3    5   0   0   0   0   0  95   0   0   0   0   0   0   0   0   0   0   0   0   0  0.89 inf
   40 V   -1 -3 -3 -4 -1 -3 -3 -4 -4  2  0 -3  0 -1 -3 -2  0 -3 -2  5    0   0   0   0   0   0   0   0   0   0   0   0   0   0   0   0   2   0   0  98  0.57 inf
   41 A    5 -2 -2 -2 -1 -1 -1  0 -2 -2 -2 -1 -1 -3 -1  1  0 -3 -2 -1  100   0   0   0   0   0   0   0   0   0   0   0   0   0   0   0   0   0   0   0  0.62 inf
   42 R   -2  6 -1 -2 -4  1  0 -3 -1 -4 -3  3 -2 -3 -3 -1 -2 -3 -2 -3    0  87   0   0   0   2   0   0   0   0   0  11   0   0   0   0   0   0   0   0  0.92 inf
   43 L   -2  4 -2 -3 -2 -1 -2 -4 -2  0  3  0  1 -1 -3 -2 -2 -3 -2 -1    0  43   0   0   0   0   0   0   0   0  57   0   0   0   0   0   0   0   0   0  0.39 inf
   44 W   -3 -4 -5 -5 -3 -3 -4 -3 -3 -4 -3 -4 -2  0 -5 -4 -3 12  2 -4    0   0   0   0   0   0   0   0   0   0   0   0   0   0   0   0   0 100   0   0  2.96 inf
   45 G    0 -3 -1 -2 -3 -2 -3  6 -3 -4 -4 -2 -3 -4 -3 -1 -2 -3 -4 -4    0   0   0   0   0   0   0 100   0   0   0   0   0   0   0   0   0   0   0   0  1.27 inf
   46 I   -1 -2 -2 -2 -2  0  1 -3 -2  2  2 -1  2 -1 -3 -2 -1 -3 -2  1    2   0   0   0   0   5  21   0   0  19  36   0   5   0   0   0   0   0   0  11  0.19 inf
   47 R   -2  6 -1 -2 -1  3  0 -3 -1 -4 -3  2 -2 -4 -2 -1 -2 -3 -2 -3    0  75   0   0   2  23   0   0   0   0   0   0   0   0   0   0   0   0   0   0  0.80 inf
   48 K   -1  2 -1 -1 -4  1  0 -2 -1 -3 -3  6 -2 -4 -2 -1 -1 -4 -2 -3    0   0   0   0   0   0   0   0   0   0   0 100   0   0   0   0   0   0   0   0  0.79 inf
   49 N   -1 -1  6  1 -3  0 -1 -1  0 -4 -4 -1 -3 -4 -2  2  0 -4 -3 -3    0   0  81   0   0   0   0   0   0   0   0   0   0   0   0  19   0   0   0   0  0.81 inf
   50 K   -1  4 -1 -1 -4  1  0 -2 -1 -3 -3  5 -2 -4 -2 -1 -1 -4 -2 -3    0  23   0   0   0   0   0   0   0   0   0  77   0   0   0   0   0   0   0   0  0.69 inf
   51 P   -1 -2 -1 -2 -3 -1 -1 -2  1 -3 -3 -1 -2 -3  7  0  2 -4 -2 -2    1   0   1   0   0   1   0   0   7   0   1   0   0   0  65   0  23   0   0   0  1.23 inf
   52 N    1 -1  5  0 -2  0 -1 -1  1 -3 -3  0 -2 -3 -2  1  0 -4 -2 -2   23   0  64   0   0   0   0   0   4   0   0   3   0   0   0   5   1   0   0   0  0.53 inf
   53 M   -2 -2 -3 -4 -2 -1 -3 -4 -2  1  2 -2  8 -1 -3 -2 -1 -2 -2  0    0   0   0   0   0   0   0   0   0   0   0   0 100   0   0   0   0   0   0   0  0.89 inf
   54 N   -2 -1  7  1 -3 -1 -1 -1  0 -4 -4 -1 -3 -4 -3  0 -1 -5 -3 -4    0   0 100   0   0   0   0   0   0   0   0   0   0   0   0   0   0   0   0   0  1.07 inf
   55 Y   -3 -2 -3 -4 -3 -2 -3 -4  1 -2 -2 -3 -2  3 -4 -2 -2  2  8 -2    0   0   0   0   0   0   0   0   0   0   0   0   0   0   0   0   0   0 100   0  1.32 inf
   56 D   -2 -2  1  7 -4 -1  2 -2 -2 -4 -4 -1 -4 -4 -2 -1 -2 -5 -4 -4    2   0   0  95   0   0   3   0   0   0   0   0   0   0   0   0   0   0   0   0  1.14 inf
   57 K   -1  2 -1 -1 -4  1  0 -2 -1 -3 -3  6 -2 -4 -2 -1 -1 -4 -2 -3    0   0   0   0   0   0   0   0   0   0   0 100   0   0   0   0   0   0   0   0  0.79 inf
   58 L   -2 -3 -4 -4 -2 -3 -3 -4 -3  1  5 -3  2  0 -3 -3 -2 -2 -2  0    0   0   0   0   0   0   0   0   0   0 100   0   0   0   0   0   0   0   0   0  0.65 inf
   59 S    1 -1  0 -1 -1 -1 -1 -1 -1 -3 -3 -1 -2 -3 -1  5  1 -3 -2 -2    0   0   0   0   0   0   0   0   0   0   0   0   0   0   0 100   0   0   0   0  0.69 inf
   60 R   -2  7 -1 -2 -4  1 -1 -3 -1 -4 -3  2 -2 -4 -3 -1 -2 -3 -2 -3    0 100   0   0   0   0   0   0   0   0   0   0   0   0   0   0   0   0   0   0  1.06 inf
   61 A    4 -2 -1 -2 -1 -1 -1  0 -2 -2 -2 -1 -2 -3 -1  2  0 -3 -2 -1   74   0   0   0   0   0   0   3   0   0   0   0   0   0   0  23   0   0   0   0  0.47 inf
   62 L   -2 -3 -4 -4 -2 -3 -3 -4 -3  1  5 -3  2  0 -3 -3 -2 -2 -2  0    0   0   0   0   0   0   0   0   0   0 100   0   0   0   0   0   0   0   0   0  0.65 inf
   63 R   -2  7 -1 -2 -4  1 -1 -3 -1 -4 -3  2 -2 -4 -3 -1 -2 -3 -2 -3    0 100   0   0   0   0   0   0   0   0   0   0   0   0   0   0   0   0   0   0  1.06 inf
   64 Y   -3 -2 -3 -4 -3 -2 -3 -4  1 -2 -2 -3 -2  3 -4 -2 -2  2  8 -2    0   0   0   0   0   0   0   0   0   0   0   0   0   0   0   0   0   0 100   0  1.32 inf
   65 Y   -3 -2 -3 -4 -3 -2 -3 -4  1 -2 -2 -3 -2  3 -4 -2 -2  2  8 -2    0   0   0   0   0   0   0   0   0   0   0   0   0   0   0   0   0   0 100   0  1.32 inf
   66 Y   -3 -2 -3 -4 -3 -2 -3 -4  1 -2 -2 -3 -2  3 -4 -2 -2  2  8 -2    0   0   0   0   0   0   0   0   0   0   0   0   0   0   0   0   0   0 100   0  1.32 inf
   67 V   -2 -2  0  6 -4  0  3 -2 -1 -2 -3 -1 -3 -4 -2 -1 -1 -4 -3 -1    0   0   0  68   0   0  23   0   0   0   0   0   0   0   0   0   0   0   0   9  0.77 inf
   68 K   -1  2 -1 -1 -4  1  0 -2 -1 -3 -3  6 -2 -4 -2 -1 -1 -4 -2 -3    0   0   0   0   0   0   0   0   0   0   0 100   0   0   0   0   0   0   0   0  0.79 inf
   69 N   -2 -1  6  1 -3 -1 -1  3  0 -4 -4 -1 -3 -4 -3  0 -1 -4 -3 -4    0   0  77   0   0   0   0  23   0   0   0   0   0   0   0   0   0   0   0   0  0.81 inf
   70 I   -2 -4 -4 -4 -2 -3 -4 -4 -4  6  1 -3  1 -1 -3 -3 -1 -3 -2  2    0   0   0   0   0   0   0   0   0 100   0   0   0   0   0   0   0   0   0   0  0.66 inf
   71 I   -2 -3 -3 -4 -2 -2 -3 -4 -3  4  1 -3  5  0 -3 -2 -1 -3 -2  2    0   0   0   0   0   0   0   0   0  55   0   0  44   0   0   0   0   0   0   1  0.50 inf
   72 K   -1  2  0 -1 -3  3  1 -2  1 -3 -2  3 -1 -3 -2  0  2 -3 -2 -2    1  11   0   0   0  26   0   0   3   0   0  40   0   0   0   0  19   0   0   0  0.40 inf
   73 K   -1  2 -1 -1 -4  1  0 -2 -1 -3 -3  6 -2 -4 -2 -1 -1 -4 -2 -3    0   0   0   0   0   0   0   0   0   0   0 100   0   0   0   0   0   0   0   0  0.79 inf
   74 V   -1 -3 -3 -4 -1 -3 -3 -4 -4  3  0 -3  0 -1 -3 -2  0 -3 -2  5    0   0   0   0   0   0   0   0   0   5   0   0   0   0   0   2   3   0   0  90  0.50 inf
   75 N    1 -1  2 -1 -2 -1 -1 -1  4  0 -1 -1  1 -2 -2  1  0 -3 -1 -1   23   0  18   0   0   0   0   0  21  12   4   0   8   0   0  14   0   0   0   0  0.17 inf
   76 G    0 -3 -1 -2 -3 -2 -3  6 -3 -4 -4 -2 -3 -4 -3 -1 -2 -3 -4 -4    0   0   0   0   0   0   0 100   0   0   0   0   0   0   0   0   0   0   0   0  1.27 inf
   77 Q   -1  1  0  0 -4  5  3 -2  0 -3 -3  3 -1 -4 -2  0 -1 -3 -2 -3    0   0   0   0   0  49  23   0   0   0   0  28   0   0   0   0   0   0   0   0  0.62 inf
   78 K   -1  5 -1 -2 -4  1  0 -2 -1 -3 -3  4 -2 -4 -2 -1 -1 -3 -2 -3    0  47   0   0   0   0   0   0   0   0   0  53   0   0   0   0   0   0   0   0  0.70 inf
   79 F   -3 -3 -3 -4 -3 -3 -3 -4  0 -1 -1 -3 -1  6 -4 -3 -2  1  6 -2    0   0   0   0   0   0   0   0   0   0   0   0   0  53   0   0   0   0  47   0  0.94 inf
   80 V    2 -3 -3 -3 -1 -2 -3 -3 -3  2  0 -2  0 -2 -2 -1  0 -3 -2  4   21   0   0   0   0   0   0   0   0   0   0   0   0   0   0   0   0   0   0  79  0.40 inf
   81 Y   -3 -2 -3 -4 -3 -2 -3 -4  1 -2 -2 -3 -2  3 -4 -2 -2  2  8 -2    0   0   0   0   0   0   0   0   0   0   0   0   0   0   0   0   0   0 100   0  1.32 inf
   82 K   -1  4 -1 -1 -4  1  0 -2 -1 -3 -3  5 -2 -4 -2 -1 -1 -4 -2 -3    0  21   0   0   0   0   0   0   0   0   0  79   0   0   0   0   0   0   0   0  0.69 inf
   83 F   -3 -3 -4 -4 -3 -4 -4 -4 -2 -1  0 -4 -1  7 -4 -3 -3  1  3 -1    0   0   0   0   0   0   0   0   0   0   0   0   0  98   0   0   0   0   2   0  1.11 inf
   84 V   -1 -3 -3  0 -1 -3 -2 -4 -3  2  0 -3  0 -2 -3 -2  0 -4 -2  5    0   0   0   9   0   0   0   0   0   0   0   0   0   0   0   0   2   0   0  89  0.44 inf
   85 S    0 -2 -1 -2  6  0 -1  0 -2 -2 -2 -1 -2  0 -2  3  1 -3 -2 -2    2   0   0   0  31   4   0   5   0   0   0   0   0   6   0  44   7   0   0   0  0.43 inf
   86 Y   -2 -2 -1  3 -3 -1  0 -3  2 -1  0 -2 -1  4 -3 -1 -2  0  4 -2    0   0   1  23   0   3   5   0   8   0   7   0   0  30   0   1   0   0  21   0  0.33 inf
   87 P   -1 -3 -2 -2 -3 -2 -2  0 -3 -3 -2 -2 -3 -4  8 -1 -1 -4 -3 -3    3   0   0   0   0   0   0   6   0   0   4   0   0   0  85   0   2   0   0   0  1.75 inf
   88 E   -1 -1  0  3 -4  2  5 -2 -1 -3 -2  0 -2 -3 -2 -1 -1 -3 -3 -3    3   0   0  20   0   6  65   0   0   0   6   0   0   0   0   0   0   0   0   0  0.62 inf
   89 I    2 -2  0 -2 -1 -2 -2  0 -1  2  0 -2  1 -1  0  0 -1 -3 -2  1   31   0   9   0   0   0   0   6   2  33   1   0   6   0   3   1   0   0   0   7  0.12 inf
   90 L   -1 -2 -3 -3  2 -1 -3 -2 -3  1  3 -2  2  1 -3 -2 -1 -2 -1  1    5   0   0   0   5   4   0   3   0   1  59   0   5   5   0   1   3   0   0  10  0.25 inf
   91 N    0  1  2  0 -2  1  0  0  0 -2 -2  3 -1 -1 -2  1  1 -3 -2 -1    6   6  17   2   0   3   0   4   1   0   4  29   0   3   0  13  10   0   0   2  0.19 inf
   92 M   -1 -2 -1 -2  4 -1 -2  0 -1  0  0 -2  5 -2  0  0  1 -3 -2 -1    0   0   3   0  13   0   0   7   2   0   3   0  43   0   5  10  14   0   0   0  0.26 inf
   93 S    2 -1  0  2 -2  1  2 -1 -1 -2 -2 -1 -1 -2 -1  2  0 -3  0 -2   30   0   0  14   0   7  13   0   0   0   0   0   3   0   0  29   0   0   4   0  0.27 inf
   94 R    0  3  1 -2 -2 -1 -1 -2 -1 -2 -2  0  0  2 -2  0  1 -1  2 -2   10  34   7   0   0   0   0   0   0   0   0   0   3  18   0   8  15   0   7   0  0.23 inf
   95 N    0 -1  4  0 -3  1  0  0 -1 -3 -2  1 -1 -3  4  0  0 -3 -1 -2    4   0  32   0   0   5   3   7   0   0   4  12   3   0  23   4   2   0   2   0  0.41 inf
   96 D   -1 -1  1  4 -3  1  2 -1 -1 -1 -2 -1 -2 -3  0  0  0 -4 -3 -1    5   2   3  41   0   8  17   2   0   7   0   0   0   0   3   4   4   0   0   5  0.37 inf
   97 Y   -1 -2  2 -2 -1  0  0  0  1 -3 -2 -1 -2  1  2  0 -1  0  5 -2    3   0  14   0   1   3   5   7   2   0   0   0   0   0  14   5   3   0  43   0  0.42 inf
   98 I   -1 -2 -2 -3 -2  1 -2  0 -1  2  1 -2  2  2 -3 -1  0 -2  0  0    5   0   0   0   0  12   0   8   2  25  17   0  10  13   0   4   5   0   0   0  0.10 inf
   99 H   -1  4  0 -1 -3  1  0 -2  6 -3 -3  1  0 -3 -2  1  0 -3 -1 -3    3  31   0   0   0   4   4   0  33   0   0   8   3   0   0  12   3   0   0   0  0.46 inf
  100 S    1 -2 -1 -1 -2  0 -1 -1 -2 -1 -1 -1 -1 -2  3  3  0 -3  0  0   12   0   0   0   0   4   0   0   0   0   3   0   0   0  14  51   0   0   4  12  0.33 inf
  101 G    0 -1  0 -1 -3 -1 -1  5 -2 -3 -3  1 -2 -3 -2  0 -1 -3 -3 -1    4   0   2   0   0   0   4  59   0   0   0  18   0   0   0   6   0   0   0   8  0.54 inf
  102 L   -2 -2 -3 -2 -2 -2 -3 -4 -3  1  4 -3  3  0 -3 -2  0 -2  0  0    0   0   0   3   0   0   0   0   0   4  68   0  13   0   0   0   7   0   4   0  0.41 inf
  103 Y   -1 -1 -2 -2 -3  1  1 -3  0 -2 -2  2 -2  1  2  0 -1  0  6 -2    0   0   0   0   0   5  10   0   0   0   0  19   0   2  10   7   2   0  45   0  0.44 inf
  104 S    1 -1  0 -1 -1 -1 -1  0 -2 -2 -3 -1 -2 -3  1  4  3 -3 -2 -2    7   0   0   0   0   0   0   4   0   0   0   0   0   0   5  61  22   0   0   0  0.46 inf
  105 S    1 -1  0  1 -2  0  2  0 -1 -3 -3  0 -2 -3 -1  3  2 -3 -2 -2    3   0   0   3   0   0  23   3   0   0   0   0   0   0   0  52  15   0   0   0  0.39 inf
  106 F   -2 -2  0 -2 -3 -2  0 -3  2 -1 -1 -2 -1  6 -3  0 -2  0  2 -2    0   0   5   0   0   0   8   0   7   0   0   0   0  70   0  11   0   0   0   0  0.54 inf
  107 T   -1  0 -1  0 -2  0 -1 -2 -2 -1 -1  0 -1  0  0  1  4 -3 -1  0    0   7   0   4   0   5   0   0   0   0   0   2   0   7   3   4  58   0   0   9  0.28 inf
  108 L    0 -2 -3 -3 -1 -1 -2 -3 -3  3  2 -2  2 -1  0 -2 -1 -3 -2  2    8   0   0   0   0   4   0   0   0  26  26   0  11   0   5   0   0   0   0  20  0.23 inf
  109 N    0  0  4  0 -2  2  0  0 -1 -3 -3  1 -2 -3  1  2  2 -3 -2 -2    0   0  29   0   0  16   0   3   0   0   0   5   0   0   5  28  14   0   0   0  0.36 inf
  110 S    0  0  2 -1 -2  1  0  0 -1 -3 -3  0 -2 -3 -2  4  1 -3 -2 -2    0   4   7   0   0   9   0   4   0   0   0   0   0   0   0  75   0   0   0   0  0.48 inf
  111 L    0 -2 -3 -1 -2 -2 -2 -3 -2  1  4 -2  3  0 -3 -2 -1 -2  1  1    7   0   0   5   0   0   0   0   0   0  62   0   9   0   0   0   0   0   7   9  0.30 inf
  112 N   -2  0  4  0 -3  4  1 -2  5 -4 -3  0 -2 -3 -2  0 -1 -3 -1 -3    0   0  33   0   0  39   0   0  28   0   0   0   0   0   0   0   0   0   0   0  0.61 inf

                      K         Lambda
Standard Ungapped    0.1353     0.3212
Standard Gapped      0.0437     0.2670
PSI Ungapped         0.1429     0.3130
PSI Gapped           0.0437     0.2670
