
Last position-specific scoring matrix computed, weighted observed percentages rounded down, information per position, and relative weight of gapless real matches to pseudocounts
           A  R  N  D  C  Q  E  G  H  I  L  K  M  F  P  S  T  W  Y  V   A   R   N   D   C   Q   E   G   H   I   L   K   M   F   P   S   T   W   Y   V
    1 R   -5  8 -5 -6 -8 -3 -4 -6 -4 -7 -6  3 -6 -7 -6 -5 -5 -7 -6 -7    0  87   0   0   0   0   0   0   0   0   0  13   0   0   0   0   0   0   0   0  2.54 inf
    2 I    0 -2 -4 -4 -2  0 -3 -3 -2  3  1  0  1 -3  0 -1  0 -4 -3  3    7   2   0   0   0   6   0   1   1  18  11   5   4   0   6   5   6   0   0  28  0.33 inf
    3 P    1  0 -3 -4 -5  0 -4 -2 -3 -1 -4 -3 -3 -5  6  1  0  2 -5 -2   13   5   0   0   0   5   0   3   1   4   1   0   1   0  42  13   6   2   0   3  0.94 inf
    4 L   -2  1 -4 -5 -4 -1 -4 -5 -2  2  4  0  0  0 -4 -2  0 -2  0  1    1   8   0   0   0   3   0   0   1   9  43   7   1   4   0   2   7   0   3  10  0.47 inf
    5 S    5 -5 -3 -5 -5 -4 -5 -2 -5 -6 -5 -4 -5 -6 -5  5 -1 -7 -6 -3   49   0   1   0   0   0   0   2   0   0   1   0   0   0   0  44   2   0   0   1  1.48 inf
    6 C   -6 -9 -8 -9 12 -9 -9 -8 -9 -7 -7 -9 -7 -8 -8 -6 -6 -8 -8 -6    0   0   0   0 100   0   0   0   0   0   0   0   0   0   0   0   0   0   0   0  4.66 inf
    7 T   -1 -2  0  2 -3 -1  2 -2  0  1  1 -1  0 -1 -3  0  2 -4  1  0    5   1   4  11   0   2  15   3   2  10  14   2   1   2   0   5  14   0   5   5  0.14 inf
    8 I    1  1  0 -2 -1  0  1 -2 -1  0 -1 -2  0  0  3  0  1 -4 -2  0   14   7   4   1   1   4  10   1   1   6   6   0   2   5  15   8   8   0   1   5  0.18 inf
    9 C   -6 -9 -8 -9 12 -9 -9 -8 -9 -7 -7 -9 -7 -8 -9 -7 -7 -8 -8 -6    0   0   0   0 100   0   0   0   0   0   0   0   0   0   0   0   0   0   0   0  4.69 inf
   10 R   -5  8 -4 -6 -8 -1 -4 -7 -1 -5 -7  2 -3 -7 -7 -3 -4 -7 -4 -7    0  83   1   0   0   2   0   0   1   1   0   8   1   0   0   1   1   0   0   0  2.37 inf
   11 K   -2  5 -1 -2 -4  2 -1 -4  1 -4 -4  4 -3 -4 -5  0  0 -6 -3 -3    3  37   2   1   0  10   3   1   3   1   1  22   0   1   0   6   6   0   1   2  0.81 inf
   12 R   -4  8 -5 -6 -8 -3 -4 -5 -5 -7 -4  3 -1 -7 -6 -4 -5 -7 -6 -7    1  77   0   0   0   0   0   1   0   0   2  17   1   0   0   1   0   0   0   0  2.21 inf
   13 K   -6  0 -5 -6 -8 -3 -4 -6 -5 -8 -7  8 -6 -8 -6 -5 -5 -8 -7 -7    0   3   0   0   0   0   0   0   0   0   0  97   0   0   0   0   0   0   0   0  2.78 inf
   14 V   -2 -3 -4 -5 -4 -1 -4 -5 -5  4  3 -2  3 -2 -5  0 -1 -5 -4  3    3   1   0   0   0   3   0   0   0  28  26   3   8   1   0   7   3   0   0  17  0.65 inf
   15 K   -4  5 -4 -5 -7 -2 -4 -3 -5 -7 -7  7 -6 -5 -6 -4 -5 -7 -4 -7    1  34   0   0   0   1   0   2   0   0   0  61   0   1   0   1   0   0   1   0  1.92 inf
   16 C   -6 -9 -8 -9 12 -8 -9 -4 -9 -7 -7 -9 -7 -8 -8 -6 -6 -8 -8 -6    0   0   0   0  98   0   0   2   0   0   0   0   0   0   0   0   0   0   0   0  4.49 inf
   17 D   -5 -6  2  8 -3 -5 -3 -4 -5 -7 -8 -5 -7 -8 -4  2 -3 -8 -7 -7    0   0   7  76   1   0   0   1   0   0   0   0   0   0   1  14   1   0   0   0  2.14 inf
   18 K   -3  5 -2 -5 -4 -2 -3  5 -1 -7 -6  2 -6 -3 -6 -4 -4 -6 -6 -6    1  38   1   0   0   2   1  44   2   0   0  10   0   1   0   0   0   0   0   0  1.38 inf
   19 L    1  0  0 -1 -2  1  2  1 -1 -1 -1  0 -2 -3 -3  0  0 -4 -3  1   16   5   6   3   0   7  14  10   1   3   4   7   0   1   0   5   7   0   0  11  0.15 inf
   20 R   -3  5 -3 -3 -4  2 -1 -3  4 -3 -2  4  0 -2 -5 -1 -2 -2 -1 -2    0  29   0   0   0   7   2   2   9   1   5  27   2   2   0   4   2   0   2   2  0.72 inf
   21 P   -5 -3 -7 -7 -8 -6 -6 -5 -7 -8 -8 -6 -8 -9  9 -6 -4 -9 -8 -5    1   1   0   0   0   0   0   1   0   0   0   0   0   0  96   0   1   0   0   1  3.30 inf
   22 H    2 -1 -1 -2 -1  0 -1 -2  0  1 -1 -1  0 -1  1  1  1 -3 -1  2   20   2   3   1   1   4   2   2   3   7   3   4   2   3   6  13   7   0   2  15  0.13 inf
   23 C   -6 -9 -8 -9 12 -9 -9 -8 -9 -7 -7 -9 -7 -8 -8 -6 -6 -8 -8 -6    0   0   0   0 100   0   0   0   0   0   0   0   0   0   0   0   0   0   0   0  4.65 inf
   24 Q   -1 -1  0  1 -4  1  1  3 -1 -4 -5  1 -4 -4 -4  3  1 -5 -4 -3    2   3   4   6   0   6   7  26   1   0   0   8   0   0   0  26   8   0   0   1  0.51 inf
   25 Q    0  1  4 -3 -5  4 -2 -2  4 -4 -4 -2 -2 -5  0  1  2  2 -4 -4    7   8  19   0   0  18   1   2  10   0   1   1   1   0   5   9  14   3   0   1  0.56 inf
   26 C   -6 -4 -8 -9 12 -8 -9 -8 -8 -7 -4 -8 -7 -8 -8 -6 -6 -8 -8 -6    0   1   0   0  97   0   0   0   0   0   2   0   0   0   0   0   0   0   0   0  4.40 inf
   27 T    0  0 -2 -3 -1  1  0 -3 -1  2  0  0 -1 -1 -3  1  2 -4 -1  2    5   6   1   0   1   6   5   1   1  11  10   4   1   2   0  12  13   0   2  20  0.16 inf
   28 K   -1  6  0 -1 -6 -1 -1 -4 -1 -5 -4  5 -3 -6 -5 -1 -2 -6 -4 -4    5  38   4   3   0   1   3   1   1   1   1  35   1   0   0   4   2   0   0   1  1.06 inf
   29 T    1  5  1 -3 -3 -2 -3 -3  1 -3  0  0 -2 -1 -4  2  0 -4  0 -2   12  30   6   0   0   0   0   1   4   1  11   4   0   2   0  16   5   0   3   2  0.43 inf
   30 G   -2  1  2 -1 -1 -3 -3  6 -1 -6 -5  0 -5 -5 -3  0 -3 -5 -4 -5    2   7  10   4   1   1   1  56   1   0   1   7   0   0   1   6   1   0   1   0  1.01 inf
   31 V   -2  2 -1  0  1 -1 -1 -3 -2  2  1  0 -1  0 -3 -1  0 -2 -1  2    2  12   2   7   3   2   4   2   1  11  15   6   1   4   1   2   7   1   1  17  0.11 inf
   32 A    2 -1 -1 -2 -3  0  0  1 -1 -2 -3 -1 -2 -3  4  1  1 -3 -3 -1   19   3   2   2   0   5   6   9   1   2   2   2   1   1  23  10   7   0   1   4  0.38 inf
   33 H    0 -2  0  1  5  0  1 -1  5 -3 -2 -2 -1 -2 -2  1 -1 -3 -1 -2    9   2   3  10  14   5   9   4  16   1   3   2   2   2   2  12   3   0   2   2  0.36 inf
   34 L   -1 -1 -1  2 -2  1  2 -2 -1 -1  0  0 -1 -2 -2  1 -1 -3 -2  1    4   2   2  15   1   6  17   2   1   2  13   5   1   1   1  11   3   0   1  13  0.19 inf
   35 C   -5 -6 -6 -6 11 -6 -6 -6 -6 -5 -5 -6 -5 -5 -3 -5 -5 -5  3 -5    0   0   0   0  84   0   0   0   0   0   1   0   0   0   2   0   0   0   8   0  3.56 inf
   36 H   -1 -1 -1 -1 -3  1  2 -3  2  1 -1  1  0 -1 -2  1  1 -3 -1  2    3   2   1   3   0   5  15   1   5   8   3  10   2   3   2   9  12   0   1  16  0.15 inf
   37 Y   -4 -5 -5 -3 -5 -4 -3 -4 -3 -3 -4 -5 -4  2 -4 -4 -4  3  9  0    1   0   0   2   0   1   2   2   0   1   1   0   0   6   1   1   1   4  70   6  2.16 inf
   38 M    1 -1 -1  1 -3  0  1  0 -1 -1  0  0  0 -3 -2  0  2 -3 -2  0   11   3   2   9   0   4  11   5   2   3  10   7   3   0   1   4  18   0   1   5  0.12 inf
   39 E    0 -1 -1  3 -3  1  3 -1 -1 -2 -2 -1 -1 -3  1  0  1 -3 -2 -1    8   3   2  15   0   7  19   5   1   2   5   3   1   1   7   7  10   0   1   3  0.23 inf
   40 Q   -1  3  0  0  1  2  0  0  0 -2 -2  0 -2 -3  3  0  0 -3 -2 -2    5  19   3   4   3   8   6   6   2   2   3   4   1   1  16   6   4   0   1   3  0.27 inf
   41 T    0  0  1 -1 -2  0 -1 -1  0 -1 -1  2 -1 -1  3  0  1 -2 -1 -1    5   5   6   3   0   4   3   5   3   5   5  15   1   3  16   8   8   1   1   4  0.17 inf
   42 W    1  1  1 -2 -3  0 -2 -1 -1 -1 -2 -1 -2 -1  2  0  1  6 -1 -1   14   8   7   2   0   4   2   4   2   3   3   3   0   3  10   5   9  13   2   5  0.27 inf
   43 A    2  1 -1 -1 -2 -1 -1  0 -1  0  0  0  0 -1  2  0  0  0 -1  0   19  10   3   2   0   2   2   7   2   5   8   4   2   3  12   8   4   2   1   5  0.12 inf
   44 E    0  1  0  1 -3  1  2  0 -1 -2 -3  2 -3 -3  2  1 -1 -3 -1 -2    6   6   3   7   0   8  13   7   1   2   3  12   0   1  12  12   4   0   2   2  0.24 inf
   45 E   -1  3  0  0 -3  1  1  0  0 -2 -2  2 -2 -3  0  1  0 -4 -3 -1    4  17   5   4   0   4   7   7   2   2   4  14   0   1   5  11   7   0   0   5  0.20 inf
   46 A    1  2  0 -1 -2 -1 -1 -1  0 -2 -2  1 -2 -3  0  1  3 -4 -3 -1   12  14   5   2   1   2   3   5   2   2   4   7   1   1   4  12  20   0   0   4  0.23 inf
   47 E    0  3  1  2 -4  2  1 -2  0 -4 -4  2 -2 -5 -1  2  1 -5 -4 -3    7  16   6  10   0  10   9   2   2   0   1  10   1   0   2  14   7   0   0   1  0.35 inf
   48 K   -1  3  1 -1 -3  1 -1 -2  0 -2 -3  3 -3 -2  1  1  1 -4  2 -2    4  17   6   3   0   5   2   2   2   2   2  19   0   1   6   9   8   0   8   2  0.31 inf
   49 E    0  1  0  0 -3  1  1 -1 -1 -1 -2  0  2 -2  2  1  1 -4 -2 -1    6  10   4   5   0   8   8   3   1   3   3   4   7   1  12  12   8   0   1   4  0.18 inf
   50 L    2  0 -1 -2 -3  1 -1  2  0  0  0 -1 -1 -2  0  0  0 -3  0  0   17   6   2   2   0   6   3  18   2   8  10   2   1   1   4   4   5   0   3   5  0.11 inf
   51 L    0 -1 -2 -2 -1 -1 -1 -2 -2  0  1 -1  2  1  2  0  0 -1 -1  1    7   4   2   2   1   3   5   2   1   5  19   2   8   6  10   9   5   1   1  10  0.12 inf
   52 K    0  2 -1 -1 -3  1  0 -2 -2 -1  1  2  0 -3  1  0 -1 -2 -2 -1    6  10   3   3   0   7   4   3   1   2  17  15   3   1   7   9   4   0   1   4  0.15 inf
   53 D    0  3  0  2 -3  2  2 -2  0 -4 -4  2 -2 -4 -1  1 -1 -5 -2 -2    9  17   4  14   0   8  11   2   2   1   1  10   1   0   2   9   3   0   1   2  0.35 inf
   54 N    0  0  1  2 -4  0  1  2  1 -4 -3  2 -2 -4 -1  1  0 -5 -4 -3    8   4   7  10   0   3  11  17   3   0   2  12   1   0   2  12   6   0   0   2  0.28 inf
   55 E   -2  3  0 -1 -5  1  2 -3  1 -3 -3  1 -3 -2  0  0 -1 -3  5 -3    2  15   5   4   0   6  12   1   4   1   2   7   0   1   5   7   4   0  23   2  0.44 inf
   56 L   -2 -4  1 -3 -3 -2 -4 -2 -2  4  2 -4  0 -2  1 -2 -1 -3 -2  3    2   1   7   1   0   2   0   3   1  25  21   0   2   1   8   2   4   0   1  18  0.46 inf
   57 K    1  2  0  2 -5  2  2 -3  0 -2 -3  4 -3 -4 -4  1 -1 -5 -3 -2   11   9   3  12   0   8  12   1   2   2   2  24   0   0   0   8   3   0   0   2  0.42 inf
   58 K    2  2  0  2 -3  1  3 -2 -1 -3 -3  0 -2 -4 -4  0 -1 -5 -2 -3   16  13   4  12   0   7  22   3   2   2   2   4   1   1   0   6   3   0   1   2  0.37 inf
   59 L   -5 -2 -7 -8 -6 -4 -6 -8 -7  0  6 -5  5 -3 -7 -6 -5 -6 -2 -2    1   2   0   0   0   1   0   0   0   3  74   1  14   0   0   0   0   0   1   2  1.70 inf
   60 R   -3  2 -3 -3 -7  4  5 -5  1 -3 -1  1 -1 -6 -4 -2 -4 -6 -5 -2    1  12   1   0   0  16  42   0   3   1   7   8   1   0   0   3   1   0   0   3  0.94 inf
   61 E    2  1  2  1 -5  2  3 -2 -1 -5 -4  0 -2 -6 -4  1 -1 -6 -5 -4   19   8   9   8   0  10  21   2   1   0   1   6   1   0   0  10   2   0   0   1  0.48 inf
   62 R   -5  8 -5 -6 -8  0 -2 -7 -4 -6 -4  1 -4 -5 -6 -5 -4 -8 -5 -7    0  81   0   0   0   4   2   0   0   0   2   7   0   0   0   0   1   0   0   0  2.34 inf
   63 V   -4 -6 -5 -7 -3 -6 -7 -6 -7  6  3 -6 -1 -4 -4 -4 -3 -6 -5  4    1   0   0   0   0   0   0   0   0  43  24   0   1   0   1   2   1   0   0  27  1.34 inf
   64 K    1  4  0  2 -5  2  1 -2 -1 -4 -3  2 -2 -5 -4 -1 -2 -5 -3 -2   14  23   4  12   0   8   9   3   2   1   2  14   1   0   0   4   2   0   1   2  0.46 inf
   65 S   -1  3  0  0 -2  3  3 -4  3 -4 -2  0 -1 -2 -3  0 -1  0 -1 -2    5  17   4   5   1  14  19   1   9   1   3   4   1   2   1   6   3   1   2   2  0.39 inf
   66 L   -5 -6 -8 -8 -6 -6 -7 -8 -4 -1  6 -7  3 -2 -7 -5 -4 -6 -3  0    1   0   0   0   0   0   0   0   0   2  81   0   6   1   0   1   1   0   1   6  1.78 inf
   67 E   -6 -4 -5 -3 -9 -1  8 -7 -5 -8 -8 -2 -7 -9 -6 -5 -5 -8 -7 -6    0   0   0   0   0   2  93   0   0   0   0   2   0   0   0   0   1   0   0   0  2.68 inf
   68 K    1  1  1  2 -4  1  1  1  0 -4 -4  2 -2 -5 -3  2  1 -5 -3 -4   12   6   8  11   0   7  10   9   2   0   1  11   1   0   0  13   9   0   0   0  0.33 inf
   69 T   -1  1 -2 -2 -2  2 -1 -4 -3  0  3  0  2 -2 -4  0  0 -4 -2 -1    5   7   2   2   1   9   3   0   0   6  35   5   5   0   0   9   7   0   1   3  0.29 inf
   70 L   -5 -6 -7 -7 -5 -6 -7 -7 -7  2  6 -6  0 -4 -7 -6 -5 -6 -5  3    0   0   0   0   0   0   0   0   0  12  69   0   2   0   0   0   0   0   0  18  1.54 inf

                      K         Lambda
Standard Ungapped    0.1320     0.3207
Standard Gapped      0.0471     0.2670
PSI Ungapped         0.1533     0.3078
PSI Gapped           0.0471     0.2670
