
Last position-specific scoring matrix computed, weighted observed percentages rounded down, information per position, and relative weight of gapless real matches to pseudocounts
           A  R  N  D  C  Q  E  G  H  I  L  K  M  F  P  S  T  W  Y  V   A   R   N   D   C   Q   E   G   H   I   L   K   M   F   P   S   T   W   Y   V
    1 M   -5 -5 -6 -7 -5 -4 -6 -7 -5 -2 -1 -5 11 -4 -6 -5 -4 -5 -5 -3    0   0   0   0   0   0   0   0   0   0   0   0 100   0   0   0   0   0   0   0  3.25 inf
    2 I   -4 -5 -6 -6 -4 -3 -6 -6 -6  7  1 -5  6 -1 -6 -5 -2 -5 -4  1    0   0   0   0   0   1   0   0   0  60  11   0  22   2   0   0   2   0   0   4  1.38 inf
    3 V   -3 -6 -6 -6 -4 -6 -6 -7 -6  7  0 -6 -1  1 -2 -5 -3 -5 -4  1    2   0   0   0   0   0   0   0   0  77   5   0   1   5   3   0   1   0   0   7  1.52 inf
    4 P   -5 -6 -6 -6 -7 -5 -5 -6 -6 -7 -4 -5 -6 -2  9 -5 -5 -8 -7 -6    0   0   0   0   0   0   0   0   0   0   2   0   0   2  96   0   0   0   0   0  3.12 inf
    5 V   -4 -6 -6 -6 -4 -5 -6 -7 -6  4 -1 -6  0 -4 -6 -5 -1 -6 -4  7    0   0   0   0   0   0   0   0   0  23   1   0   2   0   0   0   2   0   0  71  1.59 inf
    6 R   -4  8 -4 -5  3 -2 -3 -5  1 -6 -5  0 -4 -5 -5 -4 -4 -5 -4 -5    0  84   0   0   5   0   0   0   4   0   1   2   0   0   0   0   0   0   0   0  2.09 inf
    7 C   -4 -6 -6 -6 12 -6 -7 -6 -6 -5 -5 -6 -5 -6 -6 -5 -5 -6 -2 -5    0   0   0   0  93   0   0   0   0   0   0   0   0   0   0   0   0   0   2   0  3.75 inf
    8 F   -5 -5 -6 -6  1 -6 -6 -6 -4 -2 -2 -6 -3  9 -6 -5 -5  1  2 -3    0   0   0   0   3   0   0   0   0   1   2   0   0  82   0   0   0   2   5   1  2.27 inf
    9 S   -2 -4 -3 -4 -4 -4 -4 -4 -4 -1 -4 -4 -2 -5 -4  4  6 -5 -5 -3    1   0   0   0   0   0   0   0   0   4   0   0   1   0   0  31  59   0   0   0  1.40 inf
   10 C   -4 -7 -6 -7 11 -6 -7 -6 -6 -5 -5 -6 -5  0 -6 -5 -5 -5  1 -5    0   0   0   0  88   0   0   0   0   0   0   0   0   4   0   0   0   0   4   0  3.50 inf
   11 G   -3 -5  1 -4 -1 -5 -5  7  1 -7 -7 -5 -6 -6 -5 -2 -5 -6 -6 -6    0   0   7   0   2   0   0  84   3   0   0   0   0   0   0   3   0   0   0   0  1.94 inf
   12 K   -1  2  1 -2 -6 -2 -3 -3 -4 -5 -5  7 -2 -3 -4 -1  0 -6 -3 -5    4   8   7   2   0   0   0   1   0   0   0  65   1   2   0   3   5   0   1   0  1.23 inf
   13 V   -2 -5 -5 -5 -4 -4 -1 -6 -5  2  0 -5  1 -1  2 -4 -2 -5 -4  6    1   0   0   0   0   0   4   0   0  12   6   0   3   2  11   0   1   0   0  58  1.01 inf
   14 V   -2 -6 -6 -6 -4 -5 -6 -4 -6  6  1 -5  1 -1 -5 -5  0 -5 -4  4    3   0   0   0   0   0   0   1   0  51  10   0   3   2   0   0   4   0   0  26  1.13 inf
   15 G    2 -5 -3 -2 -1 -4 -4  6 -5 -6 -6 -2 -5 -6 -5  3 -3 -1 -5 -5   15   0   0   2   2   0   0  57   0   0   0   2   0   0   0  19   0   1   0   0  1.21 inf
   16 D   -2 -3  5  4 -5 -1  1 -2  4 -4 -5 -2 -5 -5 -2  2 -2 -6 -4 -4    2   1  26  27   0   2   8   2  11   1   0   1   0   0   2  15   2   0   0   1  0.82 inf
   17 K   -2 -1 -3  0 -4 -1 -1 -4  2 -2  2  5  0 -3 -1 -2 -2 -4  2  0    3   1   0   5   0   1   2   0   5   1  20  41   2   0   2   2   1   0   7   6  0.52 inf
   18 W   -6 -4 -2 -7  0 -2 -4 -6 -2 -6 -3 -6 -5  2 -7 -6 -6 11  6 -6    0   1   2   0   2   2   1   0   1   0   2   0   0   6   0   0   0  58  23   0  2.85 inf
   19 E   -3  0  0  3 -6  0  6 -2 -1 -2 -4 -1 -4 -5 -2 -2 -3 -5 -1 -3    2   4   4  14   0   3  55   2   1   3   1   2   0   0   1   2   1   0   2   2  0.94 inf
   20 S    2  2 -2 -1 -4  0  4 -2 -1 -2 -2  2 -2 -3  0 -1  0 -4 -4 -2   19  12   1   2   0   3  26   2   1   2   3  11   1   1   5   3   6   0   0   2  0.35 inf
   21 Y   -5 -5 -5 -6  1 -5 -5 -3  0 -4 -3 -5 -4  5 -6 -3 -3  2  8 -5    0   0   0   0   3   0   0   2   1   0   1   0   0  25   0   2   2   3  58   0  2.02 inf
   22 L   -2  0 -2 -2 -1  1 -1 -4 -2  1  3  2  2 -2 -2 -2 -2 -4 -2  1    1   4   1   2   1   6   3   0   1   5  37  16   5   1   2   3   2   0   1   9  0.34 inf
   23 N    0  2  1  1 -4  1  3  1 -1 -3 -3  2 -3 -3 -3  0  0 -4  0 -2    6  10   5   6   0   6  22  12   1   1   1  13   0   1   0   6   4   0   3   2  0.30 inf
   24 L   -3  5 -4 -5  0 -2 -1 -4 -4 -1  4  0  0 -1 -5 -3 -3 -4 -1 -2    1  30   0   0   2   1   3   1   0   3  42   6   2   2   0   1   1   0   2   2  0.72 inf
   25 L   -1 -2 -5 -5  2 -4 -3 -4 -5  3  4 -3  0 -2 -3 -2 -1 -4 -3  3    6   3   0   0   4   0   1   1   0  15  37   1   1   1   1   2   3   0   0  23  0.54 inf
   26 Q   -1  2  2  1 -4  3  2 -2  0 -3 -2  2 -2 -4 -3  0  0 -4 -4 -4    6  12   9   9   0  17  12   2   2   1   3  14   1   0   0   8   4   0   0   0  0.39 inf
   27 E    2 -1  1  2 -1  1  3 -1 -3 -2 -3  0 -1 -4 -3  0  0 -5 -4 -2   21   2   6  13   2   7  22   5   0   3   2   6   2   0   0   4   5   0   0   2  0.33 inf
   28 D   -1 -1  1  2 -4  0  2  3  0 -1 -3 -1 -3 -4 -1 -1  0 -4 -3 -1    3   4   7  13   0   5  13  28   2   4   1   4   0   1   3   3   5   0   0   5  0.33 inf
   29 E   -1  1 -1  0 -3  1  4  0  0 -1 -3  1 -1 -3 -1  0 -1 -3  0 -1    3   7   3   5   0   5  28   9   2   5   1   9   2   1   2   5   3   0   5   5  0.25 inf
   30 L   -1 -1  0 -1  1  0 -1 -1  1  0  0  0  2  0 -1  0  0 -2  3  0    4   3   4   3   3   3   4   4   4   5  10   7   6   3   3   6   6   0  12   8  0.07 inf
   31 D    0  1  1  1 -3  1  0  0  2  0 -2  0  1  0  1  0  0 -3 -1 -2    7   7   7   7   0   7   7   7   6   7   1   7   6   6   7   7   7   0   0   0  0.09 inf
   32 E   -2  1 -2  0 -4  0  4  0 -1 -3 -3  1  0 -2  4 -2 -2 -4 -1 -3    2  10   0   5   0   2  27   8   1   2   2   7   3   1  21   1   2   0   2   2  0.47 inf
   33 G    0  2  0  0  0  0  1  3  0 -1 -3  0 -2 -3  1  0 -1  0 -3 -2    7  12   2   3   2   2  12  25   2   5   1   6   0   0   6   7   3   2   0   3  0.21 inf
   34 T    0  0  0  3 -3  1  2 -2 -2 -3 -3  2 -3 -3  1 -1  0 -3  1 -2    8   4   2  23   0   6  15   2   0   0   1  13   0   0   6   3   6   0   8   2  0.32 inf
   35 A    3 -1 -1 -3  3 -3 -3  0 -3  1 -2 -3 -2 -1  0 -1  0  3 -2  2   35   3   2   0   8   0   0   6   0   9   1   0   0   3   5   3   4   4   0  16  0.32 inf
   36 L    1 -2 -2 -3 -1 -2 -2 -2 -2  2  2 -2  3  2 -2 -1 -1 -1  0  2   15   1   1   1   0   1   1   1   0  15  16   1  15  15   1   1   1   0   0  15  0.14 inf
   37 S   -3 -3  1  7 -4 -2  1 -3  0 -4 -4  0 -4 -4 -3 -1 -1 -5 -4 -1    1   0   6  64   0   0   6   1   3   0   1   4   0   0   0   4   3   0   0   5  1.07 inf
   38 R    2  0  0  2 -3  1  2 -1 -1 -1 -3  2  0 -3 -2  0 -1 -3 -3 -2   23   3   3  13   0   5  18   2   1   3   1  13   3   0   0   5   3   0   0   1  0.25 inf
   39 L   -3 -4 -4 -4 -3 -3 -4 -4 -4  2  5 -4  2  1 -4 -4 -3 -3 -2  0    1   0   0   0   0   0   1   1   0  13  68   1   3   5   0   1   1   0   0   4  0.84 inf
   40 G   -1  1  1  0 -1 -1 -1  5  1 -4 -4 -1 -3 -4 -3 -1 -2 -4 -3 -4    2   8   8   4   1   3   4  56   3   0   1   3   0   0   0   4   2   0   0   1  0.74 inf
   41 L   -2 -2 -3 -4  0 -3 -3 -4 -3  2  4 -3  2  0 -1 -1 -2 -3  0  1    2   2   0   0   2   0   1   1   0   9  53   1   4   2   3   5   1   0   3  11  0.45 inf
   42 K   -1  1  0  0 -3  1  1 -2  0 -2 -3  5 -1 -2 -2  0  1 -4 -2 -1    2   5   4   4   0   4  10   2   2   1   1  45   1   1   0   4   9   0   1   4  0.45 inf
   43 R   -3  7 -2 -2  0  0 -2 -4  0 -4 -3  2  0 -4 -2 -3 -3 -4  0 -4    1  66   0   2   2   2   1   1   2   0   2   9   2   0   2   1   1   0   4   1  1.12 inf
   44 Y   -2 -3 -1 -3 -4 -3 -3 -4  1  0 -1 -3  0  2 -2 -1 -3  0  8 -2    2   1   3   1   0   0   1   1   3   7   4   1   3   4   2   5   1   0  62   2  1.15 inf
   45 C   -3 -5 -4 -5 11 -4 -5 -4  0 -3 -3 -4 -3 -4 -4 -1 -3 -4  1 -3    1   1   0   1  79   0   1   1   2   1   1   1   0   0   1   5   1   0   5   1  2.44 inf
   46 C   -2 -1 -4 -4 10 -4 -4 -4 -4 -3 -3 -4 -3 -4 -4  0 -2 -4 -1 -3    1   4   0   1  76   0   1   1   0   1   1   1   0   0   1   9   1   0   3   1  2.05 inf
   47 R   -2  6 -2 -3  2 -1 -2 -1  1 -3 -1  1 -2 -3 -3 -1 -2 -3  0 -3    1  67   0   1   5   0   1   4   3   1   6   3   0   0   1   3   1   0   4   1  0.90 inf
   48 R   -2  6 -2 -3  4  0 -2 -1  0 -3 -2  0 -3 -4 -3 -2 -1  0 -3 -3    2  64   0   1  12   2   1   5   2   1   3   1   0   0   1   1   2   1   0   1  0.93 inf
   49 M   -3 -3 -4 -5 -3 -2 -4 -4  0  0  0 -3  9 -2 -4 -3  0 -4 -3  0    0   1   0   0   0   0   0   0   3   2   1   0  80   0   0   1   5   0   0   4  1.63 inf
   50 I   -1 -3 -4 -4 -2 -3 -3 -4 -3  3  3 -3  2  2 -1 -3 -2 -2  1  1    4   0   0   0   0   0   0   0   0  17  41   0   7  12   3   0   0   0   5   8  0.41 inf
   51 L   -2 -4 -5 -5 -3 -3 -4 -5 -4  1  5 -4  4 -1 -4 -4 -3 -3 -1  1    1   0   0   0   0   0   0   0   0   4  71   0  15   1   0   0   0   0   1   6  0.91 inf
   52 T    3 -3 -2 -3  0 -2 -2  1 -3 -3 -2 -2 -2 -4 -2  2  4 -4 -2 -2   27   0   0   0   2   0   0   9   0   0   2   0   0   0   0  20  40   0   1   0  0.57 inf
   53 H   -2 -2  0 -3 -5  1 -2 -4 10 -5 -3 -3 -3 -3 -4 -1 -1 -4  2 -5    3   0   2   0   0   6   0   0  74   0   3   0   0   0   0   3   3   0   6   0  1.74 inf
   54 V   -1  0 -4 -4 -2 -2 -3 -4 -4  2 -1 -1  1 -2 -4 -2  0 -4 -3  6    3   6   0   0   1   1   1   0   0   6   0   3   3   1   0   1   5   0   0  70  0.71 inf
   55 D   -2 -3  1  7 -5 -1  2  1  0 -5 -5 -2 -4 -5 -2 -1 -2 -6 -4 -4    1   0   4  65   0   1  13  10   2   0   0   0   0   0   1   1   1   0   0   1  1.11 inf
   56 L   -2 -4 -4 -5 -3 -2 -3 -5 -4  2  5 -4  2  0 -3 -3 -1  0  0  0    1   0   1   0   0   1   1   0   0  10  66   0   3   3   1   1   3   1   4   4  0.65 inf
   57 I   -2 -4 -4 -4 -3 -2 -4 -4 -4  6  0 -4  2  1 -4 -2  1 -1 -2  2    2   0   0   0   0   2   0   1   0  59   3   0   5   5   0   2   9   1   0  10  0.68 inf
   58 E   -3 -1 -1  4 -5  1  5 -2 -2 -5 -5  2 -4 -4 -3 -1 -2 -5 -1 -4    0   2   1  29   0   5  45   1   0   0   0  12   0   0   0   1   0   0   3   1  0.87 inf
   59 K   -2  1  0  1 -4  1  3 -3 -1 -2 -2  5 -2 -3 -3 -1 -1  1 -3 -1    1   3   5   7   0   5  19   0   1   3   3  44   0   1   0   0   2   2   0   4  0.48 inf
   60 F   -2 -4 -5 -5 -3 -4 -4 -5 -4  3  4 -4  1  0 -4 -3 -2 -3 -2  2    3   0   0   0   0   0   1   0   0  14  60   0   2   2   0   1   1   0   1  16  0.72 inf
   61 L    0 -2 -3 -4 -3 -3 -4 -3 -4  2  4 -3  2  0 -3 -1 -2 -3 -2  0   10   2   1   0   0   0   0   1   0   9  59   0   6   3   1   6   0   0   0   3  0.52 inf
   62 R   -1  1  4  0 -1  1  1 -2  1 -3 -3  2 -1 -4  3 -1 -2 -4 -2 -2    2   6  28   3   1   6   7   1   3   0   1  18   2   0  16   2   0   0   1   2  0.47 inf
   63 Y   -3 -4 -5 -6  2 -4 -5 -6  1 -4 -3 -5 -3  5 -6 -4 -4 -1  9 -4    2   0   0   0   5   0   0   0   3   0   0   0   0  21   0   0   0   0  70   0  1.93 inf
   64 N    2 -2  4  2  0 -1 -1  0  1 -3 -3 -1 -2 -3 -2  2  1 -4 -2 -1   20   0  25  10   2   0   0   6   5   0   0   1   0   0   0  18   8   0   1   4  0.34 inf
   65 P   -2 -4 -3 -3 -4 -3 -2 -4 -4 -4 -4 -2 -4 -5  8 -2 -2 -5 -4 -4    0   0   0   0   0   0   0   0   0   0   0   0   0   0 100   0   0   0   0   0  2.56 inf

                      K         Lambda
Standard Ungapped    0.1446     0.3277
Standard Gapped      0.0566     0.2670
PSI Ungapped         0.1836     0.3124
PSI Gapped           0.0566     0.2670
