
Last position-specific scoring matrix computed, weighted observed percentages rounded down, information per position, and relative weight of gapless real matches to pseudocounts
           A  R  N  D  C  Q  E  G  H  I  L  K  M  F  P  S  T  W  Y  V   A   R   N   D   C   Q   E   G   H   I   L   K   M   F   P   S   T   W   Y   V
    1 D   -3 -2  5  6 -5 -1  2 -2 -2 -5 -5 -2 -4 -5 -3 -1 -2 -5 -4 -4    0   0  34  57   0   0   9   0   0   0   0   0   0   0   0   0   0   0   0   0  1.14 inf
    2 Q   -4 -1 -3  4 -5  2  2 -5 -2 -3 -2 -1  8 -4 -3 -2  0 -5 -4 -3    0   3   0  25   0   8  12   0   1   0   0   2  41   0   1   2   5   0   0   0  1.02 inf
    3 E    1 -2  1  5 -4 -1  4 -2 -3 -5 -5  1 -3 -5 -3  1 -1 -5 -4 -4   13   0   6  32   0   1  26   2   0   0   0   8   1   0   0  10   1   0   0   1  0.68 inf
    4 N    1 -2  2  4 -4 -1  0  1  0 -4 -4 -2 -3 -4 -3  3 -1 -5 -3 -3   13   1   8  30   0   2   3  12   2   0   1   1   0   0   0  23   2   0   1   1  0.51 inf
    5 E   -2 -1  1  4 -5  1  4 -3 -3 -5 -5  0 -4 -5 -2  2 -1 -6 -3 -4    1   2   6  26   0   4  32   1   0   0   0   5   0   0   2  16   3   0   1   0  0.77 inf
    6 R    0  4 -1  3 -3  0  2 -2 -1 -1 -2  1 -2 -4 -2  0 -2 -5 -4 -1    8  23   1  16   0   3  16   2   1   3   3  10   1   0   1   7   1   0   0   4  0.35 inf
    7 N   -3 -3  0  1 -6  1  6 -4  1 -4 -3 -1 -1 -6 -2  1 -2 -6 -5 -4    1   0   3   5   0   6  62   1   3   1   3   2   2   0   2   9   2   0   0   1  1.12 inf
    8 I    0 -3 -2 -4 -1 -3 -2 -3 -4  3  1 -2  2 -1 -4  1  2 -4 -3  2    8   1   1   0   1   0   1   1   0  22  10   2   5   2   0  14  15   0   0  17  0.33 inf
    9 S    0  0 -1 -3 -3 -1 -1 -1  3  0 -1  0 -2 -1 -3  1  2 -3  3  0    8   6   3   0   0   3   2   3   8   4   4   5   0   2   0  14  17   0  13   7  0.21 inf
   10 R   -3  7 -2 -4 -7 -2 -3 -5  1 -5 -5  4 -2 -6 -5 -2 -4 -6 -5 -6    2  60   1   1   0   0   1   0   3   0   1  28   1   0   0   2   1   0   0   0  1.66 inf
   11 L   -4 -5 -6 -6  1 -5 -6 -6 -5  1  5 -3  2  1 -6 -5 -4  0  3  0    0   0   0   0   3   0   0   0   0   7  62   2   4   6   0   0   0   1  10   5  1.07 inf
   12 W   -6 -5 -7 -7 -1 -6 -6 -7 -2 -5 -3 -6 -5  6 -7 -4 -4 10  6 -3    0   1   0   0   1   0   0   0   1   0   2   0   0  29   0   2   1  35  26   1  2.32 inf
   13 R   -5  7 -3 -5 -6  0 -1 -6 -1 -3  1  3 -3 -5 -5 -4 -4 -6 -5 -5    0  57   1   0   0   3   3   0   2   1  15  17   0   0   0   0   0   0   0   0  1.38 inf
   14 A    3 -5 -5 -5  3 -5 -5 -4 -5  4 -2 -5 -3 -4 -2  0  0 -6 -4  4   22   0   0   0   6   0   0   0   0  26   1   0   0   0   2   7   5   0   0  29  0.78 inf
   15 F   -5  6  0 -5 -3 -2 -4 -6  0 -6 -1  0 -1  1 -6 -3 -5  7  2 -6    0  52   4   0   1   2   0   0   2   0   7   4   2   5   0   2   0  15   6   0  1.39 inf
   16 R   -4  6  0 -4 -6  1 -2 -5 -1 -3 -5  5 -5 -6 -3 -3 -1 -6 -5 -4    0  41   5   0   0   4   1   0   1   2   0  38   0   0   1   1   3   0   0   1  1.34 inf
   17 T   -3 -5  1 -5 -5 -5 -5 -6 -1 -3 -5 -3 -5 -6 -5 -2  8 -6 -6 -1    1   0   5   0   0   0   0   0   2   1   0   1   0   0   0   1  82   0   0   4  2.00 inf
   18 V    1 -5 -6 -6  3 -5 -5 -5 -6  4  1 -5 -1 -4 -5 -2 -1 -6 -2  5   11   0   0   0   5   0   0   0   0  19  10   0   1   0   0   2   4   0   1  46  0.93 inf
   19 K   -1 -2 -3 -5  2 -3 -4 -3  5  1  2  1  5  1 -5 -3 -3 -1 -1  0    4   2   1   0   5   0   0   2  15   7  22   8  18   6   0   2   0   1   2   5  0.55 inf
   20 E   -4 -1 -3 -1 -7  5  6 -6 -2 -7 -7  1 -5 -7 -5 -2 -3 -7 -6 -5    1   3   1   2   0  28  54   0   1   0   0   7   0   0   0   3   1   0   0   0  1.54 inf
   21 M   -6 -7 -7 -4 -6 -6 -7 -8 -7 -1  1 -7 11 -5 -8 -7 -6 -7 -6 -1    0   0   0   2   0   0   0   0   0   2  12   0  81   0   0   0   0   0   0   3  3.04 inf
   22 V   -2 -5 -6 -7  5 -5 -6 -6 -3  0  5 -3  4 -3 -6 -3 -4 -5 -2  2    2   0   0   0  12   0   0   0   1   4  50   2  11   0   0   2   0   0   1  15  1.08 inf
   23 K    0  5  0 -3 -3  1  0 -3  4 -3 -4  2 -2 -4 -4  1 -1 -5 -2 -4    8  30   4   1   1   6   4   1  11   1   1  14   1   0   0  12   3   0   1   0  0.61 inf
   24 D   -1 -3  1  8 -4 -2 -1 -4 -3 -7 -8 -1 -7 -8 -6 -4 -4 -8 -5 -7    5   1   5  77   1   2   3   1   1   0   0   4   0   0   0   0   1   0   0   0  2.03 inf
   25 R   -4  9 -5 -6 -8 -4 -5 -5 -5 -5 -5 -3 -6 -7 -7 -6 -6 -7 -6 -7    2  95   0   0   0   0   0   1   0   1   1   0   0   0   0   0   0   0   0   0  2.88 inf
   26 G   -4 -4 -1 -3 -6 -4 -3  7 -2 -2 -7 -1 -6 -7 -3 -4 -5 -6 -6 -3    0   1   3   2   0   1   2  79   1   3   0   4   0   0   2   1   0   0   0   2  1.79 inf
   27 Y   -6 -2 -7 -7 -3 -6 -4 -7 -3 -6 -4 -6 -6  2 -7 -6 -6 -3 10 -6    0   3   0   0   1   0   1   0   0   0   2   0   0   6   0   0   0   0  86   0  3.08 inf
   28 F   -1 -2  0  0 -3  0  1 -2 -1  2  1 -1  1  1 -3  0  0 -3  0  0    4   1   5   6   0   4  12   2   1  12  17   2   5   7   1   6   4   0   2   7  0.10 inf
   29 I   -2 -5 -5 -4  0 -5 -2 -6 -5  4  0 -5  0 -2 -3 -3  0 -5 -4  6    2   0   0   1   2   0   3   0   0  19   8   0   2   1   2   1   5   0   0  53  1.01 inf
   30 T    2 -1  0  0 -1 -1 -1 -1 -3 -2 -1 -1 -2 -4  2  3  3 -5 -4 -1   15   3   4   4   1   2   4   3   0   2   6   2   1   0  12  21  17   0   0   4  0.31 inf
   31 Q   -1 -1  0  3 -3  4  3 -2  1 -3 -4  0 -2 -5  0  0 -2 -5 -4 -4    6   2   3  18   1  19  22   2   3   1   1   6   1   0   5   6   1   0   0   1  0.56 inf
   32 E    0 -1  0  3 -4  1  3 -1  1 -3 -2  0 -3 -1 -2  1 -1 -4  0 -3    6   3   3  15   0   5  22   4   4   1   4   6   0   3   2  14   4   0   4   1  0.29 inf
   33 E   -4 -2 -2  4 -6  0  6 -3 -2 -2 -3 -2  0 -4 -3 -2 -3 -6 -2 -1    0   1   2  19   0   3  52   2   1   2   3   1   3   1   1   2   1   0   1   6  1.05 inf
   34 V   -3 -2 -3 -3 -1 -2 -3 -5 -1  4  3  1  2 -2 -3 -3 -3 -4 -3  2    2   2   1   1   1   1   1   0   2  24  34   8   4   1   1   2   1   0   1  12  0.54 inf
   35 E    0 -3  4  3 -4  0  2 -2  0 -3 -2  1 -2 -4  0  0  1 -5 -4 -3    7   0  19  19   0   3  12   2   2   1   5   8   1   0   4   5   8   0   0   2  0.40 inf
   36 L   -3  1 -2 -4 -4  2  1 -4 -4  2  2 -2  6 -3 -1 -2 -1 -2 -3 -1    1   7   2   0   0  12   8   1   0  14  16   1  24   1   3   3   3   0   1   3  0.54 inf
   37 P   -3 -3  0  2 -5 -3 -3 -2 -1 -4 -5 -2 -5 -5  0  4  5 -6 -1 -5    0   1   4  12   0   1   1   3   1   1   0   2   0   0   5  35  33   0   2   0  0.91 inf
   38 L   -4  2 -4 -5 -5 -4 -4 -3 -2  0  4  1  0  3 -3 -3 -3 -1  1 -1    1  10   1   0   0   0   1   2   1   3  46   9   1  11   1   2   1   1   5   3  0.63 inf
   39 E    0 -2 -1  4 -5  2  4 -2  0 -4 -5 -3 -3 -4 -1  1 -1 -5 -5 -3    8   2   2  23   0   8  29   3   2   1   0   0   1   1   3  10   4   0   0   1  0.65 inf
   40 D   -1  0 -1  3 -5  4  4 -2 -2 -4 -4 -1 -4 -5 -2  0  0 -1 -4 -3    5   5   1  18   0  17  28   3   1   1   1   2   0   0   2   7   7   1   0   1  0.62 inf
   41 F   -3 -4 -4 -6 -6 -6 -4 -6 -5 -4 -3 -6 -2  9 -7 -3 -4  0  0 -5    2   1   1   0   0   0   1   0   0   0   2   0   1  83   0   3   1   1   2   0  2.53 inf
   42 K   -1  4 -1 -2 -1 -1  0 -2  0 -1 -1  4 -2 -4 -4 -2 -1 -5 -4  0    4  23   3   1   2   2   6   3   2   4   8  30   1   0   0   1   3   0   0   6  0.49 inf
   43 A    2  1 -1  1 -4  2  3 -1  1 -2 -3 -1 -1 -3 -3  2 -1 -4 -3 -2   18   6   3   6   0  11  18   4   3   2   2   3   2   1   0  16   2   0   1   2  0.33 inf
   44 K   -2  3 -2 -2 -5  3  2 -3  0 -2 -2  3  0 -2 -2 -2  0  4 -4 -2    2  15   1   2   0  14  11   1   2   2   4  22   3   2   2   2   6   6   0   3  0.47 inf
   45 Y   -5 -6 -6 -6  1 -5 -6 -6  3 -1 -2 -6 -1  6 -6 -5 -5  4  7 -2    0   0   0   0   3   0   0   0   6   4   3   0   1  34   0   0   0   4  37   3  1.72 inf
   46 C    1 -2 -1 -3  5 -2 -2  4  0 -2 -2 -2  0 -4 -2  0  1 -4 -2 -1   11   2   3   1  13   1   3  31   3   2   4   2   2   0   2   6   8   0   2   3  0.47 inf
   47 D   -1 -1  2  4 -4  0  3 -1 -1 -3 -2  0  0 -4  0  0  0  0 -3 -2    4   2   9  27   0   3  17   5   1   1   4   5   2   1   4   5   5   2   0   4  0.40 inf
   48 S    0 -1  3 -1 -4  0  1  0  0 -2 -2 -1 -1 -1  2  2  0  1 -2 -2    7   2  13   3   0   4  11   5   2   2   3   3   2   2  10  18   4   2   1   2  0.21 inf
   49 M   -1 -2  0  1 -3  0  2  0  0 -2 -1 -1  4  0  2 -1 -1 -3 -1 -1    4   2   4   8   0   4  13   8   3   2   6   3  12   4  12   5   3   0   2   4  0.19 inf
   50 G    0  1  1  0 -1  0  0  3  2 -4 -4  2 -3 -1 -2  0 -1 -4  0 -3    7   8   5   5   2   3   5  28   4   0   1  12   0   3   2   5   3   0   4   2  0.32 inf
   51 R   -1  3  1  0  0  0  1 -2  0  0 -1  0  0 -1 -1  1  0 -3  0 -1    3  19   7   6   2   3   8   2   3   5   6   5   2   3   3   9   4   0   3   5  0.11 inf
   52 P   -2 -1 -2 -1  0 -1  0 -2  1  1 -2  0 -4 -2  6 -1 -1 -5 -1  1    3   3   2   4   2   2   6   3   3   7   3   5   0   2  34   4   4   0   2  11  0.57 inf
   53 Q   -1  1  1  4 -4  1  0 -2  0 -2 -2  0  0 -4 -4  1  0 -5 -1 -2    3   8   6  25   0   8   5   3   2   3   5   5   3   0   0  13   6   0   2   3  0.32 inf
   54 R   -2  6 -5 -5 -6 -1 -1 -6  0 -1  2  0  0 -3 -1 -2 -2  0 -2 -1    3  43   0   0   0   3   3   0   2   3  20   5   3   1   3   2   2   2   1   4  0.84 inf
   55 K   -1  0  1  1 -5 -1  2 -2 -1 -2 -2  2 -2 -5 -2  1  2 -5 -4  1    4   4   6   7   0   2  14   3   1   2   5  14   1   0   2  12  11   0   0  12  0.25 inf
   56 M   -1  2 -1  1 -1  0 -1 -2 -1  2  1  1  1 -2 -3 -1 -1 -4 -1  0    3  14   2   9   1   5   3   4   2  16  12   9   4   1   1   5   3   0   2   5  0.16 inf
   57 M   -2 -2  2 -3 -1 -2 -2 -6 -1  0  4 -3  5 -1 -3 -1 -3 -5 -5  0    3   2  11   1   2   2   3   0   2   4  38   1  15   2   1   5   1   0   0   5  0.69 inf
   58 S    0  2  2 -1  1 -1 -2 -2 -2  0 -1  2  0 -1 -3  1  3 -5 -2 -1    6  10  10   3   3   2   1   3   1   6   5  13   2   2   1  10  16   0   1   3  0.21 inf
   59 F   -1 -2 -2 -2  2 -4 -2 -4 -1  2  0 -1  1  5 -2 -1  0 -4  0  1    5   2   2   2   4   0   3   1   1  13   9   3   3  27   2   5   5   0   2   9  0.45 inf
   60 Q   -1  1  0 -2  0  1 -1 -3  0 -1  0  2 -1  1 -2  2 -1  0  0  0    4   8   4   1   2   6   4   1   2   3   9  13   1   5   2  16   3   1   3   8  0.12 inf
   61 A    3  0  0 -3  2 -1 -1 -2  0 -2 -3  1 -1 -1 -2  0  1  0 -1  2   25   6   4   2   5   2   4   2   2   2   2   7   1   2   2   5  10   1   2  13  0.25 inf
   62 N    0  1  3  2  1  1 -1 -2  1 -2 -3  1 -1 -2 -1  1  1 -5 -4 -1    8   9  16  10   3   5   4   2   3   3   2   7   2   1   2   8  10   0   0   4  0.25 inf
   63 P   -2 -1  0  1  1  0 -1 -2  5 -4 -1  1  1 -1  2 -1 -1  3  0 -2    3   3   4   7   3   3   3   4  16   0   7  11   4   3  11   5   3   4   3   3  0.29 inf
   64 T    0  0  0  0  2  0  0  0  1  0 -1  0  1  0  1  0  0 -3 -1  0    6   6   5   6   5   5   6   6   5   6   6   6   5   5   6   6   6   0   0   6  0.03 inf
   65 E   -1 -1  1  3  0  0  2 -1  0 -4 -2 -1  1 -1  2  1 -1  2 -3 -2    4   2   8  16   2   4  12   4   2   0   3   3   5   3  11  12   3   3   0   2  0.26 inf
   66 E    0  0  1  4 -5  0  2 -2  1 -4 -2  0 -1 -1 -1 -1 -1 -4  0 -3    7   5   7  28   0   4  15   2   3   0   4   5   2   4   2   3   4   0   3   2  0.39 inf
   67 S    0  0  0  0  2  0  0 -1  1  0 -1  0  1  0  0  0  0  3 -2  0    5   5   5   5   5   5   5   5   5   5   5   5   5   5   5   5   5   5   0   5  0.05 inf
   68 I    0 -1 -1 -1  0  0  0 -1  0  1  1  0  1  0  0  0  1 -3  0  0    6   3   3   4   2   3   5   3   2  10  14   5   3   4   5   8  10   0   2   7  0.03 inf
   69 S    0  0  0  1  1  0  0 -1  1  0  0  0  0 -1  1  0  0 -3 -2  0    5   5   3   9   4   4   7   5   5   8   7   8   3   3   6   6   3   0   0   8  0.04 inf
   70 K   -1  1  1  0  1  2  0 -1  1 -1 -2  3 -2  0 -1 -1 -1 -3  0 -1    3   8   6   6   3   8   5   4   3   4   3  23   0   4   3   4   4   0   4   4  0.17 inf
   71 F   -1 -1  1  0 -3  1 -1 -1  3 -1 -1  0  0  1 -3  0 -1  3  2  1    4   3   7   4   0   7   4   6   8   4   4   8   3   7   0   6   3   4   7  13  0.10 inf
   72 P    0  0  1  0 -2  1  0  0  2  0 -1  0 -1 -2  1  0  0 -2  1  0    6   6   6   6   0   6   6   6   6   6   6   6   0   0   6   6   6   0   6   6  0.06 inf
   73 D   -1  0  1  2 -3  0  1  0  0 -3 -3  0 -1 -3  3  0  0 -3 -2 -2    5   5   8  15   0   4  11   6   2   1   2   6   2   1  17   7   5   0   1   3  0.28 inf
   74 M    0  0  1  0  2  0  0 -1 -1  0  0  1  1  0 -1  0  0 -2 -1  0    8   5   7   4   7   3   8   4   1   5   6  10   7   5   3   5   6   0   1   7  0.04 inf
   75 G   -1  0  1  1 -2  1  0  3  0 -2 -1  0 -1 -2  0  0 -1 -2  1 -1    3   6   7   6   0   6   7  22   2   1   6   7   2   1   5   5   4   0   5   3  0.14 inf
   76 S    0  2  0 -2 -2  2 -1 -1  2 -1 -1  1  0 -1  1  1  1 -2 -2  0    7  12   4   1   0  10   1   4   6   4   6   7   2   2   5  10  10   0   1   7  0.10 inf
   77 L   -1 -1 -3 -1 -3  0 -3 -4  1  4  1 -3  2  1  0 -3 -2 -3 -2  2    5   4   0   5   0   5   1   1   4  35  12   1   4   7   5   1   1   0   0  10  0.39 inf
   78 W   -1 -1 -3  1  0  0 -2 -2  0  0  1 -1  1  4 -3 -2 -1  4  3 -1    6   2   0   9   2   5   1   2   2   4  17   3   3  18   0   2   3   7  10   2  0.26 inf
   79 V   -1 -3 -1 -4  2 -3 -3 -4 -3  3  0 -1 -1  0 -4 -1  0  3  1  4    4   0   4   0   4   0   0   0   0  15   7   5   0   4   0   4   6   4   4  35  0.38 inf
   80 E   -1 -1 -1  0  2  0  1 -3  1  0 -1 -1  1  4 -3 -2 -2  2  3  1    3   3   3   5   5   3  11   0   4   6   4   3   3  19   0   0   0   3  10  13  0.22 inf
   81 F   -5 -5 -5 -5 -5 -5 -5 -3 -4  0 -1 -5 -3  8 -5 -2 -4  2  4 -4    1   0   0   0   0   0   0   2   0   5   4   0   0  64   0   3   0   2  13   0  1.76 inf
   82 C   -1 -2 -1 -1  6  0 -3 -2  1 -1 -1 -3  1 -1  3  1  0 -4 -1  0    5   1   3   3  19   5   0   2   4   3   5   0   4   2  15  13   6   0   2   7  0.39 inf
   83 D    0 -1  0  3 -3 -1  1  2 -2 -1 -1  0 -1 -1  1  0  0 -4 -3 -2    7   2   5  18   0   2  10  17   0   4   5   6   2   4   7   5   4   0   0   3  0.19 inf
   84 E   -1  0  0  2 -3  1  3 -1 -2 -1 -1  0 -2 -4  3  0  1 -4 -3 -2    3   4   5  14   0   5  21   4   0   4   5   4   0   0  13   5  10   0   0   3  0.29 inf
   85 P    0  0  0  1 -3  0  1  1  0 -3 -2  1 -2 -4  3  0  1 -4 -3 -2    9   4   5   7   0   4  10   9   3   0   4  10   0   0  15   6  10   0   0   3  0.24 inf
   86 S    0  1  1  0 -3  0  0 -1  0 -1 -2  3  0 -3  0  1  0  2  0 -1    7   6   5   6   0   3   4   4   3   4   3  22   3   0   5  11   5   3   3   4  0.13 inf
   87 V   -3 -4 -1 -4 -3 -4 -4 -4 -4  3  2 -2  1  1 -1 -2 -1 -4 -3  4    0   0   3   0   0   0   0   0   0  16  21   3   2   6   3   2   2   0   0  38  0.55 inf
   88 G   -1  0  1 -1 -4 -2 -1  5 -3 -4 -4  2 -3 -1 -2  1  1 -4 -4 -4    2   5   6   3   0   0   3  44   0   0   1  13   0   3   2   9   8   0   0   0  0.60 inf
   89 V    0  0 -1  0 -2  1 -1  0  2  0  0  0  1 -2  1  0  0 -2  1  0    7   7   0   7   0   7   0   7   6   7   7   7   6   0   7   7   7   0   6   7  0.06 inf
   90 K    0  0  1  1 -4  2  0  0  0 -4 -4  4 -3 -4  0  0  0 -4 -3 -1   10   2   5  10   0   9   5   6   2   0   0  34   0   0   4   6   4   0   0   4  0.38 inf
   91 T    0 -1  1  1 -3  1  0 -2  1 -1 -2 -1 -1  0  0  0  2 -3 -1  0    9   3   9   7   0   6   6   2   5   2   2   3   2   5   4   6  19   0   1   9  0.13 inf
   92 M   -1 -1 -2 -1 -2 -2 -1 -1 -2  2  2 -1  2  0 -3 -1  0 -2  0  2    4   4   0   4   0   0   5   5   0  11  22   4   8   5   0   5   4   0   4  16  0.11 inf
   93 K    0  1  1  1  2  1  0  0  2  0 -1  0 -1 -2 -2  0  0 -2  1 -2    7   7   7   7   6   7   7   7   6   7   7   7   0   0   0   7   7   0   6   0  0.07 inf
   94 T    0  0  1  0 -3  1  1 -1 -2 -2 -2  2 -1 -3 -1  0  1 -4 -3  0    9   3   7   6   0   6  11   5   0   2   3  18   2   0   2   7  12   0   0   7  0.18 inf
   95 F   -3 -3 -5 -5  1 -4 -3 -5 -1  3  1 -4  0  5 -5 -4 -2 -2  5  0    2   2   0   0   3   0   2   0   1  19  10   0   2  27   0   0   2   0  22   5  0.88 inf
   96 V    1  0 -1 -3  5 -2 -1 -1  0  1  0 -1  0 -1 -3 -1  0 -3  1  2   15   5   3   0  14   1   3   3   2  11   8   3   2   2   0   2   5   0   5  14  0.19 inf
   97 I   -1 -1  0  0 -1  2  2  0  3  0 -2  1 -1 -4 -3  1  0 -4 -3 -1    5   1   5   5   1  11  18   7   7   6   4   8   1   0   0  10   6   0   0   3  0.21 inf
   98 H   -2  3  0  1 -2  3  0 -2  3 -1 -1  1  0  0 -3 -1 -1  0  1 -1    2  16   3   8   1  14   4   2   9   4   5   9   2   4   0   3   4   1   5   3  0.23 inf
   99 I    0 -3 -1 -1  1 -2 -2 -2 -3  2  1 -3  5  0 -3 -1  0  1  0  1    8   0   2   5   4   0   3   3   0  12  15   0  22   3   0   5   4   2   4   8  0.28 inf
  100 Q    0  0  1  0 -3  1  1 -1  1  0  0  1  0 -1 -2  0  0 -3  0 -1    6   5   6   6   0   8  12   4   4   5  10  11   3   3   0   5   6   0   3   4  0.07 inf
  101 E   -1  0  2  2 -3  1  2 -1  1 -3 -1  0 -2 -3  0  0  0  2 -3 -1    5   4  11  13   0   6  15   4   4   0   7   6   0   0   4   8   6   3   0   4  0.21 inf
  102 K   -2  2  2  1 -4  1  3 -2  2 -1 -3  3 -1 -2  0 -1 -2 -4 -1 -2    3   9   9   6   0   6  19   3   5   3   2  19   2   2   4   2   0   0   2   2  0.31 inf
  103 N   -1 -1  5  0 -4  0  1  2  2 -3 -2  0 -1 -4 -1  0 -1 -5 -4 -3    4   3  30   5   0   3  10  15   5   1   3   5   1   0   2   6   3   0   0   2  0.45 inf
  104 F    0 -2 -1 -1  2 -1 -2 -2  0  2  0 -1  0  2 -3 -1  0 -2  1  1    8   1   2   3   5   2   2   3   2  16   8   4   3  10   0   4   6   0   6  14  0.10 inf
  105 Q   -1  0  0  1 -3  2  0 -2  3 -1 -1  1 -1  0  0  1  0 -3  1 -2    2   5   5   7   0  11   5   2   8   3   5  10   1   4   4  14   6   0   5   2  0.16 inf
  106 T   -1  5  1  0 -1 -1 -2 -3  1 -3 -3  1  1 -2 -4  1  2 -5 -3 -2    4  31   7   4   2   2   2   1   4   1   1   9   3   2   0  10  13   0   0   3  0.45 inf
  107 G    3 -4 -4 -4  0 -3 -2  4 -4 -1  1 -1  1  0 -4 -2 -2 -4 -4  0   24   0   0   0   2   0   3  31   0   3  15   3   4   4   0   1   2   0   0   6  0.48 inf
  108 I   -3 -6 -6 -6 -2 -6 -6 -6 -6  7  1 -6 -1 -4 -2 -5 -2 -6 -5  1    2   0   0   0   1   0   0   0   0  72   9   0   1   0   3   0   2   0   0   9  1.67 inf
  109 F   -4 -5 -5 -5  0 -4 -5 -5 -4  5  3 -5  3  3 -5 -4 -3 -4  1  1    0   0   0   0   2   0   0   0   0  30  33   0   6  13   0   0   0   0   4   9  0.87 inf
  110 V   -2 -6 -6 -6 -4 -5 -6 -6 -6  5 -1 -5 -3  0 -5 -5 -2 -6 -4  6    3   0   0   0   0   0   0   0   0  33   3   0   0   3   0   0   2   0   0  54  1.43 inf
  111 Y    0 -3 -3 -2  1 -3 -2 -3  0  0  1 -2 -1  1 -1  1  2  1  2  2    5   0   0   2   3   0   2   1   3   4  12   2   1   5   3  10  16   2   8  21  0.21 inf
  112 Q    0  0 -2 -1  1  6  0 -2  0 -2 -3  2 -1 -1  2 -1 -2 -5 -4 -2    7   3   1   2   3  37   4   3   3   2   3  10   1   3  11   3   1   0   0   3  0.59 inf
  113 N   -1 -2  2  2 -4  2  1  2  1 -4 -3  0 -1 -4 -1  1  0 -4 -3 -1    3   1  11  10   0  12   8  16   3   0   1   6   1   0   2  12   5   0   0   5  0.29 inf
  114 N    0  0  1  0 -2  1 -1  1  0 -1 -2  3 -1 -2  1  0 -1 -4  0 -2    6   3   6   4   1   5   3  13   2   3   4  26   1   1   8   6   3   0   3   2  0.22 inf
  115 I   -2 -3 -2 -4 -3 -2 -3 -3 -3  3  2 -1  5 -1  1 -2 -1 -3  1  1    2   0   3   1   0   1   1   2   0  17  19   4  19   2   7   2   4   0   6  11  0.42 inf
  116 T    1  0  1  0 -2 -1  0 -1 -2  0 -1  0  1 -3  0  1  3 -4 -3 -1   11   4   9   4   0   0   5   4   0   5   6   4   4   0   4  10  26   0   0   4  0.18 inf
  117 P    0  0  0  0 -3  1 -1  0  1 -1 -1  0 -2  0  3  2  0 -3  0 -2    8   4   4   4   0   7   0   5   4   4   6   4   0   6  17  17   4   0   3   0  0.20 inf
  118 S    0 -1 -1 -1 -3  0 -2 -1  1  0 -1  0  1  2  1  2  0 -3  1 -1   10   3   2   4   0   5   0   4   3   7   3   6   4  13   6  19   5   0   5   3  0.13 inf
  119 A    4  0  0 -2  2 -3 -2 -2  0  0 -2 -1 -3 -1 -2  0 -1 -5 -4  1   46   5   5   2   4   0   2   2   2   5   3   3   0   3   2   5   3   0   0  10  0.47 inf
  120 M   -1  4 -1 -1 -4  1  0 -4  0  0 -1  3  1 -1 -2 -2 -2  1 -1 -1    6  26   3   2   0   5   4   0   2   7   4  20   3   3   2   2   2   2   2   4  0.35 inf
  121 K    0  2  0  1 -4  2  1 -3  1 -3 -2  3  0 -4 -3  1  0 -4  0 -2    6  11   4   7   0  10   6   0   3   0   3  24   3   0   0   9   5   0   4   3  0.33 inf
  122 L    1 -1 -1 -1  1  0  0 -2 -1  1  0 -1  1  1 -2  1  0  0  0  0   16   2   3   2   3   4   7   1   2   9  11   2   4   6   1  11   4   1   3   7  0.05 inf
  123 V   -1  0 -3 -3 -2 -3 -2 -4 -1  4  3 -4  2 -1 -5 -3 -3 -4 -2  3    4   5   1   2   1   1   3   1   2  27  25   0   4   2   0   2   0   0   1  19  0.55 inf
  124 P    1  0  1  1 -2  1  1 -1 -1 -2 -2  0 -1 -4  2  1  0 -4 -3 -1   10   4   9  10   1   7   9   3   1   2   4   7   1   0   9  13   6   0   0   5  0.18 inf
  125 S    1  0  0  1 -1  1  3 -1 -3 -3 -2 -1  0 -2 -2  1  0 -4 -2 -1   13   5   3   7   1   6  24   4   0   0   5   2   3   1   2  12   6   0   1   5  0.24 inf
  126 I    0 -3  0 -2  0 -3 -4 -2  0  3  1 -2  4  0 -2 -2 -1  0  1  2    8   0   5   2   2   0   0   3   2  16  13   2  14   4   2   3   3   1   4  14  0.26 inf
  127 P    0 -1  1 -3 -2  1  0 -2  0 -2 -2  0 -1  0  4  2 -1 -4 -1 -3    7   4   7   0   1   7   7   2   2   2   3   6   2   5  21  19   3   0   2   1  0.35 inf
  128 P   -2  1  0  0 -4  1  0  2  0 -3 -4  3  0 -2  3  1 -1 -4 -1 -3    1   6   5   5   0   7   4  14   2   2   1  18   2   1  12  13   3   0   2   2  0.31 inf
  129 A   -1  1  0 -2  0 -1 -1 -2  1  0 -1  0  0  3 -4 -1  0  1  4  0    5   8   5   2   2   3   2   4   3   4   5   6   2  15   0   4   6   2  15   6  0.21 inf
  130 T   -1  0  0  0  0  0  0  0  2  1 -2  2  0  0 -3 -1  1 -3  0  0    2   4   4   5   2   3   5   7   6  11   2  17   3   5   0   4   9   0   3   8  0.10 inf
  131 I   -2 -4 -2 -5  2 -4 -5 -2  1  5  2 -2  2  0 -1 -2 -2  1 -1  2    3   0   2   0   4   0   0   3   4  31  16   2   4   3   3   3   2   2   2  13  0.49 inf
  132 E   -5 -4  0  1 -7  3  7 -6 -4 -6 -6 -1 -6 -2 -5 -1 -1 -6 -6 -6    0   0   3   8   0  12  61   0   0   0   0   3   0   2   0   4   4   0   0   0  1.48 inf
  133 T   -1 -3 -1 -1  1  0 -1 -2  0  3  2 -2  0  0 -3  0  0  1  0  1    4   0   3   3   4   4   5   3   3  19  18   2   2   4   0   7   7   2   3   7  0.13 inf
  134 F   -1 -5 -5 -6 -5 -5  0 -1  2  1 -1 -5 -4  7 -6 -5 -5  4  2 -4    6   0   0   0   0   0   6   6   5   7   6   0   0  48   0   1   0   5   7   0  1.30 inf
  135 N    0  0  0  0  2  0  0 -1  1  0 -1  0  1  0  0  0  0 -2  1  0    5   5   5   5   5   5   5   5   5   5   5   5   5   5   5   5   5   0   5   5  0.03 inf
  136 E   -2 -1 -2 -1 -4  1  4 -3  0  1 -1 -2 -2  2 -3 -2 -2 -3  1  1    1   3   1   2   0   7  39   1   3   9   3   0   0   9   0   2   2   0   6  11  0.42 inf
  137 A    1 -1  1  0 -2  2  1  0  1 -3 -2  1 -2  0 -1  2  1 -3 -2 -2   15   1   5   4   1   9   9   6   4   0   2  10   0   4   2  17   9   0   1   1  0.18 inf
  138 A   -2 -1  0  3 -4  1  5 -3 -2 -4 -2 -1 -3 -3 -1 -1 -2 -4 -2 -4    3   3   4  20   0   6  47   0   0   0   5   2   0   1   3   4   0   0   1   0  0.72 inf
  139 L   -3 -2 -4 -5  2 -3 -3 -5  0  0  5 -4  3  2 -1 -4 -3 -3 -1  0    0   2   0   0   4   0   2   0   3   3  63   0   6   7   3   0   0   0   1   4  0.75 inf
  140 V   -1 -2 -3 -4  0  0 -3 -4 -3  1  4 -1  4  0 -4 -1 -1 -3 -1  0    3   1   0   0   2   6   1   0   0   8  45   5  12   2   0   3   4   0   1   5  0.43 inf
  141 V   -1 -4 -4 -4 -3 -4 -3 -4 -2  3 -1 -2  1  4 -4 -1 -1 -3  1  4    4   0   0   0   0   0   1   0   1  22   2   2   4  18   0   4   4   0   3  33  0.58 inf
  142 N   -2  0  6  3 -1 -2 -2 -3 -2 -2 -2 -1 -4 -4 -4  0 -2 -5 -2 -2    2   4  49  16   2   0   1   1   0   2   6   4   0   0   0   7   1   0   1   3  0.88 inf
  143 I   -2 -4 -4 -4 -3 -4 -3 -5 -5  5  0  0  0 -1  1 -4 -1 -4 -3  4    2   0   0   0   0   0   2   0   0  43   6   6   2   3   7   0   2   0   0  27  0.78 inf
  144 T   -1 -1  0 -3 -3 -1 -3 -3  1 -1  0 -1 -2  0  1  1  5 -4 -3 -1    4   4   5   0   0   2   0   1   4   4  11   4   0   4   8   7  38   0   0   3  0.39 inf
  145 H   -2  0  0  1 -4  0  4  0  2 -3 -3  3 -1 -4 -3  1 -1 -4 -2 -3    1   4   3   7   0   3  28   7   5   1   2  20   1   0   0  11   3   0   1   1  0.43 inf
  146 H   -2 -4  2 -4  0 -1 -3 -5 10 -5 -1 -4 -4 -4 -5 -4 -4  1  0 -2    3   0   8   0   2   2   0   0  66   0   7   0   0   0   0   0   0   2   2   3  2.02 inf
  147 E   -1  0 -1  1 -1  1  3 -3  0 -1 -2  1 -1 -1  1  1 -1 -1  0  1    2   3   2   6   1   4  27   0   2   4   2   7   1   2   6  12   2   1   3  11  0.23 inf
  148 L   -1 -1 -1 -2 -3  0 -1 -4 -3  0  4 -2  1  0 -3 -1 -1  2  0  1    3   3   2   3   0   4   5   1   0   3  47   0   3   3   0   5   3   4   3   9  0.31 inf
  149 V    0  0 -2 -1  1  0 -2 -1  0  1  0 -1  1 -2 -3  0 -1  4 -2  3    5   5   0   4   4   4   1   4   4   8  10   4   4   0   0   6   1   6   0  31  0.16 inf
  150 P   -2  1  1 -3 -3 -2 -2 -3 -3 -2  0  2 -2  0  5  0 -2 -4 -3  0    1   9   6   0   0   0   1   1   0   0   9  13   0   6  36   6   1   0   0   9  0.64 inf
  151 K   -2  2 -1  0 -4  1  3 -3  0 -4 -2  5 -2 -4  0 -2 -1  2 -3 -2    1  12   1   4   0   4  18   0   2   0   3  38   1   0   4   0   3   4   0   3  0.58 inf
  152 H   -2 -3 -3 -4 -5 -1 -3 -2  9  0 -3 -1 -1  0  0 -3 -4 -4  1 -1    3   0   0   0   0   1   0   4  59   5   2   4   1   3   6   0   0   0   4   4  1.49 inf
  153 I   -1  0 -1 -1  0  1  3  0  0  1 -2 -1 -2  0 -3 -1  0 -1  0  1    2   6   2   2   2   7  23   7   2   8   2   2   0   5   0   3   7   1   3  16  0.13 inf
  154 R   -1  0 -2  0 -2 -1 -2 -3 -2  2  1  0  1  0  0  0 -1 -3  0  2    3   6   0   7   0   3   0   1   0  19  15   6   3   3   6   6   3   0   3  17  0.12 inf
  155 L   -1 -2 -3 -3 -3  0  0 -4 -3  1  3  0  4  1 -3 -3 -2  3 -2  1    5   0   0   0   0   5   7   1   0   7  34   5  16   5   0   1   0   5   0   8  0.35 inf
  156 S    0  0  0  1  1  0  0  0 -2 -3 -2  1 -2 -3  1  2  2 -3  0 -2    4   4   4   6   3   4   5   9   0   0   4  13   0   0   8  18  13   0   4   1  0.18 inf
  157 S    0  1  0  1 -3  0  1 -1  0 -1 -2  1 -1 -1  3  0 -1 -3  1 -1    7  10   4   7   0   3  12   3   2   3   4  10   2   2  14   6   3   0   7   3  0.18 inf
  158 D   -1 -2 -1  3  0  1  5 -2 -3 -1 -1  0 -1 -4  0 -1 -1 -4 -4 -2    4   2   2  15   2   6  38   2   0   4   5   4   1   0   5   5   3   0   0   2  0.50 inf
  159 E   -2 -3 -2  1 -5  1  6 -1 -3 -3 -4 -1 -4 -5 -2 -1 -2 -5 -5 -3    3   0   2   7   0   4  63   5   0   2   2   2   0   0   2   4   2   0   0   2  1.11 inf
  160 K    0 -1 -3 -1  0 -1 -1 -3  0 -1  0  5 -1 -1 -3 -1 -2 -4 -3  0    8   1   0   4   2   1   3   2   2   4  10  44   1   3   0   3   2   0   0   9  0.45 inf
  161 R    0  1 -1  0 -2  2  3 -3 -1 -1 -3  4 -2 -3 -1 -1 -1 -4 -1 -2   10   8   2   6   1   9  17   1   1   3   2  26   1   1   2   3   3   0   2   3  0.35 inf
  162 E    1  0  0  0 -1  0  4 -1 -1 -3 -2  2  0 -2 -3  0  0 -4 -3 -2   12   4   3   5   1   4  28   5   1   1   3  12   2   1   1   6   7   0   0   2  0.29 inf
  163 L   -2 -3 -4 -4 -3 -3 -3 -4 -4  1  4 -2  0  1 -4 -3 -2 -3 -3  3    2   1   1   1   0   1   2   1   0   7  51   2   2   6   1   1   2   0   0  19  0.71 inf
  164 L   -3 -4 -4 -5 -4 -2 -4 -5 -4  0  5  0  1  0 -4 -4 -3 -4  0 -1    2   1   1   1   0   2   1   1   0   4  69   6   3   4   1   1   1   0   3   2  1.01 inf
  165 K    0  1  1  0 -2  2  3 -2 -1 -3 -2  4 -2 -4 -3  0 -1 -4 -3 -3    8   6   5   4   1   8  17   2   1   1   3  28   1   0   1   6   4   0   0   2  0.38 inf
  166 R   -2  5 -1 -1 -1  0  3 -3 -1 -3 -3  3 -2 -3 -3 -1 -1 -4 -3 -3    3  31   3   3   1   3  19   1   1   1   2  20   1   1   1   4   3   0   0   1  0.63 inf
  167 Y   -1  0 -4 -4 -4 -3  0 -4  3 -1  0  0  1  2  0 -3 -3  3  7 -3    5   5   0   0   0   0   6   0   6   4   9   5   4   6   4   0   0   4  39   0  0.74 inf
  168 R    0  1  1  1  1  0  0  2  1 -3 -2  1 -2 -1  0  0  0 -3  1 -3    8   9   6   8   3   4   4  15   4   0   4  12   0   3   3   6   4   0   6   0  0.13 inf
  169 L    0 -1 -3 -4  2 -3 -3 -3 -3  3  2 -3  1 -1 -3 -1  0 -3  1  2    7   5   0   0   4   0   0   1   0  24  25   0   4   0   0   4   5   0   6  14  0.30 inf
  170 K   -1  1  0  1 -4  0  2 -1  0 -3 -4  3 -1 -4  0  0  1 -4 -3 -2    3   7   4   8   0   3  16   3   2   1   1  26   2   0   4   6  11   0   0   2  0.35 inf
  171 E    0  1 -2  1 -3  0  2 -3  0  0 -1  1  0  0  2 -1 -1 -3 -1 -1    8   8   0   7   0   2  18   1   2   6   6  10   2   5  10   3   3   0   2   5  0.16 inf
  172 S   -1 -1  1  2 -3  1  2 -1  0 -2 -2  0 -2 -1 -1  1  2  1  1  0    3   2   5  14   0   6  12   3   2   2   3   5   0   2   2  10  14   2   5   7  0.17 inf
  173 Q    0  1  1  0 -3  1  0 -2  2 -1  0  0  1  1 -2  0  0 -2  1  0    7   7   7   7   0   7   7   0   6   0   7   7   6   6   0   7   7   0   6   7  0.08 inf
  174 L   -1 -3 -4 -4  2 -3 -4 -4 -3  1  4 -3  2  2 -4 -3  0 -3  1  0    5   0   0   0   5   0   0   1   0   6  46   0   5   8   0   1   6   0   5   5  0.46 inf
  175 P    0 -4 -4 -4 -5 -4 -4 -4 -4 -4 -1  1  2 -5  7 -3 -4 -5 -5 -4    7   0   0   0   0   0   1   1   0   0   7   8   5   0  62   1   1   0   0   1  1.54 inf
  176 R   -2  4 -1 -2  0  0 -1  0  0 -1 -2  4  0 -3 -3 -1 -2  2 -1 -3    3  24   2   2   2   4   2   6   2   5   4  28   2   0   0   2   2   3   2   1  0.37 inf
  177 I   -4 -4 -5 -5 -4 -2 -4 -5  3  7  0 -4  4 -1 -5 -4 -3 -4  0  0    1   1   0   1   0   2   1   1   6  61   7   1  11   2   1   1   1   0   3   2  1.30 inf
  178 Q   -3  0 -1 -3 -4  4 -1 -3  0 -2  2  1  0  2 -2  1 -1 -3  0 -2    1   3   3   0   0  21   1   1   2   1  23  10   2  11   1  10   3   0   3   2  0.31 inf
  179 R    1  3 -2 -1 -3  2  0 -2  0  0 -2  1 -1 -2 -1  0  0 -1  0  0   13  20   1   4   0   9   5   1   2   6   2   9   1   1   2   6   4   1   3  10  0.17 inf
  180 A   -1 -1  2  2 -2 -1  0  1 -1 -3 -3  0 -2 -1 -3  2  3 -4 -2 -2    3   2   8  13   1   1   4  10   1   1   2   4   1   4   0  20  18   0   1   1  0.27 inf
  181 D   -1 -5 -3  8 -6  1  0 -5 -4 -6 -6 -4 -6 -6 -5 -2 -4 -7 -6 -6    5   0   0  78   0   6   4   0   0   0   0   0   0   0   0   3   0   0   0   0  2.04 inf
  182 P    1 -3 -5 -5  3 -4 -4 -4 -5 -5 -5 -3 -1 -6  8 -2 -3 -6 -5 -3   10   2   0   0   6   0   0   1   0   0   1   2   2   0  69   3   1   0   0   2  1.93 inf
  183 V    1 -4 -4 -4 -1 -2 -4 -4 -4  3 -1 -4  2  0 -2 -2 -1 -4 -3  5   10   0   0   1   1   1   1   1   0  17   4   1   6   3   2   2   2   0   0  49  0.74 inf
  184 A    4 -4 -2 -4  3 -3 -3 -2 -4  1 -1 -3  3 -3 -3  1 -1 -4 -2  2   42   0   1   0   5   0   0   1   0   7   3   0   7   0   0  10   3   0   1  16  0.56 inf
  185 L   -3  6 -2 -4 -1  1 -1 -4 -1 -2  1  3 -2 -4 -4 -3 -3 -4 -4 -1    1  41   1   0   1   7   2   1   1   2  15  20   1   0   0   1   1   0   0   6  0.75 inf
  186 Y    0 -3 -3 -2 -5 -2 -1 -3  1 -3 -3 -2 -4  1  1 -2 -3  3  8 -2    8   1   1   2   0   2   4   2   2   1   2   2   0   4   8   2   1   4  51   3  1.10 inf
  187 L   -1 -4 -3  0 -1 -3 -3 -2  0  2  2 -3 -1  4 -4 -3 -3 -2  5 -1    6   0   1   6   2   1   1   3   2  11  26   1   1  17   0   1   1   0  20   1  0.50 inf
  188 G   -1 -3  0  1 -5 -3  1  6  0 -5 -5 -2 -5 -3 -2 -2 -4 -5 -5 -5    4   1   4   8   0   0   8  63   2   0   1   2   0   1   2   1   0   0   0   0  1.14 inf
  189 L    3 -4 -4 -4  2 -3 -4 -2 -4  2  3 -4  1  2 -2 -3 -3  1 -1  0   27   0   0   0   5   0   0   3   0  10  34   0   2   7   1   0   0   2   2   4  0.47 inf
  190 K   -2  3  0 -1 -5  1  2 -2 -1 -3 -3  5 -3 -5 -2 -1 -2 -5 -4 -2    2  18   4   2   0   4  16   2   1   1   1  38   0   0   2   3   2   0   0   2  0.66 inf
  191 R   -2  4 -3 -3 -2  0  0 -4 -1 -1 -3  3 -3 -4  4 -1 -2 -4 -2  0    3  24   0   1   1   4   4   0   1   4   2  17   0   0  24   3   2   0   1   9  0.61 inf
  192 G   -3 -2  1 -2 -5 -3 -4  7 -4 -6 -6 -1 -5 -5 -5 -2 -3 -5 -5 -5    1   2   5   2   0   1   0  79   0   0   1   4   0   0   0   1   1   0   0   0  1.71 inf
  193 E   -3  0  1  6 -5  4  1 -3 -1 -5 -5 -2 -3 -5 -4 -1  1 -5 -4 -4    2   4   5  41   0  23   5   1   1   0   1   1   1   0   0   4   8   0   0   1  0.93 inf
  194 V   -3 -5 -6 -6 -4 -5 -5 -6 -6  4  1 -5  0 -1 -5 -5 -3 -5 -4  6    0   0   0   0   0   0   0   0   0  18   9   0   2   2   0   0   1   0   0  66  1.38 inf
  195 V   -3 -5 -6 -6  0 -4 -5 -6 -6  5  1 -5  0 -1 -3 -5 -3 -5 -2  5    0   0   0   0   2   1   0   0   0  29  10   0   1   3   1   0   0   0   1  51  1.14 inf
  196 K   -3  3 -3 -4 -6  0  1 -5  2 -6 -4  7 -2 -6 -4 -3 -4 -6 -5 -5    1  15   0   0   0   2   9   0   5   0   2  65   1   0   0   0   0   0   0   0  1.40 inf
  197 I   -4 -6 -4 -6  0 -6 -6 -7 -6  8 -2 -6 -2 -2 -6 -5 -3 -6 -2  3    0   0   1   0   2   0   0   0   0  80   0   0   0   1   0   0   1   0   1  14  1.85 inf
  198 I   -3 -2 -2 -2 -3 -2  0 -5 -1  5 -1 -2 -1 -3 -4 -1  4 -5 -2  2    0   2   2   2   0   1   6   0   1  36   3   2   1   0   0   3  27   0   1  14  0.59 inf
  199 R   -5  8 -3 -5 -7 -1 -4 -4 -1 -6 -5 -1 -5 -5 -6 -4 -5 -5  3 -6    0  82   1   0   0   1   0   1   1   0   0   1   0   0   0   0   0   0  11   0  2.09 inf
  200 K   -2  1  1  2 -4 -1  0 -3  1 -3 -3  3 -2 -4  4  0  0 -5 -1 -3    2   6   7  14   0   1   3   0   3   1   3  22   1   0  21   8   4   0   2   1  0.48 inf
  201 S   -2 -4 -1  0 -4 -3 -2  1 -4 -5 -5 -2 -5 -5 -4  6 -1 -6 -5 -3    0   0   2   4   0   0   2   9   0   0   0   1   0   0   0  76   2   0   0   2  1.39 inf
  202 E   -1  2 -3 -1 -5  0  5 -1 -1 -2 -3  0 -1 -5  3 -2 -3 -5 -3 -3    3  11   0   2   0   4  45   6   1   2   2   4   2   0  15   2   1   0   0   1  0.73 inf
  203 T   -3 -4  0 -3 -4 -2 -2 -3 -4  0  0 -4  0 -3 -2 -1  6 -2 -4  0    1   0   4   1   0   1   2   1   0   4   7   0   2   1   2   3  65   1   0   5  1.07 inf
  204 S    5 -3 -3 -4 -2 -3 -3 -1 -4 -2 -2 -3 -1 -1 -3  1  3 -4 -3  0   50   1   0   0   0   0   0   3   0   2   2   0   1   3   0  12  17   0   0   7  0.67 inf
  205 G   -3 -4 -2  2 -6 -2  0  6 -5 -3 -4 -2 -2 -3 -5 -3 -4 -6 -6 -4    0   0   1  10   0   2   7  71   0   2   1   2   1   1   0   1   0   0   0   1  1.37 inf
  206 R   -2  4  0  0 -4  1  2 -1  1 -2 -3  1 -1 -1  0  0  0 -4 -2 -2    2  26   5   4   0   4  17   4   3   2   1   8   2   3   4   5   5   0   1   3  0.31 inf
  207 Y    1 -4 -1 -3 -4 -3 -3 -2  4 -3 -2 -4 -3  2 -5  1  0  1  6 -2   13   0   2   1   0   0   1   3  10   1   3   0   0   8   0  13   7   2  36   2  0.79 inf
  208 A    0 -3 -3 -2 -3 -1  0 -5 -1  3 -1 -1 -2 -2 -4 -2 -1 -5 -1  5    7   1   1   3   0   2   7   0   2  19   4   4   0   1   0   1   3   0   2  45  0.55 inf
  209 S    0 -4 -2 -2 -4 -3 -3 -4 -3 -2 -3 -4  1  0 -4  2  5  1  4  1    5   0   1   2   0   1   1   0   0   1   0   0   4   4   0  16  35   2  18  10  0.67 inf
  210 Y   -6 -6 -7 -8 -7 -6 -7 -8 -1 -3 -5 -6 -5  2 -7 -6 -6  0 10 -5    0   0   0   0   0   0   0   0   1   2   0   0   0   5   0   0   0   1  92   0  3.20 inf
  211 R   -6  8 -3 -6 -8 -3 -4 -6  0 -7 -6 -1 -5 -7 -6 -5 -5 -7 -6 -7    0  96   1   0   0   0   0   0   2   0   0   1   0   0   0   0   0   0   0   0  2.71 inf
  212 I   -3 -1 -4 -5  4 -1 -4 -5  0  3  3 -3  0  0 -4 -3 -2  1  2  2    1   4   0   0   9   3   0   0   2  15  34   0   1   2   0   0   1   2   9  15  0.50 inf
  213 C   -2 -6 -6 -7  7 -6 -6 -6 -7  0 -3 -6 -3 -5 -6 -5 -3 -6 -5  7    3   0   0   0  20   0   0   0   0   3   0   0   0   0   0   0   1   0   0  73  1.79 inf
  214 M   -3 -5 -6 -6 -4 -5 -5 -6 -6  5  0 -5  3 -3 -5 -5 -3 -5 -4  6    0   0   0   0   0   0   0   0   0  35   4   0   7   0   0   0   0   0   0  54  1.33 inf

                      K         Lambda
Standard Ungapped    0.1343     0.3195
Standard Gapped      0.0463     0.2670
PSI Ungapped         0.1518     0.3136
PSI Gapped           0.0463     0.2670
