
Last position-specific scoring matrix computed, weighted observed percentages rounded down, information per position, and relative weight of gapless real matches to pseudocounts
           A  R  N  D  C  Q  E  G  H  I  L  K  M  F  P  S  T  W  Y  V   A   R   N   D   C   Q   E   G   H   I   L   K   M   F   P   S   T   W   Y   V
    1 E   -3 -1 -2  2 -6  2  4 -4 -3 -5 -5  6 -4 -6 -4 -3 -3 -5 -4 -5    0   0   0   9   0  10  33   0   0   0   0  49   0   0   0   0   0   0   0   0  1.18 inf
    2 E   -2  1  0  3 -2  2  4 -4 -3 -5 -4  4 -4 -5 -3 -1 -2 -5 -4 -4    2   7   3  14   1   8  30   0   0   0   1  27   0   0   0   4   1   0   0   0  0.74 inf
    3 G   -2 -1  5  1 -5  1  1  3 -2 -6 -6  2 -4 -6 -4 -1 -1 -6 -5 -5    2   3  34   6   0   6   9  23   1   0   0  11   0   0   0   3   4   0   0   0  0.75 inf
    4 P   -4 -6 -6 -6 -3 -6 -6 -6 -6  0  2 -4 -4  5  6 -4 -5 -5 -1 -1    1   0   0   0   0   0   0   0   0   5  16   1   0  25  46   0   0   0   2   4  1.47 inf
    5 Q   -3  3  0  0 -5  3  2 -4  1 -1 -4  4 -3 -4 -4  1  1 -6 -4 -3    1  14   3   4   0  15  12   0   3   4   1  26   0   1   0   8   7   0   0   1  0.57 inf
    6 V   -4 -7 -7 -7 -5 -6 -7 -8 -7  6  0 -7  1 -2 -7 -6 -4 -7 -5  6    1   0   0   0   0   0   0   0   0  37   7   0   3   2   0   0   0   0   0  50  1.63 inf
    7 K   -2  2  1  1 -5  1  3 -4  0 -3 -4  3 -4 -4 -4 -1  1 -6 -3 -2    2  11   5   8   0   6  23   0   3   1   1  21   0   1   0   4  11   0   0   3  0.53 inf
    8 I   -5 -6 -5 -7 -5 -7 -6 -6 -7  7  0 -5 -1  3 -5 -6 -5 -6 -3  4    0   0   0   0   0   0   0   0   0  53   5   0   1  13   1   0   0   0   1  24  1.52 inf
    9 R   -3  2 -1 -3 -3  0 -1 -4  3  2  1  0 -1 -3 -4  0  2 -5 -3  1    0  14   2   0   0   5   3   0   8  11  17   6   1   1   0   6  13   0   0  12  0.29 inf
   10 E   -3  2  0  1 -6  1  5 -4  2 -6 -6  2 -4 -3 -5  1 -3 -6 -1 -5    2  13   5   7   0   5  37   0   4   0   0   9   0   1   0  12   1   0   2   0  0.77 inf
   11 A    0  0  1 -3 -1 -1 -1 -4 -1  0  4  1  2 -2 -4 -2 -2 -3 -1 -1    7   6   9   1   2   3   4   0   2   5  39   8   5   0   0   2   2   0   2   4  0.33 inf
   12 S   -2  0  1  3 -5 -1  2 -2 -3 -5 -5  1 -5 -6 -4  2  4 -6 -5 -4    3   4   5  18   0   2  13   3   0   0   0   9   0   0   0  17  25   0   0   0  0.63 inf
   13 K   -3 -1  1  5 -6  1  4 -2 -1 -6 -6  2 -5 -5  2 -1 -3 -6 -4 -5    2   2   6  30   0   5  23   3   2   0   0  10   0   0  11   4   1   0   0   1  0.78 inf
   14 D   -3  2  3  4 -6 -1  3 -4  0 -4 -2 -2 -2  0 -5 -1  0 -3  1 -4    1  10  14  26   0   2  19   1   2   0   5   1   1   4   0   3   6   0   4   1  0.56 inf
   15 N   -2  2  2  1 -4 -1  2 -3  3 -2 -3  1 -3  0 -4  1  1 -4  1 -2    2  11  11   7   0   2  17   0   6   2   2   6   0   5   0  12   7   0   5   2  0.30 inf
   16 V    2 -5 -5 -6  1 -5 -5 -5 -5  4  2 -5  4 -2 -5 -2 -2 -5 -4  3   17   0   0   0   3   0   0   0   0  22  20   0  11   1   0   3   1   0   0  22  0.73 inf
   17 D   -3  2  2  1 -4 -1  3 -4 -2 -2 -4  4 -4 -5 -4  0 -1 -6 -4  0    1  10   8   7   0   2  23   0   0   3   1  24   0   0   0   8   4   0   0   8  0.55 inf
   18 F   -4 -8 -7 -9 -7 -8 -8 -8 -6 -2 -1 -8 -5  9 -9 -7 -7 -4 -1 -3    2   0   0   0   0   0   0   0   0   2   6   0   0  88   0   0   0   0   1   2  2.90 inf
   19 I   -3 -2 -2  4 -4  0  2 -5 -2  3 -1 -3 -2 -4 -4  0  0 -5 -2  2    1   2   1  27   0   3  11   0   1  15   5   1   0   0   0   9   6   0   2  15  0.48 inf
   20 L   -5 -6 -7 -7 -5 -6 -7 -7 -7  3  5 -6  4 -1 -7 -6 -4 -3 -5  2    0   0   0   0   0   0   0   0   0  15  59   0  10   2   0   0   1   0   0  13  1.36 inf
   21 S   -3  2 -2 -1 -4 -1  3 -4 -2  3 -2  1 -1 -4 -4  2 -1 -2 -2  2    1  10   1   2   0   2  20   1   1  19   1   7   1   0   0  15   4   0   1  12  0.38 inf
   22 N   -4 -3  5  2 -5 -4 -1  6  1 -7 -7 -3 -6 -7 -6 -3 -5 -7 -6 -7    0   1  28  12   0   0   4  49   3   0   0   1   0   0   0   1   0   0   0   0  1.44 inf
   23 V   -1 -5 -5 -5  2 -5 -5 -5 -5  4 -1 -5 -1 -2 -4 -1  3 -5 -1  5    6   0   0   0   3   0   0   0   0  20   5   0   1   1   0   4  21   0   2  36  0.83 inf
   24 D   -5 -4  0  7 -5 -3  0 -5  0 -6 -6 -4 -6 -5  0  0  1 -7 -3 -6    0   0   4  62   0   1   6   0   2   0   1   1   0   0   5   6   9   0   1   0  1.50 inf
   25 L    3 -4 -3 -4  1 -3 -4 -4 -4  0  3 -4 -1 -3  3 -2  1 -5 -3  1   25   0   1   1   4   1   0   0   0   4  27   0   1   1  14   1   8   0   0  11  0.52 inf
   26 A    4 -5 -4 -4 -4 -4 -1 -1 -2 -6 -6 -4 -5 -5  1  5 -2 -6 -5 -4   33   0   0   0   0   0   3   4   1   0   0   0   0   1   6  49   1   0   0   1  1.17 inf
   27 M   -4 -6 -6 -6 -5 -4 -6 -6 -4  5  1 -6  3  5 -6 -4 -2 -4  0  3    0   0   0   0   0   1   0   0   0  30  13   0   6  26   0   1   2   0   2  17  1.06 inf
   28 A    7 -6 -6 -6 -5 -5 -5 -4 -6 -1 -4 -5 -5 -6 -4 -3 -4 -7 -6  1   83   0   0   0   0   0   0   0   0   3   2   0   0   0   0   1   0   0   0   8  1.85 inf
   29 N   -6 -5  9 -4 -7 -5 -5 -5 -4 -8 -8 -5 -7 -8 -4 -4 -4 -8 -7 -7    0   0  96   0   0   0   0   0   0   0   0   0   0   0   1   0   1   0   0   0  3.19 inf
   30 S    6 -5 -5 -5 -3 -5 -5  0 -5 -5 -4 -5 -4 -6 -5  4 -1 -6 -6 -3   58   0   0   0   0   0   0   8   0   0   2   0   0   0   0  27   3   0   0   1  1.34 inf
   31 L   -5 -6 -7 -7 -5 -6 -6 -7 -6  4  5 -6  1  5 -6 -6 -5 -3 -2 -1    0   0   0   0   0   0   0   0   0  20  47   0   3  25   0   0   0   0   1   3  1.34 inf
   32 R   -4  9 -6 -7 -8 -4 -5 -7 -5 -8 -7 -3 -6 -8 -5 -6 -6 -7 -7 -7    1  96   0   0   0   0   0   0   0   0   0   0   0   0   1   0   0   0   0   0  3.07 inf
   33 R   -6  9 -6 -7 -8 -4 -5 -7 -5 -8 -7 -1 -6 -8 -7 -6 -6 -8 -7 -7    0  97   0   0   0   0   0   0   0   0   0   2   0   0   0   0   0   0   0   0  3.12 inf
   34 V    1 -6 -6 -6 -1 -6 -6 -6 -6  6 -1 -6 -2 -4 -6 -3  0 -6 -5  4   12   0   0   0   1   0   0   0   0  44   3   0   1   0   0   1   7   0   0  30  1.21 inf
   35 M   -3 -6 -7 -7  1 -5 -6 -7 -3  2  4 -6  8  2 -7 -3 -5 -4 -5 -2    2   0   0   0   3   0   0   0   1  11  32   0  39   7   0   2   0   0   0   2  1.51 inf
   36 I   -5 -6 -7 -7 -2 -3 -7 -8 -7  7  3 -5  5 -4 -7 -6 -4 -6 -2  0    0   0   0   0   1   1   0   0   0  52  27   1  12   0   0   0   0   0   1   4  1.54 inf
   37 A    6 -5 -1 -5 -2 -4 -4 -1 -5 -5 -4 -5 -2 -6 -5  3 -1 -7 -6 -2   60   0   3   0   1   1   0   5   0   0   2   0   1   0   0  22   2   0   0   3  1.26 inf
   38 E   -6 -4 -3  3 -8 -3  7 -6 -5 -8 -6 -4 -5 -5 -6 -4 -6 -8 -2 -7    0   0   1  14   0   0  80   0   0   0   1   0   0   1   0   1   0   0   1   0  2.23 inf
   39 I   -4 -7 -7 -7 -5 -6 -7 -7 -7  4 -1 -6 -3 -4 -6 -6 -1 -7 -5  7    0   0   0   0   0   0   0   0   0  21   5   0   0   1   0   0   4   0   0  67  1.76 inf
   40 P   -5 -7 -7 -6 -8 -6 -4 -7 -5 -8 -8 -6 -5 -8  9 -6 -5 -8 -8 -6    1   0   0   0   0   0   1   0   0   0   0   0   0   0  95   0   1   0   0   0  3.33 inf
   41 T   -3 -5 -5 -6 -4 -4 -5 -6 -6 -1 -6 -1 -4 -5 -6  1  7 -7 -6  0    2   0   0   0   0   1   0   0   0   3   0   4   0   0   0  11  71   0   0   6  1.76 inf
   42 L   -5 -6 -7 -7 -5 -5 -6 -7 -6  3  4 -6  7  0 -6 -6 -5 -6 -4  2    0   0   0   0   0   0   0   0   0  17  31   0  31   4   0   0   0   0   0  15  1.42 inf
   43 A    7 -5 -6 -6 -2 -5 -5 -3 -6 -6 -6 -5 -6 -7 -5 -1 -4 -7 -6 -5   90   0   0   0   1   0   0   1   0   0   0   0   0   0   0   4   1   0   0   0  2.20 inf
   44 I   -3 -7 -7 -7 -6 -7 -7 -7 -7  8 -2 -7 -3 -2 -5 -6 -5 -7 -6  2    2   0   0   0   0   0   0   0   0  79   1   0   0   2   1   0   0   0   0  12  2.20 inf
   45 D   -6 -4 -4  6 -7 -2  6 -5  1 -7 -7 -4 -6 -7 -6 -4 -5 -7 -6 -6    0   1   0  47   0   1  44   1   3   0   0   1   0   0   0   1   1   0   0   0  1.91 inf
   46 S   -3  0  0  1 -4 -1  0 -4  1 -1  1  3  1 -1 -4 -1  1  3  2 -2    1   3   5   7   0   2   6   0   3   3  18  18   3   2   0   4  10   5   7   2  0.24 inf
   47 V   -4 -7 -7 -7 -1 -7 -7 -7 -7  1 -3 -7 -4 -5 -7 -6 -4 -7 -6  8    1   0   0   0   1   0   0   0   0   7   1   0   0   0   0   0   0   0   0  87  2.32 inf
   48 E   -3  0  1 -1 -5  1  3 -5  1 -2 -1 -2 -3  3 -5 -2  0 -2  5 -2    1   5   7   2   0   7  24   0   3   2   5   2   0  11   0   2   5   0  20   2  0.57 inf
   49 V   -5 -6 -7 -7 -5 -6 -6 -7 -6  6  0 -6  3  3 -6 -5 -5 -5 -2  4    0   0   0   0   0   0   0   0   0  47   7   0   6  12   0   0   0   0   1  25  1.42 inf
   50 E   -2 -3 -2 -1 -5 -1  3 -5  1  1 -1 -1 -1  2 -5 -2 -2  4  5  0    3   1   1   3   0   3  21   0   4   9   5   4   2   7   0   2   2   6  21   6  0.53 inf
   51 T   -1 -2  5  2 -4  2  3 -4 -2 -1 -4  0  0 -5 -5 -1 -1 -6 -4 -1    5   2  30   9   0   9  20   0   0   3   1   5   2   0   0   3   4   0   0   5  0.66 inf
   52 N   -7 -6  9 -4 -7 -5 -6 -6 -5 -8 -8 -5 -7 -8 -7 -2 -5 -8 -4 -8    0   0  94   0   0   0   0   0   0   0   0   0   0   0   0   2   0   0   1   0  3.20 inf
   53 T   -4 -5  1 -1 -6 -5 -4 -6 -6 -6 -6 -5 -5 -6 -6  3  7 -7 -3 -4    0   0   5   4   0   0   1   0   0   0   0   0   0   0   0  20  66   0   1   1  1.76 inf
   54 T   -3 -5 -4 -5 -5 -5 -5 -1 -6 -6 -5 -5 -6 -7 -5  7  3 -7 -6 -6    1   0   0   0   0   0   0   5   0   0   1   0   0   0   0  75  15   0   0   0  1.85 inf
   55 V   -1 -4 -6 -6 -2 -6 -6 -6 -6  3 -2 -4 -1 -3  1 -3 -4 -6 -3  6    5   1   0   0   1   0   0   0   0  16   3   1   1   1   7   2   1   0   1  61  1.33 inf
   56 L   -5 -6 -6 -6 -5 -5 -6 -6 -6  5  5 -6  4  0 -6 -5 -4 -5 -4  0    0   0   0   0   0   0   0   0   0  31  45   0  11   4   0   0   1   0   0   6  1.28 inf
   57 A    1 -3  0 -4  0  5 -3 -5  4 -4 -4 -3 -4  3  3 -2 -2 -2  2 -3   12   1   4   0   2  26   1   0  10   1   1   1   0  12  16   2   2   1   6   2  0.78 inf
   58 D   -6 -6 -3  9 -7 -5 -2 -6 -6 -7 -7 -5 -7 -7 -6 -5 -6 -8 -7 -7    0   0   1  93   0   0   2   0   0   0   0   0   0   0   0   0   0   0   0   0  2.93 inf
   59 E   -6 -5 -5 -2 -7 -3  8 -5 -5 -7 -7 -3 -6 -7 -6 -5 -6 -7 -6 -7    0   0   0   2   0   0  93   1   0   0   0   1   0   0   0   0   0   0   0   0  2.67 inf
   60 F   -4 -5 -5 -4 -5  0 -5 -5 -5  3 -2 -5  4  5 -6 -5 -4 -4  1  5    1   0   0   1   0   5   0   1   0  13   2   0   9  27   0   0   0   0   5  33  1.10 inf
   61 I   -6 -6 -7 -7 -5 -6 -7 -7 -7  5  6 -7 -1 -2 -7 -6 -4 -6 -5 -1    0   0   0   0   0   0   0   0   0  31  61   0   1   1   0   0   1   0   0   3  1.67 inf
   62 A    7 -6 -6 -6  3 -5 -6 -2 -6 -6 -6 -5 -6 -7 -6  1 -3 -7 -6 -4   77   0   0   0   5   0   0   3   0   0   0   0   0   0   0  10   2   0   0   1  1.84 inf
   63 H   -5 -6 -3 -4 -8  1 -5 -6 11 -8 -1 -6 -6 -7 -7 -4 -7 -7 -4 -8    1   0   1   1   0   6   0   1  81   0   6   0   0   0   0   2   0   0   0   0  3.31 inf
   64 R   -7  9 -6 -7 -8 -5 -6 -7 -6 -8 -7 -4 -7 -8 -7 -4 -6 -8 -7 -8    0  96   0   0   0   0   0   0   0   0   0   0   0   0   0   1   0   0   0   0  3.20 inf
   65 L   -6 -7 -8 -8 -6 -7 -7 -8 -7  2  6 -7  2 -2 -7 -7 -6 -6 -6 -2    0   0   0   0   0   0   0   0   0   9  82   0   3   2   0   0   0   0   0   2  1.93 inf
   66 G   -1 -7 -6 -6 -7 -7 -7  8 -7 -8 -8 -7 -8 -8 -7 -3 -7 -8 -8 -8    5   0   0   0   0   0   0  92   0   0   0   0   0   0   0   1   0   0   0   0  2.65 inf
   67 L   -6 -7 -8 -8 -6 -5 -6 -8 -7 -3  7 -7  4 -3 -7 -7 -6 -6 -6 -4    0   0   0   0   0   1   1   0   0   0  86   0  10   1   0   0   0   0   0   0  2.17 inf
   68 I   -6 -7 -7 -7 -6 -7 -7 -8 -7  7  0 -7 -2 -5 -7 -7 -4 -7 -6  4    0   0   0   0   0   0   0   0   0  66   7   0   1   0   0   0   1   0   0  24  2.03 inf
   69 P   -5 -7 -7 -7 -8 -5 -7 -7 -8 -8 -8 -7 -8 -9  9 -6 -7 -9 -8 -8    1   0   0   0   0   1   0   0   0   0   0   0   0   0  96   0   0   0   0   0  3.49 inf
   70 L   -6 -6 -7 -7 -5 -6 -7 -7 -7  4  6 -6  0  2 -7 -6 -5 -2 -5 -2    0   0   0   0   0   0   0   0   0  22  64   0   1   9   0   0   0   0   0   1  1.58 inf
   71 Q   -2  1  1  1 -2  0 -1 -3  0 -1 -2  3 -1 -1 -2 -1  3 -4  0  0    3   9   6   7   1   3   3   1   2   3   4  20   1   3   2   3  17   0   3   8  0.23 inf
   72 S    3 -4  0 -3  1 -3 -3  1 -3 -3 -4 -3 -4 -3 -4  5  2 -5 -3 -2   21   1   4   1   2   0   1   9   1   2   1   1   0   1   1  40  13   0   1   2  0.76 inf
   73 M    0  0  0  3 -2 -1  1 -1  0  0 -1  1  1 -1  0  0  0 -3 -2  0    6   5   3  17   0   1  10   5   2   6   3   8   4   3   5   7   7   0   1   8  0.10 inf
   74 D   -2  0  3  5 -4 -1  0  1 -1 -4 -3  0 -4 -3  1 -2 -3 -5 -5 -5    3   5  13  37   0   2   6   9   1   1   3   5   0   1   8   2   2   0   0   1  0.70 inf
   75 I    1 -2 -3 -3  3 -3 -1 -3 -3  1  0 -2 -1 -3  5 -3 -3 -5 -4  2   14   2   1   1   5   1   4   2   1   9  11   2   1   1  26   1   1   0   0  16  0.55 inf
   76 E   -2  4  0  5 -5 -1  2 -1  0 -5 -4  1  1 -4 -4  0 -3 -5 -4 -4    3  20   4  30   0   2  12   5   2   0   1   6   4   1   0   6   1   0   0   1  0.67 inf
   77 Q   -1  1  0  1 -4  1  1 -2 -1 -1  2  2  1 -1 -1  0 -1  2 -2 -2    3   7   3   7   0   6  10   3   1   2  22  12   4   3   2   7   3   3   1   1  0.14 inf
   78 L   -4 -3 -3 -4 -5 -4 -4 -5 -1  0  3 -3  5  6 -4 -5 -3 -2  3 -1    1   2   1   1   0   1   1   1   1   6  23   2  16  32   1   1   1   0   8   3  1.03 inf
   79 E   -2  2  2  1 -4  2  3 -4 -2 -2 -2  1 -1 -2 -1 -1  0 -5 -3  0    2  13  12   6   0   7  22   0   1   3   5   8   1   2   3   5   5   0   1   6  0.33 inf
   80 Y   -4 -2 -5 -3 -6 -5 -4 -5 -2 -2 -2 -3  2  5  0 -4 -3  6  7 -3    1   2   1   2   0   0   1   1   1   2   3   2   4  21   5   1   2   9  40   2  1.42 inf
   81 S   -1  2 -1 -1 -1  0 -1 -2  0 -1 -2  2 -1  0  2  2  1  0 -1 -2    4  11   2   3   1   3   3   2   2   4   4  14   1   4  12  14  10   1   2   3  0.20 inf
   82 R   -2  5 -1  2 -3 -1  2 -3 -2 -5 -4  1 -3 -2 -1  0 -2  0 -2 -4    3  35   3  11   1   2  15   1   1   0   2   8   1   2   3   7   2   1   2   1  0.66 inf
   83 D   -1 -1  1  5 -2  0  3 -2  0 -3 -2  1 -2 -2  0 -1 -2  2 -3 -3    4   3   6  30   1   4  16   2   2   1   4   8   1   2   5   3   2   3   1   1  0.49 inf
   84 C   -1 -2  1 -1  9 -1  0 -2 -3 -3 -4 -3 -4 -2  1 -1 -1 -1  0 -2    4   2   6   3  44   3   5   3   1   1   2   1   0   2   7   4   4   1   3   3  1.27 inf
   85 F   -1 -2  0  4 -4  0  2  0 -1 -2 -2 -1 -2 -2  0  0  2 -4 -2 -1    5   1   4  22   0   3  15   7   2   2   4   4   1   2   5   7  12   0   1   4  0.28 inf
   86 C   -1 -5 -2  2  9 -2  0  1 -1 -4 -4 -1 -4 -3  0 -2 -1 -2 -5 -3    5   0   2  10  41   2   7   9   1   1   2   4   0   1   4   3   5   1   0   2  1.19 inf
   87 E   -1 -3 -1  4  1  0  4  1 -3 -4 -3 -1 -2 -2 -1  0 -1 -5 -1 -4    5   1   2  21   3   4  26  10   0   1   3   3   1   1   4   7   3   0   3   1  0.47 inf
   88 D   -1 -2  1  3 -5  1  4  1 -3 -3 -4 -1 -3 -5 -1  0 -1 -5 -5 -3    5   1   7  18   0   7  28  11   0   2   2   3   0   0   3   6   4   0   0   2  0.53 inf
   89 H   -1 -2  0  0 -3 -2  0  3  3 -2 -2 -2 -3  2  2 -1 -2 -1  3 -3    6   2   4   5   0   1   8  20   7   3   3   2   0   9  11   4   2   1  12   1  0.32 inf
   90 C   -3 -4  1 -1  9 -4 -2 -2 -4 -5 -3 -4 -3 -4 -2  0  3 -6 -3 -4    2   1   7   3  45   0   3   4   0   0   2   1   1   1   3   7  18   0   1   1  1.52 inf
   91 D   -1 -3  0  5 -6 -1  4 -4 -3 -5 -6 -2 -4 -3  2  0 -2 -6 -4 -3    5   1   3  34   0   2  27   1   1   1   1   1   0   1  11   8   2   0   1   2  0.92 inf
   92 K   -2  2  1  1 -4  1  2 -2  1 -1 -1  3 -1  1 -3 -1 -2 -1  2 -3    2  11   6   8   0   5  12   3   3   4   6  17   2   6   1   3   2   1   8   0  0.23 inf
   93 C   -5 -5  5  3 10 -6 -4 -6 -3 -4 -4 -6 -6 -7 -5 -4 -3 -7 -2 -4    0   1  27  15  46   0   1   0   1   1   2   0   0   0   0   1   1   0   2   1  2.17 inf
   94 S   -1 -4 -2 -4 -1  0 -2 -5 -1 -5 -5 -4 -3 -2 -5  4  6 -6 -2 -4    4   1   1   1   1   4   3   1   2   0   1   1   1   2   0  32  44   0   1   1  1.15 inf
   95 V   -3 -6 -5 -5 -3 -6 -6 -7 -4  4  2 -6 -2 -2 -6 -5 -2 -6 -5  6    2   0   0   1   0   0   0   0   0  25  16   0   0   2   0   0   3   0   0  49  1.33 inf
   96 V   -2  0 -2 -2  1  1  2 -4  0  0 -2  1 -1 -4 -3 -1  2 -5 -3  3    2   6   1   2   3   7  15   0   2   5   2   9   1   0   1   4  13   0   0  24  0.35 inf
   97 L   -5 -7 -7 -7 -3 -7 -7 -3 -6 -2  4 -7  1  7 -7 -6 -6 -4  3 -3    1   0   0   0   1   0   0   3   0   2  37   0   2  44   0   0   0   0   8   2  1.61 inf
   98 T   -2  2 -1  0 -5  0  3 -3  2 -2 -4  2 -2 -4 -4  2  3 -5  0 -2    2  10   3   4   0   4  17   1   6   2   1  10   1   0   0  13  19   0   3   2  0.42 inf
   99 L   -6 -7 -5 -8 -6 -5 -8 -8 -8  2  7 -5 -1 -3 -8 -6 -6 -7 -6 -3    0   0   1   0   0   1   0   0   0  10  84   1   1   1   0   1   0   0   0   1  1.98 inf
  100 Q   -3  0  3  4 -5  2  1 -5  5 -4 -5  3 -5 -5 -5  0 -3 -7 -4 -3    1   5  15  20   0   8   8   0  11   1   0  20   0   0   0   6   1   0   0   2  0.76 inf
  101 A    2 -4 -6 -7 -4 -3 -3 -4 -7  1 -4 -1 -2 -6 -4 -5 -3 -7 -6  6   19   1   0   0   0   1   2   2   0   6   1   5   1   0   1   0   1   0   0  61  1.36 inf
  102 F   -1  2 -1 -3 -2 -1  2 -3 -1 -2 -3  5 -2 -3 -3  1  1 -5 -3 -2    5  12   2   0   1   2  11   1   2   3   2  32   1   1   1   9  11   0   1   3  0.51 inf
  103 G    0 -6  1 -6 10 -4 -6  0 -2 -5 -5 -3 -5 -4 -6 -3 -3 -3 -3 -4    8   0   7   0  63   1   1   7   1   0   1   2   0   1   0   2   1   0   1   1  2.39 inf
  104 E   -2 -2  2  2 -4 -1  3 -3  0 -3 -3  0 -3 -3  1  0  4 -4 -3 -3    2   2   8  13   0   2  18   2   2   1   2   5   1   1   6   6  25   0   1   2  0.47 inf
  105 S   -1  2  1  1 -3 -1  1  0  0 -2 -2  2 -1 -3 -1  2  1 -2 -3 -2    3  14   5   7   0   2   9   8   2   2   3  13   1   1   2  15  10   0   1   3  0.23 inf
  106 E   -2 -1  3  4 -6 -1  3 -1 -1 -5 -5  0 -3 -3 -3  0 -2 -5  2 -4    3   3  15  24   0   2  22   4   1   1   0   5   1   1   1   7   1   0   8   1  0.65 inf
  107 S   -1  0  1  2 -3  2  1  2  1 -4 -4  1 -3 -4  2  0 -1 -5 -4 -3    4   5   7  13   0  10  10  14   3   1   1   8   1   1  11   7   4   0   0   2  0.31 inf
  108 T   -3 -3  4 -2 -3 -2 -3 -4  1 -1 -4 -2 -4 -4  5 -1  3 -6 -2  0    2   1  21   2   1   1   1   1   3   3   1   2   0   1  26   5  20   0   2   6  0.79 inf
  109 T    1  2  0 -2 -1 -1 -1 -1  1 -1  1  0  5 -3 -3  1 -1 -4 -3 -1   12  11   4   2   1   3   3   4   3   2  14   6  15   1   1  11   4   0   1   4  0.21 inf
  110 N   -2 -2  3  2 -3 -1  2 -4  4 -2 -3  1  1 -4 -2  0  2 -3 -3 -1    3   1  12  12   1   2  11   0  10   2   2  10   4   1   2   8  14   0   1   4  0.35 inf
  111 V   -2 -7 -6 -8 -6 -7 -7 -8 -8  2  0 -5 -2 -4 -7 -6 -5 -7 -6  7    3   0   0   0   0   0   0   0   0  10   7   1   1   1   0   0   0   0   0  76  1.96 inf
  112 Y   -6 -4 -4 -5 -3 -6 -5 -8  0 -6 -2 -2 -2  1 -7 -3  4 -4  8 -5    0   1   1   1   1   0   0   0   2   0   4   3   1   5   0   1  27   0  53   0  1.92 inf
  113 S    3 -5 -3 -4 -2 -4 -3 -4  1 -3 -4 -4 -4 -7 -5  6  1 -7 -6 -3   19   0   1   1   1   1   1   1   3   2   2   1   0   0   0  57   9   0   0   2  1.25 inf
  114 K   -1  4  3  0 -6 -1 -2  2  0 -4 -4  3 -4 -4 -5  1 -2 -6 -2 -5    4  19  13   5   0   2   2  17   2   1   2  19   0   1   0  12   1   0   1   0  0.56 inf
  115 D   -3 -6 -2  7 -8  0 -1 -6  6 -8 -6 -4  0 -6 -6 -1 -5 -8 -5 -7    3   0   1  64   0   4   3   0  15   0   1   1   2   0   0   4   1   0   0   0  1.92 inf
  116 L   -6 -5 -5 -7 -6 -6 -4 -7 -3  4  6 -3  2  0 -5 -4 -5 -6 -5 -3    0   0   1   0   0   0   1   0   1  18  67   2   5   3   1   1   0   0   0   1  1.47 inf
  117 V   -3  0 -3 -2 -5  0  2 -5 -4  2 -2  4 -1 -3 -5 -3  0 -4 -2  3    1   4   1   3   0   5  12   0   0  11   3  27   1   1   0   1   5   0   1  25  0.58 inf
  118 I   -3 -4 -3 -6  0 -4 -5 -5 -4 -1 -3 -3 -3  3  0  3 -2  9  2  1    1   1   1   0   2   1   1   0   0   4   3   2   1  12   5  24   3  25   7   8  1.07 inf
  119 V   -1 -2 -1  1  1  0  2 -4 -2  1  0 -2  0 -2 -3  2  0 -5 -3  2    4   1   2   8   3   3  13   1   1   6  10   2   2   1   0  18   5   0   1  19  0.22 inf
  120 S   -3 -3  1  4 -6 -2 -1  0 -1 -5 -5 -2 -6 -3  6  0 -2 -6 -4 -5    2   2   6  22   0   2   3   7   1   1   1   2   0   1  39   8   2   0   0   1  1.05 inf
  121 N   -1 -2  2  1 -4  2  1 -2  3 -1 -1 -1 -1 -3  3  0 -1 -4 -2 -1    4   2   9   7   0   9   9   3   9   3   7   4   2   1  15   7   4   0   1   5  0.25 inf
  122 L   -1  1  1  0 -2  0  0  2  0 -1  0  0  1  1 -1  0 -1 -3 -1 -1    3   7   6   6   1   3   6  20   2   4   9   4   4   7   3   5   3   0   2   4  0.09 inf
  123 M    0  1  0  0 -2  0  0 -1  0  0 -1  0  0  0  0  0  1 -3 -1  2    5   7   5   4   1   4   6   5   2   5   4   6   2   5   4   9   8   0   2  18  0.05 inf
  124 G   -1 -1  1  0 -3  4  0  2 -1 -2 -3 -1 -3 -1 -1  0 -1  4 -1 -2    5   3   6   4   1  23   5  16   1   2   3   3   0   3   4   7   3   6   2   3  0.35 inf
  125 R    0  1 -1  1 -3  1  2 -1 -1 -1 -1  1 -1 -2  2  0 -1 -3 -2  0    8  10   2   8   0   6  16   3   1   4   5   7   1   2  10   5   3   0   1   9  0.15 inf
  126 N   -1 -2  2  1 -3  1  2 -1 -1 -2 -3  0 -1  0  3  0 -1  1 -1 -1    5   1  11   9   0   6  12   4   2   2   2   6   1   5  15   7   4   2   1   5  0.23 inf
  127 I    0  0 -1  0 -2 -1  0 -2 -1  1  1  0  1  1  0  0  1 -2 -1  1   11   5   1   4   0   3   5   3   1  12  14   5   3   6   4   4   8   0   1   8  0.04 inf
  128 G   -1 -3 -1  0 -2 -3 -1  4 -2  1 -2 -1 -2  3  0  0 -2 -2  0  0    3   1   3   6   1   1   3  30   1   8   3   3   1  14   6   6   2   1   3   6  0.33 inf
  129 H    0  2  2  1 -2  0  0 -1  2 -2 -2  1  0  0 -1  0  0 -2  0 -1    8  10  10   8   1   4   6   5   5   1   2  11   3   4   2   6   4   0   4   5  0.12 inf
  130 P   -2 -2 -1  2 -4  1  1 -2 -3 -4 -4 -2 -4 -2  6 -1 -3 -5 -4 -3    4   2   3  11   0   7   8   3   1   1   2   3   0   2  45   4   2   0   0   2  1.01 inf
  131 I    1 -1  0  1  0 -1  0 -2 -1  2 -1 -1 -1 -2 -1  0 -1 -3 -1  3   11   3   4   7   2   2   6   2   1  10   3   5   1   1   3   6   4   0   2  28  0.17 inf
  132 I   -1 -2  2  1 -3 -1 -1  1  1  1 -1 -2 -2  0  2  0 -1 -3  1  0    5   2  11   8   0   3   4   9   3  10   4   1   1   3  12   8   3   0   6   6  0.14 inf
  133 Q   -2  1  0  0 -3  0  1 -2 -1  0 -1  1 -1 -2  3 -1  0 -3  0  0    2   7   4   6   1   4   8   3   1   6   4   8   2   2  17   5   6   0   3   9  0.18 inf
  134 D   -1  1  0  4 -2  1  1  0 -1 -2 -2  0 -1  0  1  0 -1 -3  0 -2    6   7   3  27   1   5   7   6   1   2   3   5   1   6   6   5   3   0   4   3  0.25 inf
  135 K    0 -1  1 -1 -1 -1 -1  0 -1 -2 -3  1 -1 -3  5  0 -1 -3 -3  0    9   4   6   3   1   2   4   6   1   2   2   7   1   1  33   7   2   0   1   6  0.51 inf
  136 E    0 -1  0  2  0  0  2 -2 -1  0 -1  0 -1  0 -1  0  0 -2 -1  1   11   2   4  15   2   4  14   2   2   5   5   4   2   5   2   4   6   0   2  10  0.10 inf
  137 G   -1 -1  2  2 -1  0  1  1  3 -2 -2  0 -2 -1  1  0 -1 -3 -1 -2    4   3  11  14   1   4   8  12   7   2   3   5   1   2   6   9   3   0   2   3  0.17 inf
  138 N   -2  0  3  3 -3  0  1 -2  1 -3 -2  1 -2 -2  3  0 -1 -4 -2 -3    3   5  14  21   0   3   8   3   4   1   3   7   1   1  15   6   3   0   1   1  0.38 inf
  139 G   -2 -2  3  4 -3 -2 -1  3 -1 -3 -3 -1 -3 -3  1 -2 -1 -4 -3 -2    3   2  14  28   0   1   3  23   1   1   3   3   0   1   7   2   3   0   1   3  0.55 inf
  140 V   -3 -5 -5 -5 -1 -5 -5 -5 -5  7 -2 -5 -1 -3  0 -3 -3 -5 -1  2    1   0   0   0   1   0   1   1   0  66   1   0   1   0   5   2   1   0   2  13  1.41 inf
  141 L   -3 -3 -4 -4 -2 -3 -4 -5 -4  1  4 -4 -1 -1  5 -3 -2  1 -3  0    1   1   0   1   1   1   1   1   0   7  45   1   1   2  25   1   3   2   0   6  0.84 inf
  142 I   -4 -5 -5 -5 -4 -5 -5 -6 -5  7  2 -5  0 -2 -5 -5 -4 -5 -4  1    1   0   0   0   0   0   1   1   0  67  17   1   2   2   0   1   1   0   0   6  1.53 inf
  143 C    3 -4 -2 -4  5 -4 -4 -3 -4  1 -1 -4 -1 -1 -4 -1  0 -4 -4  3   30   0   2   0  14   0   0   1   0   7   4   0   1   3   0   2   7   0   0  26  0.65 inf
  144 K   -4  1 -3 -1 -5  1  1 -4 -4 -3 -3  7 -4 -5 -3 -3  0 -5 -5 -4    1   5   0   3   0   5   8   1   0   1   2  65   0   0   1   1   5   0   0   1  1.30 inf
  145 L   -4 -5 -6 -6 -4 -5 -5 -6 -5  0  6 -5  4 -3 -5 -5 -4 -5 -4 -1    1   0   0   0   0   0   0   1   0   4  78   0   9   0   0   1   0   0   0   3  1.56 inf
  146 R    1  6 -3 -3 -3 -1 -2  2 -2 -3 -4  2 -4 -4 -4 -1 -2 -3 -3 -2   12  47   1   1   1   1   1  14   1   1   1   9   0   1   0   4   1   0   1   2  0.86 inf
  147 K   -3  2 -2  0 -3  0  1 -3 -1 -4 -4  4 -3 -5  6 -2 -3 -5 -4 -4    1  12   1   5   1   3   8   1   1   1   1  22   0   0  36   2   1   0   1   1  0.95 inf
  148 G   -3 -2  1  1 -5 -4 -3  6  0 -6 -5 -1 -5 -5 -4 -2 -4 -5 -5 -5    1   3   7   7   0   0   2  67   3   0   1   3   0   0   1   3   0   0   0   1  1.36 inf
  149 Q   -5 -3 -2 -2 -6  9 -1 -5  2 -6 -6 -3 -4 -6 -5 -4 -5 -5 -5 -6    1   0   2   2   0  84   3   1   4   0   1   0   0   0   0   1   0   0   0   0  2.48 inf
  150 E   -1  2 -2 -2 -2  1  5 -3  0 -4 -4  2 -3 -4 -4  0  0 -5 -4 -3    6   9   1   1   1   5  44   1   2   1   1  12   0   1   0   7   5   0   0   2  0.71 inf
  151 L   -4 -5 -5 -5 -4 -5 -5 -6 -5  5  4 -5  0 -1 -5 -5 -2 -4 -4  2    1   0   0   0   0   0   0   1   0  38  42   0   1   2   0   1   2   0   0  10  1.12 inf
  152 K   -2  2  1  3 -3 -1  2 -3  2 -2 -2  2 -1 -3 -3  1 -1 -4 -2 -1    2   9   7  17   1   1  17   1   5   1   3  16   1   1   0   9   2   0   1   6  0.35 inf
  153 L    0 -4 -5 -5  0 -4 -5 -5 -5  3  4 -4  4  0 -4 -4 -3 -4 -3  1   10   0   0   0   2   0   0   1   0  15  45   0  11   3   0   1   0   0   0  10  0.79 inf
  154 T   -2  3  0 -1 -4  0  4 -4 -1 -2 -3  2 -3 -3 -2 -1  1 -4 -1 -2    1  18   3   2   0   2  31   1   1   3   2  14   0   1   2   3  10   0   2   3  0.51 inf
  155 C    4 -5 -5 -5  8 -4 -5 -3 -5 -2  1 -4  5 -2 -5 -3 -3 -5 -4  0   33   0   0   0  28   0   0   2   0   2  12   0  14   1   0   0   1   0   0   5  1.16 inf
  156 V   -4  0 -3 -1 -4 -2 -1 -5  7  4 -1 -1 -3  1 -4 -3 -1 -2  3  1    0   4   0   3   0   1   4   0  25  23   3   3   0   5   0   1   4   0  10  10  0.68 inf
  157 A    6 -5 -5 -5  6 -4 -5 -2 -5 -2 -2 -4  0 -5 -4 -3 -4 -5 -3 -2   67   0   0   0  17   0   0   2   0   3   3   0   3   0   0   0   0   0   1   2  1.48 inf
  158 K   -3  3 -2 -2 -1  0  0 -4  2  1 -2  3 -1 -2 -4 -2  0 -4 -1  2    1  16   1   2   1   3   5   0   5  10   3  22   1   2   0   1   6   0   1  19  0.37 inf
  159 K   -4 -1 -4 -3 -5 -3 -3 -5 -4 -2  2  7  1 -4 -3 -2 -4 -5 -4 -3    1   1   0   1   0   0   0   0   0   2  17  66   4   1   1   2   0   0   1   2  1.35 inf
  160 G   -3 -3  1 -1 -5 -4 -3  7 -4 -6 -6 -4 -5 -1 -5 -1 -4 -5 -5 -5    0   1   6   4   0   0   1  77   0   0   1   0   0   3   0   4   0   0   0   0  1.60 inf
  161 I   -2  1 -3 -4 -2 -3 -3 -5 -2  5  1 -3  0  1 -4 -3  1 -3  1  2    3   9   1   0   1   0   1   0   1  40   9   1   1   5   0   1   8   0   6  13  0.53 inf
  162 A    3 -5 -2 -4 -5 -1 -3  6 -5 -6 -6 -4 -5 -6 -3 -2 -4 -5 -5 -4   20   0   1   0   0   3   2  69   0   0   0   0   0   0   1   1   1   0   0   1  1.48 inf
  163 K   -1  3 -2 -3 -4  1 -2 -4 -2 -4 -4  7 -2 -6 -4 -1 -1 -3 -5 -5    4  12   2   1   0   5   1   1   0   1   2  65   1   0   0   3   3   0   0   0  1.22 inf
  164 E   -3  0 -1  5 -5 -1  4 -4 -2 -3 -4 -1  0 -3 -4 -2  0 -5 -4  0    1   4   2  35   0   1  32   1   1   1   1   3   2   1   0   1   6   0   0   7  0.81 inf
  165 H   -5 -4 -2 -5 -7 -4 -4 -6 11 -7 -7 -5 -6 -5 -1 -4 -2 -6 -3 -4    0   0   1   0   0   0   0   0  89   0   0   0   0   0   3   1   3   0   0   2  3.26 inf
  166 A    7 -5 -5 -5 -4 -4 -4 -3 -5 -2 -5 -4 -4 -1 -1  0 -3 -6 -5 -2   82   0   0   0   0   0   0   1   0   2   0   0   0   3   3   5   1   0   0   2  1.49 inf
  167 K   -4 -1 -1 -4 -6 -2 -3 -5 -4 -6 -6  8  0 -6 -5 -4 -4 -6 -5 -6    0   1   3   0   0   0   0   0   0   0   0  91   3   0   0   0   0   0   0   0  2.20 inf
  168 W   -6 -6 -6 -7 -6 -6 -6 -6  2 -5 -5 -6 -5  6 -7 -6 -6 11  2 -5    0   0   0   0   0   0   0   0   5   0   0   0   0  29   0   0   0  56   6   0  2.95 inf
  169 G   -1 -3  1 -3  1  4 -1 -1 -3 -2 -4 -2  1 -4 -4  5 -2 -5 -4 -4    4   1   7   0   3  19   4   5   0   3   0   1   4   0   0  48   1   0   0   1  0.77 inf
  170 P    0 -5 -5 -5 -4 -4 -4 -1 -5 -5 -6 -4 -5 -6  8 -3 -1 -6 -6 -3    6   0   0   0   0   0   0   5   0   1   0   0   0   0  78   1   3   0   0   2  2.24 inf
  171 A   -1 -5 -4  0  2 -4 -4  1 -5 -1 -2 -4 -3 -4 -4 -2  2 -5 -4  5    5   0   0   5   5   0   0  13   0   1   1   0   0   0   0   1  16   0   0  51  0.77 inf
  172 A    4 -4 -2 -3  4 -3 -3 -2 -4 -1 -2 -1 -3 -2 -4  3  1 -5 -4  0   41   0   1   0   9   0   0   2   0   3   2   3   0   2   0  20   9   0   0   7  0.61 inf
  173 A    3 -4  0 -4 -2 -1 -3  1 -4 -1 -2 -3 -3 -4  0 -1  5 -5 -4  0   25   0   3   0   0   3   0  10   0   3   3   1   0   0   4   2  38   0   0   7  0.59 inf
  174 I    4 -5 -4 -5  5 -4 -5 -4 -5  2 -3 -4 -3 -4 -4 -2 -3 -6 -4  4   42   0   0   0  11   0   0   0   0   9   0   0   0   0   0   1   1   0   0  35  1.01 inf
  175 E    1 -2  0 -3 -3 -2 -2  3 -3 -3 -4 -2 -3 -1 -4  3  1  2  0 -1   13   1   4   0   0   0   1  26   0   1   1   1   0   2   0  28  10   3   3   5  0.49 inf
  176 F   -5 -6 -6 -7 -6 -5 -2 -7  0 -3 -3 -5  1  6 -7 -4 -5 -2  8 -3    0   0   0   0   0   0   3   0   1   1   2   0   3  28   0   1   0   0  59   1  2.08 inf
  177 E   -4  6 -3 -2 -6  0  4 -4 -2 -4 -5  3 -1 -6 -5 -2 -3 -6 -2 -5    0  46   0   1   0   2  25   1   1   1   1  17   2   0   0   2   0   0   2   0  1.20 inf
  178 Y   -4 -4  0 -5 -4 -2 -4 -4  2  0  3 -3  2  1 -4 -4 -2 -2  7 -2    1   0   5   0   0   1   0   1   6   4  32   1   5   4   1   0   2   0  38   1  0.98 inf
  179 D   -3 -3 -3  4 -4 -2  0 -5  0 -1  3 -3  4 -1 -5 -4 -3 -2  2 -1    2   1   0  26   0   1   6   0   3   2  31   1  12   2   0   0   0   1   8   4  0.59 inf
  180 P   -2 -3 -5 -2 -6  0 -4 -5 -2 -5 -6 -3 -6 -7  8 -3 -2 -7 -6 -5    3   1   0   3   0   4   1   1   1   0   0   2   0   0  79   2   3   0   0   1  2.30 inf
  181 W   -2  1 -1  2 -1  0  2 -3  3  0 -2  1  0 -2 -3 -1  0  3  1  0    2   7   2  15   1   2  17   1  10   5   4   8   3   1   0   3   4   4   5   7  0.24 inf
  182 N   -4 -5  4 -4 -4 -4 -3 -5 -4  6 -1 -4 -2 -1 -5 -3 -2 -6 -3  3    0   0  25   0   0   0   2   0   0  45   5   1   0   2   0   1   1   0   0  18  1.04 inf
  183 K    0  1  0  0 -4  0  2 -3  0  0 -3  3 -3 -4 -3 -1  3 -4 -2  0    6   6   4   4   0   3  12   1   2   6   1  23   0   0   0   3  21   0   1   7  0.31 inf
  184 L   -3 -4 -5 -6 -1 -5 -5 -6 -4  4  4 -4  0  2 -5 -4 -3 -2 -3  1    1   1   0   0   1   0   0   0   0  26  48   1   1   8   0   1   1   0   0  10  0.89 inf
  185 K   -2  3  2  2 -3 -1  0 -3  1 -2  0  3 -1 -4 -3 -1  0 -5 -3 -1    1  21  13  11   0   1   6   1   4   1   9  17   1   0   1   3   7   0   0   4  0.35 inf
  186 H   -3  1  0  0 -5  1  3  0  7 -5 -4  1 -3 -3 -2 -1 -3 -5 -2 -4    1   7   3   6   0   6  22   7  27   0   1  10   0   1   1   5   1   0   0   1  0.73 inf
  187 T   -1 -2  0  3  1 -1  1 -3 -2 -2 -2  1 -3 -4  3 -1  3 -5 -2 -2    3   1   3  16   4   1   8   1   1   3   3  10   0   0  14   4  23   0   1   3  0.37 inf
  188 D   -1 -1  0  3  0 -1 -1 -1 -2  2 -1  2 -2 -1 -3 -1  1 -4 -3  1    3   3   4  17   2   1   4   4   0  12   6  14   0   2   1   4   9   0   0  13  0.16 inf
  189 Y   -1 -2 -2  0  2 -1  1 -2 -1 -1  1 -1  0  1  0 -2 -1 -1  4  0    4   1   1   5   6   2  12   4   1   3  14   4   3   4   4   2   3   1  20   6  0.22 inf
  190 W    0 -2 -1  0  0 -1  2  2 -3 -2 -2  0 -3 -1 -2 -2 -3  8 -1 -2    8   2   3   6   2   3  15  16   0   2   4   5   0   2   2   3   1  21   2   4  0.60 inf
  191 Y   -1 -1 -1  0 -2 -1  1 -2  0  0 -1 -1 -1  3 -1  0 -1 -1  3  1    4   3   3   4   1   2  13   3   2   6   5   4   1  13   3   6   3   0  13  10  0.13 inf
  192 E    0 -2 -2  3  2  0  5 -3 -2 -2 -1  0 -2 -4 -2 -2 -2  0 -3  0    7   1   1  14   5   2  39   2   1   2   6   6   1   1   1   1   1   1   1   6  0.56 inf
  193 Q    2  0  0  0 -2  1  2 -1 -1 -2 -2  1 -2 -3 -2  0  0  0 -2  0   18   3   4   5   1   7  17   4   1   2   3   8   1   1   2   8   6   1   1   7  0.17 inf
  194 D   -3 -2  0  5  1 -1  3 -2  0 -4 -4  2 -4 -3  0  1 -1 -6 -4 -4    1   1   3  33   3   2  18   3   2   1   1  11   0   1   6   9   3   0   0   1  0.64 inf
  195 S    1  0 -1  0  2 -1  1 -2 -2  0  0  2 -1 -2  2  0 -1 -4 -2 -1   11   6   3   4   6   2  10   2   1   6   9  13   1   1  11   5   2   0   1   5  0.14 inf
  196 A    0  2 -1 -1 -1  0  0 -1 -2  0  1  1 -1  0  1 -1  0 -3 -2  0    7  13   2   3   1   4   6   4   1   6  15   8   1   4   7   4   6   0   0   9  0.07 inf
  197 K    1  0  0  0 -5  2  3 -2 -2 -3 -3  5 -4 -5 -2  0 -1 -5 -2 -1   10   4   4   4   0   7  16   2   1   1   3  33   0   0   1   5   3   0   1   4  0.49 inf
  198 E    0  0 -2  2  0  0  5 -4 -3 -1 -2  1 -1 -5 -3  0 -2 -5 -4  1    8   4   2   9   2   2  36   0   0   4   3  10   2   0   0   7   1   0   0  10  0.49 inf
  199 W   -3 -4 -3 -4  9 -4 -2 -5 -4 -2 -1 -4 -3  2 -6 -3  0  8 -3  0    1   1   1   1  36   1   3   1   0   2   5   1   0   9   0   2   7  22   0   7  1.59 inf
  200 P    1 -2 -3 -3  0 -4 -3 -4 -4 -1 -4 -2 -1 -1  7 -1 -2 -6 -4  0   13   3   1   1   2   1   2   1   0   3   2   2   2   4  50   4   3   0   0   6  1.11 inf
  201 Q   -2  2 -1 -1 -4  0  0 -1 -2 -2  0  3  1  0 -1  1 -1 -4  0 -1    2  13   3   3   0   2   6   3   0   2  10  25   5   4   3   9   3   0   3   4  0.22 inf
  202 S   -2  1  1 -1  5 -2 -2 -1 -4 -2 -2 -1 -2 -4  1  3  1 -1 -4  1    1   7   7   3  14   1   2   4   0   2   3   3   1   0   7  26   7   1   0  12  0.41 inf
  203 K   -1  2 -1  0 -2  0  4 -1 -2 -2 -3  2  0 -2 -3  0 -2 -2 -3  0    5  12   2   4   1   2  28   5   0   2   2  15   2   2   1   6   2   1   0   6  0.37 inf
  204 N   -2 -2  4  1 -1 -1  1 -1 -1 -2 -1  0  0  0 -3  0 -1 -4  2  0    3   1  23   8   1   3   8   4   1   2   8   6   2   4   1   5   4   0   8   9  0.22 inf
  205 C    2 -2 -3 -2  7 -4 -4 -2 -3  0 -1 -2  0 -1 -3  1 -2 -4 -2  1   20   3   1   3  27   0   1   3   0   6   7   2   2   2   1   9   2   0   1  10  0.68 inf
  206 E   -2  3 -1  1 -3 -1  3 -1  0 -1 -3  1 -2 -3 -1  0  1 -5 -3  0    2  18   2   7   1   2  19   4   2   5   2  10   1   1   3   8   8   0   0   8  0.28 inf
  207 Y   -2  0 -2 -2 -1 -2  0 -3  1  0  2 -1  1  1 -4 -2 -2  4  3  2    3   5   2   3   1   1   7   2   3   4  18   3   3   5   0   3   2   6  13  16  0.27 inf
  208 E   -2 -3 -2  3  6 -1  5 -4 -2 -4 -1  0 -4 -4 -3 -3 -2 -6 -3 -1    2   1   2  16  17   2  34   1   1   1   6   5   0   1   1   1   2   0   1   5  0.83 inf
  209 D   -2  2  1  3 -1 -2  4 -2 -2 -3 -3 -1 -2 -2 -3  0  0 -5 -4 -2    2  11   5  19   1   1  29   3   1   1   2   3   1   2   1   8   7   0   0   2  0.52 inf
  210 P    0 -2  0  1  3 -1  2 -1  4 -2 -3 -1 -1 -2  4 -2  0 -4 -2 -1    8   1   4   9   7   2  12   5   9   2   1   3   1   2  19   2   5   0   1   5  0.35 inf
  211 P   -1 -1 -1 -1  4 -1  3 -4 -2  0 -1 -2 -2 -4  4  0 -2 -3 -4 -1    6   4   3   3   8   3  21   1   1   5   5   2   1   1  23   8   2   0   0   4  0.49 inf
  212 N    0  2  1  0  3  1  1  1 -1 -2 -3  0 -2 -1 -2 -1 -1 -3  2 -2    6  12   7   4   8   6  11  13   1   3   2   5   0   3   2   4   3   0   7   3  0.19 inf
  213 E   -3 -1  1  2  0  1  4 -4 -1 -3 -1 -1  2  3  1 -3 -3  1 -1 -4    1   3   6  13   3   5  26   1   1   1   7   3   5  11   8   1   1   2   1   1  0.43 inf
  214 G    1  0  0  2 -1 -1  1  3 -3 -2 -4  3 -3 -4 -2 -1 -1 -5 -3 -3   14   4   4  13   2   2   8  21   0   3   1  17   1   1   2   4   2   0   1   1  0.36 inf
  215 D   -1 -2  1  4 -3  0  3  0 -2 -5 -3  3 -3 -3 -1 -1 -3 -5 -1 -4    4   1   7  21   1   3  17   9   1   0   2  20   1   1   3   4   1   0   3   1  0.50 inf
  216 P    2  0 -2 -2  2 -1  0 -1 -2 -2 -1  2 -3 -3  4 -1 -1 -5 -1 -2   18   4   1   1   4   2   6   5   1   2   7  13   0   1  21   4   3   0   2   3  0.34 inf
  217 F   -4 -5 -6 -7 -3 -6 -6 -7 -6  4 -2 -5 -1  4 -7 -6 -4 -2  2  5    0   1   0   0   0   0   0   0   0  25   3   1   1  16   0   0   0   1   6  45  1.36 inf
  218 D   -3  1  1  4 -6  0  2 -4 -1 -3 -5  3 -5 -1 -3  0  0  0 -5 -1    1   8   6  24   0   3  10   1   1   2   0  22   0   3   1   6   6   1   0   4  0.55 inf
  219 Y   -4 -5 -6 -5  0 -4 -1 -6 -2  3  3 -4  1  0 -1 -5 -4  1  3  3    1   0   0   0   2   0   4   0   1  18  30   1   3   3   4   0   0   2  11  19  0.70 inf
  220 K   -1  0  2  1 -3  0  2  2 -1  0 -2  0 -2 -4 -3  1  0 -5 -3 -3    5   6   9   9   0   3  13  18   1   6   4   6   1   0   0  10   7   0   0   1  0.23 inf
  221 A    2  5 -3  0 -4  0 -1 -1 -1 -2 -4  1 -2 -2  0 -2 -2  3  0 -2   20  29   1   5   0   3   4   5   1   3   1   7   1   2   5   2   2   3   4   3  0.44 inf
  222 Q   -4  1 -2  2 -4  0  1 -5 -2  2 -3  4 -4 -5 -5 -3 -3 -3 -4  4    1   6   2  11   0   4   8   1   1   9   1  23   0   0   0   1   1   0   0  30  0.63 inf
  223 A   -2  4 -2  0 -7  0  2 -5 -2 -4 -5  2 -5 -6  5 -1 -2 -7 -5 -3    3  24   1   4   0   3  15   0   1   1   1  10   0   0  28   4   3   0   0   2  0.90 inf
  224 D   -5 -2  5  6 -7 -3  0 -2 -3 -7 -7 -2 -7 -6 -6  0  0 -8 -3 -6    0   2  26  45   0   1   6   3   0   0   0   2   0   0   0   6   6   0   1   0  1.35 inf
  225 T    0  2  0 -2 -4 -2 -1 -5  8 -5 -5  4 -3 -4 -5  0  0  1 -1 -4    7  10   3   2   0   1   3   0  31   0   1  21   1   0   0   7   6   2   2   2  0.99 inf
  226 F   -6 -8 -8 -8 -2 -8 -8 -6 -6 -1 -4 -6 -5  9 -8 -7 -7 -4  4 -5    0   0   0   0   1   0   0   1   0   3   1   0   0  80   0   0   0   0  13   1  2.88 inf
  227 Y   -5 -5 -4 -7 -3 -5 -4 -7  2  6 -1 -5 -3  0 -7 -5 -2  0  4  2    0   0   1   0   1   0   1   0   4  49   6   0   0   3   0   0   3   1  16  13  1.31 inf
  228 M   -7 -8 -8 -8 -7 -8 -6 -7 -6 -2 -1 -8  3  9 -8 -7 -7 -4  2 -3    0   0   0   0   0   0   1   0   0   2   5   0   6  78   0   0   0   0   5   2  2.65 inf
  229 N   -3 -1  4  2 -1 -2  0 -4  2 -4 -4  0 -3 -3 -5  2  4  0 -2 -1    0   3  20  10   1   1   6   0   4   1   1   4   1   1   0  17  23   2   1   4  0.58 inf
  230 V   -4 -7 -7 -8 -6 -7 -7 -8 -7  5 -1 -7  0 -1 -7 -6 -4 -7 -4  7    1   0   0   0   0   0   0   0   0  26   4   0   2   3   0   0   0   0   0  63  1.81 inf
  231 E   -6 -6 -3 -3 -9 -3  8 -8 -6 -9 -8 -5 -8 -9 -7 -6 -6 -8 -8 -8    0   0   1   1   0   1  97   0   0   0   0   0   0   0   0   0   0   0   0   0  2.96 inf
  232 S   -2 -6 -4 -5 -6 -5 -4 -1 -6 -4 -5 -5 -6 -7 -6  6  4 -7 -6 -3    2   0   0   0   0   0   1   6   0   1   1   0   0   0   0  62  25   0   0   2  1.61 inf
  233 V   -2 -5  0  3  1 -4 -2 -5 -5  0 -3 -5 -4 -2 -5 -1  5 -3 -3  3    4   0   4  17   3   0   2   0   0   4   2   0   0   2   0   4  36   0   1  20  0.81 inf
  234 G   -4 -7 -4 -6 -7 -6 -6  8 -6 -8 -8 -6 -7 -7 -6 -4 -6 -7 -7 -6    1   0   0   0   0   0   0  95   0   0   0   0   0   0   0   1   0   0   0   1  2.70 inf
  235 S    3 -4  0 -4 -1  2 -1 -2 -3 -1 -4 -2 -1 -2 -2  4 -1 -3 -5  1   24   0   5   0   1  10   3   2   0   4   0   2   2   2   2  32   2   0   0   8  0.56 inf
  236 I   -4 -3 -6 -7 -5 -4 -6 -4 -5  2  5 -6  5  1 -6 -6 -5  3  3  0    1   1   0   0   0   1   0   1   0   9  48   0  13   6   0   0   0   3   9   6  1.06 inf
  237 P   -1  1 -1  2 -6 -2  0 -2 -3 -6 -5  2 -5 -6  5  0  1 -7 -6 -5    6   7   2  11   0   1   7   3   1   0   1  14   0   0  33   8   8   0   0   0  0.80 inf
  238 V    2 -6 -6 -6 -6 -5 -6 -6 -6 -2 -5 -6 -6 -7  7  1 -3 -8 -7  2   15   0   0   0   0   0   0   0   0   2   1   0   0   0  55  10   1   0   0  15  1.68 inf
  239 D   -1  1  0  3 -3  0  4 -2 -2 -2 -2  1 -2 -4 -3 -1 -3 -3 -2 -2    5   7   4  19   0   4  31   2   1   3   5   9   1   1   1   4   0   0   1   3  0.51 inf
  240 Q   -1  0  0  3 -6  3  5 -5 -3 -3 -3 -1 -2 -4 -5 -2  0 -4 -2  1    4   4   5  14   0  12  33   0   0   1   2   2   1   0   0   1   6   0   2  11  0.60 inf
  241 V   -3 -6 -7 -7 -5 -6 -7 -7 -7  6  4 -6  2 -4 -7 -6 -3 -6 -5  3    2   0   0   0   0   0   0   0   0  40  36   0   4   0   0   0   1   0   0  16  1.37 inf
  242 V   -4 -6 -7 -7 -3 -6 -7 -7 -6  2  3 -6  1  5 -6 -6 -4 -5 -4  5    0   0   0   0   1   0   0   0   0  11  22   0   3  22   0   0   0   0   0  40  1.25 inf
  243 V   -2  1 -2 -3 -1  1  0 -4 -2  0  2  0  1 -1 -1  0  1 -4 -1  0    2   7   2   1   1   6   6   1   1   6  27   7   3   3   4   7  11   0   2   6  0.17 inf
  244 R   -2  2  1 -1 -2  1  4 -4 -2 -2 -4  3  2 -5 -5  0 -2 -6 -1 -3    2  10   6   3   1   6  33   1   1   3   1  17   5   0   0   5   2   0   2   1  0.62 inf
  245 G    6 -6 -5 -6 -4 -5 -5  3 -6 -6 -6 -5 -6 -7 -6  2 -3 -7 -6 -5   65   0   0   0   0   0   0  19   0   0   0   0   0   0   0  14   1   0   0   0  1.60 inf
  246 I   -1 -6 -6 -6  2 -6 -6 -4 -6  5  3 -6 -1  1 -6 -4 -3 -5 -4  3    5   0   0   0   5   0   0   2   0  30  28   0   1   5   0   1   1   0   0  22  0.94 inf
  247 D   -1  2  1  2 -6  1  2 -2 -1 -3 -3  4 -4 -5 -4  0 -2 -4 -4 -4    4  10   7  13   0   4  14   3   1   2   2  30   0   0   0   6   2   0   0   0  0.57 inf
  248 T   -2 -2 -5 -6 -3 -3 -1 -3 -2  5 -2 -4 -2 -3 -6  0  0 -6 -1  4    3   2   0   0   0   1   5   2   1  33   2   1   1   1   0   6   6   0   2  34  0.81 inf
  249 L   -6 -7 -8 -8 -6 -7 -8 -8 -7  3  6 -7  4  0 -8 -7 -6 -6 -3 -3    0   0   0   0   0   0   0   0   0  13  74   0   8   3   0   0   0   0   1   1  1.78 inf
  250 Q   -3  3 -1 -3 -6  3  1 -4 -3  0 -3  5  3 -5 -4 -2 -3 -4 -5 -3    1  13   2   1   0  14  10   1   0   6   3  37   7   0   0   2   1   0   0   2  0.81 inf
  251 K   -1  2  2  1 -5  2  2  0 -1 -4 -3  2 -2 -5 -4  1 -1 -5 -3 -3    5  11  10   7   0  11  15   7   1   1   3  14   1   0   0   9   4   0   1   1  0.36 inf
  252 K   -6  2 -4 -6 -9 -2 -4 -6 -6 -8 -8  8 -7 -9 -7 -4 -5 -8 -7 -8    0  10   1   0   0   1   1   0   0   0   0  87   0   0   0   1   1   0   0   0  2.56 inf
  253 V    2 -6 -6 -6  7 -5 -6 -5 -6  1  4 -6  0  0 -6 -1 -3 -2 -2  0   18   0   0   0  22   0   0   1   0   7  34   0   2   4   0   6   1   1   1   5  0.93 inf
  254 A    2  1  1  3 -5  2  2 -2 -2 -2 -3  0 -2 -4 -4  1  0 -5 -4 -3   18   8   5  17   0   8  14   2   1   2   3   6   1   0   0   9   5   0   0   1  0.35 inf
  255 S    1  2  1  2 -4  0  2 -1 -1 -2 -3  1 -2 -3 -4  0  1 -2  0 -2   10  13   7  10   0   3  15   4   1   2   2   8   0   1   0   7   9   1   4   2  0.24 inf
  256 I   -4 -6 -7 -7 -4 -6 -7 -7 -6  3  5 -6  2  4 -7 -6 -4 -1 -3  2    1   0   0   0   0   0   0   0   0  15  47   0   4  16   0   0   1   1   0  15  1.18 inf
  257 L   -2  2 -1 -2 -4  2  0 -3 -1  3  1  2  0 -4 -4 -1 -2 -5 -3  0    3  13   2   1   0  10   7   1   1  17  16  15   2   0   0   3   1   0   0   6  0.31 inf
  258 L   -1  0  1  2 -2  2  2 -3  0 -3 -1  1 -1 -3 -3  1  1 -5 -3 -3    5   5   7  13   1   8  16   1   3   1   8   8   2   1   0   9  11   0   0   1  0.26 inf
  259 A    2 -3  0  0 -3  3  4  1 -1 -1 -3 -1 -1 -4 -4  1 -2 -5 -4 -2   16   0   3   3   1  13  28   9   1   4   1   3   1   1   0  11   2   0   0   3  0.46 inf
  260 L   -2 -6 -7 -4 -3 -6 -3 -7 -3  1  6 -6  0 -2 -6 -6 -4 -6 -5  2    3   0   0   1   0   0   2   0   1   8  69   0   1   1   0   0   1   0   0  12  1.31 inf
  261 T   -1 -2  2  3 -5  3  3 -2  0 -5 -4 -1 -4 -6 -4  2  1 -6 -4 -3    3   2   8  18   0  12  19   2   2   0   1   3   0   0   0  19   8   0   0   1  0.57 inf
  262 Q    0  1  0  1 -5  1  3 -1  3 -4 -4  2 -1 -5 -4 -1  1 -5 -4 -4    8   7   5   9   0   7  23   4   7   0   1  14   2   0   0   4   9   0   0   1  0.44 inf
  263 M   -3 -3 -4 -3 -4 -2  2 -2 -3  2  3 -4  4 -1 -5 -2 -1 -2 -4  2    1   1   0   1   0   1  17   3   0  10  33   0  13   2   0   2   4   1   0  12  0.55 inf
  264 D    0 -1  0  4 -4  1  4 -3 -3  0 -1 -1 -1 -4 -3  1 -1 -5 -4 -1    8   2   4  22   0   6  26   1   0   6   5   1   2   0   0   9   3   0   0   4  0.41 inf
  265 Q    2  1 -2 -1 -5  5  3  2 -3 -4 -4 -2  2 -5 -4 -2 -3 -5 -4 -1   16   7   1   3   0  27  20  15   0   0   0   1   6   0   0   1   0   0   0   4  0.58 inf
  266 D   -4 -4  2  7 -6 -2  4 -4 -3 -6 -6 -3 -5 -6 -4 -3 -4 -7 -6 -6    0   0   9  68   0   0  23   0   0   0   0   0   0   0   0   0   0   0   0   0  1.69 inf

                      K         Lambda
Standard Ungapped    0.1332     0.3160
Standard Gapped      0.0500     0.2670
PSI Ungapped         0.1627     0.3136
PSI Gapped           0.0500     0.2670
