
Last position-specific scoring matrix computed, weighted observed percentages rounded down, information per position, and relative weight of gapless real matches to pseudocounts
           A  R  N  D  C  Q  E  G  H  I  L  K  M  F  P  S  T  W  Y  V   A   R   N   D   C   Q   E   G   H   I   L   K   M   F   P   S   T   W   Y   V
    1 E   -1  0  0  1 -4  4  5 -2  0 -3 -3  1 -2 -4 -1  0 -1 -3 -2 -3    0   0   0   0   0  35  65   0   0   0   0   0   0   0   0   0   0   0   0   0  0.70 inf
    2 P    0 -3 -3 -2 -3 -2 -2 -1 -3 -4 -4 -2 -3 -4  8 -1 -2 -4 -4 -3    5   0   0   0   0   0   0   6   0   0   0   0   0   0  89   0   0   0   0   0  1.99 inf
    3 D    0 -3  0  7 -4 -2  1 -3 -2 -4 -5 -2 -4 -5  0 -1 -2 -5 -4 -4    9   0   0  83   0   0   5   0   0   0   0   0   0   0   3   0   0   0   0   0  1.30 inf
    4 D    0  0 -1  2  0  1 -1 -2 -2 -3 -2  0 -3 -4  6  1  0 -4 -3 -3    9   7   0  12   2   7   0   0   0   0   2   2   0   0  41  14   4   0   0   0  0.73 inf
    5 D    0 -2 -1  2 -4  0  4  0 -2 -1 -1 -1 -2 -3  1 -1 -1 -4 -3 -1    6   0   0  12   0   2  51   9   0   5   5   0   0   0   6   0   3   0   0   3  0.45 inf
    6 L   -2 -1 -3 -4 -2  0 -3 -4 -3  1  4 -2  1 -1 -3 -1 -1 -3 -2  2    0   4   0   0   0   5   0   0   0   5  59   0   2   0   0   7   0   0   0  17  0.43 inf
    7 E    0  1 -1  0 -3  2  2 -2 -1 -1  1  0  1 -1 -2  0 -1  2  0 -1    7  10   2   5   0  12  17   0   0   2  21   0   5   0   0   9   0   3   4   2  0.13 inf
    8 R    0  2 -1 -1 -3  1  2 -2 -1 -1  0  1  2 -2  1 -1  0 -3 -2  0   11  19   0   3   0   6  16   0   0   0   9   7  11   0   7   0   6   0   0   6  0.18 inf
    9 V   -1 -3 -4 -4 -2 -3 -4 -4 -4  2  2 -3  0  2 -3 -3 -1 -3 -1  4    4   0   0   0   0   0   0   0   0   7  24   0   0   9   0   0   2   0   0  54  0.51 inf
   10 R    3  2 -2 -2 -2  0  0 -2  2 -1 -2  0 -1 -1 -2 -1  0 -3  0  1   40  17   0   0   0   2   5   0   6   2   0   3   0   2   0   0   4   0   3  16  0.23 inf
   11 A    2  3  0  1 -3  2  2 -1  0 -3 -2  1 -2 -3 -2  0 -1 -3 -2 -2   26  24   2   9   0  11  15   2   2   0   4   4   0   0   0   2   0   0   0   0  0.31 inf
   12 T    2 -2 -2  0 -2 -1  1 -2  2 -2  0 -1  1 -1 -2  0  0  6  1 -2   25   0   0   6   0   0   9   0   9   0   9   3   5   0   0   7   7  15   3   0  0.29 inf
   13 L   -3 -4 -4 -5 -3 -4 -4 -5 -3  2  4 -4  0  5 -4 -3 -2 -2  0  0    0   0   0   0   0   0   0   0   0  17  51   0   0  32   0   0   0   0   0   0  0.72 inf
   14 Y    0  2  1 -2 -2  0 -1 -3 -1  0  2  0  1 -1 -3 -1 -1 -2  1  0   12  19  10   0   0   4   3   0   0   0  31   2   5   0   0   0   0   0   9   6  0.16 inf
   15 S    0  2  1  2 -3  1  1  1  0 -2 -3  1 -2 -3 -2  1  0 -3 -2 -1    6  14   4  12   0   4   9  14   2   0   0   6   0   0   0  17   6   0   0   5  0.21 inf
   16 L    2 -1 -2 -2 -2  2  0 -2  1 -1  2  0  1 -1 -2 -1 -1  1 -1  0   24   0   0   0   0  13   7   0   5   0  35   4   2   0   0   3   0   3   0   3  0.17 inf
   17 D   -1  0  0  6 -5 -1  1 -3 -2 -4 -5 -2 -4 -5  3 -1 -2 -5 -4 -4    4   6   0  71   0   0   4   0   0   0   0   0   0   0  15   0   0   0   0   0  1.12 inf
   18 P   -2 -1 -3  1 -4 -2  0 -1 -3 -4 -4  0 -4 -5  7 -2 -2 -5 -4 -2    1   4   0   9   0   0   4   4   0   0   0   4   0   0  71   0   0   0   0   3  1.56 inf
   19 D    1 -2  0  5 -3  0  0  0  2 -3 -2 -1 -2 -3 -2  0  1 -4 -3 -2   13   0   0  49   0   2   0   7   7   0   4   2   0   0   0   3  10   0   0   3  0.49 inf
   20 G   -1  0 -2 -3  0 -3 -3  6 -3 -3 -1 -2 -2  0 -3 -1 -2 -3 -3 -3    0   8   0   0   3   0   0  71   0   0  10   0   0   4   0   4   0   0   0   0  0.86 inf
   21 D    1  2 -1  2 -3  1  3 -1 -1 -3 -3  0 -2 -4 -2  1  0 -4 -3 -2   13  19   0  13   0   6  22   3   0   0   0   2   0   0   0  15   4   0   0   3  0.32 inf
   22 R   -2  6 -2 -3 -4  1 -1 -3 -2 -3 -1  2  1 -3 -3 -2  1 -4 -3 -2    0  60   0   0   0   5   0   0   0   0   7  11   5   0   0   0  10   0   0   2  0.74 inf
   23 T   -2 -3 -4 -4  2 -3 -4 -4 -3  1  2 -3  3  6 -4 -3  1  3  1  0    0   0   0   0   4   0   0   0   0   6  18   0  10  45   0   0  11   4   0   2  0.62 inf
   24 A    4  1 -2 -3 -2 -2 -2  2 -3 -1 -3 -2 -2 -3  1  0 -1 -4 -3 -2   60   8   0   0   0   0   0  17   0   5   0   0   0   0   6   3   0   0   0   0  0.55 inf
   25 G    2  2 -1 -2 -3  1  0  2 -2 -3 -3  1 -2 -1 -2  1 -1  4 -1 -2   29  17   0   0   0   7   5  15   0   0   0   6   0   2   0   7   2   7   2   0  0.30 inf
   26 V    3 -3 -3 -4 -2 -3 -3 -3 -3  1  0 -3  2 -1 -3 -1 -1 -3 -2  4   36   0   0   0   0   0   0   0   0   3   6   0   7   3   0   0   2   0   0  43  0.45 inf
   27 L   -2 -3 -4 -5 -2 -3 -4 -5 -4  3  4 -4  1  3 -4 -3 -2 -2 -1  2    0   0   0   0   0   0   0   0   0  18  49   0   2  17   0   0   0   0   0  14  0.60 inf
   28 R   -3  7 -2 -3 -5 -1  0 -4 -2 -5 -4  0 -3 -5 -4 -1 -3 -5 -3 -4    0  91   0   0   0   0   4   0   0   0   0   0   0   0   0   4   0   0   0   0  1.58 inf
   29 D   -1  2  0  4 -4  2  3 -3  1 -4 -4  1 -3 -4 -2  0 -2 -4 -3 -4    4  13   0  36   0  10  20   0   3   0   0  10   0   0   0   4   0   0   0   0  0.60 inf
   30 T    2 -2 -1 -2  5 -2 -2 -2 -3 -3 -3 -2 -2 -4 -2  3  4 -4 -3 -2   20   0   0   0  13   0   0   0   0   0   0   0   0   0   0  32  34   0   0   0  0.64 inf
   31 L   -2 -4 -4 -4 -3 -4 -4 -5 -3  4  2 -4  0  5 -4 -3 -2 -1  2  2    0   0   0   0   0   0   0   0   0  32  18   0   0  30   0   0   0   0   7  13  0.61 inf
   32 D   -3 -3  0  7 -5 -2  1 -3 -3 -5 -5 -2 -5  0 -3 -2 -3 -5 -1 -5    0   0   0  90   0   0   4   0   0   0   0   0   0   4   0   0   0   0   2   0  1.62 inf
   33 Q    0  0 -1  2 -4  4  3 -3  1 -3 -2  0  2 -3 -2  0 -2 -3  0 -3    8   4   0  11   0  28  24   0   4   0   2   0  10   0   0   4   0   0   4   0  0.42 inf
   34 L    0 -3 -4 -4 -2 -3 -4 -4 -4  2  3 -3  0 -1 -4 -3 -2 -3 -2  4    6   0   0   0   0   0   0   0   0  11  40   0   0   0   0   0   0   0   0  44  0.60 inf
   35 Y   -3 -3 -4 -5 -3 -3 -4 -5 -2  3  3 -4  0  1 -4 -3 -2 -1  5  0    0   0   0   0   0   0   0   0   0  28  41   0   0   2   0   0   0   0  29   0  0.72 inf
   36 D   -3 -3  2  7 -5 -2  0 -3 -3 -4 -3 -2  2 -5 -3 -2 -3 -6 -4 -4    0   0  10  81   0   0   0   0   0   0   1   0   8   0   0   0   0   0   0   0  1.42 inf
   37 G   -1 -3 -2 -3 -3 -3 -3  5 -3 -4 -3 -2  2 -4  2  0  1 -4 -4 -3    2   0   0   0   0   0   0  63   0   0   0   0   7   0  12   4  12   0   0   0  0.89 inf
   38 Q    0 -1 -2 -1 -4  5  3 -3 -2 -3 -3 -1 -1 -3  4 -1 -2 -3  0 -1    7   0   0   0   0  34  22   0   0   0   0   0   2   0  27   0   0   0   4   4  0.75 inf
   39 R   -2  6  1 -2 -4  0  0 -1  4 -3 -4  2 -3 -4 -3 -2 -2 -4 -2 -3    3  54   7   0   0   0   3   4  16   1   0  11   0   0   0   0   0   0   0   1  0.78 inf
   40 T   -2 -3 -2 -3 -3 -2 -3 -3 -4 -3 -3 -2 -3 -4 -3  0  7 -4 -4 -2    0   0   0   0   0   0   0   0   0   0   0   0   0   0   0   3  97   0   0   0  1.51 inf
   41 G    0 -3 -1 -3 -4 -1 -3  6  1 -5 -5 -3 -4 -5 -4 -2 -3 -4 -4 -5    4   0   2   0   0   3   0  86   4   0   0   0   0   0   0   0   0   0   0   0  1.42 inf
   42 R   -3  8 -2 -3 -5 -1 -2 -4  2 -5 -4  0 -3 -5 -4 -3 -3 -5 -3 -4    0  96   0   0   0   0   0   0   4   0   0   0   0   0   0   0   0   0   0   0  1.76 inf
   43 W   -3  1 -4 -5 -4 -3 -4 -4 -1 -2 -2 -3 -2  6 -5 -3 -1  6  6 -3    0   9   0   0   0   0   0   0   0   0   0   0   0  36   0   0   4  12  39   0  1.20 inf
   44 N    1  3  0  4  1 -1 -1 -2 -2 -3 -2 -1 -2 -1 -2  1  0 -4 -3 -3   11  20   3  32   4   0   0   0   0   0   4   0   0   3   0  16   7   0   0   0  0.36 inf
   45 F   -3 -4 -4 -5 -3 -3 -4 -4 -2  1  1 -4 -1  3 -1 -3 -3  8  5  1    0   0   0   0   0   0   0   0   0  10  14   0   0  10   4   0   0  26  22  14  0.88 inf
   46 D    0  1  1  4 -3  1  3 -1 -1 -2 -3  0 -3 -4 -2  1 -1 -4 -3 -3    6   8   4  27   0   7  25   2   0   2   0   2   0   0   0  16   2   0   0   0  0.45 inf
   47 Q   -2  2 -1  3 -4  5  2 -3  3 -4 -4  0 -2 -4 -3 -1 -1 -4 -3 -4    0  10   0  22   0  41  14   0   9   0   0   0   0   0   0   0   4   0   0   0  0.75 inf
   48 L   -3 -4 -5 -5 -3 -4 -4 -5 -4  0  5 -4  1 -1 -4 -4 -1 -3 -3  0    0   0   0   0   0   0   0   0   0   0  91   0   0   0   0   0   4   0   0   4  1.03 inf
   49 H   -1  0 -1  2 -3  0  3 -3  3 -3 -2 -1  0  1 -2  1  0 -2  2 -3    2   4   0  15   0   0  29   0  12   0   2   0   3   7   0  11   5   0   9   0  0.33 inf
   50 K   -1  0  0 -2 -4  1  1 -1 -2 -4 -4  6 -3 -4 -2  0 -2 -4 -3 -4    4   0   4   0   0   3   8   4   0   0   0  72   0   0   0   4   0   0   0   0  0.85 inf
   51 T   -2  2 -2  0 -3 -2 -2 -3 -3 -2 -3 -2 -2 -4  0  0  6 -4 -3  0    0  12   0   4   0   0   0   0   0   0   0   0   0   0   4   0  72   0   0   7  0.85 inf
   52 E   -3  0 -2  0 -6  0  7 -4 -2 -5 -5 -1 -4 -5 -3 -2 -3 -5 -4 -4    0   4   0   0   0   0  96   0   0   0   0   0   0   0   0   0   0   0   0   0  1.58 inf
   53 K   -2  3 -2 -2 -5  0 -1 -3 -2 -4 -4  6 -3 -5 -3  0 -2 -5 -3 -4    0  15   0   0   0   0   0   0   0   0   0  80   0   0   0   5   0   0   0   0  1.18 inf
   54 T    1  0 -2 -3 -2 -2 -2 -3 -3 -2 -1 -2 -2 -3 -3  1  6 -4 -3  0   12   4   0   0   0   0   0   0   0   0   4   0   0   0   0   4  72   0   0   3  0.83 inf
   55 H   -3  0 -2 -3 -4 -2 -2 -4  7 -3  0 -2 -2  1 -4 -3 -1 -1  6 -3    0   4   0   0   0   0   0   0  43   0  12   0   0   4   0   0   4   0  33   0  1.05 inf
   56 M    0 -3 -3 -4 -2 -3 -3 -3 -3  3  2 -3  2  3 -3 -2  0 -2  0  2   11   0   0   0   0   0   0   0   0  26  23   0   5  15   0   0   4   0   1  13  0.34 inf
   57 G    0 -1 -2 -3 -4 -3 -3  7 -3 -5 -5 -3 -4 -5 -4 -1 -3 -4 -4 -4    4   4   0   0   0   0   0  88   0   0   0   0   0   0   0   4   0   0   0   0  1.47 inf
   58 T    0 -3 -2 -3 -2 -2 -2 -3 -3 -2  0 -2 -2 -3 -3  2  6 -4 -3 -2    4   0   0   0   0   0   0   0   0   0   8   0   0   0   0  13  75   0   0   0  0.95 inf
   59 L   -1  2 -2 -3 -3 -1  0 -3 -2  0  3  3  2 -2 -3 -2 -2 -3 -2 -1    5  13   0   0   0   0   4   0   0   3  41  27   6   0   0   0   0   0   0   0  0.34 inf
   60 V   -2 -4 -4 -5 -2 -4 -4 -5 -4  3  2 -4  0  2 -4 -3 -2 -3 -2  5    0   0   0   0   0   0   0   0   0  16  16   0   0   9   0   0   0   0   0  59  0.72 inf
   61 E   -1 -2 -2  0 -5  1  7 -4 -2 -5 -5 -1 -4 -5 -3 -2 -1 -5 -4 -4    4   0   0   0   0   4  89   0   0   0   0   0   0   0   0   0   3   0   0   0  1.43 inf
   62 I   -3 -1 -4 -4 -3  1 -3 -5  1  6  0 -3 -1 -2 -4 -2 -2 -4  0  1    0   4   0   0   0   8   0   0   4  72   0   0   0   0   0   4   0   0   4   5  0.75 inf
   63 N    0 -2  5 -1 -3 -1  1 -2  1 -1  0 -2 -2 -1 -3  0 -1  1 -2 -1   10   0  43   0   0   0  12   0   4   5  13   0   0   4   0   4   0   2   0   3  0.38 inf
   64 L   -1 -3 -4 -4 -2 -3 -4 -1 -4  3  5 -4  1 -1 -4 -3 -1 -3 -2  0    3   0   0   0   0   0   0   5   0  16  69   0   2   0   0   0   3   0   0   1  0.68 inf
   65 H   -1  5 -2 -3  1  4 -1 -3  2 -3 -1  0 -2 -3 -3 -2  1  3 -2 -3    4  45   0   0   4  24   0   0   5   0   5   0   0   0   0   0   9   4   0   0  0.67 inf
   66 R    1  5  1  1 -4 -1 -1 -3  2 -4 -4  1 -3 -4 -3 -1 -2 -4 -3 -3   18  53   7  10   0   0   0   0   5   0   0   7   0   0   0   0   0   0   0   0  0.71 inf
   67 E    1 -1  1 -1 -3  0  5 -3 -2 -3  0 -1 -1 -1 -3  0 -2  1 -1 -2   15   2   8   0   0   0  51   0   0   0  10   0   2   4   0   3   0   2   2   0  0.46 inf
   68 F   -4 -4 -5 -5 -4 -4 -5 -5 -3 -1  3 -5 -1  7 -5 -4 -3 -1  1 -2    0   0   0   0   0   0   0   0   0   0  36   0   0  64   0   0   0   0   0   0  1.28 inf
   69 Q    0  1 -1  2 -3  1  1  3 -2 -4 -4  1 -3 -4  2  0  0 -4 -3 -3    5   9   0  12   0   8   7  30   0   0   0  10   0   0  12   3   4   0   0   0  0.39 inf
   70 F   -1 -4 -4 -4 -3 -4 -4 -2 -3  2  3 -4  0  5 -4 -3 -2 -1  1  1    4   0   0   0   0   0   0   3   0  12  31   0   0  36   0   0   0   0   2  12  0.54 inf
   71 G    1  0  0  3 -3  0  0  0 -2 -3 -2  0 -2 -4  4  0  0 -4 -3 -2   18   6   3  19   0   4   6   6   0   0   3   5   0   0  22   3   7   0   0   0  0.39 inf
   72 D    0  2  1  4 -4 -1  0  0  1 -4 -4  2 -3 -4  1  0 -2 -4 -3 -3    9  12   5  34   0   0   0   7   4   0   0  20   0   0   7   3   0   0   0   0  0.46 inf
   73 G   -1 -3 -2 -1 -4 -3 -1  6 -3 -5 -5 -1 -4 -5  0 -2 -1 -4 -4 -4    0   0   0   2   0   0   5  82   0   0   0   4   0   0   4   0   4   0   0   0  1.29 inf
   74 F    0  2  0  1 -3  1  2  0 -1 -1 -1  1 -1  1 -2  0 -1 -2 -1 -1    6  12   2  12   0   5  15  10   0   2   8   9   2  10   0   4   0   0   0   2  0.11 inf
   75 E   -1  3 -1  3 -3  0  0 -3  3 -1 -2  0 -2 -3 -3  0 -1 -4 -2  1    4  24   0  22   0   2   3   0  10   0   2   2   0   0   0  10   0   0   0  20  0.30 inf
   76 T   -1 -1 -3 -4 -2 -2 -3 -4 -3  0  4 -3  5 -1  0 -2  1 -3 -2 -1    4   4   0   0   0   0   0   0   0   0  55   0  20   0   4   0  11   0   0   0  0.55 inf
   77 D   -3  0 -1  7 -5 -2  1 -1 -3 -5 -5 -2 -5 -5 -3 -2 -3 -6 -5 -5    0   7   0  85   0   0   4   3   0   0   0   0   0   0   0   0   0   0   0   0  1.55 inf
   78 Y   -3 -3 -1 -4  1 -3 -3 -4 -2 -1  1 -3  0  4 -4 -2  2  5  5 -2    0   0   3   0   3   0   0   0   0   0  18   0   2  22   0   0  17   9  26   0  0.62 inf
   79 E   -1  3 -1  0 -1  1  1 -3 -2  0  0  1 -1 -1 -3  1 -1 -3 -2 -1    0  28   2   3   1   5  10   0   0   5  14   7   0   3   0  17   0   0   0   4  0.21 inf
   80 I   -2 -1 -4 -5 -3 -4 -4 -5 -4  6  1 -3  0 -1 -4 -3 -2  2 -2  3    2   4   0   0   0   0   0   0   0  63  11   0   0   0   0   0   0   4   0  17  0.77 inf
   81 A    4 -2  0  1 -2 -1  1  0  2 -2  0 -1 -2 -3 -2  0 -1 -4 -2 -2   50   0   3   7   0   2   9   7   6   0  12   1   0   0   0   3   0   0   0   0  0.32 inf
   82 G   -2 -4 -1 -2 -4 -3 -2  7 -4 -6 -5 -3 -4 -5  0 -2 -3 -4 -5 -5    0   0   2   2   0   0   2  91   0   0   0   0   0   0   4   0   0   0   0   0  1.60 inf
   83 V   -1  0 -2 -3 -3  0 -1 -1  5  1  0 -2 -1  0 -3 -1 -1 -2  2  2    3   6   0   0   0   3   4   4  23   8   4   0   0   3   0   5   3   0   7  26  0.23 inf
   84 Q   -3  0 -1  5 -5  1  4 -3 -2 -5 -5 -1 -4 -5  2 -2 -2 -5 -4 -4    0   4   0  43   0   6  34   0   0   0   0   0   0   0  13   0   0   0   0   0  0.94 inf
   85 V   -2 -4 -4 -4 -2 -3 -4 -1 -4  2  0 -3 -1  1 -4 -3 -2 -3 -2  5    0   0   0   0   0   0   0   5   0   9   5   0   0   8   0   0   0   0   0  71  0.72 inf
   86 D   -3  0  0  7 -5 -2  1 -3 -3 -4 -5 -2 -4 -5 -3 -2 -3 -5 -4 -2    0   5   0  81   0   0   8   0   0   0   0   0   0   0   0   0   0   0   0   4  1.40 inf
   87 C    1 -4 -4 -4  8 -3 -4 -3 -4  2  0 -4 -1 -3 -3 -2 -1 -4 -3  2   10   0   0   0  44   0   0   0   0  15   8   0   0   0   0   0   3   0   0  18  0.90 inf
   88 K   -2  1 -2 -2 -4  0 -1 -3 -2 -3 -2  6 -2 -4 -3 -1 -2 -4 -3 -1    0   4   0   0   0   0   0   0   0   0   4  81   0   0   0   4   0   0   0   5  1.04 inf
   89 F   -3 -3  2 -3 -3 -3 -3 -1  2 -2  0 -3 -2  5 -4 -2 -2  5  5 -2    0   0  13   0   0   0   0   4   5   0   8   0   0  32   0   3   0  10  23   0  0.69 inf
   90 S   -1 -2 -1 -2 -2 -2 -2 -2 -3 -3 -4 -2 -3 -4 -2  5  4 -4 -3 -3    0   0   0   0   0   0   0   0   0   0   0   0   0   0   0  70  27   0   0   0  0.97 inf
   91 M    0  1 -2 -2 -2  3 -1 -3  0  0  1  1  3 -2 -2 -1  0 -3 -2  1    9   6   0   0   0  23   0   0   3   4  10  12  16   0   0   0   5   0   0  10  0.22 inf
   92 S    0  2  1  3 -3  0 -1  2  0 -3 -3  1 -2 -3 -2  0  2 -3 -3 -2    6  14   7  19   0   2   0  17   2   0   0   6   0   0   0   5  17   0   0   3  0.27 inf
   93 Q   -1  0 -1 -1 -2  0  1  0 -2 -1  1  0  0  1 -1  1  1 -2 -1 -1    1   6   0   1   0   2  15   7   0   2  17   4   2   9   2  17  11   0   0   3  0.08 inf
   94 G    0 -2  2  0 -2 -1 -1  3  2 -2 -2 -1 -2  1  2 -1 -1 -1  2 -2    6   1  11   5   0   1   1  32   7   1   2   1   0   7  10   1   1   0  10   1  0.30 inf
   95 A    0 -1  1  1 -2  0 -1  4 -2 -3 -3  0 -2 -3 -2  0  1 -3 -3 -2    8   2   6   8   0   3   1  42   0   1   1   7   0   1   1   6  11   0   0   1  0.40 inf
   96 W   -5 -5 -6 -6 -4 -4 -5 -5 -4 -5 -4 -5 -4 -1 -5 -5 -5 12  0 -5    0   0   0   0   0   0   0   0   0   0   0   0   0   0   0   0   0  96   0   0  3.88 inf
   97 M   -1 -1 -3 -4 -3 -2  1 -4 -3 -1  0 -3  9 -2 -4 -1 -2 -3 -3 -1    3   4   0   0   0   0  11   0   0   0   3   0  73   0   0   3   0   0   0   0  1.30 inf
   98 L   -3 -4 -4 -4 -3 -4 -4 -5 -4  6  2 -4  0  1 -4 -4 -2 -3 -2  1    0   0   0   0   0   0   0   0   0  72  14   0   0   6   0   0   0   0   0   5  0.94 inf
   99 P   -3 -4 -4 -3 -5 -3 -3 -4 -4 -5 -5 -3 -4 -5  8 -1 -3 -5 -5 -4    0   0   0   0   0   0   0   0   0   0   0   0   0   0  93   4   0   0   0   0  2.53 inf
  100 P   -2  1 -1 -2 -3  0 -2 -3 -2 -1 -1  1  2 -3  5  0  0  2 -3 -1    0  10   2   0   0   5   0   0   0   2   4   8  10   0  37   5   8   3   0   5  0.60 inf
  101 E   -2 -2 -2  0 -5  0  7 -2  1 -2 -4 -1 -3 -4 -3 -1 -2 -4 -3 -4    0   0   0   0   0   0  84   3   4   3   0   0   0   0   0   3   0   0   0   0  1.26 inf
  102 S    4 -2 -2 -3 -2 -2 -1  1 -3 -2 -2 -2  3 -3 -2  1  1  1 -2  0   50   0   0   0   0   0   3   8   0   0   0   0  11   0   0   6  11   3   0   7  0.40 inf
  103 I   -2  0 -2 -1 -2  2 -1 -3 -1  2  1 -1  0  2 -3 -2 -2 -1  3  1    0   6   0   3   0  13   4   0   1  16  18   1   1   8   0   0   0   0  14  14  0.20 inf
  104 G   -1 -3  2  3  3 -2  0  4 -2 -4 -4 -1 -4 -4 -3  0 -2 -4 -4 -4    3   0   9  20   8   0   6  45   0   0   0   4   0   0   0   6   0   0   0   0  0.65 inf
  105 H   -2  1  0  0 -4  3  3 -2  6 -4 -4  0 -3 -4  0 -1 -2 -4 -2 -2    0   6   3   4   0  15  28   3  26   0   0   5   0   0   4   2   0   0   0   4  0.59 inf
  106 I   -1 -3 -3 -4 -3 -3 -3 -4  2  2  3 -3  0  0  3 -3 -2  1 -2  1    5   0   0   0   0   0   0   0   8  17  36   0   0   2  19   0   0   2   0  12  0.45 inf
  107 C    2 -4 -4 -4  9 -4 -4 -2  0  0 -2 -4 -2 -4 -4 -2  0 -4 -3  0   21   0   0   0  55   0   0   3   3   5   3   0   0   0   0   0   5   0   0   6  1.23 inf
  108 L   -3 -4 -5 -5 -3 -3 -4 -5 -4  2  5 -4  4 -1 -4 -4 -2 -3 -3  0    0   0   0   0   0   0   0   0   0  11  72   0  13   0   0   0   0   0   0   3  0.93 inf
  109 V   -1 -3 -4 -4 -2 -3 -4 -1 -4  1  4 -3  3 -1 -4 -3 -1 -3 -2  3    2   0   0   0   0   0   0   6   0   0  52   0   9   0   0   0   4   0   0  28  0.56 inf
  110 I    0 -4 -4 -4  3 -3 -4 -4 -4  3  1 -3  0 -2 -4 -2  0 -4 -3  4    5   0   0   0   8   0   0   0   0  23   9   0   0   0   0   1   5   0   0  48  0.58 inf
  111 W    0  1 -2 -3 -3  2 -2 -3  4 -3 -3  0  0 -1 -3 -1  1  8  0 -2   11  11   0   0   0  11   0   0  14   0   0   4   3   2   0   3  10  27   0   2  0.71 inf
  112 A    4 -3 -3 -3 -2 -2 -3  1 -3  1 -2 -2  0 -1 -3  0 -1 -4 -3  2   58   0   0   0   0   0   0   9   0   8   0   0   3   2   0   4   0   0   0  15  0.51 inf
  113 S   -1 -3  3  6 -4 -2  0 -2  1 -4 -5 -2 -4 -5 -3  2  0 -5 -4 -4    3   0  18  54   0   0   0   0   4   0   0   0   0   0   0  17   4   0   0   0  0.93 inf
  114 D   -1  0 -1  6 -5 -1  3 -3 -2 -4 -3 -2 -4 -5 -3 -2 -1 -5 -4 -4    5   4   0  65   0   0  20   0   0   0   3   0   0   0   0   0   3   0   0   0  1.09 inf
  115 Q    0  2  0  1 -3  2  2 -2  1 -2 -3  2 -2 -2 -1 -1  0 -3  1 -1   12  11   2  10   0   9  15   0   5   0   0  13   0   0   2   0   7   0   7   7  0.21 inf
  116 Q    0  3  0  1 -3  3  1 -2  2 -3 -3  1 -2 -3 -2  0  2 -3 -1 -3   11  22   1   7   0  19  10   0   6   0   0   5   0   0   0   2  15   0   1   0  0.37 inf
  117 C    3  0  0 -1  0 -1 -2  2  2 -3 -3 -1 -3 -4 -2  3 -1 -4 -3 -3   32   7   2   3   2   0   0  15   6   0   0   0   0   0   0  33   0   0   0   0  0.45 inf
  118 A   -1  5 -2 -3  0  1 -1 -1 -2 -1 -1  1  0 -3 -3 -1  1 -4 -3 -2    5  47   0   0   2   7   1   4   0   4   7   7   3   0   0   2  11   0   0   0  0.46 inf
  119 W   -4 -5 -5 -6  6 -4 -5 -5  0 -3 -1 -5  0  4 -5 -2 -4 10  0 -4    0   0   0   0  17   0   0   0   3   0   4   0   3  18   0   3   0  51   0   0  1.95 inf
  120 T    1  1 -1  0 -3  0 -1 -1  0 -3 -2 -1 -2 -2 -2  4  1  2  1 -3   11  11   0   5   0   5   0   2   2   0   2   0   0   0   0  46   6   3   8   0  0.39 inf
  121 A    3 -3 -3 -4 -2 -3 -3 -2 -3  2  1 -3  1  0 -3 -1 -1 -3 -2  3   42   0   0   0   0   0   0   0   0  10  13   0   3   4   0   2   0   0   0  25  0.39 inf
  122 G   -2 -4 -2 -1  0 -3 -4  7 -4 -5 -2 -3 -4 -4 -4 -2 -3  2 -4 -4    0   0   0   4   2   0   0  86   0   0   5   0   0   0   0   0   0   3   0   0  1.46 inf
  123 L   -2 -4 -5 -5 -2 -4 -4 -5 -4  2  4 -4  0  1 -4 -4 -2 -3 -2  3    0   0   0   0   0   0   0   0   0  10  63   0   0   6   0   0   0   0   0  21  0.75 inf
  124 V   -1 -3 -4 -4 -2 -3 -2 -4 -4  3  2 -3  4  2 -4 -3 -2 -3 -1  3    3   0   0   0   0   0   2   0   0  19  14   0  17  12   0   0   0   0   0  34  0.50 inf
  125 K   -3  6 -2 -3 -4 -1 -2 -4  2  0 -2  1 -1 -1 -4 -2 -1 -4 -2  1    0  63   0   0   0   0   0   0   5   7   1   3   2   3   0   0   2   0   0  13  0.82 inf
  126 V    3 -3 -3 -3  2 -2 -3 -1 -3  2 -1 -2  0 -1 -3 -1  1 -3 -2  2   36   0   0   0   5   0   0   4   0  16   1   0   2   1   0   0  13   0   0  20  0.33 inf
  127 I   -2  5 -1  0 -4  0 -1 -3  4 -2 -2  0 -2 -4 -3  1  2 -4 -2 -2    1  48   0   5   0   1   0   0  13   2   3   0   0   0   0   9  17   0   0   1  0.63 inf
  128 P   -1  2 -1  2 -4  1  2 -3 -2 -2 -2 -1 -3 -4  5 -1 -2 -4 -4 -3    2  16   1  13   0   6  14   0   0   2   3   0   0   0  39   3   0   0   0   0  0.78 inf
  129 Q    1 -2 -1  5 -4  0  4 -1 -1 -4 -4 -1 -3 -5 -3  0 -2 -5 -4 -4   15   0   0  35   0   2  40   3   1   0   0   2   0   0   0   3   0   0   0   0  0.78 inf
  130 F   -1  1  1 -3 -3 -2 -2 -1 -1  0  0  0  0  1 -3 -1  0  5  4  0    4   9   8   0   0   0   0   4   0   7   6   5   3   5   0   1   6  11  21  10  0.27 inf
  131 L   -1  0 -4 -5  0 -3 -4 -4 -4  1  5 -3  0 -1 -4 -3  0 -3 -3 -1    4   7   0   0   2   0   0   0   0   3  76   0   0   0   0   0   8   0   0   0  0.73 inf
  132 G   -1  3  2 -2 -3 -1 -2  1 -2 -3 -3 -1 -2 -4 -3  0  4 -4 -3 -1    4  20  14   0   0   0   0  13   0   0   0   0   0   0   0   4  44   0   0   3  0.53 inf
  133 T    3  1  0 -1 -2  1 -1  2 -2 -2 -3  0 -2 -3  0  0  0 -3 -3 -1   32   8   2   3   0   7   2  21   0   0   0   7   0   0   3   4   5   0   0   5  0.25 inf
  134 A   -1 -3 -2 -2 -3 -2 -2  4 -2 -3 -4  0 -3 -3  4 -1  0 -3  2 -2    2   0   0   0   0   0   0  46   0   0   0   6   0   0  24   3   6   0   9   2  0.75 inf
  135 N   -3  1  7 -1 -4  0 -2 -2 -1 -5 -5 -2 -4 -4 -3  0 -2 -5 -4 -4    0   7  82   0   0   3   0   0   0   0   0   0   0   0   0   4   0   0   0   0  1.46 inf
  136 R   -3  7 -2 -3 -5  2  0 -1 -2 -4 -4  2 -3 -4 -3 -2 -2 -4 -3 -4    0  70   0   0   0   8   4   4   0   0   0  11   0   0   0   0   0   0   0   0  1.14 inf
  137 D   -3 -3 -1  8 -5 -2  0 -3 -3 -5 -5 -2 -5 -5 -3 -1 -3 -5 -5 -5    0   0   0  92   0   0   0   0   0   0   0   0   0   0   0   3   0   0   0   0  1.79 inf
  138 L    2  2  1 -2 -3  0 -2  4 -2 -3 -2  0  0 -4 -3 -1 -2 -4 -3 -3   19  15   8   0   0   5   0  40   0   0   5   3   3   0   0   1   0   0   0   0  0.47 inf
  139 K   -3  2 -2 -3 -5 -1 -1 -3 -3 -4 -4  7 -3 -5  1 -2 -1 -5 -4 -4    0   6   0   0   0   0   0   0   0   0   0  84   0   0   6   0   4   0   0   0  1.27 inf
  140 R   -1  5 -1 -2 -4 -1  0 -1 -2 -3 -2  2 -2  0  0  1  0 -3 -2 -3    4  44   0   0   0   0   3   5   0   0   3  13   0   7   4  11   7   0   0   0  0.46 inf
  141 R    0  1 -1  0 -2  0 -1  1 -1 -2 -2  1 -2 -3  1  2  3 -4 -3 -1    2   8   0   5   0   3   0  13   1   0   3   7   0   0   6  22  25   0   0   4  0.26 inf
  142 L   -2 -1 -1 -4 -2 -3 -4 -5 -4  3  4 -3  0  0 -4 -3 -2 -3 -2  2    0   3   5   0   0   0   0   0   0  25  49   0   0   2   0   0   0   0   0  16  0.56 inf
  143 T    1  0  2 -2  2 -1 -2 -2 -2 -3 -1  0 -2 -3  0  3  3 -4 -3 -2    8   5  11   0   5   0   0   0   0   0   5   6   0   0   3  35  22   0   0   0  0.37 inf
  144 P    3  1 -2  1 -2 -1 -1 -1 -2 -2 -2  1 -2 -3  2  0  0 -4 -3 -1   42   9   0  10   0   0   0   3   0   0   2  12   0   0   8   3   6   0   0   3  0.32 inf
  145 E    1  1 -1  0 -3  1  2  0  0 -3 -2  1 -2 -2  1  1 -1 -2  1 -2   15   8   0   3   0   4  20   6   2   0   4   8   0   0   6  14   0   0   9   1  0.18 inf
  146 G    3 -2 -1 -2 -3  1 -2  4  4 -4 -4 -2 -3 -4 -3  0 -1 -4 -3 -3   33   0   2   0   0   8   0  37  12   0   0   0   0   0   0   6   2   0   0   0  0.61 inf
  147 R   -1  5  0 -3 -4  0 -2 -1  1 -1  0  1 -2  2 -3 -2 -1 -3  1 -2    4  45   3   0   0   2   0   4   4   3   9   5   0  14   0   0   3   0   3   0  0.42 inf
  148 A    1  0  1  1 -2  1  2  1  0 -3 -3  1  0 -3 -2  2  0 -3 -2 -2   15   5   6   6   0   6  16  10   1   0   0   7   4   0   0  18   4   0   0   2  0.22 inf
  149 Q    1  0  2  0 -2  2  0  0  3 -2 -2  0 -1 -3 -2  1  0 -3 -1 -1   20   5  16   2   0  11   3   8   9   0   4   3   1   0   0   7   4   0   1   5  0.17 inf
  150 V    1 -4 -4 -4 -2 -3 -4 -4 -4  5  0 -3 -1 -2 -4 -2  0 -4  0  4   14   0   0   0   0   0   0   0   0  50   0   0   0   0   0   0   4   0   3  29  0.66 inf
  151 V   -1  1 -2 -1 -2  0 -1 -2  1 -1  1 -1 -1  1  0  0  1  3  2  0    2  11   0   2   0   5   3   2   4   0  21   0   0   5   5   5  13   4  11   7  0.11 inf
  152 K   -5 -5 -6 -7 -5 -4 -5 -5 -5 -4 -2 -3  1 -2 -6 -5 -5 12  0 -2    0   0   0   0   0   0   0   0   0   0   4   2   4   0   0   0   0  87   0   3  3.43 inf
  153 L   -2 -3 -4 -4 -2 -3 -4 -4 -4  2  5 -3  2 -1  1 -3 -2  2 -2  0    2   0   0   0   0   0   0   0   0  11  67   0   5   0   8   0   0   4   0   0  0.67 inf
  154 W   -1 -3 -3 -3 -3 -2 -3 -3  2  0  1 -3  0  4 -3 -2 -2  8  2 -1    4   1   1   1   0   1   1   1   6   4  19   1   2  22   1   3   1  25   5   3  0.69 inf
  155 P   -1  3 -1 -1  0  1 -1  1  1 -2 -1  2 -1 -1  1  0 -1 -2  0 -1    1  27   1   2   3   5   1  11   4   1   4  13   0   2   7   5   3   0   5   5  0.19 inf
  156 D   -1  1  0  5 -4 -1  2  2  0 -4 -4  0 -3 -4 -2 -1 -2 -4 -3 -4    3   8   0  44   0   0  16  19   3   0   1   4   0   0   0   0   0   0   0   0  0.64 inf
  157 H   -1  0  2  1 -2  1  1 -1  3 -1 -1  0  0 -1 -1  0 -1  2  0 -1    3   3  11   8   1   9   8   2  14   2   5   7   3   3   2   7   2   4   1   6  0.14 inf
  158 G    4 -1 -1 -2 -2  0 -1  1 -2 -2 -2 -1 -2 -3  0  0  2 -3 -2  0   45   3   1   1   0   6   2  12   0   1   1   1   0   1   3   3  15   0   1   5  0.31 inf
  159 K   -1  1 -2  1 -3  0 -1 -2 -3 -3 -2  0 -3 -4  6 -2 -2 -4 -3 -1    3   8   0   9   0   4   3   2   0   0   4   4   0   0  54   1   1   0   0   6  1.02 inf
  160 L   -3 -4 -5 -5 -3 -3 -4 -5 -3  0  5 -4  4  1 -4 -4 -3  3  3 -1    0   0   0   0   0   0   0   0   0   0  70   0  11   4   0   0   0   3  12   0  0.87 inf
  161 Q   -2  1 -3  0 -4  3 -2 -4 -3 -4 -4 -1 -3 -5  7 -2 -1 -5 -4 -2    2   9   0   4   0  15   0   0   0   0   0   1   0   0  64   0   2   0   0   2  1.51 inf
  162 E    0  0 -2  0 -4 -1  4 -3 -2 -3 -2  0 -3 -4  5 -1  0 -4 -3 -2    8   4   0   3   0   0  34   0   0   0   3   6   0   0  33   0   5   0   0   3  0.74 inf
  163 N   -3 -2  8 -1 -5 -2  1 -3 -1 -5 -5 -2 -4 -5 -4  0 -2 -6 -4 -5    0   0  88   0   0   0   9   0   0   0   0   0   0   0   0   3   0   0   0   0  1.70 inf
  164 L   -1  0 -3 -3 -2 -2 -3 -4 -2  1  2 -2  1  3  1 -2  1 -2  1  2    3   9   0   0   0   0   0   0   0   5  21   0   3  17   8   0  12   0   4  18  0.23 inf
  165 L   -3 -4 -5 -5 -3 -4 -4 -5 -4  0  5 -4  1  2 -5 -4 -3  6 -1  0    0   0   0   0   0   0   0   0   0   0  70   0   2   8   0   0   0  15   0   5  1.01 inf
  166 L    0  2 -3 -3 -3 -2  0 -4 -1 -1  4 -1  0 -2 -3 -1 -2 -3 -2 -1    7  16   0   0   0   0   9   0   2   0  58   3   0   0   0   6   0   0   0   0  0.41 inf
  167 H   -1  2  1 -1  0  2 -1  1  6 -2 -1  0 -2 -3 -3 -1  1 -3 -1 -2    3  13   5   2   2  12   0  11  27   2   6   2   0   0   0   0  13   0   0   2  0.34 inf
  168 I   -1 -3 -4 -5 -3 -2 -4 -5 -4  2  5 -3  4 -1 -4 -3 -2 -3 -2  1    4   0   0   0   0   2   0   0   0   7  69   0  14   0   0   0   0   0   0   5  0.80 inf
  169 P   -1 -2  0  4 -3 -1  0 -2  0 -3 -4 -2 -3 -4  5  3  0 -4 -3 -3    1   0   1  26   0   0   2   1   2   0   1   0   0   0  31  30   3   0   0   0  0.78 inf
  170 G    1  0 -1  1 -2  0  2 -1 -1 -2 -2 -1  0 -3  3  0 -1 -3 -2  0   19   6   0  10   0   1  19   2   2   0   2   0   4   0  18   5   2   0   0   7  0.28 inf
  171 D    1  1  0  2 -2  0  2  0  1 -2 -2 -1 -2 -3  2  0 -1 -3 -2  0   20   8   2  12   0   3  19   5   4   0   1   0   0   0  11   6   0   0   0   8  0.23 inf
  172 V    1  0 -1  4 -3  0 -1 -2 -2 -2 -2 -2 -1 -3 -3 -1  2 -4 -3  1   15   4   0  38   0   5   0   0   0   0   2   0   2   0   0   0  20   0   0  14  0.43 inf
  173 R   -1  5 -2 -3 -1 -1 -2 -3 -2  0  0  1  2 -2 -3 -1  0 -3 -2  1    2  45   0   0   1   0   0   1   0   6   5   6   8   0   0   3   4   0   0  17  0.42 inf
  174 D    1  0  0  2 -2  1  2 -1  0 -2 -2  1 -1 -3 -2  0  0 -3 -2 -1   20   5   3  15   0   5  21   2   2   0   4   9   2   0   0   5   3   0   0   3  0.22 inf
  175 Q    2  3 -1 -1 -2  0  1 -2  0 -2 -2  1 -1 -3 -2 -1 -1 -3 -1  0   31  25   0   3   0   3  11   1   2   0   1   7   2   0   0   1   2   0   2   7  0.27 inf
  176 I   -2 -4 -4 -4 -2 -3 -4 -4 -4  6  1 -3  0  2 -3 -3 -2 -3 -2  3    1   0   0   0   0   0   0   1   0  64   5   0   0   8   0   1   0   0   0  17  0.76 inf
  177 F   -2 -1 -3 -4 -2 -2 -3 -3 -2  0  3 -3  4  5 -3 -3 -2 -1  0 -1    1   4   1   1   0   1   1   1   0   4  27   1  19  37   1   1   1   0   0   1  0.59 inf
  178 S    3 -2  0 -1  2 -1  0  1 -2 -1 -2 -1 -2 -2 -1  2  1 -3 -2 -1   39   1   4   3   5   1   5   7   0   3   1   1   0   2   1  19   6   0   1   1  0.26 inf
  179 A    1  0  0 -1 -2  1 -1  1  2 -2 -1  0 -1 -2  4  0 -1 -2  0 -2   17   4   4   3   0   8   1   9   8   1   5   4   2   1  26   3   1   0   3   1  0.34 inf
  180 K    1  3 -1 -1 -3  1  0  1 -1 -3 -3  2 -2 -3 -1  1 -1 -3 -2 -2   13  26   1   2   0   7   6  11   0   1   1  16   0   0   1  11   2   0   0   1  0.30 inf
  181 S    1 -1 -1  0 -2 -1  0 -1 -2 -2 -1 -1 -1 -2  2  3  1 -2 -2 -2   12   1   1   5   0   1   6   2   0   1   6   1   0   1   9  41  10   0   1   1  0.30 inf
  182 S    1  0  0  0 -1  0  0  0 -1  0  0  0  0 -1  0  1  1 -1 -1  0   13   7   6   3   1   2   4   6   1   6  10   3   1   2   3  12   8   1   2   7  0.03 inf
  183 R    1  1  0  0 -1  0  1  0  0 -1 -1  0  0 -1  0  0  0 -1 -1  0   12  14   6   4   1   3   9   5   1   3   6   4   2   3   4   7   6   1   2   8  0.04 inf
  184 G    0  1  0  0 -1  1  0  2 -1 -1  0  0 -1 -1  0  0  0 -1 -1 -1    8   9   3   7   1   7   4  24   1   3  10   3   1   2   3   4   3   1   2   4  0.09 inf
  185 N    0  1  1  0  0  0  0  0  0  0  0  0  0 -1  0  1  0 -1 -1  0    8  10   8   3   3   3   4   5   1   8   7   5   1   2   3  16   4   1   2   4  0.04 inf
  186 Q    0  0  0  1 -1  0  0  0 -1 -1 -1  0 -1 -1  1  0  0 -1 -1  0   11   5   6   9   1   5   4   6   1   3   7   8   1   2   8   8   3   1   2   8  0.06 inf
  187 H    1 -1  0 -1 -1  0  0  1  1  0 -1  0 -1 -1  0  1  0 -1 -1 -1   11   3   2   3   1   2   3  14   7   7   5   5   1   2   4  16   6   1   2   3  0.07 inf
  188 G   -1 -3 -2 -2 -3 -1 -3  6 -3 -4 -4 -2  1 -4 -3 -2 -3 -3 -4 -4    1   1   0   1   0   3   1  83   0   1   1   1   5   0   1   1   1   0   0   1  1.30 inf
  189 Q    1  1  2 -1 -3  5  0 -2 -1 -3 -3  1 -2 -4 -2  0  2 -3 -2 -2   10   5  10   0   0  41   3   1   0   0   1   7   0   0   0   5  15   0   0   0  0.50 inf
  190 A    2  2 -1 -1 -3  4  1 -2 -1 -3 -3  2 -2 -3 -2  0  1 -3 -2 -2   26  11   0   3   0  27   7   1   0   0   1  13   0   0   0   2   8   0   0   0  0.38 inf
  191 R   -1  7 -2 -3 -4 -1 -2 -4 -2 -4 -3  2  0 -4 -3 -2 -3 -4 -3 -4    5  81   0   0   0   0   0   0   0   0   0   8   3   0   0   0   0   0   0   0  1.34 inf
  192 V    0 -3 -3 -4 -2 -3 -3 -4 -4  2  2 -3  3 -2 -3 -2  1 -3 -2  4    5   0   0   0   0   0   0   0   0   9  17   0   8   0   0   0   9   0   0  49  0.48 inf
  193 N    2  0  4  0 -1 -1 -1 -2  0 -1 -3  0 -2 -3 -2  0  1 -4 -3 -1   29   6  35   4   1   0   0   0   1   4   0   3   0   0   0   3   8   0   0   3  0.37 inf
  194 E    1  1  0 -1 -4  3  4 -3  0 -3 -3  0  1 -4 -2 -1  0 -4 -3 -3   15   8   4   0   0  14  46   0   1   0   0   0   6   0   0   2   5   0   0   0  0.55 inf
  195 L   -3 -4 -5 -5 -3 -4 -5 -5 -4  0  5 -4  0  3 -5 -4 -3 -3 -2 -1    0   0   0   0   0   0   0   0   0   0  87   0   0  13   0   0   0   0   0   0  1.09 inf
  196 F   -4 -5 -5 -5  2 -5 -5 -5 -3 -2 -1 -5  2  8 -5 -4 -4 -1  1 -3    0   0   0   0   4   0   0   0   0   0   2   0   6  87   0   0   0   0   0   0  1.75 inf
  197 R   -3  7 -2 -3 -5 -1  0 -1 -2 -4  0  0 -2 -4 -4 -3 -3 -4 -3 -4    0  79   0   0   0   0   5   4   0   0  12   0   0   0   0   0   0   0   0   0  1.21 inf
  198 R   -1  4 -1 -1 -4  1  3 -3  0 -2  0  1 -1 -2 -3 -1 -1 -3  0 -1    4  34   2   2   0   5  23   0   1   1  15   4   0   0   0   0   2   0   4   3  0.35 inf
  199 V    3 -3  0 -3 -2 -2 -3 -2 -3  1  1 -2  0 -2 -3 -1 -1 -3 -1  3   32   0   8   0   0   0   0   0   0   4  11   0   2   0   0   3   1   0   2  38  0.33 inf
  200 H    0  1 -1  0 -4  5  1 -3  2 -3 -2 -1  0 -4  2 -1  1 -4 -2 -2    6   8   0   4   0  40   7   0   7   0   2   0   3   0  12   0  10   0   0   2  0.51 inf
  201 G   -1  2  2  1 -4  1  2  4 -1 -4 -4  0 -3 -4 -3 -1 -2 -3 -1 -4    2  15  12   7   0   6  15  36   0   0   0   3   0   0   0   0   0   0   3   0  0.49 inf
  202 R   -2  5 -2 -2  0  3  0 -3  1 -2 -2  2  0 -3 -3 -1  1 -4 -3 -2    0  47   0   0   2  15   4   0   3   3   3   7   4   0   0   2   9   0   0   2  0.57 inf
  203 L   -1  2 -3 -3 -3 -1 -2 -4 -3  1  1 -1  1 -2  4 -2 -1 -4 -3  2    2  17   0   0   0   3   0   0   0   9  13   2   3   0  26   0   2   0   0  22  0.45 inf
  204 I   -2 -4 -4 -5 -2 -4 -4 -5 -5  5  0 -4  0 -2 -4 -3  0 -4 -3  4    0   0   0   0   0   0   0   0   0  54   2   0   0   0   0   0   4   0   0  40  0.91 inf
  205 G   -1  0  2  1 -3 -1 -1  1  4 -4 -4 -1 -3 -4  5  2  0 -4 -2 -3    2   4  10   6   0   0   2   9  13   0   0   0   0   0  32  18   3   0   0   0  0.64 inf
  206 R   -3  7 -2 -1 -5 -1  0 -4 -2 -4 -4  0 -3 -5 -4 -3 -3 -5 -4 -2    0  87   0   3   0   0   6   0   0   0   0   0   0   0   0   0   0   0   0   4  1.50 inf
  207 A    1 -1  1  1 -2  1  0  1  0 -2 -3  0 -2 -3 -1  1  3 -3  0 -1   14   0   9   8   0   7   4   9   2   0   0   2   0   0   2  14  24   0   4   2  0.23 inf
  208 V    2 -3 -3 -2 -2 -1 -2 -3 -3  2 -1 -2 -1 -2 -3  0  2 -4 -2  4   19   0   0   2   0   4   2   0   0  11   0   0   0   0   0   3  14   0   0  46  0.39 inf
  209 I   -1 -3 -4 -4 -2 -3 -4 -4 -4  3  2 -3  1 -1 -3 -3  0 -3 -2  4    0   0   0   0   0   0   0   0   0  25  21   0   2   0   0   0   3   0   0  49  0.57 inf
  210 A    2  3 -2 -2 -2  0  2 -2 -2 -2  0  0  0 -3 -2  0  0 -3 -2 -1   29  26   0   0   0   3  17   0   0   0  14   0   3   0   0   2   6   0   0   0  0.26 inf
  211 T    2 -2 -2 -2  1 -1 -2 -2 -3  0 -2 -2 -2 -3  2  0  5 -4 -3 -1   27   0   0   0   2   3   0   0   0   6   0   0   0   0  11   0  51   0   0   0  0.53 inf
  212 V    0 -3 -4 -4 -2 -3 -3 -4 -4  1  2 -3  0 -1 -3 -2  0 -3 -2  5    8   0   0   0   0   0   0   0   0   0  27   0   0   0   0   0   3   0   0  62  0.56 inf
  213 A    4 -2 -2 -3 -2 -2 -2  1 -3 -1 -1 -2 -1  0 -2  0  1 -3 -2  0   58   0   0   0   0   0   0  11   0   0   6   0   0   5   0   3   8   0   0   8  0.38 inf
  214 Q    0  4  1  0 -4  5  0 -3  0 -3 -3  1  2 -4 -3 -1 -2 -3 -2 -3    7  28   5   5   0  41   1   0   2   0   0   2   8   0   0   0   0   0   0   0  0.58 inf
  215 Q   -2  2 -1 -2 -4  7  0  1 -1 -4 -4  0 -2 -5 -3 -2 -2 -4 -3 -4    0  11   0   0   0  77   0  12   0   0   0   0   0   0   0   0   0   0   0   0  1.14 inf
  216 D    0  2  0  1 -3  1  0 -2  1 -2  0  2 -1 -2 -2 -1 -1 -3  0 -1   10  13   1  12   0   7   3   0   5   0  16  23   0   0   0   2   0   0   4   2  0.16 inf
  217 D   -3 -3  2  7 -5 -2  0 -3 -2 -5 -5 -2 -5 -5 -3 -2 -2 -6 -5 -5    0   0   8  92   0   0   0   0   0   0   0   0   0   0   0   0   0   0   0   0  1.61 inf
  218 F    0 -2  0 -1 -3 -2 -2  0  3 -3 -2 -2 -2  3  4  0 -2 -1  4 -2    6   0   4   2   0   0   0   6   9   0   0   0   0  13  23  11   0   0  25   0  0.51 inf
  219 M    0 -2 -2 -3 -2  1 -2 -3  2  1  1  0  6 -2  1 -2 -2 -3 -2 -1    9   0   0   0   0   7   0   0   8   8   7   8  46   0   8   0   0   0   0   0  0.39 inf
  220 K    1  5 -1 -2 -3  0 -1 -2 -1 -3 -3  4 -2 -4 -2 -1 -2 -4 -3 -3   17  41   0   0   0   0   0   0   0   0   0  42   0   0   0   0   0   0   0   0  0.69 inf
  221 R   -3  8 -2 -4 -5 -1 -2 -4 -2 -4 -4  0 -3 -5 -4 -3 -1 -5 -4 -2    0  94   0   0   0   0   0   0   0   0   0   0   0   0   0   0   3   0   0   3  1.67 inf
  222 V    1 -4 -4 -4  0 -3 -4 -4 -4  3  1 -3  0 -2 -3 -2 -1 -4 -3  5   13   0   0   0   2   0   0   0   0  23   5   0   0   0   0   0   0   0   0  57  0.65 inf
  223 R   -3  8 -2 -4 -5 -1 -2 -4 -2 -5 -4  0 -3 -5 -4 -3 -3 -5 -4 -5    0 100   0   0   0   0   0   0   0   0   0   0   0   0   0   0   0   0   0   0  1.92 inf
  224 G    1  0 -1  0 -2  1  0  2 -1 -2 -2  0 -1 -1 -1  1 -1 -1  2 -1   16   6   1   6   1   7   3  17   1   1   3   5   1   1   2  14   2   0  11   2  0.14 inf
  225 S   -1  0  5  3 -2  0  0 -1 -1 -2 -2  0 -2 -2 -1  0 -1 -2 -2 -2    3   4  42  21   1   1   2   2   1   2   3   4   1   1   2   5   2   0   1   2  0.48 inf
  226 G    0 -1  1 -1 -2 -1 -1  5 -2 -2 -2  0 -2 -2 -1 -1 -1 -2 -2 -2    8   2   6   2   1   1   2  55   1   2   3   7   1   1   2   2   2   0   1   2  0.53 inf
  227 G   -1  0 -1  2 -4 -1  2  5 -2 -4 -4 -1 -3 -4 -3  0 -2 -4 -4 -4    0   5   0  12   0   0  19  55   0   0   0   0   0   0   0   6   0   0   0   0  0.77 inf
  228 A    5  0 -2 -3 -2 -2 -2 -1 -3 -3 -3 -2 -2 -4 -2  2  2 -4 -3 -2   66   6   0   0   0   0   0   0   0   0   0   0   0   0   0  13  15   0   0   0  0.70 inf
  229 R    0  7 -2 -3 -5 -1 -2 -4 -2 -4 -4  1 -3 -4 -1 -2 -3 -4 -3 -2    8  82   0   0   0   0   0   0   0   0   0   6   0   0   2   0   0   0   0   3  1.29 inf
  230 S    1 -1  0  3 -2 -1  0 -2  0 -1 -2 -1 -2 -3  0  2  2 -4 -3  0   12   2   1  27   0   0   3   0   3   2   2   2   0   0   4  19  16   0   0   6  0.29 inf
  231 I    1 -1 -2  0 -2 -2 -2 -2 -3  2  1  0  0 -2  1  0  0 -3 -2  1   21   3   0   6   0   0   0   0   0  19  11   5   0   0   8   6   7   0   0  15  0.14 inf
  232 L   -3 -4 -5 -5 -3 -4 -4 -5 -4  0  6 -4  2 -1 -5 -4 -3 -3 -3 -1    0   0   0   0   0   0   0   0   0   0  96   0   4   0   0   0   0   0   0   0  1.20 inf
  233 R    2  5 -2 -2 -3  2  0 -1 -1 -3 -3  1  0 -3 -2  0 -1 -3 -3 -2   27  40   0   0   0  11   5   3   0   0   1   6   3   0   0   2   0   0   0   0  0.50 inf
  234 P    0  2 -1  1 -3  0  0 -1 -1 -2 -3  1 -2 -3  5  0 -1 -4 -3 -1   10  16   0   7   0   2   6   3   2   0   1   6   0   0  32   5   2   0   0   6  0.52 inf
  235 E   -2 -1 -2  1 -5  1  6 -4  0 -4 -3  0 -3 -4  1 -1 -2 -4 -1 -4    0   2   0   4   0   2  75   0   1   0   2   4   0   0   6   2   0   0   2   0  1.01 inf
  236 G   -2 -1 -2 -3 -4 -1 -3  7 -3 -5 -5 -3 -4 -4 -4 -2 -3 -4  1 -5    0   4   0   0   0   2   0  88   0   0   0   0   0   0   0   0   0   0   6   0  1.48 inf
  237 I   -2 -4 -4 -5 -3 -4 -4 -5 -3  6  1 -4  0  0 -4 -3 -1 -3  2  2    0   0   0   0   0   0   0   0   0  67   7   0   0   3   0   0   2   0   9  11  0.80 inf
  238 I    1 -3 -3 -4 -2  0 -3 -3 -3  3  3 -3  0 -1 -3 -2  0 -3 -2  3   13   0   0   0   0   6   0   0   0  18  35   0   0   0   0   0   6   0   0  23  0.35 inf
  239 I   -2 -4 -4 -5 -2 -4 -4 -5 -4  5  3 -4  0 -1 -4 -3 -2 -4 -2  3    0   0   0   0   0   0   0   0   0  45  27   0   0   0   0   0   0   0   0  29  0.74 inf
  240 L   -1 -3 -4 -5 -2 -3 -4 -5 -4  1  5 -4  3  1 -4 -3 -2 -3 -2  1    3   0   0   0   0   0   0   0   0   2  71   0   9   6   0   0   0   0   0   9  0.74 inf
  241 G   -1 -1 -1 -2 -3 -2  0  6 -3 -4 -4 -2 -3 -4 -3  2 -1  0 -4 -4    0   3   0   0   0   0   6  65   0   0   0   0   0   0   0  19   3   2   0   0  0.92 inf
  242 H    0 -2 -1  2 -3  0 -1  4  5 -4 -4  1 -3 -3 -3 -1  0 -3  0 -3    8   0   0  15   0   3   0  36  20   0   0  10   0   0   0   0   5   0   3   0  0.53 inf
  243 Q    0  1  1 -1 -4  3 -1 -3  1 -3 -2 -1 -2  0 -1 -1 -2  5  5 -3    7   9   9   3   0  20   0   0   2   0   2   0   0   0   3   3   0  11  32   0  0.57 inf
  244 D    0  0  0  1 -2  0  1 -1  1 -2 -1 -1  1  0 -1  0  1 -1  2 -1    5   7   3  12   0   3  10   4   5   0   4   0   7   3   2   8  10   0  13   3  0.10 inf
  245 N    0  1  1  1 -2  0  1 -2 -1 -2 -2  1 -2 -1  0  2  0  2 -1 -2    9  11   7  10   0   0   8   0   0   3   0  12   0   2   5  21   5   3   2   0  0.19 inf
  246 D    0 -2 -1  3 -4  1 -1  1  7 -4 -4 -2 -3 -3 -3  0 -2 -4  0 -4    8   0   0  23   0   7   0   9  43   0   0   0   0   0   0   6   0   0   2   0  0.79 inf
  247 P    0  5 -2 -2  0  1  0 -1 -2 -4 -3  1 -1 -4  4  0 -1 -4 -3 -3    6  41   0   0   2   8   3   3   0   0   0   3   1   0  25   5   1   0   0   0  0.69 inf
  248 K    2  2  0  1 -2  3  1 -2  1 -2 -2  1 -2 -3 -2  0 -1 -3 -2 -1   30  11   4   8   0  16  11   0   5   0   2   7   0   0   0   2   0   0   0   3  0.26 inf
  249 V    0 -3 -4 -4 -2 -3 -1 -4 -4  3  3 -3  1 -1 -3 -2 -1 -3 -2  3    9   0   0   0   0   0   6   0   0  21  36   0   2   0   0   0   0   0   0  27  0.42 inf
  250 A    5 -3 -3 -3  1 -2 -2 -2 -3  2 -1 -2  0  0 -2 -1 -1 -3 -2 -1   71   0   0   0   2   0   0   0   0  13   3   0   3   6   0   0   0   0   0   0  0.62 inf
  251 N    1  2 -1  0 -3  1  2  0  1 -1 -2  1 -1 -3 -2  0  0 -3 -2 -1   15  12   1   5   0   5  17   6   5   6   3  13   0   0   0   1   8   0   0   3  0.16 inf
  252 D    4  0  0  1 -2  1  0 -2  2 -2 -3  0 -2 -3 -2  0 -1  1 -2  0   48   6   3  11   0  10   4   0   6   0   0   5   0   0   0   0   0   2   0   6  0.33 inf
  253 L   -3 -4 -5 -5 -3 -4 -4 -5  2  0  6 -4  1 -1 -4 -4 -3 -3 -2 -1    0   0   0   0   0   0   0   0   6   0  94   0   0   0   0   0   0   0   0   0  1.13 inf
  254 G   -1  1  0  1 -4 -2 -1  6  0 -5 -5 -1 -4 -5 -3 -1 -3 -4 -4 -4    2  10   3   8   0   1   2  69   3   0   0   1   0   0   0   1   0   0   0   0  1.04 inf
  255 L   -2 -3 -4 -4  0 -3 -4  0 -3  1  4 -3  0  3 -4 -2 -2 -2  1  0    1   0   0   0   2   0   0   8   0   5  58   0   0  12   0   3   1   0   6   4  0.49 inf
  256 P    1  0 -3 -3 -4  0 -2 -2 -3 -3 -4 -2 -3 -4  7  0 -1 -5 -4  0   13   6   0   0   0   6   0   2   0   0   0   0   0   0  56   6   4   0   0   8  1.15 inf
  257 V    0  0 -2 -1 -2 -2  0 -3  1  2  1 -1  0  0  0 -1 -1 -3 -2  3   10   5   0   4   0   0   6   0   4   9  11   2   0   3   6   2   2   0   0  36  0.16 inf
  258 P   -2 -3 -3 -3  5 -3 -3 -2 -3 -3 -2 -3 -3  0  7 -2 -2 -4 -3 -1    1   0   0   0  15   0   1   4   0   0   3   0   0   6  60   1   0   0   0   6  1.40 inf
  259 R    1  1  0  2 -3  1  1  1  1 -2 -3  0 -1 -1 -1  1  0 -3 -2 -2   11   8   4  19   0   7   7  11   5   1   0   1   2   3   2  12   5   0   0   2  0.19 inf
  260 K    1  2  1  1 -3  1  1  0 -1 -3 -2  2 -2 -4  2  0 -1 -4 -3 -3   15  17   6   7   0   4  12   5   0   0   2  16   0   0   8   6   3   0   0   0  0.28 inf
  261 G   -1 -3 -1  4 -4 -2 -1  5 -3 -5 -5 -1 -4 -4 -3  1 -2 -4 -4 -4    0   0   0  27   0   0   3  57   0   0   0   2   0   0   0   9   0   0   0   0  0.94 inf
  262 Q    0 -1 -1  2 -4  1  5 -3 -2 -4 -4 -1  1 -4 -3  0 -2 -4 -3 -3    7   2   0  13   0   5  60   0   0   0   0   0   6   0   0   7   0   0   0   0  0.80 inf
  263 V   -3 -4 -4 -5 -4 -4 -4 -4 -3 -2  1 -4 -1  7 -5 -1 -2  6  3 -2    0   0   0   0   0   0   0   0   0   0  11   0   0  56   0   7   1  14  10   2  1.14 inf
  264 V   -2 -4 -4 -5 -2 -3 -4 -5 -4  4  2 -4  3 -1 -4 -3 -2 -4 -2  4    0   0   0   0   0   0   0   0   0  30  17   0   9   0   0   0   0   0   0  44  0.72 inf
  265 A    3 -3 -1 -2 -2 -2 -2 -2 -3 -4 -4 -2 -3 -4  2  5 -1 -4 -3 -3   22   0   0   0   0   0   0   0   0   0   0   0   0   0   8  70   0   0   0   0  0.92 inf
  266 A    1 -1 -3 -4  3 -3 -3 -3  1  2  0 -3  1  0 -3 -2  0 -3  0  4   15   3   0   0   7   0   0   0   4   7   2   0   3   4   0   0   5   0   2  48  0.36 inf
  267 R   -3  7 -2 -3 -5  2 -1 -4 -2 -4 -4  1 -3 -4 -3 -1 -1 -4 -1 -4    0  81   0   0   0   8   0   0   0   0   0   4   0   0   0   3   2   0   2   0  1.27 inf
  268 V   -2 -3 -4 -4  1 -3 -3 -4 -4  2  3 -3  0 -1  3 -3 -2 -3 -2  3    0   0   0   0   3   0   0   0   0  12  35   0   0   0  14   0   0   0   0  35  0.51 inf
  269 V    2  0 -2 -1 -2 -2 -2 -1 -2  0 -1  0 -1 -1 -2 -1  2 -3  0  2   23   7   0   4   0   0   0   2   0   2   3   5   0   2   0   0  17   0   4  30  0.16 inf
  270 P    0  3  0 -1 -3  0  1 -1 -2 -3 -2  1 -2 -4  5  1 -1 -4 -3 -3   10  20   3   2   0   2  10   4   0   0   4   7   0   0  29  10   0   0   0   0  0.51 inf
  271 A    4  1 -2  0  0 -2 -2 -2  0  0 -1 -1 -1 -2 -2  0  0  2 -2  1   49   9   0   5   2   0   0   0   4   3   4   0   0   0   0   3   3   4   0  14  0.27 inf
  272 D    0  3 -1  3 -3  1  3 -1 -1 -3 -3  1 -2 -4  0  1 -1 -4 -3 -3    6  21   0  18   0   5  25   2   0   0   0   5   0   0   4  11   2   0   0   0  0.39 inf
  273 E    0  0  0  1 -3 -1  2 -2 -2 -3 -3  0 -3 -3  5  1 -1 -4 -1 -3    5   4   5   6   0   0  19   0   0   0   0   6   0   0  37  14   0   0   2   0  0.69 inf
  274 G    1 -1 -1  1  0 -1 -1  3  5 -3 -3 -1 -2 -1 -2  0 -1  1 -1 -3   12   2   0  10   2   0   3  29  23   0   1   0   0   3   0   7   3   2   0   0  0.37 inf
  275 D    0  1 -1  3 -3 -1  0 -1  5 -3 -2  0 -2 -1  1 -1 -1 -3  0 -2    7  10   0  26   0   0   2   3  23   0   5   3   0   3   7   2   2   0   2   3  0.33 inf
  276 Q    0 -2 -1  3 -3  1  1  2  0 -1 -1 -1  0 -3 -2  0  0 -3 -2 -2    9   0   0  23   0   7   9  22   2   4   7   0   3   0   0   6   7   0   0   0  0.23 inf
  277 R    1  4  0 -1 -3  0  1  2 -1 -3 -3  1 -2 -3 -2 -1 -1 -3 -3 -1   16  37   3   0   0   0  13  18   0   0   1   4   0   0   0   0   0   0   0   5  0.38 inf
  278 Q   -2  1 -1 -2 -4  1 -2 -1 -3 -4 -4 -1 -3 -4  7 -1  1 -4 -4 -3    0   7   3   0   0   9   0   3   0   0   0   2   0   0  61   3  10   0   0   0  1.27 inf
  279 T    0  2 -1 -2 -2  1 -1 -1  0 -1 -1  1  1  0 -2  1  1  0 -1  0    9  12   0   0   0   7   0   4   2   0   1  12   5   5   0  16  13   2   2   9  0.11 inf
  280 A    3 -3 -2 -3 -2 -2 -2 -2 -3  1 -1 -2 -1  1 -2 -1  2 -3 -2  3   37   0   0   0   0   0   0   0   0   9   0   0   0   7   0   0  18   0   0  27  0.33 inf
  281 E   -1 -1 -2 -1 -3  0  4 -1 -1 -2 -1 -1 -2  2 -2  1 -1 -2  2  0    4   3   0   0   0   0  42   4   0   0   4   0   0  12   0  11   2   0   9   8  0.29 inf
  282 I    0 -3 -3 -3 -2  0 -2 -4  2  4  2 -3  1 -1 -3 -2 -2 -3 -2  1    7   0   0   0   0   6   2   0   7  46  24   0   2   0   0   0   0   0   0   6  0.41 inf
  283 Q    0 -2  0  5 -4  0  2  2 -2 -4 -4  0 -3 -4 -2  0 -1 -4 -1 -3   10   0   2  41   0   2  14  19   0   0   0   3   0   0   0   4   3   0   2   0  0.54 inf
  284 G    0 -4 -2  1 -4 -3 -1  6 -3 -5 -5 -3 -4 -5 -3 -1 -3 -4 -4 -4    7   0   0   8   0   0   3  82   0   0   0   0   0   0   0   0   0   0   0   0  1.29 inf
  285 R    0  2 -1  1 -3  2  1  2 -1 -2 -2  0 -2 -3 -2  1  0 -3 -2  0    8  12   0   7   0  12  13  17   0   0   0   3   0   0   0  13   2   0   0  13  0.20 inf
  286 R    1  1 -1 -2 -2 -1  0 -2  3 -2  1 -1 -1  1 -3 -1 -1  6  2 -2   19   8   3   0   0   2   5   0   9   0  15   2   0   8   0   3   4  14   7   0  0.27 inf
  287 W   -5 -5 -6 -7 -5 -4 -5 -5 -4 -5 -4 -5 -4  1 -6 -5 -5 12  2 -5    0   0   0   0   0   0   0   0   0   0   0   0   0   4   0   0   0  93   3   0  3.62 inf
  288 A    1  4 -2 -3 -3 -1 -2 -3 -2  0 -2 -1 -1 -3 -3 -1 -1 -4 -3  3   16  38   0   0   0   0   0   0   0   0   0   0   0   0   0   4   2   0   0  40  0.48 inf
  289 V    0  3 -3 -3  0 -2 -2 -3 -3  2  1  0  0 -2 -3 -1 -1 -3 -2  3    9  22   0   0   2   0   0   0   0  14  10   3   0   0   0   2   0   0   0  37  0.29 inf
  290 A    5 -3 -3 -3 -2 -2 -2 -1 -3 -1 -2 -2 -2 -3 -2  0 -1  3 -3  0   82   0   0   0   0   0   0   2   0   3   0   0   0   0   0   2   0   4   0   6  0.81 inf
  291 V    0  3 -1  0  1  1  1  1 -2 -2 -2  1 -2 -3 -2  0  2 -3 -2 -1    8  21   0   4   4   6  12  10   0   0   3   7   0   0   0   3  21   0   0   2  0.21 inf
  292 P    0 -1 -1  2 -3  0  0  0  0 -3 -3  0 -3 -4  5  1 -1 -4 -3 -2    9   3   0  18   0   4   4   6   3   0   0   3   0   0  34  12   0   0   0   3  0.61 inf
  293 G    0 -3  0  4 -4 -1  1  4 -2 -4 -4 -2 -3 -4 -3  0  0 -4 -4 -4    5   0   2  30   0   0  10  44   0   0   0   0   0   0   0   3   6   0   0   0  0.69 inf
  294 D   -3 -2  0  6 -5 -1  4 -3  1 -5 -5 -1 -4 -5 -3 -2 -2 -5 -4 -4    0   0   0  61   0   0  35   0   3   0   0   0   0   0   0   0   0   0   0   0  1.23 inf
  295 P   -1 -3  0 -1 -4  1 -1 -3  0 -3 -3 -2 -3 -4  7  1 -2 -4 -3 -2    2   0   4   3   0   8   3   0   2   0   2   0   0   0  59  13   0   0   0   3  1.19 inf
  296 I    0 -2 -3 -3 -2 -2 -1 -3 -3  1  0 -1  0 -2  2 -1  1 -3 -2  4    5   0   0   0   0   0   5   0   0   5   8   2   0   0  12   0  13   0   0  48  0.32 inf
  297 V    0 -2 -2 -1  0  1  3  0 -2  1 -1 -1 -1 -3 -2 -1  0 -4 -3  3    9   0   0   0   2   5  32   7   0   6   0   0   0   0   0   0   4   0   0  35  0.27 inf
  298 E    1 -3 -2  0 -3  0  1 -3 -3 -3 -3 -2  1 -4  7  0 -1 -4 -4 -1   13   0   0   4   0   4   8   0   0   0   0   0   5   0  56   4   2   0   0   4  1.10 inf
  299 A    5 -3 -3 -3 -2 -2 -2 -1 -3 -2  0 -2 -2 -3 -2  0  0 -4 -3  1   79   0   0   0   0   0   0   0   0   0   8   0   0   0   0   0   5   0   0   8  0.69 inf
  300 P   -2 -4 -3 -3 -4 -3 -3 -4 -4 -4 -5 -3 -4 -5  8  0 -2 -5 -5 -4    0   0   0   0   0   0   0   0   0   0   0   0   0   0  95   5   0   0   0   0  2.47 inf
  301 V    0  1 -1  0 -2  2  1 -2  1  0  0  2  0 -2  0  0  1 -3 -2  0    5   4   0   5   0  15   8   0   4   4  13  17   2   0   3   4   9   0   0   7  0.12 inf
  302 V   -1 -3 -4 -4 -2 -3 -4 -4 -4  2  4 -3  1 -1 -4 -3 -2 -3 -2  2    6   0   0   0   0   0   0   0   0  12  70   0   0   0   0   0   0   0   0  13  0.59 inf
  303 P   -2 -3 -3 -3 -4 -2 -2 -3 -3 -4 -4 -2 -3 -5  8 -2  1 -5 -4 -3    0   0   0   0   0   0   0   0   0   0   0   0   0   0  87   0  13   0   0   0  2.07 inf
  304 R   -1  2 -1  0 -4  1  4 -2 -1 -4 -3  4 -2 -4 -2 -1 -1 -3 -2 -3    0   9   0   0   0   0  50   0   0   0   0  42   0   0   0   0   0   0   0   0  0.62 inf

                      K         Lambda
Standard Ungapped    0.1386     0.3202
Standard Gapped      0.0454     0.2670
PSI Ungapped         0.1460     0.3091
PSI Gapped           0.0454     0.2670
