
Last position-specific scoring matrix computed, weighted observed percentages rounded down, information per position, and relative weight of gapless real matches to pseudocounts
           A  R  N  D  C  Q  E  G  H  I  L  K  M  F  P  S  T  W  Y  V   A   R   N   D   C   Q   E   G   H   I   L   K   M   F   P   S   T   W   Y   V
    1 Q   -1  3  0 -1 -3  4  1 -2  0 -3 -3  4 -1 -3 -1  0 -1 -3 -2 -3    0  11   0   0   0  38   0   0   0   0   0  51   0   0   0   0   0   0   0   0  0.54 inf
    2 S    1 -1  0 -1 -1 -1 -1 -1 -1 -2 -2 -1 -2 -3 -1  4  3 -3 -2 -1    0   0   0   0   0   0   0   0   0   0   0   0   0   0   0  69  31   0   0   0  0.50 inf
    3 R   -2  6 -1 -2 -4  1  0 -3 -1 -4 -3  2 -2 -3 -3 -1 -2 -3 -2 -3    0  94   0   0   0   0   0   0   0   0   0   6   0   0   0   0   0   0   0   0  0.94 inf
    4 S    1 -1  0 -1 -1  0 -1 -1 -1 -3 -3 -1 -2 -3 -1  5  1 -3 -2 -2    0   0   0   0   0   0   0   0   0   0   0   0   0   0   0  98   2   0   0   0  0.62 inf
    5 A    2 -1  0 -1 -1  0 -1  0 -1 -2 -2 -1 -1 -2 -1  4  1 -3 -2 -1   25   0   2   0   0   5   0   1   0   0   1   0   1   2   0  60   4   0   0   1  0.35 inf
    6 K   -1  5 -1 -2 -4  1  0 -2 -1 -3 -3  4 -2 -3 -2 -1 -1 -3 -2 -3    0  54   0   0   0   0   0   0   0   0   0  46   0   0   0   0   0   0   0   0  0.69 inf
    7 A    5 -2 -2 -2 -1 -1 -1  0 -2 -2 -2 -1 -1 -3 -1  1  0 -3 -2 -1  100   0   0   0   0   0   0   0   0   0   0   0   0   0   0   0   0   0   0   0  0.58 inf
    8 G    0 -3 -1 -1 -3 -2 -2  6 -2 -4 -4 -2 -3 -3 -3 -1 -2  1 -3 -4    0   0   0   2   0   1   0  95   0   0   0   0   0   0   0   0   0   2   0   0  1.13 inf
    9 L   -2 -3 -4 -4 -2 -3 -3 -4 -3  1  5 -3  2  0 -3 -3 -2 -2 -1  1    0   0   0   0   0   0   0   0   0   0 100   0   0   0   0   0   0   0   0   0  0.61 inf
   10 T    0  0  0 -1 -3  6  1 -2  0 -3 -2  1 -1 -4 -2  0  1 -3 -2 -2    4   0   0   0   0  86   0   0   0   0   0   0   0   0   0   0   9   0   0   1  0.73 inf
   11 F   -3 -3 -4 -4 -3 -4 -4 -4 -2 -1  0 -4  0  7 -4 -3 -3  1  3 -1    0   0   0   0   0   0   0   0   0   0   2   0   0  98   0   0   0   0   0   0  1.03 inf
   12 P   -1 -3 -3 -2 -3 -2 -2 -3 -3 -3 -4 -2 -3 -4  8 -1 -2 -4 -4 -3    0   0   0   0   0   0   0   0   0   0   0   0   0   0 100   0   0   0   0   0  2.23 inf
   13 V   -1 -3 -3 -4 -1 -3 -3 -4 -4  2  0 -3  0 -1 -3 -2  0 -3 -2  5    0   0   0   0   0   0   0   0   0   0   0   0   0   0   0   0   0   0   0 100  0.54 inf
   14 G    0 -3 -1 -2 -3 -2 -3  6 -2 -4 -4 -2 -3 -4 -3  0 -2 -3 -4 -4    0   0   0   0   0   0   0  97   0   0   0   0   0   0   0   3   0   0   0   0  1.17 inf
   15 R   -2  6 -1 -2 -4  1 -1 -3 -1 -4 -3  2 -2 -3 -3 -1 -2 -3 -2 -3    0 100   0   0   0   0   0   0   0   0   0   0   0   0   0   0   0   0   0   0  1.00 inf
   16 V   -1 -3 -3 -4  0 -3 -3 -4 -4  4  1 -3  1 -1 -3 -2 -1 -3 -2  4    0   0   0   0   1   0   0   0   0  48   3   0   0   0   0   0   0   0   0  47  0.43 inf
   17 H    0 -1  0 -1 -3  0 -1 -2  8 -3 -3 -1 -2 -1 -2 -1 -2 -3  1 -3   12   0   1   1   0   0   0   1  82   0   0   1   0   1   0   1   0   0   0   0  0.93 inf
   18 R   -2  6 -1 -2 -4  1 -1 -3 -1 -4 -3  2 -2 -3 -3 -1 -2 -3 -2 -3    0 100   0   0   0   0   0   0   0   0   0   0   0   0   0   0   0   0   0   0  1.00 inf
   19 L   -2 -2 -3 -4 -2 -2 -3 -4  1  1  3 -2  2  4 -3 -2 -2  0  2  0    0   0   0   0   0   0   0   0   5   1  45   1   8  36   0   0   0   0   5   0  0.39 inf
   20 L   -2 -3 -4 -4 -2 -3 -3 -4 -3  2  5 -3  2  0 -3 -3 -2 -2 -1  1    0   0   0   0   0   0   0   0   0   2  98   0   0   0   0   0   0   0   0   0  0.59 inf
   21 R   -2  6 -1 -2 -4  1  0 -2 -1 -3 -3  3 -2 -3 -2 -1 -1 -3 -2 -3    0  69   0   0   0   0   0   0   0   0   0  30   0   0   0   1   0   0   0   0  0.74 inf
   22 R    0  2  1 -1 -3  1  0 -2 -1 -3 -2  5 -2 -3 -2  0 -1 -3 -2 -2    5  10   6   1   0   2   0   0   1   0   2  71   0   0   0   1   0   0   0   1  0.46 inf
   23 G    0 -3 -1 -2 -3 -2 -3  6 -3 -4 -4 -2 -3 -4 -3 -1 -2 -3 -4 -4    0   0   0   0   0   0   0 100   0   0   0   0   0   0   0   0   0   0   0   0  1.23 inf
   24 N   -2  1  6  1 -3  0  0  0  2 -4 -4  1 -2 -3 -2  0 -1 -4 -2 -3    0   6  73   0   0   2   0   2   6   0   0  11   0   0   0   1   0   0   0   0  0.64 inf
   25 Y   -2 -2 -3 -4 -3 -2 -3 -4  1 -2 -2 -2 -1  3 -4 -2 -2  3  8 -2    0   0   0   0   0   0   0   0   0   0   0   0   0   2   0   0   0   2  95   0  1.19 inf
   26 A    5 -2 -2 -2 -1 -1 -1  0 -2 -2 -2 -1 -1 -3 -1  1  0 -3 -2 -1   94   0   0   0   0   0   0   3   0   0   0   0   0   0   0   3   0   0   0   0  0.53 inf
   27 Q   -1  0  1  1 -3  4  4 -2  0 -3 -3  1 -2 -4 -2  0 -1 -3 -2 -3    1   0   6   5   0  32  45   1   1   0   0   4   0   0   0   6   0   0   0   0  0.54 inf
   28 R   -2  6 -1 -2 -4  1 -1 -3 -1 -4 -3  2 -2 -3 -3 -1 -2 -3 -2 -3    0 100   0   0   0   0   0   0   0   0   0   0   0   0   0   0   0   0   0   0  1.00 inf
   29 I   -1 -3 -3 -4 -1 -3 -3 -4 -4  4  1 -3  1 -1 -3 -2 -1 -3 -2  4    2   0   0   0   0   0   0   0   0  31   0   0   0   0   0   0   0   0   0  67  0.44 inf
   30 G    0 -2 -1 -2 -3 -2 -3  6 -2 -4 -4 -2 -3 -4 -3 -1 -2 -3 -4 -4    0   2   0   0   0   0   0  98   0   0   0   0   0   0   0   0   0   0   0   0  1.19 inf
   31 S    4 -2 -1 -2 -1 -1 -1  1 -2 -2 -2 -1 -1 -3 -1  2  0 -3 -2 -1   76   0   0   0   0   0   0   6   0   0   0   0   0   0   0  17   0   0   0   1  0.43 inf
   32 G    0 -3 -1 -2 -3 -2 -3  6 -3 -4 -4 -2 -3 -4 -3 -1 -2 -3 -4 -3    0   0   0   0   0   0   0  98   0   0   0   0   0   0   0   1   0   0   0   1  1.17 inf
   33 A    5 -2 -2 -2 -1 -1 -1  0 -2 -2 -2 -1 -1 -3 -1  1  0 -3 -2 -1   98   0   0   0   0   0   0   0   0   0   0   0   0   0   0   2   0   0   0   0  0.57 inf
   34 P   -1 -3 -3 -2 -3 -2 -2 -3 -3 -3 -3 -2 -3 -4  8 -1 -2 -4 -4 -3    2   0   0   0   0   0   0   0   0   0   0   0   0   0  98   0   0   0   0   0  2.17 inf
   35 V    0 -3 -3 -4 -1 -3 -3 -4 -4  2  1 -3  0 -1 -3 -2  0 -3 -2  5    2   0   0   0   0   0   0   0   0   2   0   0   0   0   0   0   0   0   0  96  0.51 inf
   36 Y   -2 -2 -3 -4 -3 -2 -3 -4  1 -2 -2 -2 -2  3 -4 -2 -2  2  8 -2    0   0   0   0   0   0   0   0   0   0   0   0   0   0   0   0   0   0 100   0  1.24 inf
   37 L   -2 -2 -4 -4 -2 -2 -3 -4 -3  1  4 -3  3  0 -3 -3 -1 -2 -1  1    0   0   0   0   0   0   0   0   0   0  87   0  13   0   0   0   0   0   0   0  0.54 inf
   38 T    5 -2 -2 -2 -1 -1 -1  0 -2 -2 -2 -1 -1 -3 -1  1  1 -3 -2 -1   89   0   0   0   0   0   0   1   0   0   0   0   0   0   0   3   7   0   0   0  0.49 inf
   39 A    5 -2 -2 -2 -1 -1 -1  0 -2 -2 -2 -1 -1 -3 -1  1  0 -3 -2 -1   96   0   0   0   0   0   0   0   0   0   0   0   0   0   0   4   0   0   0   0  0.55 inf
   40 V   -1 -3 -3 -4 -1 -3 -3 -4 -4  2  1 -3  0 -1 -3 -2  0 -3 -2  5    0   0   0   0   0   0   0   0   0   2   0   0   0   0   0   0   0   0   0  98  0.53 inf
   41 L   -2 -2 -4 -4 -2 -2 -3 -4 -3  1  4 -3  4  0 -3 -3 -1 -2 -1  1    0   0   0   0   0   0   0   0   0   0  82   0  18   0   0   0   0   0   0   0  0.53 inf
   42 E   -1 -1 -1  1 -4  2  6 -3 -1 -4 -3  0 -3 -4 -2 -1 -1 -3 -3 -3    0   0   0   0   0   0 100   0   0   0   0   0   0   0   0   0   0   0   0   0  0.94 inf
   43 Y   -2 -2 -3 -4 -3 -2 -3 -4  1 -2 -2 -2 -2  3 -4 -2 -2  2  8 -2    0   0   0   0   0   0   0   0   0   0   0   0   0   0   0   0   0   0 100   0  1.24 inf
   44 L   -2 -3 -4 -4 -2 -3 -3 -4 -3  1  5 -3  2  0 -3 -3 -2 -2 -1  1    0   0   0   0   0   0   0   0   0   0  98   0   2   0   0   0   0   0   0   0  0.59 inf
   45 A    3 -2 -1 -2  0 -1 -1 -1 -2 -1 -2 -1 -1 -3 -1  2  3 -3 -2  0   57   0   0   0   1   0   0   0   0   0   0   0   0   0   0   8  34   0   0   0  0.38 inf
   46 A    5 -2 -2 -2 -1 -1 -1  0 -2 -2 -2 -1 -1 -3 -1  1  0 -3 -2  0   99   0   0   0   0   0   0   0   0   0   0   0   0   0   0   0   0   0   0   1  0.56 inf
   47 E   -1 -1 -1  1 -4  2  6 -3 -1 -4 -3  0 -3 -4 -2 -1 -1 -3 -3 -3    0   0   0   0   0   0 100   0   0   0   0   0   0   0   0   0   0   0   0   0  0.94 inf
   48 I   -1 -3 -4 -4 -1 -3 -3 -4 -4  4  1 -3  1 -1 -3 -2 -1 -3 -2  4    0   0   0   0   0   0   0   0   0  59   0   0   0   0   0   0   0   0   0  41  0.47 inf
   49 L   -2 -3 -4 -4 -2 -3 -3 -4 -3  1  5 -3  2  0 -3 -3 -2 -2 -1  1    0   0   0   0   0   0   0   0   0   0  98   0   0   0   0   0   0   0   0   2  0.59 inf
   50 E   -1 -1 -1  1 -4  2  6 -3 -1 -4 -3  0 -3 -4 -2 -1 -1 -3 -3 -3    0   0   0   0   0   0 100   0   0   0   0   0   0   0   0   0   0   0   0   0  0.94 inf
   51 L   -2 -3 -4 -4 -2 -3 -3 -4 -3  1  5 -3  2  0 -3 -3 -2 -2 -1  1    0   0   0   0   0   0   0   0   0   0 100   0   0   0   0   0   0   0   0   0  0.61 inf
   52 A    5 -2 -2 -2 -1 -1 -1  0 -2 -2 -2 -1 -1 -3 -1  1  0 -3 -2 -1   95   0   0   0   0   0   0   1   0   0   0   0   0   0   0   3   2   0   0   0  0.54 inf
   53 G    0 -3 -1 -2 -3 -2 -3  6 -3 -4 -4 -2 -3 -4 -3 -1 -2 -3 -4 -4    0   0   0   0   0   0   0 100   0   0   0   0   0   0   0   0   0   0   0   0  1.23 inf
   54 N   -2 -1  7  1 -3  0 -1 -1  0 -4 -4 -1 -3 -4 -3  0  0 -4 -3 -3    0   0  99   1   0   0   0   0   0   0   0   0   0   0   0   0   0   0   0   0  1.00 inf
   55 A    5 -2 -2 -2 -1 -1 -1  0 -2 -2 -2 -1 -1 -3 -1  1  0 -3 -2 -1   98   0   0   0   0   0   0   0   0   0   0   0   0   0   0   0   2   0   0   0  0.56 inf
   56 A    5 -2 -2 -2 -1 -1 -1  0 -2 -2 -2 -1 -1 -3 -1  1  0 -3 -2 -1   98   0   0   0   0   0   0   0   0   0   0   0   0   0   0   2   0   0   0   0  0.56 inf
   57 R   -2  6 -1 -2 -4  1 -1 -3  0 -4 -3  2 -2 -3 -3 -1 -2 -3 -2 -3    0  97   0   0   0   0   0   0   2   0   0   1   0   0   0   0   0   0   0   0  0.96 inf
   58 D   -2 -2  1  7 -4 -1  1 -2 -2 -4 -4 -1 -4 -4 -2 -1 -2 -5 -4 -4    0   0   0 100   0   0   0   0   0   0   0   0   0   0   0   0   0   0   0   0  1.17 inf
   59 N   -2 -1  7  1 -3  0 -1 -1  0 -4 -4 -1 -3 -4 -3  0  0 -4 -3 -3    0   0 100   0   0   0   0   0   0   0   0   0   0   0   0   0   0   0   0   0  1.01 inf
   60 K   -1  2 -1 -1 -4  1  0 -2 -1 -3 -3  6 -2 -4 -1 -1 -1 -4 -2 -3    0   0   0   0   0   0   0   0   0   0   0 100   0   0   0   0   0   0   0   0  0.74 inf
   61 K   -1  2 -1 -1 -4  1  0 -2 -1 -3 -3  6 -2 -4 -1 -1 -1 -4 -2 -3    0   2   0   0   0   0   0   0   0   0   0  98   0   0   0   0   0   0   0   0  0.73 inf
   62 T    1 -1  1 -1 -1  1 -1 -1 -1 -2 -2 -1 -1 -3 -1  3  4 -3 -2 -1    5   0   5   0   0   6   0   0   0   0   1   0   0   0   0  37  46   0   0   0  0.39 inf
   63 R   -2  6 -1 -2 -4  1 -1 -3 -1 -4 -3  2 -2 -3 -3 -1 -2 -3 -2 -3    0 100   0   0   0   0   0   0   0   0   0   0   0   0   0   0   0   0   0   0  1.00 inf
   64 I   -2 -4 -4 -4 -2 -3 -4 -4 -4  5  1 -3  1 -1 -3 -3 -1 -3 -2  2    0   0   0   0   0   0   0   0   0 100   0   0   0   0   0   0   0   0   0   0  0.61 inf
   65 I   -1 -3 -1 -3 -2 -3 -3 -3 -3  4  1 -3  1 -1 -3 -2 -1 -3 -2  3    2   0   6   0   0   0   0   0   0  69   0   0   1   0   0   1   0   0   0  21  0.37 inf
   66 P   -1 -3 -3 -2 -3 -2 -2 -3 -3 -3 -4 -2 -3 -4  8 -1 -2 -4 -4 -3    0   0   0   0   0   0   0   0   0   0   0   0   0   0 100   0   0   0   0   0  2.23 inf
   67 R   -2  6 -1 -2 -4  1 -1 -3 -1 -4 -3  2 -2 -3 -3 -1 -2 -3 -2 -3    0 100   0   0   0   0   0   0   0   0   0   0   0   0   0   0   0   0   0   0  1.00 inf
   68 H   -2 -1  0 -2 -4  0 -1 -3  9 -4 -3 -1 -2 -2 -3 -1 -2 -3  1 -4    0   0   0   0   0   0   0   0 100   0   0   0   0   0   0   0   0   0   0   0  1.34 inf
   69 L   -2 -3 -4 -4 -2 -3 -3 -4 -3  3  4 -3  2  0 -3 -3 -1 -2 -1  1    0   0   0   0   0   0   0   0   0  22  71   0   1   1   0   0   0   0   0   5  0.46 inf
   70 Q   -1  1  0 -1 -3  6  2 -2  0 -3 -2  1 -1 -4 -2 -1 -1 -3 -2 -3    0   0   0   0   0  95   1   0   0   0   1   0   0   0   0   0   2   0   0   0  0.87 inf
   71 L   -2 -3 -4 -4 -2 -3 -3 -4 -3  1  5 -3  2  0 -3 -3 -2 -2 -1  1    0   0   0   0   0   0   0   0   0   0 100   0   0   0   0   0   0   0   0   0  0.61 inf
   72 A    5 -2 -2 -2 -1 -1 -1  0 -2 -2 -2 -1 -1 -3 -1  1  0 -3 -2 -1  100   0   0   0   0   0   0   0   0   0   0   0   0   0   0   0   0   0   0   0  0.58 inf
   73 I   -1 -3 -4 -4 -1 -3 -3 -4 -4  4  1 -3  1 -1 -3 -2 -1 -3 -2  4    0   0   0   0   0   0   0   0   0  56   0   0   0   0   0   0   0   0   0  44  0.47 inf
   74 R   -2  6 -1 -2 -4  1 -1 -3 -1 -4 -3  2 -2 -3 -3 -1 -2 -3 -2 -3    0  99   0   0   0   0   0   0   0   0   0   1   0   0   0   0   0   0   0   0  0.99 inf
   75 N   -2 -1  7  1 -3  0 -1 -1  0 -4 -4 -1 -3 -4 -3  0  0 -4 -3 -3    0   0 100   0   0   0   0   0   0   0   0   0   0   0   0   0   0   0   0   0  1.01 inf
   76 D   -2 -2  1  7 -4 -1  1 -2 -2 -4 -4 -1 -4 -4 -2 -1 -2 -5 -4 -4    0   0   0 100   0   0   0   0   0   0   0   0   0   0   0   0   0   0   0   0  1.17 inf
   77 D   -1 -1 -1  2 -4  2  6 -3 -1 -4 -3  0 -3 -4 -2 -1 -1 -3 -3 -3    0   0   0   4   0   0  96   0   0   0   0   0   0   0   0   0   0   0   0   0  0.91 inf
   78 E   -1 -1 -1  1 -4  2  6 -3 -1 -4 -3  0 -3 -4 -2 -1 -1 -3 -3 -3    0   0   0   0   0   0 100   0   0   0   0   0   0   0   0   0   0   0   0   0  0.94 inf
   79 L   -2 -3 -4 -4 -2 -3 -3 -4 -3  1  5 -3  2  0 -3 -2 -1 -2 -1  1    0   0   0   0   0   0   0   0   0   0  98   0   0   0   0   2   0   0   0   0  0.58 inf
   80 N   -1 -1  6  1 -3  0 -1  0  0 -4 -4 -1 -2 -3 -2  1  0 -4 -2 -3    1   0  83   0   0   0   0   1   1   0   0   0   0   0   0  12   2   0   0   0  0.77 inf
   81 K   -1  3 -1 -1 -3  1  1 -2 -1 -3 -3  5 -2 -3 -2  0 -1 -3 -2 -3    0  12   0   0   0   1   2   0   0   1   0  81   0   0   0   1   1   0   0   0  0.60 inf
   82 L   -2 -3 -4 -4 -2 -3 -3 -4 -3  1  5 -3  2  1 -3 -3 -2 -2 -1  1    0   0   0   0   0   0   0   0   0   0  97   0   0   3   0   0   0   0   0   0  0.58 inf
   83 L   -2 -2 -4 -4 -2 -2 -3 -4 -1  1  4 -3  3  0 -3 -3 -1 -2 -1  1    0   0   0   0   0   0   0   0   2   0  90   0   6   0   0   0   0   0   0   1  0.53 inf
   84 G    1 -2  0 -1 -1 -1 -2  5 -1 -3 -3 -1 -2 -3 -2  2 -1 -3 -3 -3    8   0   2   1   2   1   0  64   1   0   1   0   0   0   0  21   0   0   0   0  0.65 inf
   85 N    0 -1  1  1 -2  0 -1  4  3 -4 -3  0 -2 -3 -2  0 -1 -3 -1 -3    3   2   6   7   1   2   1  52  16   0   0   5   0   0   0   5   1   0   1   0  0.48 inf
   86 V    0 -3 -3 -4  0 -3 -3 -4 -4  2  0 -3  0 -1 -3 -2  0 -3 -2  5    1   0   0   0   1   0   0   0   0   0   0   0   0   0   0   0   0   0   0  98  0.52 inf
   87 T    0 -2 -1 -2 -1 -1 -1 -2 -2  0 -1 -1 -1 -2 -2  1  5 -3 -2  1    0   0   0   0   0   0   0   0   0   3   0   0   0   0   0   0  89   0   0   8  0.57 inf
   88 I   -2 -3 -4 -4 -2 -3 -4 -4 -4  5  1 -3  1 -1 -3 -3 -1 -3 -2  2    0   0   0   0   0   0   0   0   0  95   1   0   0   0   0   0   1   0   0   3  0.57 inf
   89 A    4 -2 -1 -2 -1 -1 -1  0 -2 -2 -2 -1 -1 -3 -1  2  0 -3 -2 -1   82   0   0   0   0   0   0   0   0   1   0   0   0   0   0  16   0   0   0   1  0.47 inf
   90 Q   -1  0  1 -1 -3  6  1 -2  0 -3 -3  1 -1 -4 -2  1 -1 -3 -2 -3    1   0   6   0   0  80   2   0   0   0   0   0   0   0   0  11   0   0   0   0  0.68 inf
   91 G    0 -3 -1 -2 -3 -2 -3  6 -3 -4 -4 -2 -3 -4 -3 -1 -2 -3 -4 -4    0   0   0   0   0   0   0 100   0   0   0   0   0   0   0   0   0   0   0   0  1.23 inf
   92 G    0 -3 -1 -2 -3 -2 -3  6 -3 -4 -4 -2 -3 -4 -3 -1 -2 -3 -4 -4    0   0   0   0   0   0   0 100   0   0   0   0   0   0   0   0   0   0   0   0  1.23 inf
   93 V   -1 -3 -3 -4 -1 -3 -3 -4 -4  2  0 -3  0 -1 -3 -2  0 -3 -2  5    0   0   0   0   0   0   0   0   0   0   0   0   0   0   0   0   0   0   0 100  0.54 inf
   94 L   -2 -3 -4 -4 -2 -2 -3 -4 -3  2  4 -3  3  0 -3 -3 -1 -2 -1  1    0   0   0   0   0   0   0   0   0   3  84   0   7   0   0   0   0   0   0   7  0.50 inf
   95 P   -1 -3 -3 -2 -3 -1 -2 -3 -3 -3 -3 -1 -3 -4  8 -1 -2 -4 -4 -3    0   0   0   0   0   2   0   0   0   0   0   0   0   0  98   0   0   0   0   0  2.17 inf
   96 N   -2 -1  6  1 -3  0 -1 -1  1 -4 -4  0 -2 -1 -3  0 -1 -3  0 -3    0   0  87   0   0   2   0   0   3   0   0   2   0   2   0   0   0   0   5   0  0.77 inf
   97 I   -2 -4 -4 -4 -2 -3 -4 -4 -4  5  1 -3  1 -1 -3 -3 -1 -3 -2  2    0   0   0   0   0   0   0   0   0  99   0   0   0   0   0   0   0   0   0   1  0.60 inf
   98 H   -1  0  1 -1 -3  4  1 -2  6 -3 -3  0 -1 -3 -1 -1 -1 -3  0 -3    1   1   6   1   0  44   1   0  43   0   1   0   1   0   1   1   0   0   0   0  0.62 inf
   99 Q    3 -1  1 -1 -1  1  0 -1 -1 -2 -2  0 -1 -3  2  2  1 -3 -2 -1   44   0   8   0   0  13   0   1   0   0   0   0   0   0  11  16   6   0   0   1  0.31 inf
  100 N    0 -2  1 -1 -2  0  1 -2 -1  2  0 -1  0 -2 -2  0  0 -3 -2  3    6   0  11   0   0   2  12   0   2   6   1   0   3   0   0   5   2   0   0  50  0.13 inf
  101 L   -2 -3 -4 -4 -2 -3 -3 -4 -3  1  5 -3  2  0 -3 -3 -2 -2 -1  1    0   0   0   0   0   0   0   0   0   0 100   0   0   0   0   0   0   0   0   0  0.61 inf
  102 L   -2 -3 -4 -4 -2 -3 -3 -4 -3  1  5 -3  2  0 -3 -3 -2 -2 -1  1    0   0   0   0   0   0   0   0   0   0  98   0   2   0   0   0   0   0   0   0  0.60 inf
  103 P   -1 -3 -3 -2 -3 -2 -2 -3 -3 -3 -3 -2 -3 -4  8 -1 -2 -4 -4 -3    1   0   0   0   0   0   0   0   0   0   0   0   0   0  99   0   0   0   0   0  2.20 inf
  104 K    0  2  0 -1 -3  1  0 -2 -1 -3 -3  5 -2 -3 -1  0  0 -3 -2 -2    4   4   3   0   0   2   0   0   0   0   0  77   0   0   1   4   3   0   0   1  0.50 inf
  105 K   -1  2  0 -1 -3  1  1 -2 -1 -3 -3  5 -2 -4 -1 -1  0 -3 -2 -3    1   3   1   0   0   2   1   0   1   0   0  89   0   0   0   0   3   0   0   0  0.64 inf
  106 S    1 -1  0 -1 -1 -1 -1 -1 -2 -1 -2  0 -1 -3 -1  3  4 -3 -2 -1    6   1   3   0   0   0   1   2   0   2   1   6   0   0   0  30  47   0   0   1  0.33 inf
  107 A    1  0  0  0 -2  1  1  3 -1 -3 -3  1 -2 -3  0  1  0 -3 -2 -2   18   1   1   2   0   6  13  30   1   0   0  14   0   0   4   6   3   0   0   1  0.28 inf
  108 K    0  1  0 -1 -3  1  1  0 -1 -3 -3  4 -2 -3 -1  1  0 -3 -2 -2    5   2   2   1   0   4   4   4   1   0   0  61   0   0   2   8   6   0   0   0  0.38 inf
  109 A    1  0  0 -1 -2  0  0  2 -1 -3 -3  2 -1 -3 -1  2  1 -3 -2 -2   16   0   0   0   0   0   1  22   0   0   0  32   1   0   1  21   6   0   0   0  0.28 inf
  110 T    3 -1  1 -1 -1 -1 -1  0 -1 -2 -2 -1 -1 -3 -1  3  2 -3 -2 -1   37   0   4   0   0   0   0   0   0   0   0   0   0   0   0  42  17   0   0   0  0.34 inf

                      K         Lambda
Standard Ungapped    0.1349     0.3179
Standard Gapped      0.0484     0.2670
PSI Ungapped         0.1575     0.3127
PSI Gapped           0.0484     0.2670
