
Last position-specific scoring matrix computed, weighted observed percentages rounded down, information per position, and relative weight of gapless real matches to pseudocounts
           A  R  N  D  C  Q  E  G  H  I  L  K  M  F  P  S  T  W  Y  V   A   R   N   D   C   Q   E   G   H   I   L   K   M   F   P   S   T   W   Y   V
    1 A    6 -3 -3 -3 -2 -2 -2 -1 -3 -3 -3 -2 -3 -4 -2  2 -1 -4 -3 -2   82   0   0   0   0   0   0   0   0   0   0   0   0   0   0  18   0   0   0   0  0.96 inf
    2 L   -3 -4 -5 -6 -3 -4 -5 -6 -5  1  5 -4  3 -2 -5 -4 -3 -4 -3  2    0   0   0   0   0   0   0   0   0   6  73   0   7   0   0   0   0   0   0  14  1.07 inf
    3 T   -3 -4 -3 -4 -4 -4 -4 -5 -5 -4 -4 -4 -4 -5 -4 -1  8 -6 -5 -3    0   0   0   0   0   0   0   0   0   0   0   0   0   0   0   2  98   0   0   0  2.05 inf
    4 K   -3  5 -3 -3 -6 -1 -2 -4 -3 -5 -5  7 -4 -6 -4 -3 -3 -6 -4 -5    0  29   0   0   0   0   0   0   0   0   0  71   0   0   0   0   0   0   0   0  1.60 inf
    5 A    6 -4 -3 -2 -3 -3 -3 -2 -4 -1 -3 -3  1 -4 -3  0 -2 -5 -4  0   82   0   0   2   0   0   0   0   0   3   1   0   4   0   0   3   0   0   0   4  1.17 inf
    6 E   -3 -3  0  6 -6  1  4 -3  0 -4 -5 -2 -5 -6 -4 -2 -3 -6 -5 -4    1   0   3  54   0   6  31   1   2   1   0   1   0   0   0   1   0   0   0   1  1.23 inf
    7 M   -3 -4 -5 -6 -3 -4 -5 -6 -5  4  5 -4  5 -1 -5 -4 -3 -4 -3 -1    0   0   0   0   0   0   0   0   0  22  58   0  19   1   0   0   0   0   0   0  1.11 inf
    8 S    5 -3 -3 -4  2 -3 -3 -2 -4  0 -2 -3 -2 -4 -3  2  1 -5 -4  1   56   0   0   0   4   0   0   0   0   6   1   0   0   0   0  16   6   0   0  10  0.66 inf
    9 E   -2 -2 -1  3 -6  1  6 -3 -3 -4 -5 -1 -4 -6 -4 -2 -3 -6 -5 -5    2   1   2  18   0   4  70   2   0   1   0   1   0   0   0   1   0   0   0   0  1.33 inf
   10 Y    2  2  1 -1 -2  0 -1 -2  3 -1  0  0  0 -2 -3  0  0 -3  1 -1   23  13   9   2   0   2   1   1  10   3  13   5   3   1   0   5   4   0   5   1  0.15 inf
   11 L   -3 -4 -5 -6 -3 -4 -5 -6 -5  2  5 -5  0 -2 -5 -4 -3 -4 -3  3    0   0   0   0   0   0   0   0   0  11  63   0   0   0   0   0   0   0   0  27  1.03 inf
   12 F   -3 -4 -1 -4  0 -4 -4 -5  3  0 -2 -4 -2  6 -5 -2 -2 -1  5  0    1   0   3   1   2   0   0   0   8   5   0   0   1  44   0   4   2   0  23   6  0.98 inf
   13 D   -1  2  0  3 -5  2  5 -3  0 -3 -4  0 -3 -4 -3 -1 -2 -5 -3 -3    4  13   4  20   0   8  39   0   2   1   1   2   0   0   0   2   2   0   1   1  0.65 inf
   14 K   -2  2  0  0 -5  3  4 -3  0 -4 -4  4 -3 -5 -3 -1 -1 -5 -3 -3    2  10   3   2   0  11  29   1   2   0   0  33   0   0   0   2   4   0   0   1  0.67 inf
   15 L   -2 -4 -4 -5 -1 -3 -4 -5 -3  3  3 -4  1  1 -4 -3 -1 -3 -1  4    0   0   0   0   1   0   0   0   1  16  32   0   2   5   0   0   2   0   2  39  0.63 inf
   16 G   -2 -3 -1 -3 -5 -3 -3  7 -1 -6 -6 -2 -5 -6 -5 -2 -4 -5 -5 -6    0   1   2   1   0   1   1  91   1   0   0   2   0   0   0   1   0   0   0   0  1.84 inf
   17 L   -4 -4 -6 -6 -3 -4 -5 -6 -5  1  6 -5  1  3 -5 -5 -3 -3 -1  0    0   0   0   0   0   0   0   0   0   5  80   0   1  10   0   0   0   0   1   3  1.13 inf
   18 S   -2 -3  5  0 -4 -1 -1 -2 -2 -5 -5 -1 -4 -5 -1  4  1 -5 -4 -4    1   0  36   3   0   1   2   0   0   0   0   1   0   0   3  44   8   0   0   0  0.90 inf
   19 K   -3  5 -1 -3 -6 -1 -2 -4 -2 -5 -5  6 -4 -5 -2 -2 -3 -5 -4 -4    0  32   1   0   0   0   0   0   1   0   0  63   0   0   1   0   0   0   0   1  1.38 inf
   20 R    0  6  2 -2 -4  1 -1 -3  0 -4 -3  2 -3 -4  0 -1  1 -5 -3 -3    6  47  11   0   0   5   1   0   2   0   1  11   0   0   4   2   9   0   0   0  0.69 inf
   21 D   -3 -3 -2  4 -6  0  6 -4 -3 -4 -5 -2 -3 -5 -4 -2 -2 -6 -5 -2    1   0   1  21   0   1  70   0   0   1   0   0   1   0   0   0   1   0   0   3  1.34 inf
   22 A    5 -3 -2 -3  0 -3 -3 -1 -3 -3 -4 -3 -3 -4 -3  5 -1 -5 -4 -3   52   0   0   0   2   0   0   1   0   1   1   0   0   0   0  44   1   0   0   0  0.98 inf
   23 K    3  1 -2 -3 -4  0 -2 -3 -3 -4 -3  6 -2 -5 -3  0 -2 -5 -4 -2   27   5   0   0   0   1   0   0   0   0   2  57   1   0   0   6   0   0   0   1  0.84 inf
   24 E    0 -2 -1  4 -4  2  4 -2  0 -3 -3 -1 -1 -2 -3 -1 -2 -4 -3 -2    7   1   2  26   0   9  39   1   1   2   3   2   1   2   0   2   1   0   0   2  0.62 inf
   25 L   -3 -4 -5 -5 -3 -4 -5 -5 -4  3  4 -4  6  1 -5 -4 -2 -3 -2  0    0   0   0   0   0   0   0   0   0  16  46   0  28   6   0   0   2   0   0   3  0.92 inf
   26 V   -2 -5 -5 -6 -3 -5 -5 -6 -6  2  0 -5 -1 -3 -5 -3 -2 -5 -4  7    0   0   0   0   0   0   0   0   0   5   6   0   0   0   0   1   0   0   0  88  1.44 inf
   27 E   -4 -3 -1  3 -6  0  7 -5 -3 -6 -6 -2 -5 -6 -4 -3 -3 -6 -5 -5    0   0   2  17   0   1  80   0   0   0   0   0   0   0   0   0   0   0   0   0  1.66 inf
   28 L    2 -1 -1 -1  0  0 -1 -2 -2  0  1 -1  4 -1 -3  2  1 -3 -2 -1   21   2   1   3   2   6   1   1   0   3  14   1  15   1   0  17   8   0   0   2  0.19 inf
   29 F   -4 -5 -5 -6 -4 -5 -5 -6 -4  1 -1 -5  0  7 -6 -4 -3 -2  1  3    0   0   0   0   0   0   0   0   0   6   2   0   2  61   0   0   1   0   2  27  1.36 inf
   30 F   -4 -5 -6 -6 -4 -5 -6 -6 -4  0  3 -5 -2  8 -6 -5 -4 -2  1 -2    0   0   0   0   0   0   0   0   0   3  27   0   0  68   0   0   0   0   2   0  1.61 inf
   31 E   -1 -2  0  4 -5  1  6 -2 -2 -5 -5 -1 -3 -5 -3 -1 -2 -5 -4 -4    6   0   3  23   0   5  54   3   0   0   0   2   0   0   0   2   2   0   0   0  0.94 inf
   32 E   -3 -1 -2 -1 -5  0  6 -4  3 -2  0 -1 -2 -3 -3 -2 -1 -5 -3 -2    1   3   0   1   0   3  62   0   9   1  11   1   1   0   0   0   3   0   0   3  0.86 inf
   33 I   -3 -5 -5 -5 -3 -5 -5 -6 -5  7  0 -5  4 -2 -5 -4 -3 -5 -3  3    0   0   0   0   0   0   0   0   0  68   5   0  12   0   0   1   0   0   0  15  1.24 inf
   34 R    0  5 -2 -3  4 -1 -2 -2 -1 -3 -3  1 -2 -4 -3  2 -1 -4 -2 -2    7  43   0   1  12   0   0   2   1   1   1   8   1   0   0  19   3   0   1   2  0.65 inf
   35 R    0  2  1  3  0  1  2 -1  1 -2 -2  1 -2 -3 -2  0 -1 -4 -2 -2    5  12   7  22   3   5  11   3   5   2   4   6   1   0   0   8   3   0   0   2  0.24 inf
   36 A    4 -2 -1 -3  3 -1 -2 -2 -2 -1 -3 -1 -3 -2 -3  2  1 -4 -3 -1   50   1   2   0   8   1   1   0   0   3   1   2   0   2   0  17  11   0   0   2  0.56 inf
   37 L   -3 -5 -6 -6 -4 -5 -5 -6 -5  1  6 -5  0 -2 -5 -5 -4 -4 -3 -1    1   0   0   0   0   0   0   0   0   3  95   0   1   0   0   0   0   0   0   1  1.49 inf
   38 E    1 -2 -3 -1 -4  0  5 -3 -3 -1 -3 -1 -3 -4 -3 -1 -1 -5 -2  2   15   1   0   0   0   1  53   1   0   4   1   2   0   0   0   3   2   0   1  16  0.65 inf
   39 N    0  3  2  1 -3  1  2 -2  0 -4 -4  2 -3 -4 -3  1 -1 -4 -3 -3    6  20  14   6   0   6  19   2   2   0   1  11   0   0   0  13   2   0   0   0  0.41 inf
   40 G   -2 -3  1 -3 -2 -4 -2  7 -4 -6 -6 -3 -5 -6 -5 -2 -4 -5 -5 -6    1   1   6   0   1   0   3  87   0   0   0   0   0   0   0   0   0   0   0   0  1.74 inf
   41 E   -2  0 -1  2 -4  2  6 -4  0 -5 -5  0 -4 -5 -3  1 -2 -5 -3 -4    0   5   1   9   0   8  60   0   2   0   0   2   0   0   0   9   1   0   1   1  0.97 inf
   42 Q   -1 -1  2  2 -3  4  2 -2  0 -2 -3  1 -1 -4  0  0  1 -4 -3 -3    3   1  10  11   0  31  11   1   1   2   0   6   2   0   4   7   9   0   0   1  0.43 inf
   43 V   -3 -5 -6 -6 -3 -5 -5 -6 -6  2  0 -5 -1 -2 -5 -4 -3 -5 -4  7    0   0   0   0   0   0   0   0   0   7   3   0   0   1   0   0   0   0   0  88  1.50 inf
   44 K   -4  0 -3 -3 -6 -1 -1 -4 -3 -6 -5  8 -4 -6 -4 -3 -3 -6 -5 -5    0   2   0   0   0   0   1   0   0   0   0  98   0   0   0   0   0   0   0   0  2.01 inf
   45 L   -3 -5 -6 -6 -3 -4 -5 -6 -5  4  5 -5  0  0 -5 -5 -3 -4 -3  0    0   0   0   0   0   0   0   0   0  27  68   0   0   2   0   0   0   0   0   3  1.11 inf
   46 S    0 -4 -2 -3 -4 -3 -3 -3 -4 -5 -5 -3 -4 -5 -2  7  0 -6 -4 -4    3   0   0   0   0   0   0   0   0   0   0   0   0   0   1  93   2   0   0   0  1.62 inf
   47 G   -1 -4 -2 -3 -3 -4 -4  6 -4 -6 -6 -2 -5 -5 -4  3 -3 -5 -5 -5    1   0   1   0   1   0   0  75   0   0   0   2   0   0   0  21   0   0   0   0  1.48 inf
   48 F   -5 -6 -6 -7 -5 -6 -6 -6 -4 -3 -2 -6 -3  9 -7 -5 -5 -2  0 -4    0   0   0   0   0   0   0   0   0   0   0   0   0 100   0   0   0   0   0   0  2.69 inf
   49 G   -1 -5 -3 -4 -5 -4 -5  7 -5 -6 -6 -4 -5 -6 -5 -3 -4 -5 -6 -6    3   0   0   0   0   0   0  97   0   0   0   0   0   0   0   0   0   0   0   0  2.12 inf
   50 N   -2 -3  7 -1 -4 -2 -3 -2  0 -5 -5 -2 -4 -5 -4  1  3 -6 -4 -3    1   0  65   0   0   0   0   1   2   0   0   1   0   0   0  12  17   0   0   2  1.30 inf
   51 F   -5 -6 -6 -7 -5 -6 -6 -6 -4 -3 -2 -6 -3  9 -7 -4 -5 -2  0 -4    0   0   0   0   0   0   0   0   0   0   1   0   0  98   0   1   0   0   0   0  2.57 inf
   52 D   -1 -2  1  3 -4  3  2 -3  1 -1 -2 -1  0 -4 -3  1  0 -4 -2  1    1   0   4  22   0  21  11   1   3   2   3   0   3   0   0  11   5   0   1  13  0.34 inf
   53 L   -3 -4 -5 -5 -2 -4 -4 -5 -5  2  4 -4  0 -2  1 -4 -2 -4 -3  4    0   0   0   0   1   0   0   0   0   7  53   0   1   0   8   0   2   0   0  30  0.77 inf
   54 R   -4  7 -2 -4 -1 -1 -3  0 -2 -4 -3  1 -4 -5 -5 -3 -4 -5 -4 -5    0  79   0   0   1   0   0   8   1   1   2   7   0   0   0   0   0   0   0   0  1.54 inf
   55 D   -2 -1  1  6 -4  2  3 -2 -2 -5 -4 -1 -3 -5 -3 -1 -1 -5 -4 -3    3   2   5  50   0   9  19   2   0   0   1   1   0   0   0   4   4   0   0   1  0.86 inf
   56 K   -4  0 -3 -4 -6 -1 -2 -4 -4 -6 -5  8 -4 -6 -4 -3 -4 -6 -5 -5    0   0   0   0   0   0   0   0   0   0   0 100   0   0   0   0   0   0   0   0  2.09 inf
   57 N    1  1  3 -2 -3 -1 -1  2 -1 -4 -3  2 -2 -4  2  1 -1 -4 -3 -3   13   6  20   0   0   1   1  14   1   0   2  19   1   0   9  12   2   0   0   0  0.36 inf
   58 Q    1 -1 -2 -1 -4  5  4 -2 -2 -4 -4  0 -2 -5  2  0 -2 -4 -4 -4   14   1   0   1   0  36  27   1   0   0   0   2   1   0   9   5   1   0   0   0  0.74 inf
   59 R   -4  8 -3 -5 -7 -2 -3 -5 -3 -6 -5 -1 -4 -6 -5 -4 -4 -6 -5 -6    0 100   0   0   0   0   0   0   0   0   0   0   0   0   0   0   0   0   0   0  2.39 inf
   60 P   -3 -1 -5 -4 -5 -3 -4 -5 -5  2 -3 -3  0 -5  7 -3 -3 -6 -5  2    0   4   0   0   0   1   0   0   0  13   0   0   2   0  65   1   0   0   0  15  1.63 inf
   61 G   -2  1 -3 -4 -5 -4 -5  7 -4 -6 -6 -4 -5 -6 -5 -3 -4 -5 -6 -6    0   8   0   0   0   0   0  92   0   0   0   0   0   0   0   0   0   0   0   0  1.96 inf
   62 R   -4  8 -3 -4 -6 -2 -3 -5 -3 -6 -5 -1 -4 -6 -5  0 -4 -6 -5 -5    0  92   0   0   0   0   0   0   0   0   0   0   0   0   0   8   0   0   0   0  2.07 inf
   63 N   -4 -3  8 -2 -6 -3 -3 -3 -2 -6 -6 -3 -5 -5 -5 -2 -3 -6  2 -6    0   0  92   0   0   0   0   0   0   0   0   0   0   0   0   0   0   0   8   0  2.21 inf
   64 P   -4 -5 -5 -4 -6 -4 -4 -5 -5 -5 -3 -4 -5 -6  8 -3  1 -7 -6 -5    0   0   0   0   0   0   0   0   0   0   2   0   0   0  90   0   8   0   0   0  2.63 inf
   65 K   -3  2 -3 -3 -6  3 -1 -4  0 -5 -5  7 -4 -6 -4 -3 -3 -5 -4 -5    0   9   0   0   0  12   1   0   2   0   0  76   0   0   0   0   0   0   0   0  1.44 inf
   66 T   -3 -3 -3 -4 -4 -3 -3 -4 -4 -4 -4  1 -3 -5 -4 -1  7 -5 -4 -3    0   0   0   0   0   0   0   0   0   0   0   8   0   0   0   1  91   0   0   0  1.77 inf
   67 G   -2 -4 -3 -4 -5 -4 -5  7 -5 -6 -6 -4 -5 -6  1 -3 -4 -5 -6 -6    0   1   0   0   0   0   0  91   0   0   0   0   0   0   8   0   0   0   0   0  1.95 inf
   68 E   -3 -2 -2  0 -6  1  7 -5 -3 -2 -4  0 -4 -5 -4 -3 -2 -5 -4  0    0   0   1   3   0   3  76   0   0   3   1   4   0   0   0   0   1   0   0   8  1.26 inf
   69 D    0 -2 -1  3 -5  0  5 -3 -2 -3 -3  1 -3 -5 -1 -1 -1 -5 -3 -2    7   0   1  15   0   1  54   1   0   1   2   8   0   0   2   4   2   0   0   2  0.73 inf
   70 I   -1  0 -5 -5 -3 -4 -4 -5 -3  5 -1 -4  0 -1 -4 -4 -2 -5 -3  4    4   8   0   0   0   0   0   0   0  47   0   0   1   2   0   0   1   0   0  38  0.89 inf
   71 P   -1 -4 -2 -3 -5 -3  0 -4 -4 -3 -3 -3 -3 -5  7  1 -1 -6 -5 -3    4   0   2   0   0   0   5   0   0   1   3   1   1   0  68  11   4   0   0   2  1.61 inf
   72 I   -4  1 -5 -6 -4 -5 -5 -6 -5  7 -1 -4 -1 -3 -5 -5 -3 -5 -4  2    0   8   0   0   0   0   0   0   0  84   0   0   0   0   0   0   0   0   0   8  1.52 inf
   73 T    0 -2 -1 -1  0 -1  0 -2 -1 -3 -1 -1 -1 -4 -1  4  3 -4 -3 -2    7   1   1   2   2   2   6   1   1   0   5   3   1   0   1  44  22   0   0   1  0.48 inf
   74 A    5 -4 -4 -4 -3 -2 -2 -3 -4 -4 -4 -2 -4 -5  6 -1 -3 -5 -4 -3   59   0   0   0   0   1   1   0   0   0   0   1   0   0  35   3   0   0   0   0  1.30 inf
   75 R    0  8 -3 -4 -6 -2 -3 -5 -3 -6 -5 -1 -4 -6 -5 -3 -4 -6 -5 -5    8  92   0   0   0   0   0   0   0   0   0   0   0   0   0   0   0   0   0   0  2.05 inf
   76 R   -3  7 -2 -4 -3 -1  1 -5 -2 -6 -5  1 -4 -5 -4 -1 -2 -5 -4 -5    0  80   1   0   1   1   8   0   0   0   0   3   0   0   0   3   1   0   0   0  1.61 inf
   77 V   -3 -5 -5 -6 -3 -5 -5 -6 -6  1  1 -5 -1 -3 -5 -4 -2 -5 -4  7    0   0   0   0   0   0   0   0   0   3   8   0   0   0   0   0   0   0   0  89  1.48 inf
   78 V   -2 -4 -5 -5 -3 -4 -4 -5 -5  1  2 -4  3 -2 -4 -4 -2 -4 -3  6    1   0   0   0   0   0   0   0   0   2  21   0   9   0   0   0   1   0   0  67  0.98 inf
   79 T   -1 -4 -2 -3 -3 -3 -3 -3 -4 -1 -3 -3 -3 -4 -3  1  7 -5 -4  2    2   0   0   0   0   0   0   1   0   1   0   0   0   0   0   6  76   0   0  14  1.21 inf
   80 F   -5 -6 -6 -6 -5 -6 -6 -6 -4 -3 -2 -6 -3  9 -7 -5 -5 -2  1 -4    0   0   0   0   0   0   0   0   0   0   1   0   0  99   0   0   0   0   0   0  2.51 inf
   81 R   -3  6 -2 -3 -5 -1 -2 -4  6 -5 -5  4 -4 -5 -4 -3 -3 -5 -3 -5    1  52   0   0   0   0   0   0  20   0   0  26   0   0   0   0   1   0   0   0  1.30 inf
   82 P    4 -3 -4 -4 -2 -3 -3 -3 -4 -4 -4 -3 -4 -5  7 -1 -2 -5 -5 -3   40   0   0   0   1   0   0   0   0   0   0   0   0   0  55   3   0   0   0   0  1.55 inf
   83 G   -1 -3 -2 -3 -4 -3 -3  5 -3 -5 -5 -3 -4 -5 -3  5 -2 -5 -4 -4    1   0   0   0   0   0   0  43   0   0   0   0   0   0   0  56   0   0   0   0  1.18 inf
   84 Q   -2 -1  3 -2 -5  7 -1 -3  4 -5 -3 -1 -3 -5 -2 -1 -2 -4 -3 -4    2   1  12   0   0  64   0   1  11   0   2   1   0   0   2   3   0   0   0   0  1.21 inf
   85 K   -2  0 -3 -3 -2 -1 -2 -3 -3  1  0  5  0 -3 -3 -2  1 -4 -3  2    0   2   0   0   0   0   0   0   0   7   8  52   3   0   0   0   8   0   0  19  0.57 inf
   86 L   -4 -4 -6 -6 -3 -4 -5 -6 -5  0  6 -5  4  0 -5 -5 -3 -4 -3 -1    0   0   0   0   0   0   0   0   0   0  87   0  11   2   0   0   0   0   0   0  1.34 inf
   87 K   -3  3 -3 -3 -6 -1 -2 -4 -3 -5 -4  7 -4 -6 -4 -3 -3 -5 -4 -5    0  16   0   0   0   0   0   0   0   0   1  83   0   0   0   0   0   0   0   0  1.59 inf
   88 S    3 -1  1  3 -3  1  1 -1 -1 -2 -3  0 -2 -4 -2  1  0 -4 -3 -2   29   2   6  17   0   4  10   3   1   1   1   6   0   0   0  13   4   0   0   2  0.29 inf
   89 R   -1  6 -1 -3 -3  2 -1 -3 -1 -3 -2  1  0 -4 -4 -2 -2 -3 -2 -3    5  59   2   1   0  11   1   0   1   1   4   7   3   0   0   1   0   0   1   1  0.89 inf
   90 V   -2 -5 -5 -5 -3 -4 -5 -6 -5  5  0 -5  0 -3 -5 -4 -2 -5 -3  6    0   0   0   0   0   0   0   0   0  31   5   0   1   0   0   0   0   0   0  62  1.14 inf
   91 E    0 -2  4  1 -4  2  5 -2 -1 -4 -2 -1 -3 -4 -2 -1 -2 -5 -4 -3    9   0  23   6   0   7  44   1   1   0   5   0   0   0   1   2   1   0   0   1  0.66 inf
   92 N    0 -1  3  2 -3  0  1  2  1 -2 -3  1 -3 -4 -2  1 -1 -4 -2 -3    7   1  18  10   0   3  10  20   4   2   0  10   0   0   0   9   3   0   1   1  0.29 inf
   93 A    2 -1 -1 -1 -2  0  0  3 -1 -2 -2 -1 -2 -3 -1  1  0 -3 -1 -1   28   3   1   3   0   2   6  27   1   2   2   2   0   0   2  12   4   0   2   2  0.28 inf
   94 S    0 -1  3 -1 -3 -1  1 -2  3 -2 -1  1 -1 -2 -2  1  2 -3 -1 -2    6   1  18   0   0   0  10   0  11   1   5  13   1   1   1  13  17   0   2   0  0.26 inf
   95 P    0 -1 -2 -1 -3  0  0 -2 -2 -2 -3  1 -2 -4  6  1  0 -4 -3  0    8   2   0   3   0   4   4   2   0   0   1   8   0   0  43  15   3   0   0   8  0.73 inf
   96 K   -2  4 -1 -2 -4  1  2 -3 -1 -4 -4  5 -2 -4 -2 -1 -2 -4 -3 -4    0  25   0   0   0   4  12   0   0   0   0  59   0   0   0   0   0   0   0   0  0.83 inf

                      K         Lambda
Standard Ungapped    0.1352     0.3151
Standard Gapped      0.0640     0.2670
PSI Ungapped         0.2073     0.3120
PSI Gapped           0.0640     0.2670
