
Last position-specific scoring matrix computed, weighted observed percentages rounded down, information per position, and relative weight of gapless real matches to pseudocounts
           A  R  N  D  C  Q  E  G  H  I  L  K  M  F  P  S  T  W  Y  V   A   R   N   D   C   Q   E   G   H   I   L   K   M   F   P   S   T   W   Y   V
    1 R   -5  7 -4 -5 -8  0 -4 -6 -5 -7 -7  5 -6 -7 -6 -5 -5 -7 -6 -7    0  61   0   0   0   3   0   0   0   0   0  36   0   0   0   0   0   0   0   0  2.09 inf
    2 K   -2  2 -2 -3 -6  2 -2 -3  2 -1 -3  6 -1 -6  0 -2  0 -6 -3 -2    2  12   2   0   0   8   1   2   4   4   2  49   1   0   4   1   5   0   1   2  0.84 inf
    3 R   -3  6  1 -5 -5 -1 -4 -4  3 -4 -5  4 -3 -6 -1 -4 -3 -3  0 -4    2  46   6   0   0   1   0   1   6   1   1  26   0   0   3   0   1   0   3   1  1.24 inf
    4 Q   -3  4  0 -3 -3  4 -1 -2  0 -2 -1  4  0 -4 -5 -4 -2 -6 -4 -1    1  27   4   1   1  18   2   4   2   2   7  23   2   0   0   0   2   0   0   5  0.68 inf
    5 A    0  4 -1 -3 -4 -1 -3 -5  1 -4 -2  4 -1  0  3 -3 -2 -2 -1 -2    7  22   2   1   0   1   0   0   3   1   3  31   2   4  16   1   2   1   2   3  0.71 inf
    6 W   -9 -9-10-11 -9 -8 -9 -9 -8 -9 -8 -9 -7  2-10 -9 -9 13 -1 -9    0   0   0   0   0   0   0   0   0   0   0   0   0   9   0   0   0  90   1   0  4.87 inf
    7 L   -3 -4 -4 -1 -2 -4 -3 -5 -6 -4 -4 -2 -5 -7 -5  4  6 -7 -6 -4    1   1   0   4   1   0   1   0   0   1   2   2   0   0   0  35  52   0   0   0  1.46 inf
    8 W    1 -1 -1  2 -2  0  3 -3 -2 -2 -1 -1 -1 -3  1  0 -1  2 -1  0   13   3   3  11   0   5  19   1   1   2   8   3   2   1   7   6   3   3   2   8  0.18 inf
    9 E    0 -2 -2  2 -6  1  5 -4  0 -4 -2  1 -2 -4 -2  0 -2 -2 -5 -2    8   1   1  10   0   5  46   1   2   1   4   7   1   1   2   6   2   1   0   2  0.75 inf
   10 E   -5 -5 -5 -4 -9 -1  8 -7 -5 -8 -5 -4 -7 -9 -6 -4 -6 -8 -7 -8    1   0   0   0   0   1  96   0   0   0   1   0   0   0   0   1   0   0   0   0  2.75 inf
   11 D   -3 -4 -3  3 -5 -3  4 -5 -5 -2 -4 -2 -2 -6 -5 -1  3 -6 -5  4    2   0   0  16   0   0  31   0   0   2   1   2   1   0   0   4  15   0   0  26  0.82 inf
   12 K    0  0  1  2 -2  2  5 -3 -2 -3 -2  1  1 -3 -4 -2 -2 -3 -3 -3    8   4   6  10   1   7  35   1   1   1   3   9   4   1   0   2   2   0   1   2  0.51 inf
   13 N    3 -1  1  0 -1  0  0 -3  0 -1  0  1  3 -2 -4 -2  1  3  0 -2   26   2   7   5   1   3   6   1   2   4  10   8   9   1   0   1   8   4   3   1  0.21 inf
   14 L   -6 -5 -8 -8 -6 -7 -8 -8 -7  0  7 -7 -2 -1 -8 -7 -6 -6 -6 -1    0   1   0   0   0   0   0   0   0   3  92   0   0   2   0   0   0   0   0   3  2.10 inf
   15 R   -2  3 -4 -5 -5 -2 -3 -5 -3  2  1  4  0 -3 -5 -3 -2 -5 -1  3    3  19   0   0   0   1   1   0   0  11  13  25   2   1   0   0   2   0   2  19  0.58 inf
   16 S    2  2 -1  3 -1  1  3 -3 -2 -3 -2  2 -3 -5 -4  0  0 -5 -4 -1   17  10   2  15   1   7  17   0   0   1   3  12   0   0   0   5   6   0   0   4  0.36 inf
   17 G    2 -3 -5 -6 -3 -2 -4  7 -6 -7 -3 -5 -2 -7 -6 -3 -5 -7 -7 -7   14   1   0   0   1   2   1  76   0   0   3   0   1   0   0   1   0   0   0   0  1.82 inf
   18 V   -5 -7 -7 -8  2 -7 -7 -8 -7  2 -1 -7  0 -3 -7 -5 -4 -7 -3  7    0   0   0   0   4   0   0   0   0  10   4   0   2   1   0   1   0   0   1  78  1.92 inf
   19 R    0  2  2 -2 -5  4  2 -3  1 -4 -2  2 -1 -5 -4  1 -2 -5 -2 -3    9  10   9   1   0  17  16   1   4   1   3  13   1   0   0  11   1   0   1   2  0.43 inf
   20 K   -3  4 -3 -3 -6  1  2 -5 -1 -2 -3  6  0 -6 -5 -3 -1 -6 -5 -2    2  18   1   1   0   6  11   0   1   3   3  46   2   0   0   0   4   0   0   3  0.96 inf
   21 Y   -6 -3 -3 -6  3 -5 -5 -7  6 -3 -1 -4 -4  6 -7 -4 -6  2  7 -4    0   1   1   0   6   0   1   0  21   1   5   1   0  27   0   1   0   2  32   0  1.64 inf
   22 G   -2 -5 -5 -4 -7 -6 -4  7 -6 -8 -6 -6 -7 -7 -4 -1 -6 -7 -7 -7    2   1   0   1   0   0   1  89   0   0   1   0   0   0   1   4   0   0   0   0  2.31 inf
   23 E    0 -1 -1 -2 -2 -1  2 -3 -1  1 -1  1 -1 -2  0 -1  1 -4 -1  2    6   3   3   0   1   2  16   1   2  10   5  12   1   1   5   2   8   0   2  20  0.18 inf
   24 G   -3 -2 -4 -3 -6 -5 -4  7 -5 -7 -7 -2 -6 -4 -6 -2 -3 -6 -3 -4    2   3   0   1   0   0   1  82   0   0   0   2   0   1   0   2   2   0   1   1  1.93 inf
   25 N   -3  3  6 -1 -3  1 -2 -5  3 -6 -6  3 -5 -6 -2  0 -3 -7 -4 -5    2  17  35   2   1   5   1   0   8   0   0  19   0   0   2   7   1   0   0   1  1.00 inf
   26 W   -9 -9-10-11 -9 -8 -9 -9 -9 -9 -8 -9 -8 -5-10 -9 -9 13 -4 -9    0   0   0   0   0   0   0   0   0   0   0   0   0   0   0   0   0 100   0   0  5.45 inf
   27 S    2  3 -2 -3 -3 -1 -1 -3 -4 -4 -4  5 -3 -6 -4  1  2 -6 -5 -3   16  14   1   1   0   1   2   1   0   1   1  36   1   0   0  12  12   0   0   2  0.72 inf
   28 K    0  0  1  2 -2  0  1 -3  0 -3 -1  4 -1 -1 -3  0  0 -5 -2 -1    7   3   5  13   1   4   7   1   3   1   6  28   1   4   0   6   7   0   1   4  0.29 inf
   29 I   -4 -7 -7 -7 -6 -7 -7 -6 -7  8 -2 -7  2 -3 -5 -7 -5 -7 -6  0    1   0   0   0   0   0   0   1   0  86   2   0   4   1   1   0   0   0   0   4  2.32 inf
   30 L   -1  0 -4 -6 -1  0 -4 -6 -2 -2  5  2  0 -3 -5 -2 -3 -5 -4 -1    6   4   0   0   2   4   0   0   1   1  59  15   1   0   0   2   1   0   0   3  0.87 inf
   31 L    0  2  2  1 -3  0  2 -2 -1 -2 -2  3 -1 -4 -1  1 -1 -2 -3 -3    7  10  10   8   0   3  13   2   1   2   4  20   2   0   3   9   2   1   0   1  0.28 inf
   32 H    0  0  0  4 -3  0  1 -2  4 -3 -3  1 -1  0 -4  0 -2 -5 -1 -3    9   5   4  24   0   3  10   3  11   1   1  10   1   5   0   8   1   0   2   1  0.38 inf
   33 Y   -2 -3  2  0 -1 -2 -1  0  2 -3 -2 -3 -2  3  2 -2 -3 -2  6 -2    2   1   9   5   2   1   5   8   5   1   4   1   1  14  10   3   1   0  26   3  0.54 inf
   34 K    0  0  0  1 -4 -1  1 -2  1 -2 -3  2 -3  3  2  0  0 -1 -2 -1    9   5   4   7   0   2   8   3   3   2   1  13   0  16  12   5   5   1   0   4  0.22 inf
   35 F   -4 -4 -6 -4 -4 -5 -5 -5 -1 -2  1 -2 -1  8 -7 -2 -3 -4  0 -3    1   1   0   1   0   0   1   1   2   2  14   4   1  63   0   4   2   0   1   1  1.58 inf
   36 N   -1 -1  2  2  1  1  1  0  2 -2 -3  0 -2 -4  0  2  0 -1 -3 -2    4   3  12  14   4   6   8   8   5   2   1   5   1   0   4  15   5   1   0   3  0.22 inf
   37 N   -2  0  3  3 -2 -1  1  3  2 -4 -5  0 -4 -5 -3  2 -1 -5 -1 -4    2   5  16  15   1   1   8  20   5   0   1   4   0   0   1  14   4   0   2   1  0.46 inf
   38 R   -7  9 -6 -7 -2 -2 -5 -8 -5 -8 -7 -1 -7 -8 -7 -6 -6 -8 -2 -8    0  95   0   0   1   1   0   0   0   0   0   2   0   0   0   0   0   0   1   0  2.95 inf
   39 T   -3 -1 -1 -3 -5 -5 -5 -6 -6 -2 -6 -1 -5 -7 -5  3  7 -7 -6 -5    1   3   3   1   0   0   0   0   0   2   0   3   0   0   0  21  66   0   0   0  1.65 inf
   40 S    2 -4  3 -1 -2 -2  1  0 -1 -5 -4 -3 -2 -5  4  1  0 -5  0 -4   18   0  16   2   1   1  10   7   1   0   1   0   1   0  19  12   5   0   4   1  0.53 inf
   41 V   -2 -4 -4 -4 -2 -2 -4 -1 -6  2 -2 -2  3 -4 -4  0 -1 -3 -5  6    3   0   1   1   1   2   0   5   0   9   1   2   6   0   1   6   4   0   0  57  0.94 inf
   42 M   -6 -5  1  7 -7  4 -2 -4  1 -7 -5 -4  2 -7 -4 -4 -5 -8 -6 -7    0   0   7  64   0  17   1   1   3   0   1   0   6   0   1   1   0   0   0   0  1.78 inf
   43 L   -6 -7 -8 -8  1 -6 -7 -8 -7  1  7 -7  0 -2 -7 -7 -5 -6 -5 -2    0   0   0   0   3   0   0   0   0   7  87   0   2   1   0   0   0   0   0   1  1.90 inf
   44 K   -3  1 -3 -5 -7 -2 -4 -4 -5 -7 -4  8 -6 -7 -6  0 -5 -7 -6 -7    2   5   1   0   0   1   0   1   0   0   2  81   0   0   0   8   0   0   0   0  2.01 inf
   45 D   -4 -6 -2  8 -8  2 -1 -6  1 -8 -8 -3 -7 -8 -6 -5 -6 -9 -7 -8    1   0   1  84   0   8   2   0   3   0   0   2   0   0   0   0   0   0   0   0  2.40 inf
   46 R   -5  5 -4 -5 -2 -3 -4 -6 -1 -7 -5  7 -5 -7 -6 -4 -5 -7 -6 -7    0  30   0   0   1   0   0   0   1   0   1  66   0   0   0   1   0   0   0   0  1.98 inf
   47 W   -5 -8 -9 -9 -1 -7 -8 -8 -2 -4 -5 -8 -6  3 -9 -8 -7 12  3 -5    1   0   0   0   1   0   0   0   1   1   1   0   0  12   0   0   0  74   8   1  3.73 inf
   48 R   -1  8 -3 -3 -7 -1 -4 -5 -4 -7 -5  2 -5 -7 -6 -3 -3 -7 -3 -5    6  76   1   2   0   2   0   1   0   0   1   8   0   0   0   1   1   0   1   0  1.93 inf
   49 T   -3 -3  7 -3 -5 -2 -4 -4 -1  0 -2 -2 -2 -5 -5 -1  3 -6 -4  0    2   1  52   0   0   2   0   0   1   5   4   2   1   0   0   4  20   0   0   8  1.13 inf
   50 M   -5 -6 -6 -7  3 -5 -6 -7 -6  3  5 -6  7 -1 -6 -6 -4 -5 -4 -1    0   0   0   0   6   0   0   0   0  15  48   0  27   2   0   0   0   0   0   1  1.41 inf
   51 K   -2  1  0 -3  5 -1  1 -3 -3 -1  1  2  0 -2 -4 -1  1 -4 -3  1    1   9   5   0  13   2  10   1   0   2  15  18   3   1   0   2   9   0   0   9  0.30 inf
   52 K   -4  5 -1 -4 -7 -2 -2 -4  1 -6 -6  7 -5 -6 -2 -3 -4 -6 -5 -5    0  29   2   0   0   0   1   1   4   0   0  62   0   0   1   1   0   0   0   0  1.59 inf
   53 L    1  1 -1 -2 -2  0 -1 -2 -2  0  1  0  1  0 -3  1  1 -2  1  0   14  11   1   1   0   3   2   2   0   6  17   6   3   4   0  10   9   0   8   3  0.08 inf
   54 K    1  2  1 -1 -4  2  0  3  2 -4 -4  2 -3 -3 -3  0 -2 -4 -2 -4   10  12   6   1   0  12   3  25   6   0   0  17   0   1   0   4   0   0   1   0  0.41 inf
   55 L   -2  1 -2 -3 -1 -1 -2  0  2  2  2 -1  3 -1 -3 -1 -2 -3  0  0    1   8   0   0   1   2   2  11   8  12  27   4  12   1   0   3   0   0   2   6  0.17 inf
   56 I   -2 -4 -4 -2 -3 -3 -4 -4 -4  4  1 -4  1  0 -4 -1  0 -4 -3  4    1   0   0   3   0   0   0   0   0  32  13   0   2   2   0   5   5   0   0  37  0.58 inf
   57 S   -1 -2  3 -2 -2 -2 -2 -2 -2 -3 -4 -2 -3 -4 -2  5  4 -4 -3 -3    0   0  13   0   0   0   0   0   0   0   0   0   0   0   0  60  27   0   0   0  0.80 inf

                      K         Lambda
Standard Ungapped    0.1331     0.3201
Standard Gapped      0.0581     0.2670
PSI Ungapped         0.1902     0.3139
PSI Gapped           0.0581     0.2670
