
Last position-specific scoring matrix computed, weighted observed percentages rounded down, information per position, and relative weight of gapless real matches to pseudocounts
           A  R  N  D  C  Q  E  G  H  I  L  K  M  F  P  S  T  W  Y  V   A   R   N   D   C   Q   E   G   H   I   L   K   M   F   P   S   T   W   Y   V
    1 V   -1 -4 -4 -4 -2 -3 -4 -4 -4  4  1 -3  0 -1 -3 -3 -1 -4 -2  5    0   0   0   0   0   0   0   0   0  31   1   0   0   0   0   0   0   0   0  67  0.65 inf
    2 T    0 -2  1 -1 -2 -1 -1 -1 -2 -2 -3 -1 -2 -3 -2  3  5 -4 -3 -1    0   0   7   0   0   0   0   2   0   0   0   2   0   0   0  34  55   0   0   0  0.58 inf
    3 I   -2 -3 -3 -4 -2 -3 -4 -4 -4  5  2 -3  1 -1 -3 -3 -1 -3 -2  3    0   0   1   0   0   1   0   0   0  65  17   0   2   0   0   0   0   0   0  15  0.58 inf
    4 D   -1 -2  0  5 -4  0  4 -2 -1 -4 -4 -1 -3 -4  1 -1 -2 -4 -3 -4    2   0   2  49   0   0  40   1   0   0   0   0   0   0   6   1   0   0   0   0  0.83 inf
    5 N   -2 -1  7  0 -4 -1 -1 -1  0 -4 -5 -1 -3 -4 -3  0 -1 -5 -3 -4    2   0  95   0   0   0   0   0   1   0   0   0   0   0   0   3   0   0   0   0  1.29 inf
    6 I   -2 -4 -4 -4 -2 -4 -4 -5 -4  6  1 -4  0 -1 -4 -3 -2 -4 -2  2    0   0   0   0   0   0   0   0   0 100   0   0   0   0   0   0   0   0   0   0  0.98 inf
    7 Q   -2  0 -1 -1 -4  7  1 -3 -1 -2 -3  1 -1 -4 -2 -1 -2 -3 -3 -3    0   0   0   0   0  92   0   0   0   3   1   4   0   0   0   0   0   0   0   0  1.18 inf
    8 K   -2  4 -1 -2 -4  0  0 -3 -1 -4 -3  6 -2 -4 -2 -1 -2 -4 -3 -3    0  28   0   0   0   0   0   0   0   0   0  72   0   0   0   0   0   0   0   0  0.88 inf
    9 T   -1 -2 -1 -2 -2 -2 -2 -3 -3  1 -1 -2  0 -2 -2  0  5 -3 -2  2    1   0   0   0   0   0   0   0   0   8   0   0   1   0   0   0  69   0   0  21  0.59 inf
   10 V   -1 -4 -4 -4 -2 -3 -3 -4 -4  2  0 -3  0 -2 -3 -2  0 -4 -2  6    1   0   0   0   0   0   0   0   0   0   0   0   0   0   0   0   3   0   0  96  0.83 inf
   11 A    5 -2 -2 -3  0 -2 -2  0 -3 -2 -3 -2 -2 -3 -2  1 -1 -4 -3 -1   95   0   0   0   1   0   0   1   0   0   0   0   0   0   0   3   0   0   0   0  0.81 inf
   12 E   -1 -1  0  4 -4  1  5 -3 -1 -4 -4  0 -3 -4 -2 -1 -2 -4 -3 -3    3   0   0  32   0   1  61   0   0   0   0   2   0   0   0   1   0   0   0   0  0.87 inf
   13 Y   -3 -2 -3 -4 -4 -3 -3 -4  1 -3 -2 -3 -2  2 -4 -3 -3  1  9 -2    0   1   0   0   0   0   0   0   2   0   0   0   0   2   0   0   0   0  95   0  1.66 inf
   14 Y   -3 -3 -3 -4 -4 -3 -3 -4  0 -2 -2 -3 -2  4 -4 -3 -3  1  8 -2    0   0   0   0   0   0   0   0   0   0   0   0   0  17   0   0   0   0  83   0  1.50 inf
   15 K   -2  3  2 -1 -4  1  0 -1  0 -4 -3  5 -2 -4 -2 -1 -1 -4 -3 -3    0  10  12   0   0   4   0   3   2   0   0  69   0   0   0   0   0   0   0   0  0.68 inf
   16 I   -2 -4 -4 -4 -2 -4 -4 -5 -4  6  2 -4  1 -1 -4 -3 -2 -3 -2  2    0   0   0   0   0   0   0   0   0  83   9   0   1   0   0   0   0   0   0   7  0.78 inf
   17 K   -2  5 -1 -2 -4  1  0 -3 -1 -4 -3  5 -2 -4 -2 -1 -2 -4 -3 -3    0  36   0   0   0   2   0   0   0   0   0  62   0   0   0   0   0   0   0   0  0.87 inf
   18 V   -1 -3 -3 -4 -2 -2 -3 -3 -4  3  2 -3  2 -1 -3 -2  0 -3 -2  4    1   0   0   0   0   1   0   1   0  15  16   0   4   0   0   0   5   0   0  57  0.42 inf
   19 A    3 -2  0 -1 -1  0 -1  0 -2 -2 -3 -1 -2 -3 -1  3  1 -3 -2 -1   40   0   2   0   0   4   0   4   0   1   0   2   0   0   0  39   7   0   0   0  0.40 inf
   20 D   -3 -3  0  7 -5 -1  2 -2 -2 -4 -5 -2 -4 -5 -3 -1 -2 -5 -4 -4    0   0   0  92   0   0   8   0   0   0   0   0   0   0   0   0   0   0   0   0  1.39 inf
   21 L   -2 -3 -4 -4 -2 -3 -4 -4 -3  1  4 -3  5  0 -4 -3 -2 -2 -2  0    0   0   0   0   0   0   0   0   0   5  71   0  22   1   0   0   0   0   0   1  0.67 inf
   22 L   -2 -1 -1 -2 -2 -1 -2 -3  2  0  3  0  1  0 -2 -1 -1 -2  1  0    0   0   2   2   0   2   0   0   7   2  55   9   1   2   1   7   1   0   7   1  0.21 inf
   23 S    1 -2  0 -1 -2 -1 -1  0 -2 -3 -4 -1 -3 -4 -2  6  0 -4 -3 -3    4   0   0   0   0   0   0   3   0   0   0   0   0   0   0  93   0   0   0   0  0.86 inf
   24 K    0  1 -1 -2 -4  1  0 -2 -2 -3 -3  6 -1 -4  0  0 -1 -4 -3 -3    6   2   1   0   0   1   0   0   0   0   0  82   1   0   3   2   2   0   0   0  0.76 inf
   25 R   -2  5  1 -2 -4  1  0 -2 -1 -4 -3  3 -2 -4 -2  1 -1 -4 -3 -3    0  53   8   0   0   2   0   0   0   0   1  26   0   0   0  10   0   0   0   0  0.68 inf
   26 R   -3  7 -1 -3 -5  0 -1 -3 -1 -4 -3  2 -2 -4 -3 -2 -2 -4 -3 -4    0  97   0   0   0   0   0   0   0   0   0   3   0   0   0   0   0   0   0   0  1.36 inf
   27 S    0 -1  1 -1 -2 -1 -1 -1 -2 -2 -3  0 -2 -3 -2  4  3 -4 -2 -1    4   2   6   0   0   0   0   0   0   0   0   3   0   0   0  54  26   0   0   5  0.46 inf
   28 R   -2  7 -1 -3 -5  1 -1 -3 -1 -4 -3  1 -2 -4 -3 -1 -2 -4 -3 -4    0  93   0   0   0   5   0   0   0   0   0   0   0   0   0   2   0   0   0   0  1.26 inf
   29 S    0 -2  2  1 -2 -1 -1 -1 -2 -2 -3 -1 -2 -3 -2  5  1 -4 -3 -2    2   0  12   5   0   0   0   0   0   2   0   0   0   0   0  72   5   0   0   2  0.59 inf
   30 V   -1 -3 -4 -4 -2 -3 -4 -4 -4  4  2 -3  1  0 -3 -3 -1 -3 -2  4    0   0   0   0   0   0   0   0   0  40  16   0   0   4   0   0   0   0   0  40  0.52 inf
   31 A    5 -2 -2 -2 -1 -2 -2 -1 -3 -2 -2 -2 -2 -3 -2  1  2 -3 -3 -1   78   0   0   0   0   0   0   0   0   0   0   0   0   0   0   1  20   0   0   1  0.63 inf
   32 R   -3  7 -2 -3 -5  0 -1 -4 -1 -4 -3  1 -3 -4 -3 -2 -2 -4 -3 -4    0 100   0   0   0   0   0   0   0   0   0   0   0   0   0   0   0   0   0   0  1.42 inf
   33 P   -1 -3 -3 -3 -4 -3 -2 -3 -3 -4 -4 -2 -4 -5  8 -2 -2 -5 -4 -4    2   0   0   0   0   0   0   0   0   0   0   0   0   0  98   0   0   0   0   0  2.44 inf
   34 R   -3  7 -2 -3 -5  0 -1 -4 -1 -4 -3  1 -3 -4 -3 -2 -2 -4 -3 -4    0 100   0   0   0   0   0   0   0   0   0   0   0   0   0   0   0   0   0   0  1.42 inf
   35 Q   -2  0 -1 -2 -4  8  1 -3  1 -4 -3  0 -2 -5 -3 -1 -2 -3 -3 -4    0   0   0   0   0  98   0   0   2   0   0   0   0   0   0   0   0   0   0   0  1.39 inf
   36 M   -1 -3 -4 -4 -2 -3 -3 -4 -3  4  2 -3  4 -1 -3 -3 -1 -3 -1  3    0   0   0   0   0   0   0   0   0  35  10   0  21   0   0   0   2   0   1  31  0.48 inf
   37 A    6 -2 -3 -3 -1 -2 -2 -1 -3 -2 -3 -2 -2 -3 -2  1 -1 -4 -3 -1   98   0   0   0   0   0   0   0   0   0   0   0   0   0   0   2   0   0   0   0  0.88 inf
   38 M   -2 -3 -4 -5 -3 -2 -3 -4 -3  0  1 -3  9 -1 -4 -3 -2 -3 -2 -1    0   0   0   0   0   0   0   0   0   0   0   0 100   0   0   0   0   0   0   0  1.51 inf
   39 A    5 -2 -2 -2  1 -2 -2 -1 -2 -2 -2 -1 -2 -3 -2  2  1  0 -2 -1   71   0   0   0   3   0   0   1   0   0   1   0   0   0   0  13   8   2   1   2  0.51 inf
   40 L   -2 -3 -4 -5 -2 -3 -4 -5 -4  1  5 -3  2  0 -4 -3 -2 -3 -2  0    0   0   0   0   0   0   0   0   0   4  92   0   3   0   0   0   0   0   0   1  0.79 inf
   41 A    5 -2 -2 -2 -1 -1 -1 -1 -2 -2 -2 -1 -2 -3 -2  2  1 -3 -3 -1   72   0   0   0   1   0   0   0   0   0   0   0   0   0   0  22   6   0   0   0  0.60 inf
   42 K   -1  3 -1 -2 -4  0  0 -3 -2 -4 -4  6 -2 -4 -2 -1 -2 -4 -3 -3    1  10   0   0   0   0   0   0   0   0   0  89   0   0   0   0   0   0   0   0  0.97 inf
   43 E   -2 -1 -1  1 -5  1  6 -3 -1 -4 -4  0 -3 -4 -2 -1 -2 -4 -3 -4    0   0   1   3   0   0  93   0   0   0   0   2   0   0   0   1   0   0   0   0  1.16 inf
   44 L   -2 -3 -4 -5 -2 -3 -4 -5 -4  1  5 -3  1  0 -4 -3 -2 -2 -2  0    0   0   0   0   0   0   0   0   0   0  98   0   0   2   0   0   0   0   0   0  0.86 inf
   45 T   -1 -2 -1 -2 -2 -2 -2 -3 -3 -2 -2 -2 -2 -3 -2  0  7 -4 -3 -1    0   0   0   0   0   0   0   0   0   0   0   0   0   0   0   0 100   0   0   0  1.11 inf
   46 N   -1 -1  5  1 -2  1  1 -1  1 -4 -4  0 -3 -4 -1  2  0 -4 -3 -3    0   1  54   4   1   8   6   0   2   0   0   4   0   0   2  15   2   0   0   0  0.58 inf
   47 H   -3  0  0 -2 -4  0 -1 -3  9 -4 -2 -1  0 -2 -3 -2 -3 -3  1 -4    0   5   2   0   0   1   0   0  80   0   5   1   3   0   0   1   0   0   2   0  1.33 inf
   48 S    0 -2  0 -1 -2 -1 -1 -1 -2 -4 -4 -1 -3 -4 -2  6  0 -4 -3 -3    0   0   0   0   0   0   0   0   0   0   0   0   0   0   0 100   0   0   0   0  0.98 inf
   49 L   -2 -3 -4 -5 -2 -3 -4 -5 -3  1  5 -3  1  2 -4 -3 -2 -2  1  0    0   0   0   0   0   0   0   0   0   0  89   0   0   8   0   0   0   0   4   0  0.73 inf
   50 P   -2 -3 -3 -3 -4 -2 -2 -3 -3 -4 -4 -2 -4 -5  8 -2 -1 -5 -4 -4    0   0   0   0   0   0   0   0   0   0   0   0   0   0  98   0   2   0   0   0  2.42 inf
   51 E   -1 -1  0  1 -5  1  6 -3 -1 -4 -4  0 -2 -4 -2 -1 -2 -4 -3 -3    2   0   2   3   0   0  92   0   0   0   0   0   1   0   0   0   0   0   0   0  1.12 inf
   52 I   -2 -4 -4 -4 -2 -4 -4 -5 -4  6  1 -4  0 -1 -4 -3 -2 -4 -2  2    0   0   0   0   0   0   0   0   0  97   2   0   0   0   0   0   0   0   0   1  0.96 inf
   53 G   -1 -3 -1 -2 -4 -3 -3  7 -3 -5 -5 -3 -4 -4 -3 -1 -3 -4 -4 -4    0   0   0   0   0   0   0 100   0   0   0   0   0   0   0   0   0   0   0   0  1.54 inf
   54 D   -1  1  2  4 -4  1  3 -1  0 -4 -4  1 -3 -4 -2  0 -1 -4 -3 -3    1  10   9  34   0   3  31   2   1   0   0   7   0   0   0   1   1   0   0   0  0.55 inf
   55 A    5 -2 -1 -2 -1 -1 -1  0 -1 -2 -2 -1 -1 -1 -2  1 -1 -3 -2 -1   76   0   2   1   0   0   4   3   1   0   0   0   1   3   0   8   0   0   0   1  0.50 inf
   56 F   -3 -4 -4 -5 -4 -4 -4 -4 -2 -1  0 -4 -1  8 -5 -4 -3  0  2 -2    0   0   0   0   0   0   0   0   0   0   1   0   0  98   0   0   0   0   1   0  1.52 inf
   57 G    0 -3  0 -2 -3 -2 -3  6 -3 -4 -4 -2 -3 -4 -3  0 -2 -3 -4 -4    2   0   2   0   0   0   0  90   0   0   0   0   0   0   0   3   0   0   0   0  1.27 inf
   58 G   -1 -3 -1  0 -4 -3 -2  6 -3 -5 -5 -2 -4 -4 -3 -1 -2 -4 -4 -4    0   0   0   5   0   0   1  91   0   0   0   0   0   0   0   2   0   0   0   0  1.30 inf
   59 R   -2  7 -1 -3 -5  0 -1 -3 -1 -4 -3  2 -2 -4 -3 -2 -2 -4 -3 -4    0  95   0   0   0   0   0   0   0   0   0   5   0   0   0   0   0   0   0   0  1.32 inf
   60 D   -3 -3  0  7 -5 -1  1 -2  1 -4 -5 -2 -4 -5 -3 -1 -2 -5 -4 -4    0   0   0  96   0   0   0   0   4   0   0   0   0   0   0   0   0   0   0   0  1.45 inf
   61 H   -3 -2 -1 -2 -4 -1 -1 -3 10 -5 -4 -2 -3 -3 -4 -2 -3 -4  1 -5    0   0   0   0   0   0   0   0 100   0   0   0   0   0   0   0   0   0   0   0  2.02 inf
   62 T   -1 -2 -1 -2 -2 -2 -2 -3 -3 -2 -2 -2 -2 -3 -2  1  6 -4 -3 -1    0   0   0   0   0   0   0   0   0   0   0   0   0   0   0   4  96   0   0   0  1.03 inf
   63 T   -1 -2 -1 -2 -2 -2 -2 -3 -3 -2 -2 -2 -2 -3 -2  0  7 -4 -3 -1    0   0   0   0   0   0   0   0   0   0   0   0   0   0   0   0 100   0   0   0  1.11 inf
   64 V   -1 -4 -4 -4 -2 -3 -4 -4 -4  2  0 -3  0 -2 -3 -3 -1 -4 -2  6    1   0   0   0   0   0   0   0   0   1   0   0   0   0   0   0   0   0   0  98  0.87 inf
   65 L   -2 -3 -4 -4 -2 -3 -4 -4 -4  2  5 -3  3  0 -4 -3 -2 -3 -2  0    0   0   0   0   0   0   0   0   0  12  76   0  12   0   0   0   0   0   0   0  0.67 inf
   66 H   -3 -1  1 -2 -4 -1 -1 -3 10 -5 -4 -2 -3 -2 -4 -2 -3 -4  1 -4    0   0   7   0   0   0   0   0  91   0   0   0   0   0   0   0   0   0   2   0  1.73 inf
   67 A    6 -2 -3 -3 -1 -2 -2  0 -3 -2 -3 -2 -2 -3 -2  0 -1 -4 -3 -1   97   0   0   0   0   0   0   3   0   0   0   0   0   0   0   0   0   0   0   0  0.85 inf
   68 C   -1 -3 -3 -4 10 -3 -4 -4 -2 -2 -2 -4 -2 -2 -4 -2  0 -3 -1  0    1   1   1   0  80   1   0   0   1   1   0   0   0   2   0   0   5   0   2   6  1.59 inf
   69 R   -2  6 -1 -1 -3  1  0 -3 -1 -4 -3  3 -2 -4 -3 -1 -2 -4 -3 -3    0  73   0   3   1   1   2   1   0   0   0  19   0   0   0   0   0   0   0   0  0.95 inf
   70 K   -1  2  0 -1 -3  1  1 -2 -1 -3 -3  5 -2 -4 -2 -1  2 -4 -3 -2    1   5   2   0   0   4   6   0   0   0   0  63   0   0   0   0  17   0   0   1  0.56 inf
   71 I   -2 -4 -4 -4 -2 -4 -4 -5 -4  6  1 -4  1 -1 -4 -3 -1 -4 -2  3    0   0   0   0   0   0   0   0   0  76   0   0   1   0   0   0   0   0   0  22  0.76 inf
   72 E    1  1  1  0 -2  1  2 -1 -1 -2 -2  3 -2 -3 -1  0  0 -3 -2 -1   20   6  10   3   0   6  13   1   0   1   1  27   0   0   2   2   3   0   0   5  0.22 inf
   73 Q   -1  0 -1  1 -4  3  5 -2 -1 -4 -3  2 -2 -4 -2  0  0 -4 -3 -3    2   0   1   3   0  13  58   1   0   0   1  10   0   0   0   7   5   0   0   0  0.62 inf
   74 L   -2 -3 -4 -5 -2 -3 -4 -5 -4  1  5 -3  2  1 -4 -3 -2 -2 -1  0    0   0   0   0   0   0   0   0   0   0  92   0   3   6   0   0   0   0   0   0  0.78 inf
   75 R   -2  6 -1 -2  1  1  0 -3 -1 -1 -2  3  0 -3 -3 -1 -1 -3 -2 -1    1  60   0   0   4   5   1   0   0   5   1  15   3   0   0   0   1   0   0   3  0.61 inf
   76 E    0  0 -1  2 -3  2  4 -1 -1 -2 -2  1 -2 -3 -2  0 -1 -4 -3 -2   10   2   0  10   0   7  49   4   0   3   2   8   0   0   0   1   2   0   0   1  0.44 inf
   77 E    0 -1  1  0 -2  0  2  0 -1 -2 -3  0 -2 -3 -2  2  3 -3 -2 -2    5   0   7   3   0   2  21   4   0   2   0   3   0   0   0  26  26   0   0   1  0.31 inf
   78 S   -2 -2  2  6 -4  0  1 -2 -2 -3 -4 -1 -3 -4 -2  1 -1 -5 -4 -3    1   0  12  64   0   1   7   0   0   1   0   0   1   0   0  11   3   0   0   0  0.85 inf
   79 H    1  0  1 -1 -2  0 -1 -1  3 -1 -2 -1 -1 -2  3  1  1 -3 -1 -1   19   4   8   0   0   4   0   3  14   2   2   0   0   1  14  12  11   0   0   5  0.22 inf
   80 D   -1  2  1  3 -3  1  1  0  0 -3 -3  1 -2 -3 -2  1  0 -4 -3 -2    2  17   8  27   0   3   8   6   1   0   1  10   1   0   0   8   6   0   0   1  0.32 inf
   81 I   -2 -3 -4 -4 -2 -3 -4 -4 -2  5  2 -3  3  0 -4 -3 -2 -3 -1  2    0   0   0   0   0   0   0   0   1  54  18   0  10   2   0   0   0   0   1  13  0.56 inf
   82 K    1  3  1  1 -3  2  2 -1 -1 -3 -3  2 -1 -3 -2  0 -1 -3 -2 -2   21  20   6   7   0   9  14   4   0   0   0  13   2   0   0   4   0   0   0   0  0.28 inf
   83 E   -2  1 -1  1 -5  2  6 -3  2 -4 -4  0 -3 -4 -2 -1 -2 -4 -3 -4    1   9   0   4   0   6  71   0   5   0   0   2   0   0   0   1   0   0   0   0  0.88 inf
   84 D   -3 -3  0  7 -5 -1  1 -3 -2 -5 -5 -2 -4 -5 -3 -2 -2 -6 -5 -5    0   0   0  97   0   1   2   0   0   0   0   0   0   0   0   0   0   0   0   0  1.63 inf
   85 F   -3 -3 -4 -5  0 -3 -4 -4  0 -1 -1 -4 -1  4 -4 -3 -3  6  7 -1    0   0   0   0   2   0   0   0   0   3   5   0   1  17   0   0   0  13  57   2  1.19 inf
   86 S    0  2  1  0 -3  2  1  0  1 -2 -2  2 -1 -3 -2  1  0 -3 -2 -2    7   9   7   5   0  11   6   4   3   3   3  20   0   0   0  16   3   0   0   1  0.20 inf
   87 N   -1 -2  6  0 -3  1 -1 -2  0 -1 -2  0 -2 -1 -3  0  0 -4 -3 -1    3   0  65   0   0   5   0   0   2   4   2   4   0   3   0   2   5   0   0   5  0.70 inf
   88 L   -3 -4 -5 -5 -3 -4 -4 -5 -4  1  6 -4  1  0 -4 -4 -2 -3 -2  0    0   0   0   0   0   0   0   0   0   1  96   0   0   2   0   0   0   0   0   0  1.02 inf
   89 I   -2 -2 -2 -4 -2 -1 -3 -4 -3  3  3 -3  3  0 -3 -2  0 -3 -1  1    0   1   2   0   0   2   0   0   0  27  45   0   8   1   0   3   7   0   2   3  0.39 inf
   90 R   -3  7 -1 -3 -5  2 -1 -4  1 -4 -3  2 -2 -4 -3 -2 -2 -4 -3 -4    0  78   1   0   0  12   0   0   3   0   1   5   0   0   0   1   0   0   0   0  1.16 inf
   91 T   -1 -1 -2 -2 -2 -1 -2 -3 -1  2  0  0  1 -2 -2  0  4 -3 -2  1    2   2   0   0   0   1   0   0   1  21   5   8   5   0   0   6  41   0   0   8  0.28 inf
   92 L   -3 -3 -5 -5 -2 -3 -4 -5 -4  2  5 -4  1  0 -4 -4 -2 -3 -2  0    0   0   0   0   0   0   0   0   0   7  92   0   0   1   0   0   0   0   0   0  0.95 inf
   93 S    0  0  0 -2 -2 -1 -1 -1 -2 -3 -3 -1 -2 -3 -2  4  4 -4 -3 -2    0   6   1   0   0   0   0   2   0   0   0   1   0   0   0  52  38   0   0   0  0.64 inf
   94 S    2 -2  2 -1 -2 -1 -1 -1 -2 -3 -3 -1 -2 -3 -2  4  3 -4 -3 -2   16   0  14   0   0   0   0   0   0   0   0   0   0   0   0  47  23   0   0   0  0.49 inf

                      K         Lambda
Standard Ungapped    0.1304     0.3176
Standard Gapped      0.0530     0.2670
PSI Ungapped         0.1728     0.3142
PSI Gapped           0.0530     0.2670
