
Last position-specific scoring matrix computed, weighted observed percentages rounded down, information per position, and relative weight of gapless real matches to pseudocounts
           A  R  N  D  C  Q  E  G  H  I  L  K  M  F  P  S  T  W  Y  V   A   R   N   D   C   Q   E   G   H   I   L   K   M   F   P   S   T   W   Y   V
    1 Y   -5 -5 -5 -6 -6 -5 -5 -6 -1 -4 -4 -5 -4  2 -6 -5 -5 -1  9 -4    0   0   0   0   0   0   0   0   0   0   0   0   0   6   0   0   0   0  94   0  2.79 inf
    2 E   -1 -1  0  1 -4  2  3 -3 -1 -2 -3  3 -1 -4 -3 -1  3 -5 -4  0    2   0   4   6   0   9  19   0   1   1   0  26   2   0   0   1  22   0   0   7  0.47 inf
    3 Y   -4 -6 -6 -7 -6 -6 -6 -7 -3 -4  0 -6 -4  5 -7 -6 -5 -2  9 -5    2   0   0   0   0   0   0   0   0   0   7   0   0  23   0   0   0   0  68   0  2.34 inf
    4 V   -1 -2 -3 -1 -3 -1 -2 -4  0  1  2 -1  2 -3 -4 -1  4 -4 -3  2    2   1   0   4   0   2   2   0   2   9  18   4   5   0   0   3  31   0   0  18  0.40 inf
    5 E   -2  1 -1  3 -2  0  0 -4 -2 -4 -3  2 -2 -3  5  0 -1 -5 -1 -2    2   9   2  16   1   4   6   0   1   0   2  12   1   1  28   7   4   0   2   2  0.57 inf
    6 L   -4 -5 -6 -6 -4 -5 -5 -6 -6  5  4 -5  1 -3 -5 -5 -1 -5 -4  1    0   0   0   0   0   0   0   0   0  37  48   0   2   0   0   0   5   0   0   7  1.17 inf
    7 A    2  0  2  1 -3  0 -1 -1 -2 -3 -2  2 -3 -4 -2  1 -1 -4 -3  0   22   5  13   9   0   5   2   3   0   1   3  17   0   0   1  10   3   0   0   6  0.27 inf
    8 K   -2 -2  0  5 -4 -2  1 -3  0 -3 -2  2  1 -4 -3  1  1 -4 -3 -3    2   2   2  40   0   1   8   1   2   1   4  11   5   0   1  11   7   0   0   1  0.61 inf
    9 A    4 -2 -2 -3  1 -2 -1 -1 -3  1  1 -2 -2 -3 -2  0  0 -3 -3  0   44   1   2   1   3   1   3   4   0  10  12   1   0   1   1   4   7   0   1   4  0.39 inf
   10 S    0  0 -1  0  0  1  1 -1  0  0  0  1  0  0 -1  1  0 -2  0  0    8   3   1   6   3   8  10   3   2   8   7  12   2   4   1  11   3   0   3   5  0.05 inf
   11 L    0 -1  0 -2 -3 -1  0 -2 -3  0  2  2 -1 -2  0  0  0 -3 -2  1    9   2   4   1   0   1   7   3   0   2  23  15   0   1   5   8   5   0   1  13  0.12 inf
   12 T    0  2 -1 -2  0  2  0  0 -2 -2 -1  2  0 -2  0  0  1 -3 -2 -1    9  11   3   0   3  12   3   7   0   1   7  15   2   2   3   7  10   0   1   3  0.15 inf
   13 S    1 -1  1  1 -3 -1  0  0  0  1  0 -1 -1 -3  2  2  0 -4 -3  1   10   2   8   7   0   1   4   5   3   9   7   1   1   0   9  16   5   0   0  10  0.12 inf
   14 A   -1 -1  3  1 -4  0  1  4  3 -4 -4 -2 -4 -4 -1 -1 -1 -4 -1 -2    4   3  15   6   0   4   8  33   8   0   0   1   0   0   2   4   4   0   2   3  0.49 inf
   15 Q   -1  1 -1  0 -1  4  1  1 -2 -2 -2  0  0 -3 -3  0  2 -4 -2 -1    4   8   2   5   1  20   9  13   0   1   4   3   2   0   0   6  15   0   1   4  0.26 inf
   16 P   -1  1  0 -1 -2  1  0 -2  1  1 -1  2  1  1 -1  0  0 -3 -1  0    2  10   4   3   1   9   3   2   4   8   5  14   4   8   2   6   6   0   1   8  0.08 inf
   17 Q    0 -5 -5 -5  0  0 -4 -4  0  2 -1 -3 -2  2 -5 -3 -1 -5 -1  6    8   0   0   0   2   4   0   1   2   8   3   2   0   8   0   1   3   0   1  56  0.83 inf
   18 H   -4 -4  7  1  2 -3 -4 -4  2 -6 -4 -1 -5 -6 -5  2 -2 -6  0 -6    0   0  60   7   5   0   0   0   5   0   2   3   0   0   0  14   2   0   3   0  1.45 inf
   19 F   -3 -5 -6 -6 -4 -5 -5 -4 -5  3  3 -5 -1  2 -5 -4 -2 -4 -3  4    1   0   0   0   0   0   0   2   0  17  31   0   1  10   0   0   2   0   0  36  0.90 inf
   20 Y   -2 -5 -5 -6  2 -5 -5 -6 -3  5 -1 -5  1  3 -5 -5 -3  1  6  0    3   0   0   0   4   0   0   0   0  37   4   0   3  11   0   0   1   1  30   4  1.13 inf
   21 A    2 -6 -4 -5 -6 -5 -5  7 -6 -7 -7 -5 -6 -7 -5 -2 -5 -6 -6 -6   20   0   0   0   0   0   0  78   0   0   0   0   0   0   0   2   0   0   0   0  1.96 inf
   22 V   -2 -6 -6 -7 -4 -6 -6 -7 -7  4  0 -5 -1 -1 -6 -5 -3 -6 -4  6    2   0   0   0   0   0   0   0   0  19   7   1   1   2   0   0   1   0   0  67  1.50 inf
   23 V   -3 -6 -7 -7 -5 -6 -6 -7 -7  3 -1 -6 -3 -5 -6 -6 -4 -7 -5  7    1   0   0   0   0   0   0   0   0  15   3   0   0   0   0   0   0   0   0  81  1.95 inf
   24 I    0 -1 -3 -4 -2 -3 -3 -5 -4  3  0  3 -1 -3 -4 -2  1  0 -4  4    6   3   1   0   1   0   1   0   0  15   8  20   1   0   0   3   9   2   0  32  0.50 inf
   25 D   -2 -3 -1  6 -6 -2  3 -1 -2 -5 -5 -3 -5  3 -5  0 -3 -5  0 -5    3   1   2  42   0   1  20   6   1   0   0   1   0  12   0   8   1   0   3   0  0.92 inf
   26 A    2 -3 -4 -5  4 -1 -4 -4 -2 -1  0 -2  0  5 -5 -1 -1 -3  1  0   21   1   0   0   9   3   0   1   1   3   9   3   2  30   0   3   3   0   5   7  0.57 inf
   27 T   -2  2 -2 -2 -2  1 -1  2 -3 -2  0  3  1 -3 -3  1  1 -4 -2 -3    1  13   0   2   1   6   1  18   0   1  10  21   4   0   1   9   9   0   1   1  0.31 inf
   28 F    0 -2 -1  1 -4  0  1 -3 -1 -1 -1  0 -1  2  4  0 -1 -4 -2 -2   10   1   3   7   0   5   8   1   1   3   7   4   2  11  24   5   3   0   1   2  0.34 inf
   29 P   -1 -4 -6 -5 -6 -5 -5 -3 -6 -3 -3 -3 -6 -7  8 -2 -2 -7 -6 -2    6   1   0   0   0   0   0   2   0   1   3   2   0   0  77   2   3   0   0   2  2.20 inf
   30 Y   -2  3 -3 -3 -3  0 -2 -3  1  0 -3  3  0  0 -1  0  0 -3  4 -1    2  19   0   1   0   3   1   1   3   6   1  22   3   3   2   6   6   0  15   4  0.39 inf
   31 K   -2  3 -3 -3 -5  3  0 -4 -1 -2  0  3 -1 -3  3 -1 -1 -5 -4 -3    2  19   0   0   0  16   4   0   1   2  11  22   1   1  14   4   3   0   0   1  0.54 inf
   32 T   -1 -4 -2 -3  2 -4 -3 -3 -4 -3 -4 -3 -2 -4 -1  4  5 -6 -5 -1    3   0   1   1   4   0   1   1   0   1   1   1   1   0   3  35  43   0   0   3  1.03 inf
   33 N   -1  5  1 -1 -3  0 -2  1  0 -5 -4  4 -4 -5 -4  0  0 -5 -4 -5    4  35   7   3   1   3   0   9   2   0   1  23   0   0   0   6   5   0   0   0  0.74 inf
   34 Q   -2  0  1 -4 -5 -1 -3  6 -2 -6 -6 -1 -5 -6 -3  0  0 -5 -3 -5    2   6   7   0   0   3   2  61   1   0   0   4   0   0   1   6   6   0   1   0  1.13 inf
   35 E   -1 -2  1 -1 -4 -1 -1  2 -4 -4 -4  1 -4 -5 -1  3  4 -5 -4 -3    2   1   6   3   0   1   4  18   0   0   1   8   0   0   2  20  30   0   0   1  0.55 inf
   36 R   -4 -1 -2  7 -6  0  0 -2 -3 -6 -6  0 -1 -6 -4  1 -4 -6 -5 -5    0   4   0  65   0   4   5   2   0   0   0   4   1   0   0  11   0   0   0   0  1.47 inf
   37 Y   -3 -3 -5 -6  3 -3 -5 -4  1 -3 -1 -5  1  4 -5 -2 -3  8  6 -3    2   1   0   0   6   1   0   1   3   1   6   0   4  19   0   3   1  22  27   1  1.36 inf
   38 I   -2 -3 -2 -2  5 -1 -2 -3 -1  1 -1  2  3  0 -3  1  0 -4  0  1    1   0   2   2  16   3   1   1   2  10   5  14  10   3   0  10   7   0   3  11  0.35 inf
   39 C   -1 -1 -2 -4  7 -2 -4 -3 -4  1  0 -3  3 -2 -4  1  0 -2 -2  1    5   3   2   0  28   1   0   1   0   9  10   1   9   1   0  11   6   0   1   8  0.65 inf
   40 S   -1 -1  0 -3  0 -1 -1 -3 -1 -1 -3  0  0 -2 -3  2  5 -4 -2  0    4   3   3   0   2   2   3   1   1   2   1   6   2   2   0  18  38   0   1   7  0.50 inf
   41 L   -3 -4 -5 -3  0 -4 -5 -5 -4  3  3 -4  2  4 -5 -4 -2 -3 -1  2    2   0   0   2   2   0   0   0   0  19  33   0   4  18   0   0   1   0   1  16  0.74 inf
   42 K   -1  3 -3 -3 -4 -1 -1 -4 -2 -2 -4  3 -2 -3 -4  0  4 -5 -2  0    3  18   0   0   0   2   3   0   1   3   0  22   1   1   0   6  32   0   1   6  0.66 inf
   43 I   -4 -5 -6 -6 -4 -5 -6 -6 -6  6  3 -5  0 -1 -5 -5 -4 -5 -4  2    0   0   0   0   0   0   0   0   0  49  30   0   2   2   0   0   0   0   0  14  1.27 inf
   44 V    0 -3 -4 -4  2 -2 -2 -3 -3  3 -1  1  0  1 -4 -2  0  1  1  3    8   0   0   0   4   1   2   1   0  16   4  10   2   6   0   3   6   2   5  28  0.32 inf
   45 D   -5 -5 -3  8 -7 -4 -2 -5 -5 -7 -7 -5 -6 -7 -3 -4 -5 -7 -6 -7    0   0   0  93   0   0   2   0   0   0   0   0   0   0   1   0   0   0   0   0  2.72 inf
   46 P   -1 -2 -2  1 -2  3  2 -3  1 -2 -1  0  2 -2  4 -1 -1 -4 -2 -2    4   2   1   6   1  13  16   1   3   2   5   4   5   2  25   4   4   0   1   2  0.48 inf
   47 T   -2 -2  0 -1 -4 -3 -3 -2 -4 -3 -3 -2 -4 -4 -1  5  3  2 -2 -4    1   1   3   4   0   0   1   2   0   2   2   1   0   0   2  55  20   3   1   1  0.97 inf
   48 L   -1 -1 -1 -2  4  0 -2 -2  2  0  1 -2  0  1 -2 -1  1  1  2  1    4   3   3   1   9   4   1   2   7   6  14   1   2   6   2   3  10   2  10   9  0.15 inf
   49 Y    0 -1  0  0 -2  1  0 -1  2 -1 -1  0 -1  0  3  0 -1 -1  1 -1    8   2   5   4   1   6   7   4   7   5   5   4   1   5  14   5   3   0   7   6  0.13 inf
   50 L    0 -1 -1  1 -1  0  0  0  0  0  0 -1  0  0  1  0  1 -1 -1  0    5   3   2   8   1   3   8  10   2   7  12   3   2   4   6   7  10   1   2   5  0.03 inf
   51 K    0  1  0  1 -2  0  1  0  0 -1 -1  1 -1 -1  2  0  0 -1  0 -1    7   8   3  11   1   5   7   5   2   4   5   9   1   2   9   9   6   1   4   3  0.10 inf
   52 Q    0  0  1  1 -1  1  1  1  1 -1 -1  0 -1 -1  0  0  0 -1 -1  0    8   4   7   7   1   7   9   9   4   2   6   5   2   2   4   6   8   1   2   6  0.06 inf
   53 Q    0  0  0  0 -1  1  1 -1  0 -1  0  0  0 -1  0  0  0  2  0  0    5   6   4   4   1   8  11   5   2   2  11   3   3   3   3   7   8   3   4   6  0.04 inf
   54 K    0  0  0  1 -1  0  0  1  0 -1  0  1 -1 -1  0  0  0  0 -1 -1    5   6   4  10   1   5   5  10   2   4  10   9   1   2   3   8   5   2   2   4  0.04 inf
   55 G    0  0  0  0 -1  0  0  2 -1 -1  0  0  0  0  0  0  0  0  1  0    6   5   4   7   1   4   6  17   1   4   7   3   3   3   5   6   4   2   6   6  0.04 inf
   56 A    1  0  0  0  0  0  0  1  0 -1 -1  0 -1 -1  0  1  1 -1 -1  0   13   4   5   7   2   3   6  13   2   3   5   4   1   3   4  10   8   1   2   6  0.06 inf
   57 G    0  0  0  0 -1  0  0  1  0 -1 -1  0 -1  0 -1  1  0  0  1 -1    7   4   4   6   1   4   4  15   2   5   5   6   2   5   3  12   6   2   6   4  0.05 inf
   58 D    0  0  0  1 -1  0  1  1  1 -1 -1  0 -1  0  0  0  0 -1  0 -1    6   3   5  11   1   4   9  10   5   3   6   6   1   6   4   7   5   1   4   4  0.06 inf
   59 A    0  0  0  0  0  0  0  0 -1  0  0 -1  0 -1  1  1  0 -1  0  0    8   4   3   5   2   3   6   9   1   5  10   3   4   2   6  15   6   1   3   5  0.04 inf
   60 S    0 -1  2  1 -2 -1  0  1 -1 -2 -2  0 -1  0  1  1  0  3  0 -2    6   1  12  10   0   2   5   9   1   1   3   7   2   5   7  14   3   5   3   3  0.16 inf
   61 D   -1  0  1  2 -2  0  1  0  0 -1 -2 -1 -2 -2  2  1 -1 -3 -1  0    4   6   7  14   1   2  11   8   2   4   2   2   0   2   9  12   3   0   2   7  0.15 inf
   62 Y   -1 -2 -2 -1 -3 -1 -1  4  1 -2 -1  1 -3 -1  0  1 -1 -3  0 -3    4   1   1   3   0   2   3  39   4   3   6  11   0   3   4  10   2   0   4   1  0.40 inf
   63 A   -1 -2 -5 -3  2 -4 -4 -5 -4  3  4 -4  2  1 -4 -2 -2 -4 -3  1    4   2   0   1   4   0   0   0   0  18  47   0   4   7   0   2   2   0   0   7  0.68 inf
   64 T   -1  0 -1 -2 -2 -1 -1 -2 -2  0 -1  2  0 -3  1  1  4 -1 -3 -1    4   3   2   1   1   2   3   3   1   6   4  14   2   1   6  12  31   1   0   3  0.32 inf
   65 L   -2 -5 -3 -6  6 -2 -5 -6 -5  4  2 -5 -1 -3 -5 -4 -3 -5 -4  4    3   0   1   0  18   2   0   0   0  20  17   0   1   1   0   0   1   0   0  37  1.01 inf
   66 V   -2  1  5 -2 -4  0 -3 -4  1 -1 -1  1  3 -1 -4  0  1 -5 -3  1    2   7  30   1   0   3   0   0   4   2   5   9   8   3   0   5   9   0   0  11  0.42 inf
   67 L   -4 -5 -6 -6  1 -5 -6 -6 -4  3  3 -5  0  5 -6 -3 -4 -3  3  2    0   0   0   0   3   0   0   0   0  19  31   0   1  22   0   2   0   0   9  12  0.88 inf
   68 Y   -6 -1 -7 -7 -6 -4 -3 -4 -5 -3 -4 -3 -4  9 -7 -6 -6 -3  2 -1    0   3   0   0   0   1   2   2   0   1   0   2   0  79   0   0   0   0   6   4  2.28 inf
   69 A    3  1  0 -2  1 -1 -2 -2  1 -3 -2 -1  0  1 -3  3 -1 -1 -2 -2   29   9   5   2   3   1   2   1   4   1   3   3   2   6   0  22   3   1   1   2  0.31 inf
   70 K   -1  2  1  2 -4  2  1  0 -3 -3 -4  3 -3 -5  3  0 -1 -5 -4 -3    3  13   5  10   0   8   8   8   0   1   0  20   0   0  14   5   4   0   0   1  0.42 inf
   71 R   -1  1  3  1 -2  1  1 -2  1 -3 -2  1 -3 -3  0  1  2 -4 -2 -2    2   7  16   6   1   6   7   2   4   0   3   8   0   1   5   9  18   0   1   2  0.28 inf
   72 F    0  0 -2 -2 -2 -1  1 -3 -2  0  1  1  1  1  3 -2 -1 -3  1  0    8   4   1   0   1   2  13   1   0   5  16   8   5   5  17   1   3   0   5   6  0.21 inf
   73 E    1  0  0  3 -5  0  5 -2  0 -5 -5  0 -4 -4 -3  2 -2 -5 -2 -4   11   4   4  14   0   2  37   2   3   0   0   4   0   1   1  14   1   0   1   0  0.63 inf
   74 D    1  0  0  3 -3  0  2 -2  3 -3 -1  1 -2 -2 -3  0 -1  0 -1 -3   12   6   3  22   0   4  11   2  10   0   6  10   1   2   0   6   2   1   1   0  0.30 inf
   75 L   -3 -4 -5 -5 -1 -4 -5 -5  0  1  5 -5  4  0 -5 -4 -3  1 -3 -1    2   0   0   0   1   0   0   0   2   6  65   0  11   4   0   1   1   2   0   2  1.09 inf
   76 P   -1 -5 -5 -3 -5 -3 -4 -5 -5 -2 -5 -4 -1 -2  8 -2 -4 -6 -5 -2    5   0   0   1   0   1   0   0   0   2   0   0   2   2  79   2   0   0   0   3  2.25 inf
   77 I   -1  1  1  0  1  2  0 -2  1  0 -1  0 -1 -1  1  0 -1 -3 -1  0    3  10   7   6   4  12   5   1   4   7   5   6   1   3   9   5   3   0   1   7  0.11 inf
   78 I   -1 -2 -1 -2  0 -1 -3 -3 -3  4  0 -3  0  0  0 -2  0 -3 -1  4    3   2   4   3   1   2   1   1   0  26   6   1   2   5   5   1   4   0   1  32  0.38 inf
   79 H    0  1  0  0 -2  1  0  0  0  0 -1  1  0 -1  2  0  0 -2  1 -1    5   7   4   4   0   6   7   6   2   7   6  12   2   2   9   3   6   0   6   5  0.07 inf
   80 R    2  1  1  0  0  1  0  0  0 -2 -3  1 -2 -3 -1  2  0 -3 -2 -2   16   8   5   6   2   6   3   6   2   2   2   9   1   0   2  23   4   0   1   1  0.22 inf
   81 A    0 -2  0  0  1 -1 -1 -2  1  2  0 -1 -1 -1  0 -1  0 -1 -1  2   10   1   4   5   4   2   3   1   5  14   9   3   0   2   4   4   5   1   1  22  0.09 inf
   82 G   -2 -3 -1  0  0 -4 -3  6 -1 -5 -5 -4 -5 -5 -1 -2 -2 -5 -5 -5    2   2   2   4   2   0   1  75   2   0   1   0   0   0   3   2   3   0   0   0  1.45 inf
   83 D   -3 -4 -1  7 -6  2 -1 -3  1 -5 -6 -3 -1 -6 -4 -2 -2 -6 -5 -5    2   0   2  72   0   9   2   2   4   0   0   1   2   0   0   1   2   0   0   0  1.65 inf
   84 I   -2 -5 -5 -5 -4 -4 -5 -5 -5  6 -1 -2  1 -3 -1 -4 -1 -5 -4  4    3   0   0   0   0   0   0   0   0  48   2   3   4   0   3   0   2   0   0  32  1.06 inf
   85 I   -1 -5 -5 -5 -3 -4 -5 -5 -5  6  1 -5  1 -1 -5 -4 -3 -5 -3  4    5   0   0   0   0   0   0   0   0  46  10   0   3   2   0   0   0   0   0  31  1.04 inf
   86 R   -1  4 -3 -4  0  0 -2 -4 -1  1  3 -2  0  0 -4 -2 -3 -3  0  1    5  29   0   0   2   4   1   0   1   7  28   0   2   5   0   3   0   0   3   9  0.41 inf
   87 V   -1 -4 -5 -3 -1 -4 -4 -5 -4  3  4 -4  2  4 -4 -4 -3 -3 -2  2    4   0   0   2   1   0   0   0   0  15  37   0   5  19   0   0   0   0   0  14  0.69 inf
   88 H   -3  4  0 -3 -1  1 -2 -4  8 -3 -2  0  0 -4 -4  0  0 -4 -2 -4    0  27   3   1   2   6   0   0  35   2   3   4   2   0   0   6   5   0   1   1  1.00 inf
   89 R   -3  6  3 -1 -1  1 -1 -1  3 -5 -4  1 -2 -5 -4  0 -3 -5 -3 -4    1  43  16   3   1   7   1   6   6   0   1   5   1   0   0   7   0   0   0   0  0.81 inf
   90 A    2 -4 -4 -4  0 -3 -4 -4 -4  3  2 -4  1  0 -4 -2 -2 -4 -1  4   19   0   0   0   2   0   0   0   0  19  16   0   2   4   0   2   1   0   2  31  0.51 inf
   91 T   -1  1  0 -2 -3  2  0 -3  2 -3 -2  3  0 -3  0  0  1  2  0 -1    3   7   5   0   0   8   6   0   5   0   4  26   4   0   3   7   9   3   3   5  0.24 inf
   92 L    0  0 -2 -2  2 -1  0  0 -2  0  0  0  1  1  1  0  0 -2  1  0    7   7   0   0   7   0   7   7   0   7   7   7   7   7   7   7   7   0   7   7  0.06 inf
   93 R   -2  2  1 -1 -1  5  0 -1 -3 -3 -4  2 -1 -3 -4  1  0 -5 -4 -1    1  13   7   2   1  28   5   4   0   1   0  13   1   1   0  11   5   0   0   6  0.48 inf
   94 L   -1  1 -1 -1 -1  1  0 -3  0  0  0  1  1 -1  0  0  1  1  0  0    2   6   2   2   1   5   6   0   3   7  10   9   6   1   5   9  13   2   3   7  0.08 inf
   95 Y   -3 -1 -4 -5 -5 -4 -4 -5  5 -1 -2 -2 -1  5 -5 -3 -3  5  6 -1    2   3   0   0   0   0   0   0  15   3   3   3   1  25   0   2   1   6  28   5  1.11 inf
   96 N   -2  2  4  3 -5  1 -1  0  2 -4 -3  2 -4 -4 -1 -1 -2 -5 -1 -3    1  11  25  15   0   8   2   7   4   0   2  14   0   0   2   3   1   0   2   2  0.50 inf
   97 G   -2 -1  2  2 -5  1 -1  5 -1 -4 -4 -1 -4 -5 -2  1 -3 -5 -3 -5    1   4  10  13   0   6   4  44   1   1   2   3   0   0   2  10   0   0   1   0  0.71 inf
   98 Q   -1  2  1  0 -4  2  3  1  0 -3 -3  2 -3 -4 -2  0 -1 -4 -3 -2    4  13   7   5   0  11  19  10   2   2   2  11   0   0   1   8   2   0   0   2  0.33 inf
   99 R   -2  2 -1 -2 -3 -2 -2 -3  0  2  1  1  1  1  2 -1  0 -3 -1  1    1  12   2   2   0   0   1   1   2  13  16   8   3   5  12   4   6   0   1   9  0.18 inf
  100 Q   -2  0  0  0 -1  5  0 -3 -1 -2 -1 -1  2  0 -2  0  1 -3  1 -1    2   5   5   5   1  30   3   1   1   2   5   2   5   4   1   7  10   0   6   3  0.34 inf
  101 F    1 -3  0 -2  0 -3 -3  3  2  0  0 -3 -2  3 -3 -1 -1 -3  0  0   12   0   5   2   3   0   0  24   6   4  11   0   0  13   0   3   4   0   2   9  0.24 inf
  102 N    0 -1  0 -1  1 -1 -2 -1  0  2  1 -1  0 -2 -3  0  1  1 -1  3    6   3   7   4   3   2   0   4   2  12  12   2   2   0   0   5   7   2   2  25  0.13 inf
  103 A    1  0  0 -2  2 -1 -1  0 -2  0 -1 -1 -2  0 -3  1  1  0  0  1   16   4   6   0   4   2   3   8   0   6   5   2   0   5   0  15   9   2   3   9  0.10 inf
  104 N   -1 -1  4  0  3 -2 -2  1  1 -1 -2  0 -3  0  0  1 -1 -3  0 -1    5   3  25   3   6   0   0  13   3   4   4   4   0   4   4  10   3   0   4   3  0.24 inf
  105 V    0  0  0  0  2  1  0 -1  0  0 -2  0  0 -1  1  1  0 -3  1  0    7   5   4   6   6   5   6   4   2   6   2   7   2   2   6  13   4   0   5   6  0.06 inf
  106 F    0  1  0 -1 -3 -1 -1  2  2 -2 -2  1 -2  1 -2  0  0 -3  1  0    6   8   3   3   0   2   3  17   6   2   3  10   0   7   1   7   7   0   7   6  0.12 inf
  107 Y   -2  1 -1  1  0 -1 -2 -2 -3 -3 -2  2 -3  4 -3  0  0  3  3 -3    3   8   3   9   2   2   2   2   0   1   3  13   0  23   1   8   5   4  10   1  0.38 inf
  108 S    1  0  2  0 -3  0  0  1 -1 -2 -2  0 -1 -1 -1  2  0 -3  0  0   11   4  11   3   0   4   4  12   1   2   4   5   1   3   2  16   6   0   3   6  0.12 inf
  109 S    1 -1 -1 -2  0 -3 -3 -3 -3 -2 -2  0  1  1 -4  4  1  3 -1  0   11   3   3   2   2   0   0   0   0   2   3   6   3   7   0  35  10   4   1   5  0.40 inf
  110 S    0  1 -2 -1  0  0 -1 -3 -1 -1 -2 -2 -3 -2  0  4  0  0  0 -2    7   8   1   3   2   5   3   1   1   3   3   1   0   2   5  42   4   1   4   3  0.43 inf
  111 W   -3 -5 -5 -5 -2 -3 -5 -5 -4  1 -1 -2  1  6 -5 -2 -3  9 -1  0    2   0   0   0   1   1   1   1   0   8   6   3   3  29   0   4   1  31   1   7  1.42 inf
  112 A    3 -2 -3 -1  3 -3 -3 -2  0  1  0 -3 -2 -1  0  0 -1 -4 -2  2   32   2   0   3   6   0   0   2   3   8  11   0   0   2   4   8   2   0   1  15  0.34 inf
  113 L   -2 -4 -2 -3 -1 -4 -3 -3 -1  2  3 -4 -1 -3 -1 -1  1  0 -3  3    2   0   2   2   1   0   2   2   2  14  33   0   1   0   3   5  10   1   0  20  0.43 inf
  114 F   -3 -3 -5 -2 -5 -5 -5 -4 -1 -1 -1 -3 -1  8 -2 -4 -5  3  4 -1    2   2   0   2   0   0   0   2   2   3   4   1   1  58   3   1   0   4  11   4  1.47 inf
  115 S   -1  2  2  2 -4  0  2 -1  0 -3 -3  0 -3 -4  2  2 -1 -4 -1 -3    4  10   9  10   0   2  16   5   2   1   2   4   0   0  10  16   4   0   3   0  0.31 inf
  116 T    0 -1 -1 -3 -4  0 -1  4 -3 -2 -2 -1 -2 -4  3  1 -1  0 -4 -2    7   4   3   1   0   5   3  34   0   2   4   4   1   0  14  11   3   2   0   2  0.47 inf
  117 D    0  1  2  2 -3  1  1 -1 -2 -3 -2  2 -1 -2 -1  1  0 -3  0 -1    8   6  10  13   0   7   8   3   0   1   2  13   2   2   2   9   5   0   4   5  0.18 inf
  118 K    0  0  1  1 -3  0  0  0  1 -2 -1  1 -1 -3  1  2  0  0 -2 -2    6   6   6   8   0   3   6   7   4   2   8  10   1   1   7  16   4   1   1   2  0.12 inf
  119 R    0  1  2  0 -3 -1  0  3 -2  0 -1  0 -2 -1 -1  0 -2 -3 -3 -1    6   8  10   4   0   2   6  24   0   7   4   7   0   3   2   8   1   0   1   5  0.18 inf
  120 S    0 -1  1  1 -2  1  1  0 -1 -1 -2  0 -1 -2  2  1  0  0 -2  0    8   2   6   9   0   7   7   6   1   2   2   5   2   2  11  13   5   2   0   8  0.14 inf
  121 V    1  1  0 -1 -1  0 -1  0  0  0  0 -1 -1 -1  2  0  0 -2 -1  1   12   8   4   3   1   3   2   8   2   6   9   3   1   3  12   6   3   0   2  11  0.07 inf
  122 T    0  0  0  0 -1  0  0 -2 -1  0  0  0  0  0  2  0  0 -2  0  0    8   5   5   4   1   2   7   2   2   6  11   6   1   4  12   6   7   0   3   7  0.07 inf
  123 Q    0  0  0  0 -1  2  1  0  1  0  0  0  0 -1  0  0 -1 -2 -1  0    6   4   3   3   2  12  11   6   3   7  12   3   2   2   5   8   3   0   2   5  0.05 inf
  124 E    0  0  0  0  0  0  0  0 -1 -1  0  0  0 -1  3  0 -1 -2  0  0    9   4   3   6   3   4   7   6   1   1  11   5   3   3  14   7   3   0   4   6  0.10 inf
  125 I   -1 -1  0  0 -2  1 -1 -1  0  1  0 -1  0  0  3  0  1 -2 -1  0    4   3   4   5   1   7   3   4   2   9   8   3   2   4  16   6  10   0   2   7  0.14 inf
  126 N    0  0  1 -1  0  1  1  1 -1  0 -1  1  0  0 -1  0  0 -2  0 -1    8   6   8   2   2   7   8  10   1   5   4   8   4   6   3   8   4   0   3   3  0.05 inf
  127 N   -1 -1  1  2  1 -1  0  1 -1 -2 -1  0 -1 -1  2  0  1 -2 -2 -1    3   3   8  14   4   2   4  14   1   3   5   7   2   4  11   4   8   0   1   3  0.16 inf
  128 Q    0  0  1  0 -2  2  1  1  0 -1 -2  1 -2 -1  0  1  1 -2  0 -2    6   5   6   5   1  11   9  11   2   3   4   7   1   2   3   9   9   0   4   2  0.12 inf
  129 D    0 -1  0  1  0  0  1  1 -2  0 -1 -1 -1 -2  3  0  0 -2 -1 -1    6   3   4   7   3   4  10  10   1   5   5   3   1   2  14   9   5   0   3   5  0.13 inf
  130 A    1  0  0  0  0  0  1  0 -2 -1 -1 -1 -1 -1  1  1  1 -2 -1  0   12   4   4   6   2   3  10   7   1   4   6   3   1   2   8   8   9   0   1   8  0.08 inf
  131 V    0  1  0  0 -2  0  1  1  0 -1 -1  0  0 -1  0  0  0  0 -1  0    6   7   5   4   0   1  10  12   2   3   7   5   3   3   5   9   6   1   2   8  0.04 inf
  132 S    0  1  1  0 -2  0  0  0 -2 -1 -2  1  0 -1  2  1  0 -2 -1 -1    8   7   8   4   0   4   7   6   0   4   3   7   4   3  12  10   7   0   3   3  0.13 inf
  133 D    0 -1  2  3 -3  0  1 -1  0 -1 -1  0 -2 -2  1  0  1 -3 -2 -2    7   2   9  18   0   2  11   3   3   3   7   7   0   2   6   6   8   0   1   2  0.17 inf
  134 T   -1 -1  0 -2 -1  0  0 -1  0  0  1 -1  0  3  1  0 -1  0  2  0    3   4   4   2   1   4   6   4   2   5  12   2   3  16   7   7   3   1   8   6  0.10 inf
  135 T    0  0  0 -1 -2  0  1 -1 -1  0  0  1 -1 -2  0  0  1  1 -1  1    6   7   4   3   0   3   9   4   1   7   8   8   1   1   4   8   8   2   1  15  0.05 inf
  136 P   -3 -2  0 -1  2 -2 -1 -4 -4 -1 -1 -2 -1 -4  6  0 -1 -4  1 -1    1   2   4   3   5   1   5   1   0   3   5   3   2   1  45   6   3   0   4   5  0.93 inf
  137 F    0  0  0 -3  0 -1 -1 -2  0 -2 -1 -2  1  1 -1 -1 -2  2  6 -1    7   5   5   1   2   3   5   3   2   2   6   2   3   5   4   5   2   3  32   4  0.48 inf
  138 S    1  2 -2 -1 -4  4  0  0  1 -2 -2  1 -3 -1  0  2 -1 -4 -1 -3   10  11   1   3   0  20   5   6   4   2   3   6   0   2   5  14   3   0   2   1  0.30 inf
  139 F   -1  0 -2 -2  2 -1 -1 -3  4  1 -1  1 -1  1 -3  1  1 -2  1  0    3   4   1   2   4   3   3   1  11  10   6   8   1   6   1  14  12   1   4   6  0.16 inf
  140 S    0  0  0  0  2  0  0  0 -1  0 -1  0  1  0  1  0  0 -2  1  0    6   6   5   6   5   5   6   6   0   6   6   6   5   5   6   6   6   0   5   6  0.03 inf
  141 S   -1 -1  1 -1  0 -2 -1  0  1 -4 -2  0  1 -1  1  3  0  1  2 -2    5   2   5   3   2   0   4   7   3   0   3   5   4   2   7  28   6   2   9   2  0.26 inf
  142 K    0  0  1  0  0  1  0 -1  0 -1 -1  3 -1 -3  0  0  0 -4 -1  0    6   5   7   4   2   7   6   3   2   3   6  23   2   0   3   5   6   0   2   6  0.16 inf
  143 H    0  0  1 -1  0  1  0 -1  3 -1 -2  1 -2  0 -1  1  0 -3  1 -1    8   6   8   2   2   8   6   3   9   3   3   8   0   4   3  10   7   0   5   5  0.12 inf
  144 A    0 -4 -1 -4  2 -4 -2 -2  2  0 -2 -3 -3  5 -1 -1 -1  3  5  0    8   0   3   0   4   0   3   3   6   4   3   1   0  25   3   4   3   4  18   6  0.60 inf
  145 T   -1  0  0  0 -1 -1  1 -2  3 -2 -1 -1 -1  0 -1  2  2 -4 -2 -1    4   6   4   4   1   2   8   2   8   1   8   3   1   5   3  18  17   0   0   5  0.18 inf
  146 I   -1 -1 -1 -2 -1  0  0 -1  0  1  0 -2  1  4  0 -1 -3  2  1 -1    5   3   3   2   1   5   7   4   3   8   8   2   5  23   6   3   0   3   4   4  0.22 inf
  147 E   -2  2  0  0 -1  1  2 -2  0 -2 -1  0 -1 -4 -2  2  3  0 -3 -2    2  11   3   6   1   5  15   2   3   3   5   4   2   0   1  14  19   2   0   3  0.26 inf
  148 K    0 -1  1  1 -3  1  2 -2  0  0 -1  1 -1 -1  1  0  0 -1 -2 -1   10   1   6   9   0   7  16   2   2   6   5   8   1   2   8   6   6   1   1   3  0.16 inf
  149 N    0 -1  1  0 -4  2  2 -3  6 -1 -1 -1  0 -4 -2  1 -2 -4 -1 -1    6   2   7   5   0  11  13   1  19   5   5   4   2   0   2   9   2   0   2   5  0.37 inf
  150 E   -3 -1 -1  6  0  0  4 -3 -2 -3 -4 -1 -5 -3 -5 -1 -1 -6  0 -4    1   3   2  43   2   3  23   2   1   1   1   4   0   1   0   4   3   0   3   1  0.95 inf
  151 I    0  2 -1 -1 -4  2  1 -1  3 -2 -1  3 -1 -2  0  0 -1 -4  0 -2    9  10   2   2   0   9  11   4   7   2   5  18   2   1   4   6   3   0   3   2  0.22 inf
  152 S    0  0  0  1  1  2  1 -1  0 -1 -2  2 -1 -3  0  0 -1 -4 -1 -1    7   3   5   8   4   8   8   5   2   4   3  19   2   1   5   8   4   0   2   3  0.15 inf
  153 I    0  1 -2 -1  0  0 -1 -1 -1  1  0 -1  2  2 -1 -1  0 -2  1  0    7  10   0   3   3   4   4   4   2   9  10   3   7  12   3   4   6   0   5   6  0.06 inf
  154 L   -1 -2 -1 -3  1 -2 -4 -4 -4  4  1 -1  1  1 -2 -2 -1 -4 -3  4    4   1   3   2   2   2   0   0   0  23  14   3   4   6   2   3   3   0   0  28  0.44 inf
  155 Q   -1  2  0  1 -4  2  2 -2  1 -1 -2  0  0 -4  1  0  0 -4 -2 -1    4  14   5   9   0   9  14   2   3   4   2   5   3   0   8   7   5   0   1   5  0.20 inf
  156 N    0  0  2  3 -4  2  1 -1  2 -4 -3  1 -3 -2 -1  0  0 -4 -1 -3   10   5  10  18   0   9   9   4   6   0   2   8   0   1   2   7   4   0   2   1  0.29 inf
  157 L   -2 -4 -4 -5 -4 -2 -1 -3  0  0  5 -4  3  0 -2 -2  0 -4 -1 -1    2   0   0   0   0   1   4   2   3   5  55   0   7   3   2   2   7   0   2   3  0.70 inf
  158 R   -1  6 -1 -2  0  0  0 -2 -1 -3 -2  0 -1 -5 -2  1 -2  1 -4 -2    5  48   2   2   2   3   6   2   1   2   4   3   2   0   2   9   2   2   0   3  0.75 inf
  159 K    0  0  1  1 -3  1  1 -2  0  0 -1  2  0 -2  0  1  0 -3 -1  0    6   3   9   7   0   7   8   1   3   5   5  15   3   2   3   9   4   0   1   8  0.12 inf
  160 W   -2 -3 -5 -2  0 -1 -3 -3  0 -5 -2 -4 -4  2  1  0 -4 11  1 -3    4   2   0   3   2   4   2   2   2   1   4   1   0   7   6   6   1  47   4   2  1.73 inf
  161 A    3  0 -1 -3  0  1 -2  0 -3 -1  0 -1  1  0 -2  1  0  3 -2 -1   28   5   3   1   2   8   1   7   0   2  11   2   3   4   2   9   6   4   0   2  0.20 inf
  162 N    1  1  0 -1 -1  1  1 -1 -2 -1 -2  0 -2 -1  1  2  0 -3 -3  1   11   8   4   2   1   8   8   3   0   3   3   6   0   2   6  17   6   0   0  11  0.13 inf
  163 Q   -1  1  1  0 -3  4  0 -2  0 -3 -2  1 -3 -4 -1  2  2 -4 -1 -2    3   6   8   6   0  19   3   2   3   1   4   9   0   0   3  17  12   0   2   3  0.30 inf
  164 Y    0  0  1 -1 -1  1 -1 -1  5 -2 -1  0 -2  1 -1 -1 -1  0  3  0    6   4   7   3   1   8   3   5  16   2   5   5   0   6   3   4   3   1  10   7  0.19 inf
  165 F   -1 -2 -1 -2 -3 -1 -2 -2  1  2  2 -1  0  2  0  0  0 -1  0  2    3   2   2   2   0   2   2   3   4  13  19   3   1  12   5   6   4   1   3  13  0.16 inf
  166 S    1  0 -1  0 -3  1 -1 -1 -2 -1 -2  2 -1 -2  1  2  0 -1 -1  0   12   4   2   4   0   7   3   4   1   4   3  13   1   1   7  18   6   1   2   7  0.16 inf
  167 S    1  0  1  0 -3  2  1 -1 -2 -1 -2  0 -1 -3  1  2  0 -4 -2 -2   11   3   8   6   0  11   8   4   1   3   3   6   2   1   7  20   4   0   1   3  0.21 inf
  168 Y    0 -1  1  0  0  0  0 -2 -1 -1  0  0  0  0  1  1  1 -1  1 -1    9   2   9   4   2   3   5   2   1   4  10   6   2   5   6  14   8   1   5   2  0.07 inf
  169 S    0 -2  2  0  0  0  0  1  1 -2 -2  0 -3  0  2  2 -1 -4 -2 -1    6   1   9   5   2   5   6  11   4   3   3   5   0   5   9  18   2   0   1   5  0.16 inf
  170 V    0 -3 -2 -1 -1  0 -1 -2 -3  1  1 -2 -2 -2  2  0  1 -4 -3  2    7   0   1   4   1   4   4   3   0  10  13   2   0   2  11   7  11   0   0  18  0.20 inf
  171 I   -1 -1  0  0  0 -1 -1 -1  0  1  2 -1  1  0  1 -1  1 -3  0  0    4   3   4   7   2   3   2   5   2  11  21   2   3   4   6   4  10   0   3   6  0.07 inf
  172 S    0  0  1  0 -1  0  1  0 -2 -1 -2 -1 -2 -2  1  3  1 -4 -2 -2    6   5   7   5   1   3  11   6   0   3   4   3   1   2   7  24   9   0   1   2  0.22 inf
  173 S   -1  1  1 -1 -1  0 -1 -1 -1 -2 -1  2 -2 -1  0  2  1 -4 -1 -1    3   6   7   2   1   5   3   3   1   2   8  16   0   2   5  21   9   0   2   4  0.19 inf
  174 D    0  0  0  0  2  1  0  0  2 -2 -1  0  1 -2  0  0  0  3  1 -1    6   6   5   6   5   5   6   6   5   0   6   6   5   0   6   6   6   5   5   6  0.09 inf
  175 M   -1  0  0  0  1  0  0 -1 -2 -1  0  1  1 -1  1  0  0  1  1  0    3   5   5   4   4   2   6   5   0   2   7  10   6   1   7   9   8   2   7   6  0.06 inf
  176 Y   -1 -1  0 -2 -3 -1 -1 -1  0  0  1  0  0  3  0 -1 -1  3  3 -1    5   2   5   2   0   3   3   6   3   4  12   8   2  16   4   3   4   4  10   5  0.15 inf
  177 T    0  0 -1 -1  1  0 -1  0  0  0  0  0  0  1  0  0  1 -3 -2  1    5   6   2   2   3   4   3   6   2   4  11   4   1   8   4   9  12   0   0  13  0.04 inf
  178 A   -1  1 -3 -1 -4  3 -1 -1 -3  1  1  1  0  0  3  1 -1 -4 -3 -1    2   7   0   3   0  15   3   4   0   8  13   7   2   4  13  12   3   0   0   4  0.20 inf
  179 L   -2 -3 -2 -2 -1 -1 -3 -5 -5  2  4 -1  0  0  0 -2  0 -4 -4 -1    3   1   2   2   1   3   2   0   0  13  49   3   1   3   5   2   7   0   0   2  0.57 inf
  180 N    0  2  1 -1  4  0 -1 -3  0  1  0  1 -2 -3 -1  2 -1 -4 -2 -1    6  12   8   2  11   4   2   0   2  10  10   9   0   0   2  15   3   0   1   3  0.21 inf
  181 K   -1  2 -1  4 -5  1  2 -2  0 -2 -4  2 -4 -1  0  0 -1 -5 -2 -3    5   9   2  23   0   5  14   3   2   2   0  15   0   2   4   7   3   0   1   1  0.42 inf
  182 A    1 -1  0  2 -1  0  1 -1 -3  2  0 -1 -1 -3 -1  0 -1 -4 -3  2   10   3   4  12   1   4   9   4   0  17   7   2   1   0   2   5   3   0   0  15  0.14 inf
  183 Q   -2  1 -1 -3 -3  3  0 -2 -1  1  0  2  0 -2  0 -1  1 -4 -2  0    2   8   3   0   0  16   5   2   1  11   8  15   2   1   5   3   9   0   1   8  0.20 inf
  184 A    0  0 -1  0  0  1  0  0 -2 -1 -3  1 -1 -1  4  1 -1 -3 -2 -1    5   6   3   4   2   7   6   6   0   4   2  10   1   3  19  14   2   0   1   5  0.25 inf
  185 Q   -1  0  0  0 -1  2  3 -2 -2 -1 -1  0  3  1  1  0 -2 -3  0 -2    5   4   4   5   1  10  21   2   0   3   4   5   9   7   7   6   1   0   3   2  0.22 inf
  186 K   -1  0  1  0 -1  2  0  3 -1 -3 -3  2 -2 -2 -2  0 -2 -4 -2 -2    4   3   8   5   1   9   6  28   1   0   3  12   1   1   2   8   2   0   1   3  0.31 inf
  187 G   -1  0  1  0 -2  0  1  2 -2 -1 -1  1 -1 -2 -2  0  1 -3  0  0    3   4   6   4   1   4   9  18   0   2   5  11   1   1   2   6  13   0   4   6  0.13 inf
  188 D   -3  2 -1  2  2 -1 -1 -3  1 -4 -3 -1 -3  5 -1 -1 -1  0  5 -3    2  12   2  12   4   2   3   1   3   0   1   3   0  22   3   4   3   1  19   1  0.56 inf
  189 F   -3 -1 -5 -6  0 -5 -5 -2 -1 -1 -2 -2 -3  7 -3 -1 -4 -3  3  1    2   4   0   0   2   0   0   3   2   3   2   2   0  52   1   6   0   0   9  10  1.21 inf
  190 D   -3 -4  3  7 -6  0 -1 -5 -4 -6 -6 -2 -5 -2 -5 -1 -1 -6 -5 -6    2   0  14  62   0   4   3   0   0   0   0   2   0   2   0   4   4   0   0   0  1.53 inf
  191 V   -2 -5 -6 -6  1 -5 -5 -6  0  3  5 -3  0 -1 -5 -4 -2 -5 -1  1    3   0   0   0   3   0   0   0   2  13  59   1   1   2   0   1   2   0   2  10  0.99 inf
  192 V   -1 -3 -1 -4  3 -3 -4 -5 -2  2  1 -3 -1 -1 -4 -1  3 -4  1  3    4   1   3   0   7   1   0   0   1  13  12   1   1   2   0   4  19   0   5  26  0.48 inf
  193 A    1 -6 -2 -1  9 -1 -5  0 -6 -4 -3 -5 -4 -6 -6 -3 -2 -6 -6  3   12   0   2   4  46   4   0   9   0   0   2   0   0   0   0   2   2   0   0  19  1.54 inf
  194 K   -3  2 -4 -4 -1  5  2 -4 -4 -3 -1  4 -4 -6 -5 -3 -1 -6 -2 -5    1   8   0   0   1  31  11   1   0   1   8  30   0   0   0   1   4   0   1   0  0.94 inf
  195 I   -3 -6 -6 -1 -5 -6 -6 -7 -6  5  2 -6 -2 -4 -6 -5 -1 -6 -5  5    1   0   0   4   0   0   0   0   0  29  21   0   0   0   0   0   3   0   0  41  1.19 inf
  196 L   -3 -3 -3 -4 -4 -2 -2 -3 -5  2  4 -4 -1 -1 -3 -4  0 -5 -4  4    1   1   1   1   0   2   3   2   0  10  42   0   0   3   2   0   6   0   0  26  0.69 inf
  197 Q    0 -1  0  0  0  2 -1  1  6 -5 -5  2 -4 -3  0  1 -3 -5  0 -5    8   2   4   4   2   8   4   9  25   0   0  13   0   1   4  12   0   0   2   0  0.59 inf
  198 V   -1 -2 -4 -3 -1 -2 -3 -2 -1  3  0  2  1 -2 -4 -2  1 -5 -3  4    4   1   0   1   1   1   1   3   2  21   7  13   3   2   0   2   8   0   0  32  0.46 inf
  199 H    2 -2  1 -2  4  1 -2 -2  3 -2 -2 -3 -2  3 -1  0 -2  2  2 -1   18   1   7   2  10   7   1   2   7   2   4   0   0  12   3   6   2   3   7   5  0.26 inf
  200 E   -2  0  0  2 -2  0  4 -3  1 -2 -3  1 -3 -1  1  0  0 -4  0 -1    1   6   4   9   1   4  30   2   3   3   2   7   0   3   6   5   7   0   4   4  0.31 inf
  201 L   -1  0  1  0  0 -1 -1 -2  0  1  0  0  0  0 -1  0  0 -3  0  2    3   4   8   6   2   1   3   2   2  10   9   4   2   4   2   8   5   0   2  20  0.06 inf
  202 D    0 -2  1  5 -4  0  1 -3 -1 -4 -2  0 -4 -2  0  1  1 -5 -1 -4   10   1   5  33   0   3   8   1   1   0   3   6   0   2   4  11   9   0   3   0  0.49 inf
  203 E   -1  0  1  3 -4 -1  2  2 -3 -4 -4  2 -2 -2  0  2 -1 -4 -2 -3    4   3   7  17   0   2  14  16   0   0   1  11   1   2   4  14   2   0   2   1  0.35 inf
  204 Y    0 -1  2  2  0 -1  0  0  0 -2 -2 -1 -2 -1 -2  1  1 -3  3 -1    6   3   9  14   3   2   4   9   2   1   4   2   1   2   1  11   9   0  14   3  0.20 inf
  205 T    0  0  0 -1  1  0  1 -1 -2 -1 -1  1  1 -2  0  1  1  0 -2 -1    7   6   3   3   4   4  12   3   0   2   6   8   5   1   4  13  12   1   1   4  0.11 inf
  206 N   -1 -1  2 -1  0 -1 -2 -4  0 -2 -2 -3  1  3 -2  1  1  6  1  0    4   3  11   3   2   2   2   0   2   1   3   0   4  14   1  12   8  14   5   9  0.42 inf
  207 E   -1 -3 -2 -1  0 -2  0 -4  0  2  2 -1  2  0 -3  0  2 -3  1  2    4   0   1   3   2   0   8   0   2  11  19   3   6   3   0   6  12   0   5  13  0.18 inf
  208 L   -2 -5 -6 -6 -4 -5 -3 -6 -5  3  5 -5  2  2 -5 -5 -4 -4 -2  2    3   0   0   0   0   0   2   0   0  19  50   0   3   8   0   0   0   0   1  13  0.98 inf
  209 K   -3  3 -4 -5 -5 -1 -4 -4 -1 -1 -1  3 -3  4 -5 -3 -2  1  6 -2    1  15   0   0   0   2   0   1   1   4   6  20   0  15   0   1   2   2  25   3  0.77 inf
  210 L   -2 -6 -6 -4  0 -5 -6 -6 -6  0  2 -6  1 -2 -6 -4 -1 -6 -5  6    3   0   0   1   2   0   0   0   0   3  20   0   3   2   0   1   4   0   0  60  1.23 inf
  211 K   -3 -3 -3 -3 -6 -5 -3 -6 -2 -3 -6  0 -5 -4 -6 -1  3 11 -2 -2    3   2   1   1   0   0   2   0   1   1   0   7   0   0   0   4  19  55   1   3  2.36 inf
  212 D   -5 -5 -2  8 -7 -4 -3 -5 -5 -6 -7 -5 -6 -6 -5 -3 -5 -7 -2 -6    0   0   1  91   0   0   0   0   0   0   0   0   0   0   0   2   0   0   2   0  2.64 inf
  213 A   -2 -5 -4 -3 -5 -2 -5  6  0 -5 -3 -5 -5  0 -5 -1 -1 -4  5 -1    3   0   0   1   0   1   0  54   2   0   2   0   0   4   0   5   4   0  18   5  1.13 inf
  214 S   -2 -5 -1 -2 -5 -4 -4 -5 -4 -5 -5 -3 -2 -6 -1  3  7  1 -5 -4    2   0   3   3   0   0   0   0   0   0   0   2   1   0   3  18  66   2   0   0  1.48 inf
  215 G   -1  1  2  3  1  1  1  3 -2 -2 -3  1 -2 -4 -3 -1 -1 -4 -3 -3    3   9  13  15   4   5   8  22   0   2   3   8   1   0   0   3   2   0   1   1  0.34 inf
  216 Q    1 -2  2  1  2  1  0 -1  1 -2 -2  1  0 -3  1  0  1 -4 -2 -1   11   0  11   9   5   7   4   5   4   2   3   8   2   0   8   6  11   0   1   2  0.16 inf
  217 V   -1 -2  1  0 -1  0  0 -3 -1  1  0  0  0 -2  4 -1  0 -4 -3  1    3   1  10   6   1   3   4   0   1   7   7   6   3   1  21   4   6   0   0  14  0.27 inf
  218 F   -2 -3 -2 -2 -4  0 -2 -4  1 -3  0 -3 -3  5  1 -2 -1  6  5 -3    3   1   1   2   0   6   2   0   4   0   9   1   0  25   8   3   3  13  18   0  0.77 inf
  219 Y   -2 -1  0  1  1  3  0 -3  0 -2 -2 -2 -1  3  0 -1  1  2  3 -2    2   3   5  10   4  15   5   1   2   2   2   1   1  12   4   2  12   3  13   1  0.28 inf
  220 T    0 -1  2  0  2 -1 -1 -1 -2  0  1 -1 -1 -2  0  0  0 -3  0  0    8   2  14   7   5   2   2   3   0   5  21   2   1   1   3   6   7   0   4   6  0.09 inf
  221 L   -2 -2  1 -2 -3 -1 -2 -2  3  1  2  0  0  1 -1  0 -1 -2  2  0    1   1   8   1   0   3   2   2   8   6  30   7   1   6   3   6   2   0   7   4  0.17 inf
  222 S    2 -2  0  0  3 -2  0 -3 -3  0  0 -2  0 -2 -1  0  0 -4 -3  3   16   2   5   5   7   0   5   1   0   5   8   2   3   1   2   9   6   0   0  24  0.19 inf
  223 L   -1 -1  1  1 -3  1  0 -3  1 -1  1 -1  1  1  0 -1 -1  2  0  0    5   3   9   7   0   7   5   0   3   2  18   3   3   7   5   3   3   3   2   9  0.08 inf
  224 K   -1  1  2  1 -4  0  2  0 -1 -2 -3  2 -1  0 -1  0  0 -4 -2 -2    3   9   9   8   0   3  17   8   1   2   1  14   2   4   3   6   7   0   1   3  0.21 inf
  225 L    0  0 -1 -1 -2 -1  0  1 -1  0  1 -1  0  0 -1  1  0 -3 -2  0    7   5   3   3   0   1   5  14   1   6  18   2   2   3   2  12   7   0   0   8  0.07 inf
  226 K   -2  2  0  3 -4  0  2 -3  1 -2 -1  2 -2 -1  0 -1 -1  1 -1  0    2  11   2  19   0   4  13   1   4   2   7  12   0   2   5   4   3   2   1   7  0.23 inf
  227 F   -1 -3 -1  2  0 -1  0 -4  3  1  2 -2  0  3 -2 -3 -2 -3  1 -2    6   1   3  14   3   3   5   0   9   7  21   2   2  17   2   0   1   0   5   1  0.28 inf
  228 P   -1  0 -2 -2 -5  2  0 -2 -2 -4 -1  1 -3 -5  6  1 -1 -5 -4 -1    4   5   2   1   0   8   5   2   1   0   8   9   0   0  36  11   3   0   0   5  0.68 inf
  229 H   -2  0  2  0 -4  0  1 -2  6  1  0 -2  0 -1  0 -2 -1 -1 -1 -2    3   6  11   4   0   4   8   2  24  11   8   0   3   3   5   2   4   1   1   2  0.36 inf
  230 V   -2 -3 -4 -3 -1 -3 -4 -5 -1  3  3 -4  0  0  3 -2 -2  1  2  1    3   1   0   2   2   1   0   0   1  16  29   0   1   4  17   4   1   2   7   9  0.46 inf
  231 R   -2  2 -1 -1 -2  3  1 -2  2 -2  1  1 -2 -3  1 -1  0 -4 -1 -1    2  13   3   2   1  16   7   3   6   1  14   9   0   0   7   3   6   0   2   6  0.21 inf
  232 T    0  2 -1  0 -4  2  3 -1 -2 -2 -3  2 -3 -4  0  0  0 -4 -1  0    7  12   2   4   0  10  19   4   0   2   0  13   0   0   4   5   7   0   2   7  0.26 inf
  233 G   -1 -3 -2 -1 -5 -4 -5  6  0 -3  1 -4 -4 -5 -3 -3 -1 -5 -5 -2    4   2   2   3   0   0   0  61   2   1  15   0   0   0   1   1   5   0   0   2  1.06 inf
  234 E   -2  0  0  3 -4  3  2 -3 -1 -2 -2  0 -3 -4 -2  1  0  0 -2 -2    2   3   3  21   0  16  16   0   1   3   5   5   0   0   1  14   5   1   1   2  0.40 inf
  235 V    0 -3  1 -1 -3 -2 -1 -1 -1  2  0 -2 -1 -1 -1  0 -2  1  1  3    8   0   9   3   0   1   5   3   1  16   8   1   0   2   2   9   0   2   6  24  0.20 inf
  236 V    0 -5 -5 -5  0 -4 -5 -4  0  3  4 -4  0  0 -5 -2 -3 -4 -3  3    6   0   0   0   1   0   0   1   2  19  39   0   1   3   0   3   0   0   0  22  0.69 inf
  237 R   -1  6 -1 -3  0  0 -2 -3 -3  0 -3  2 -3 -3 -1 -2  1 -5 -4 -1    4  42   3   1   2   3   1   2   0   6   2  15   0   1   3   2  10   0   0   4  0.65 inf
  238 I   -2 -5 -5 -3 -4 -5 -2 -6 -5  6  2 -5 -2  1 -3 -3 -2 -5 -3  3    3   0   0   1   0   0   3   0   0  48  15   0   0   7   1   2   2   0   0  18  0.91 inf
  239 R   -2  5 -1  3  0  1  0 -3  2 -4 -2  1 -3 -2 -3  0 -1  1 -3 -4    1  34   2  22   2   5   5   1   5   0   4   6   0   2   0   7   2   2   0   1  0.60 inf
  240 S    0 -1  4 -2  2 -2 -2 -2 -3  3 -1 -2  0 -3 -1  1 -2  0 -3  1    8   3  22   2   5   0   2   2   0  19   4   0   3   0   2  14   0   1   0  12  0.30 inf
  241 A    1 -2 -2 -2  0 -2 -2 -2 -3  1  2 -2  1 -1 -3 -1  0  0 -2  3   16   1   1   2   1   1   2   2   0   8  23   2   4   2   0   3   5   2   0  23  0.23 inf
  242 T   -1  0 -2 -1  1  0 -1 -3  2  1  1 -1 -1 -2 -2  0  1 -3 -2  2    3   5   1   2   4   5   4   0   6   8  17   4   0   1   2   7  11   0   0  19  0.13 inf
  243 Y   -3  0 -4 -4  0 -3 -2 -3  0  0  1 -1 -2  1  0 -2 -2  5  5  2    1   5   0   0   2   0   2   1   1   5  13   5   0   6   5   2   2   7  25  17  0.48 inf
  244 D   -2 -1  0  6  0  0  0 -1 -3 -1 -3  1 -1 -4 -4  0 -1  0 -4  0    2   4   3  44   2   4   4   4   0   4   2   7   2   0   0   8   2   2   0   7  0.61 inf
  245 E   -2  1  5  0 -4  2  2 -3  1 -2 -2  1 -3 -1  0  0 -2 -5 -3 -4    2   8  29   2   0   8  15   0   4   3   3   8   0   3   4   8   1   0   0   0  0.45 inf
  246 T   -2 -3  1 -1 -4 -1  1  0  7  0 -2 -2 -3 -3 -1 -1  1 -5 -2  0    2   0   7   3   0   2  10   6  34   6   4   2   0   1   3   3  10   0   0   8  0.60 inf
  247 S    0  0  1  1 -2  0  0  0 -2  0  0 -1 -1  0 -1  1  0 -3 -1  1    7   6   7   9   0   5   4   5   0   3   7   2   1   5   3  12   4   0   2  19  0.05 inf
  248 T   -1 -1  0  2 -3  3  2 -1  2 -2 -2  1 -1 -1 -2  1  1 -3 -2 -2    4   2   2  12   0  14  16   3   5   2   4   9   2   4   1  11   8   0   0   2  0.24 inf
  249 Q    0  1  0 -2 -3  1  1 -1 -2  0  0  2  0  0  0  0  0 -3  1  1    6   7   4   0   0   6   8   4   0   3  10  14   3   3   4   4   6   0   5  13  0.07 inf
  250 K    2  1 -1  1 -1  1  1  0 -2 -2 -2  2 -2 -2  0 -1 -1  1 -3 -1   24   6   2   7   2   8  12   7   0   2   2  12   0   2   4   2   3   2   0   4  0.20 inf
  251 K   -1  2  1 -1  0 -1  0  0  2 -1 -1  4 -2 -2  0  0 -1  0 -3 -1    3  11   8   3   2   1   4   6   5   4   6  29   0   2   5   5   2   2   0   4  0.22 inf
  252 V    0  0 -1 -3  4  1 -2 -1 -3  1 -1 -1 -2 -1 -3  1  0 -4 -1  2    9   4   2   0  10   7   2   4   0   9   5   3   0   2   0  15   5   0   2  20  0.20 inf
  253 L   -3 -5 -5 -6  0 -5 -3 -2 -1  4  4 -5  3  1 -5 -3 -4 -4 -1 -1    1   0   0   0   2   0   2   3   2  26  47   0   9   5   0   1   0   0   1   2  0.86 inf
  254 I   -3 -1  0 -1 -2  2  1 -1  0  2  0  3  0 -3 -2 -2 -1 -4 -2  0    0   1   3   2   1  10   9   4   3  14  12  27   2   0   1   2   2   0   1   7  0.25 inf
  255 L   -1 -2 -2 -2  0  2 -1 -4 -1  2  2  0  1  0  2 -2  0  2 -2  1    5   1   1   1   2  11   2   0   2  11  20   5   3   4  10   2   6   3   0  12  0.19 inf
  256 S   -1 -2  0 -3 -4 -1 -1  4 -1 -3 -1  1  0  0  2  1  0 -4 -3 -2    4   1   3   0   0   2   3  33   1   0   5  11   3   4  10  10   6   0   0   3  0.36 inf
  257 H   -3  1  3  3 -3  1  0 -2  4 -4 -3 -1  0 -2  0  3 -2 -5 -1 -3    0   6  13  20   0   5   3   1  11   0   3   3   3   2   4  22   0   0   2   1  0.46 inf
  258 Y   -4 -1 -1 -3 -5 -2 -4 -2  5 -2 -3 -1 -1  5 -1  1 -2  0  5 -4    0   4   2   2   0   2   0   3  17   3   0   4   2  26   4  11   1   1  20   0  0.80 inf
  259 S   -1  0 -1 -3  2 -2 -2  0 -3  1  1 -2  0 -3  0  2  1  0 -1  1    1   7   2   0   6   0   2   8   0   7  15   1   1   0   4  24   7   2   2  10  0.17 inf
  260 N   -3  4  4  1 -5 -2  0 -1  0 -4 -4  2 -4 -2 -4  0 -1 -5 -4 -1    0  26  26   9   0   0   5   5   1   0   1  11   0   2   0   7   2   0   0   5  0.64 inf
  261 I   -2 -2 -3 -2  0 -4 -3 -5 -5  6  1 -1  0  0 -5 -4 -3  0 -3  3    2   3   1   2   2   0   1   0   0  46  11   4   2   4   0   0   0   1   0  20  0.79 inf
  262 I   -2  1 -3 -1 -3  0 -1 -4 -1  1  3 -2  1  0 -4 -1 -1 -2  4  0    1   9   0   5   0   4   4   1   1   8  28   2   4   3   0   4   3   0  17   7  0.28 inf
  263 T   -1  1  3 -2 -1 -1  0 -3  4 -2 -2  1 -3 -2 -3  2  2 -4  0 -2    2   9  16   0   1   2   5   0  13   2   5   9   0   1   0  16  13   0   4   2  0.33 inf
  264 F   -2 -2 -4 -5 -4 -4 -4 -3 -4  3  3 -3  1  5 -5 -1 -2 -1  1  1    3   2   0   0   0   0   0   2   0  15  29   1   3  28   0   4   1   1   4   6  0.61 inf
  265 I   -1  1  0  1 -3  0  0 -2  1  0 -1  0 -2  1  3 -1  0 -3 -1 -1    4  11   5   8   0   3   7   3   4   7   5   5   0  10  14   2   8   0   1   5  0.14 inf
  266 Q    1  0 -1 -1 -3  1  2  0 -2 -3 -4  0 -1 -3  4  1 -1 -4  1 -3   12   5   2   2   0   6  19   6   0   2   0   3   2   0  19  12   3   0   6   0  0.38 inf
  267 S    0 -1  0  1 -3  0 -2 -1  0  1  0 -1  0  0  0  2  0 -1 -2  0    7   3   4  10   0   3   0   4   3  12   9   4   1   4   5  20   3   1   0   7  0.08 inf
  268 S   -1 -2  2  0 -3 -1  0  0 -1 -1 -2 -1 -2  1 -3  2  2 -3  1  0    2   0  11   4   0   1   6   6   1   3   2   3   0   6   0  22  18   0   6   7  0.24 inf
  269 K   -1  2 -1 -3  1  2 -1 -2 -3 -2 -2  4  0 -4  0  2  1 -4 -2 -2    2  11   2   0   3   9   2   2   0   2   3  27   2   0   5  16  11   0   1   1  0.36 inf
  270 L   -2 -1  0  0 -2  2 -1 -2 -1  1  2 -1  2 -2 -1  0  0  1 -1  1    0   3   5   6   0  10   4   2   1   6  24   2   6   0   2   9   6   2   2  10  0.11 inf
  271 A    3 -1 -1 -1 -3  1 -1 -1  1 -2 -1  0 -1  1 -1  0  0 -3 -1  1   31   2   2   2   0   8   1   4   3   0   5   4   2   9   3   6   3   0   1  13  0.18 inf
  272 K   -2 -1  0  1  0  2  0 -1 -2 -2 -1  3 -3 -3  3  0 -1  1  1 -2    0   1   5  10   2   9   5   5   0   1   6  23   0   0  14   6   3   2   6   2  0.29 inf
  273 E   -2  1  0 -1 -4  2  3 -1  0 -1 -1  2 -1 -3 -3  0  1  1  1 -2    1   7   3   2   0   7  21   3   2   4   6  15   2   0   0   8   9   2   6   1  0.23 inf
  274 L   -1 -3 -1 -2 -3 -2 -3 -3 -3  2  3 -3  3  3 -4 -1 -1 -3  1  1    3   0   4   3   0   2   1   1   0  13  33   1  10  12   0   3   3   0   4   7  0.37 inf
  275 R   -2  2  3  0  0  1  0 -3  1 -3 -2  4  0 -4 -1  0 -1 -5 -3 -2    1  10  18   6   2   5   5   0   3   1   3  27   3   0   2   7   2   0   0   3  0.41 inf
  276 A    0  2  0 -1 -3 -1  2  0 -2 -2 -2  1  0  1  0  1 -1 -3  1 -2   10  12   3   2   0   0  16   7   0   2   2  11   3   6   3  13   3   0   6   1  0.17 inf
  277 K   -2  1  0  2 -3  1  2 -3 -2 -1  0  2  0 -2 -1  2  0 -4 -3 -2    0   9   3  10   0   7  16   0   0   3   9  12   2   2   2  15   6   0   0   1  0.22 inf
  278 I   -1 -2  1 -1 -3  0 -2 -2 -2  3  1 -2  3  0 -2  0 -2 -3  1  2    4   1   7   4   0   6   0   2   0  20  12   2  11   4   1   7   0   0   5  14  0.19 inf
  279 Q   -2  0  1  1 -4  4  3 -3 -1 -2  0  0 -2 -4 -1  1  0 -4 -2 -2    1   4   7   8   0  24  18   0   1   2  11   4   0   0   3  10   4   0   1   2  0.37 inf
  280 D   -1  0  2  2 -4  1  3 -1 -2 -3 -2  1 -2 -1 -2  2  0 -4 -3 -2    4   3  12  10   0   6  20   4   0   1   3  10   1   3   1  16   4   0   0   3  0.29 inf
  281 D   -1  0  1  3 -4  1  2 -2  3 -3 -2 -1 -2  0  1 -1 -2 -3  2 -1    4   6   7  20   0   7  14   2   7   0   3   2   1   5   6   2   1   0   7   6  0.26 inf
  282 H   -1  0  0  2 -4  2  2 -3  3 -1 -1  0 -2 -1  0  0  0 -4 -1 -1    2   5   3  12   0  13  15   0  10   4   5   5   1   4   4   6   5   0   2   4  0.23 inf
  283 S   -1  2  1  1 -4  3  0 -3  3 -2 -3  1 -3  1 -1  1 -1 -4 -1 -2    5  12   5   8   0  14   3   0  10   2   2   8   0   7   2  15   3   0   2   2  0.27 inf
  284 V   -1 -2  0 -3 -3 -1 -1 -3 -2  2  2 -2  1  1 -1  0  0 -3 -2  2    2   2   6   0   0   2   5   2   1  17  23   0   4   6   3   7   6   0   0  14  0.19 inf
  285 E    0  1  0  2 -4  1  3 -3  1 -2 -2  2  0 -3 -2 -1 -1 -4 -3 -1    7   9   4  13   0   6  25   0   4   2   4  12   3   1   1   2   2   0   0   4  0.33 inf
  286 V   -1 -1  1 -2 -2 -1  0 -1 -2  0  0  3  2  1 -1  0  0  0  0 -1    4   0   7   1   1   1   4   4   0   7   8  24   6   7   2   9   6   1   4   3  0.13 inf
  287 A    1  0 -1 -1  3  0 -1  1 -2 -1  0 -1 -2 -1 -1  1  0 -3  0 -1   15   4   1   2   8   5   2  13   0   2  14   2   0   3   3  15   5   0   3   4  0.12 inf
  288 S    0  0 -1  1 -3  2 -1 -1  3  0  0 -1  0 -2 -2  2 -1  1 -2 -1    7   6   1   9   0  10   3   5   9   5  11   1   2   2   1  22   3   2   0   3  0.16 inf
  289 L    0  0  0  0  0  1  2 -2  0  0  1 -1  1 -1 -1  0 -1 -3  1  0    6   6   4   4   2   8  16   2   2   6  14   1   5   1   2   6   2   0   6   5  0.08 inf
  290 K    0  2 -1  1 -3  0 -1 -1  1 -1 -1  1  0 -2  0  2  0  0  1 -1    6  11   2   8   0   3   2   5   3   3   4  12   3   1   4  17   6   2   5   4  0.11 inf
  291 K   -1  1  0  1 -1  3  1  0 -1 -1  0  1 -1  1 -2 -1 -1  1  0 -1    4   6   3   8   2  16   9   7   1   3   9   8   1   6   1   3   3   2   3   4  0.09 inf
  292 N   -2  1  3  3 -2  0  1  1  0 -3 -2  0 -3 -4  1  0 -2  3 -3 -1    0   7  14  21   1   3   7  10   2   1   4   5   0   0   7   8   0   4   0   6  0.29 inf
  293 V    0 -2 -2  0  1  0  1 -2 -1  1  1 -1  2  0 -1  0  0  0 -2  1    6   0   1   5   3   4  14   1   1  12  15   1   6   4   3   6   6   1   0   9  0.09 inf
  294 S    0  1  1  0  3  0 -1 -1 -2 -1 -1  0  1  0  0  2  0  0 -2 -1    6  10   8   6   7   5   1   3   0   2   4   6   5   5   4  18   6   2   0   5  0.12 inf
  295 L   -2 -1 -2 -1  0  1  1 -3  0  0  2 -1  1 -1  1  0  1  3  1  0    1   3   1   2   2   7  10   0   2   5  21   2   4   1   6   9   8   4   6   7  0.12 inf
  296 N    0  0  3  1 -3  1  0 -2 -1 -3  0  0 -1 -3 -1  1  1  0  0 -2    5   5  16   6   0   8   7   2   1   0  10   6   1   0   3  15   9   1   3   2  0.17 inf
  297 A    0  1  0  0  0 -1 -2 -3 -1 -3 -2 -1 -4 -1  6  1 -1 -5 -1 -4    8   7   4   5   2   3   1   1   2   1   5   2   0   4  39  13   2   0   2   0  0.72 inf
  298 V   -1 -1 -1 -1  0 -2  1 -2 -3  0  0 -2  0  2  3 -1  0  0 -1  2    3   4   3   3   2   0  12   3   0   5   6   2   2  11  16   3   5   1   1  19  0.20 inf
  299 V    0  0  0 -2 -2 -1 -1 -1 -2  3  1 -2  0 -2  0  1  0 -3 -3  1    6   6   5   2   1   3   3   5   1  19  16   0   2   0   4  12   4   0   0  12  0.13 inf
  300 L    1 -1  0 -2  0  0 -2 -3 -2  1  2 -2 -1  1 -2  0  0 -3 -1  1   12   2   6   2   2   4   0   1   1   6  27   2   0   7   1  10   5   0   2  11  0.14 inf
  301 T    1  0 -2 -1 -1 -1 -2 -3  1 -1 -1 -1 -1 -4  0  2  5 -5 -2 -2   10   5   1   2   1   3   1   1   4   3   6   3   1   0   4  13  41   0   1   1  0.49 inf
  302 E   -2  0  1  1  2  1  3 -3 -1 -1  0  0 -2 -3 -2  1  1 -4 -1  0    0   5   6   7   5   6  24   1   1   3   9   6   0   0   1  10   9   0   2   6  0.22 inf
  303 V   -1 -4 -3 -3  1 -3 -4 -4 -2  4  1 -2 -1 -1 -2 -1  2 -4 -2  3    4   0   1   1   4   0   0   0   1  25  14   2   0   1   1   3  16   0   1  24  0.45 inf
  304 D   -1 -1  0  4 -4 -1  1 -1  0 -2 -1  1 -3 -2  0  2 -1 -4 -3 -1    3   2   4  32   0   1   6   3   3   2   7   8   0   2   4  16   3   0   0   4  0.37 inf
  305 K   -1  2  1 -1  2  3  0  0  0 -3 -3  2 -2 -3 -1 -1  2 -3 -3 -1    3  14   6   2   4  14   5   8   2   1   2  16   0   0   3   1  15   0   0   4  0.29 inf
  306 K    1  0  0  2 -3  1  1 -2 -2  0  0  2 -2 -3 -1  1 -1 -3 -2 -1   11   5   4  11   0   8  11   2   0   5   9  13   0   1   3  12   2   0   0   2  0.15 inf
  307 H   -3 -3 -3 -2  3 -1 -3 -2  8 -4 -1  0 -4 -1 -2 -2 -4  0  5  0    1   0   0   2   6   3   0   3  38   0   5   6   0   1   2   2   0   1  21   7  1.09 inf
  308 A    1 -1  0  2 -4  2  2 -2  0 -1 -4  0 -3 -2  1  3 -2 -4 -2 -2   12   3   4  12   0  13  11   1   2   4   0   4   0   2   7  23   0   0   1   2  0.32 inf
  309 A   -1  1  2  1 -4  1  2  0  5 -3 -3  0 -1 -1 -3  0 -1 -4 -1 -2    5   9  11   7   0   7  12   7  15   0   2   5   2   3   0   8   2   0   2   2  0.29 inf
  310 L    0 -2 -2 -3 -3  2 -2 -4  0  2  2 -2  2 -1 -3 -2  1 -1  1  2    9   2   2   0   0  12   2   0   3  13  20   0   5   1   0   1   8   1   6  15  0.23 inf
  311 P   -3 -4  0 -2 -3  0  2 -2 -4 -3 -4 -1 -5 -6  7 -1 -2 -6 -2 -4    1   0   5   2   1   5  14   3   0   2   2   4   0   0  54   4   2   0   1   1  1.28 inf
  312 S   -1 -4 -3 -2  1 -3 -4 -4 -3  3  2 -2  2  4 -4 -1  0 -3  2  2    3   0   1   3   3   0   0   0   0  17  17   3   5  19   0   4   6   0   6  12  0.38 inf
  313 T    0 -3 -1 -3 -4 -3 -2 -4  1 -2 -2 -2 -3 -3 -4  2  5 -5 -4  3    6   1   2   1   0   0   2   0   4   0   3   1   0   1   0  15  43   0   0  21  0.75 inf
  314 S   -2  0  0  1 -4 -2 -2 -4 -4 -3 -2 -2 -4 -5  3  2  5 -5 -4 -1    2   6   3   9   0   1   2   0   0   0   3   1   0   0  13  18  37   0   0   4  0.65 inf
  315 L   -4 -5 -6 -5  0 -5 -5 -6 -3  3  5 -3 -1  0 -6 -5 -2 -5 -4  0    0   0   0   1   2   0   0   0   1  15  70   2   0   3   0   0   2   0   0   4  1.21 inf
  316 Q    0  2 -2 -3  0  2  0  0  2 -2 -2 -1  5 -3 -2  1  1  1 -1 -3    5  12   1   0   2  10   4   6   6   2   3   1  19   0   2  13   9   2   2   0  0.31 inf
  317 D   -1 -4 -1  6 -6  3  3 -2 -4 -6 -6 -1 -3 -3 -2 -3  0 -6 -5 -5    6   0   2  46   0  13  18   2   0   0   0   3   1   1   2   0   6   0   0   0  1.05 inf
  318 L   -2 -5 -2 -5 -4 -4 -5 -5  2  5  2 -5  0 -2 -5 -2 -3 -5 -2  4    3   0   2   0   0   0   0   0   6  38  18   0   1   1   0   3   0   0   1  26  0.84 inf
  319 F   -4 -4 -3 -5 -4  1 -4 -5  3  1  4 -2  1  3 -2 -1 -2  1 -2 -1    0   0   1   0   0   8   0   0   7   9  48   2   3  11   2   4   3   2   0   1  0.63 inf
  320 H    0  0  1  0 -4  1  1 -3  5 -4 -3  1 -3 -2 -2  0  4 -4  0 -3    6   3   6   4   0   7   8   0  17   0   2   9   0   1   1   5  26   0   2   0  0.48 inf
  321 H   -1 -3  1  0 -4  1 -2 -3  5 -2 -2  0 -3  1 -2  2  0  1  4 -2    5   0   7   6   0   5   1   0  18   2   4   5   0   6   2  15   5   2  14   2  0.38 inf
  322 A    0 -3  1  0 -4  0  0 -2  2 -2 -2 -1 -2 -2  5  2  0 -1 -3 -2    7   0   6   5   0   5   5   3   6   3   3   2   1   2  29  15   6   1   0   2  0.48 inf
  323 D   -1 -1  3  2 -3  0  1 -2  0 -3 -1  2 -2 -3  2 -1  0 -3 -1 -2    4   1  18  12   0   4  10   1   2   1   7  18   0   1   9   1   6   0   2   3  0.30 inf
  324 S    0 -2 -1 -1 -2 -2 -1 -2 -3  1 -1  0 -1 -2  0  1  2 -3 -2  3    6   1   3   2   0   1   3   2   0   9   3   5   0   1   5  14  17   0   1  27  0.26 inf
  325 D    0 -1 -1  2  1 -1  0 -2  0 -1  0 -2 -2 -3  3  0  2 -3 -1 -1    9   3   2  14   4   2   5   1   2   4  10   1   0   1  16   6  17   0   2   2  0.25 inf
  326 K    1  1 -1 -1  2  1  0 -2  3 -1  0  1 -1 -1  0 -1  0 -2  0 -1   17   7   1   4   5   7   5   1   8   2  10  12   0   2   4   2   5   0   4   3  0.10 inf
  327 E   -1  0  1  1 -3  1  1 -2  0 -2 -3  4  0 -3  0  0 -1 -3 -1 -3    5   2   6  10   0   5   9   3   2   3   2  33   2   1   5   6   2   0   2   1  0.34 inf
  328 L   -1  0 -1 -1 -1  0  0 -1  0  0  1 -1  0 -1  0  0  1 -1  1  0    4   4   2   3   1   4   9   5   2   8  19   3   1   2   5   6  13   1   6   3  0.05 inf
  329 Q    0  0 -1 -1  1  2  1 -1 -1  0  0  1  0 -1  0  0  0 -2  0  0    9   4   2   3   4  12   9   4   1   8   8  10   3   3   3   6   3   0   3   6  0.05 inf
  330 A    1  0 -1 -1 -1  1  1  0 -1  0  0  1  0 -1  0  0  0 -2  0  1   11   3   2   2   1  10   8   6   1   5   7   9   3   1   3   5   5   0   3  15  0.05 inf
  331 Q   -1  0  1  0 -2  0  1 -1 -1 -2 -1  2 -1 -2  3 -1  1 -2 -2 -1    4   3   6   5   1   2  10   4   1   2   6  15   1   1  18   3  10   0   1   5  0.23 inf
  332 D    0  0  3  1 -2  2  0 -1  0 -2 -2 -1 -1 -1  0  1  0 -2  0 -1    7   5  16  10   1  14   2   4   2   2   3   2   1   3   4  10   5   0   3   4  0.17 inf
  333 T   -1  0 -1 -1  1  1  0 -2 -1  0 -1  3  0 -2  2  0  1 -2 -2  0    4   3   2   2   3   7   4   3   1   5   4  21   2   1  13   6  11   0   1   7  0.19 inf
  334 F   -6 -6 -6 -7 -6 -6 -6 -7  3 -1 -3 -6  0  7 -7 -6 -5 -2  7 -3    0   0   0   0   0   0   0   0   7   4   1   0   2  51   0   0   0   0  33   1  2.03 inf
  335 R   -5  7 -4 -5 -7 -2 -2 -6  3 -6 -6  3 -5 -6 -4 -4 -2 -6 -5 -3    0  71   0   0   0   1   2   0   7   0   0  15   0   0   1   0   2   0   0   2  1.82 inf
  336 T   -3 -5 -5 -6  8 -5 -6 -6 -6  4  0 -5 -3 -4 -5 -1  2 -5 -5  3    1   0   0   0  34   0   0   0   0  24   6   0   0   0   0   5  12   0   0  17  1.25 inf
  337 Q   -2  5 -2 -4  1  2 -3 -5  0  0  1 -1  1 -4 -4 -1  0 -5 -4  1    2  37   1   0   3  11   0   0   2   5  13   2   3   0   0   4   4   0   0  13  0.56 inf
  338 F    3 -5 -5 -5  3 -5 -5  0 -5 -1 -2 -5 -3  2 -5 -3 -3 -5 -4  5   27   0   0   0   7   0   0   7   0   1   1   0   0   8   0   0   0   0   0  49  0.94 inf
  339 Y   -4  5 -3 -4 -6  4 -1 -5 -3 -3 -5  4 -4 -1 -4  0 -2 -4  3 -5    0  35   0   0   0  17   2   0   0   2   0  24   0   2   0   6   2   0  10   0  0.97 inf
  340 V   -2 -5 -6 -6 -1 -5 -5 -6 -5  2  3 -5 -1  2 -5 -3 -1 -5 -3  5    2   0   0   0   1   0   0   0   0   8  25   0   1   7   0   2   2   0   0  52  0.98 inf
  341 T   -2  4 -4 -4 -4 -1 -3 -4 -4  4  1 -1  0 -3 -4 -3  0 -5 -4  3    1  23   0   0   0   2   1   1   0  23  11   3   2   0   0   1   6   0   0  26  0.57 inf
  342 K    2 -1  0  3 -4  2 -1  0  0 -4 -3  1 -3 -5 -3  2  1 -5 -4 -3   20   2   4  16   0  11   2   6   2   0   2   7   0   0   0  18   9   0   0   0  0.38 inf
  343 I    0 -4 -4 -5 -4 -2 -4 -5  3  3 -1 -4  1  4 -5 -3  0 -3  4  2    8   0   0   0   0   2   0   0   9  19   2   0   3  17   0   0   5   0  18  16  0.65 inf
  344 E   -3 -2 -1 -1 -4  1  2 -4 -2  0 -1  2  1  2 -4  0 -2  6  4 -2    0   1   2   3   0   6  15   0   0   6   6  14   5   7   0   8   1  11  14   1  0.43 inf
  345 P   -5 -6 -6 -6 -7 -6 -5 -6 -6 -7 -7 -5 -7 -8  9 -3 -3 -8 -7 -7    0   0   0   0   0   0   0   0   0   0   0   0   0   0  96   2   2   0   0   0  3.23 inf
  346 S   -2  3 -1 -2 -4  4 -2 -2  0 -2 -1  1  0 -4  1  1  0  4 -3 -1    0  16   1   1   0  20   0   3   2   2   7  10   2   0   7  11   7   5   0   4  0.34 inf
  347 D   -3  3  3  4 -5  2  1 -2 -1 -5 -3  1 -4 -5 -4  0  0 -5 -2 -4    0  15  16  27   0   8   6   3   1   0   2  10   0   0   0   4   6   0   2   0  0.59 inf
  348 V    0 -4 -5 -5 -3 -4 -4 -3  1  3  4 -4 -1 -2  0 -4 -2 -4 -3  3    8   0   0   0   0   0   0   2   3  17  41   0   0   0   6   0   2   0   0  20  0.62 inf
  349 K   -1  2 -1 -1  0 -1  2 -3  3 -2  0  1  0  1 -3 -1  0 -3  1 -1    4  14   2   2   2   0  20   0   8   0   8  10   2   8   0   2   5   0   6   6  0.21 inf
  350 E   -2 -1 -1  4 -5  5  3 -4  0 -5 -5  2 -4 -5 -4 -2 -3 -5 -4 -5    2   2   2  27   0  29  20   0   2   0   0  11   0   0   0   2   0   0   0   0  0.96 inf
  351 W    1 -4 -3 -4 -3 -3 -4 -4 -3  1  1 -3  2  5 -4  2 -2  4  1 -1   11   0   0   0   0   0   0   1   0  11  10   0   5  32   0  17   0   5   3   3  0.58 inf
  352 V    0 -2 -3 -4  6 -3 -4 -4 -4  0 -1 -3 -2  0 -4  1  1 -4 -3  4    8   2   0   0  22   0   0   1   0   2   5   0   0   4   0  10  11   0   0  33  0.67 inf
  353 K   -2  3 -2 -1 -4  2 -1 -2  1 -2 -3  4 -3 -4  0  0 -2 -4 -3 -1    1  20   0   3   0  11   2   2   4   2   1  35   0   0   5   5   2   0   0   6  0.56 inf
  354 G    0  0 -1  0  1 -1 -1 -2 -2  0  2  0 -1  1  2  0 -2 -2 -1 -1    7   5   2   5   3   3   2   2   0   6  30   5   0   6  12   6   1   0   2   2  0.15 inf
  355 Y   -3 -3 -3 -3 -3 -1 -1 -3  4  0  0 -3 -2  4 -2 -2 -1 -1  6 -1    2   1   1   1   0   2   4   1  13   5  11   1   0  16   2   1   3   0  31   3  0.67 inf
  356 D    0 -3  1  1  9 -3 -3 -1 -3 -3 -3 -1 -3 -3 -1  0 -2 -3 -3 -3    6   1   8   9  47   1   1   4   0   1   2   3   0   1   3   8   1   0   1   1  1.20 inf
  357 R   -1  1  2  0 -3 -1 -1  1  0 -3 -3  1 -1 -3  3  1  0 -3 -1 -1    1   8  10   4   0   1   3  10   2   1   2  10   2   1  18  15   5   0   3   4  0.28 inf
  358 K    0  0  1 -2 -3 -1  0  0 -2 -1  0  4  0 -2 -2  1  0 -3 -1 -2    5   3   7   1   0   1   6   6   0   4   9  32   2   1   1  10   6   0   3   1  0.23 inf
  359 T   -2 -1 -1 -2  9 -3 -3 -3 -1 -1 -3  0 -3 -2 -1 -1  1 -3 -3 -1    2   3   3   3  49   1   1   1   2   3   2   7   0   2   3   3  11   0   1   4  1.22 inf
  360 K   -1  1 -1 -1  1  1  0  0  5 -2 -1  2  0 -1 -2  0 -1  1  0 -1    5  10   1   2   3   8   6   6  17   1   4  14   2   3   2   6   2   2   2   5  0.19 inf
  361 K    0  0 -1  0 -2  1  1 -1  0 -1 -1  2 -1 -1  0  1  0 -2 -1 -1    8   3   2   5   1   6  10   3   3   2   8  19   1   3   4  13   4   0   1   6  0.10 inf
  362 S    0  0  0  0 -1 -1  0 -1 -1 -1  0 -1 -1 -2  2  1  2 -2 -2  0    9   5   4   6   1   2   4   3   1   2   9   2   1   1   9  14  21   0   1   7  0.14 inf
  363 S    1 -2  1 -2 -2  0 -1 -1 -1 -1 -1 -1  0  2 -2  2  0 -1  3  0   11   1   8   1   1   4   2   4   1   4   5   2   2   8   1  20   6   0  14   6  0.15 inf
  364 S    0 -2  0 -2  1 -1 -2 -1 -2  0 -3  0 -2 -3  2  4  1 -3 -3 -1    8   1   4   1   3   3   1   4   0   5   1   6   0   1   9  43   6   0   0   5  0.42 inf
  365 L   -1 -1  1 -2  0  0 -2  0  0 -1  2 -1  0  1  1  0 -1  2  3 -1    3   3   7   1   2   4   1   7   3   2  26   3   2   6   8   6   1   3  12   1  0.14 inf
  366 K   -1  1 -1 -1 -3  4  0 -1  0 -2 -3  4 -2 -1  1 -2 -2 -3  0 -3    3   7   3   3   0  24   3   5   2   3   2  30   0   3   6   1   1   0   3   1  0.44 inf
  367 G    0 -2  1  1  3  1  3  2 -2 -3 -2  0 -2 -1 -1 -1 -2 -3 -2 -3    6   1   7   8   8   6  25  18   0   1   3   4   0   3   3   4   1   0   1   1  0.30 inf
  368 A    1  0 -1 -2  2  0  0 -1 -2  0 -1 -1  1 -2  1  0  1 -3 -2  2   14   6   3   1   6   6   5   3   0   3   2   3   4   1   6   5   8   0   1  22  0.12 inf
  369 S    0 -2  1  0 -3 -2 -2  1  0  0 -1 -1 -2 -3  5  0  0 -3 -3 -2   10   1   8   4   0   1   1  11   3   6   7   3   0   1  32   5   4   0   1   1  0.48 inf
  370 G    1  0 -1  1 -2  0  1  1  2 -2 -2  1 -2 -2  1  1  0 -3 -1  0   10   4   1  10   0   1   8  10   6   1   3   8   0   1   6  13   5   0   1   8  0.12 inf
  371 K    0  0  2  2 -3  2  2  1 -1 -2 -2  0 -2 -3 -1  0 -1 -3 -2 -2    5   6  12  11   0  12  15  12   0   3   4   6   0   1   3   6   1   0   1   1  0.24 inf
  372 G    0 -2  0  1  2 -1 -1  3  0  0  0 -2  1 -2  0  1 -1 -3 -2 -1    6   1   3  10   5   1   4  23   3   5   8   1   6   1   4  12   3   0   0   5  0.14 inf
  373 D   -1  0  0  3 -3  2  3  0  1 -3 -2  1 -2 -3 -2 -1 -1 -3 -2 -2    5   3   4  21   0  13  18   7   3   1   4   8   0   1   1   2   3   0   1   3  0.31 inf
  374 N   -1  0  0 -1  1  0 -1 -1  1 -1  0  0 -1  3  0  0 -1  2  3 -2    3   5   5   3   3   5   1   3   3   1  12   5   0  16   6   8   3   2  13   1  0.13 inf
  375 I   -2 -1 -3  0 -2 -2 -1 -1 -3  5  0 -2 -1 -2 -1 -2 -2 -3 -2  3    3   3   1   6   0   1   3   4   0  43   4   3   0   1   3   1   1   0   1  22  0.48 inf
  376 F   -3 -1 -4 -2 -4 -3 -4 -4 -2  0  1 -3 -2  3 -4 -3 -3  6  7 -2    1   3   0   3   0   0   1   1   0   6  16   1   0  11   1   1   1  12  41   1  1.08 inf
  377 Q   -1  2  1 -2 -3  3  0 -2  0  0  0  0  5 -3 -3  0  0 -3 -3 -2    3  10   7   0   0  20   5   3   2   6   6   5  20   0   0   5   7   0   0   1  0.32 inf
  378 V   -2 -4 -4 -2 -3 -3 -3 -2 -3  2  2 -3  2  5 -4 -3 -2 -2  1  2    3   0   0   3   0   1   1   3   0  12  18   1   5  31   0   0   1   0   5  16  0.53 inf
  379 Q    1  3 -2  0  0  4 -1 -2 -2 -3 -3  2 -2 -4 -3  1 -1 -4 -3  0   11  15   0   6   2  25   2   1   0   0   2  13   0   0   0  13   2   0   0   7  0.42 inf
  380 F    0 -4 -3 -5  1 -4 -2 -5 -4  2  4 -3  0  4 -4 -3 -3 -3  0 -1    8   0   1   0   3   0   2   0   0   9  47   1   2  22   0   0   0   0   3   0  0.66 inf
  381 L   -1 -1 -1 -3  0 -1 -3 -4 -3  2  3 -3  1  0 -3 -1  2 -3 -1  1    3   4   2   0   2   2   0   0   0  15  32   0   3   3   0   5  18   0   2   7  0.31 inf
  382 V   -1 -2 -4 -5  2 -3 -4 -5 -4  2  3 -1  1 -1 -4 -3 -1 -4 -3  4    4   1   0   0   4   0   0   0   0  10  31   3   3   2   0   0   2   0   0  39  0.61 inf
  383 K    0  3 -2 -2 -4  1  4 -3  0 -2 -4  4 -3 -4 -3 -2  1 -4 -3 -3    6  15   0   0   0   5  27   0   2   3   0  29   0   0   0   0   8   0   0   0  0.63 inf
  384 D   -3 -3  0  7 -5 -1 -1 -3 -3 -4 -5 -3 -4 -5 -1 -1 -2 -5 -4 -4    1   1   3  78   0   2   1   1   0   1   1   1   0   0   3   3   3   0   0   1  1.64 inf
  385 A    2 -2 -1  1 -3  1  0  1 -2 -3 -3  0 -2 -3  4 -1 -1 -3  0 -1   24   1   1  10   0   7   7   9   0   1   1   4   0   0  20   2   3   0   4   6  0.33 inf
  386 S    1 -2 -1  2 -2 -2 -1 -2 -2 -3 -3 -1 -2 -3  0  4  3 -3 -3 -2    8   1   1  10   0   1   1   1   0   1   2   3   0   1   3  42  21   0   1   1  0.55 inf
  387 T    1 -1  1  0 -2 -1  0  2 -2 -1 -1  0 -1 -2  0  1  2 -2 -2 -1   11   1   6   4   0   1   5  18   1   3   7   7   1   1   4   7  21   0   1   2  0.16 inf
  388 Q    0  0 -1 -1 -2  2  0 -1 -1 -1  0  0 -1 -1  0  1  0 -2  2 -1    6   5   1   3   0  16   6   5   0   3  13   3   0   1   4  14   7   0   9   3  0.11 inf
  389 L   -2 -1 -3 -3 -3  2 -2 -3  0  0  4 -2  2 -1  0 -2 -2 -2  0  0    1   3   1   1   0  14   1   1   2   3  51   1   4   1   5   2   1   0   4   4  0.45 inf
  390 N   -2 -2  4  3 -3  0  2 -1  2 -3 -2 -1 -3 -3  2 -1 -1 -3 -2 -3    1   1  24  19   0   2  18   4   6   1   4   1   0   1   9   3   4   0   1   1  0.48 inf
  391 N   -1  0  2  3  0  0  0  0 -1 -2 -2  1 -1 -2  0  1  1 -2 -2 -2    3   4  15  18   2   4   3   5   1   2   4   8   1   2   4   9  10   1   1   3  0.18 inf
  392 N    0 -1  2  0 -1  1  0  0  0 -1 -1  1 -1 -2  2  0  1 -2 -1  0   10   2  11   4   1   5   4   5   2   2   4   9   1   2  12   6  11   1   1   7  0.13 inf
  393 T    0 -2 -1 -2  4 -1 -2 -2 -2 -1  1 -1 -1  0 -1 -1  4 -2 -1  0    7   2   2   2  10   1   2   2   1   2  16   5   1   5   2   2  32   0   1   6  0.25 inf
  394 Y    1 -1 -2 -2 -2  0  0 -2  0  0  0 -1  1  1 -2 -1 -1 -1  5  0   18   2   2   2   1   5   5   2   2   5   9   2   5   3   2   2   2   0  24   6  0.21 inf
  395 R   -2  4  1  1 -3 -1  0 -2 -1 -1 -2  1  0 -2  3 -1 -1 -2 -2 -1    2  32   8   8   1   1   4   2   1   4   3   9   3   1  13   2   2   0   1   4  0.37 inf
  396 V    0 -4 -4 -4 -3 -4 -4 -4 -4  5  1 -4  2 -2 -4  0  0 -4 -3  3    8   0   0   0   0   0   0   0   0  42   7   0   5   0   0   8   4   0   0  25  0.67 inf
  397 L   -3 -3 -1 -3 -4  1 -2 -2  5  4  1  0 -1  1 -3 -2 -3 -3  0  0    0   0   2   0   0   6   2   2  20  29  16   6   0   5   1   3   0   0   3   5  0.42 inf
  398 L    2 -4 -5 -5 -3 -4 -4 -4 -4  1  4 -4 -1  3 -4 -3 -3  1  1  2   18   0   0   0   0   0   0   0   0   4  41   0   0  12   0   0   0   2   6  17  0.58 inf
  399 Y   -4 -5 -2 -2  3 -4 -4 -5 -2 -2 -2 -4 -3  4 -5  1 -4  6  7 -4    0   0   2   2   6   0   0   0   0   2   2   0   0  20   0  12   0  10  44   0  1.31 inf
  400 T   -1 -3 -1  2 -3 -1 -1  3 -3  1 -1 -3 -2 -3 -3  0  2 -4 -4  0    2   0   2  16   0   2   2  28   0  10   6   0   0   0   0   8  18   0   0   8  0.34 inf
  401 Q    0 -2  1  0 -4  1  2 -3  5 -4 -3  0 -1  1 -1  1  0 -3  2 -3    7   0   7   4   0   7  15   0  17   0   0   6   2   6   2  13   6   0   9   0  0.35 inf
  402 D    1 -3 -1  6 -5 -2  3 -1  0 -5 -3  0 -4 -5 -3  0 -1 -5 -4 -4   11   0   0  46   0   0  19   4   3   0   3   5   0   0   0   4   4   0   0   0  0.80 inf
  403 G    3 -2  0  2 -3  2  1  2 -3 -3 -4 -1 -3 -4  0 -1 -2 -4 -3 -2   36   0   3  14   0  10  11  16   0   0   0   2   0   0   3   0   0   0   0   3  0.45 inf
  404 L   -1 -2  0  3 -3  3  1 -3  0  0  0  1  0 -3 -1 -2 -2 -4 -3  1    5   0   3  20   0  19   9   0   2   5  12   9   2   0   3   0   0   0   0  12  0.26 inf
  405 G    0 -2 -2  0  3  2  0  4 -2 -3 -2  0 -2 -3 -3 -1  0 -3 -3 -3    5   1   0   6   6  12   6  39   0   1   5   7   0   0   1   3   5   0   0   1  0.45 inf
  406 A    1 -1 -1 -1 -2  1  1  1  2 -1  0  0 -1  2 -2 -1 -1 -2 -1 -1   14   1   3   1   0   6  14  11   7   1  14   7   0  13   1   1   1   0   1   3  0.11 inf
  407 N   -3  0  3  1 -4 -1 -1 -1  1 -3  0  3 -2  3 -3 -1 -2 -3  0 -3    0   3  17  10   0   2   2   3   3   0  12  23   0  19   0   2   0   0   3   0  0.33 inf
  408 F   -4 -5 -2 -2 -4 -5 -5 -2 -4 -2  1 -5 -2  7  2 -2 -1 -2  0 -2    0   0   2   2   0   0   0   3   0   0  13   0   0  61   9   2   4   0   0   2  1.16 inf
  409 F   -2 -3 -1 -2 -3 -1 -1 -2  2 -2  0  0 -2  6 -4  1 -2 -2  0  0    1   0   3   2   0   3   3   2   6   0   6   5   0  46   0  14   0   0   0   6  0.59 inf
  410 N   -2 -2  3  1 -4 -2  0  4 -3 -4 -3  1 -3 -4  1  0  0 -5 -4 -4    0   0  17   7   0   0   5  38   0   0   3  11   0   0   8   7   4   0   0   0  0.56 inf
  411 V   -2 -4 -4 -4  2 -4 -4  2 -4  4  2 -4 -1  0 -4 -3 -2 -3  0  2    0   0   0   0   4   0   0  19   0  33  24   0   0   3   0   0   0   0   3  14  0.51 inf
  412 K   -2 -2  1  0  1  0  1 -3  1 -2 -3  1  1 -2  3  0 -2 -3  3  1    0   0   8   6   4   4  13   0   3   0   0  10   5   0  17   5   0   0  12  14  0.29 inf
  413 A    3 -4 -4 -1 -4 -1 -1 -2  1 -4 -4 -3 -4 -5  7 -2 -3  2 -4 -2   26   0   0   4   0   2   3   3   4   0   0   0   0   0  53   0   0   3   0   2  1.28 inf
  414 D    1  1 -2  1  6 -2  1 -3 -3 -3 -3 -2  0 -4  0  2  2 -4 -3 -1   10   8   0  10  24   0   8   0   0   0   0   0   3   0   4  15  13   0   0   4  0.48 inf
  415 N   -2 -3  7  4 -5 -2 -2 -3 -2 -5 -6 -2 -5 -5 -4  1 -2 -6 -5 -5    3   0  63  25   0   0   0   0   0   0   0   0   0   0   0   9   0   0   0   0  1.42 inf
  416 L   -1 -4 -4 -2 -3 -4 -4 -5 -4  0  5 -4  0 -2 -4 -1 -3  2 -3  1    4   0   0   3   0   0   0   0   0   0  73   0   0   0   0   6   0   3   0  10  0.82 inf
  417 H    0  3 -2 -3  2  0 -2 -3  3 -3 -2  1 -2 -1 -4  0 -2 -1  6 -1    9  17   0   0   4   3   0   0   9   0   3  12   0   0   0   6   0   0  33   3  0.55 inf
  418 K   -2  1  0  1 -4  3  1 -3 -2 -1  0  4  1 -3 -3 -1  0 -4 -3 -1    0   3   3   7   0  14  10   0   0   3  14  35   4   0   0   0   5   0   0   3  0.34 inf
  419 N   -1 -2  4  3 -4  1  2 -2  3 -4 -4  0 -3 -4  0 -1  1 -4  0 -3    3   0  29  19   0   8  12   0   7   0   0   3   0   0   4   0  11   0   4   0  0.53 inf
  420 A    1  1  1  0 -3  1  0  0 -2 -2 -2  2 -2 -3  2  0  1 -4 -3 -1   18   7   7   3   0   7   4   4   0   0   3  15   0   0  12   4  12   0   0   4  0.23 inf
  421 D    0 -1 -1  2 -3  3  2  0 -2 -3 -2  2  0 -4 -2  1  0 -4 -3 -3    9   0   0  16   0  17  14   8   0   0   3  16   3   0   0  10   3   0   0   0  0.33 inf
  422 A    2  1 -1 -2 -2 -1  0 -1 -2 -2 -2  1  0 -3 -2  2  2 -3  0  0   24   7   2   0   0   0   5   3   0   0   0   7   3   0   0  17  21   0   4   8  0.24 inf
  423 R   -1  4  0 -3 -3  2 -1 -3  1 -2  2  1 -1  0 -3 -2 -1 -3  0 -1    4  31   3   0   0  13   0   0   3   0  25   6   0   3   0   0   3   0   4   5  0.34 inf
  424 K    1 -1  0  0 -3  2  1  2 -1 -3 -1  2 -2 -2 -2  1 -1 -3  1 -3   10   0   3   6   0  13   6  16   0   0   7  20   0   0   0  11   0   0   7   0  0.22 inf
  425 K    2  1  0 -3 -3  2 -1 -3  1  0  2  2  1 -2 -3 -1 -2 -3 -2 -1   23   8   4   0   0  14   0   0   3   3  26  17   3   0   0   0   0   0   0   0  0.25 inf
  426 L   -3 -4 -5 -5 -3 -4 -2 -5 -4  4  5 -4  0  1 -4 -4 -3 -3 -2  1    0   0   0   0   0   0   3   0   0  24  62   0   0   5   0   0   0   0   0   6  0.81 inf
  427 E    0  4  0 -1 -4  0  4 -3 -2 -4 -2  3 -3 -4 -3 -1 -1 -4 -3 -3    8  25   4   0   0   0  34   0   0   0   4  22   0   0   0   0   4   0   0   0  0.62 inf
  428 D   -1  1  2  1 -4  3  3 -3  1 -1 -3  2  1 -4 -3  0 -2 -4 -3 -3    4   8  15   6   0  15  21   0   4   4   0  14   6   0   0   3   0   0   0   0  0.37 inf
  429 S   -1  3 -2 -3  3  1 -1 -3 -1 -2 -1  3  1  1 -3 -1 -1 -2  4 -2    5  16   0   0   8   5   0   0   0   0   5  24   5   4   0   2   4   0  22   0  0.36 inf
  430 A    0 -3 -2 -3 -2 -1 -3 -3 -2  1  3 -2  4  1  0  0 -1 -2  1  1   11   0   1   0   0   4   0   0   0   8  30   0  20   4   4   7   0   0   5   6  0.27 inf
  431 E   -1  0  1  1 -3  1  3 -2 -1 -2 -1  1 -1  0 -2  1 -1 -3 -2  0    0   4   8   7   0   8  24   0   0   0   5  12   0   5   0  13   0   0   0  13  0.21 inf
  432 L   -1  1  0 -2 -2  1  0 -3  1 -1  1  1 -1  0  0 -1  2 -3 -2 -1    4   8   4   0   0   9   5   0   4   0  23   8   0   4   5   0  24   0   0   2  0.14 inf
  433 L   -2 -3 -3 -3 -2  0 -1 -4 -3  1  4 -3  2  1 -3 -2  1 -2 -2 -1    0   0   0   0   0   5   5   0   0   5  63   0   3   7   0   0   9   0   0   0  0.52 inf
  434 T   -1 -1  0  0 -2  0 -1 -3 -2 -1  2  1  1 -2 -2  0  3 -3 -2  0    0   0   5   5   0   5   0   0   0   0  27   9   4   0   0   6  32   0   0   4  0.24 inf
  435 K   -1  1  1 -1 -3  2  1 -2 -1 -3 -3  4 -2 -4  1  1  0 -3 -3 -3    0   6   5   0   0  11   7   0   0   0   1  42   0   0   5  13   6   0   0   0  0.45 inf
  436 F   -2 -3 -3 -3 -3 -3 -3  0  2 -2 -2 -1 -2  6  1 -1  0  4  1 -2    0   0   0   0   0   0   0   7   6   0   0   5   0  57   6   6   6   6   0   0  0.67 inf
  437 N   -2  1  6  2 -4 -1  0 -2  4 -3 -4 -1 -3 -4 -3  0 -1 -5 -2 -1    0   6  51  13   0   0   6   0  13   0   0   0   0   0   0   6   0   0   0   5  0.70 inf
  438 S    0 -2  0  0 -2 -2 -2 -2 -3  0 -1  0 -1 -3 -3  2 -1 -4 -3  4    6   0   5   6   0   0   0   0   0   0   0   6   0   0   0  27   0   0   0  48  0.32 inf
  439 Y   -3 -3 -3 -4 -4 -2 -3 -4  5 -3 -3 -3  1  2 -4 -1 -3  9  4 -3    0   0   0   0   0   0   0   0  21   0   0   0   6   6   0   6   0  41  19   0  1.51 inf
  440 V   -2 -3 -4 -4 -2 -3 -4 -1 -4  3  3 -3  0  1 -4 -3 -2 -3 -2  3    0   0   0   0   0   0   0   7   0  21  33   0   0   6   0   0   0   0   0  33  0.43 inf
  441 D   -3 -3  1  7 -5 -2  1 -3 -2 -4 -2 -2 -4 -4 -3 -2 -2 -5 -4 -4    0   0   6  81   0   0   6   0   0   0   6   0   0   0   0   0   0   0   0   0  1.31 inf
  442 A    2 -3 -3 -3  4 -2  0 -2 -3  1  2 -2  0 -2 -3 -1  0 -3 -2  1   29   0   0   0  14   0   6   0   0   6  29   0   0   0   0   0   5   0   0  11  0.28 inf
  443 V    0 -3 -4 -3  5 -3 -1 -4 -4  3  1 -3  0 -2 -3 -2 -1 -3 -2  3    6   0   0   0  20   0   6   0   0  27   8   0   0   0   0   0   0   0   0  33  0.48 inf
  444 V   -2 -3  0 -4 -2 -3 -3 -4 -4  4  2 -3  0 -1 -3 -3 -1 -4 -2  4    0   0   6   0   0   0   0   0   0  29  18   0   0   0   0   0   0   0   0  47  0.54 inf
  445 E   -2  2 -1  0 -4  3  5 -3 -1 -3 -3  2  1 -3 -2 -1 -2 -3  1 -3    0  12   0   0   0  12  49   0   0   0   0  14   7   0   0   0   0   0   6   0  0.62 inf
  446 R   -1  4  1  1 -3  2  0 -2 -1 -1 -3  2 -2 -3 -2  2 -1 -4 -2 -2    0  34   7   7   0  14   0   0   0   6   0  11   0   0   0  20   0   0   0   0  0.41 inf
  447 R   -1  3  0  2 -3  2  1 -2 -1 -2 -2  2 -2 -3 -2  0  1 -3 -2 -1    1  19   0  15   0  13   9   1   0   0   1  19   0   0   0   7   9   0   0   6  0.29 inf
  448 N   -1  0  3  3 -3  0  0  2 -1 -3 -3  2 -2 -3 -2  1 -1 -3 -2 -3    1   0  23  18   0   0   1  15   0   0   1  27   0   0   0  10   1   0   0   1  0.35 inf
  449 G    1 -1 -1 -1 -2 -1 -1  4 -2  0 -2  1 -2 -3 -2  1  1 -3 -2 -1    9   0   0   1   0   0   1  39   0  10   1  18   0   0   0   8  10   0   0   1  0.30 inf
  450 F    1 -1  0 -2 -2 -1 -2  0 -1  0  0  0  0  3 -2 -1 -1 -1  2  0   17   0   9   1   0   0   1   9   0  10  10  10   0  23   0   1   1   0   7   1  0.09 inf
  451 Y   -3 -3  1 -3 -4 -2 -3 -4  0 -2 -2 -3 -2  4 -4 -2 -2  1  8 -2    0   0   9   0   0   0   0   0   0   0   0   0   0  14   0   0   0   0  77   0  1.22 inf
  452 L   -2  1 -2 -3 -3 -2 -2 -4  2  1  2  0  0  4 -3 -2 -2 -1  1  0    0  10   0   0   0   0   0   0   8   9  29   9   0  34   0   0   0   0   0   0  0.30 inf
  453 I   -2 -4 -4 -4 -2 -3 -4 -4 -4  5  1 -3  0 -1 -3 -3 -1 -4 -2  4    0   0   0   0   0   0   0   0   0  63   0   0   0   0   0   0   0   0   0  37  0.69 inf
  454 K   -2  5 -2 -2 -3  0 -1 -3 -1  1 -1  3 -1  1 -3 -2 -2 -3 -1 -1    0  45   0   0   0   0   0   0   0  20   0  24   0  11   0   0   0   0   0   0  0.42 inf
  455 D   -2 -2  0  6 -4 -1  1 -2  3 -4 -4 -2 -4 -4  2 -1 -2 -5 -3 -4    0   0   0  81   0   0   0   0   9   0   0   0   0   0  10   0   0   0   0   0  1.10 inf
  456 T   -1 -2 -1 -2 -2 -1 -2  1 -2 -2 -2 -1 -2 -3 -2  2  6 -3 -3 -1    0   0   0   0   0   0   0  10   0   0   0   0   0   0   0  10  79   0   0   0  0.70 inf
  457 K   -1  2 -1 -1 -4  4  3 -2 -1 -4 -3  4 -2 -4 -2 -1 -1 -3 -2 -3    0   6   0   0   0  30  18   0   0   0   0  47   0   0   0   0   0   0   0   0  0.65 inf
  458 L    0 -3 -3 -4 -2 -2 -3 -3 -3  2  2 -3  2  3 -3 -2 -1 -2  0  2   12   0   0   0   0   0   0   0   0  22  25   0   9  21   0   0   0   0   0  12  0.27 inf
  459 I   -1 -1  0 -2 -2 -1 -2 -3 -2  3  2  1  1 -1 -3 -2 -1 -3 -2  2    0   0   6   0   0   0   0   0   0  29  29  23   0   0   0   0   0   0   0  13  0.18 inf
  460 Y   -2 -2 -3 -4 -3 -2 -3 -4  1 -1 -1 -3 -1  5 -4 -2 -2  2  7 -1    0   0   0   0   0   0   0   0   0   0   0   0   0  36   0   0   0   0  64   0  0.88 inf

                      K         Lambda
Standard Ungapped    0.1298     0.3159
Standard Gapped      0.0381     0.2670
PSI Ungapped         0.1246     0.3118
PSI Gapped           0.0381     0.2670
