
Last position-specific scoring matrix computed, weighted observed percentages rounded down, information per position, and relative weight of gapless real matches to pseudocounts
           A  R  N  D  C  Q  E  G  H  I  L  K  M  F  P  S  T  W  Y  V   A   R   N   D   C   Q   E   G   H   I   L   K   M   F   P   S   T   W   Y   V
    1 G   -2 -5 -3 -4 -5 -4 -5  7 -4 -6 -6 -4 -5 -6 -5 -3 -4 -5 -6 -6    0   0   0   0   0   0   0 100   0   0   0   0   0   0   0   0   0   0   0   0  2.15 inf
    2 R   -3  5 -4 -5 -7 -3 -3 -6 -2 -7 -5  7 -5 -7 -5 -2 -5 -7 -6 -6    2  29   0   0   0   0   0   0   1   0   1  65   0   0   0   2   0   0   0   0  1.90 inf
    3 D   -2 -3 -2  5 -7  0  6 -5 -2 -7 -7 -1 -6 -7 -5 -2 -3 -7 -5 -5    3   1   1  30   0   3  53   0   1   0   0   4   0   0   0   2   1   0   0   0  1.48 inf
    4 S    4 -4 -3 -5  4 -4 -4  2  1 -2 -3 -3  0 -1 -4  2 -2 -1  0 -1   41   1   0   0  10   0   0  13   3   2   2   1   2   3   0  15   1   1   4   3  0.68 inf
    5 L   -4 -5 -5 -6 -2 -5 -5 -6 -3  4  2 -5  0 -4 -5 -3  4 -6 -4  4    0   0   0   0   1   0   0   0   1  22  22   0   1   0   0   1  27   0   0  25  0.95 inf
    6 I   -2 -6 -6 -6 -4 -5 -6 -6 -6  5  3 -6  1 -1 -6 -3  0 -6 -4  5    3   0   0   0   0   0   0   0   0  28  24   0   2   2   0   1   6   0   0  35  1.05 inf
    7 F   -5 -7 -7 -7  0 -7 -7 -7 -5  1  2 -7  0  7 -7 -6 -6  0  4 -1    1   0   0   0   2   0   0   0   0   9  18   0   2  54   0   0   0   1  11   3  1.65 inf
    8 L    1 -6 -6 -7  6 -5 -6 -6 -6  3  4 -6 -1 -4 -6 -4 -3 -6 -5  3   12   0   0   0  14   0   0   0   0  14  38   0   1   0   0   0   0   0   0  19  1.01 inf
    9 V   -4 -6 -7 -7 -2 -6 -7 -7 -7  6  2 -6  1 -1 -6 -6 -3 -6 -5  4    0   0   0   0   1   0   0   0   0  42  19   0   4   2   0   0   1   0   0  32  1.38 inf
   10 D   -6 -6 -2  8 -8 -2  2 -6 -4 -8 -8 -4 -8 -8 -6 -5 -6 -9 -5 -8    0   0   2  83   0   1  12   0   0   0   0   1   0   0   0   0   0   0   0   0  2.53 inf
   11 A    2 -5 -5 -4  5 -4 -4 -3 -4  1  1 -5 -1 -2 -5 -3 -1 -5 -2  4   21   0   0   1  12   1   1   2   0   7  13   0   1   1   0   0   3   0   2  35  0.74 inf
   12 S   -2  0  1 -2 -3 -2 -4  4 -2 -6 -6 -3 -5 -6 -5  5  1 -6 -5 -5    2   6   6   2   1   2   0  28   1   0   0   1   0   0   0  44   8   0   0   0  1.01 inf
   13 K    0  0 -2 -1 -1  0  1 -3  0 -3 -2  2 -1 -1  5  0 -2 -5 -4 -2    6   5   2   3   2   3  11   1   2   1   3  13   1   3  31   8   1   0   0   3  0.57 inf
   14 A    1 -1  1 -1 -3 -2  0 -1 -1 -4 -4  0 -4 -5  0  5  2 -5 -2 -4   12   3   6   3   0   1   5   3   1   0   1   5   0   0   4  40  11   0   2   1  0.57 inf
   15 M   -4 -4 -6 -6 -5 -5 -6 -6 -5 -1 -1 -5 11 -4 -4 -4 -3 -5 -4 -3    1   1   0   0   0   0   0   1   0   3   5   0  81   0   1   1   2   0   1   1  2.96 inf
   16 F   -1 -3 -1 -4 -2 -2 -4  0  4 -1  2 -3  0  6 -4 -2 -3 -3  1 -1    5   1   2   1   1   2   1   8  10   3  18   1   2  34   1   3   1   0   3   3  0.63 inf
   17 E   -1  0  0  1 -3  2  4 -1  0 -2 -2  2 -2 -4 -2  0  0 -2 -3 -2    4   4   4   7   0   8  29   5   2   2   3  11   1   0   1   8   6   1   0   3  0.35 inf
   18 S   -1  0  1 -1  1 -1  0 -2  0 -1 -2  1 -2 -3  3  2  1 -4 -1 -1    3   5   9   2   3   2   5   2   2   3   5   9   1   1  15  16  11   0   2   5  0.23 inf
   19 Q    0  0  1  1 -1  2  0 -1  2 -2 -1  0 -2 -2  0  1  0 -3  1 -1    6   5   6  10   1   9   6   3   5   1   7   7   0   1   5  10   6   0   6   5  0.10 inf
   20 S   -1 -1  1  2 -1 -1  0  0  1 -2 -3  0 -3 -1  3  2 -1 -4 -1 -3    5   2   7  12   1   2   6   8   4   3   2   7   0   3  17  14   2   0   2   1  0.27 inf
   21 E    0 -2  1  2 -4  0  3  1  0 -2 -2 -1 -2 -4  1  0 -1 -4 -3 -1    8   1   5  11   0   3  25  12   2   1   3   3   0   0   8   6   2   0   1   6  0.30 inf
   22 D   -1  2  2  3 -4  0  1  2 -2 -2 -3  0 -1 -3 -2  0 -1 -4 -3 -1    3  10   9  19   0   2  11  15   1   2   2   6   2   1   1   7   4   0   0   5  0.27 inf
   23 E   -1  0  1  1 -3  1  4  1  0 -3 -3  1 -1 -4 -1  0  0 -4 -1 -2    3   4   6   7   0   6  27  10   2   1   2  10   2   1   3   7   5   0   2   2  0.32 inf
   24 L   -1  0 -1  1 -1  0  2 -2  0 -1  0  1  0 -2  1  0  0 -2 -2  0    5   4   2   8   1   3  18   2   2   4  10  11   2   1   8   5   7   0   1   5  0.13 inf
   25 T   -1 -3 -2 -2  3 -2 -2 -3 -2 -1 -3 -1  0 -3  1  4  4 -5 -4 -2    3   0   1   2   5   1   1   1   1   3   1   3   2   1   7  35  28   0   0   3  0.69 inf
   26 P    1 -1  1  2 -1  1  0 -2  3 -3 -2 -1 -3 -1  4  0 -2  0  1 -2   11   3   5  13   1   7   4   1   8   1   3   4   0   2  21   5   2   1   5   2  0.36 inf
   27 F   -3 -4 -5 -3 -3 -5 -5 -5 -4  0  4 -4  0  6 -5 -5 -2  0  1  0    2   1   0   2   0   0   0   0   0   5  36   1   2  37   0   0   3   1   4   5  1.05 inf
   28 D   -1 -1 -1  3 -4  2  3 -2  2 -1  1  0 -1 -2 -3 -1 -1 -4 -1 -2    3   3   2  16   0   9  23   2   6   3  13   5   2   2   0   4   4   0   2   1  0.32 inf
   29 M    0  0  0  0 -1  1  2 -3 -1  0  0  0  2 -1 -3 -1  0  4  0  0    9   4   3   4   1   6  14   1   1   6   8   5   8   2   0   4   8   7   3   5  0.15 inf
   30 S    5 -4 -3 -2  3 -3 -3 -2 -4  2 -2 -3 -1 -1 -3  1  0 -4  0  0   46   0   0   2   6   1   0   2   0  11   2   0   1   2   0  12   4   0   3   6  0.60 inf
   31 I   -1 -2 -4 -4 -1 -3 -3 -4 -4  3  4  0  3 -1 -4 -2 -2 -4 -3  1    3   2   0   1   1   0   1   1   0  15  41   7   9   2   0   4   2   0   0   9  0.52 inf
   32 Q   -2  2  0  1 -3  3  3 -2  0 -3 -3  4 -3 -3 -3  0 -1 -2 -1 -4    1  11   4   7   1  12  17   2   2   1   2  26   0   1   0   7   4   1   2   0  0.48 inf
   33 C    2 -3 -2 -4  6 -2 -2 -3 -3  0  0 -3 -2  0 -3  1  0 -3  3  0   17   1   1   1  22   1   2   1   0   6   8   1   1   3   1  12   6   0  11   8  0.51 inf
   34 I    2 -4 -4 -3  3 -3 -3 -4 -4  4  1 -3  2 -1 -4 -3 -1 -2 -1  3   20   0   0   1   6   0   1   1   0  25  11   1   5   3   0   1   2   1   2  20  0.49 inf
   35 Q   -1  1  0 -1  0  2  0 -2  0 -2  0  1  1 -1 -3  0  0  4  3 -2    5   9   5   3   2   9   4   1   2   2   9   7   4   1   0   7   7   7  14   2  0.21 inf
   36 S   -1  0  1  3 -3  2  1 -2  1 -3 -1  0  2 -3 -3  1  1  1 -2 -3    4   6   5  16   0   9  11   3   4   1   6   4   6   0   0  12   9   2   1   1  0.23 inf
   37 V   -1 -1 -2 -3 -2 -1 -2 -4 -3  3  3  0  1  2 -4 -1 -1 -3 -1  1    4   3   1   1   1   2   3   0   0  17  29   7   4   9   0   5   4   0   1  10  0.28 inf
   38 Y   -2 -3 -4 -5 -1 -1 -3 -5 -3  3  3 -4  5  2 -4 -3 -2 -1  2  2    3   1   0   0   1   3   1   0   0  18  24   0  17   7   0   1   1   1   8  12  0.56 inf
   39 I   -1  1  0 -1  0  3  1 -3  0 -1 -2  2 -1 -3 -3  1  1 -4 -2 -1    3   9   3   3   2  18   8   0   2   4   4  15   2   1   0  10  11   0   1   4  0.26 inf
   40 S   -1  3  2  1 -4  3  0 -2  1 -2 -3  2 -2 -4 -3  1  1 -4 -2 -3    3  16   8   8   0  15   5   2   3   2   2  13   1   0   0  12   7   0   1   1  0.35 inf
   41 K   -2  2 -2 -3  0  1 -2 -3 -2 -2  0  5  1 -3 -3 -1  0 -4 -2 -1    2   9   1   0   2   6   0   2   1   2  11  43   4   1   0   4   5   0   1   5  0.53 inf
   42 I   -1 -4 -4 -4  1 -2 -4 -3 -4  5  1 -1  2 -2 -4 -3 -2 -4 -3  3    5   0   0   0   3   2   0   2   0  36  14   5   6   1   0   1   1   0   0  21  0.61 inf
   43 I    0 -1 -4 -4  1 -3 -4 -3 -4  4  1  0  1  4 -4 -2 -2 -1 -1  2    6   4   0   1   3   1   0   2   0  30   9   5   2  18   0   2   1   1   1  13  0.43 inf
   44 S    1 -1  1 -2  1  0 -2 -1  1 -2 -2 -1 -1 -1 -3  3  2  0  1  0   10   2   8   0   3   3   1   3   3   2   4   2   1   2   0  29  14   1   5   6  0.27 inf
   45 S    0  3  2  0 -2  1  1  2 -1 -4 -2  0 -1 -3 -2  2 -1 -4 -2 -3    5  17  10   3   1   5   9  14   1   0   3   3   1   1   1  21   3   0   1   1  0.29 inf
   46 D   -2  2  0  2 -4  0  0 -2 -2 -4 -3  2 -2 -4  4  1 -1 -4 -3 -3    2  13   3  13   0   3   3   2   1   0   1  16   1   0  26  10   2   0   1   2  0.55 inf
   47 R   -1  2  2 -1 -4  1 -1  0  0 -3 -3  4 -3 -2 -1  0  1 -2  0 -3    3   9  13   3   0   5   1   6   2   1   1  29   0   1   2   7  11   1   3   1  0.34 inf
   48 D   -2 -3  1  6 -1 -2  1 -3  0 -3 -3 -3 -4 -5 -3  0  2 -5 -4 -4    2   0   4  60   1   0   6   0   2   1   2   0   0   0   0   6  13   0   0   0  1.04 inf
   49 L    0  0 -1 -2 -2  0  2 -1  2 -1  1 -1  1  0 -2 -1 -1  4  2 -1    7   5   2   0   1   4  15   6   7   1  16   2   6   2   1   4   1   6   9   4  0.12 inf
   50 L   -1 -3 -2 -4  0 -2 -3 -4 -1  3  1 -3  2  2 -3 -2  0 -3  0  4    4   0   1   0   2   2   0   1   2  22   8   0   7   9   0   1   4   0   3  34  0.42 inf
   51 A    2 -3 -1 -3  2 -1 -3  5 -1 -4 -4 -2 -3 -4 -3  2 -1 -4 -4 -3   18   0   2   0   4   3   0  49   2   0   1   0   0   0   0  16   3   0   0   0  0.77 inf
   52 V   -1 -4 -4 -4  5 -3 -4 -3 -4  3  2 -3  0  0 -4 -2 -1 -3 -2  3    2   0   0   0  13   0   0   2   0  23  16   0   1   4   0   3   2   0   0  30  0.54 inf
   53 V   -1 -1 -4 -4  1 -3 -3 -4 -3  3  1 -3  2  1 -3 -3 -1 -2  3  4    3   3   0   0   3   0   0   1   0  15  14   0   6   5   0   1   2   0  12  34  0.43 inf
   54 F   -1 -3 -3 -4 -3 -3 -3 -1 -3  0  3 -2  1  4 -3 -2 -1 -2  0  0    5   0   0   0   0   0   0   7   0   3  40   1   4  23   0   2   4   0   1   6  0.43 inf
   55 Y    1 -3 -3 -4  0 -3 -3 -3  0  0  0 -3  0  5 -3 -2 -1  1  5  0   12   1   0   1   2   0   1   2   2   4   6   1   2  30   1   2   3   1  25   5  0.60 inf
   56 G   -1  1  4  1 -3  0 -2  3  2 -4 -4  0 -3 -3 -3  0  0 -3  1 -3    5   8  28   6   0   5   0  21   6   0   1   5   0   0   0   5   5   0   5   0  0.42 inf
   57 T   -1 -3  0 -1  5 -2  0 -1  1 -1 -1 -2  1 -3 -3  0  4 -3  0 -1    4   0   4   4  18   0   5   4   5   4   4   0   4   0   0   6  31   0   4   4  0.39 inf
   58 E   -1  1  1  3 -5  1  3 -1  0 -4 -4  2 -3 -5 -1  0  0 -5 -3 -3    6   7   5  19   0   5  21   4   2   1   1  11   0   0   3   7   4   0   1   2  0.43 inf
   59 K   -1  1  1  1 -4  0  3  0  2 -2 -3  2 -1 -4 -1  0  0 -4 -3 -2    4   7   6   9   0   3  21   8   5   3   2  15   1   0   2   6   4   0   1   3  0.30 inf
   60 D   -1  0 -1  1 -2 -3 -1 -3 -3 -4 -4  1 -4 -2 -2  3  5 -2 -4 -3    4   5   3   6   1   1   4   2   0   1   1   8   0   2   2  22  37   1   1   1  0.71 inf
   61 K   -1  0  2  3 -2  0  1 -2 -1 -4 -3  4 -4 -5 -1  1 -1 -5 -1 -3    6   5  11  16   1   4   7   3   2   1   2  25   0   0   3   8   3   0   2   2  0.41 inf
   62 N   -1 -2  7 -1 -4 -2 -1  0  0 -3 -5 -2 -5 -2  0  0 -1 -6 -5 -3    5   2  52   3   0   1   4   7   2   2   1   2   0   2   5   7   3   0   0   2  1.10 inf
   63 S    0 -2  0  2 -3  0  1  0 -1 -1 -1  1 -2 -3  2  1  0 -4 -4 -2    8   1   4  12   1   4   9   9   2   4   5   9   1   1  12  14   4   0   0   1  0.20 inf
   64 V   -2 -2  0 -1 -3  2  1 -1 -2 -1  3 -1  0 -1 -2  0 -1 -3 -2  0    3   1   5   4   0  11  11   4   1   3  31   3   2   2   2   7   3   0   1   7  0.21 inf
   65 N    1 -1  3  3 -2 -1  1  3 -2 -3 -4 -1 -2 -4 -2  1 -1 -5 -1 -4   11   3  12  15   1   2   9  20   1   1   1   2   1   0   2  10   4   0   3   1  0.38 inf
   66 F   -2 -5 -4 -3 -2 -2 -3 -4 -1  1  0 -1 -2  4  0 -2 -3  1  7  0    3   0   1   1   1   2   2   2   1   9   9   3   1  15   4   3   2   1  35   6  0.83 inf
   67 K   -1  0  0  1 -5  3  3 -4  0 -5 -4  3 -4 -2  3 -2 -1 -1 -1 -4    5   4   5   8   0  11  19   1   2   0   1  17   0   2  15   2   3   1   2   1  0.50 inf
   68 N   -3 -1  6 -2 -6 -2 -1  2  7 -6 -6 -3 -5 -3 -4 -2 -4 -6 -1 -4    2   3  36   2   0   2   4  16  24   0   1   2   0   1   1   2   0   0   2   1  1.30 inf
   69 I   -4 -5 -2 -4  4 -2 -2 -4 -6  5 -1 -5  1  0 -5 -3 -1 -5 -4  4    1   0   3   1   8   2   2   1   0  35   6   0   3   3   0   2   4   0   0  29  0.94 inf
   70 Y   -1 -2 -1 -4 -1 -1 -2 -4 -2 -2 -2 -1 -1  3 -5  1  2  0  6  0    5   2   3   1   1   3   2   1   1   2   4   3   1  13   0  10  13   1  26   7  0.56 inf
   71 V   -3 -3 -2 -3 -3  0  1 -4 -2  1  0 -1 -2 -1 -1 -3  0 -5 -1  5    2   1   1   1   1   5  11   1   1   7   9   3   1   3   4   1   5   0   2  41  0.53 inf
   72 L   -1 -2 -3 -5  0 -3 -3 -5  3  1  4 -2  0  3 -4 -3 -3  0  3  1    5   2   1   0   2   1   1   0   8   7  35   3   2  14   1   2   1   1   8   8  0.57 inf
   73 Q   -2  2  1 -3  1  4  0 -2  1 -2 -1  0 -1  0 -4  0  0 -2  0 -1    2  12   6   1   3  22   5   3   4   3   7   4   1   5   0   7   6   1   3   4  0.29 inf
   74 E   -2 -2  0  4 -3  0  3 -2  2 -6 -6 -1 -5 -4  4  1 -2 -6 -3 -3    3   2   5  23   1   3  19   3   5   0   0   3   0   1  17  10   2   0   1   2  0.66 inf
   75 L   -3 -5 -4 -6 -2 -5 -2 -6 -2  3  5 -4  1  2 -1 -4 -3 -2 -4  0    1   0   1   0   1   0   3   0   1  17  49   1   4   8   4   1   2   1   0   6  0.90 inf
   76 D   -1  1  1  3  0  1  0  1 -3 -2 -1  1  2 -2 -4  0 -1 -4 -2 -2    5   8   8  19   2   7   6  10   0   2   5   7   6   2   0   8   4   0   1   2  0.22 inf
   77 N    0  0  0 -1 -1  2 -1 -3 -3  0  1 -1  0 -3  2 -1 -1 -4 -2  3    8   5   5   3   1  12   3   1   0   4  13   3   2   1   9   4   4   0   1  21  0.21 inf
   78 P   -1 -2 -5 -2  0 -2 -3 -4 -3  1  0 -3  0 -1  6 -2 -2 -6 -1  2    6   2   0   2   2   2   2   1   1   9   8   1   2   3  39   3   2   0   2  14  0.80 inf
   79 G   -1 -4  3  4  0 -1 -2  0  0 -2 -1 -2 -1 -3 -2  1  2 -1 -3 -3    5   0  13  22   2   3   2   7   2   2   6   2   1   1   1  12  15   1   1   2  0.37 inf
   80 A    2 -2 -3 -4  0 -2 -1 -2 -1  0  0 -1  4  1 -3 -1  0  4 -2  2   22   2   1   0   2   1   5   3   1   3   6   4  13   6   1   4   5   5   1  13  0.30 inf
   81 K   -2  0  0  2 -5  1  3 -1  0 -3 -2  3 -4 -3  2  0 -1 -5 -2 -3    3   4   3  12   0   7  19   4   2   1   4  18   0   1   9   5   3   0   2   2  0.36 inf
   82 R   -1  2  0  2  0  1 -1 -2  0  0  1  0  0  0 -2  0  1 -4 -1 -2    3  11   4  14   2   7   3   3   2   5  14   5   2   3   1   7   9   0   2   2  0.11 inf
   83 I   -2 -3 -5 -4 -2 -5 -5 -6 -1  4  3 -2  2 -1 -5 -3 -2  0 -1  3    4   1   0   1   1   0   0   0   2  25  27   2   4   2   0   2   2   1   2  22  0.70 inf
   84 L   -2  3  2 -1 -5  2  1 -3 -1 -2  1  3 -1 -1 -4 -2 -2  0  0 -3    3  13   9   2   0  10  10   1   1   2  13  21   1   3   0   2   2   1   3   1  0.35 inf
   85 E    0  0  1  2 -2  1  2 -3  2 -2 -2  1 -1 -1 -1  0 -1 -4 -1 -2    8   5   8  13   1   6  16   1   5   2   3  11   1   3   2   6   4   0   2   3  0.22 inf
   86 L   -4 -3 -6 -3 -1 -4 -4 -6 -5  3  5 -3  0  2 -4 -5 -3 -5  0  1    1   1   0   2   1   1   1   0   0  15  51   2   2   9   1   0   1   0   2   9  0.91 inf
   87 D   -2  2  0  3 -2  2  2 -3 -1 -1 -1  2  2 -2 -2 -1 -2 -4 -1 -3    3  11   4  18   1   8  14   1   1   5   6  11   6   2   1   4   1   0   2   1  0.30 inf
   88 Q    0  1  2  2 -2  3  2 -2  1 -3 -3  1 -1 -4 -3  1  0 -1 -1 -3    8   6  11  12   1  13  14   3   3   2   1   7   2   0   0   8   5   1   2   1  0.31 inf
   89 F   -3 -3 -2 -2 -1 -3 -3 -5 -2  2  4 -3  0  4 -4 -2  0 -1  0 -1    2   1   3   2   1   1   1   1   1  12  40   1   2  16   1   2   5   1   3   4  0.63 inf
   90 K    0  0  0  0 -1  1  0 -2 -1  0  0  1  1 -1  1 -1 -1 -3 -1  1    7   6   6   4   2   6   5   2   1   5  11  12   3   2   8   3   3   0   1  13  0.09 inf
   91 G    0  1  1  0 -1  0  2  1  0 -2 -2  1 -2  0  1  1 -1 -2 -2 -1    8   7   7   5   1   3  15  11   2   3   3   8   1   5   6   9   4   0   0   4  0.12 inf
   92 Q   -1 -2  0  3 -2  2  2  1 -1 -2 -1 -1 -3 -4 -1  1 -1 -2 -1 -2    4   2   4  15   1  11  12  13   1   2   7   3   0   0   3  11   4   1   3   3  0.23 inf
   93 Q   -1 -2  1  1  2  2  2 -2  1 -1 -1  1 -1  1 -2  0  0 -5  0 -1    5   2   7   9   4   8  12   3   3   4   6   7   2   6   2   7   6   0   3   4  0.13 inf
   94 G    0 -1  1  1  1  0 -1  2  2 -2 -2 -1  0  0 -1  0  0 -5  0 -1    8   3   6   9   3   4   5  17   4   3   3   4   2   5   3   6   7   0   3   5  0.13 inf
   95 Q   -1  0 -1  2  1  1  2 -2  1 -2 -1  0  0 -1  1  0  0  1  0 -2    5   5   3  10   3   5  13   3   3   3   7   6   3   3   7   8   6   2   3   3  0.11 inf
   96 K   -1  0  1  2  0  1  2  1  0 -2 -2  3 -1 -2 -2  0 -1  1 -2 -3    5   4   5  11   2   6  12   9   2   2   4  15   1   2   2   6   4   2   2   2  0.22 inf
   97 R   -1  1  0  2 -2  1  1 -1  2 -2 -1  0 -3 -1 -1  0  0 -1  0 -2    5   8   4  14   1   6  10   5   5   3   7   6   0   2   3   8   6   1   4   3  0.14 inf
   98 F   -1 -2 -2  0 -3 -1  0  0  1  1  0 -1  1  5 -2 -2 -2  0  1 -1    5   2   2   5   0   3   6   6   3   7  10   5   4  24   2   3   2   1   5   5  0.27 inf
   99 Q   -1  0  0  1 -3  2  2  0 -1 -1  0  1 -1 -2 -2 -1 -1 -3  0 -1    6   5   3   8   1  12  13   7   1   3  10   9   2   2   2   4   4   0   4   5  0.12 inf
  100 D   -1 -1  0  3 -2 -1  1  0 -1  0 -2  1 -1 -1  0  0 -1  1 -2 -1    4   3   4  19   1   3   9   8   2   5   5  10   2   3   5   6   4   2   1   4  0.16 inf
  101 M    1 -1 -1  0 -1  0 -1 -2 -1  1  1 -1  1  0  1 -1  0 -3  0  0   12   3   3   6   1   4   3   2   2  10  15   4   3   4   7   5   4   0   3   8  0.06 inf
  102 M   -2 -1 -1 -1 -2  0 -1 -3 -1  2  1 -1  1  2  0 -1  0 -1  2  1    3   4   3   3   1   5   5   2   1  14  14   3   3   8   6   4   5   1   7   9  0.12 inf
  103 G   -1 -2  0 -1 -2 -2  0  3 -3  0 -3  0 -2  0  4  0 -3 -1 -3  0    4   2   5   4   1   2   5  22   1   6   2   5   1   4  20   7   2   1   1   7  0.38 inf
  104 H   -1 -2  0  0  0 -1  0  1  3 -1 -1 -1 -1  0  1  1  0 -2  0  1    4   2   5   6   2   2   5  10   7   2   6   4   1   3   8  13   7   1   3  11  0.09 inf
  105 G    2 -2  1  1 -2  0  0  2 -1 -2 -2  0 -1 -1 -1  2  0 -1 -3 -2   15   2   5   6   1   3   5  18   1   2   3   6   2   3   2  16   5   1   1   3  0.20 inf
  106 S    0  0  0  0 -2  1  2 -1  0 -1 -1  1  2 -1 -1  0  0 -2 -2 -1    7   6   5   6   1   6  16   5   2   5   5   7   7   2   3   9   4   1   1   3  0.10 inf
  107 D   -1  1 -1  4 -4  1  2 -1  0 -3 -3  0 -2 -3  2  0  0 -5 -2 -2    6   7   2  23   0   7  12   5   3   2   3   6   1   1   9   5   6   0   1   3  0.32 inf
  108 Y    0 -3  0  0  1  1 -2  0 -2 -1  0 -2  2  0 -1 -1  0 -1  2  2    8   0   4   6   3   8   1   7   1   3   7   2   7   4   3   4   6   1  10  14  0.12 inf
  109 S    1 -2  1  2  0 -1  0 -1  0 -1  0 -1  2 -1  2  2 -1 -4 -3 -1   13   2   6  12   2   3   4   3   3   3   8   2   6   2   9  17   2   0   0   3  0.16 inf
  110 L   -1 -1 -4 -3  1 -2 -4 -3 -4  2  3 -2  4  2 -3 -3 -2  2  0  0    4   4   0   1   3   2   0   2   0  12  33   3  11   9   1   2   1   3   2   5  0.44 inf
  111 S    0  0 -1  1 -1  0  0  0  0  1  0  1  0 -1 -2  1 -1 -3 -1  0    8   3   2   8   1   4   5   7   3  11  11  10   1   2   1  14   2   0   2   4  0.05 inf
  112 E    0  1  3  3 -1  1  2 -2  0 -4 -2  1 -3 -2 -2  0  0 -4 -1 -1    9   6  14  19   1   5  11   2   2   0   3   7   0   2   1   7   4   0   2   4  0.28 inf
  113 V    1 -3 -3 -3  1  0 -3  0 -3  2  1 -1  1  0 -3  0 -1  2  0  2   17   0   0   0   3   5   0   6   0  11  14   3   5   4   0   5   3   3   3  17  0.18 inf
  114 L   -1  0 -3 -1  0 -1 -1 -2  1  1  3 -2  1  2 -1 -1 -2 -2  1  0    6   5   0   4   2   3   3   3   4  10  30   1   3  10   3   3   1   0   5   5  0.16 inf
  115 W   -1  0 -1 -1 -2  1  0 -2  0  1  1 -1  0  1 -3 -1  0  5  0  0    4   6   4   3   0   8   5   3   3  11  14   2   3   5   1   3   7   9   3   8  0.12 inf
  116 V    1 -2 -1 -1  2  0 -1 -2  1  0  0  0 -1  0 -3  0  0 -1  1  2   13   2   2   3   5   4   4   2   4   2  11   5   1   4   0   7   5   1   4  19  0.10 inf
  117 C    4 -2 -1 -4  7 -2 -4 -3 -4  1 -1 -3  2 -2 -4 -1 -2 -4 -2 -1   32   2   3   1  25   2   1   2   0   9   6   2   5   2   1   3   2   0   1   3  0.84 inf
  118 A    0  0  2  0 -2  2  0 -1  0  1  0 -1  1 -2 -2  0 -1 -3 -2  0    8   5  12   6   1  11   4   3   2  10  12   3   4   2   2   8   2   0   1   5  0.09 inf
  119 N   -1  1  2  3 -4  2  1 -1  2 -1 -2  0  1 -2 -3 -1 -1  1  0 -2    4   7  11  18   0   8   9   4   6   3   3   6   5   2   1   3   3   2   3   3  0.26 inf
  120 L   -1 -1 -2 -2 -1  0  1 -4  0  3  2 -1  4  0 -3 -1 -1 -3 -1  1    4   2   1   1   1   5   9   1   2  15  21   3  12   3   1   4   2   0   1  10  0.27 inf
  121 F   -1 -2 -3 -3 -1 -4 -2 -3 -4  2  2 -1  0  6 -4 -3 -2 -3  0 -1    4   2   1   2   1   0   3   2   0  11  18   4   2  38   1   2   2   0   2   3  0.77 inf
  122 S   -1  2  0 -1 -3  1  1 -2  0 -1 -1  1  0 -2 -2  2  2  0 -2 -1    3  10   5   2   0   8   7   3   3   3   6   8   3   1   1  17  12   1   1   4  0.17 inf
  123 D   -1  0  2  2 -4  1  0 -2  1 -2 -2  3 -3 -2 -3  0  2 -2  0 -1    4   5   8  11   0   5   5   3   3   2   3  19   0   2   0   8  13   1   3   4  0.26 inf
  124 V    0  0  0 -2  4 -1 -1  2  0  0 -1  1 -1  1 -2 -1  0 -3  1  0    7   4   4   2  10   2   3  17   3   5   7   8   1   5   2   3   5   0   4   7  0.14 inf
  125 Q    1  0  0 -1 -1  2 -1  1 -1 -3 -5  3 -3 -5 -2  1  1 -5 -5 -2   14   5   5   3   2   8   3  12   1   1   0  21   0   0   2  10   9   0   0   3  0.36 inf
  126 F    1 -1  0 -4 -3  0 -2 -2  0 -2 -2  4  0  0  2  0  1 -5 -1 -1   12   3   4   0   1   4   2   2   2   2   4  26   2   5  10   6   8   0   2   5  0.31 inf
  127 K   -3  1  3 -1 -6  0 -1 -1 -1 -3 -1  5 -3 -6 -3 -2 -1 -6 -2 -2    2   8  15   3   0   3   3   4   1   2   6  40   1   0   1   2   4   0   2   3  0.72 inf
  128 M   -2 -1  0 -2 -2 -1 -3 -3 -4 -2  1  4  2  4 -2 -2  1 -2  1 -1    3   2   5   3   1   3   1   2   0   2  13  24   5  16   2   2   7   0   4   4  0.37 inf
  129 S    1 -1  1 -1 -2 -1  0  1 -2 -2 -2  1  0  0 -2  1  0  2  2 -1   13   2   7   4   1   2   5  13   0   3   3   8   2   3   2  12   6   3   9   4  0.14 inf
  130 H   -2  1  2  1 -2  0 -1 -2  3 -1 -1  2 -1 -1 -3  1  0  0  1 -3    3   7   9   7   1   3   3   3   7   4   5  16   2   3   1  13   7   2   5   1  0.21 inf
  131 K   -2  6 -3 -3 -4  1 -4 -6 -2 -4 -3  6 -1 -7 -5 -2 -4 -7 -4 -7    3  35   1   1   0   6   0   0   1   1   2  42   2   0   1   3   1   0   1   0  1.46 inf
  132 R   -4  7  1 -6 -1  0 -3 -4  2 -6 -7  3 -6 -7 -5 -2  0 -7 -6 -5    1  52   7   0   2   5   1   1   4   0   0  14   0   0   1   4   6   0   0   1  1.44 inf
  133 I   -4 -5 -8 -8 -6 -3 -5 -8 -7  7  2 -7  2 -5 -7 -7 -6 -7 -6  3    1   1   0   0   0   1   1   0   0  56  19   0   4   0   0   0   0   0   0  15  1.69 inf
  134 M   -2 -5 -4 -6  3 -3 -2 -6 -3  3  0 -6  3  5 -5 -5 -4  1  2  2    3   1   1   0   6   1   4   0   0  17   9   0   6  26   0   0   1   2   6  16  0.84 inf
  135 L   -5 -6 -7 -4 -6 -6 -7 -7 -3  3  5 -6 -1  0 -7 -4 -5  3  0  3    1   0   0   1   0   0   0   0   1  14  52   0   1   3   0   1   0   3   4  16  1.21 inf
  136 F   -6 -7 -5 -7  1 -6 -7 -5 -6  4  2 -7 -1  6 -7 -6 -5 -5 -3  3    0   0   1   0   3   0   0   1   0  21  16   0   1  35   0   0   0   0   0  19  1.37 inf
  137 T   -4 -6 -6 -5 -6 -3 -6 -4 -7 -4 -6 -4 -3 -1 -5  0  8 -7 -2 -3    1   0   0   1   0   1   0   1   0   1   0   1   1   3   1   8  77   0   2   2  2.09 inf
  138 N   -4 -3  6  6  2 -5 -1 -2 -2 -7 -5 -4 -4 -4 -3 -1 -3 -2 -4 -5    1   1  30  44   4   0   3   3   1   0   1   1   0   1   1   4   2   1   1   1  1.48 inf
  139 E    1 -1  4  2 -1  0  1  1  0 -3  0 -2 -3  0 -3 -2 -2 -5 -1 -2   11   4  23  10   1   3  10   9   2   1  10   2   0   4   1   2   2   0   2   2  0.32 inf
  140 D   -1  0  0  6 -2  0  1 -2 -1 -3 -2 -3 -2 -3 -3  0  0 -5 -3 -3    5   6   4  42   1   4   7   3   2   2   5   1   1   1   1   7   5   0   1   2  0.72 inf
  141 N    0 -2  3  4  0 -1  0  0  2 -3 -2  0 -1 -2 -2  1  0 -5 -2 -3    7   2  14  20   2   2   6   8   4   1   5   5   2   2   1   9   5   0   1   1  0.29 inf
  142 P   -3 -4 -1 -2 -5 -2  0 -2 -5 -2 -4 -2 -5 -2  7 -2 -4 -1 -5 -3    2   1   3   3   0   2   5   4   0   2   2   3   0   2  62   3   1   1   0   2  1.61 inf
  143 H   -2 -2 -1 -1  1  0 -1 -1  6  1 -1 -3  1  4  0 -2 -1 -4  0  0    2   2   2   3   3   4   3   5  19   9   5   1   3  17   4   3   4   0   2   7  0.42 inf
  144 G    1 -1  1  1 -2  0  1  2 -2 -2 -3  1 -2 -2  1  1 -1 -2 -1 -3   10   3   6   9   1   3  10  18   1   3   2   8   1   2   8  12   2   1   2   1  0.22 inf
  145 N   -1 -1  2  2 -4  1  1  2 -1 -1 -2  0 -1 -1 -1  1 -1  1 -1 -2    4   3   9  10   0   6   8  15   2   4   3   6   2   2   3  13   4   2   2   2  0.16 inf
  146 D   -3 -3  3  6 -2 -1  1  0 -5 -2 -3 -2 -1 -3 -2  1 -1 -7 -2 -3    2   1  12  38   1   3   7   7   0   3   3   2   1   1   2   8   4   0   1   2  0.70 inf
  147 S    1 -1  1  3 -4  0  0  1 -1 -2 -3  1 -2 -2  0  2 -1 -1 -2 -2   10   3   5  16   0   5   7   9   1   2   3  11   1   1   4  14   3   1   1   2  0.19 inf
  148 A    0 -1  1  1 -3  1  1 -1 -1 -1  0 -1  0 -1 -1  0  1  0 -1 -1    9   3   7   8   0   6  12   4   1   4   8   3   3   3   2   8   8   1   2   3  0.06 inf
  149 K   -1 -1 -2  2 -5  0  3 -3  1 -2  1  3  0 -1 -3  0 -2  1 -2 -2    5   2   2  10   0   4  18   2   3   2  14  18   3   2   1   6   2   2   2   2  0.28 inf
  150 A    0  2 -1  1 -1  1  2 -2 -1  0  0  1  0  0 -2 -1 -1  1  0 -2    9  13   2   7   1   5  12   3   2   5   8   8   3   4   2   2   4   2   3   2  0.08 inf
  151 S   -1 -1  1  3 -3  1  1 -2  0  1 -3  0 -2 -1 -2  1  0 -4 -2 -1    5   3   6  18   0   7   9   2   3   9   2   4   1   3   2  13   6   0   1   5  0.20 inf
  152 R    1  1 -1  0 -4  4 -1 -2 -1  1 -1  0  1 -3 -2  1 -1 -3 -3 -1   12   9   2   5   0  20   3   4   1   7   7   6   4   1   1   9   4   0   1   4  0.24 inf
  153 A    3 -2 -2 -2  2 -2 -3 -4 -2  2  1 -2  0 -1 -3 -1  0  1 -3  1   26   2   2   2   4   1   2   1   1  14  15   2   2   3   1   4   6   2   1   9  0.32 inf
  154 R   -1  4 -1  0 -2  1 -1 -1  0  1 -1  1 -1 -1 -3 -1  0 -2 -3 -1    4  23   3   6   1   7   4   4   2   8   5  10   2   2   1   5   7   1   1   5  0.23 inf
  155 T   -1  0  1  0 -2  2  0 -3  0  1 -2  0  1 -2 -4  0  3 -5 -3  1    4   5   6   5   1   8   6   2   2   8   2   6   4   1   0   6  22   0   1  11  0.25 inf
  156 K   -3  3  0 -3 -5  0  0 -4 -2  3  0  3  1 -2 -5 -2  0 -5 -1 -1    2  17   5   1   0   5   5   1   1  19   8  19   3   1   0   2   5   0   2   3  0.45 inf
  157 A    4 -3 -1 -3 -1 -2 -2 -2 -3  2  0 -2  0 -2 -3 -2 -1 -5  0  0   37   1   4   1   1   2   2   3   1  13  10   2   3   2   1   3   4   0   3   7  0.44 inf
  158 G   -1  1  1  1  0  1  1  0  1  1 -2  3  0 -4 -3  0 -1 -4 -2 -1    5   6   6   9   3   5   8   6   3   8   4  19   3   0   1   5   3   0   1   5  0.16 inf
  159 D   -3 -2  3  6 -2  0  1 -4 -1 -3 -5  0 -2 -6 -5 -1 -2 -6 -6 -4    2   2  12  49   1   5   8   1   1   2   1   5   1   0   0   5   2   0   0   2  1.15 inf
  160 L   -1 -5 -1 -5 -1 -5 -4 -6 -1  0  5 -5  3  1 -6 -3 -1 -5  0  0    6   0   4   1   1   0   1   0   1   3  53   0   7   6   0   2   3   0   3   7  0.90 inf
  161 R    0  1  2  0 -3  2  0 -2  1 -2 -2  2 -1 -1 -2  0  0 -4  2  0    7   8  11   4   0   8   5   2   3   1   3  14   1   2   2   7   7   0   8   6  0.19 inf
  162 D   -1 -1  0  4 -3  1  2 -3 -1  1 -1  1 -4 -3 -3 -2 -1 -5 -3 -1    5   3   4  24   1   6  16   2   1  10   5   9   0   1   1   3   4   0   1   4  0.39 inf
  163 T    0  0  0  0  2  0  0 -1  1  0 -1  0  1  0  0  0  0 -2  1  0    5   5   5   5   5   5   5   5   5   5   5   5   5   5   5   5   5   0   5   5  0.03 inf
  164 G   -2 -1  1  0 -6 -3 -1  5  0 -1 -3  0 -1 -1 -3 -1 -3  0 -1 -3    4   4   8   6   0   1   3  44   2   4   2   6   2   2   1   4   1   1   3   2  0.65 inf
  165 I   -2 -3 -3 -1  0 -1 -3 -3 -5  5 -1 -1  0  0 -2 -3 -1  0 -1  3    3   2   2   4   2   3   2   2   0  34   6   4   2   4   2   2   3   1   2  19  0.60 inf
  166 F   -2 -1  2  2 -2  0  1 -1  0  0 -2  1 -2  1 -1  0  1 -1 -1 -1    3   3  11  11   1   4   8   5   2   6   4   9   1   8   3   8   9   1   1   4  0.12 inf
  167 L   -3 -5 -2 -3  0 -1 -2 -2  0  4  3 -3  2  4 -3 -3 -2 -5 -2  1    2   0   2   2   2   3   3   3   2  21  25   2   4  14   1   2   2   0   1   9  0.54 inf
  168 D   -1 -2  0  4 -1  0  4 -2  1 -1 -1 -2 -2 -2 -5 -1  0 -6 -1 -1    6   2   4  19   1   4  27   3   3   4   6   1   1   2   0   4   6   0   2   5  0.45 inf
  169 L   -3 -3 -3 -2  2 -5 -1 -2 -5  0  3 -2 -3  2  3 -1  0  1 -1  2    2   1   1   2   4   0   5   3   0   5  25   3   0   7  15   4   6   2   2  12  0.36 inf
  170 M   -1  0  0  0  2  0  0 -1  2  0 -1  0  2  1  0 -1  0  4  1 -1    5   5   5   5   5   5   5   5   5   5   5   5   5   5   5   5   5   5   5   5  0.09 inf
  171 H   -1 -1  0  0  1 -1  0  1  3 -1 -1  0 -1  0  3 -1 -1 -4  0  0    4   2   4   5   4   2   5  12   8   4   5   6   2   5  14   5   3   0   3   8  0.15 inf
  172 L   -2 -1 -1 -1  0  0 -1 -1 -3  3  2 -1  2  1 -1 -2 -1  2  0  1    3   3   3   3   2   6   4   6   0  16  18   4   5   6   3   2   3   3   3   8  0.13 inf
  173 K   -1  1  1  1 -2  0  0  1 -1 -2 -3  2  0 -1  1  2  0 -5 -2 -2    3   7   5   8   1   4   7  12   1   2   2  12   3   3   7  14   6   0   1   2  0.18 inf
  174 K   -2  1  1  0  0  0  1 -2  0 -2 -2  3  1  0  2  0  1 -4 -1 -2    3   8   6   4   2   3  10   3   2   1   3  18   5   4   9   6   8   0   2   3  0.21 inf
  175 P   -1 -1  2  2  1  0  1 -1  1 -2 -3  1 -1 -2  3  0 -1 -5 -4 -1    4   4   8  13   3   3   9   4   4   2   3   8   2   2  13   7   4   0   0   5  0.23 inf
  176 G   -1 -1  1  3  0  0  0  2  1 -2 -2  0  0 -2 -1  0  0  2 -1 -1    5   2   7  16   2   4   5  17   4   2   3   6   2   2   2   7   5   3   2   4  0.19 inf
  177 G   -1  1  0  1 -1  0  2  1  1 -1 -2  1 -1 -2  0  0  0 -4 -1 -2    3   8   5   9   2   5  12  12   3   3   3  10   2   2   5   8   4   0   2   3  0.14 inf
  178 F   -1 -4 -2 -1 -5 -1 -1 -1  2 -3  0 -2 -1  6  1  0 -2 -1  0 -3    5   1   2   5   0   3   5   5   5   1   9   2   2  37   7   7   2   1   3   1  0.68 inf
  179 D   -1 -1  3  6 -3 -1  1 -4  0 -6 -3 -1 -6  1 -1 -1 -3 -1 -5 -2    4   4  14  39   1   2   7   1   2   0   3   3   0   6   3   5   1   1   0   3  0.80 inf
  180 I    0 -1  0  0 -2  0  0  0  1  1  0 -1  0  0  1  0 -1  1  1  0    7   3   4   6   1   3   6   7   4  12   8   4   3   3   6   5   3   2   6   8  0.02 inf
  181 S   -1 -1  2  0 -3  0  2 -1 -1 -3 -1  0 -1 -5 -1  3  1 -5 -5 -2    5   3  10   5   1   4  13   5   2   2   6   7   1   0   3  23   7   0   0   3  0.28 inf
  182 L   -1  0 -1 -1 -1  1  1 -2  0  0  0  3  1  0 -1  0 -1 -1 -2 -1    4   5   2   3   1   8  10   3   2   6  10  20   3   4   2   6   3   1   1   5  0.13 inf
  183 F   -3 -2  1 -2 -5  0 -3 -3  2 -2  0 -1  0  6 -3 -2 -3  3  2 -1    2   2   6   2   0   4   2   2   4   2  10   4   2  35   1   3   2   3   6   5  0.63 inf
  184 Y   -1 -4 -2 -4 -1  0  2 -3  0 -1  0 -2 -1  1  0 -1 -3  5  6  0    4   0   2   0   1   4  12   2   2   4  10   3   2   4   5   4   1   6  24   6  0.46 inf
  185 R   -1  1  2  0  2  0  2 -1  0 -4 -1  3 -1 -2 -2  0 -1 -5 -2 -3    4   9   8   5   5   3  13   5   2   0   6  20   2   1   1   8   3   0   1   2  0.25 inf
  186 D   -1 -2  0  5 -1  1  2 -2  1 -2 -2  1 -1 -3 -2 -1 -2 -6 -2 -3    6   1   4  31   1   7  13   3   3   2   4   8   2   1   2   5   2   0   1   2  0.49 inf
  187 I   -2 -1 -3 -3 -2 -1 -2  0 -2  4  2 -1  0  1 -3 -2  0 -1 -3  2    3   3   1   2   1   3   3   6   1  25  18   5   2   5   1   2   5   1   0  12  0.28 inf
  188 I   -2 -3 -2 -1  1 -2 -3 -4 -1  3  2 -3  1  1  0 -1  0 -4 -1  2    2   1   2   3   3   2   1   1   2  20  23   2   3   7   4   4   5   0   2  13  0.35 inf
  189 S    0 -1  1  0  0  0  1  0  0 -2 -1  1 -1 -2  0  2  1 -4  1 -2    9   2   7   5   2   3   8   7   2   2   8   8   2   2   4  17   7   0   5   2  0.11 inf
  190 V   -1  1  0  0 -3  1  0 -1  0  0 -1  1  0  0  1  0  0 -3  0 -1    5   8   6   5   0   7   6   5   2   6   7   8   3   5   6   7   6   0   3   5  0.05 inf
  191 H   -1 -1  0  1  1  2  0  0  3 -1 -1  0  0 -2 -1  1  1 -4  0 -1    5   2   4   7   3   9   6   8   7   4   5   7   2   1   2   9   9   0   3   5  0.09 inf
  192 F   -1 -1  1  0  0 -1  0  1 -1 -1  0 -1  0  2  0  0 -1  1  1  0    5   3   8   7   2   2   5  10   1   3  11   3   2  12   4   6   3   2   4   8  0.04 inf
  193 E    0  0  1  0 -2  1  0  0 -1  0 -1  0 -1 -2  1  0  0 -2  1  0    7   7   7   7   0   7   7   7   0   7   7   7   0   0   7   7   7   0   6   7  0.06 inf
  194 E   -1  0  1  1  1  1  3  1 -1 -2 -2  0 -1 -2  0  0  0  0 -3 -1    3   4   7   8   4   5  20  11   2   2   4   4   2   2   4   7   5   1   0   6  0.16 inf
  195 S    0  0  0  0  0  0  1 -1  1  1  0  0  0 -1  0  1  0 -3  0 -1    6   5   3   6   3   3   8   5   4  10   7   6   3   3   5  11   5   0   4   3  0.03 inf
  196 S    0 -1  1  0  1  1  0  0  1 -1 -1  0  0  0 -1  1  1 -3  1 -1    5   3   6   4   4   6   5   8   4   4   4   4   3   5   3  14   8   0   6   3  0.07 inf
  197 K    0  0  0  0 -2  1  0  0  1  0  0  0  1  0  1  0  0 -3 -1  0    6   6   6   6   0   6   6   6   6   6   6   6   6   6   6   6   6   0   0   6  0.04 inf
  198 L   -1  0  0 -2  2  0  0 -1  2  0 -1  0  1  1  0  0  0  3  1  0    5   5   5   0   5   5   5   5   5   5   5   5   5   5   5   5   5   5   5   5  0.07 inf
  199 E   -1  1  2  1 -1  1  4 -2 -1 -3 -3  0  0 -3  1  0 -2 -5 -2 -2    6   7   9   8   2   7  25   3   1   1   3   6   2   1   7   7   2   0   2   2  0.32 inf
  200 D   -1 -1  1  4 -1  1  3 -2  0  1 -4  0 -1 -3 -1  1 -1 -5 -2 -3    5   3   6  22   1   6  18   2   2   8   0   4   1   1   3  10   3   0   1   1  0.38 inf
  201 L    1 -3 -2 -2 -5 -2 -1 -3 -5  2  4 -5  3 -1 -1 -1 -2 -5 -1  0   10   2   2   2   0   2   4   2   0  10  39   0   8   3   3   5   2   0   2   4  0.50 inf
  202 L   -1  0 -1 -2  1  0 -1 -2 -1  1  3 -1  2  0 -2 -1 -1  1 -1  0    6   5   2   2   3   4   5   2   2   9  28   4   6   3   2   5   3   2   2   6  0.15 inf
  203 R    0  1  1  1 -4  1  1 -1  1 -2 -2  0  0 -2 -1  2  1  1 -3 -2    6   6   6   8   0   8   8   5   3   2   4   6   2   2   3  18   7   2   0   3  0.17 inf
  204 K    0  2  0  1 -1  3  1 -2  0 -1 -1  1  0 -1 -1  0 -1 -4  0 -2    8   9   4   7   2  14   8   2   2   3   5  10   2   2   3   6   4   0   3   3  0.14 inf
  205 V   -4 -2 -5 -3  1 -4 -3 -4 -2  4  2 -4  2  0 -1 -3 -2 -2 -3  4    1   2   0   1   3   1   2   2   1  25  20   1   5   3   4   2   2   1   1  24  0.64 inf
  206 R   -2  5  1 -2 -1  0 -2 -3  0 -3 -1  2  0  1 -2 -1 -1 -2 -3  0    2  31   6   2   2   5   2   1   2   1   6  13   3   6   2   5   4   1   1   6  0.44 inf
  207 A    1  1  0 -1 -1  0 -1 -1  0  0 -1  2 -1  1 -1  1  1  0 -2 -1   11   8   4   3   2   4   1   3   2   6   4  14   1   7   2  15   9   2   0   5  0.10 inf
  208 K   -3  4 -2 -2 -5  0 -1 -3  0 -2 -1  5 -4 -1 -1 -2 -2 -1 -1 -2    1  25   2   2   0   4   3   2   2   2   5  37   0   3   3   2   1   1   2   2  0.72 inf
  209 E    0  0  0  0  2  1  1 -2  0  0 -1  1  0 -2  0  1  1 -3 -2  0    5   4   4   3   4   8  12   2   2   7   4  12   3   2   4  10   7   0   0   5  0.10 inf
  210 T   -1 -1 -1 -1 -3 -1  0 -3  1  2  0 -1  1  1 -1 -1  1 -3  1  2    4   3   2   3   0   3   6   0   4  12   7   4   3   7   2   4  12   0   4  17  0.12 inf
  211 R   -1  4 -1 -2  0  0 -1 -3  0 -2 -1  3  0 -4  3  0  0 -4 -2 -2    5  23   2   2   2   3   3   2   2   2   5  17   2   0  13   7   5   0   1   3  0.36 inf
  212 K   -1  3 -1 -3 -5  2  0 -2  2 -2 -3  4 -1 -4  3  0 -1 -5 -1 -3    3  15   3   0   0   8   4   3   4   2   3  27   2   0  15   6   3   0   2   2  0.48 inf
  213 R    0  0 -2 -3  2  0 -2  0  2  0  0  0  1  1  1  0  0  4  1  0    6   6   0   0   6   6   0   6   6   6   6   6   6   6   6   6   6   6   6   6  0.10 inf
  214 A    1  0  0 -2  2  0  0 -1  0  0 -1  1  1 -1  1  1  1  3 -2 -1   15   6   4   0   4   3   5   3   3   5   4   8   4   3   8   9   8   4   0   4  0.10 inf
  215 L   -1 -2 -2 -4 -3  0 -3 -3  1  1  2 -1  2  1 -1  0  0  0  0  2    5   2   2   0   0   5   1   2   4   8  21   3   6   7   3   8   5   1   3  14  0.19 inf
  216 S    1 -1  1 -5  0 -2 -3 -1  0 -3 -2 -1  2  5 -1  0 -1  3  2 -2   13   4   6   0   2   2   1   5   2   1   4   4   5  24   4   6   4   4   6   2  0.42 inf
  217 R   -2  4  2 -2 -6  0 -2 -2  2 -4 -5  2 -5 -2  0  2  1 -1 -1 -3    3  25  11   2   0   3   2   3   5   1   1  11   0   2   5  13   8   1   2   2  0.53 inf
  218 L   -1 -5 -2 -3  5 -5 -5  2  0  2  3 -3  1  1 -5 -3 -1  1  0  0    5   0   2   2  11   0   0  14   3  11  26   2   3   5   0   2   4   2   3   6  0.46 inf
  219 K   -1  0  1  0 -1  1 -1 -1 -1 -2 -2  1  1 -2  4  0  2  0 -1 -2    5   4   8   4   1   6   3   4   1   2   4  10   3   2  19   6  11   1   2   2  0.28 inf
  220 L   -6 -6 -7 -2 -6 -6 -7 -3 -6 -4  5 -7  2  5 -7 -6 -6  4 -5 -2    0   0   0   3   0   0   0   3   0   0  56   0   5  21   0   0   0   5   0   3  1.52 inf
  221 K   -1  0  0  0  2  0  0 -1  2  0 -1  0  2  1  0 -1  0  4  1 -1    5   5   5   5   5   5   5   5   5   5   5   5   5   5   5   5   5   5   5   5  0.09 inf
  222 L   -4 -6 -6 -6  0 -6 -5 -4 -6  5  4 -6 -1  3 -4 -4 -4 -5 -1  0    1   0   0   0   2   0   1   1   0  29  43   0   1  11   1   1   1   0   2   5  1.13 inf
  223 N    0 -3  2 -1 -1 -3 -3  6 -5 -6 -5 -4 -2 -4 -2  1 -1 -6 -2 -2    8   2   8   4   1   1   2  50   0   0   1   1   1   1   2   9   5   0   2   3  0.92 inf
  224 K    0 -1  3  3 -3 -1  2 -1 -3 -3 -3  1 -4 -4  3  1 -2 -5 -5 -4    7   2  13  16   1   2  13   4   0   1   3   8   0   1  16   9   2   0   0   1  0.46 inf
  225 D    0 -2  3  4 -3 -1 -1  3  0 -4 -4  0 -5 -4 -3  0 -1 -3 -4 -3    8   1  13  27   1   2   4  19   2   1   1   7   0   1   1   7   4   0   1   2  0.56 inf
  226 I   -3 -3 -4 -4 -3 -2 -4 -4 -1  3  3 -3  2  3 -3 -4 -2  0 -1  2    2   1   1   1   1   2   1   1   1  18  30   2   4  12   2   1   2   1   2  16  0.60 inf
  227 V    0  1  1 -2  2  0  1 -1 -1 -1 -2  1 -2 -2 -2  2  1 -4 -2  0    9   8   6   1   4   4  10   4   1   4   3   9   1   1   1  17  10   0   1   7  0.16 inf
  228 I   -4 -4 -7 -7 -1 -6 -6 -7 -6  7  1 -6  1  1 -3 -6 -5 -6 -5  1    2   1   0   0   1   0   0   0   0  63  12   0   3   5   2   0   0   0   0   9  1.60 inf
  229 S    0  0  0  1 -4 -1 -1  2 -1 -4 -4  1 -1 -1  3  3  0 -5 -3 -4    8   4   4   6   0   3   3  15   2   1   1  10   1   3  14  20   4   0   1   1  0.36 inf
  230 V   -3 -4 -4 -4  1 -6 -6 -5 -7  3  0 -6 -1 -3 -6 -4 -2 -7 -5  6    1   1   1   1   3   0   0   1   0  15   9   0   1   1   0   1   2   0   0  62  1.43 inf
  231 G   -2  0  1 -2 -1  2  2  1 -2 -3 -3  3 -1 -2 -4  1 -1  3 -1  0    3   5   5   1   1  10  11  10   1   1   2  21   1   1   0  11   3   4   2   7  0.30 inf
  232 I    0  1 -1 -4  0 -4 -4  3 -4  1  0 -3  0 -2 -4 -1  0 -4 -1  2    9   9   2   0   2   0   0  26   0   9  10   0   2   1   0   5   5   0   3  15  0.35 inf
  233 Y   -4  0 -7 -7  0 -6 -7 -7 -1 -1 -3 -6 -1  3 -7 -4 -3  1  9 -3    2   4   0   0   2   0   0   0   2   4   2   0   2  10   0   2   2   2  64   2  2.15 inf
  234 N    1 -1  2 -2  0 -1 -2 -1  0  0 -1  1  0  0  0  1  2 -4  0 -1   10   2  12   1   2   1   2   4   2   8   5  11   2   3   5  11  13   0   3   3  0.13 inf
  235 L    0  1 -2 -4  0 -1 -1 -3 -1  1  2  2  3 -1  0 -2 -1  0  0 -1    8   6   2   0   2   2   3   2   2   7  25  13   8   2   5   2   3   1   3   3  0.21 inf
  236 V   -1 -2 -1 -2  2 -3 -2 -2  0  2  0 -2  2  1 -3 -1  2 -3  1  3    5   2   2   3   4   0   2   3   2  10   8   2   5   5   0   3  16   0   5  21  0.20 inf
  237 Q   -1  2 -1 -1  0  2 -1 -2  1 -1 -2  2  1 -1 -1  1  0 -3  1 -1    3  11   3   4   2  10   2   2   4   3   3  16   4   2   2  12   7   0   5   5  0.17 inf
  238 K    0  0  0  0 -2  1  0  0  1  0 -1  0  1 -2  1  0  0 -2  1  0    6   6   5   6   0   5   6   6   5   6   6   6   5   0   6   6   6   0   5   6  0.02 inf
  239 A    3 -1 -2 -3  0  4  4 -4 -1 -4 -3  0 -5 -3 -1 -1  1 -6 -6 -3   24   3   2   1   2  15  22   1   1   1   2   5   0   1   3   4   9   0   0   2  0.59 inf
  240 L   -1  2  0 -2 -3 -1  1 -3  0 -1 -2  4 -1 -2 -1  0  2 -5 -2  0    6  10   4   2   1   1   7   2   3   3   4  25   1   2   3   6  12   0   2   7  0.31 inf
  241 K   -1  1 -3 -3 -2 -2 -2 -3 -1 -2  0  4 -2  0  4 -1 -2 -6  0 -2    5   8   1   1   1   1   2   2   2   3   8  27   1   4  21   4   3   0   4   3  0.53 inf
  242 P    0 -2 -2 -4 -6 -2 -3  1 -6 -3  0  1 -2 -2  6  0 -2 -2 -2 -1    8   2   2   1   0   2   2  12   0   1   9   9   1   2  34   7   2   1   2   4  0.68 inf
  243 P    0  2  0 -2 -1 -1 -3 -3  0 -3 -2  2 -1 -2  1  2  3 -2 -2 -3    8  11   3   2   1   3   1   2   3   1   4  14   1   2   7  18  16   1   1   2  0.35 inf
  244 P    0  0 -1 -2 -1 -2 -2 -2 -1 -1  0  1 -2  0  3  0  0  5  2 -2    9   6   3   2   1   1   2   2   2   4  10  10   1   3  13   8   6   7   7   3  0.22 inf
  245 I   -2 -1 -2 -2  3 -2  0 -4  0  0 -1  2  1 -1 -4  1  1  1  2  2    3   4   2   2   6   1   5   0   2   6   5  14   3   2   0   9   9   2   7  19  0.24 inf
  246 K   -2  1  0 -3 -5  1 -2 -3  1 -2 -3  4 -1 -1 -1 -1 -1  5  4 -2    4   8   4   1   0   5   2   2   3   3   3  28   1   2   3   5   3   7  13   3  0.53 inf
  247 L   -2 -3 -3 -3  1 -2 -3 -4 -4  2  3 -2  2  2 -5 -3  0 -4  2  3    2   2   1   2   3   1   2   2   0   9  25   2   4   9   0   2   5   0   8  20  0.45 inf
  248 Y   -1 -1  0  3 -1 -1 -1 -2  2 -2 -2 -1 -1 -1 -3  1  0  4  3  1    5   2   3  17   1   2   3   3   5   2   3   4   2   2   1  12   5   7  10  10  0.27 inf
  249 R    1  1 -1  0 -1  0 -1  1 -1 -2 -2  0 -1 -2 -1  1  1  0  1 -1   13   9   2   4   1   5   4  12   1   2   4   6   1   1   2  11   8   1   6   6  0.09 inf
  250 E    0  1  0  2 -3  0  3 -1  1 -1 -2  0  0  0 -3  0  0 -3  0 -1    7   7   5  11   0   4  20   4   3   4   4   5   3   5   0   5   4   0   3   4  0.13 inf
  251 T    0  0  0  1  1  0  0  1  1 -1 -2  0  0 -3  0  1  2 -3  0 -1    8   5   4   7   3   3   4   9   3   4   3   5   3   0   3  11  18   0   3   3  0.12 inf
  252 N   -1 -2  4  1 -4  0  2  0  1 -3 -2  0  0 -3  1  0 -1 -5 -2 -3    6   2  23   8   0   4  13   7   4   1   4   6   3   1   8   5   4   0   1   2  0.31 inf
  253 E   -1  0 -1  1 -2  3  4 -2  2 -2 -2  2 -2 -4 -1  0 -1 -5 -1 -3    4   5   3   7   1  13  27   3   4   3   4  12   1   0   2   5   3   0   2   1  0.39 inf
  254 P   -1 -1 -1  0 -3  0  2 -1 -3  1 -1  0  1 -1  2 -1  0  1 -3  1    5   3   2   6   0   3  14   4   0  12   5   5   4   2  13   4   4   2   0  11  0.14 inf
  255 V    1 -1 -1 -1  0 -1 -1 -1 -3  1  0 -1  0 -3 -1 -1  0 -4 -1  3   16   3   3   3   2   3   3   4   0   5   9   3   3   0   3   4   5   0   3  28  0.18 inf
  256 K    0  0  0  0  2  0  0 -1  1  0 -1  0  1  0  0  0  0 -2  1  0    5   5   5   5   5   5   5   5   5   5   5   5   5   5   5   5   5   0   5   5  0.03 inf
  257 T   -1  1 -1 -2 -2  0  0  0 -2 -1 -2  1  0 -2 -2  2  2 -4  0  1    5   9   2   2   1   4   5   7   1   4   3   9   2   1   2  16  14   0   4  10  0.16 inf
  258 K   -2  2 -2  1 -3  1  3 -4  1 -1 -3  4 -2 -2 -2  0 -1 -5 -1  0    2   9   1   7   1   5  19   1   4   3   2  22   1   1   2   7   4   0   2   8  0.41 inf
  259 T   -1  2 -1 -3 -5  0 -1 -3 -3 -1 -4 -1 -2 -3 -2  1  5 -6  0 -2    4  12   2   1   0   4   4   2   1   4   1   3   1   1   2  10  41   0   4   3  0.70 inf
  260 R   -1  4 -1 -1 -3  1  2 -4  1 -1 -3  2 -1 -3 -3  0  2 -1  0  0    4  20   3   4   1   6  12   1   3   3   2  11   2   1   1   6  11   1   4   7  0.31 inf
  261 T   -2 -1 -2 -2 -3  1 -2 -4  2 -1 -1  0  0  1 -3 -1  2  0  6 -1    4   3   2   2   1   5   3   1   5   3   6   6   2   6   1   3  11   1  27   5  0.50 inf
  262 F   -3 -2 -3 -2 -2  0  0 -3 -1  2  1  0  1  3 -4 -2 -1 -3  3  2    2   2   1   3   1   4   5   2   1  12  11   7   3  12   1   2   3   0  12  16  0.31 inf
  263 N    0 -2  3  3  4  0 -2 -2  0  0 -3 -1 -2 -3 -3  1 -1 -1 -2  0    7   2  17  18   8   3   2   2   2   5   2   4   1   1   1  11   4   1   2   7  0.35 inf
  264 T   -1 -1  0  3 -1  0  2 -3 -4 -1 -3  1 -1 -2  0  1  0 -1 -3  1    6   3   4  15   1   3  16   2   0   3   2   8   2   2   4   9   6   1   1  12  0.23 inf
  265 S   -2 -2  2  5 -7  1  3 -2 -1 -5 -5  0 -2 -4 -2 -1 -1 -7 -1 -4    3   2   8  35   0   6  19   3   1   1   1   6   1   1   2   4   4   0   2   1  0.78 inf
  266 T   -2 -2  1  3 -3 -1 -1 -3 -2 -3 -3 -1 -3 -4  0  1  5 -6 -1 -4    3   2   7  18   1   3   4   2   1   1   2   4   1   1   5  11  31   0   2   1  0.59 inf
  267 G    1 -1  0  1 -1  1  1  3  0 -2 -2  0 -1 -4  0  0 -1 -5 -4 -2   10   2   5   8   1   6  11  26   2   2   5   5   2   0   5   6   3   0   0   3  0.27 inf
  268 G    1  1  0  1 -1  0  2 -1  0 -1 -2  1 -1 -2 -2  1  1 -4 -2 -1   11  10   3   8   1   4  13   5   2   4   3  11   1   1   2  10   8   0   1   4  0.14 inf
  269 L    0 -1 -1  1 -3  0  2 -2  0  1  0 -1  0 -1  1 -1  0 -3  0  0    6   3   2   8   0   3  19   2   2   9   8   3   2   2   7   4   6   0   5   9  0.11 inf
  270 L   -1 -1 -1  0 -3 -1  0 -1 -3  1  2 -1  1  0  0 -1  0 -3  0  2    3   3   3   6   0   3   5   4   0   8  19   4   4   3   4   4   4   0   3  19  0.12 inf
  271 L    0 -1  0  1  0  0  1  0  1  0  0 -1  0 -1  0  0  0 -3  0  0    6   3   3  11   3   3  10   6   5   6   9   3   4   3   4   5   4   0   3   8  0.03 inf
  272 P   -1  1 -1 -1 -5  0  1 -2  0 -4 -3  4  0 -1  4 -1 -1 -5 -1 -2    4   8   2   3   0   4   9   3   2   0   2  25   2   3  21   4   3   0   2   2  0.47 inf
  273 S    0 -1  0  3 -4  0  3  0  0 -2 -4  0 -1 -2 -1  1  0  1 -1 -2    6   2   5  16   0   4  22   6   2   2   0   4   2   2   2  12   4   2   2   3  0.29 inf
  274 D   -2 -1  1  4 -5  2  3 -2  0 -2 -3 -1 -1 -2  0 -1 -2 -5 -1 -2    3   3   7  29   0   8  19   3   2   2   2   3   2   2   5   3   2   0   2   2  0.49 inf
  275 T   -3 -1 -3 -3 -2 -1 -2 -4 -2  5  2 -2  2 -1 -3 -2  2 -5 -2  1    1   3   1   1   1   3   2   1   1  32  19   2   4   2   1   3  13   0   1   8  0.53 inf
  276 K   -1  2 -2 -1 -1  0  1 -2 -2  1 -1  4  0 -4 -2 -1  0 -4 -2  1    6   9   1   3   1   3   7   3   1  10   5  27   3   0   2   3   5   0   2   9  0.27 inf
  277 R   -1  3 -1 -2 -1  0 -2 -2  1 -4 -2  4  0 -2 -2 -1  0  0  4 -2    5  14   2   2   1   5   2   3   4   0   4  26   2   2   2   3   7   1  12   3  0.44 inf
  278 S    1 -1 -1 -1  1 -3  0  2 -1 -2 -2 -1  0  1 -2  1 -1 -3  3 -1   13   3   3   3   3   0   6  16   2   2   4   4   2   6   2  12   4   0  10   5  0.17 inf
  279 Q   -2 -1 -5 -1  2  4 -1 -2  0  0 -2 -1  0  2 -2 -3 -1  0  5 -2    3   3   0   3   4  20   4   3   2   5   3   3   2   9   3   2   3   1  22   3  0.59 inf
  280 I   -1  0 -1 -1  0  1  0 -1  0  0 -1  1  1  1  0 -1  0  2  1  0    5   5   3   4   3   7   5   6   3   7   6   9   4   6   5   3   6   3   5   6  0.04 inf
  281 Y   -2 -2 -1 -1 -7  0  0 -2 -6  1 -1 -2  1  2 -1 -2 -2  3  6 -1    4   3   3   3   0   4   7   4   0   8   7   3   3   9   3   3   3   4  24   5  0.55 inf
  282 G    0 -4 -1 -4 -1 -2 -3  7 -6 -7 -6  0 -7 -3 -4 -3 -3 -7 -7 -7    7   1   3   1   1   2   2  70   0   0   1   6   0   1   1   2   2   0   0   0  1.63 inf
  283 S   -1  1  1  2 -5 -2 -1  4 -1 -4 -5  2 -5 -2  0  1 -1 -6 -3 -4    4   7   6  11   0   1   3  30   1   1   1  11   0   2   5  12   3   0   1   1  0.50 inf
  284 R   -2  2  0  2 -3  2  2 -2 -1 -4 -2  1 -2 -3 -1  0  2 -5 -3 -2    3  12   4  10   1   8  14   3   1   1   4   9   1   1   3   7  15   0   1   3  0.28 inf
  285 Q    0  0  0  1 -1  2 -1 -2 -1  0 -1  0 -1  0  1 -1 -1  0  2  0    9   6   5   8   1  10   2   3   1   7   7   7   1   4   6   4   2   1   7   7  0.05 inf
  286 I   -3 -7 -3 -7 -1 -2 -4 -7 -7  6  0 -6 -1 -3 -5 -4 -2 -7 -6  5    2   0   2   0   1   2   1   0   0  37   7   0   1   1   1   1   3   0   0  38  1.29 inf
  287 I   -1  0 -1 -1  0 -2  0 -3  1  0 -1 -1 -1  1  4 -1 -1 -4  1  1    4   4   4   4   2   1   6   2   3   4   7   4   1   5  23   4   3   0   4  11  0.26 inf
  288 L   -3 -6 -6 -6  1 -6 -2 -4 -5  2  3 -3  2  6 -3 -6 -4  1  1  0    2   0   0   0   3   0   3   2   0  11  23   2   5  33   1   0   1   2   4   6  0.89 inf
  289 E   -2 -5  1  3 -6 -2  2 -3 -2 -6 -3 -1 -5 -6  1  4  3 -6 -6 -4    3   0   6  13   0   1  15   2   1   0   3   3   0   0   7  27  17   0   0   1  0.66 inf
  290 K   -1 -1  0  2 -1  0  2 -1  1 -1 -3  2  0 -4  2  1 -1  0 -2 -1    4   2   3  10   2   4  14   4   3   4   3  14   3   0   9  11   4   2   1   4  0.22 inf
  291 E    1 -1 -1  3 -1  0  3 -1 -1 -2 -3  0 -1 -2 -1  1  0  1 -2 -1   10   3   3  15   1   3  20   4   1   3   3   6   2   2   3   9   6   2   1   5  0.23 inf
  292 E   -3 -2 -1  4 -1  2  4 -3  1 -1 -1 -2  0 -1 -5 -2 -1 -6 -1 -2    2   2   2  20   1   8  31   2   3   3   7   2   2   2   0   3   4   0   2   3  0.61 inf
  293 T   -1  0 -1  0 -4  1  2 -4  0  1  1 -1  2  0 -4 -2  0  3  0  1    5   4   3   5   0   5  15   0   2   7  17   4   5   4   0   2   5   4   3   9  0.19 inf
  294 E    0 -1  2  2 -3  1  4 -3 -2 -3 -4  2 -2 -3 -2  0 -2 -6 -2 -4    8   4  10  11   1   6  25   1   1   2   1  12   1   1   2   8   3   0   2   1  0.46 inf
  295 E    1  0  0 -1 -1  2  3 -3 -1 -1 -3  1 -1 -1 -1  1 -1 -5 -2 -1   13   5   4   3   2  10  19   1   1   4   2  10   1   2   3  10   4   0   1   4  0.23 inf
  296 L   -1 -2 -4 -6 -5 -4 -4 -5 -5  3  3 -3  5  0 -4 -3  0 -5  0  2    5   2   1   0   0   1   1   1   0  18  28   1  15   3   1   1   7   0   3  11  0.72 inf
  297 K   -3  3  0 -3 -2 -2 -2 -3 -2 -3 -3  6 -4 -3 -2 -2 -1 -6  1 -2    3  15   5   1   1   2   2   2   1   2   2  47   0   1   2   3   4   0   5   3  0.96 inf
  298 R   -1  1  2  0 -4  0  0 -2  1 -2  0  0 -1  1 -2  0  1  0  3 -2    4   8  10   4   0   5   5   2   3   2  11   5   1   7   2   9   9   1  11   3  0.15 inf
  299 F   -2 -1 -1  0 -1  1  1 -3 -1  0  0  1  1  4 -1 -1 -1  0  0 -1    2   2   2   5   1   6  11   2   2   4   8  11   3  21   4   5   3   1   3   5  0.20 inf
  300 D    0 -2  0  2  0 -2 -1  3  3 -3 -4 -1 -2 -3  0  1  3 -5 -2 -3    6   2   4  10   2   1   3  21   7   1   1   4   1   1   5  10  17   0   1   1  0.33 inf
  301 D   -2 -1  0  2 -2 -1  3 -2 -2 -2 -2  0 -1 -1  2  1  0 -2 -1 -2    2   4   4  13   1   2  24   3   1   2   3   7   1   3  10  10   6   1   3   2  0.32 inf
  302 P    0  1 -2 -3  0 -1 -2 -1  0 -3 -3  4 -4 -5  5 -2 -2 -5 -2 -2    6   6   1   1   2   2   2   6   3   2   2  24   0   0  35   2   2   0   1   2  0.79 inf
  303 G    0 -1 -2 -2  4  0  0  4  0 -2 -3 -2 -1 -1 -2  1 -1 -3 -1 -1    6   2   0   1  10   3   6  37   2   3   2   2   2   3   1  10   2   0   2   5  0.40 inf
  304 L   -1 -4 -4 -1 -3 -3 -4 -4 -3  3  4 -4  3  2 -4 -3 -3 -3  1  1    4   0   0   4   0   0   0   1   0  16  42   0  10   9   0   0   0   0   6   6  0.55 inf
  305 M   -1  1  0  2 -3  0  2 -1  2 -1 -2  1  0 -1 -2  0  0 -3 -1 -1    3   9   3  13   0   4  12   2   7   4   3  13   4   2   0   6   7   0   2   5  0.15 inf
  306 L   -1 -3 -4 -4  1 -3 -4 -2 -4  4  3 -3  1  1 -4 -1 -1 -3 -2  2    4   0   0   0   4   0   0   4   0  27  30   0   3   6   0   4   4   0   0  12  0.43 inf
  307 M    0  1 -2 -2  3 -1  0 -3  2  0  0  0  2  1 -2 -1  0 -2  2  0    8   8   0   0   7   0   8   1   7   8   8   8   7   7   0   1   8   0   7   8  0.09 inf
  308 G   -3 -6 -3 -6  4 -1 -4  7 -2 -7 -5 -6 -6 -7 -6 -3 -6 -6 -2 -4    2   0   1   0   9   3   1  75   1   0   1   0   0   0   0   2   0   0   2   1  1.92 inf
  309 F   -4 -7 -7 -8 -1 -7 -7 -7 -6 -1 -5 -7 -1  9 -8 -4 -4 -4 -1 -2    2   0   0   0   1   0   0   0   0   3   0   0   2  83   0   1   1   0   1   4  2.75 inf
  310 K   -2  2 -2 -4  1 -1 -2 -5 -1  1 -1  4  0 -1 -4 -2  1 -5 -1  2    2  11   1   0   4   2   1   0   2   9   4  30   2   3   0   2  10   0   2  13  0.46 inf
  311 P   -2  1  0  3 -5 -1 -1 -3  2 -3 -4  1 -5 -5  5  0 -3 -6 -3 -4    4   6   4  16   0   3   3   2   4   2   1  10   0   0  33   8   1   0   1   1  0.77 inf
  312 L    1  3 -2 -2 -2  0  0 -3 -2  1  1  1  0 -2 -1  0 -1 -2 -2 -1   13  16   1   2   1   3   5   1   1  11  15   9   3   1   3   9   3   1   1   3  0.16 inf
  313 V    0 -2  2  2 -2  0  1 -1  0 -1 -2  0 -2 -3 -1  3 -1 -5 -3  0    5   1   8  11   1   3  10   4   2   3   3   6   1   1   3  28   3   0   1   6  0.30 inf
  314 L    0  0  2  0  1  1  0 -2  2 -1 -1  1  2 -1 -4  1  0  1  0 -2    7   5   9   4   4   7   5   2   5   3   6   8   7   3   0  11   7   2   4   2  0.13 inf
  315 L   -3 -5 -2  0  1 -2 -5 -3  0  3  4 -5  0  2 -5 -5 -4  1  2  2    2   0   2   5   2   2   0   3   2  16  32   0   2   7   0   0   0   2   6  14  0.60 inf
  316 K   -2  0  0  1 -1  1  0 -3  3 -3  0  3  0 -2  4 -2 -2 -6 -5 -2    2   5   4   7   2   5   5   2   7   2   8  19   2   2  21   3   3   0   0   4  0.43 inf
  317 K   -3  4 -2 -1 -1  1 -1 -3  0 -1  0  0  0  2  1 -2 -2  2  1 -2    2  24   2   4   1   5   3   2   2   3   9   5   3  10   8   3   2   2   6   3  0.33 inf
  318 H   -2 -1 -2 -3 -3 -1  2 -6  7 -1 -3 -2 -3  1 -4 -2 -3  6  5 -2    3   3   2   1   1   3  12   0  23   3   2   3   1   5   1   2   1  10  19   3  1.01 inf
  319 H   -1 -4 -1 -1 -2  1 -2 -6  6 -2  0 -3  2  1 -3 -1 -4  2  6 -2    6   1   3   3   1   6   2   0  19   2  10   1   4   6   1   4   1   3  24   3  0.78 inf
  320 Y   -2 -3  4 -3 -1 -2 -4 -4  3 -3  1 -3 -1  4 -4  0 -1 -1  4 -1    3   1  19   1   1   2   1   1   8   1  12   1   2  17   1   7   4   1  15   4  0.63 inf
  321 L   -4 -4 -4 -2  2 -4 -2 -4 -3  3  2 -4  7 -2 -4 -1  0 -2 -1  2    1   1   1   2   4   1   4   2   1  13  17   1  25   1   1   5   6   0   2  15  0.72 inf
  322 R   -2  2 -1 -1 -3 -1 -2  4 -2 -6 -4  4 -2 -6 -5  2 -1  0 -5 -4    3  11   2   4   1   2   2  30   1   0   2  23   1   0   0  13   3   1   0   1  0.68 inf
  323 P   -1  0  2  1 -3 -2  2 -1  3 -4 -4  1 -2 -5  4  1 -1 -5 -3 -4    5   5   9   8   1   1  13   6   8   1   1  10   1   0  18  10   3   0   1   1  0.45 inf
  324 S    2 -3 -2 -1  0  1 -4  0 -3 -3 -4 -2 -3 -5  2  4  0 -5 -2  0   16   1   2   3   2   6   0   6   1   1   1   2   1   0   9  34   6   0   1   8  0.52 inf
  325 L   -2 -1  1 -1  1  0 -2 -3  0  0  0 -1  0  0 -3  0  2 -2  4  2    2   3   8   3   4   4   2   2   3   4   9   3   2   3   1   7  12   0  14  14  0.20 inf
  326 F   -3 -5 -3 -3 -1 -4 -4 -6  0  1  1 -6 -1  7 -6 -3 -3  0  4  0    2   1   1   2   1   1   1   0   2   8  11   0   1  44   0   2   2   1  13   6  1.21 inf
  327 V   -3 -4 -6 -7  0 -6 -6 -7 -6  5  2 -1  1 -1 -6 -3 -2 -2 -2  4    2   1   0   0   2   0   0   0   0  32  16   5   4   2   0   2   3   1   1  29  1.00 inf
  328 Y   -1 -2 -5 -3 -1 -3 -4 -4  0  2  0 -5  0  3 -2 -4  0  0  5  3    6   3   0   2   1   1   1   1   2  10   7   0   2  12   2   1   5   1  23  21  0.64 inf
  329 P    1 -2 -2 -6 -2 -5 -4 -2 -6 -1 -3 -5 -3  1  7 -2 -1 -6 -6  0   10   3   2   0   1   0   1   4   0   4   2   0   1   5  54   3   4   0   0   6  1.33 inf
  330 E    2 -2  2  4 -1  0  0 -3  1 -3 -3 -1 -3 -5 -2  2 -1 -5 -5 -3   20   2   9  25   1   3   7   2   4   1   3   3   1   0   2  13   3   0   0   2  0.50 inf
  331 E    0 -1 -1  3 -6  2  5 -4 -2 -4 -3  2 -2 -4  0 -2 -2 -6 -1 -4    9   2   3  14   0   7  35   1   1   1   2  10   1   1   5   3   2   0   2   1  0.66 inf
  332 S    0  1  0  1 -2  1  1  0  0 -3 -3  2 -1 -2  1  1  0 -4 -1 -3    6   7   4   6   1   5  10   7   2   1   2  16   2   2   8  12   6   0   2   1  0.21 inf
  333 L   -1 -1  1  3 -4  0  0  2  0 -2  0  0 -2 -2 -2  1  1 -4 -2 -2    5   3   6  19   0   3   5  15   2   1   9   5   1   1   2  10   8   0   2   3  0.21 inf
  334 V   -1  0  1  1 -1 -1 -1  0  0  1 -2 -1 -1  1 -2 -1 -1 -1  2  1    4   5   9  10   1   1   4   8   2   9   2   4   2   6   1   4   4   1  10  12  0.10 inf
  335 I    0  0  1 -1  0  0  2 -2 -2 -1 -2  2 -2 -2  0  1  1 -4 -3  0    7   4   6   3   2   4  17   2   1   4   4  14   1   1   6   9   9   0   0   6  0.18 inf
  336 G    1 -2  0 -1 -5 -2 -2  5  2 -5 -4  1 -3 -5 -2 -1 -3 -5 -3 -3   12   2   5   3   0   2   2  46   4   0   2   9   1   0   2   3   1   0   1   2  0.79 inf
  337 S    3 -5  0 -2 -5 -1 -4 -2 -5 -4 -6 -4 -5 -4 -5  6 -2 -6 -4 -3   25   0   3   2   0   3   0   2   0   1   1   0   0   1   0  55   2   0   1   2  1.28 inf
  338 S    1  0 -2 -2  1  1  0 -1 -2  0 -1  1  0 -2 -3  1  3 -4 -3 -1   14   4   1   2   2   6   6   4   1   6   4  10   3   2   1   9  21   0   0   3  0.22 inf
  339 T    0  3 -2 -3  1  1 -1 -4 -2 -1  1  2  0 -4 -4 -2  1 -5 -2  2    8  18   2   1   3   5   3   1   1   3  13  13   2   0   0   2   9   0   1  15  0.32 inf
  340 L    4 -4 -4 -5 -1 -3 -4 -2 -5 -1  2 -1  0 -1 -1 -1  2  0 -3  1   37   0   1   0   1   1   0   2   0   3  17   4   3   2   3   4  12   1   1   8  0.51 inf
  341 F   -4 -6 -7 -7 -6 -6 -7 -7 -6 -2  3 -6  1  8 -7 -5 -4 -1  1 -1    2   0   0   0   0   0   0   0   0   2  27   0   3  52   0   1   1   1   5   5  1.69 inf
  342 S    2  0  0 -1 -3 -2 -2 -2 -1 -2 -4 -3 -3 -4 -5  5  0 -6  0  0   13   5   5   3   0   1   2   3   2   3   1   1   0   1   0  44   6   0   3   6  0.67 inf
  343 A    6 -5 -2 -6  0 -2 -5 -3 -3 -5 -2 -5 -5 -7 -6  4 -1 -7 -6 -3   54   0   2   0   2   2   0   1   1   0   5   0   0   0   0  27   3   0   0   2  1.29 inf
  344 L   -6 -7 -7 -8 -6 -7 -7 -8 -7  1  6 -5  1  3 -7 -7 -6 -6 -5 -3    0   0   0   0   0   0   0   0   0   6  78   1   3  10   0   0   0   0   0   1  1.84 inf
  345 L   -1 -2 -3 -3  1 -1 -3 -4  2  2  2 -2  0  0 -4 -2 -2  5  1  2    6   2   1   1   3   2   0   0   7  12  23   2   1   3   0   1   2   9   5  18  0.39 inf
  346 I   -2  4  0  1 -1  3  2 -3  3 -2 -2  2 -1 -4 -3 -1 -1  0 -2 -4    2  23   5   7   1  13  11   1   7   3   3  12   2   0   0   4   3   2   1   0  0.41 inf
  347 K    3  1 -1 -3 -1  0 -1 -1 -3 -2 -3  2 -1 -4 -3  2  1 -4 -2 -1   32   9   2   0   1   3   3   3   0   2   1  16   1   0   0  13   7   0   2   5  0.38 inf
  348 C   -4 -5 -5 -6  6 -4 -5 -5 -5 -1  4 -5  7 -3 -5 -2 -2 -4 -1 -3    1   0   0   0  19   0   0   0   0   3  34   0  33   0   0   3   3   0   2   0  1.44 inf
  349 L   -1  1 -1  0 -1 -1 -1 -3  0  1  2  0  0  0 -3 -1 -1  0  1  0    6   9   3   5   2   2   4   0   2   7  30   6   2   3   0   4   2   1   5   7  0.13 inf
  350 E    1  1 -1  0 -2  1  4 -3 -1 -3 -3  3 -2 -3 -3 -1 -1 -5 -4 -2   11   7   3   4   1   4  32   1   1   2   2  20   1   1   0   3   4   0   0   2  0.50 inf
  351 K    0  0  0  0  2  0  0  0  1  0 -1  0  1  0 -2  0  0 -2  1  0    6   6   5   6   5   5   6   6   5   6   6   6   5   5   0   6   6   0   5   6  0.03 inf
  352 E   -2  1  4  4 -4  1  2  1  0 -4 -4  1 -3 -4 -3  0 -2 -4 -4 -3    2   6  20  22   0   7  12  10   2   0   1   9   0   0   0   5   0   0   0   2  0.52 inf
  353 V   -2  2 -2 -3  0  1 -1 -3 -1 -1 -1  4  2 -2 -3  0  0 -4 -2  2    1  12   1   0   2   5   1   2   1   1   4  30   5   1   0   7   4   0   1  19  0.37 inf
  354 A    1 -3 -3 -4  1 -3 -3 -3  0  2  0 -3  4  1 -3 -2 -2  0  2  3   12   0   1   0   4   0   0   2   2  11   7   1  12   6   0   2   1   1   9  28  0.38 inf
  355 A    4 -3 -2 -3  0 -2 -1  1 -3  1 -1 -2  2 -3  0  0 -1 -3 -3  0   45   0   0   0   2   0   3  12   0   9   4   1   8   0   4   3   3   0   0   4  0.35 inf
  356 L   -2 -3 -3 -4 -2 -3 -3 -4 -3  4  2 -1  2  0 -3 -3 -1 -3  1  2    1   0   0   0   0   0   1   1   0  32  23   4   6   3   0   1   3   0   5  18  0.44 inf
  357 C    2 -3 -3 -3  7 -3 -3  0 -3  1  0 -3 -2 -3 -3 -1  0 -3 -3  2   21   0   0   0  28   0   1   6   0   7   6   1   0   0   0   3   4   0   0  21  0.56 inf
  358 R   -1  4 -2 -3  0  0 -1 -3 -2  0  0  1  0  0 -3  0 -1  5  0 -1    4  33   0   0   3   3   3   1   0   5   8   5   2   5   0   6   4  11   4   3  0.38 inf
  359 Y   -2 -2 -5 -4  3 -4 -5  0  0 -1  0  0 -1  4 -5 -3 -3  4  6 -1    3   2   0   1   5   0   0   7   2   4  11   6   1  17   0   1   1   5  30   3  0.80 inf
  360 T   -1 -1 -4 -4  2 -2 -4 -1 -2  2 -1  0  1 -3 -4 -2  2 -5 -2  4    6   3   0   0   4   1   0   5   1  13   3   7   4   0   0   3  12   0   1  37  0.50 inf
  361 P    0 -1 -1 -3 -1  0 -3 -3 -3  0  0 -1  0 -1  3  1  1  4  3 -2    6   4   2   1   2   4   1   2   0   5  12   2   2   2  17  13   8   5  11   2  0.28 inf
  362 R   -3  6 -1 -1 -1 -3 -3 -3 -1 -4 -4  3 -4 -5 -1 -1  0 -5 -2 -4    2  48   3   4   1   0   1   2   1   1   1  20   0   0   3   3   5   0   1   1  1.04 inf
  363 R    1  3  1  1 -4  1  1 -2 -1 -3 -3  3 -1 -3 -2  0  0 -4 -2 -2   10  17   6   8   0   7   8   3   1   2   2  18   1   1   1   7   4   0   1   2  0.30 inf
  364 N   -1  0  6  1 -5 -1 -2  2 -1 -3 -3  1 -2  0 -3  0  0 -5 -2 -4    4   5  37   6   0   2   1  14   1   1   2   8   1   4   1   6   5   0   1   1  0.62 inf
  365 I    2 -3  0 -2  0  1 -2 -1 -1 -1 -3  0 -1 -2 -4  4  2 -1 -2 -2   19   1   5   2   2   5   2   5   1   4   1   5   1   2   0  29  12   1   1   2  0.38 inf
  366 P    1  1  2  0 -2  1  1 -1  2 -2 -2  0 -1 -3  3  0  0 -4 -2 -1   12   7   9   6   1   6   8   4   5   2   2   6   1   1  14   7   5   0   1   4  0.19 inf
  367 P   -2 -5 -2 -5 -2 -4 -3 -5 -5 -3 -3 -4 -1 -4  8 -2 -2 -6 -3  1    2   0   3   0   1   0   2   1   0   2   2   0   2   1  68   2   2   0   1   9  1.85 inf
  368 Y   -1  4  0 -3  1  3 -1 -3 -1  0 -2  2 -1 -3 -4  0  0 -4  1  1    3  22   4   0   3  15   3   1   1   5   2  11   1   1   0   8   4   0   5  10  0.35 inf
  369 F   -4 -5 -4 -6  0 -3 -5 -6 -5  3  4 -5  5  4 -5 -5 -4 -4  1  1    0   0   1   0   2   1   0   0   0  17  34   0  13  17   0   0   0   0   4   8  0.90 inf
  370 V    0 -4 -2 -4  4 -2 -4  2 -1  1  0 -3  0  0 -4 -2 -2  0  1  3    8   0   1   0   9   2   0  18   1   8   6   0   2   4   0   2   2   1   6  27  0.37 inf
  371 A    4 -3 -3 -4  2 -1 -2 -1 -3  1  0 -3  1 -1 -3 -1 -1 -4 -1  2   38   0   0   0   4   3   2   4   0   7   9   0   4   2   0   3   3   0   2  17  0.39 inf
  372 L    0 -5 -5 -5  2 -4 -5 -5 -5  1  5 -5  4  1 -5 -4 -4 -4  0  0    8   0   0   0   4   0   0   1   0   6  56   0  10   5   0   1   0   0   3   4  0.96 inf
  373 V   -1  1 -3 -2  1  0 -2 -4 -1  3  0 -2  1  3 -4 -2 -1  1  0  2    5   8   0   2   4   4   2   0   2  17   8   2   3  13   0   3   3   2   3  20  0.25 inf
  374 P    0 -5 -5 -5 -5 -1 -2 -2 -5 -1 -5 -4  0 -5  7 -2 -2 -6 -1 -2    9   0   0   0   0   2   3   3   0   3   1   0   2   0  63   3   3   0   2   3  1.65 inf
  375 Q   -1  0  1 -1  1  3 -1 -1  2 -2 -1 -1  0 -1 -2  2  1 -3  0  0    3   6   6   2   3  16   2   5   5   2   6   3   2   2   2  18   7   0   3   7  0.16 inf
  376 E   -1  0  0  1 -1  0  2 -1  2  1 -1  1 -1 -1  0 -1 -1 -3 -1  0    5   4   4   8   1   3  18   4   6  13   5   7   1   2   3   2   4   0   1   6  0.11 inf
  377 E    0 -1  0  0 -1 -1  5 -2 -4 -2 -3  1 -4 -2 -2  0 -1 -5 -2 -2    8   3   4   4   1   2  40   4   0   2   3   8   0   2   2   7   4   0   1   3  0.59 inf
  378 E    0 -1  0  1 -1  0  3 -1  1  0 -2  1 -2 -2  1  0 -1 -4 -3 -1    7   3   4   7   2   4  20   4   4   5   3  11   1   2   8   7   3   0   1   5  0.19 inf
  379 L    0  0  0  2 -2 -1  0 -1  0  0  1  0  0  0 -1  0  0 -1 -1  0    5   4   5  12   1   2   7   4   2   4  14   5   2   5   3   8   6   1   2   9  0.04 inf
  380 D   -2 -2  2  5 -3 -2  0 -1  0 -3 -3 -1 -2 -2  0  0 -1 -1  2 -3    4   2   9  31   1   2   6   5   3   1   2   4   1   2   4   7   4   1   8   2  0.51 inf
  381 D   -1 -2  2  3 -2 -1  4 -2  0 -1 -3 -1 -2 -3 -1  1 -2 -4 -2 -1    5   2   9  17   1   2  28   3   3   3   3   3   1   1   3   9   2   0   1   4  0.48 inf
  382 Q    0 -1  1  1  4  1  0 -1 -1 -1 -2 -1 -2 -1  0  1  0  1  2 -1    7   3   7   8   9   8   7   5   1   4   3   4   1   3   4  10   4   2   6   4  0.14 inf
  383 K   -1  0  1  0 -3  0  0  3  0 -1  0  2 -1 -2 -1  0 -1  0 -2 -2    5   5   7   6   1   3   7  21   2   3   9  11   1   2   3   7   3   2   1   3  0.16 inf
  384 I    0  0 -1  0  2  0  1  0  0  1 -1 -1  0 -1 -1  0  1  1 -1  1    6   4   3   4   6   3   9   8   2  11   6   3   2   2   2   7   8   2   2   9  0.04 inf
  385 Q   -1  0 -2  0 -1  5  0 -2 -2 -2  0  0 -1  0  2 -1 -1 -1  0 -1    4   5   2   6   1  23   6   3   1   2  11   6   1   4   9   4   3   1   3   4  0.28 inf
  386 V    0  0 -1  0 -1 -1  0 -2 -1  1  0  0  0  0 -2 -1  0 -2  1  2    6   5   3   5   1   3   6   3   2   9   8   6   3   4   2   4   5   0   5  20  0.07 inf
  387 T   -1  0 -1  0  0  0  1 -2  0  0  1 -1  0  1 -1  0  1  1  0  0    5   4   2   7   3   3  11   3   2   5  13   4   3   7   3   5   9   2   3   7  0.04 inf
  388 P   -1 -1 -2 -1 -2 -2 -2  0  0 -2 -2 -2 -2 -2  6 -1 -1 -3  0 -1    6   4   2   3   1   2   3   8   2   3   5   3   1   2  39   4   3   0   3   5  0.70 inf
  389 P    1  0 -1  1  0  1  0 -1  0 -2 -1 -1 -1 -3  4  0 -2 -3 -1 -1   13   6   2   8   2   7   6   5   2   2   5   4   1   1  20   6   2   0   2   4  0.26 inf
  390 G   -1 -2 -3 -3  1 -1 -3  6  0 -3 -3 -2 -2 -3 -3  0 -1 -3 -1 -2    5   2   1   2   3   3   2  55   2   1   3   3   1   1   1   6   3   0   2   3  0.98 inf
  391 F   -5 -5 -5 -6 -5 -5 -5 -6 -5 -1  4 -5  4  7 -5 -5 -5 -4  0 -4    1   1   1   1   0   0   1   1   0   4  36   1  11  38   1   1   1   0   2   1  1.53 inf
  392 Q   -3 -1 -1 -3 -5  0 -4 -5  6  0 -1 -2  1  1 -5 -4 -1  6  5  1    2   3   3   2   0   4   1   1  17   5   7   2   3   6   1   1   4  10  18  11  0.81 inf
  393 L    0 -2 -2  0  2  0 -2  0  2  0  0 -2  1  1 -3  0  0  4  1  0    7   0   0   7   6   7   0   7   6   7   7   0   6   6   0   7   7   6   6   7  0.12 inf
  394 V   -2 -2  0 -3  1  0 -2 -4  0  4  1 -1  0  0 -4 -2 -1 -3  2  2    2   1   6   1   3   4   2   1   2  27  10   5   2   4   0   3   2   0   9  16  0.30 inf
  395 F   -2  1 -1 -2 -2  2  1 -1  1 -1 -2  1 -1  1  2 -1  0 -1  2 -1    2   9   1   1   1  13  10   4   3   4   3   8   1   8  12   2   7   1   8   3  0.20 inf
  396 L   -4 -5 -5 -5 -4 -2 -5 -5 -5  2  6 -5  1 -1 -5 -5 -2 -4 -2  1    0   0   0   0   0   2   0   0   0   9  70   0   3   2   0   0   2   0   1   8  1.16 inf
  397 P   -2 -3 -5 -5 -1 -4 -4 -5 -1 -3 -2 -4 -1 -3  8 -1 -3 -6 -2 -3    4   2   0   0   1   0   0   0   2   1   5   0   1   1  71   5   1   0   2   1  1.88 inf
  398 F   -3 -5 -5 -5 -1 -5 -2 -5 -1 -4 -2 -5 -1  7 -5 -3 -2  4  6 -3    1   0   0   0   1   0   3   1   2   0   2   0   2  52   0   2   3   4  24   1  1.57 inf
  399 A    3  0 -1 -2 -1  1 -1 -2 -1  0 -1  1  1 -1 -1  0 -1 -3 -1 -1   36   5   2   1   1   8   4   1   1   5   7   7   4   2   2   7   1   0   2   4  0.23 inf
  400 D   -2 -2 -1  5 -5 -1  5 -1  1 -5 -5 -1 -5 -5 -4 -2 -2 -5 -4 -5    2   2   2  38   0   2  35   5   3   0   1   3   0   0   0   3   2   0   0   0  1.05 inf
  401 D   -4 -4 -1  7 -1  1  3 -4  3 -6 -6 -3 -5 -6 -4 -2 -2 -6 -5 -5    0   0   2  56   1   5  20   0   8   0   1   0   0   0   0   2   2   0   0   0  1.42 inf
  402 K   -2 -2 -4 -4 -2 -2 -1 -5 -2  5  1  0  2  1 -3 -3 -2 -4 -3  3    1   1   0   0   1   2   5   1   1  33  14   6   5   6   1   1   1   0   0  20  0.53 inf
  403 R   -3  7 -2 -5 -1 -1 -4 -4 -2 -6 -4  1 -4 -3 -5 -2 -4  3 -3 -5    2  71   2   0   1   3   0   1   1   0   2   7   0   1   0   2   0   4   1   0  1.69 inf
  404 K    0  0  1  2 -1  1  1 -1  2 -2 -2  2 -3 -3  0  1 -1 -4 -2 -2    5   4   5  14   1   8  10   3   5   3   3  14   0   1   5  12   3   0   1   3  0.21 inf
  405 M    0  0  0 -2 -2  1  0  0  2  0  0  0  1  1  1  0  0 -2  1  0    6   6   6   0   0   6   6   6   6   6   6   6   6   6   6   6   6   0   6   6  0.04 inf
  406 P   -1  0  0  0  2  0  0 -1  2  0 -1  0  2  1  0 -1  0  4  1 -1    5   5   5   5   5   5   5   5   5   5   5   5   5   5   5   5   5   5   5   5  0.09 inf
  407 F   -1 -1  1  1 -4 -1  1 -2  1 -1 -1  0  1  4  1  0  0 -3  0 -1    4   4   6   8   0   3  10   3   3   3   6   5   3  16   7   6   6   0   3   4  0.16 inf
  408 T   -1 -1  0  1  0  1  1 -2  0 -1 -1  0  0 -2  3  0  2 -4 -1 -1    3   3   5   7   2   6  10   3   2   3   7   5   2   2  13   7  13   0   2   4  0.17 inf
  409 E    0  0 -1  2 -5  0  3 -2  3 -2 -3  1 -1 -1  1  0  0 -5  0 -2    6   5   2  11   0   4  18   2   7   3   2   9   2   3   8   8   5   0   3   3  0.25 inf
  410 K    0  0  0  0 -1  0  0 -1  0 -1  0  3  0 -1  1  1  0  0 -1 -2    6   4   5   5   1   4   6   4   2   3   9  19   2   3   6  10   5   1   2   3  0.14 inf
  411 I   -1 -3  2 -2  2 -3 -1 -3  0  1 -1 -3  0 -1  3 -1  1  1  2  1    5   2  10   2   4   1   4   3   2   8   7   2   3   3  14   5   8   2   7  11  0.25 inf
  412 M   -2  2 -2  0 -2  2  0 -4  1  0  0  1  1 -1 -1  1  1 -1 -2  0    4  11   2   5   1   9   6   1   3   5   8  10   3   3   4   9   8   1   1   6  0.16 inf
  413 A    4 -2 -3  0  2 -4 -3 -4 -3 -1 -2 -2 -3 -4  4  0 -2 -7 -6  1   30   3   2   5   4   1   1   1   1   3   4   3   1   1  23   7   3   0   0   8  0.66 inf
  414 T    0  0  1  0 -2  1  0  0 -1  0  0  0  1 -2  1  0  0 -2  1  0    6   6   6   6   0   6   6   6   0   6   6   6   6   0   6   6   6   0   6   6  0.05 inf
  415 P   -2 -1  1  4 -2  1  3 -2 -1 -3 -3  0 -4 -5  3  0  0 -1 -3 -2    3   3   7  21   1   7  19   2   2   2   2   4   0   0  14   6   4   1   1   2  0.46 inf
  416 E    0 -1  0  3 -5  1  5 -3 -1 -3 -5  0 -2 -5 -1 -1  0 -5 -1 -3    7   3   5  16   0   5  38   1   1   2   0   5   1   0   3   4   5   0   2   2  0.63 inf
  417 Q   -2 -3  0 -1  0  5  1 -2  0 -1  2 -1  0 -2 -2 -1 -1 -4 -1 -2    3   0   4   3   2  27   9   3   3   3  24   3   2   2   2   5   3   0   2   2  0.38 inf
  418 V   -1 -1 -1  0  0  0  0 -2 -2  2  1  0  0 -1  0 -1  1 -3  0  2    3   2   2   5   2   4   6   2   0  13  14   8   2   2   4   5   8   0   4  15  0.08 inf
  419 G   -1  0  1  4  0  0  3 -2 -1 -2 -3  1  0 -4 -2  0 -1 -5 -2 -1    4   3   5  27   2   4  17   2   1   2   3  10   2   0   2   6   3   0   1   4  0.39 inf
  420 K    3 -1  0 -2 -1  1 -1 -2 -1 -1  1  2  0 -1 -3 -1 -1 -4  0 -1   27   2   4   2   2   8   2   2   1   2  16  14   3   2   0   3   3   0   3   3  0.22 inf
  421 M    3 -3 -5 -3 -1 -1 -4 -3 -5  1  0 -4  7  1 -5 -2 -2  1 -4  0   27   1   0   2   1   2   0   2   0   6   5   0  33   5   0   2   2   2   0   7  0.90 inf
  422 K   -1  2 -1  3 -1  1  1 -2  0 -2 -3  3 -1 -3 -4  1 -2 -5 -3 -2    4  13   2  16   2   5  10   2   2   2   2  22   2   1   0   9   2   0   1   3  0.37 inf
  423 A    2  0  1  1 -4  1  1 -2 -1 -2 -2  2 -1 -2 -1  0  0 -4 -2 -2   17   4   9   8   0   7  11   2   1   1   5  14   2   2   2   6   6   0   1   2  0.20 inf
  424 I    0 -5 -2 -5 -1 -4 -5 -5 -4  4  3 -5  2  2 -5 -4 -2  2  1  2    7   0   3   0   2   0   0   0   0  26  29   0   4   8   0   0   2   3   4  11  0.65 inf
  425 V   -2 -5 -6 -6  0 -5 -2 -6 -6  6  0 -3  3 -2 -5 -3  0 -6 -4  4    2   0   0   0   2   0   3   0   0  41   6   1   6   2   0   2   5   0   0  29  1.03 inf
  426 E   -2  1  1  4 -5  3  2 -1 -1 -5 -4  3 -3 -5 -2  0 -1 -5 -3 -5    2   8   6  23   0  13  14   4   1   0   1  15   1   0   1   6   3   0   1   0  0.56 inf
  427 K    1  1  2 -2 -1  2 -1 -1  0 -4 -2  4  1 -3 -2  2 -2 -5 -3 -3   10   8  11   1   2  10   2   3   2   0   3  24   4   1   2  14   2   0   1   2  0.38 inf
  428 L   -2 -5 -4 -4 -2 -3 -5 -6 -3  0  5 -5  6  1 -5 -4 -2 -4 -1 -1    3   0   1   1   1   1   0   0   1   4  52   0  21   5   0   1   3   0   2   3  1.08 inf
  429 R   -1  2  0  3 -1  2  1 -3  0 -3 -4  1  1 -3 -2  1  1 -4 -2 -2    3  11   4  20   1  10   8   0   2   2   0   9   3   1   2  11   8   0   1   2  0.34 inf
  430 F   -2 -4 -2  0 -2 -2 -1 -4 -1  2  4 -1  2  2 -4 -2 -1 -2 -2  1    2   0   2   5   1   2   4   1   1  10  40   4   5   9   0   2   3   1   1   9  0.41 inf
  431 T   -1 -1  1  2 -4 -1  0  0 -2 -3 -3  2 -1 -4  2  2  0 -5 -4 -1    4   2   5  13   0   2   4   8   1   1   1  17   2   0  12  15   7   0   0   6  0.31 inf
  432 Y   -2 -5 -3 -4 -3 -5 -4 -5 -2 -3  0 -4 -1  5 -3 -3 -4 -1  8 -4    3   0   1   1   1   0   1   1   1   2   9   1   1  25   2   2   1   1  48   1  1.59 inf
  433 R   -1  2  3  4 -4  0  0 -3  1 -2 -2  0 -1 -2  1  0 -1 -5 -2 -3    5  10  14  23   0   4   4   1   4   2   3   5   1   2   6   8   3   0   2   1  0.34 inf
  434 S   -2 -4 -4 -3 -2 -5 -3 -4 -3 -2 -4 -5 -5 -2  7  0  0  0 -6  0    3   1   1   2   1   0   2   1   1   3   2   0   0   2  62   7   5   1   0   7  1.61 inf
  435 D    0  0  1  3  1  0  0  0  1 -3 -2  1  0 -2 -2  2  0 -1 -1 -3    6   6   6  19   4   3   5   6   3   1   3   8   2   1   1  17   6   1   2   1  0.23 inf
  436 S    0  1  1  2 -1  2  1 -2  0 -2 -1  2  0 -1 -2  0 -1 -4 -1 -2    6   6   6  13   2   8  10   2   2   1   6  17   2   3   1   8   3   0   1   3  0.19 inf
  437 F   -4 -4 -4 -4 -1 -4 -4 -6 -2  2 -1 -5 -1  6 -6 -3  2 -1  6  1    1   1   0   1   1   1   1   0   1  13   4   0   1  29   0   1  12   1  23  10  1.03 inf
  438 E   -2 -1 -1 -1 -4  0  2 -3  0 -4 -2  1 -3  2  5 -1 -2 -5  0 -4    3   3   3   3   0   3  14   1   2   1   4   8   1   8  33   5   2   0   4   1  0.65 inf
  439 N   -6 -3  8  2 -2 -2 -2 -4 -2 -8 -8 -4 -7 -7 -6 -2 -5 -8 -7 -7    0   1  79   9   1   1   2   1   1   0   0   1   0   0   0   3   0   0   0   0  2.40 inf
  440 P    0 -1 -1  1 -2 -1  1  0 -1  0 -2  0 -1 -1  2  1  1 -2  1  0    9   0   0   9   0   0   9   9   0   9   1   9   0   0   9   9   9   0   9   9  0.10 inf
  441 V    1 -1 -1 -1  1  0  0 -2  1  1 -2  1  0 -2 -1  0 -1  2  3  1   13   3   3   3   3   3   5   3   3   8   3  10   3   0   3   6   3   3  14   9  0.14 inf
  442 L   -2 -1  0 -4 -3 -1 -3 -4  1  2  4 -3  1  1 -1  0 -1 -3 -1  0    2   4   5   0   0   3   0   0   4  10  42   0   2   7   3   6   4   0   2   5  0.38 inf
  443 Q   -2 -1  0 -2 -5  7  2 -3  3 -5 -3  0 -1 -5 -4 -1 -2  3 -4 -3    3   3   5   2   0  47  13   2   6   0   3   3   2   0   0   3   2   4   0   2  0.96 inf
  444 Q   -1  4  0 -2  1  1  0 -3  2 -1 -2  1 -1 -1 -4 -2 -1  4  3 -2    5  27   4   2   3   5   5   1   5   3   4   9   1   2   0   2   3   7  10   2  0.42 inf
  445 H   -4 -2 -2 -4 -1  2 -2 -2  6  0  2 -1  2  3 -5 -3 -2  1  1 -1    0   2   1   0   1   9   2   3  22   4  17   4   4  15   0   2   3   2   3   5  0.58 inf
  446 F   -2 -1  1 -3  1  0 -4 -5  2 -1 -1  0  1  3 -5 -4 -3  5  6 -4    4   4   7   1   3   5   0   0   4   4   6   5   3  13   0   0   1   9  30   0  0.81 inf
  447 R    1  3  0  0 -4  4  1 -1  1 -3 -3  2 -2 -3 -4  0  0 -4 -1 -3   13  14   4   4   0  18   7   4   4   1   2  12   1   1   0   5   6   0   2   1  0.33 inf
  448 N    1 -3  2 -3  4  0 -2 -3  1  2  1 -2  1  0 -4 -2  0 -1  1  1   11   0  10   0  10   5   1   1   3  14  11   2   3   3   0   1   6   1   5  12  0.24 inf
  449 L   -3 -5 -2 -3 -5 -5 -6 -6 -6  4  5 -1  0 -3 -6 -5 -3 -5 -4  2    1   0   2   2   0   0   0   0   0  24  53   4   2   0   0   0   1   0   0  10  1.07 inf
  450 E   -1  0 -2 -1 -5  4  5 -4  2 -5 -1  1 -1 -4 -3  0 -2 -5 -3 -3    5   5   1   2   0  18  36   1   4   0   6  10   2   1   1   7   1   0   1   2  0.65 inf
  451 A    4 -2  0  0 -1 -1 -2 -3  5 -3 -2  0 -2 -3 -3  1 -1 -5 -1 -3   41   2   4   5   1   2   2   1  13   1   5   5   1   1   1  11   2   0   2   1  0.57 inf
  452 L   -2  4 -3 -1 -2 -1 -1 -5  0  1  3  2  1 -1 -4 -2 -1 -4  0 -1    2  22   0   3   1   2   3   0   2   9  27  13   3   2   0   3   3   0   3   2  0.37 inf
  453 A    6 -5 -4 -3 -2 -4 -4 -1 -5  0  0 -4 -4 -3 -2  1 -2 -5 -3  0   61   0   0   2   1   0   0   3   0   5   8   0   0   1   2   9   2   0   1   5  0.94 inf
  454 L   -1 -2 -3 -3  1 -3 -1 -4 -5  0  5 -1 -1  2 -5 -3 -2 -4 -3  0    5   2   1   1   2   1   4   1   0   3  58   3   1  10   0   1   2   0   0   5  0.74 inf
  455 D   -2  0  2  4 -5  2  2  1  3 -4 -4 -1 -4 -4  1 -1 -2 -5 -1 -3    3   4  11  22   0  10  12  11   8   1   1   2   0   0   8   2   1   0   2   1  0.47 inf
  456 L   -1  1 -1 -1  0 -1  3 -4 -2 -1  0  0  0 -2  4 -2 -1 -5 -3 -1    6   8   2   2   2   2  23   1   1   4  12   6   2   1  21   2   3   0   0   3  0.40 inf
  457 M   -1 -2 -1  3 -5  0  4 -3 -2 -1 -3  0  2 -1  1 -1 -1 -5 -2 -3    6   1   3  20   0   3  25   1   1   3   2   7   6   3   8   5   3   0   1   1  0.42 inf
  458 E    1 -1  1  2 -1  0  2 -2 -1 -1  0  1  0 -1  0 -1 -1 -1 -1  0   11   2   6  10   1   3  18   1   1   4   9   8   2   2   5   4   3   1   2   7  0.11 inf
  459 P    0 -2 -1 -1 -2 -3 -2 -1 -4 -1 -4  0 -1 -2  6  0 -1 -5 -2 -1    8   2   3   4   1   1   3   4   0   4   1   5   2   2  43   6   4   0   1   5  0.82 inf
  460 E   -1 -2 -1  2 -4 -1  4 -3 -3 -1 -2 -1 -3 -3  3  0 -1 -5 -4  0    4   2   2  11   0   2  31   1   0   4   4   3   0   1  15   8   3   0   0   7  0.48 inf
  461 Q   -1 -2 -2  1 -4  3  2 -3  0 -3 -2  1 -2 -2  4  0 -1 -2 -2 -2    4   1   1   9   0  13  13   1   2   2   5   9   1   2  19   8   4   1   1   3  0.37 inf
  462 A    0 -2 -2  0 -3  0  0 -1 -2  1 -1 -1 -1  1  4  0 -1  0 -2  0   10   1   1   5   0   3   7   4   1   8   6   4   1   7  22   7   4   1   1   8  0.25 inf
  463 V   -1 -1  0  1 -3 -1  2 -2 -1  0  1  0 -1 -2  1  0  0 -3 -2  1    3   2   5   8   0   2  19   3   1   7  13   4   1   1   7   5   5   0   1  12  0.14 inf
  464 D   -3 -3 -1  7 -5 -3  1 -4 -1 -5 -3 -1 -5 -5 -1  0 -4 -6 -3 -5    2   1   2  65   0   0   6   1   1   1   3   4   0   0   4   7   1   0   1   1  1.50 inf
  465 L    0  0  0  1 -2  0  1 -1 -1 -1  1  1  0 -1  1  0  1 -3 -1 -1    7   4   5   7   1   3   9   3   1   2  20   9   2   3   6   7   8   0   2   4  0.06 inf
  466 T   -1 -4 -2 -3 -2 -1 -2 -4 -2  1  0 -3 -2 -4 -1  0  6 -2 -3 -1    4   0   2   1   1   3   2   1   1   9  10   1   1   0   3   6  49   1   1   4  0.77 inf
  467 L   -3 -2 -3 -3 -4 -1  0 -5 -5  1  4  0  3 -3 -3 -4 -2  1 -3  1    2   2   1   2   0   3   6   1   0   8  49   6   7   0   1   1   2   2   0   9  0.65 inf
  468 P   -4 -2 -4 -3 -7 -1 -2 -4 -2 -6 -2 -4 -2 -7  8 -2 -3 -8 -5 -3    1   3   1   1   0   3   3   1   1   0   4   1   1   0  71   3   2   0   1   2  1.99 inf
  469 K   -2  1  1  4 -6  0  0 -3 -1 -4 -5  4 -5 -6  3 -1 -4 -2 -4 -6    3   8   5  26   0   3   4   1   1   1   1  27   0   0  16   4   0   1   1   0  0.81 inf
  470 V   -2 -2 -1 -2 -1 -2  0 -4 -1  1  0 -2  1  0  0 -1  0 -1  5  2    3   2   3   2   1   1   8   0   1   7  10   2   3   2   5   3   7   1  22  16  0.33 inf
  471 E    0  1 -2  3 -3  0  4 -3  0 -4 -2  1 -3 -5 -1 -1 -3 -5 -1 -5   10   9   1  18   1   3  32   2   3   1   4   7   1   0   3   3   1   0   2   0  0.57 inf
  472 A    1  0 -1 -2 -3  3  1  1 -1 -1  0  1  2 -2 -3  0 -1 -4 -3  0   13   6   3   1   0  15   7  10   1   3   9   7   6   1   0   6   3   0   0   6  0.16 inf
  473 M   -4 -5 -5 -6 -5  0 -4 -6 -2  5  1 -5  6  0 -1 -3  0 -2 -2  0    0   0   0   0   0   4   1   0   1  39  14   0  19   4   3   2   5   1   1   4  0.96 inf
  474 N   -1  1  2  3 -4  0  2 -2  3 -3 -1  0 -2 -1 -1  0 -2  0 -1 -3    5   7  12  17   0   3  12   3   7   1   9   6   1   2   3   5   2   1   2   1  0.23 inf
  475 K    0  2 -1 -1 -6  1  2 -3  0 -6 -4  6 -5 -6 -5 -2 -2 -6 -3 -5    8   8   2   3   0   6  15   2   2   0   1  46   0   0   0   2   2   0   1   0  0.96 inf
  476 R   -3  7 -2 -3 -2  0 -1 -5 -3 -3 -3  3 -5 -6 -1 -3 -3 -6 -5 -4    2  56   2   1   1   4   4   0   1   2   3  17   0   0   3   2   1   0   0   1  1.30 inf
  477 L    3 -5 -5 -5  3 -4 -5 -3 -3  3  2 -4 -2  1 -4 -2 -1 -4  0  2   25   0   0   0   6   1   0   2   1  15  20   0   0   6   0   2   3   0   3  15  0.51 inf
  478 G    1  0 -1 -2 -5  1  2  4 -4 -3 -4  2 -4 -5 -4 -1 -2 -5 -2 -1   12   5   2   1   0   7  14  34   0   1   1  11   0   0   0   3   1   0   2   4  0.54 inf
  479 S    0  0  1  3 -5  0  2 -1  1 -4 -4  2 -4 -5  3  1 -2 -4 -4 -3    7   4   8  15   0   4  11   4   3   1   1  13   0   0  15  10   1   0   0   2  0.42 inf
  480 L    1 -3 -4 -3 -4 -3  0 -4 -1  1  3 -2  1  1  0 -2 -2 -3  3  1   11   1   0   1   0   0   7   0   1   9  30   2   4   6   4   3   1   0  10   8  0.33 inf
  481 V   -1 -5 -6 -6 -2 -4 -5 -2 -5  5  3 -4  3  0 -4 -3 -1 -5 -3  3    4   0   0   0   1   1   0   3   0  31  24   1   7   4   1   1   3   0   0  19  0.77 inf
  482 D   -1  0  1  3 -5  2  4 -3  1 -3 -3  1 -4 -5  1 -2 -1 -5 -4 -2    5   5   6  19   0  10  24   1   4   1   3   9   0   0   6   1   3   0   0   2  0.51 inf
  483 E    1  0  1  2 -2  1  5 -4 -4 -5 -4  0 -1 -6 -4 -1 -1 -6 -5 -3   10   4   7  12   1   4  45   0   0   0   1   5   2   0   0   3   4   0   0   1  0.83 inf
  484 F   -6 -6 -7 -5 -3 -6 -7 -7 -5  2  1 -7  1  7 -7 -6 -6  8  3 -2    0   0   0   1   1   0   0   0   0  10  14   0   4  42   0   0   0  19   8   2  1.67 inf
  485 K   -2  2  2 -1 -5 -1  1 -1  0 -2 -4  5 -2 -4 -4 -1 -2 -6 -4 -5    3   8   9   3   0   1   9   5   2   3   1  46   1   1   0   5   2   0   0   0  0.74 inf
  486 E   -1  2  1  2 -5  2  5 -4 -2 -5 -4  2 -2 -5 -4 -1  0 -5 -4 -5    6  10   6  10   0   7  35   0   0   0   1  13   1   0   0   3   7   0   0   0  0.68 inf
  487 L    1 -2 -3 -3  0 -2  0 -3 -4  1  3 -1  1 -2 -3  1  0 -4 -3  1   15   1   0   0   2   1   7   1   0  10  29   3   4   0   0  14   6   0   0   7  0.28 inf
  488 V   -3 -5 -5 -6 -2 -5 -5 -4 -5  2  3 -5 -2  4 -5 -3 -2 -4 -2  4    2   0   0   0   1   0   0   1   0   9  25   0   0  21   0   1   2   0   0  37  0.90 inf
  489 Y   -4 -5 -3 -3 -5 -4 -1 -1 -3 -3  2 -5 -1  6 -5 -4 -4 -2  6 -1    0   0   1   2   0   0   4   6   0   0  19   0   1  31   0   0   0   0  33   3  1.08 inf
  490 P   -2 -5 -4 -4 -1 -2 -1  4 -5 -6 -6 -1 -3 -6  7 -1 -4 -6 -6 -4    2   0   0   0   1   2   5  29   0   0   0   3   1   0  52   4   0   0   0   1  1.46 inf
  491 P   -1 -3  0  4 -5 -1  4 -3 -3 -4 -3 -1 -4 -5  4  0 -2 -5 -4 -3    5   0   3  25   0   1  28   1   0   0   2   2   0   0  24   6   1   0   0   1  0.80 inf
  492 D   -3 -3  3  6 -5  0 -1  3 -3 -5 -5 -2 -5 -5 -4  1 -3 -6 -4 -5    0   0  15  50   0   4   2  20   0   0   0   1   0   0   0   9   0   0   0   0  1.03 inf
  493 Y   -4 -4 -4 -6 -5 -4 -4 -6  3 -4 -3 -4 -3  3 -5 -4 -4  0  9 -4    0   0   0   0   0   0   0   0   5   0   0   0   0   6   0   0   0   0  89   0  2.32 inf

                      K         Lambda
Standard Ungapped    0.1371     0.3195
Standard Gapped      0.0467     0.2670
PSI Ungapped         0.1518     0.3141
PSI Gapped           0.0467     0.2670
