
Last position-specific scoring matrix computed, weighted observed percentages rounded down, information per position, and relative weight of gapless real matches to pseudocounts
           A  R  N  D  C  Q  E  G  H  I  L  K  M  F  P  S  T  W  Y  V   A   R   N   D   C   Q   E   G   H   I   L   K   M   F   P   S   T   W   Y   V
    1 A    3 -2 -1 -2 -1 -1 -1 -1 -2 -2 -2 -1 -2 -3 -2  3  4 -3 -2 -1   29   0   0   0   0   0   0   0   0   0   0   0   0   0   0  27  44   0   0   0  0.49 inf
    2 R   -1  5 -1 -2 -4  4  0 -3 -1 -4 -3  4 -2 -4 -2 -1 -2 -4 -3 -3    2  44   0   0   0  23   0   0   0   0   0  28   0   0   0   3   0   0   0   0  0.76 inf
    3 F   -3 -4 -4 -5 -3 -4 -4 -5 -3  1  3 -4  0  7 -5 -4 -3 -1  1  0    0   0   0   0   0   0   0   0   0   5  31   0   0  60   0   0   0   0   1   2  0.99 inf
    4 P   -2 -1 -4 -3 -5 -1 -3 -4 -4 -5 -5 -2 -4 -5  8 -2 -2 -5 -5 -4    1   3   0   0   0   3   0   0   0   0   0   0   0   0  91   1   2   0   0   0  2.36 inf
    5 P    1 -1 -3 -3 -2 -2 -2 -3 -3  1  2 -1  0  0  2 -1  0 -3 -1  1   17   2   0   0   0   1   0   0   0   7  31   2   1   2  13   3   6   0   1  14  0.23 inf
    6 A    4 -2  0 -2 -1 -2 -2  1 -2 -2 -3 -2 -2 -3 -1  2  1 -4 -3 -1   61   1   3   0   1   0   1  10   0   0   0   0   0   0   1  13   8   0   0   1  0.52 inf
    7 R   -3  7 -2 -3 -5  0 -1 -4 -2 -4 -4  2  0 -4 -4 -2 -3 -4 -3 -4    0  89   0   0   0   0   0   0   0   0   0   9   2   0   0   0   0   0   0   0  1.46 inf
    8 I   -2 -4 -5 -5 -2 -4 -4 -5 -5  6  1 -4  0 -1 -4 -4 -2 -4 -3  3    0   0   0   0   0   0   0   0   0  76   5   0   0   0   0   0   0   0   0  19  0.95 inf
    9 K   -2  1 -2 -2 -5  0 -1 -3 -2 -4 -4  7 -3 -5 -3 -2 -2 -5 -3 -4    0   3   0   0   0   0   0   0   0   0   0  97   0   0   0   0   0   0   0   0  1.36 inf
   10 K   -2  4 -2 -2 -5  0 -1 -3 -2 -4 -4  6 -3 -4 -3 -2 -2 -4 -3 -4    0  25   0   0   0   0   0   0   0   0   0  75   0   0   0   0   0   0   0   0  1.13 inf
   11 I   -2 -4 -5 -5 -2 -4 -4 -5 -4  6  1 -4  2 -1 -4 -4 -2 -4 -3  2    0   0   0   0   0   0   0   0   0  80   5   0   4   0   0   0   0   0   0  11  0.96 inf
   12 M   -3 -3 -4 -5 -3 -2 -4 -5 -4  1  1 -3  9 -2 -4 -3 -3 -3 -3  0    0   0   0   0   0   0   0   0   0   4   5   0  87   0   0   0   0   0   0   4  1.69 inf
   13 Q   -2  1 -2 -2 -4  6  0 -3 -1 -4 -4  4 -2 -5 -3 -2 -1 -4 -3 -4    2   5   0   0   0  59   0   0   0   0   0  33   0   0   0   0   2   0   0   0  1.07 inf
   14 T    1 -1 -1 -2 -2  0  0 -2 -2 -1  1  0  1 -2 -2  2  2 -3 -2 -1   16   0   1   0   0   3   7   1   0   2  16   7   4   1   0  23  19   0   0   1  0.18 inf
   15 D   -3 -3  3  7 -5 -2  0 -2 -2 -5 -5 -2 -4 -5 -3 -1 -2 -6 -4 -5    0   0  15  79   0   0   2   2   0   0   0   0   0   0   0   1   0   0   0   0  1.42 inf
   16 E   -2 -1 -1  3 -5  2  6 -2 -2 -4 -4  1 -3 -5  0 -1 -1 -4 -3 -4    0   1   0  14   0   6  65   2   0   0   0   7   0   0   4   1   1   0   0   0  0.90 inf
   17 E   -2 -2  1  6 -2  0  4 -2 -2 -4 -5 -1 -4 -5 -3  0 -2 -5 -4 -4    0   0   3  50   1   3  37   2   0   0   0   0   0   0   0   4   0   0   0   0  0.99 inf
   18 I   -1 -4 -4 -4 -2 -4 -4 -4 -4  4  0 -4  0 -1 -4 -3 -1 -4 -2  6    2   0   0   0   0   0   0   0   0  21   0   0   0   2   0   0   0   0   0  74  0.89 inf
   19 G   -1  1  0 -2 -4 -1 -2  5 -1 -4 -4  3 -3 -4 -3 -1 -2 -4 -4 -4    0   7   3   0   0   1   0  62   1   0   0  23   0   0   0   2   0   0   0   0  0.87 inf
   20 K   -2  2 -2 -3 -4  0 -1 -3 -1 -2 -1  5  6 -3 -3 -2 -2 -4 -3 -2    0   8   0   0   0   2   0   0   1   0   1  58  29   0   0   0   0   0   0   0  0.85 inf
   21 V   -1 -4 -4 -4 -2 -3 -4 -5 -4  5  1 -4  2 -1 -4 -3 -1 -4 -2  4    2   0   0   0   0   0   0   0   0  47   4   0   6   0   0   0   2   0   0  39  0.72 inf
   22 A    4 -2  0 -2  1 -1 -2  0 -2 -3 -3 -2 -2 -3 -2  4  0 -4 -3 -1   42   0   3   0   2   2   0   6   0   0   0   0   0   0   0  41   2   0   0   2  0.54 inf
   23 A    3 -1  0 -2 -2  3 -1  1 -2 -2 -1  0  0 -3 -1  2  0 -3 -3 -1   30   0   3   0   0  26   0   8   0   2   4   4   2   0   1  15   3   0   0   2  0.29 inf
   24 A    2 -2 -1  1 -2  0  3 -1 -2 -2 -3 -1 -2 -2  0  1  1 -3 -2  0   27   0   1   7   0   2  31   2   0   1   0   0   0   1   4  10   8   0   1   7  0.30 inf
   25 V    3 -3 -2 -3 -2 -2 -2 -2 -3  0 -1 -2 -1 -2 -2  0  3 -3 -2  3   37   0   0   0   0   0   0   0   0   4   0   0   0   0   0   2  25   0   0  30  0.41 inf
   26 P   -1 -4 -4 -3 -4 -3 -3 -4 -4 -4 -1 -3 -3 -5  8 -2 -3 -5 -4 -3    3   0   0   0   0   0   0   0   0   0   6   0   0   0  88   0   0   0   0   0  2.22 inf
   27 V   -1 -3 -3 -3  0 -3 -3 -4 -1  3  1 -3  1  1 -2 -2 -1 -2  1  4    2   0   0   2   1   0   0   0   1  26   5   0   3   6   2   1   1   0   5  42  0.38 inf
   28 I    0 -2 -3 -4 -2 -3 -3 -3 -3  3  3 -3  1  0 -3 -2 -1 -3 -2  3    7   2   0   0   0   0   0   0   0  18  41   0   2   2   0   2   0   0   0  23  0.38 inf
   29 I    0 -3 -3 -4 -2 -3 -3 -3 -3  3  1 -3  1  4 -3 -2 -1 -2  0  2    6   0   0   0   0   0   0   0   0  20  14   0   4  29   0   0   1   0   0  22  0.40 inf
   30 S    3 -2 -1 -2  0 -2 -2  2 -2 -3 -3 -2 -2 -3 -1  4  0 -3 -3 -1   28   0   0   0   2   0   0  14   0   0   0   0   0   0   2  45   3   0   0   3  0.48 inf
   31 R   -1  4 -1 -2 -1  1 -1 -3  1 -3 -3  5 -2 -4 -2 -1 -2 -4 -3 -3    2  26   0   0   1   2   0   0   3   1   0  60   0   0   0   2   0   0   0   0  0.83 inf
   32 A    5 -3 -3 -3  1 -2 -2 -1 -3 -2 -2 -2 -2 -3 -1  2 -1 -4 -3 -1   72   0   0   0   3   0   0   2   0   1   3   0   0   0   2  12   2   0   0   2  0.76 inf
   33 L    0 -3 -3 -4  6 -3 -3 -3 -3  1  3 -3  1 -2 -3 -1  1 -3 -2  0    7   0   1   0  22   0   0   0   0   5  44   0   2   0   0   2   9   0   0   4  0.53 inf
   34 E   -3 -1 -2  1 -5  1  7 -4 -2 -5 -4  0 -3 -5 -3 -2 -2 -4 -4 -4    0   2   0   4   0   3  85   0   0   0   1   2   0   0   0   0   0   0   0   0  1.38 inf
   35 L   -2 -2 -4 -4  0 -3 -4 -4  1  2  4 -3  4  1 -4 -3 -2 -3 -1  0    1   1   0   0   2   0   0   0   4  13  53   0  14   6   0   0   0   0   1   3  0.57 inf
   36 F   -3 -5 -5 -5 -4 -5 -5 -5 -3 -2 -1 -5  0  9 -5 -4 -4 -1  1 -3    1   0   0   0   0   0   0   0   0   0   1   0   2  94   0   0   0   0   0   0  2.04 inf
   37 L   -1 -3 -4 -4 -2 -3 -4 -4 -4  4  3 -3  4  0 -4 -3 -1 -3 -2  2    4   0   0   0   0   0   0   0   0  35  31   0  14   2   0   0   1   0   0  13  0.58 inf
   38 E    1  0 -1  0 -2  2  3 -1  0  0 -1  0  1 -2 -2  0  0 -3 -2 -1   11   2   1   2   1  15  27   2   2   6   6   5   4   1   0   6   6   0   0   3  0.20 inf
   39 S   -1 -1  0  3 -3  1  4 -2 -1 -3 -1  0 -1 -2 -2  2 -1 -4 -3 -2    3   0   2  19   0   6  33   1   1   0   9   4   2   1   0  17   1   0   0   1  0.40 inf
   40 L   -3 -4 -5 -5 -3 -4 -4 -5 -4  2  5 -4  2  1 -4 -4 -3 -3 -2  0    0   0   0   0   0   0   0   0   0  14  75   0   3   5   0   0   0   0   0   2  0.92 inf
   41 L    0 -3 -3 -3  2 -3 -3 -3 -3  2  2 -3  0 -1 -3 -1  3 -3 -2  3    6   0   0   0   4   0   0   0   0   9  24   0   1   1   0   3  29   0   0  23  0.36 inf
   42 K   -1  0  1  1 -1  1  1 -2 -1 -1  0  1  1 -2 -2  1  1 -3 -2 -1    1   4   7  11   1   4  11   1   1   3  13  10   8   0   0   9  14   0   0   0  0.13 inf
   43 K    0  4 -2 -2 -4  1  1 -2 -1 -4 -2  4 -2 -4 -3 -1 -1 -4 -3 -3    8  31   0   0   0   6  10   1   1   0   2  33   1   0   0   3   3   0   0   1  0.58 inf
   44 A    4 -3 -2 -2  2 -2 -2 -1 -3 -2 -2 -2  0 -3 -2  3  2 -4 -3 -1   39   0   0   1   4   0   0   3   0   2   2   0   3   0   0  29  16   0   0   2  0.48 inf
   45 C    2 -3 -1 -3  3 -3 -2 -2 -1 -2 -1 -2  1  0 -4 -1 -1  8  2  0   23   0   3   1   8   0   1   2   1   1   5   1   4   2   0   4   3  26   7   6  0.64 inf
   46 Q   -1  0  0  2 -1  3  4 -3  0 -2 -2  2 -1 -4 -3 -1 -1 -4 -3 -2    3   4   4   9   1  17  33   0   1   2   4  14   2   0   0   2   2   0   0   1  0.47 inf
   47 V   -1 -2 -2 -1  0  1  3 -3  1  2 -1 -1  0 -2 -3 -1  0 -4 -1  3    1   0   1   3   2   7  22   0   4  16   3   3   2   1   0   3   5   0   1  27  0.25 inf
   48 T    4 -2  2 -3  1 -2 -2 -2  0 -3 -3 -2 -2 -4 -1  1  4 -4 -3 -2   41   1  10   0   3   0   1   1   3   0   1   1   1   0   2   5  29   0   0   1  0.54 inf
   49 Q   -2  2  2 -1 -5  2  0  1  0 -4 -4  5 -3 -5 -3 -1 -2 -5 -3 -4    0  12  12   3   0  10   4  11   2   0   1  42   0   0   0   2   1   0   0   1  0.63 inf
   50 S    2  4 -2  0 -3  0  0  0 -2 -4 -4  0 -3 -4 -3  3  0 -4 -3 -3   22  28   0   4   0   4   5   5   0   0   0   4   0   0   0  24   4   0   0   0  0.46 inf
   51 R   -3  6 -2 -2 -5 -1 -2 -4 -1 -5 -5  5 -4 -5 -4 -2 -2 -5 -2 -5    0  45   0   2   0   1   0   0   1   0   0  46   0   0   0   2   2   0   2   0  1.28 inf
   52 T   -2  3 -1 -3 -4 -2 -2 -3 -3 -1 -3  2 -2 -4 -3 -1  5 -5 -4 -1    1  19   1   0   0   0   0   0   0   3   1  17   1   0   0   2  52   0   0   3  0.80 inf
   53 M   -2 -3 -5 -5 -3 -4 -4 -5 -5  4  4 -4  2 -2 -4 -4 -2 -4 -3  3    1   1   0   0   0   0   0   0   0  27  43   0   6   0   0   0   0   0   0  23  0.81 inf
   54 T   -2 -2  1 -2 -3  4  0 -2 -1 -1 -3  0 -2 -4 -3  2  3 -4 -3 -2    1   0   8   0   0  27   4   2   1   3   2   5   0   0   0  20  26   0   0   1  0.55 inf
   55 T    2  2 -2 -3 -3 -2 -2 -1 -3 -2 -1  2 -2 -4  4  0  0 -4 -3  0   19  11   1   0   0   0   0   4   0   1   7  15   0   0  24   6   4   0   0   7  0.40 inf
   56 S    0 -1  1  0 -2  1  1  0 -2 -2 -2  0 -2 -1 -1  3  0 -3  1 -2    8   1   8   4   1   8  11   6   0   1   3   3   0   2   2  33   2   0   6   2  0.25 inf
   57 H   -3 -3 -2  4 -3 -1 -2 -4  9 -2 -2 -3 -1 -1 -5 -3 -3 -5 -2 -3    2   0   0  28   1   1   0   1  55   2   4   0   2   3   0   0   1   0   0   2  1.52 inf
   58 L   -3 -4 -5 -5 -3 -4 -5 -5 -5  4  4 -4  4 -1 -5 -4 -3 -4 -3  2    0   0   0   0   0   0   0   0   0  33  46   0  10   2   0   0   0   0   0  10  0.91 inf
   59 K    2  3 -2 -3 -2 -1 -1 -3 -2 -3 -4  6 -3 -5 -3  0 -2 -5 -4 -3   18  15   1   0   1   0   2   0   1   1   1  54   0   0   0   5   1   0   0   1  0.82 inf
   60 Q    1  1  0 -1 -3  4  1 -2  3 -1 -2  1  1 -3 -3  1 -1 -3 -1 -2   11   6   3   1   0  26   9   2   9   3   3   8   4   0   0   8   3   0   2   1  0.29 inf
   61 C    5 -4 -4 -4  7 -3 -4 -3 -2 -2 -3 -3 -1 -4 -4 -1  1 -5 -3  1   52   0   0   0  23   0   0   0   1   0   0   0   1   0   0   1   9   0   0  13  0.98 inf
   62 I   -2 -5 -5 -5 -3 -5 -5 -6 -5  6  0 -5  0 -2 -5 -4 -3 -5 -3  5    2   0   0   0   0   0   0   0   0  49   6   0   1   0   0   0   0   0   0  42  1.17 inf
   63 E   -2 -1 -2  1 -5  4  5 -4 -2 -5 -4  4 -3 -5 -3 -2 -2 -4 -4 -4    0   0   0   5   0  26  41   0   0   0   0  28   0   0   0   0   0   0   0   0  0.97 inf

                      K         Lambda
Standard Ungapped    0.1305     0.3215
Standard Gapped      0.0513     0.2670
PSI Ungapped         0.1691     0.3138
PSI Gapped           0.0513     0.2670
