
Last position-specific scoring matrix computed, weighted observed percentages rounded down, information per position, and relative weight of gapless real matches to pseudocounts
           A  R  N  D  C  Q  E  G  H  I  L  K  M  F  P  S  T  W  Y  V   A   R   N   D   C   Q   E   G   H   I   L   K   M   F   P   S   T   W   Y   V
    1 K   -3  4 -2 -2 -6  3  3 -4 -2 -5 -5  5 -4 -5 -3 -2 -3 -5 -4 -5    0  27   0   0   0  11  23   0   0   0   0  39   0   0   0   0   0   0   0   0  1.06 inf
    2 V   -3 -5 -6 -6 -4 -5 -5 -5 -5  6  1 -5  0  1 -4 -5 -2 -4  2  4    0   0   0   0   0   0   0   1   0  45   9   0   1   5   1   0   1   0   7  29  1.03 inf
    3 V   -3 -3 -2 -2 -3  0 -3 -4  1  1 -2 -2  2  1 -4 -1  5 -4  3  1    0   1   1   2   0   5   0   0   3   9   1   2   5   6   0   2  44   0   9   9  0.68 inf
    4 P   -1 -6 -2  0 -6 -2 -5 -5 -6 -6 -2 -2 -6 -7  8  0 -1 -7 -7 -6    4   0   2   6   0   2   0   0   0   0   5   3   0   0  68   7   4   0   0   0  1.85 inf
    5 I   -5 -7 -8 -8 -6 -7 -8 -8 -8  7  3 -7 -3 -2 -7 -7 -5 -7 -6  0    1   0   0   0   0   0   0   0   0  66  27   0   0   1   0   0   0   0   0   5  1.93 inf
    6 A    2  0  0  0  0 -1  1 -2 -2 -3 -5  2 -3 -5  0  4 -1 -6 -4 -2   17   5   4   4   2   1   9   2   1   2   0  14   1   0   4  30   3   0   0   2  0.45 inf
    7 S    2 -3  1  4 -4  2  1 -2 -2 -4 -3 -1  0 -5 -4  2 -1 -6 -4 -2   19   1   5  23   0   8   9   3   1   0   2   4   3   0   0  16   3   0   0   2  0.47 inf
    8 L   -5 -7 -8 -8 -5 -7 -7 -8 -7  4  6 -7 -1 -3 -7 -7 -5 -6 -3  1    0   0   0   0   0   0   0   0   0  22  66   0   1   1   0   0   0   0   1   9  1.61 inf
    9 T   -2 -1  5 -1 -2  0 -1 -4  0 -4 -4  1 -2 -3 -3  3  3 -6 -1 -1    2   3  27   2   1   4   3   0   2   1   1   7   1   1   1  23  17   0   2   4  0.64 inf
   10 P   -2 -5 -2 -3  0 -2 -1 -3 -3 -3 -1 -5  0 -2  7 -3  0 -7 -3 -3    3   0   2   2   2   2   4   2   1   2   6   0   2   2  59   2   5   0   1   2  1.44 inf
   11 Y   -3 -2 -1 -2 -6 -1 -3  3 -1 -3 -4 -3  0  3 -5 -1 -2 -1  7 -4    2   3   3   2   0   3   1  22   1   1   1   1   2  10   0   4   2   1  38   1  1.02 inf
   12 Q   -2  1  0  1 -1  4 -1 -2  0 -2 -2  3  1 -4 -2  1  0 -5 -4 -1    2   8   3   9   2  23   2   2   2   2   4  16   3   0   1  10   5   0   0   4  0.36 inf
   13 S   -2  1  3  0 -1  0 -1  1  3 -1 -3  1 -3 -2 -2  1  2 -3  0 -2    1   6  17   6   1   5   2   9   7   3   1   8   0   2   2  13  13   0   3   2  0.26 inf
   14 K   -1  2  5  1 -3  0 -1  0  1 -4 -4  3 -2 -4  0  0  0 -6 -3 -4    3   9  26   8   0   4   3   6   3   1   1  17   1   0   4   6   5   0   0   1  0.48 inf
   15 W   -2 -6 -5 -7  0 -5 -4 -3 -4 -1 -3 -1 -4  1 -2 -2 -3 11 -1  1    3   0   1   0   2   0   1   3   0   4   2   4   0   6   2   3   1  56   1   9  2.28 inf
   16 T   -1  2  0 -4  1 -2 -2 -4 -3  0 -3  3 -1 -3 -4  0  5 -2 -4  0    4  12   3   0   4   1   2   0   0   5   1  17   1   1   0   7  34   1   0   7  0.58 inf
   17 I   -5 -6 -6 -7 -2 -6 -6 -7 -4  7  1 -6  0  0 -6 -6 -3 -6 -3  3    0   0   0   0   1   0   0   0   0  60  12   0   2   3   0   0   1   0   1  17  1.52 inf
   18 C   -2  3 -2 -4  4  3 -1 -5  0 -2 -2  5 -2 -3 -4 -3 -2 -5 -3 -1    3  17   1   0   9  12   4   0   2   3   4  35   1   1   0   1   2   0   1   4  0.74 inf
   19 A    4 -5 -5 -5 -3 -5 -4  2 -6  0 -3 -5 -4 -4 -5 -2 -3 -6 -5  5   39   0   0   0   0   0   1  15   0   3   1   0   0   1   0   2   1   0   0  36  1.02 inf
   20 R   -5  7 -4 -3  0 -2 -3 -6 -2 -6 -4  3 -2 -4 -6 -4 -1 -6 -3 -4    0  66   0   1   2   1   1   0   1   0   2  16   1   1   0   1   3   0   1   1  1.73 inf
   21 V   -3 -2 -6 -6  0 -6 -5 -6 -6  4 -1 -6 -1 -4 -6 -4 -3 -6 -5  7    1   2   0   0   2   0   1   0   0  19   4   0   1   0   0   1   1   0   0  67  1.58 inf
   22 T    1 -2 -2 -3  1 -2 -2 -3 -2  2  1 -2  1 -2 -3  1  3 -4 -2  2    9   1   1   1   3   1   2   1   1  11  11   2   3   1   1   8  24   0   1  17  0.32 inf
   23 N   -1  4  1  0 -1  0 -1 -2  5 -3 -2  0 -2 -1 -3  2 -1 -1 -1 -3    5  26   6   4   1   4   3   2  13   1   3   5   1   3   1  14   3   1   2   2  0.41 inf
   24 K   -1  0 -2 -3 -4 -2 -2 -4 -3  1 -1  6  2 -3 -3  0 -1 -4 -2 -1    5   3   1   1   0   1   1   1   0   8   7  50   5   1   1   6   4   0   1   4  0.76 inf
   25 S   -2 -5 -2 -1 -2 -3 -2  2 -2 -4 -4 -4 -1 -4 -2  4  0  9 -2 -5    3   0   1   4   1   1   3  13   1   1   1   1   2   0   2  31   6  28   1   1  1.21 inf
   26 Q   -2  2  1  3 -4  0  3 -2  0 -3 -2  0 -3 -2  2  0  0 -4 -3 -3    3  13   7  18   0   3  18   2   2   1   4   3   0   2   9   5   6   0   1   1  0.34 inf
   27 I   -2 -2 -4 -4 -3 -2 -3 -2 -4  4  2 -2  3  1 -1 -2 -2 -3 -1  2    2   2   1   1   0   1   1   3   0  26  23   3   7   7   4   4   1   0   2  14  0.43 inf
   28 R   -4  6 -2 -4 -3 -1 -3 -4  1 -2 -3  3 -3 -2 -2 -2 -1  6 -3 -3    1  42   2   0   1   2   1   1   4   2   3  19   1   2   2   3   4   9   0   1  1.00 inf
   29 T   -1  0  1  1  1  1  1  0  2 -2 -2  0 -1 -3 -2  0  3 -4 -2 -2    3   5   5   7   4   8  10   7   6   2   3   4   1   1   2   7  21   0   1   2  0.21 inf
   30 W    0 -3 -3 -5 -4 -4 -4 -3 -2 -1 -2 -4 -1  6 -2 -4 -2  8  5 -2    7   2   1   1   0   0   1   2   1   4   4   1   1  28   2   1   3  20  19   2  1.24 inf
   31 S   -2  1  2  0 -1  0  0 -2  3 -3 -3  2 -1 -4 -1  2  2 -4 -1 -3    2   9  10   4   1   4   4   2   7   2   2  13   1   0   3  17  16   0   2   1  0.30 inf
   32 N   -2  1  5  2 -2 -1 -2 -1 -1 -4 -4  2 -4 -4 -2  1  0 -4 -2 -2    2   6  32  11   1   2   2   5   2   1   1  14   0   0   1   9   7   0   1   3  0.56 inf
   33 S    1 -1  0  1  0  1  0 -1 -1 -1 -1  1 -1 -2  2  1  0 -1  0 -1   14   1   5   9   2   8   5   5   1   3   5  10   1   1   9   9   4   1   3   3  0.12 inf
   34 R   -1  3  3  1 -4  0 -1  0 -2 -4 -4  3 -3 -2 -2  0  1 -3 -2 -3    3  20  16   6   0   4   3   7   1   1   1  16   0   2   2   5  10   0   1   1  0.40 inf
   35 G   -1  0  0  2 -4  0 -1  4 -3 -4 -3  0 -3 -3 -1  1 -1 -4 -2 -3    3   5   4  11   0   3   3  39   0   1   3   7   0   1   2   9   4   0   2   2  0.50 inf
   36 E   -1  0 -1  3 -2  1  4 -2 -2 -3 -3 -1 -3 -2  2  0  0 -4 -3 -3    4   4   2  15   1   5  34   2   1   1   2   2   0   2   9   6   7   0   1   2  0.52 inf
   37 G   -2 -2  0 -1 -4 -2 -2  5 -4 -1 -1 -1 -1 -2 -4  0  1 -4 -3 -3    1   2   5   2   0   1   2  47   0   5   8   3   1   2   1   6  11   0   1   2  0.63 inf
   38 K   -2  2  0 -3  1  1 -1 -3  1  0 -2  5 -1 -3 -1  0 -1 -1 -1 -2    3  11   5   1   3   6   2   2   4   6   3  35   1   1   2   8   3   1   2   2  0.42 inf
   39 L   -2 -2 -1 -3  0 -2 -3 -3  2  2  2 -2  1  1 -2 -1 -2 -3  0  2    3   3   3   1   2   1   1   2   6  12  25   2   3   6   2   6   2   0   3  19  0.25 inf
   40 F   -2 -4 -4 -4 -1 -2 -4 -4  2  2  2 -4  2  7 -4 -2 -2 -1  1 -1    4   1   1   1   1   2   1   1   4  10  16   1   4  42   1   3   2   1   4   3  0.86 inf
   41 S    0 -2  3  1 -2 -1  1 -1  3 -3 -3  0 -1 -3 -2  3  0 -4 -1 -3    7   1  16   7   1   1   9   5   8   1   3   4   1   1   1  27   4   0   3   1  0.36 inf
   42 L   -2 -4 -4 -5  1 -4 -4 -3 -4  2  2 -3  5  4 -1 -3  0 -3 -2  2    3   0   0   0   3   0   0   2   0  13  17   1  17  20   3   1   5   0   0  13  0.56 inf
   43 E   -3 -3  0  3 -4 -1  2 -3  1  2 -1 -2 -1 -3 -1 -1  0 -4 -1  2    1   0   5  19   0   2  16   1   3  14   5   2   1   0   3   3   6   0   2  16  0.30 inf
   44 L   -3 -5 -5 -6 -4 -5 -5 -4 -5  2  5 -5  2  1 -3 -5 -4 -4 -3  1    1   0   0   0   0   0   0   1   0  12  62   0   5   6   1   0   0   0   0   9  1.08 inf
   45 V    1 -2 -3 -2  0 -1 -2 -3 -2  2  2 -2  2 -1 -3 -1  0 -3 -1  3   12   2   1   3   2   3   1   2   1  10  18   2   5   2   0   4   6   0   2  23  0.22 inf
   46 D   -5 -5 -1  8 -6 -4 -1 -3 -5 -6 -2 -3 -6 -6 -2 -4 -5 -7 -3 -4    0   0   2  80   0   0   3   2   0   0   4   1   0   0   3   0   0   0   1   1  2.11 inf
   47 E    0  0  0  1  1  1  4  0 -1 -3 -3  1 -1 -3 -3  0  0 -5 -4  0    6   4   3   8   3   4  32   6   1   1   1  10   1   1   1   5   5   0   0   7  0.36 inf
   48 S   -1 -1  0  0 -4  2  2  0  1 -3 -3  1 -1 -2 -3  2  2 -1 -2 -2    2   1   4   5   0  10  12   9   3   1   2  10   2   2   0  21  13   1   1   2  0.28 inf
   49 G   -1 -4  1 -2 -1 -2 -2  6 -4 -5 -4 -1 -5 -6 -1 -1 -2 -5 -5 -4    4   0   6   2   1   2   2  65   0   0   2   4   0   0   3   3   3   0   0   2  1.22 inf
   50 E   -1 -1  1  2 -2  1  4 -2  0 -3 -2  1  0 -4 -3  1  0 -4 -4 -3    3   2   6   9   1   7  30   3   2   2   4   9   3   0   0  12   7   0   0   1  0.38 inf
   51 I   -3 -2 -6 -6  0 -5 -6 -6 -6  7 -1 -5  4  0 -6 -3 -1 -5 -4  1    2   3   0   0   2   0   0   0   0  62   3   0   9   3   0   2   5   0   0   8  1.36 inf
   52 R   -1  4  0 -2 -1  2 -1 -2  5 -1 -2  1 -1 -4  0 -1 -1 -4  1 -4    4  22   4   2   1  11   2   2  17   4   4   8   2   0   4   4   5   0   4   1  0.46 inf
   53 A    4 -4 -4 -4  2 -4 -4  1 -4  1 -2 -4 -1 -1 -2 -1 -2 -4  0  2   43   0   0   0   5   0   0   9   0   8   2   0   2   2   2   4   2   0   3  15  0.58 inf
   54 T   -2 -2 -1 -3  0  2  1 -2 -1  1 -2  0  0 -3 -3  1  4 -1 -1  0    2   2   2   0   2   9   8   2   1   9   3   6   2   0   0  10  31   1   2   6  0.35 inf
   55 A    0 -4 -4 -4  3 -4 -1 -1 -4  4  0 -4  2  2 -4 -1  0 -4  1  3    8   0   0   0   7   0   5   5   0  21   6   0   5   8   0   5   4   0   5  20  0.42 inf
   56 F   -2  0 -1 -1 -4 -1 -1 -2  0 -1 -2  0  0  5  0 -1  1  5  2  0    3   4   3   3   0   3   3   3   3   3   3   5   3  23   5   6   8   7   5   7  0.31 inf
   57 N    0  1  4  0 -2 -1  1  1 -1 -5 -5  2 -2 -3  1  0 -1 -5 -2 -3    6   6  23   5   1   2   8  12   1   0   0  12   1   1   8   5   4   0   1   1  0.39 inf
   58 E    0 -1  1  4 -5  1  3 -2  1 -2 -3  0 -4 -2  1 -1 -1  0 -4 -3    8   3   6  21   0   7  20   2   3   3   2   6   0   2   7   2   4   2   0   2  0.38 inf
   59 Q    1 -1  0  1  0  1  0 -3  0  0  2 -1  1 -1 -2 -1 -1  0  0  0   12   2   4  10   2   9   5   1   3   3  21   3   3   2   2   4   2   2   3   8  0.09 inf
   60 V    3 -3 -3 -2  4 -4 -4 -2 -2  3 -1 -3  0 -2 -4 -2 -1 -1  1  3   29   1   1   3   7   0   0   2   1  14   4   2   3   1   0   2   3   1   4  21  0.47 inf
   61 D   -1 -2  2  5 -2 -1  2 -1  0 -3 -3  0 -2 -4  0 -1 -1 -5  0 -2    5   2   8  32   1   2  15   5   2   2   2   5   1   0   5   3   4   0   4   3  0.48 inf
   62 K   -1  2  0  0 -4  2  1 -3  0 -2 -1  4 -1 -2 -2  0 -1 -4 -2 -1    3  11   5   5   0   8   8   2   2   3   5  30   1   2   2   6   4   0   1   4  0.34 inf
   63 F    0  0  0 -2 -3 -1  0 -3  2  0  0  0  1  1  1  0  0  4  1  0    6   6   6   0   0   0   6   0   6   6   6   6   6   6   6   6   6   6   6   6  0.10 inf
   64 F   -1  0  0  0 -4  1  1 -1  1 -2 -2  0 -1  3 -3  0 -1  0  5 -1    6   5   4   4   0   6   9   4   4   1   3   6   1  11   0   6   2   1  23   3  0.30 inf
   65 P   -1  0  1  3 -1  0  2 -1  0 -4 -3  0 -3 -4  3  0  0 -4 -4 -3    4   6   8  19   1   3  15   4   2   0   2   5   0   0  15   8   6   0   0   2  0.39 inf
   66 L   -1  0  0 -2 -1  0 -1 -4  0  1  3  0  2  1 -3 -1 -1 -3 -1  0    3   5   5   2   1   4   5   0   2   8  31   8   5   6   0   3   3   0   2   7  0.16 inf
   67 I   -2 -4 -2 -1 -3 -3 -2 -4 -4  4  3 -2  1  2 -4 -1 -1 -4 -2  1    2   0   2   5   0   0   3   0   0  32  27   3   3   8   0   4   2   0   0   6  0.47 inf
   68 E   -1  1  0  0  0  3  3 -3  1 -1 -2  1  0 -4 -1 -1 -1 -4 -3  1    5   6   3   4   3  18  21   0   3   3   4   9   2   0   2   3   3   0   0  10  0.28 inf
   69 V   -1 -2 -1  0 -3  0  3 -2  0  0  0  0  0 -1  2 -1 -1 -4 -1  1    3   0   3   3   0   4  27   2   2   7   9   5   2   2   9   2   3   0   2  13  0.22 inf
   70 N   -1 -1  2  1 -4 -1  0  5  0 -5 -4 -1 -4 -1 -4 -1 -3 -4  0 -4    3   3  10   8   0   3   6  46   3   0   1   3   0   3   0   4   0   0   3   1  0.68 inf
   71 K   -1  1  1  0 -1  2  1 -1  1 -2 -2  4 -1 -2 -2  0 -1 -4 -3 -2    3   7   6   5   2  11   9   4   3   2   4  29   1   2   2   8   2   0   0   2  0.32 inf
   72 V    0 -2  0 -2  2 -2  0  0  2  0  0 -2  1  1 -3  0  0  4  1  0    7   0   7   0   6   0   7   7   6   7   7   0   6   6   0   7   7   6   6   7  0.11 inf
   73 Y   -6 -1 -6 -6  0 -6 -6 -2 -4 -2 -3 -1 -1  1 -6 -6 -2 -3  9  0    0   3   0   0   2   0   0   4   0   2   2   4   2   5   0   0   3   0  65   6  2.06 inf
   74 Y   -2 -1 -2 -1 -1  1  0 -4  0  1  1  0  0  2 -4 -2  1 -1  5  0    2   3   2   4   1   6   7   0   2   9  12   6   2   8   0   3   8   1  21   5  0.31 inf
   75 F   -5 -6 -4 -3 -6 -6 -6 -7  0  7  1 -3  1  4 -6 -4 -4 -6 -5  0    0   0   1   2   0   0   0   0   3  51  13   2   3  13   0   2   1   0   0   6  1.35 inf
   76 S   -1  0  0 -1  0 -1  1 -4 -1 -3 -3  0 -2 -4 -3  5  2 -2 -2 -3    5   5   5   4   2   2  10   1   1   2   2   6   1   1   1  38  10   1   2   1  0.54 inf
   77 K   -2  1  4  0  0 -2 -3  2  1 -4 -6  4 -5 -3 -2  0 -2 -1 -1 -4    3   9  18   5   2   1   1  18   3   1   0  22   0   1   2   7   2   1   2   1  0.53 inf
   78 G    1 -3 -3 -2  2 -6 -6  3  0 -3 -3 -6 -1  6 -3 -4 -3 -5  1 -1   13   1   1   3   5   0   0  21   2   2   1   0   2  37   1   1   2   0   3   4  0.98 inf
   79 T   -1  2  0 -1  0  2  0 -1  1 -1 -1  2 -1 -1 -2  1  1 -1  0 -2    5  12   4   4   2  10   4   4   3   4   8  13   1   2   1  10   8   1   3   2  0.14 inf
   80 L   -2 -6 -3 -6 -1 -3 -6 -2 -6  2  2 -6  0  0 -2 -3 -2 -6 -1  5    2   0   1   0   1   2   0   3   0  10  21   0   2   3   2   2   3   0   2  45  0.90 inf
   81 K   -1  2  0 -2 -1  1  0 -1 -1 -1 -3  4 -1 -1 -3  0  1 -5 -2 -1    5   9   5   2   1   6   6   4   1   4   3  30   2   3   1   6   7   0   1   3  0.34 inf
   82 I   -1  1  0 -1 -4  0  0 -2  2  1 -2  1  0  0  3  0 -1  1  0 -1    4   7   4   3   0   3   5   2   5   8   3  11   3   4  17   6   4   2   4   5  0.18 inf
   83 A    4  0  2 -1  1 -1 -2 -2  1 -2 -1 -1 -3 -4 -1  1 -1 -5 -1 -2   35   4  10   3   3   3   3   3   3   3   7   3   0   0   3  10   3   0   2   3  0.35 inf
   84 N   -2  0  4  0 -4  0 -1 -1  1 -2 -2  2 -1 -1  0  1  1  1 -1 -2    2   5  21   6   0   4   4   4   3   2   3  12   2   2   4   8  10   2   2   3  0.25 inf
   85 K   -1  2  0  0 -4 -1 -1  1 -1 -3 -2  4 -1 -3  1  0 -2 -5 -2 -3    6   9   5   6   0   2   3  12   1   1   3  28   2   1   8   8   2   0   1   1  0.35 inf
   86 Q   -1  1  1 -1 -1  4 -1 -2 -1 -2 -2  3 -1 -3  0  0  0 -4  0 -2    5   6   8   2   2  21   3   3   1   2   3  20   2   1   4   8   4   0   3   2  0.35 inf
   87 F   -5 -3 -2 -6 -2 -5 -3 -4  0 -2 -2 -3 -4  6 -6 -5 -2 -1  7  0    0   2   2   0   1   0   1   1   2   2   3   2   0  33   0   0   2   1  39   6  1.46 inf
   88 T   -2  3  4 -2 -2  1 -1 -2 -1 -3 -3  3 -2 -2 -4  1  1 -4  0 -2    3  19  21   1   1   5   2   2   1   1   2  16   1   1   0  11   7   0   3   3  0.46 inf
   89 A    1  0  2 -2 -2  0  0 -3  2 -1 -1  0 -2 -3  3  0  1 -4 -1  0   12   5  10   1   1   4   4   0   5   4   6   5   0   0  14   8  12   0   2   9  0.20 inf
   90 V   -2  0  0 -3  0 -3 -3 -3 -3  1  1 -2  0 -1  0 -1  2 -4 -1  3    2   6   4   1   2   0   0   2   0   7  16   2   2   3   4   4  15   0   2  27  0.27 inf
   91 K   -1 -1  2  2 -1  1  0  0  1 -2 -2  2 -3 -2  1  1 -1 -4 -2 -3    4   3  11  15   2   7   5   6   4   3   4  14   0   1   8   8   4   0   1   1  0.22 inf
   92 N   -2 -2  5  0  0 -2 -2  0  7 -3 -1 -2 -1 -3 -4  0 -3 -5 -2 -5    3   1  30   5   2   1   2   7  26   1   7   3   1   1   0   6   1   0   1   0  0.87 inf
   93 D   -2  0  1  4 -2  0  2 -3  0 -3 -3  2 -2 -5  2  0 -1 -2 -4 -3    2   4   5  27   1   3  13   2   3   1   3  13   1   0  10   6   3   1   0   2  0.48 inf
   94 Y   -2 -4 -2 -5  2 -2 -4 -3  1 -1  0 -1  1  4 -5 -2 -1  3  6 -2    3   0   2   0   4   2   0   2   3   4   8   3   3  15   0   3   4   3  32   3  0.70 inf
   95 E   -1 -1  1  0  0  0  4 -2 -3 -2 -2  0  4 -4 -4 -1 -1  1 -1 -1    5   3   7   5   2   4  31   2   0   2   3   6  11   0   0   3   3   2   2   5  0.36 inf
   96 M   -2 -4  0 -5  1 -4 -5 -5 -4  4  3 -2  4  0 -5 -2 -1  2  0  0    3   0   4   0   2   0   0   0   0  29  26   3  11   3   0   3   3   3   3   5  0.62 inf
   97 T    0 -1  1 -1  0  0 -2 -2  0 -1 -2 -1  1  0 -3  0  4  1  1  1    8   2   6   4   2   4   2   3   3   3   3   3   4   4   0   6  27   2   5   9  0.21 inf
   98 F   -3 -6 -3 -7  0 -6 -6 -6  2  0  4 -6  1  7 -6 -6 -3  0 -3  0    3   0   2   0   2   0   0   0   5   5  32   0   4  38   0   0   2   1   0   6  1.22 inf
   99 N   -2  0  2  3 -2 -1  1  0  0 -2 -3 -2  0 -3 -4  1  3  1 -2 -2    1   4   9  17   1   2   7   7   3   2   2   2   3   1   0  11  19   2   1   3  0.33 inf
  100 N   -1  2  2  0 -4  1  1  0  2 -2 -2  1 -1  0  0  1 -1  0  0 -2    5  11   9   6   0   6   8   6   5   2   3  11   1   4   4  11   3   1   3   2  0.15 inf
  101 E   -2 -1  3  2 -4 -1  0  0  1 -2 -2 -1  0  0 -1  0  0  4  2 -3    3   4  16  11   0   3   5   9   4   2   3   4   2   3   2   7   7   7   7   1  0.26 inf
  102 T   -2 -2 -1 -3  1 -5 -5 -2 -6 -2 -6 -3 -1 -3 -3  4  6 -1 -6 -5    4   2   3   1   3   0   0   3   0   2   0   1   2   1   1  25  48   1   0   0  1.19 inf
  103 S    0  0 -1 -1  0  2  2 -2  0  1 -2  2  0 -2 -1  1  1 -4 -1  0    5   3   2   2   2  12  12   2   2   9   3  14   2   2   2   9   9   0   2   8  0.14 inf
  104 V   -1 -5 -5 -6  1 -5 -5 -2 -5  5 -1 -5  1  1 -5 -2 -3  2  0  4    4   0   0   0   3   0   0   3   0  34   4   0   3   6   0   3   0   3   4  30  0.86 inf
  105 M   -2  0 -1  0 -4  1  3 -2  0  0 -1  1  0 -1 -1  0  0 -3  1  2    0   5   2   4   0   8  19   2   2   6   5   8   3   2   2   6   5   0   5  15  0.15 inf
  106 P   -2  0 -2 -2  0  0  3 -3 -1 -1  0  1  1 -4  4 -2 -1 -4 -1  0    3   4   2   2   2   4  20   2   1   3   9   9   4   0  21   2   3   0   2   7  0.36 inf
  107 C    1 -3 -1 -1  7  0 -3 -2 -1  1  0 -2  0 -1 -4  0 -1 -4  0  1   10   1   4   3  23   4   1   3   1  10  10   2   2   3   0   8   3   0   3  10  0.44 inf
  108 E   -1 -1  1  1  0  1  3 -2  2 -2 -2  0 -2 -1  1  1 -1 -4 -2 -2    5   2   7   7   2   6  23   3   5   3   3   5   1   3   8  11   3   0   1   3  0.26 inf
  109 D   -1 -2  1  6 -5 -1  1  0 -1 -2 -3 -2 -2 -3 -1 -1 -2 -5 -1 -3    4   2   7  44   0   2   9   9   1   3   2   2   1   1   3   3   3   0   2   2  0.73 inf
  110 D    0 -2  0  4  0  0  1 -2 -1 -1 -1 -1 -2 -3  2  0 -1 -5 -4 -1    7   1   3  27   3   4   8   3   2   3   7   2   1   1  12   8   4   0   0   4  0.35 inf
  111 H    1 -2  1  1 -1 -1  0  1  1 -1 -1 -2 -1  0  2  2  1 -4 -2 -1   10   1   6   7   1   2   7   9   3   3   5   1   1   4  12  15   8   0   1   4  0.16 inf
  112 H    0 -1  2  3  0  0 -1 -1  2 -3 -2 -1 -2 -1 -3  2  1 -4 -1 -2    8   3  11  20   2   4   3   4   5   2   3   3   1   3   1  15   7   0   2   2  0.27 inf
  113 L   -1 -5 -4 -1 -4 -4 -3 -3 -2  5  1 -3  0  3 -2 -2 -2 -4 -1  2    4   0   0   5   0   0   1   2   1  33  11   2   2  13   2   4   2   0   1  15  0.56 inf
  114 P   -2 -3 -1 -2 -8 -1 -2 -2  0  0 -2 -1  1 -2  7 -2 -2 -8  0 -2    4   2   4   3   0   3   3   3   2   4   4   4   3   2  46   4   3   0   3   3  1.03 inf
  115 T   -1  1 -2 -1  0  2  1 -3  0 -2 -1  2  1 -1 -1  0  2  1 -1 -1    5   9   2   3   2  10  10   2   2   3   6  10   3   2   4   7  10   2   2   4  0.15 inf
  116 V    0 -1 -1 -1  0  2 -2 -3  1  1  0 -1  2 -1 -1 -2  0  1  3  1    8   3   3   4   2   8   3   2   4   8   8   3   4   3   3   3   7   2  10  11  0.16 inf
  117 Q   -1  1  1 -1  0  2 -1 -1  2  0 -2  2 -1  0 -1  0  1  0  0  0    5   9   6   2   2  11   2   4   5   5   3  12   1   4   3   5   8   1   3   9  0.10 inf
  118 F   -3 -5 -5 -5 -1 -4 -3 -4 -2  0  0 -3 -1  7 -2 -3 -4 -3  6 -3    3   0   0   1   2   1   2   1   1   4   9   1   1  38   3   2   1   0  27   1  1.26 inf
  119 D   -2 -1  5  2 -5  1  1 -4  1 -5 -4  1 -2 -5 -4  2 -1 -5 -2 -3    3   3  28  13   0   7   9   0   3   0   2   9   1   0   0  16   3   0   1   2  0.65 inf
  120 F   -4 -1 -3 -4 -1 -6 -6 -6 -5  1  2 -2 -3  7 -3 -4 -2  0  0 -2    1   3   1   1   1   0   0   0   0   7  19   3   0  52   1   1   3   1   3   2  1.32 inf
  121 T   -1  0 -3 -4  2 -1 -3 -3 -2  2 -1  1 -1 -4 -2 -1  4 -5 -2  3    3   5   1   0   4   2   1   2   1  11   6   8   2   0   2   3  25   0   1  23  0.43 inf
  122 G   -3  0  0  0 -2  0 -1 -2 -2 -4 -3  3 -1 -3  5  2  1 -5 -5 -3    1   4   4   6   1   5   3   2   1   1   3  19   2   1  25  13   9   0   0   2  0.56 inf
  123 I   -3 -4 -6 -4 -5 -4 -6 -7 -6  6  2 -4 -1  4 -4 -3 -5 -5  0 -1    2   1   0   1   0   1   0   0   0  44  20   1   1  16   1   3   0   0   3   4  1.16 inf
  124 D    1  0  2  2 -1  0  2  1  1 -3 -2 -1 -3 -5 -1  2 -2 -5 -3 -3   10   4   9  13   1   3  14   9   3   1   4   3   1   0   3  18   1   0   1   1  0.30 inf
  125 D   -2 -2  2  5 -6  2  3 -3  0 -4 -4  0 -1 -6 -5 -1 -1 -6 -3 -1    4   1   9  27   0   9  21   2   2   1   2   6   2   0   0   5   3   0   1   4  0.65 inf
  126 L   -2 -6 -7 -4 -1 -6 -4 -7 -6  5  4 -6  0 -1 -6 -6 -5 -6 -5  3    3   0   0   1   1   0   1   0   0  29  43   0   2   2   0   0   0   0   0  15  1.21 inf
  127 E    0  0 -1  0  0  2  3 -1  0 -3 -1  0 -2 -2  2  0 -1 -1 -3 -2    7   5   3   5   2   8  21   5   2   1   6   5   1   1  10   8   3   1   1   3  0.22 inf
  128 N   -1 -1  3  2 -4  0  1 -1  1 -3 -3  0 -2 -3 -2  3  1 -2  0 -2    3   2  16  10   0   5   8   5   3   2   2   4   1   1   2  22   7   1   3   3  0.34 inf
  129 K   -1  2 -1 -2  0  0 -1 -2  1  0  1  1  3 -1 -2 -1  0 -1  1  1    4  12   2   2   2   4   3   3   4   4  13  10   8   3   1   4   4   1   4  10  0.10 inf
  130 S   -1 -1  2  1 -1  0  3 -2  1 -2 -3  0  0 -3  1  0  0 -5 -1 -1    4   3  11   9   1   3  22   3   3   3   2   5   2   1   8   7   5   0   2   5  0.26 inf
  131 K    0  0  3  0 -2  0  0 -1  0 -1 -3  3 -3 -2  1 -1 -1 -5 -2  1    8   5  14   5   1   4   5   5   2   3   2  20   0   1   6   4   2   0   1  11  0.22 inf
  132 D   -3  0  5  4 -6 -2  2  2 -1 -4 -5  1 -2 -6 -2 -1 -2 -6 -2 -5    1   4  26  20   0   2  11  13   2   1   1   7   1   0   3   3   3   0   1   0  0.70 inf
  133 S    1 -1  1  1 -1  0  1 -2 -1  0 -3  0  0 -1 -2  2  2 -4  1 -1   10   4   7   7   1   4  10   2   1   6   1   4   3   2   2  17  12   0   5   3  0.16 inf
  134 L   -1 -1 -1 -3  1  0 -1 -2  0  2  1  0  2  2 -1 -1  1 -3  0  0    3   3   4   0   3   4   3   3   3  14  12   5   6   8   3   4  13   0   4   5  0.09 inf
  135 V   -1 -4 -3 -1  3 -1 -1 -4  1  3  0 -3  1  1 -1 -1  0 -4  1  3    4   0   0   4   7   3   3   0   4  15   5   0   3   7   4   4   6   0   4  25  0.30 inf
  136 D   -2 -4  1  7 -5  0 -2 -4  0 -4 -2 -3 -4 -4 -4  0 -1 -5  0 -2    3   0   5  61   0   3   1   1   2   0   4   0   0   0   0   7   4   0   4   4  1.18 inf
  137 I   -1 -4 -4 -4  1 -4 -4 -4 -4  3  1 -4  1  0 -1 -3  1 -4 -3  5    6   0   0   0   3   0   0   1   0  17  11   0   3   3   3   0   8   0   0  43  0.66 inf
  138 I   -1 -4 -3 -5  0 -3 -2 -4 -3  6  2 -1  1 -2 -5 -2 -3 -5 -4  1    6   1   2   0   2   1   2   1   1  45  18   4   3   1   0   4   1   0   0   8  0.78 inf
  139 G    1 -5 -2 -4  0 -5 -5  6 -5 -2 -3 -2 -5 -2 -5 -3 -3 -5  0 -1   10   0   2   1   2   0   0  64   0   2   3   2   0   2   0   1   1   0   3   5  1.29 inf
  140 I   -1 -2 -3 -5 -1 -1 -3 -4  0  4  0 -3  0 -1 -5 -2 -1 -2  0  5    4   2   1   0   1   4   1   1   2  25   7   1   2   3   0   3   3   1   3  36  0.64 inf
  141 C   -1 -5 -2 -5  4 -4 -2 -5 -5  4  1 -5  1 -2 -5 -2 -3 -5 -4  5    5   0   2   0   8   0   3   0   0  19  13   0   2   1   0   3   0   0   0  39  0.83 inf
  142 K   -1 -1  0 -1 -1  1 -1 -3  0  1 -2  3  0  0 -3  0  2 -2  0  0    3   3   3   2   1   7   2   1   3   8   3  24   2   4   0   7  16   1   4   8  0.25 inf
  143 S   -1  0  1  2 -2  0  3 -1  1 -3 -3  1  1 -1 -3  2  1  0 -1 -2    4   4   5  11   1   3  18   4   4   1   2   7   4   3   0  17   7   1   2   2  0.25 inf
  144 Y    0 -2 -3 -1  2 -4 -4 -4  0  3  0 -3  0 -1 -3 -1 -2 -4  0  4    6   2   1   4   4   0   0   1   3  19   5   2   2   2   1   5   2   0   4  37  0.54 inf
  145 E   -1 -1  2  0 -2  0  0  3  0 -2 -3 -1 -2 -3 -1  2  0 -4 -1 -3    4   4   8   6   1   5   5  25   2   2   3   4   1   1   2  18   6   0   3   1  0.29 inf
  146 D   -1 -3  0  3 -2  0  3 -1 -2 -2 -3 -2 -3 -5  4 -2 -2 -5 -2 -3    5   1   4  18   1   4  23   5   1   3   3   2   1   0  23   3   2   0   1   2  0.61 inf
  147 A    0 -2 -3 -3  0 -3 -1 -4 -2  2  1 -3  0 -2  2  0  1 -2 -2  3    6   2   1   1   2   1   4   1   1  12  16   1   2   2  12   6   8   1   1  21  0.30 inf
  148 T    0  0  0 -1 -4  3  1  0  0 -1 -2  1  0 -1 -3  1  2 -4 -2  0    7   4   3   3   0  12  10   6   2   4   2   9   2   2   0  13  14   0   1   6  0.19 inf
  149 K   -2  0  0  0 -3  1  3 -3  0 -2 -2  0  0 -2  0  1  3 -1 -1 -2    2   5   4   4   0   6  18   2   2   2   4   6   2   2   4  11  19   1   2   2  0.25 inf
  150 I   -3 -3 -4 -3 -3 -3 -4 -4  0  5  1 -2  0  3 -4 -4 -1 -1  0  3    1   2   1   2   1   1   1   1   3  34   9   3   1  11   1   1   4   1   3  21  0.69 inf
  151 T   -2  1 -1 -1 -1  2 -1 -3  0  0 -1  0  1 -1 -2  0  3  0  0  1    2   9   3   2   1   9   3   2   2   4   4   5   4   2   2   5  25   1   4   8  0.23 inf
  152 V    0  1  0 -1  2 -1 -1 -2 -1  0 -1  0  1 -2  0  2  2 -4 -3  0    6   7   5   2   4   3   3   3   1   5   5   5   5   1   4  18  14   0   0   8  0.14 inf
  153 R   -2  4 -1 -1 -3 -1 -1 -4 -2 -3 -3  6 -4 -4 -2 -2 -2  1 -2 -3    4  23   2   3   1   2   4   1   1   1   2  42   0   1   2   3   2   2   2   2  0.90 inf
  154 S    1 -1  1  1 -3 -1 -1  1 -2 -2 -2  2 -2 -2 -1  2  1 -2 -1 -2   13   2   7   7   0   2   2   9   0   3   4  14   1   1   2  18   8   1   2   2  0.20 inf
  155 N   -2  1  3  3 -4  0 -1  1 -1 -4 -3  0 -3 -3 -3  1  3 -4 -1 -3    3   6  13  15   0   3   3   9   1   1   2   7   0   1   1   9  20   0   3   2  0.37 inf
  156 N   -2 -2  4  0 -5  1 -2  5  0 -3 -4 -1 -5 -6 -4 -1 -2 -1 -5 -4    2   2  21   5   0   7   3  41   2   2   2   3   0   0   1   4   3   1   0   1  0.85 inf
  157 R   -1  3  1 -1 -5  0  0 -1 -3 -2 -2  4  0 -4 -4  1  1 -2 -1 -3    5  16   5   3   0   4   6   4   0   2   4  25   2   0   0   9  10   1   2   2  0.39 inf
  158 E   -2  0  0  1 -5  1  4 -2 -2 -1 -2  1 -2 -2  3  0  0 -5 -2 -1    2   4   3   7   0   6  27   2   0   4   4   7   1   1  12   6   7   0   1   4  0.36 inf
  159 V   -1 -1 -1 -3 -1 -2 -3 -1 -1  2  1 -1  1  1 -2  1  2 -2  1  1    3   4   2   1   1   1   1   4   2  11  13   4   4   6   1  11  15   1   5  10  0.15 inf
  160 A   -1  0  0  1 -3  3  0 -3 -1  0 -1  2 -1 -1  1  0  0 -3 -1 -1    5   5   3   7   0  13   5   1   1   5   6  16   2   2   8   7   6   0   3   5  0.17 inf
  161 K   -5  3 -5 -5 -3 -3 -2 -4 -2  0 -2  6  0 -2 -5 -3 -3 -6 -3  1    0  12   0   0   1   1   2   1   1   6   4  54   3   2   0   1   2   0   1   9  1.16 inf
  162 R   -4  7 -5 -6 -1  0 -4 -7 -5  1  0  0  0 -4 -7 -4 -5 -2 -6 -3    1  66   0   0   2   5   1   0   0   7   8   4   2   1   0   1   0   1   0   2  1.69 inf
  163 N   -3 -3  4  4 -6 -2  3 -4  1 -2 -2 -2 -2 -6 -4  0  1 -6 -2 -2    1   1  17  24   0   1  21   1   3   3   4   2   1   0   0   7  10   0   1   3  0.67 inf
  164 I   -2 -6 -7 -4 -3 -6 -6 -5 -6  5  3 -6  2  3 -6 -6 -4 -5 -2  3    3   0   0   1   0   0   0   1   0  34  27   0   4  10   0   0   0   0   1  16  1.06 inf
  165 Y   -3 -1 -1 -1 -1  2  2 -4  3  1 -1 -1  0  0 -4 -1  3 -2  2  0    1   3   3   2   1   9  12   1   6   8   7   4   3   4   0   3  21   1   6   5  0.25 inf
  166 L   -4 -7 -7 -5 -6 -6 -4 -7 -7  5  5 -7  1 -3 -7 -5 -5 -6 -5  2    1   0   0   1   0   0   2   0   0  36  46   0   3   1   0   1   0   0   0  10  1.42 inf
  167 M   -1  1 -1 -3  2  1 -1 -1 -3  0  1  1  2 -1  0 -1  0  1 -1  2    4   7   2   0   5   6   4   5   0   4  12   9   7   2   4   4   6   2   2  15  0.09 inf
  168 D   -5 -6  1  7 -6 -5 -1 -2 -5  0 -2 -5 -6  0 -6 -1 -1 -7 -6 -6    0   0   7  59   0   0   4   4   0   6   4   0   0   4   0   5   5   0   0   0  1.44 inf
  169 T   -1  0  0  0  2  0  0 -1  2  0 -1  0  2  1  0 -1  0  4  1 -1    5   5   5   5   5   5   5   5   5   5   5   5   5   5   5   5   5   5   5   5  0.09 inf
  170 S   -2  0  0  1  2 -1  0 -2  1 -2 -3 -1  1  0 -7  4  1 -7  0 -7    3   6   4   7   4   3   7   4   3   3   3   4   3   3   0  30   9   0   3   0  0.47 inf
  171 G   -2 -1  3  2  0 -1 -1  3  0 -2 -2  0  0 -1 -4 -1 -1  2  0 -3    3   3  13  13   2   3   3  23   2   2   4   6   3   3   0   4   4   3   4   2  0.31 inf
  172 K   -1  2 -1  0  2  0  0 -3  2 -1 -3  2  1  1 -3 -1  1  0  2 -2    5  10   3   5   4   4   5   2   4   3   3  12   3   5   2   5  10   1   7   4  0.18 inf
  173 V    0  2 -2 -2  1 -1  0 -3 -1  0 -2  1  1 -3  0  3  2 -5 -3 -1    6  11   1   2   3   2   7   1   1   6   4   7   3   1   4  21  13   0   1   4  0.24 inf
  174 V   -3 -6 -4 -7  1 -3 -4 -7 -2  4  2 -6  3 -1 -4 -6 -1 -6 -1  5    2   0   1   0   3   1   1   0   1  20  16   0   6   3   1   0   3   0   2  37  0.99 inf
  175 T   -2  3  2  0 -1  0  2 -4  1 -3 -3  2  0 -5  0  0  1 -1 -1 -2    4  15  10   6   1   3  11   1   3   2   3  14   2   0   4   5   9   1   2   3  0.30 inf
  176 A    0 -3 -7 -7  6 -6 -7 -7 -7  3  3 -7  1  0 -7 -6 -3 -6 -1  4    8   2   0   0  14   0   0   0   0  13  25   0   3   4   0   0   2   0   2  28  1.02 inf
  177 T   -1 -2  0 -1  1 -5 -5 -2 -6 -2 -3 -2 -2 -3 -3  0  6 -6 -6  0    5   3   5   4   2   0   0   4   0   2   2   2   1   1   2   8  54   0   0   5  1.09 inf
  178 L   -3 -2 -2 -7 -6 -6 -7 -7 -7  1  6 -6  0  1 -7 -4 -3 -6 -5 -1    2   3   2   0   0   0   0   0   0   8  69   0   2   5   0   2   1   0   0   4  1.43 inf
  179 W   -4 -4 -7 -7 -7 -6 -7 -7  1 -7 -4 -7 -2  1 -7 -2 -2 12  1 -7    1   1   0   0   0   0   0   0   3   0   2   0   1   5   0   4   3  72   5   0  3.53 inf
  180 G    0 -4  2  0 -6  0 -1  6 -2 -2 -6 -3 -5 -6 -5 -2 -3 -6 -3 -6    6   1   8   5   0   4   5  59   1   2   1   2   0   0   0   3   1   0   1   0  1.21 inf
  181 E   -1 -1  1  3 -5  1  3 -2  0 -4 -4  2 -4 -5  0 -1 -1 -5  0 -4    4   2   7  18   0   6  22   3   2   1   2  15   0   0   4   5   3   0   3   1  0.48 inf
  182 D   -3  1 -1  1 -4  3  1 -3  2 -2  0  1 -1  3 -3 -1  0 -3  2 -3    1   8   2   8   0  13  11   1   5   1   8   9   1  12   1   3   6   0   7   2  0.28 inf
  183 A    6 -5 -4 -3  3 -3 -3 -1 -3 -2 -4 -3 -3 -3 -2 -2  0 -5  0  0   57   0   1   2   6   1   2   5   1   2   1   1   1   1   2   2   6   0   3   8  0.93 inf
  184 D   -1 -1  1  2 -1  0  3 -2  0  0 -1  0 -1 -3 -2  0  1 -4 -3  0    5   3   8  13   2   4  20   2   2   6   6   6   1   1   1   5   9   0   0   6  0.21 inf
  185 K    0  0  3  2 -4  2  2 -2 -1 -1 -2  2  0 -4 -3  1  0 -5 -4 -2    6   4  13  10   0  11  12   2   1   4   4  12   2   1   1   9   6   0   0   2  0.28 inf
  186 F   -3 -5 -3 -3  2 -3 -2 -5 -2  1  1 -3  1  7 -4 -4 -3  2  0  0    2   0   2   2   4   1   3   1   1   7  13   2   3  43   1   1   1   3   3   7  0.95 inf
  187 D   -2 -2  3  5  0 -1  1 -1  1 -2 -4 -1 -3 -4  0  0 -1 -2 -2 -3    3   2  16  31   2   3   7   5   3   3   2   4   0   1   5   6   3   1   2   2  0.54 inf
  188 G    2 -1  0  0 -2 -1  1  2 -1  0  0 -1 -1 -1 -1  1 -1 -4  0  0   17   3   3   6   0   2   8  15   2   6   8   2   1   3   2   9   3   0   3   7  0.09 inf
  189 S   -1 -1  1  2 -3  2  2  1 -1 -4 -3  1  0 -3  1  2 -1 -1 -1 -3    5   3   6  10   0  11  11   9   2   1   2   7   2   1   7  14   4   1   2   1  0.25 inf
  190 R   -1 -1  1  0  1  1  2  1  0 -2 -2  1 -1 -2  2  0  0 -4 -3 -1    3   3   6   6   3   6  17   9   2   2   5   8   1   1   9   6   6   0   1   4  0.18 inf
  191 Q   -2 -2  3  0 -3  2  1  3  2 -3 -4 -1 -2 -1  2 -1 -2 -5 -3  0    2   1  16   5   0  10   8  20   4   2   1   4   1   4   9   4   1   0   1   6  0.38 inf
  192 P   -3 -2 -2  1 -1  1  0 -4  1 -2 -4 -1 -3 -4  5  0 -1 -6  0  1    1   2   2   9   2   6   7   1   3   2   1   3   1   1  31   9   4   0   3  12  0.62 inf
  193 V   -2 -6 -4 -5 -2 -5 -3 -7 -7  5 -3 -4 -2 -4 -2 -3 -2 -7 -5  6    3   0   1   1   1   1   3   0   0  29   2   1   1   1   2   2   2   0   0  51  1.38 inf
  194 L   -2 -6 -6 -6  3 -5 -5 -6  0  5  2 -4  1 -2 -5 -5 -3 -2 -1  5    3   0   0   0   6   0   1   1   2  26  18   1   3   1   1   0   1   1   2  33  0.98 inf
  195 A    5 -4 -3 -4  1 -3 -4  0 -5  2  1 -3 -1 -3 -2 -1 -2 -5 -3  2   41   1   1   1   3   1   1   6   0  12  11   1   2   1   2   4   2   0   1  11  0.60 inf
  196 I   -3 -5 -5 -6  0  0 -6 -5 -5  4  2 -4  0  5 -6 -5 -3 -1 -2  3    1   0   1   0   2   4   0   1   0  24  19   1   2  25   0   0   1   1   1  17  0.95 inf
  197 K   -2  3 -1 -2 -6  1 -1 -3 -2 -3 -4  6 -1 -4 -5 -2  0 -6 -4  1    4  13   3   2   0   6   3   2   1   2   1  43   2   1   0   3   6   0   0  10  0.82 inf
  198 G    0 -2  2 -2 -1 -1 -3  5  0 -5 -2 -2 -4  1 -4  1 -2 -3 -2 -4    7   3  10   2   2   3   1  41   2   0   4   2   0   6   1  11   3   0   1   1  0.66 inf
  199 A    3 -3 -4 -5  4 -4 -4  1 -2  0  1 -4  0 -3 -3 -2  1 -5 -4  3   28   1   0   0   8   0   0  10   1   4  13   0   2   1   1   2   8   0   0  20  0.51 inf
  200 R   -3  4 -2 -3 -4  0 -2 -5 -1 -2  0  5 -1 -3 -5 -1  0  0 -3 -1    1  23   2   1   0   4   2   0   1   2  10  33   1   1   0   3   6   1   1   5  0.68 inf
  201 V   -1 -4 -6 -6 -5 -4 -6 -6 -6  4  0 -4 -1 -2 -2 -5 -2  0 -3  6    6   1   0   0   0   1   0   0   0  22   8   1   1   2   3   0   2   1   1  51  1.16 inf
  202 S   -1  1  1 -1 -2  0 -2  2 -3 -2 -4  4 -4 -5 -4  3  0 -5 -3 -2    4   9   7   4   1   4   2  15   0   2   1  22   0   0   0  21   5   0   1   2  0.45 inf
  203 D   -2 -1  0  5 -2  0  3 -3 -1  0 -2 -1 -2 -2 -2 -1 -1 -5 -2 -3    3   3   4  31   1   3  22   2   1   6   4   3   1   2   1   5   4   0   2   2  0.56 inf
  204 F   -4 -3 -6 -5 -4 -2 -5 -5  1 -5 -4 -6 -3  7 -7 -4 -3  4  6 -5    1   1   0   1   0   2   1   1   3   0   1   0   1  49   0   1   2   6  28   0  1.97 inf
  205 G   -2  1  4  0 -5  3 -1  3 -2 -4 -4  1 -3 -6 -3  0 -2 -6 -3 -1    3   6  22   6   0  14   2  20   0   1   1  10   1   0   1   7   2   0   1   4  0.53 inf
  206 G   -3 -4  2 -2 -7 -4 -1  7 -6 -6 -6 -4 -2 -5 -6 -2 -4 -3 -3 -5    1   1   9   3   0   1   4  72   0   0   1   1   1   1   0   2   1   1   1   1  1.66 inf
  207 R   -2  4 -2 -4 -1  0 -1 -4 -1 -1 -1  4 -1 -2 -3 -2  0 -5  1  1    3  25   2   0   1   4   3   1   2   4   5  25   1   2   1   1   5   0   4  10  0.51 inf
  208 S   -2 -1  0 -3  1 -1 -3 -2  0 -2 -5  1 -4 -3 -1  5  1 -5  2 -2    2   4   3   1   3   3   1   3   2   2   0   9   0   1   4  43   9   0   6   3  0.62 inf
  209 L   -2 -5 -3 -5  2 -2 -6 -4 -6  2  5 -5 -1 -1 -6 -3 -4 -5 -2  1    3   0   1   1   4   2   0   1   0  10  61   0   1   2   0   2   0   0   1   9  1.04 inf
  210 S   -2 -3  4 -1 -3 -2 -2  0 -3 -3 -3 -3 -3 -6 -4  5  1 -6 -3 -2    2   1  16   3   1   1   2   7   1   1   3   1   0   0   0  49   8   0   1   3  0.91 inf
  211 V    1 -3 -1 -4  0 -2 -4  1 -4 -1  0 -3  2 -2 -4  2  4 -5 -3  1   13   1   3   0   2   2   0  12   0   2   9   1   4   2   0  15  23   0   1  11  0.40 inf
  212 L   -2 -3  1 -3 -1 -1 -3  1 -1  2  1 -2  0  2 -3  1  3  1 -2 -1    2   0   6   1   1   2   1  12   1  11  13   2   3  10   1  10  19   2   1   3  0.24 inf
  213 S    0 -2  2  0 -5 -1 -2  2  0 -4 -4 -2 -1  0 -1  4  0  3  0 -2    6   2   8   5   0   2   1  15   2   0   1   2   2   5   3  30   6   4   3   3  0.39 inf
  214 S    3 -1  1 -1 -1 -1 -2  0 -4 -4 -4 -2 -2 -2 -1  4  1 -5 -1 -2   21   4   8   3   1   2   1   8   0   1   1   2   1   1   3  31   7   0   3   2  0.45 inf
  215 S   -2 -6 -2 -4  5 -5 -5  0 -6 -5 -6 -5 -6 -7 -6  5  5 -7 -6 -4    3   0   2   0  12   0   0   7   0   0   0   0   0   0   0  41  33   0   0   1  1.43 inf
  216 T   -3  2  0 -3 -2  3 -1 -4  0 -1 -2  3  0 -4 -4  1  3 -4 -3 -1    1  12   3   1   1  12   2   1   2   4   4  21   2   0   0   9  19   0   1   3  0.48 inf
  217 I   -4 -5 -7 -5 -3 -6 -5 -7 -6  5  2 -5  4  0 -7 -3 -4  7 -1  3    1   1   0   1   1   0   1   0   0  28  21   1  10   3   0   2   0  14   2  16  1.12 inf
  218 I   -2 -2 -3 -1 -4  1  1 -5  1  2  0 -1  1  2 -5 -2  0 -1  5  0    3   2   1   3   0   5   9   0   4  14   9   3   4   7   0   3   6   1  20   6  0.38 inf
  219 A   -3 -3 -4 -5 -2 -3 -4 -6 -2  5  1 -1 -1  2 -1 -4 -1 -2 -4  3    2   1   1   0   1   1   1   0   1  32  14   4   1  10   3   1   3   0   0  22  0.73 inf
  220 N   -5 -6  8  4 -8 -2  0 -5 -2 -4 -6 -4 -5 -3 -5 -3 -5 -9 -7 -6    1   0  64  19   0   1   7   0   1   1   1   1   0   1   0   2   0   0   0   0  2.02 inf
  221 P   -1 -7 -5 -2 -5 -4 -1 -3 -4 -1 -1 -3 -4 -4  8 -3 -4 -8 -7 -5    5   0   0   3   0   1   5   2   1   3   7   1   0   1  66   2   1   0   0   1  1.80 inf
  222 D   -2 -4  2  7 -7 -1  2 -2  0 -6 -7 -3 -5 -7  1 -2 -2 -8 -3 -2    4   1   9  51   0   3  11   3   2   0   0   1   0   0   6   3   3   0   1   3  1.18 inf
  223 I   -4 -5 -2 -1  0 -4 -5 -4  0  6  1 -4  1  3 -6 -2  0  0 -3  1    1   0   2   4   2   1   0   1   2  44  14   1   2  10   0   3   5   1   1   6  0.82 inf
  224 P   -1 -3  0  1 -7  0  1 -3 -6 -5 -4 -1 -6 -7  7 -1 -3 -8 -7 -5    6   1   5   9   0   4   9   2   0   1   2   4   0   0  51   4   1   0   0   1  1.31 inf
  225 E   -3  1 -5  2 -8  1  7 -2 -2 -4 -6 -1 -4 -8 -5 -4 -5 -8 -5 -4    2   6   0  11   0   6  63   3   1   1   1   3   0   0   0   0   0   0   0   1  1.50 inf
  226 A    5 -4 -5 -5  0 -3 -4 -4 -3  0 -1 -5  0 -4 -4  0  1 -6 -1  3   43   1   0   0   2   1   1   1   1   4   6   0   2   0   0   5  10   0   2  21  0.76 inf
  227 Y    1  0  0  1 -1  2  1 -3  5 -2 -1  1 -3  0 -4 -1 -1 -2  2 -2   11   5   3   7   2   9   7   1  16   2   7   8   0   3   0   3   3   1   8   3  0.28 inf
  228 K    1  2  0  1 -5  1  3 -3  0 -4 -3  2 -2 -4 -2  1  0 -5 -3 -3   12   9   4   6   0   6  24   1   2   1   3  15   1   1   1   8   5   0   0   1  0.40 inf
  229 L   -5 -7 -8 -8 -6 -4 -7 -8 -7  0  6 -7  2  3 -7 -7 -5 -5  1 -1    0   0   0   0   0   1   0   0   0   5  70   0   3  13   0   0   0   0   4   3  1.57 inf
  230 R   -3  5 -1 -5 -4  3  0 -5 -3 -4 -2  4  0 -6 -5 -1 -3 -6  1 -3    2  34   2   0   0  11   5   0   0   1   5  28   2   0   0   4   1   0   4   1  0.97 inf
  231 G    0 -1  1  1 -3  2  2  3 -1 -3 -3  1 -3 -4 -4  1  0 -5 -3 -3    9   3   6   7   1  12  13  19   1   1   2   9   0   0   0   8   6   0   0   1  0.32 inf
  232 W   -8  1 -4 -9 -8 -4 -8 -8 -4 -8 -6 -5 -2 -1 -9  0 -6 12 -4 -9    0   7   1   0   0   1   0   0   0   0   1   1   1   2   0   7   0  78   0   0  3.90 inf
  233 F   -6 -5 -7 -8 -7 -7 -7 -8 -4 -3  0 -7 -3  6 -8 -6 -6  7  8 -4    0   1   0   0   0   0   0   0   0   2   8   0   0  30   0   0   0  12  46   1  2.20 inf
  234 D   -2 -1  3  5 -5  1  2 -3 -2 -2 -4  0 -3 -6  0  0 -2 -6 -5 -3    3   3  12  32   0   7  15   2   1   3   1   6   1   0   5   7   2   0   0   2  0.60 inf
  235 A    1  0  4 -1 -2  1  1  0 -1 -4 -5  1 -3 -5 -3  3  2 -5 -4 -3   11   4  18   1   1   7  10   6   1   0   0   8   0   0   1  20  11   0   0   1  0.43 inf
  236 E   -2 -2  3  2 -5  2  3  1  0 -1 -3 -2 -3 -5 -2 -1  0 -5 -3 -2    2   1  15  12   0  10  24  12   2   3   3   1   0   0   1   2   7   0   0   3  0.44 inf
  237 G   -4 -6 -4 -5 -7 -6 -6  7 -6 -7 -7 -3 -6  0 -6 -3 -3 -6 -6 -5    0   0   0   0   0   0   0  90   0   0   0   2   0   4   0   1   1   0   0   1  2.27 inf
  238 Q   -4  4 -3 -3 -6  4  1 -4  4 -6 -5  5 -4 -5 -4 -3 -3 -5 -4 -5    0  25   0   0   0  23   8   0  10   0   0  34   0   0   0   0   0   0   0   0  1.13 inf

                      K         Lambda
Standard Ungapped    0.1321     0.3156
Standard Gapped      0.0423     0.2670
PSI Ungapped         0.1388     0.3121
PSI Gapped           0.0423     0.2670
