
Last position-specific scoring matrix computed, weighted observed percentages rounded down, information per position, and relative weight of gapless real matches to pseudocounts
           A  R  N  D  C  Q  E  G  H  I  L  K  M  F  P  S  T  W  Y  V   A   R   N   D   C   Q   E   G   H   I   L   K   M   F   P   S   T   W   Y   V
    1 G    0 -3 -1 -2 -3 -2 -3  6 -3 -5 -4 -2 -3 -4 -3 -1 -2 -3 -4 -4    0   0   0   0   0   0   0 100   0   0   0   0   0   0   0   0   0   0   0   0  1.31 inf
    2 V   -1 -3 -4 -4 -1 -3 -3 -4 -4  3  1 -3  1 -1 -3 -2 -1 -3 -2  5    0   0   0   0   0   0   0   0   0  10   2   0   3   0   0   0   0   0   0  85  0.55 inf
    3 N   -2 -1  7  1 -4 -1 -1 -1  0 -4 -4 -1 -3 -4 -3  0 -1 -5 -3 -4    0   0 100   0   0   0   0   0   0   0   0   0   0   0   0   0   0   0   0   0  1.17 inf
    4 Q   -2  0 -1 -1 -4  7  1 -3  0 -4 -3  1 -1 -4 -2 -1 -1 -3 -2 -3    0   0   0   0   0 100   0   0   0   0   0   0   0   0   0   0   0   0   0   0  1.12 inf
    5 L   -2 -3 -4 -4 -2 -3 -4 -4 -4  1  5 -3  2  0 -4 -3 -2 -2 -2  0    0   0   0   0   0   0   0   0   0   0 100   0   0   0   0   0   0   0   0   0  0.71 inf
    6 G    0 -3 -1 -2 -3 -3 -3  7 -3 -5 -5 -2 -3 -4 -3 -1 -2 -3 -4 -4    0   0   0   0   0   0   0 100   0   0   0   0   0   0   0   0   0   0   0   0  1.34 inf
    7 G    0 -3 -1 -2 -3 -3 -3  7 -3 -5 -5 -2 -4 -4 -3 -1 -2 -3 -4 -4    0   0   0   0   0   0   0 100   0   0   0   0   0   0   0   0   0   0   0   0  1.35 inf
    8 V    0 -3 -3 -4  1 -2 -3 -3 -3  2  1 -3  3 -1 -2 -2  0 -3 -2  4    4   0   0   0   3   0   0   0   0   3   5   0  12   0   2   0   2   0   0  70  0.39 inf
    9 F   -3 -3 -4 -4 -3 -4 -4 -4 -1 -1  0 -4 -1  7 -4 -3 -3  1  4 -2    0   0   0   0   0   0   0   0   0   0   0   0   0  87   0   0   0   0  13   0  1.12 inf
   10 V    0 -3 -4 -4 -1 -3 -3 -4 -4  3  0 -3  0 -1 -3 -2 -1 -4 -2  5    3   0   0   0   0   0   0   0   0   7   0   0   0   0   0   0   0   0   0  90  0.59 inf
   11 N   -2 -1  7  1 -4 -1 -1  0  0 -4 -4 -1 -3 -4 -3  0 -1 -5 -3 -4    0   0  96   0   0   0   0   3   0   0   0   0   0   0   0   1   0   0   0   0  1.11 inf
   12 G    0 -3 -1 -2 -3 -3 -3  7 -3 -5 -5 -2 -4 -4 -3 -1 -2 -3 -4 -4    0   0   0   0   0   0   0 100   0   0   0   0   0   0   0   0   0   0   0   0  1.35 inf
   13 R   -2  7 -1 -2 -4  0 -1 -3 -1 -4 -3  2 -2 -4 -3 -2 -2 -4 -3 -3    0 100   0   0   0   0   0   0   0   0   0   0   0   0   0   0   0   0   0   0  1.17 inf
   14 P   -2 -3 -3 -2 -4 -2 -2 -3 -3 -4 -4 -2 -3 -5  8 -2 -2 -5 -4 -3    0   0   0   0   0   0   0   0   0   0   0   0   0   0 100   0   0   0   0   0  2.35 inf
   15 L   -2 -3 -4 -4 -2 -3 -4 -4 -4  1  5 -3  2  0 -4 -3 -2 -2 -2  0    0   0   0   0   0   0   0   0   0   0 100   0   0   0   0   0   0   0   0   0  0.72 inf
   16 P   -2 -3 -3 -2 -4 -2 -2 -3 -3 -3 -4 -2 -3 -5  8 -2 -2 -5 -4 -3    0   0   0   0   0   0   0   0   0   2   0   0   0   0  98   0   0   0   0   0  2.28 inf
   17 D   -2 -2  2  6 -4  0  2 -2  0 -3 -4 -1 -3 -4 -2 -1 -1 -5 -3 -3    0   0  10  67   0   0  16   0   2   1   0   0   0   0   0   0   1   0   0   2  0.80 inf
   18 V    0 -1 -1 -2  0  1 -1 -1  2  0 -1 -1  0 -1  2  1  0 -2  1  1    4   0   0   0   2  10   0   2   9   2   1   0   1   1  11  20   5   0   8  22  0.13 inf
   19 V   -1 -3 -3 -3 -1 -2 -3 -3 -3  3  1 -2  1 -1 -3 -1  2 -3 -2  3    0   0   0   0   0   0   0   0   0  33   0   0   4   0   0   0  23   0   0  40  0.35 inf
   20 R   -2  7 -1 -2 -4  0 -1 -3 -1 -4 -3  2 -2 -4 -3 -2 -2 -4 -3 -3    0 100   0   0   0   0   0   0   0   0   0   0   0   0   0   0   0   0   0   0  1.17 inf
   21 Q    0  2  0 -1 -3  5  1 -2  3 -3 -2  1 -1 -3 -2  0  0 -3 -1 -3    5  15   1   0   0  59   0   0  12   0   2   0   0   0   0   3   3   0   0   0  0.55 inf
   22 R   -2  5 -1 -2 -4  2  0 -3 -1 -4 -3  4 -2 -4 -2 -1 -1 -3 -2 -3    0  57   0   0   0  11   0   0   0   0   0  31   0   0   0   0   1   0   0   0  0.72 inf
   23 I   -2 -4 -4 -4 -2 -4 -4 -5 -4  6  1 -4  1 -1 -4 -3 -1 -3 -2  2    0   0   0   0   0   0   0   0   0 100   0   0   0   0   0   0   0   0   0   0  0.77 inf
   24 V   -1 -3 -4 -4 -1 -3 -3 -4 -4  3  0 -3  0 -1 -3 -2 -1 -4 -2  5    0   0   0   0   0   0   0   0   0   7   0   0   0   0   0   0   0   0   0  93  0.63 inf
   25 E   -2 -1  0  3 -4  2  5 -3 -1 -4 -4  0 -3 -4 -2 -1 -1 -4 -3 -3    0   0   2  14   0   6  74   0   0   0   0   2   0   0   0   0   2   0   0   0  0.78 inf
   26 L   -2 -3 -4 -4 -2 -1 -3 -4 -3  1  5 -3  3  0 -3 -3 -2 -2 -1  0    0   0   0   0   0   2   0   0   0   0  86   0  10   1   0   0   0   0   0   0  0.59 inf
   27 A    5 -2 -2 -2 -1 -1 -1  0 -2 -2 -2 -1 -2 -3 -1  2  0 -3 -2 -1   89   0   0   0   0   0   0   0   0   0   0   0   0   0   0  11   0   0   0   0  0.61 inf
   28 H   -1  0  1 -1 -4  3  0 -2  8 -4 -3  0 -2 -2 -3 -1 -2 -3  0 -3    3   3   4   0   0  21   0   0  63   0   0   3   0   0   0   3   0   0   0   0  0.85 inf
   29 Q   -1  0  2 -1  2  4  1 -2  2 -2 -1  0  0 -3 -2  2  0 -3 -1 -2    2   1  11   0   5  39   5   0   7   1   5   0   2   0   0  21   0   0   2   0  0.30 inf
   30 G    0 -3  0 -2 -3 -2 -3  6 -3 -5 -5 -2 -3 -4 -3 -1 -2 -3 -4 -4    0   0   3   0   0   0   0  97   0   0   0   0   0   0   0   0   0   0   0   0  1.29 inf
   31 V    2 -2 -3 -3 -1 -2 -3 -3 -3  2  0 -2  0 -2 -2 -1  0 -3 -2  4   22   2   0   0   0   0   0   0   0  11   0   0   0   0   0   0   2   0   0  63  0.34 inf
   32 R   -2  7 -1 -2 -4  0 -1 -3 -1 -4 -3  2 -2 -4 -3 -2 -2 -4 -3 -3    0 100   0   0   0   0   0   0   0   0   0   0   0   0   0   0   0   0   0   0  1.17 inf
   33 P   -2 -3 -3 -2 -4 -2 -2 -3 -3 -4 -4 -2 -3 -5  8 -2 -2 -5 -4 -3    0   0   0   0   0   0   0   0   0   0   0   0   0   0 100   0   0   0   0   0  2.35 inf
   34 C   -1 -4 -3 -4 10 -4 -4 -3 -4 -2 -2 -4 -2 -3 -4 -1 -2 -3 -3 -2    0   0   0   0  96   0   0   0   0   0   0   0   0   0   0   4   0   0   0   0  1.87 inf
   35 D   -2 -2  1  7 -4 -1  2 -2 -2 -3 -4 -1 -3 -4 -2 -1 -2 -5 -4 -2    0   0   0  86   0   0  11   0   0   0   0   0   0   0   0   0   0   0   0   4  1.05 inf
   36 I   -2 -4 -4 -4 -2 -4 -4 -5 -4  6  1 -4  1 -1 -4 -3 -1 -3 -2  2    0   0   0   0   0   0   0   0   0 100   0   0   0   0   0   0   0   0   0   0  0.77 inf
   37 S    1 -1  0 -1 -2 -1 -1 -1 -2 -3 -3 -1 -2 -3 -1  5  1 -3 -2 -2    5   0   0   0   0   0   0   0   0   0   0   0   0   0   0  90   0   0   0   0  0.62 inf
   38 R   -2  7 -1 -2 -4  0 -1 -3 -1 -4 -3  2 -2 -4 -3 -2 -2 -4 -3 -3    0 100   0   0   0   0   0   0   0   0   0   0   0   0   0   0   0   0   0   0  1.17 inf
   39 Q   -1  1 -1 -1 -3  5  1 -3 -1  2 -1  0  0 -3 -2 -1  0 -3 -2 -1    0   8   0   0   0  60   2   0   0  22   1   0   1   0   0   0   6   0   0   0  0.45 inf
   40 L   -1 -3 -4 -4 -2 -3 -3 -4 -3  1  5 -3  2  0 -3 -3 -2 -2 -2  0    6   0   0   0   0   0   0   0   0   0  94   0   0   0   0   0   0   0   0   0  0.62 inf
   41 R   -2  5 -1 -2 -4  3  0 -3 -1 -2  0  2 -1 -3 -3 -1 -2 -3 -2 -2    0  58   0   0   0  24   0   0   0   0  13   5   0   0   0   0   0   0   0   0  0.58 inf
   42 V   -1 -3 -4 -4 -1 -3 -3 -4 -4  2  0 -3  2 -1 -3 -2 -1 -4 -2  5    0   0   0   0   0   0   0   0   0   0   0   0   6   0   0   0   0   0   0  94  0.62 inf
   43 S    1 -2  0 -1  2 -1 -1 -1 -2 -3 -3 -1 -2 -3 -2  5  1 -4 -2 -2    0   0   0   0   6   0   0   0   0   0   0   0   0   0   0  94   0   0   0   0  0.70 inf
   44 H   -2 -1  4 -1 -4  0 -1 -2  8 -4 -4  0 -2 -2 -3 -1 -2 -4  0 -4    0   0  24   0   0   0   0   0  70   0   0   6   0   0   0   0   0   0   0   0  1.03 inf
   45 G    0 -3 -1  0 -3 -2 -2  6 -3 -5 -5 -2 -3 -4 -3 -1 -2 -3 -4 -4    0   0   0   6   0   0   0  94   0   0   0   0   0   0   0   0   0   0   0   0  1.22 inf
   46 C   -1 -5 -4 -5 10 -4 -5 -4 -4 -2 -2 -4 -2 -3 -4 -2 -2 -3 -3 -2    0   0   0   0 100   0   0   0   0   0   0   0   0   0   0   0   0   0   0   0  2.02 inf
   47 V   -1 -3 -4 -4 -1 -3 -3 -4 -4  2  0 -3  0 -2 -3 -2 -1 -4 -2  5    0   0   0   0   0   0   0   0   0   0   0   0   0   0   0   0   0   0   0 100  0.68 inf
   48 S    1  0  0 -1 -2 -1 -1 -1 -2 -3 -3 -1 -2 -3 -2  5  1 -4 -2 -2    0   6   0   0   0   0   0   0   0   0   0   0   0   0   0  94   0   0   0   0  0.69 inf
   49 K   -1  2 -1 -1 -4  1  1 -2 -1 -4 -3  6 -2 -4 -2 -1 -1 -4 -3 -3    0   0   0   0   0   0   6   0   0   0   0  94   0   0   0   0   0   0   0   0  0.82 inf
   50 I   -2 -4 -4 -4 -2 -3 -4 -4 -4  6  1 -3  1 -1 -3 -1 -1 -3 -2  2    0   0   0   0   0   0   0   0   0  94   0   0   0   0   0   6   0   0   0   0  0.65 inf
   51 L   -2 -3 -4 -4 -2 -3 -4 -4 -4  1  5 -3  2  0 -4 -3 -2  3 -1  0    0   0   0   0   0   0   0   0   0   0  94   0   0   0   0   0   0   6   0   0  0.68 inf
   52 G    1 -2 -1 -2  4 -2 -2  4 -2 -3 -3 -2 -2 -3 -2  1  0 -3 -3 -2   14   1   0   0  15   0   0  51   0   0   0   0   0   0   0  14   3   0   0   3  0.55 inf
   53 R   -2  7 -1 -3 -4  0 -1 -3 -1 -4 -3  2 -2 -3 -3 -2 -2  3 -2 -3    0  94   0   0   0   0   0   0   0   0   0   0   0   0   0   0   0   6   0   0  1.08 inf
   54 Y   -3 -3 -3 -4 -3 -3 -3 -4  1 -2 -1 -3 -1  4 -4 -3 -3  1  8 -2    0   0   0   0   0   0   0   0   0   0   0   0   0  20   0   0   0   0  80   0  1.20 inf
   55 Y   -3 -2 -1 -3 -3  0 -2 -4  1 -2 -2 -2 -2  2 -4 -2 -2  1  8 -2    0   0   4   0   0   6   0   0   0   0   0   0   0   0   0   0   0   0  90   0  1.19 inf
   56 E   -2 -1 -1  1 -4  1  6 -3 -1 -4 -4  0 -3 -4 -2  0 -1 -4 -3 -3    0   0   0   0   0   0  98   0   0   0   0   0   0   0   0   2   0   0   0   0  1.04 inf
   57 T   -1 -2 -1 -2 -2 -1 -2 -2 -2 -1 -2 -1 -1 -3 -2  1  6 -3 -2 -1    0   0   0   0   0   0   0   0   0   0   0   0   0   0   0   3  97   0   0   0  0.82 inf
   58 G    0 -3 -1 -2 -3 -3 -3  7 -3 -5 -5 -2 -4 -4 -3 -1 -2 -3 -4 -4    0   0   0   0   0   0   0 100   0   0   0   0   0   0   0   0   0   0   0   0  1.35 inf
   59 S    1 -1  0 -1 -2 -1 -1 -1 -2 -3 -3 -1 -2 -3 -2  5  1 -4 -2 -2    0   0   0   0   0   0   0   0   0   0   0   0   0   0   0  97   3   0   0   0  0.74 inf
   60 I   -2 -4 -4 -4 -2 -3 -4 -4 -4  5  1 -3  1  0 -3 -3 -1 -3 -2  3    0   0   0   0   0   0   0   0   0  83   0   0   0   3   0   0   2   0   0  12  0.59 inf
   61 K   -1  5 -1 -2 -4  1  0 -3 -1 -3 -2  4 -2 -3 -2 -1 -1 -3 -2 -3    2  55   0   0   0   0   0   0   0   0   2  40   0   0   0   0   0   0   0   0  0.72 inf
   62 P   -1 -3 -3 -2 -4 -2 -2 -3 -3 -4 -4 -2 -3 -5  8 -1 -2 -5 -4 -3    3   0   0   0   0   0   0   0   0   0   0   0   0   0  97   0   0   0   0   0  2.22 inf
   63 G   -1  2 -1 -2 -3 -1 -2  6 -2 -4 -4  0 -3 -4 -3 -1 -2 -3 -3 -4    0  21   0   0   0   0   0  76   0   0   0   4   0   0   0   0   0   0   0   0  0.89 inf
   64 V    2 -2 -1 -3 -1 -2 -2 -2 -3  1  0 -2  0 -2 -2  0  0 -3 -2  3   31   0   3   0   0   0   0   0   0   3   2   0   0   0   0   5   4   0   0  52  0.26 inf
   65 I   -2 -4 -4 -4 -2 -4 -4 -5 -4  6  1 -4  1 -1 -4 -3 -1 -3 -2  2    0   0   0   0   0   0   0   0   0 100   0   0   0   0   0   0   0   0   0   0  0.77 inf
   66 G    0 -3 -1 -2 -3 -3 -3  7 -3 -5 -5 -2 -4 -4 -3 -1 -2 -3 -4 -4    0   0   0   0   0   0   0 100   0   0   0   0   0   0   0   0   0   0   0   0  1.35 inf
   67 G    0 -3 -1 -2 -3 -3 -3  7 -3 -5 -5 -2 -4 -4 -3 -1 -2 -3 -4 -4    0   0   0   0   0   0   0 100   0   0   0   0   0   0   0   0   0   0   0   0  1.35 inf
   68 S    1 -1  0 -1 -2 -1 -1 -1 -2 -3 -3 -1 -2 -3 -2  5  1 -4 -2 -2    0   0   0   0   0   0   0   0   0   0   0   0   0   0   0 100   0   0   0   0  0.77 inf
   69 K   -1  2 -1 -1 -4  1  0 -2 -1 -4 -3  6 -2 -4 -2 -1 -1 -4 -3 -3    0   0   0   0   0   0   0   0   0   0   0 100   0   0   0   0   0   0   0   0  0.89 inf
   70 P   -2 -3 -3 -2 -4 -2 -2 -3 -3 -4 -4 -2 -3 -5  8 -2 -2 -5 -4 -3    0   0   0   0   0   0   0   0   0   0   0   0   0   0 100   0   0   0   0   0  2.35 inf
   71 K   -2  4 -1 -2 -4  1  0 -2 -1 -4 -3  5 -2 -4 -2 -1 -1 -4 -2 -3    0  28   0   0   0   0   0   0   0   0   0  72   0   0   0   0   0   0   0   0  0.75 inf
   72 V   -1 -3 -4 -4 -1 -3 -3 -4 -4  2  0 -3  0 -2 -3 -2 -1 -4 -2  5    0   0   0   0   0   0   0   0   0   0   0   0   0   0   0   0   0   0   0 100  0.68 inf
   73 A    5 -2 -2 -2 -1 -1 -1  0 -2 -2 -2 -1 -2 -3 -1  1  0 -3 -2 -1   96   0   0   0   0   0   0   0   0   0   0   0   0   0   0   0   4   0   0   0  0.65 inf
   74 T   -1 -2 -1 -2 -2 -1 -2 -2 -3 -1 -2 -1 -1 -3 -2  1  6 -3 -2 -1    0   0   0   0   0   0   0   0   0   0   0   0   0   0   0   0 100   0   0   0  0.87 inf
   75 P   -1 -2  0 -2 -3 -1 -2 -1 -1 -3 -3 -1 -1 -4  7  0 -1 -4 -3 -3    1   1   5   0   0   1   0   4   1   0   0   0   2   0  76   7   1   0   0   0  1.52 inf
   76 K   -1  1  1  2 -3  1  1 -1  0 -3 -2  2 -1 -3  2  1  0 -3 -2 -2    1   7   4  12   0   2   8   2   3   0   6  29   1   0  10  13   2   0   0   0  0.25 inf
   77 V   -1 -3 -4 -4 -1 -3 -3 -4 -4  2  0 -3  0 -2 -3 -2 -1 -4 -2  5    0   0   0   0   0   0   0   0   0   0   0   0   0   0   0   0   0   0   0 100  0.68 inf
   78 V   -1 -3 -4 -4 -2 -3 -2 -4 -4  2  0 -3  0 -2 -3 -2 -1 -4 -2  5    0   0   0   0   0   0   4   0   0   2   0   0   0   0   0   0   0   0   0  95  0.59 inf
   79 E    0  0  2  2 -1  1  2  0 -1 -2 -2  1 -1 -3 -2  1  0 -3 -2 -2    7   0  14  12   2   8  21   8   0   1   2  11   1   0   0   8   3   0   0   1  0.23 inf
   80 K    1  2 -1 -1  0  1  0 -2 -1 -3 -3  5 -2 -4 -2  0 -1 -4 -2 -2   13   7   0   0   2   0   0   0   0   0   0  76   0   0   0   0   1   0   0   0  0.57 inf
   81 I   -2 -4 -4 -4 -2 -4 -4 -5 -4  6  1 -4  1 -1 -4 -3 -1 -3 -2  2    0   0   0   0   0   0   0   0   0 100   0   0   0   0   0   0   0   0   0   0  0.77 inf
   82 A    3 -1 -2 -1  3  0  1 -1 -2 -1  0 -1  0 -2 -2  1  0 -3 -2  0   51   2   0   1  10   2  12   1   0   0   8   0   2   0   0   5   3   0   0   4  0.22 inf
   83 E   -1  0  1  3 -3  2  4 -1  1 -3 -3  1 -2 -3 -2  0 -1 -3 -2 -3    4   3   3  18   0  12  39   3   4   1   1   7   0   0   0   3   0   0   0   0  0.42 inf
   84 Y   -3 -3 -3 -4 -3 -2 -3 -4  1 -2 -1 -3 -1  3 -4 -3 -2  1  8 -2    0   0   0   0   0   0   0   0   0   0   6   0   0   7   0   0   0   0  88   0  1.21 inf
   85 K   -1  2 -1 -1 -4  1  0 -2 -1 -4 -3  6 -2 -4 -2 -1 -1 -4 -3 -3    0   0   0   0   0   0   0   0   0   0   0 100   0   0   0   0   0   0   0   0  0.89 inf
   86 R   -1  5  0 -1 -4  2  1 -3  1 -2 -2  2 -1 -3 -2 -1 -1 -3 -2 -2    3  62   2   2   0  12   5   0   4   2   2   3   1   0   0   0   2   0   0   0  0.55 inf
   87 Q    0  0  0  2 -3  4  4 -2  1 -3 -3  1 -2 -4 -2  0 -1 -3 -2 -3    8   2   3  10   0  28  41   0   4   0   0   4   0   0   0   1   0   0   0   0  0.51 inf
   88 N   -2 -2  6  1  6  0 -1 -1 -1 -3 -4 -1 -3 -4 -3  0 -1 -4 -3 -3    0   0  72   2  22   2   0   0   0   0   0   0   0   0   0   2   0   0   0   0  0.84 inf
   89 P   -1 -3 -3 -2 -4 -2 -2 -3 -3 -4 -4 -2 -3 -5  8 -2 -2 -5 -4 -3    1   0   0   0   0   0   0   0   0   0   0   0   0   0  99   0   0   0   0   0  2.30 inf
   90 T    0 -2  0 -1  1 -1 -1  0 -2 -2 -2 -1 -2 -3 -2  3  4 -3 -2 -1    0   0   2   0   4   0   0   6   0   0   0   0   0   0   0  33  55   0   0   0  0.47 inf
   91 M   -2 -3 -3 -4 -2 -2 -3 -4 -3  4  1 -3  6 -1 -3 -3 -1 -3 -2  1    0   0   0   0   0   0   0   0   0  43   0   0  56   0   0   0   0   0   0   1  0.61 inf
   92 F   -3 -4 -4 -4 -3 -4 -4 -4 -2 -1  0 -4 -1  8 -5 -3 -3  0  3 -2    0   0   0   0   0   0   0   0   0   0   0   0   0 100   0   0   0   0   0   0  1.26 inf
   93 A    5 -2 -2 -2 -1 -1 -1  0 -2 -2 -2 -1 -2 -3 -1  1 -1 -3 -2 -1   95   0   0   0   0   0   0   0   0   0   0   0   0   0   0   5   0   0   0   0  0.65 inf
   94 W   -4 -4 -5 -6 -3 -3 -4 -4 -4 -4 -3 -4 -3  0 -5 -4 -4 12  1 -4    0   0   0   0   0   0   0   0   0   0   0   0   0   0   0   0   0 100   0   0  3.14 inf
   95 E   -2 -1 -1  1 -5  1  6 -3 -1 -4 -4  0 -3 -4 -2 -1 -2 -4 -3 -3    0   0   0   0   0   0 100   0   0   0   0   0   0   0   0   0   0   0   0   0  1.08 inf
   96 I   -2 -4 -4 -4 -2 -4 -4 -5 -4  6  1 -4  1 -1 -4 -3 -1 -3 -2  2    0   0   0   0   0   0   0   0   0 100   0   0   0   0   0   0   0   0   0   0  0.77 inf
   97 R   -2  7 -1 -2 -4  0 -1 -3 -1 -4 -3  2 -2 -4 -3 -2 -2 -4 -3 -3    0 100   0   0   0   0   0   0   0   0   0   0   0   0   0   0   0   0   0   0  1.17 inf
   98 D   -2 -2  1  7 -4  0  2 -2 -2 -4 -4 -1 -4 -4 -2 -1 -2 -5 -4 -4    0   0   4  87   0   2   7   0   0   0   0   0   0   0   0   0   0   0   0   0  1.10 inf
   99 R   -2  6  0 -2  0  1  0 -3 -1 -4 -3  3 -2 -4 -2 -1 -1 -3 -2 -3    0  71   2   0   3   2   0   0   0   0   0  21   0   0   0   2   0   0   0   0  0.77 inf
  100 L   -2 -3 -4 -4 -2 -3 -4 -4 -4  1  5 -3  2  0 -4 -3 -2 -2 -2  0    0   0   0   0   0   0   0   0   0   0 100   0   0   0   0   0   0   0   0   0  0.72 inf
  101 L   -2 -3 -4 -4 -2 -3 -4 -4 -4  2  5 -3  2  0 -4 -3 -2 -2 -2  1    0   0   0   0   0   0   0   0   0   8  89   0   0   0   0   0   0   0   0   3  0.62 inf
  102 A    2  0  1 -1 -2  2  1 -1 -1 -2 -2  1 -1 -3 -1  2  0 -3 -2 -1   34   2  11   0   0  12   7   1   0   0   3   7   0   0   0  19   3   0   0   1  0.23 inf
  103 E   -2 -1  0  4 -4  1  5 -3 -1 -4 -4  0 -3 -4 -2 -1 -1 -4 -3 -3    0   0   1  27   0   2  70   0   0   0   0   0   0   0   0   0   0   0   0   0  0.85 inf
  104 R    0  2  2 -1 -1  1  0  4  0 -4 -3  0 -2 -3 -2  0 -1 -3 -3 -3    4  15  13   0   1  11   3  44   2   0   0   4   0   0   0   3   1   0   0   0  0.42 inf
  105 V   -1 -3 -4 -4 -1 -3 -3 -4 -4  4  1 -3  1 -1 -3 -3 -1 -3 -2  4    0   0   0   0   0   0   0   0   0  42   0   0   0   0   0   0   0   0   0  58  0.54 inf
  106 C   -1 -5 -4 -5 10 -4 -5 -4 -4 -2 -2 -4 -2 -3 -4 -2 -2 -3 -3 -2    0   0   0   0 100   0   0   0   0   0   0   0   0   0   0   0   0   0   0   0  2.02 inf
  107 D   -1 -2  3  5 -3 -1  0  0 -1 -3 -3 -1 -3 -4 -2  1  1 -4 -3 -2    0   0  18  48   0   0   1   4   0   0   0   2   0   0   0  12  13   0   0   3  0.52 inf
  108 N    0  1  3  0 -3  3  1 -1  1 -3 -3  2 -2 -3  1  0  0 -3 -2 -2    4   7  23   2   0  20   5   2   3   0   0  14   0   0   7   6   3   0   0   4  0.28 inf
  109 D   -1 -1  1  5 -4  0  4 -1 -1 -3 -3  0 -3 -3 -2  0  0 -4 -1 -2    2   0   7  43   0   0  36   2   0   0   0   0   0   0   0   2   3   0   2   2  0.59 inf
  110 T   -1 -1  6  0 -3 -1 -1 -1 -1 -3 -3 -1 -2 -3 -2  1  3 -4 -3 -2    0   0  62   0   0   0   0   0   0   0   0   0   0   0   0   8  30   0   0   0  0.66 inf
  111 V   -1 -3 -3 -4 -1 -3 -3 -4 -4  4  1 -3  0 -1 -3 -2  0 -3 -2  4    2   0   0   0   0   0   0   0   0  30   0   0   0   0   0   0   3   0   0  65  0.49 inf
  112 P   -2 -3 -3 -2 -4 -2 -2 -3 -3 -4 -4 -2 -3 -5  8 -2 -2 -5 -4 -3    0   0   0   0   0   0   0   0   0   0   0   0   0   0 100   0   0   0   0   0  2.35 inf
  113 S    1 -1  0 -1 -2 -1 -1 -1 -2 -3 -3 -1 -2 -3 -2  5  1 -4 -2 -2    0   0   0   0   0   0   0   0   0   0   0   0   0   0   0 100   0   0   0   0  0.77 inf
  114 V   -1 -3 -4 -4 -1 -3 -3 -4 -4  2  0 -3  0 -1 -3 -2 -1 -4 -2  5    0   0   0   0   0   0   0   0   0   4   0   0   0   0   0   0   0   0   0  96  0.65 inf
  115 S    1 -1  0 -1 -2 -1 -1 -1 -2 -3 -3 -1 -2 -3 -2  5  1 -4 -2 -2    0   0   0   0   0   0   0   0   0   0   0   0   0   0   0  97   3   0   0   0  0.74 inf
  116 S    1 -1  0 -1 -2 -1 -1 -1 -2 -3 -3 -1 -2 -3 -2  5  1 -4 -2 -2    0   0   0   0   0   0   0   0   0   0   0   0   0   0   0 100   0   0   0   0  0.77 inf
  117 I   -2 -4 -4 -4 -2 -4 -4 -5 -4  6  1 -3  1 -1 -4 -3 -1 -3 -2  2    0   0   0   0   0   0   0   0   0  97   0   0   0   0   0   0   0   0   0   3  0.74 inf
  118 N   -2 -1  7  1 -3 -1  0 -1  0 -4 -4 -1 -3 -4 -3  1 -1 -5 -3 -4    0   0  91   0   0   0   3   0   0   0   0   0   0   0   0   6   0   0   0   0  1.03 inf
  119 R   -2  7 -1 -2  0  0 -1 -3 -1 -4 -3  2 -2 -4 -3 -1 -2 -4 -3 -3    0  97   0   0   3   0   0   0   0   0   0   0   0   0   0   0   0   0   0   0  1.10 inf
  120 I   -1 -3 -4 -4 -2 -3 -4 -4 -4  5  1 -3  1 -1 -1 -2 -1 -3 -2  3    0   0   0   0   0   0   0   0   0  69   0   0   1   0   3   1   0   0   0  25  0.52 inf
  121 I   -1 -3 -4 -4 -1 -3 -3 -4 -3  3  3 -3  2  0 -3 -2 -1 -3 -2  3    0   0   0   0   0   0   0   0   0  15  43   0   3   0   0   0   1   0   0  37  0.41 inf
  122 R   -2  7 -1 -2 -4  0 -1 -3 -1 -4 -3  2 -2 -4 -3 -2 -2 -4 -3 -3    0 100   0   0   0   0   0   0   0   0   0   0   0   0   0   0   0   0   0   0  1.18 inf
  123 T   -1 -1  6  1 -3 -1 -1 -1  0 -2 -3  0 -2 -3 -2  1  2 -4 -2 -2    3   0  66   1   0   0   0   0   2   3   0   2   0   0   0   7  16   0   0   0  0.62 inf
  124 K   -1  4 -1 -1 -4  1  0 -2 -1 -3 -3  5 -2 -4 -2 -1 -1 -3 -2 -3    0  37   0   0   0   0   0   0   0   0   0  63   0   0   0   0   0   0   0   0  0.69 inf

                      K         Lambda
Standard Ungapped    0.1386     0.3202
Standard Gapped      0.0520     0.2670
PSI Ungapped         0.1696     0.3150
PSI Gapped           0.0520     0.2670
