
Last position-specific scoring matrix computed, weighted observed percentages rounded down, information per position, and relative weight of gapless real matches to pseudocounts
           A  R  N  D  C  Q  E  G  H  I  L  K  M  F  P  S  T  W  Y  V   A   R   N   D   C   Q   E   G   H   I   L   K   M   F   P   S   T   W   Y   V
    1 K   -3  2 -2 -2 -5  4  2 -4 -2 -5 -4  5 -3 -5 -3 -2 -2 -5 -4 -4    0   8   0   0   0  24  15   0   0   0   0  53   0   0   0   0   0   0   0   0  1.01 inf
    2 K    0  2  2  0 -4  3  1 -2 -2 -4 -4  4 -3 -5 -2  0 -1 -5 -3 -4    9  11  12   4   0  14   6   2   0   0   0  33   0   0   1   6   3   0   0   0  0.52 inf
    3 I   -2  1  0 -4 -2 -2 -3 -2  1  3  1  0  4 -2 -4 -3 -2 -4 -1  3    2   8   6   0   0   1   0   3   4  18  13   6  15   0   0   0   0   0   2  21  0.34 inf
    4 S    0 -3 -1  0 -4 -1 -1 -1  0 -4 -4 -1 -4 -5  4  4  2 -5 -4 -1    5   1   3   4   0   2   3   4   2   0   1   3   0   0  20  35  14   0   0   4  0.59 inf
    5 Q    0  4 -1 -3 -5  3 -1 -3  0 -4 -3  4  1 -5  0 -1  1 -5 -2 -2    8  20   2   1   0  12   2   0   2   0   1  26   5   0   4   4  11   0   1   2  0.51 inf
    6 Y   -6 -6 -5 -7 -7 -6 -7 -5 -2 -5 -2 -6 -2  6 -7 -3 -6  6  8 -5    0   0   1   0   0   0   0   1   1   0   3   0   1  31   0   2   0   9  51   0  2.19 inf
    7 A    5 -4 -4 -5  1  0 -2 -3 -2 -1 -3 -2  0 -5 -4  2 -2 -6 -5  1   53   0   0   0   3   4   2   0   1   2   2   1   2   0   0  17   1   0   0  11  0.82 inf
    8 C   -3 -8 -8 -8 12 -8 -8 -7 -8 -4 -3 -8 -6 -7 -8 -6 -6 -7 -7 -2    2   0   0   0  92   0   0   0   0   1   2   0   0   0   0   0   0   0   0   2  3.94 inf
    9 Q    1 -1 -2 -1  1  6  0 -3  0 -5 -2  1  4 -2 -5 -3 -3 -5 -3 -4   10   2   2   3   3  45   5   1   2   0   3   7  13   2   0   1   1   0   0   0  0.95 inf
   10 R   -3  8 -1 -3 -7  2 -3 -6  0 -5 -5  0 -5 -7 -3 -3 -3 -7 -6 -5    2  73   2   1   0  10   0   0   2   1   1   4   0   0   1   1   1   0   0   0  1.84 inf
   11 R    1  3 -2 -2 -3 -2 -2 -1 -2 -4 -3  3 -4 -3  5  2 -1 -5 -4 -3   10  15   1   2   0   0   1   4   1   1   3  17   0   1  25  15   4   0   0   1  0.58 inf
   12 T    1 -4 -3 -4 -1 -4 -3 -2  1 -5 -5 -2 -3 -5 -1  4  6 -6 -5 -3   13   0   1   0   1   0   1   3   4   0   0   1   1   0   3  27  43   0   0   1  0.99 inf
   13 T   -1 -2 -1 -1 -5 -4 -3 -4 -4 -4 -4 -1 -5 -2  7  0  3 -6 -3 -3    4   2   3   4   0   0   1   1   0   1   1   4   0   2  47   7  21   0   1   2  1.19 inf
   14 L   -1 -1 -2 -2 -4  1 -2 -2 -1  0  4 -1  2 -2 -3 -1 -1 -4 -2  0    6   3   2   2   0   8   2   2   2   3  43   4   5   1   1   5   4   0   1   5  0.33 inf
   15 N   -2  0  3  2 -4  1  1 -2  3 -2 -3  2 -2 -3 -1 -1  1 -5 -2  0    1   3  18  11   0   8  10   2   8   2   1  12   1   1   3   2  11   0   1   7  0.34 inf
   16 N   -3 -3  6 -1  6 -3 -4  0  4 -6 -4 -3 -5 -6  3  0 -2 -7 -5 -5    1   1  38   2  15   0   1   8  10   0   1   1   0   0  13   7   2   0   0   1  1.10 inf
   17 Y   -3 -3 -4 -5  2 -1 -4 -5  5 -1  0 -1 -1 -3  6 -3 -3 -3  0 -1    1   1   0   0   4   2   1   1  16   3  10   4   2   1  44   1   1   0   3   5  1.14 inf
   18 N   -7 -3  9 -4 -8 -5 -6 -5 -3 -9 -9 -5 -7 -8 -7 -4 -3 -9 -7 -8    0   1  96   0   0   0   0   0   0   0   0   0   0   0   0   0   1   0   0   0  3.18 inf
   19 Q    1  0 -1  0 -2  4  3 -2  1 -4 -3  2 -3 -4 -2  0  0 -3 -2 -2   14   3   2   5   1  21  19   2   3   0   2  11   0   0   1   7   5   0   1   3  0.41 inf
   20 L    0  1  0  2 -3  0  1  0  3  0 -1  1 -1 -2  0  0 -1  0 -2 -1    8   9   5  12   0   3   9   6   8   6   7   9   1   1   4   6   1   2   0   3  0.11 inf
   21 F   -3 -6 -6 -6 -3 -6 -5 -7 -6  4  3 -6 -1  5 -6 -5  1 -4 -2  1    1   0   0   0   0   0   1   0   0  28  27   0   1  23   0   0  10   0   0   9  1.00 inf
   22 T    1 -5 -5 -5  2 -4 -5 -5 -6  5  0 -5 -1 -4 -4  0  4 -6 -4  2   12   0   0   0   4   0   0   0   0  34   7   0   1   0   1   6  24   0   0  11  0.81 inf
   23 D   -1 -1  1  5 -4  1  4 -2  0 -4 -5  0 -5 -4 -5  0 -3 -6 -4 -4    6   3   6  29   0   5  31   2   2   1   1   5   0   1   0   6   1   0   1   1  0.79 inf
   24 A    3 -1 -3 -3 -4  2  1 -3 -3  2 -1  1  2  0 -1 -2 -3 -4 -2  1   24   2   0   0   0  11  10   1   0  14   6   7   5   5   3   1   0   0   1   8  0.29 inf
   25 L   -6 -7 -8 -8 -6 -7 -7 -8 -7 -1  6 -7 -1  5 -8 -7 -4 -5 -4 -4    0   0   0   0   0   0   0   0   0   2  75   0   1  21   0   0   1   0   0   0  1.86 inf
   26 D   -2  0  1  2 -5  3  4 -1 -2 -2 -3  1 -1 -4 -4  0 -1 -6 -5 -2    2   4   5  11   0  13  30   4   1   2   2  10   2   1   0   7   4   0   0   3  0.50 inf
   27 I   -2  1 -1  0 -2  2  3 -3 -2  1 -1  3 -1 -4 -2 -1  0 -5 -4  0    2   7   1   4   1  10  19   2   0   9   5  18   2   0   2   3   6   0   0   9  0.28 inf
   28 L   -4 -6 -7 -5 -5 -4 -6 -7 -2  4  5 -6  6 -2 -6 -6 -5 -5 -2 -1    1   0   0   1   0   0   0   0   1  19  55   0  17   1   0   0   0   0   1   3  1.39 inf
   29 A    4  2 -3 -4  1  0 -1 -2  1 -1 -1  1  0 -3 -4  0 -2 -5 -2 -1   38  13   1   0   3   3   3   2   4   3   5  10   2   1   0   4   2   0   1   3  0.44 inf
   30 E   -2  1  2  3 -6  0  4 -4 -1 -4 -2  3 -3 -5 -4 -2  1 -6 -5 -4    3   6   9  17   0   3  28   1   1   1   4  17   0   0   0   2   7   0   0   0  0.64 inf
   31 N    1 -1  1 -1 -1 -2 -1 -4  0  2  0  0  0  1 -4 -1 -1  0  4 -2   13   3   9   2   1   1   4   0   2  14  11   5   2   6   0   4   3   1  17   1  0.23 inf
   32 D    0  5 -1 -3  1 -2  0 -6  1 -5 -2 -2 -2 -1 -6 -3 -5 -2  7 -5    9  27   3   1   3   1   6   0   3   0   5   1   1   1   0   1   0   0  36   0  1.09 inf
   33 E   -1  1  1  1 -5  0  4  0 -1 -3 -2  2 -3 -2 -4 -1  0 -3 -4 -3    4   6   5   7   0   4  34   6   1   1   4  12   0   2   0   2   7   0   0   1  0.46 inf
   34 L    0  1 -1 -4 -3 -1 -3 -3 -2  0  3 -2  0  3 -3 -2 -1 -3 -1  2   10   8   4   1   0   3   1   1   1   4  29   1   1  14   1   2   3   0   1  15  0.32 inf
   35 R   -2  2  1  0 -3  2  2 -2 -2 -1  0  2  0 -4 -2  0  2 -4 -2 -2    2  10   7   4   0   8  16   3   0   5   9  11   2   0   1   4  14   0   1   2  0.23 inf
   36 E   -2  0  1  1 -4  0  1  5 -1 -4 -2  1 -3 -5 -4 -1 -3 -5 -3 -4    2   5   7   7   0   4   9  42   1   1   5  11   0   0   0   3   1   0   1   1  0.64 inf
   37 N   -1 -4  4  6 -6 -1  2 -2 -2 -6 -3 -4 -2 -6 -5  0 -4 -7 -6 -3    4   1  18  48   0   2  12   3   1   0   3   0   1   0   0   6   0   0   0   2  1.18 inf
   38 E   -2  1 -1  1 -5  2  4 -3  2 -1 -4  2 -2 -3  0 -1  0 -5 -2 -3    3   6   3   7   0  10  26   2   6   4   0  14   1   1   5   4   7   0   1   2  0.41 inf
   39 G   -3  0 -3 -4 -5 -3 -5  2  3  2 -4 -5 -1  4 -3 -2 -4  8  3 -1    2   5   1   1   0   1   0  14   8  12   0   0   1  18   1   3   0  19   9   4  0.87 inf
   40 S   -3  6 -1 -5 -3 -2 -3  2 -3 -6 -6  3 -5 -3 -4  1 -4 -6 -3 -6    1  48   2   0   1   1   1  13   1   0   0  16   0   1   1  12   0   0   1   0  1.18 inf
   41 C    2 -2 -2 -4  3 -2 -1 -2 -3  1 -1 -3  0 -1 -2  1  1 -4  2  2   21   1   1   0   6   2   3   2   0   8   5   0   2   2   2  11   7   0   7  19  0.27 inf
   42 L   -3  5  1 -3 -5 -2 -4 -5 -1  0  3  1  2  0 -5 -2 -2 -3  0 -1    1  29   7   1   0   1   0   0   1   4  30   7   4   3   0   2   2   0   3   4  0.58 inf
   43 A    5 -3 -2 -3 -4 -1 -3  1 -3 -3 -4 -4 -3 -6 -4  3 -1 -6 -5 -3   48   1   2   1   0   3   2  10   0   1   1   0   1   0   0  25   4   0   0   1  0.93 inf
   44 F   -7 -7 -5 -8 -7 -6 -7 -8 -1 -2 -4 -7 -4  5 -8 -7 -6 -1  9 -5    0   0   1   0   0   0   0   0   1   2   1   0   0  18   0   0   0   0  74   1  2.82 inf
   45 M   -1  5 -1 -2  0  1 -2 -3  0 -4 -2  1  2 -5 -4  2 -1 -5  0 -2    5  33   3   2   2   5   2   1   2   0   3   8   6   0   0  18   3   0   3   3  0.57 inf
   46 R   -3  5  0 -3 -6 -1 -3 -5 -3 -3 -1  4 -2 -5 -4 -2  2 -6 -5 -3    1  33   5   1   0   2   1   0   0   2   7  29   1   0   1   3  12   0   0   2  0.89 inf
   47 A    6 -4 -5 -6 -1 -5 -5 -2 -6 -2 -5 -5 -2 -5 -5  1 -2 -6 -6 -2   75   1   0   0   1   0   0   3   0   3   1   0   1   0   0  11   2   0   0   2  1.54 inf
   48 S    3 -4 -5 -5 -2 -3 -3 -5 -5  6 -1 -1 -1 -4 -4 -1 -3 -6 -5  2   26   1   0   0   1   1   1   0   0  43   5   4   1   0   1   4   1   0   0  11  0.91 inf
   49 S    3  0  1 -2 -1  0  0  0 -2 -3 -4 -1 -2 -5 -2  4 -1 -5 -4 -4   29   5   6   2   1   5   4   6   1   1   1   2   1   0   2  30   3   0   0   0  0.55 inf
   50 V    3 -2 -3 -4 -2 -2 -4 -3 -4  0 -2 -2  0 -3 -4  2  2 -5 -3  3   27   2   1   0   1   1   0   1   0   4   3   2   2   1   0  17  12   0   1  25  0.53 inf
   51 L   -5 -6 -6 -6 -2 -5 -6 -6 -6  5  5 -6  0 -3 -6 -5 -4 -5 -5  1    0   0   0   0   1   0   0   0   0  32  55   0   1   0   0   0   0   0   0   7  1.40 inf
   52 K    2  3 -2 -2 -5  0  1 -4 -3 -2 -3  5 -3 -5 -4  0 -3 -5 -4 -4   16  17   1   1   0   3  10   1   0   2   2  37   1   0   0   6   1   0   0   1  0.76 inf
   53 S    4  2  1 -2 -1  0 -2 -2 -2 -4 -4  2 -2 -2 -3  3 -2 -5 -2 -3   31  10   8   1   1   3   2   2   1   0   1  12   1   2   1  20   1   0   2   1  0.49 inf
   54 L   -3 -3 -2 -5  3  2 -3 -6  3 -2  3 -4 -1  1 -5 -3 -2 -2  6 -2    1   1   2   0   6   8   1   0   6   1  32   1   1   5   0   1   2   0  26   3  0.81 inf
   55 P   -3 -2 -1  1 -6 -2 -3 -2  1 -6 -6 -1 -6 -7  7 -1 -1 -7 -6 -6    2   2   3   9   0   2   1   4   3   0   1   4   0   0  59   4   5   0   0   0  1.56 inf
   56 F   -2  0 -2 -2 -2 -1  0 -3  4 -3 -3  1 -3  4 -4  0  0  0  4 -1    2   5   2   3   1   2   6   2  10   0   1  10   0  20   0   6   7   1  17   5  0.49 inf
   57 P   -1  3 -2 -1 -5  0  1 -4 -3 -4 -3  4 -2 -5  5 -2  0 -6 -4 -2    5  13   2   3   0   3   9   1   0   1   3  23   1   0  25   1   5   0   0   4  0.65 inf
   58 I   -4 -4 -6 -6 -5 -6 -6 -5 -6  7  2 -6 -3 -2 -6 -6 -4 -6 -3  3    1   1   0   0   0   0   0   1   0  56  17   0   0   1   0   0   0   0   1  20  1.49 inf
   59 T   -1  2 -1 -2 -1  2  1 -4 -1 -1 -3  2 -2 -4 -2  0  4 -3 -2 -1    4  10   2   2   1  10   9   1   2   3   2  11   1   0   2   7  28   0   2   4  0.40 inf
   60 S   -1  1  1  0 -1 -3 -2 -3  1 -4 -5 -2 -5 -5 -2  5  3 -6 -5 -4    4   7   5   6   1   0   2   2   4   1   1   1   0   0   2  44  19   0   0   0  0.81 inf
   61 M    1  0 -2 -2 -3 -2 -1  2 -2  0  0 -1  2 -1  3 -1 -1 -1  1  1   10   4   1   1   0   0   5  15   1   5  10   3   6   2  15   3   2   1   6   9  0.17 inf
   62 K    1  0  0  2 -5  2  3 -2 -1 -3 -3  2 -4 -4 -3  1 -2 -5 -3 -3   10   5   4  10   0  11  24   2   1   1   2  13   0   0   1  12   2   0   1   1  0.44 inf
   63 D   -2 -2 -2  4 -7  5  5 -3 -4 -6 -5 -2 -4 -5 -5 -3 -5 -6 -6 -5    3   1   1  19   0  27  41   2   0   0   1   2   0   1   0   1   0   0   0   0  1.34 inf
   64 T    4 -3 -5 -5 -1 -4 -5 -4 -5  3  3 -4 -2 -3 -4 -3  0 -5 -4  3   32   2   0   0   1   0   0   1   0  15  24   0   0   1   1   1   5   0   0  20  0.70 inf
   65 E    0  2 -2 -1  1  2  2 -2  1 -1  0  2 -1 -2 -3  0 -1 -4 -2 -1    6  10   1   3   3  12  13   2   3   3  12  16   2   1   0   6   2   0   1   3  0.21 inf
   66 G    0  3  0  1 -3  1  0  2  1 -4 -4  3 -4 -5 -2  0 -1 -5 -4 -3    8  15   3   8   0   5   6  17   3   0   1  18   0   0   1   8   3   0   0   1  0.37 inf
   67 I   -3 -5 -6 -6 -5 -4 -6 -4 -6  4  5 -5  1  0 -6 -5 -4 -5 -3  0    2   0   0   0   0   1   0   2   0  21  61   1   3   3   0   0   1   0   0   4  1.24 inf
   68 P   -3  1 -1 -1 -6 -1 -4 -4  1 -3 -6  0 -4 -5  7 -2 -4 -2 -2 -5    2   6   3   3   0   2   1   1   3   2   0   6   0   1  63   3   1   1   2   1  1.64 inf
   69 C   -2 -5  1 -2  4 -3 -5  6  3 -6 -3 -2 -3  0 -5 -1 -2  1 -1 -5    3   0   7   2   7   1   0  51   7   0   2   2   1   5   0   4   3   2   2   0  0.98 inf
   70 L   -3 -6 -6 -5  6 -6 -6 -6 -6  5  1 -6  1  1 -4 -5 -3 -1 -4  3    1   0   0   1  16   0   0   0   0  35  13   0   3   6   1   0   1   1   0  21  1.10 inf
   71 G   -4 -4 -1  0 -6 -5 -1  7 -6 -7 -6 -2 -6 -4 -6 -2 -5 -6 -7 -5    1   1   3   5   0   0   5  77   0   0   1   2   0   1   0   2   0   0   0   1  1.81 inf
   72 D    0 -1  0  2 -4  0  3 -1 -1 -3 -4  3 -4 -4  1  1  1 -5 -4 -2    8   3   3  13   0   4  18   5   1   1   1  16   0   0   7   8   8   0   0   2  0.34 inf
   73 K   -1  3 -2 -3 -6 -1 -2  0  4 -6 -6  5 -5 -4 -5  2 -2 -6 -4 -4    4  17   1   1   0   2   1   8  11   0   0  37   0   1   0  14   2   0   0   1  0.90 inf
   74 V   -2 -4 -4 -6 -2 -5 -4 -5 -3  6  2 -5  4 -2 -5  0  1 -5 -4  1    3   1   1   0   1   0   1   1   1  40  17   0   9   1   0   8   8   0   0   9  0.83 inf
   75 K    5  0 -3 -5  0 -1 -3 -2 -1 -2 -2  1  0 -1 -4  0 -2 -5 -4 -2   51   5   1   0   2   2   1   2   1   2   4  10   2   2   0   7   2   0   0   2  0.70 inf
   76 S    0  2  1  2  0  1  2 -1  0 -3 -2  2 -2 -3 -3  0 -1 -5 -3 -2    8  11   8  10   2   5  16   3   2   1   4  15   1   1   0   8   3   0   0   2  0.28 inf
   77 I   -3  1 -5 -5 -6 -1 -3 -6  1  0  2  6  0 -5 -5 -4 -4 -1 -3  1    2   7   0   0   0   2   1   0   4   5  21  44   2   0   0   1   0   1   1   9  0.88 inf
   78 I   -4 -7 -7 -7 -2 -7 -7 -7 -7  7  0 -7 -1  2 -7 -6 -3  4  0  2    1   0   0   0   1   0   0   0   0  59   6   0   1   8   0   0   1   5   3  13  1.57 inf
   79 E   -1  0  1  2 -3  4  3 -2  1 -1 -3  1  0 -4 -3 -2 -2  0 -1  0    5   5   5  10   1  20  20   2   3   4   1   7   2   0   1   2   2   1   2   6  0.38 inf
   80 G   -5 -4 -2  0 -7  2  7 -4 -3 -3 -4 -4 -6 -3 -6 -4 -1 -1 -3 -3    0   1   2   5   0   8  71   1   0   2   2   0   0   1   0   1   3   1   1   2  1.65 inf
   81 I   -4 -4 -7 -7 -5 -4 -5 -7 -5  6  1 -6 -2  5 -7 -6 -5  6  3 -1    1   1   0   0   0   1   1   0   0  44  10   0   1  20   0   0   0   9   9   3  1.36 inf
   82 I   -1 -3 -3 -5 -2 -2 -4 -5 -1  2  4  0  0 -1 -5 -3 -2 -5  0  2    5   1   1   1   1   2   1   0   1  12  44   6   1   2   0   1   1   0   3  15  0.62 inf
   83 E    0  0  1  1 -2  1  4 -3  0 -3 -2  0 -3 -3 -4  1  0  0 -3 -3    9   4   7   8   1   7  29   2   2   1   5   6   0   1   0   9   7   1   0   1  0.37 inf
   84 D   -4 -2  0  1 -2 -1  0 -2  3 -5 -4 -2 -3 -3 -5  1  6 -6 -2 -4    1   2   4   7   1   2   6   4   6   0   1   2   1   1   0  10  50   0   1   1  0.96 inf
   85 G   -3 -3  1  0 -3 -4 -4  7 -2 -4 -5 -2 -6 -7 -4 -3 -3 -7 -7 -3    1   2   6   5   1   1   1  72   1   1   1   3   0   0   1   1   1   0   0   2  1.59 inf
   86 E   -2  3  0  0 -2  1  1 -1  3 -3 -3  3 -2 -2 -2  0  2 -5 -1  0    1  17   3   5   1   5   8   5   6   1   1  16   1   1   2   7  12   0   3   6  0.29 inf
   87 S   -3 -2 -5 -6  3 -5 -3 -3 -2  3  5 -3  0 -2 -5  0 -1 -5 -4  0    2   2   0   0   6   0   1   3   1  16  48   1   1   1   0   9   3   0   0   5  0.76 inf
   88 S    0  4 -2  0 -3  2  2 -1  0 -3 -3  1 -3 -3  1  1 -2 -5 -3 -2    6  21   1   6   0   8  12   4   2   2   2   9   0   1   8  11   2   0   1   3  0.32 inf
   89 E    0  4 -3 -2 -5  0  4  0  0 -5 -4  3 -4 -5 -2 -1 -3 -5 -2 -3    6  19   0   2   0   2  30   7   2   0   2  18   0   0   2   4   1   0   1   1  0.66 inf
   90 A    1 -5 -3 -6 -4 -5 -5 -4 -2  0  5 -4 -1 -1 -5 -2 -1 -5 -1  3   14   0   1   0   0   0   0   1   1   5  48   1   1   2   0   3   3   0   2  17  0.74 inf
   91 K   -1  0  1  3 -6  1  5 -5  0 -4 -3  1 -5 -4 -2 -2 -2 -6 -5 -4    4   4   6  15   0   6  41   0   2   1   4  10   0   1   2   2   3   0   0   1  0.78 inf
   92 A    0  1  2  2 -1  0  2 -2  3 -3 -3  1 -2 -1 -2  0 -1 -4  1 -1    7   7   9  13   1   4  15   2   7   1   1   8   1   3   1   5   4   0   6   5  0.22 inf
   93 V    1 -4 -4 -3 -2 -1 -2 -4 -2  3  2 -2  0  1 -3  0  0  0  1  1   12   0   0   1   1   2   2   0   1  20  22   3   2   5   1   6   6   1   5   9  0.29 inf
   94 L   -1  3  1  0  0  1  3 -2 -1 -3 -1  2 -1 -2 -3 -1 -1 -4 -2 -2    5  15   6   5   2   6  19   2   1   1   8  15   1   2   0   3   3   0   2   3  0.28 inf
   95 N    1  1  3  0 -1  1  0  0  1 -3 -2  1 -1 -4 -3  1  1 -2 -2 -2   14   6  14   5   1   7   5   6   3   0   4   8   2   0   0   9  11   1   1   2  0.21 inf
   96 D   -2 -2  1  5 -5 -1  1 -1 -2 -5 -2 -1 -5 -6 -1  2  0 -6 -5 -3    2   2   6  35   0   2  10   4   1   0   5   4   0   0   3  18   7   0   0   1  0.67 inf
   97 E   -2 -1 -3  2 -6 -1  5 -4 -2 -3 -4 -1 -5 -4  5 -1 -2 -6 -3 -1    3   3   1   9   0   1  37   1   1   2   2   4   0   1  24   4   3   0   1   4  0.87 inf
   98 R    0  3 -1  1 -4  1  1 -2  0 -2 -1  2  0 -2  1  0  0  0 -2 -2    7  19   2   9   0   6   7   2   2   2   5  12   2   2   6   6   6   1   1   3  0.21 inf
   99 Y   -1 -1  0  2 -3 -1  0 -2  0  1  1 -2  1  1 -2 -1 -1 -1  3  1    5   3   4  12   0   2   5   2   2   7  13   1   3   5   2   4   2   1  13  13  0.15 inf
  100 K    0  3 -1  1 -2  3  1 -2 -1 -1 -3  3 -1 -3  0  0 -1 -4 -2 -1    6  14   2   8   1  14   7   2   1   3   2  17   1   1   4   7   3   0   1   5  0.28 inf
  101 S    3 -3 -2 -4  1 -2 -3 -3 -2  1 -2 -1 -3 -2 -3  1  2 -5 -3  3   24   1   2   0   2   1   1   1   1   9   3   3   0   1   1  12  14   0   1  22  0.43 inf
  102 F   -3 -3 -6 -6  0 -3 -4 -6 -5  4  4 -3  4  0 -6 -4 -2 -5 -3  0    1   2   0   0   2   1   1   0   0  23  42   1  12   4   0   1   3   0   1   5  0.91 inf
  103 K   -1  2  2  0 -5  3  1 -3  1 -3 -3  3 -2 -4 -4  0 -1 -5 -3 -3    5  11  11   5   0  14   9   2   3   1   3  21   1   1   0   8   3   0   1   2  0.42 inf
  104 L   -1 -1  0  0  0  0  1 -2  0  0  2 -1  1  0 -3 -1  0 -3  1  1    4   3   4   5   2   4   9   3   2   5  26   3   3   4   1   3   6   0   5   8  0.10 inf
  105 F   -7  1 -7 -7 -7 -7 -7 -7 -7  1  1 -7  4  7 -7 -7 -7 -6  2  0    1   7   0   0   0   0   1   1   0   8  14   0   8  44   0   1   0   0   7   7  1.63 inf
  106 T   -1  2 -1  2  1 -1 -1 -2  1 -2  0 -1  1 -1 -1  0  2  2  0 -2    6   9   3  11   3   3   3   3   3   3  10   3   4   3   3   7  13   3   3   3  0.15 inf
  107 S   -1  2  3  0 -4  2  1  2 -1 -4 -3  1 -3 -4  0  1 -1 -4 -3 -3    5  10  14   4   0  10   9  17   1   0   1   9   0   0   5  10   2   0   0   1  0.31 inf
  108 V   -1 -4 -5 -5  3 -4 -5 -5 -5  6  0 -4  0 -2 -4 -4 -2 -4 -3  4    5   0   0   0   7   0   1   1   0  42   5   0   1   2   0   1   2   0   0  32  0.98 inf
  109 F   -4 -4 -4 -4 -4 -1 -2 -3  4 -2 -2 -4 -1  3 -1 -2 -2  8  6 -2    1   1   0   1   0   2   2   2  11   2   3   1   2  11   4   3   3  24  26   2  1.20 inf
  110 G    0 -4 -1 -1 -5 -2 -3  7 -1 -5 -5 -4 -5 -5 -4 -2 -2  1 -2 -5    6   0   2   4   0   1   2  73   1   0   1   0   0   0   0   2   2   2   1   1  1.45 inf
  111 V    1 -4 -4 -5  1 -4 -4 -4 -5  3  0 -4 -2  0 -4 -2 -2 -4 -3  5   11   0   0   0   3   0   1   1   0  19   5   0   0   4   0   2   2   0   0  50  0.85 inf
  112 G   -1 -5 -1 -4  2 -4 -4  7 -4 -5 -5 -4 -5 -5 -4 -3 -4 -5 -5 -5    5   0   3   0   4   0   1  81   0   0   1   1   0   0   0   1   1   0   0   1  1.80 inf
  113 L    0  0  0  0 -3  0 -1 -1  1 -1  0 -1  0  0  3  0  0 -3  0  0   10   5   3   4   0   3   4   3   5   4   8   3   3   3  18   6   6   0   4   6  0.16 inf
  114 K    1  1  1 -1 -3  1  0 -1  1  0 -3  2 -2  0  0  0  1 -3  0  0   11   6   6   3   0   5   4   4   4   5   0  14   0   5   4   8   8   0   3   8  0.10 inf
  115 T    0  1 -2 -4 -2  0 -4 -2 -3 -1 -2  1 -1 -4 -4 -1  6 -6 -3 -3    9   6   1   0   1   5   0   2   1   4   3  10   2   1   0   2  51   0   1   1  0.88 inf
  116 A    7 -5 -6 -6 -5 -5 -4 -3 -6 -3 -4 -4 -5 -6 -5 -1 -3 -6 -6 -2   85   0   0   0   0   0   1   1   0   1   2   1   0   0   0   4   1   0   0   2  1.88 inf
  117 E   -1  5  0  0 -5  2  1 -2  0 -3 -2  3 -4 -3 -4 -1 -3 -2 -2 -3    4  30   4   5   0   9   9   2   2   2   3  18   0   1   0   4   1   1   2   1  0.55 inf
  118 K   -2  3  0  1 -5  2  2 -4  1 -4 -2  4  1 -5 -4 -1 -1 -5 -3 -3    3  17   3   6   0   7  14   1   3   1   5  28   4   0   0   3   3   0   0   1  0.56 inf
  119 W   -2 -6 -7 -7 -6 -6 -7 -5 -3 -3  4 -6 -4  4 -7 -6 -6 10  0 -4    3   0   0   0   0   0   0   1   1   1  33   0   0  17   0   0   0  39   3   1  2.02 inf
  120 F   -4 -4 -1 -5 -3 -4 -4 -7  1  1 -3 -6 -1  3 -7 -4 -4  1  8  2    1   1   3   1   0   1   1   0   2   9   2   0   1  10   0   1   1   1  49  14  1.44 inf
  121 R    1  2  2  3 -2  2  2 -3  1 -4 -2  0 -2 -3 -4 -1 -2 -3 -2 -4   14  14   9  17   1  11  12   1   3   0   5   4   1   1   0   4   2   0   1   1  0.38 inf
  122 M    0  2 -1 -1 -5  3  2 -3  1 -4  1  2  2 -3 -4 -1 -2 -3 -2 -3    9  13   3   3   0  13  15   1   3   0  13  13   7   1   0   3   1   0   1   1  0.35 inf
  123 G   -4 -3  1 -4 -6 -2 -4  7  2 -7 -7 -2 -6 -6 -6 -3 -5 -6 -6 -6    0   1   6   1   0   2   1  78   5   0   0   2   0   0   0   1   0   0   0   0  1.89 inf
  124 F   -1 -4 -5 -6  4 -5 -5 -5  1  3  2 -5  0  4 -5 -4 -4  5  3  1    5   1   0   0   9   0   0   0   4  20  18   0   2  17   0   0   0   7   9   7  0.77 inf
  125 R   -4  7 -2 -4 -3 -1  0 -6  0 -6 -5  3 -2 -3 -5 -1  0 -2 -3 -5    1  54   2   1   1   2   6   0   3   0   1  15   1   1   0   4   7   1   1   1  1.28 inf
  126 T   -3 -3 -1  0  0 -4 -3 -3 -5 -5 -6 -3 -5 -6 -5  4  6 -6 -6 -5    1   1   3   6   2   0   1   2   0   0   0   1   0   0   0  30  52   0   0   0  1.40 inf
  127 L   -3 -4 -6 -7 -5 -6 -6 -7 -6  2  5 -4  0  3 -4 -6 -5 -5 -4  1    1   1   0   0   0   0   0   0   0  12  60   1   1  12   1   0   0   0   0   9  1.21 inf
  128 S    0 -2 -1  5  1  0  5 -3 -2 -6 -5 -1 -5 -6 -3  0 -1 -6 -3 -4    7   2   2  29   3   4  34   2   1   0   1   3   0   0   1   7   3   0   1   1  0.87 inf
  129 K   -4 -3 -2  7 -7  1  2 -3 -1 -5 -7  0 -3 -7 -6 -3 -4  0 -6 -4    1   1   1  65   0   5  10   2   1   1   0   5   1   0   0   2   1   2   0   1  1.63 inf
  130 I   -1 -6 -6 -3  0 -5 -6 -6 -6  3  5 -6  0 -2 -6 -5 -4 -5 -5  3    5   0   0   2   2   0   0   0   0  15  53   0   2   1   0   0   0   0   0  18  1.11 inf
  131 Q   -1  4 -2 -1  1  1  2 -3 -1  0 -1  3 -2 -3 -4 -2 -2 -2 -3  0    5  26   1   3   3   6  11   1   1   5   7  16   1   1   0   2   1   1   1   8  0.40 inf
  132 S    1  3  1 -1 -4  1  2 -3  0 -3 -3  3 -2 -4 -1  0  0 -5 -4 -2   12  14   6   2   0   6  15   2   2   2   2  17   1   0   3   7   6   0   0   3  0.33 inf
  133 D    0  1  1  1 -4  1  1  0  3 -3 -2  2 -2 -1 -2  0 -2 -3  3 -3    8   7   8   9   0   6   7   6   7   2   3  13   1   2   2   5   1   0  12   1  0.24 inf
  134 K    2  1 -2  0 -2  2  0  2  1 -3 -3  2 -2  0  1 -1 -2 -3  1 -3   16   6   1   6   1   8   6  14   3   1   1  14   1   4   6   3   1   0   5   1  0.22 inf
  135 S   -2 -1  0  1 -2  0  0  1  1 -3 -3  1 -3 -4  2  2  0  5 -2 -2    2   2   4   9   1   3   7   9   4   1   2   7   0   0  12  18   6   8   1   2  0.33 inf
  136 L   -1  1  1  0 -2  0  0 -2  0  1  0  0  1  0  0  0  0  1 -1  0    4   8   7   4   0   5   6   2   2   9  12   5   4   5   4   5   6   2   2   8  0.02 inf
  137 R   -1  2  0  0 -3  0  1 -1  1 -1 -2  3  0 -2 -1  0  0 -3 -1 -1    5  11   3   4   0   4  11   5   4   3   4  20   2   2   3   7   5   0   2   3  0.18 inf
  138 F   -3  0 -1 -3 -4 -3 -2 -3 -2 -1  4 -2  0  3  0 -2  0  1  0 -1    0   6   3   1   0   0   3   2   1   2  43   3   1  11   6   3   6   2   2   3  0.41 inf
  139 T    0 -1  2  0 -3  0  0 -2  1  1 -2 -1  0 -4  0  2  3 -4 -1 -2    6   3   9   5   0   3   5   3   4   8   3   2   3   0   4  14  24   0   2   2  0.24 inf
  140 Q    0  2  0 -1 -4  2  1 -2  2 -3 -2  0 -1 -3  2  0  0  3  0 -3    6  15   4   3   0   9  11   2   5   1   4   6   1   0   9   8   5   5   3   1  0.24 inf
  141 M    0  1  2  0 -2  1  0  0  1 -1 -1  0  1 -1 -1  1  0  1 -2  0    9   8  10   5   1   9   3   7   5   3   4   3   5   3   3   9   4   2   0   6  0.07 inf
  142 Q   -2 -2 -4 -2 -5  6 -1 -3  0  2 -1 -1  1 -4  0 -2 -1  4 -1  0    3   1   0   2   0  40   4   2   2  12   4   3   3   0   4   2   3   6   2   6  0.73 inf
  143 K   -1  2 -1 -1 -4  2  2 -3  0 -1  0  2  0 -3  0 -1 -1  1 -1 -1    4  12   2   2   0  11  15   0   2   3  10  16   3   0   5   4   3   2   2   4  0.23 inf
  144 A    0 -2 -1 -1  0 -1  1 -3  1  3  0  0  1  0 -1  0  0  1  0  1    6   0   2   3   2   3  10   0   4  24   6   5   3   4   2   8   4   2   3   8  0.13 inf
  145 G    0  1  1 -2  2  1  0  0 -1  0  0  0 -1 -1 -2  0 -1  4  1  0    7   7   7   0   7   7   7   7   0   7   7   7   0   0   0   7   0   7   7   7  0.10 inf
  146 F   -2 -4 -4 -5 -1 -4 -5 -3 -2  2  4 -3  0  2 -3 -4 -2  1 -2  2    2   0   1   0   1   0   0   2   1  13  48   2   2   7   1   0   2   2   1  13  0.69 inf
  147 L    0  2 -1 -1 -2  2  2 -2 -1 -3  0  4  0 -3 -2 -1 -2 -4 -3 -2    7   9   3   3   1   8  16   2   1   0   9  28   3   1   1   5   1   0   1   2  0.36 inf
  148 Y   -3 -1 -2 -3 -2 -4 -3 -5  7  0  0 -2 -2  2 -5 -3 -2 -3  7 -4    2   3   2   1   1   0   1   0  23   6   9   3   1   9   0   1   3   0  34   0  1.10 inf
  149 Y   -2  0 -2 -5 -2 -4 -2 -5  4 -1  0 -2  0  3 -5 -4 -2  2  7 -2    4   5   2   0   1   0   3   1   9   4   7   2   2  10   0   0   2   2  42   3  1.02 inf
  150 E   -2  1  0  3 -2  0  4  0  1 -4 -3 -1 -1 -1 -1 -1 -1 -4 -1 -3    3   8   4  18   1   4  30   7   3   0   3   3   2   3   2   3   3   0   2   2  0.43 inf
  151 D   -4 -3 -1  7 -6  0  3 -2  0 -2 -4 -1 -5 -6 -4 -3 -2 -6 -5 -4    1   1   2  56   0   4  16   3   2   2   2   4   0   0   0   2   3   0   0   2  1.27 inf
  152 L   -2 -2 -5 -5 -4 -4 -5 -5 -1  3  3 -1  2  4 -5 -2 -3  3 -2  1    3   2   0   0   0   0   0   0   1  14  34   4   4  21   0   2   0   5   0   8  0.70 inf
  153 V   -1  0  2 -1  2  2  1  0 -1 -2  1  0  0 -3 -3  1 -1  0 -1 -1    3   3  11   2   4   9  11   6   1   1  15   6   2   0   0  15   2   1   2   5  0.14 inf
  154 S   -1  1  0 -1 -1  3  2 -1  0 -2 -2  2 -2 -4 -3  1  2 -4 -3 -2    2   8   3   3   1  14  16   4   2   3   4  12   1   0   0  11  13   0   0   2  0.30 inf
  155 C   -2  5 -1 -3  2 -1 -2 -1 -2 -4 -1  2 -1 -3  3 -2  0 -5 -3 -4    2  36   3   1   4   2   1   5   1   0   7  10   2   1  16   2   6   0   1   0  0.66 inf
  156 V   -3 -5 -5 -3  0 -2 -5 -6 -5  6 -1 -3  4 -4 -5 -5 -2 -5 -2  4    1   0   0   2   2   2   0   0   0  45   4   1  11   0   0   0   2   0   1  25  1.12 inf
  157 N   -2  0  0 -3 -2  0 -2 -2 -2 -4 -1 -2 -2 -5  6  1  2 -2 -2 -4    3   4   4   1   1   4   2   3   1   1   7   2   1   0  41  11  12   1   1   0  0.83 inf
  158 R   -5  7 -4 -5 -6 -2 -2 -3  0 -1  0  2 -1 -1 -1 -4 -3  0 -5 -5    0  59   0   0   0   1   2   2   2   4   9   9   2   2   4   0   2   1   0   0  1.25 inf
  159 P    2 -1 -1  1 -2  0  2  0  2 -2 -3  1 -2 -4  2  1 -1  0 -4 -3   20   2   2   9   1   3  15   6   5   2   1   8   1   0  12   9   2   1   0   1  0.31 inf
  160 E   -4 -3 -5  1 -7  1  7 -2 -3 -7 -5 -3 -4 -4 -6 -5 -2 -7 -2 -5    1   1   0   7   0   5  72   3   1   0   2   1   0   1   0   0   3   0   1   1  1.74 inf
  161 A    3 -3 -5 -5  3 -5 -5 -2 -5  1 -2 -5  3 -5 -1 -1 -2 -6 -5  4   28   2   0   0   6   0   0   3   0   9   3   0   6   0   4   5   3   0   0  31  0.74 inf
  162 E    0  1 -1  1 -5  1  4 -3 -2 -2 -1  0 -1 -2 -2  0  0 -5 -2 -1    7   6   2   7   0   5  33   2   1   3   7   6   1   1   2   6   5   0   1   4  0.38 inf
  163 A    3  1 -1 -1 -2  3  3 -3  1 -3 -2  0 -2 -2  0  0 -2 -1 -3 -2   22   7   3   3   1  14  16   1   4   1   4   5   1   2   4   6   2   1   1   2  0.33 inf
  164 V   -3 -3 -2 -6 -5 -3 -5 -4  4  5  3 -5  3  0 -1 -5 -2  1 -2  1    2   1   2   0   0   1   0   2  10  32  22   0   8   4   3   0   2   2   1   7  0.81 inf
  165 S    2  0 -1 -2 -1  2  2  1  0 -2 -1 -1 -2 -1 -4  1 -1 -4  0 -2   18   5   3   2   1   9  15  12   2   2   6   2   1   3   0   9   4   0   3   3  0.20 inf
  166 M    0  0  1  2 -2  2  2 -2  0 -3 -2  2  0  0 -2 -1 -1 -4 -3 -1    9   5   6  14   1  11  13   2   2   1   4  12   2   4   2   4   4   0   0   4  0.23 inf
  167 L   -1 -2 -2 -2  0  0 -1 -3  1  3  1 -2  1  1 -2 -2  0 -1 -1  2    6   2   1   2   2   4   5   1   4  19  16   2   3   7   2   1   7   1   2  12  0.21 inf
  168 V   -1 -5 -5 -5  2  0 -5 -5 -5  3  0 -4  2  0  0 -1  0 -4  1  4    6   0   0   0   4   4   0   0   0  18   8   0   5   4   4   4   5   0   6  30  0.55 inf
  169 K   -1  1  1 -1  0  0  0  0  0  0  0  1  1  0 -2  0 -1  2  0 -1    4   6   7   3   3   5   5   6   3   5  12  12   4   5   1   8   3   3   3   4  0.04 inf
  170 E    0  1  0  1 -3  1  1  0  0 -2 -1  2  0 -1  1  0 -1 -3 -2 -1   10   8   4  10   0   5  11   6   3   2   6  12   2   2   6   5   3   0   0   4  0.12 inf
  171 A    3  0 -2 -3  0  1  2 -2  4  0 -2 -2 -2 -3 -1 -1  0 -5  0  1   24   5   1   1   2   6  12   2   9   6   4   2   1   1   3   4   5   0   3   9  0.28 inf
  172 V    3 -3 -5 -6  2 -1 -5 -2 -5  1  2 -5  2 -1 -5 -3 -2 -5 -5  4   26   2   0   0   4   3   0   3   0   7  19   0   4   2   0   2   3   0   0  25  0.63 inf
  173 V   -1  3  1  0 -1  1  1 -1  3 -2 -1  2 -2 -2 -1 -1 -2  0 -1 -2    6  14   6   5   1   7   8   4   6   3   7  13   1   1   3   5   2   2   2   3  0.18 inf
  174 T    2  1  0  0  1  1  1 -2 -1 -2 -2  3  0 -3 -3  0  0 -1 -2 -2   15   7   5   5   3   6   9   2   1   2   3  19   2   1   1   7   7   1   1   3  0.24 inf
  175 F   -1 -1 -2 -6 -1 -3 -3 -4 -2  4  2 -5  0  2 -5 -2 -3 -5  0  3    5   3   2   0   1   1   2   1   1  22  19   0   2   9   0   3   2   0   4  23  0.59 inf
  176 L   -2  0  1  5  1 -1  0 -3 -1 -1  2 -2 -2 -4 -1  0 -3 -5 -2 -3    4   5   7  32   3   3   5   2   1   3  20   2   1   1   3   6   1   0   1   1  0.47 inf
  177 P   -2 -3 -1 -1 -3 -2  0 -2 -3 -6 -5  0 -6 -6  7  1 -1 -6 -6 -6    3   1   3   4   1   1   6   4   1   0   2   6   0   0  52  12   3   0   0   0  1.30 inf
  178 D   -1  1  1  3  1 -1  1  4  0 -3 -4  1 -2 -5 -3 -1 -3 -5 -5 -1    5   7   6  15   3   2   9  28   2   2   1   9   1   0   1   3   1   0   0   4  0.42 inf
  179 A    2 -3  0 -3  3 -2 -3 -1 -2  0  1 -3  0  2 -4 -3 -2 -1  4  1   15   1   4   2   6   2   1   4   1   5  15   2   3   8   1   1   2   1  16  11  0.33 inf
  180 L   -2  0 -2 -1 -3  3  3 -3  0  2  0 -1 -1  1 -4 -1  1  1 -1  0    2   5   2   3   0  13  18   1   2  14   7   4   1   6   0   3   8   2   2   6  0.25 inf
  181 V    1 -4 -4 -5  4 -3 -4 -2  0  3  1 -4  2 -1 -3 -1 -1 -1 -1  4   11   0   0   0   8   1   1   3   2  14  10   0   5   2   1   5   2   1   2  29  0.51 inf
  182 T   -1 -2 -3 -2  0  0  2 -4 -1  2 -1 -3  0 -3 -2 -1  4 -2 -1  2    3   2   1   2   2   4  14   1   1  11   6   1   2   1   2   4  26   1   2  14  0.36 inf
  183 M    1 -5 -5 -5  2 -4 -3 -5 -5  5  1 -4  1 -2 -1 -3 -2 -5 -1  3   10   0   0   0   3   0   2   1   0  34  14   1   3   1   4   1   2   0   2  19  0.73 inf
  184 T    0 -2 -1 -2  4 -1 -2  0 -2  0  0 -2  2  1 -2  0  1 -2 -1  2   10   1   3   1  13   3   1   6   0   3   5   1  11   7   1   3  12   0   1  19  0.13 inf
  185 G   -1  0 -2 -2 -3 -2 -2  5 -3 -3  0  0 -2 -3 -3 -2 -2 -3 -3 -3    1   6   0   1   0   0   1  63   0   1  15   8   0   0   1   1   1   0   0   1  0.77 inf
  186 G   -1  0  1  0 -2 -1  0  3  2 -3 -3 -1 -3 -3 -2  3  1 -3 -2 -3    1   4   6   4   0   0   3  27   7   0   1   1   0   0   0  36   8   0   0   1  0.42 inf
  187 F   -2 -3 -3 -4  2 -3 -3 -2  2 -1 -1 -3 -2  4 -4 -3 -2  2  6  0    3   0   0   0   6   0   1   3   6   3   4   0   0  22   0   1   0   3  40   7  0.73 inf
  188 R    0  6  0 -2  0  1 -1 -3 -2 -2 -2  1 -2 -3 -3 -1 -1 -3 -3 -1    8  60   4   0   3   6   1   1   0   2   4   2   0   0   0   2   2   0   0   4  0.70 inf
  189 R    0  3  0 -1 -2  0  0 -1 -1 -1 -1  2  2 -2 -1  1  0 -2 -1 -1    2  21   1   1   0   1   1   1   0   1   2  21  20   1   1  21   1   0   1   1  0.16 inf
  190 G    0  1  1 -2  3  1  0  0 -2 -2  0  1  1  1 -2  0 -1  4 -1 -2    8   8   7   0   7   7   8   8   0   0   8   8   7   7   0   8   0   7   0   0  0.13 inf
  191 K    1  0 -1 -1  1 -1  1 -1  0 -3 -1  4 -2 -3  0 -1 -1  1 -1 -2   12   3   1   2   4   1   7   5   2   1   7  39   0   1   4   2   2   2   1   2  0.33 inf
  192 M    0  1 -1  1 -3  0  3  0  0 -2 -1  1 -2 -4  2  1 -1 -4 -3 -2   10   6   1   7   0   2  23   7   2   2   5   7   1   0   9  13   2   0   0   1  0.24 inf
  193 T    0 -1 -1  1 -3  0  1  1 -1 -1 -2 -1  0 -1  1  1  2 -3 -1 -2    9   2   1   9   0   4   9  10   1   3   2   2   3   3   8  11  19   0   2   1  0.17 inf
  194 G    0  0  0 -3  4 -2 -3  2  1 -1 -2 -2 -3 -3 -2  3 -1  2 -3 -2    7   6   5   0  12   1   0  18   4   4   2   0   0   0   1  31   3   3   0   3  0.40 inf
  195 H    0 -2  0 -3  2 -2 -1  5  5 -4 -1 -2 -3 -2 -3  0 -3 -4 -1 -3    7   1   4   0   4   0   3  43  14   0   9   1   0   1   0   8   0   0   1   0  0.63 inf
  196 D   -2  0 -2  7 -5 -3 -1  1 -3 -4 -2 -3 -4 -5 -1 -2 -2 -5 -4 -4    3   5   0  59   0   0   2  12   0   0   5   0   0   0   3   1   2   0   0   0  1.00 inf
  197 V    0  0 -3 -4 -1 -3 -3 -2 -4  4  1 -3  1 -2 -3 -3 -1  2 -2  3    6   5   0   0   1   0   1   3   0  26  10   1   3   0   0   1   3   3   0  29  0.37 inf
  198 D   -3  0 -2  7 -5 -3  0  0 -3 -2 -5 -3 -4 -5 -3  0 -3 -5 -4 -4    1   5   0  63   0   0   3   7   0   3   1   1   0   0   0   8   1   0   0   1  1.15 inf
  199 F   -1 -3 -1 -3  1 -2 -3 -3  0  3  1 -3  1  2  0 -1 -1 -2 -1  2    5   1   4   1   4   0   1   1   3  18  13   1   5  11   4   5   1   0   0  17  0.16 inf
  200 L   -1 -1 -3 -2 -3 -3 -3 -2 -3  2  4 -3  1 -1  0 -3 -2 -3 -2  2    5   4   0   2   0   0   1   3   0  14  41   1   2   1   5   1   1   0   0  13  0.33 inf
  201 I    0 -3 -3 -3 -2 -1 -3 -3 -3  4  1 -2  0  1 -3 -1 -1  3 -1  2   10   1   0   1   0   4   1   1   0  28  14   2   1   6   1   3   1   4   2  16  0.26 inf
  202 T    0 -2 -2 -2  0 -1 -1  1 -1  0 -1 -2 -1  0 -3  1  4  1 -1 -1    8   1   0   0   2   2   3   9   1   8   4   1   1   4   0  12  30   2   2   2  0.19 inf
  203 S    0  1 -1  0  0 -2 -2 -2  7 -4 -3  1 -2 -3  2  0 -2 -4 -1 -2    6   6   2   5   2   1   1   3  35   0   2   7   1   1   9   7   2   0   1   3  0.63 inf
  204 P   -1  2 -3 -1 -3 -2  0 -1  0 -5 -4  0 -5 -4  6 -2 -3 -5 -5 -4    5   9   1   3   1   1   7   4   3   1   1   6   0   1  45   3   2   0   0   1  0.97 inf
  205 E   -2 -1  1  5 -3  0  1  1  1 -4 -2 -1 -4 -2 -2  0 -1  1 -3 -3    2   3   6  31   0   3  10  12   4   1   4   2   0   2   2   5   3   2   1   2  0.41 inf
  206 A    1 -2 -1 -1  2  0 -1  2 -2 -1 -2 -1  0  1  0  1  1  0  1 -1   11   2   1   4   5   5   3  17   1   2   3   2   2   6   4   9   9   1   4   4  0.07 inf
  207 T   -1  1  1  2 -2  0  0 -1  1 -2 -2  0  0 -2  0  1  2 -2 -2 -2    4   9   6  11   0   3   5   4   3   2   4   4   2   1   4  11  18   1   1   2  0.12 inf
  208 E    0  0 -1  1  1  0  3  0 -1 -2 -2  0 -2 -3 -1  2 -1 -3 -3 -2    7   6   2   9   3   4  20   6   1   2   5   5   1   1   3  15   4   0   1   2  0.17 inf
  209 D    0  0  1  2 -2  0  2  1  1 -2 -3  1 -1 -3 -1  0  0 -3 -2 -1    6   5   6  11   1   3  13  12   5   2   2   7   2   1   2   7   6   0   1   4  0.11 inf
  210 E    1  0  0  0 -2  1  1 -1 -1 -1 -1  1 -1 -3 -2  1  1 -3 -1  0   12   3   4   6   0   5   9   3   1   3   4  11   1   1   1  13   9   0   2   5  0.08 inf
  211 E   -2 -2 -2  0 -3 -1  3 -1  4  0 -1  0 -1 -1  0 -1  2 -4 -1 -1    2   1   1   6   0   2  19   5  10   6   6   7   1   2   5   4  14   0   2   3  0.17 inf
  212 Q    0  2 -1  0  0  1  0 -1  1 -2 -1  2  0 -2  0  0  0 -3 -2 -1    6  15   2   5   2   7   6   3   3   2   6  15   3   2   4   7   4   0   1   3  0.10 inf
  213 Q   -1  1  1  0 -4  1  0  3 -1 -3 -3  0 -2 -2  0 -1 -1 -1 -3 -1    5   6   7   4   0   8   5  27   2   1   2   7   1   2   5   4   4   1   1   4  0.22 inf
  214 L   -2 -4 -4 -4 -4 -2 -3 -4 -3  3  3 -3  1  3 -1 -3 -2  2 -2  2    4   0   0   1   0   2   1   1   0  14  34   2   3  11   3   2   2   3   1  11  0.44 inf
  215 L   -2 -4 -4 -4  1 -3 -4 -2 -1  1  4 -4  3  1 -4 -3 -3  1 -3  1    3   0   1   1   3   1   1   4   2   6  43   1   7   6   0   2   1   2   1  10  0.54 inf
  216 H    0  1  0  0 -3  1  1  0  4 -2 -2  1  0 -2  1  0  0 -1 -1 -2    6   7   4   4   0   5   9   6  11   2   3   9   3   2   8   6   5   1   2   2  0.12 inf
  217 K    0  3  0  1  1  0  1 -3  1 -3 -2  2 -2 -3  0  0  0 -4 -3 -1    7  18   3   8   3   4   7   1   3   1   4  16   0   1   5   5   5   0   0   5  0.20 inf
  218 V   -2 -3 -4 -5 -2 -4 -2 -2  1  1  3 -4 -1  0 -3 -2 -1  0 -2  3    2   1   1   0   1   0   3   3   3   8  33   1   1   4   1   2   3   1   1  24  0.43 inf
  219 T   -2 -3 -3 -2  0 -4 -2 -3 -4  2  2 -2  1 -3 -4 -1  0 -2 -1  4    3   1   1   2   2   0   2   1   0   9  19   2   4   1   1   4   5   1   2  34  0.42 inf
  220 D   -1  0  1  3  0  0  1 -1  1 -2 -2  1 -3 -3  1 -1 -1 -2 -2 -2    5   6   8  16   2   4  11   5   4   3   5  10   0   1   6   4   2   1   1   3  0.14 inf
  221 F   -1  2  0  0  1  1  0 -2  1 -1 -1  1 -2 -2  0  1 -1  3  0 -1    5  14   3   5   3   6   6   2   3   3   7   7   0   1   4  12   2   4   2   4  0.08 inf
  222 W   -4 -1 -2 -4 -3 -4 -3 -3 -5 -1  5 -2  1 -2 -2 -2 -4  5 -2 -2    1   3   2   1   1   0   2   2   0   2  56   3   3   1   2   3   1   8   1   2  0.84 inf
  223 K   -3  2 -2 -1 -3  1  3 -3  2 -2 -1  2 -2  0 -1 -1  0 -4  1 -2    1  11   1   3   0   7  20   2   4   2   7  13   0   5   2   3   5   0   5   2  0.23 inf
  224 Q    0  2 -1  1 -4  2  2 -2 -1 -2 -3  3 -2 -3  1  0 -2 -4 -4 -1    6  10   3   9   0   9  12   3   1   2   2  17   1   1   7   6   2   0   0   4  0.22 inf
  225 Q    0  0  0  0  2  0  0 -1  1  0 -1  0  1  0  0  0  0 -2  1  0    5   5   5   5   5   5   5   5   5   5   5   5   5   5   5   5   5   0   5   5  -0.00 inf
  226 G   -1  0  1  0  1  0 -1  3  2 -4 -2  1  0  1 -1 -1 -3 -4  0 -2    3   5   7   4   3   3   4  25   5   0   4   8   3   6   3   5   0   0   4   3  0.18 inf
  227 L   -1 -1 -1 -1  0 -2 -1 -3  2  0  1 -1 -1  5 -1 -2 -2  2  1 -1    4   3   2   4   2   2   5   2   4   5  13   3   2  22   3   3   2   3   4   4  0.23 inf
  228 L   -2 -1 -2 -2  0 -1 -1 -2 -4  3  2 -2  0  0 -1 -1 -2 -4 -1  2    2   3   2   2   2   2   4   3   0  20  21   3   2   4   4   4   2   0   2  11  0.22 inf
  229 L   -1  0 -1 -2 -1  0 -1 -3  0 -1  2  0  0  1 -1 -1  3 -3 -1  0    5   6   2   2   1   4   3   2   2   3  21   6   2   6   3   4  18   0   1   8  0.14 inf
  230 Y    0 -1  0 -1  2 -1  1 -2  5  0 -1 -1 -3  0 -1 -1 -2 -3  3 -1    8   3   5   3   5   2   9   3  15   6   7   4   0   3   3   5   2   0  13   5  0.26 inf
  231 C    0  0 -2  1  1 -1 -1 -2  1  0 -2 -2 -1 -1  0  1  3 -4 -1  0    9   6   1   8   3   2   4   3   3   6   3   2   1   3   4  10  23   0   2   8  0.20 inf
  232 D   -2 -1 -1  3 -4  0  0 -1  1 -1  2  0  0 -1 -2  0 -1 -5 -4 -1    3   3   2  20   0   3   6   6   3   2  24   4   3   2   2   9   3   0   0   3  0.25 inf
  233 I    1  0 -1 -1 -2  1 -2 -2  2  2  1 -2  0 -1 -3 -1  2 -1 -1  1   11   5   3   3   1   8   2   2   6  11  12   1   2   3   1   5  14   1   2  10  0.14 inf
  234 L   -1 -2 -3 -5  0  2 -3 -4  1  2  4 -1  1  0 -3 -1 -2  0 -2  0    6   2   1   0   2   9   1   1   3  10  37   3   4   4   1   4   3   1   1   6  0.41 inf
  235 E    0  0  0 -2 -2 -1  1 -1  3 -4 -3  0 -2 -4  1  3  2 -5 -3 -1    8   4   4   2   1   2   9   6   6   1   2   4   1   1   8  25  12   0   1   4  0.32 inf
  236 S    0  0  1 -1  0  0 -1 -1  2 -2  0  1 -1 -2  0  3  0 -4 -2 -2    6   6   6   3   2   4   3   5   4   2  11   9   1   1   5  22   6   0   1   2  0.17 inf
  237 T   -1  1  1 -1 -2  0 -2  2  4 -1 -2 -1 -2 -1  0  0  2 -4 -1 -1    5   7   8   3   1   4   2  14   9   4   4   4   1   3   5   6  15   0   2   4  0.18 inf
  238 F    0 -1  0  0  0 -1  1 -2  2  0  0 -1  0  2 -1  1  0 -1  0 -1    8   3   4   6   2   1   9   3   5   5  11   2   2  12   3  11   5   1   3   3  0.07 inf
  239 E    0  1 -1  2 -3  0  3 -1  3 -3 -3  0 -2 -3 -3  1  2 -4 -3 -2    6   7   2  11   1   4  21   4   6   2   2   5   1   1   1   9  13   0   1   4  0.33 inf
  240 K   -1  2  1  1 -4 -1  1  0  2 -3 -2  4 -2 -4  0  0 -1 -4 -3 -3    4  11   6   8   0   3  10   7   4   1   4  23   1   0   5   7   3   0   1   2  0.32 inf
  241 F    0  0 -1  0 -2 -2 -1  2  0 -2  1 -2  0  3  0  0 -1  0  0 -2    6   6   2   5   1   1   4  17   3   1  16   2   3  14   4   6   3   1   3   2  0.15 inf
  242 K    0  2  0  0 -2  2  0 -1  0 -1  0  1  3  0 -2 -1  1 -3 -2 -2    7  10   3   6   1  10   5   5   2   3   8   8  10   4   2   5   8   0   1   2  0.12 inf
  243 Q    0  1 -2  0 -3  3 -1  2  1 -1  0  0 -1 -2 -2 -1  0 -1 -2 -1    6   9   1   5   1  15   4  15   4   3  12   6   1   1   1   5   6   1   1   4  0.17 inf
  244 P   -1  0 -1  0  0  1 -2 -1  0 -2 -2 -1 -2 -2  4  2  0 -4 -1  1    5   5   3   4   2   6   3   6   2   2   3   4   1   1  19  14   7   0   2  10  0.25 inf
  245 S    0  0  0  0  4 -3 -2  0  4 -2 -3 -1 -3 -2 -1  2  1 -1  0 -2    6   5   5   5   9   1   3   8  10   2   2   4   0   2   3  17   9   1   4   3  0.28 inf
  246 R   -2  2  0  0 -1  1 -2  1  4 -1  0  0  0 -2 -1  0  1  0 -2  0    3  14   4   6   1   6   2  10  10   4   9   4   3   1   2   6   8   1   1   6  0.13 inf
  247 L   -1 -2 -2  0 -3 -1 -2 -1 -1 -1  2 -1  4  3 -1 -2 -1  4 -1  0    4   2   2   5   0   2   2   4   1   3  22   4  12  15   3   3   4   5   2   5  0.33 inf
  248 D   -2 -1  0  6  0  0  0 -1 -2 -2 -4 -1 -3 -4  0  0  0  0 -2 -4    3   3   4  39   2   4   5   4   1   2   2   4   1   1   6   8   6   2   2   1  0.65 inf
  249 H    1  1  0  1  0 -1 -2  0  4 -2 -2  0 -2 -3 -2  1  1 -1  2 -2   13   7   4   9   2   3   2   8  11   2   4   5   1   1   2   9   9   1   6   2  0.20 inf
  250 F   -2 -2 -2 -2 -3 -3 -1  1 -1 -1  2 -3  0  5 -2 -2  0  3 -1 -2    3   2   2   3   1   1   4  10   1   3  21   2   2  24   3   3   6   4   2   1  0.41 inf
  251 Q   -2 -1 -1  2 -2  2  4  1  1 -3 -3  1 -1 -4 -1  0  0 -4 -4 -3    4   3   2  12   1  10  23   9   3   2   3   8   2   1   3   7   5   0   0   2  0.36 inf
  252 K   -3  2 -3 -2 -1 -2 -2  0 -3 -3 -1  6 -1 -3 -2 -1 -1 -5 -5 -3    2  11   1   2   1   1   2   8   1   1   7  47   1   1   2   4   3   0   0   2  0.87 inf
  253 C    2 -3 -3 -2  7 -4 -2  0 -4 -3 -2 -2 -3  2 -2  1 -2  5  3 -2   18   1   1   2  19   1   3   7   0   2   3   3   1   7   2   9   3   8   8   3  0.64 inf
  254 F   -2 -2 -4 -2  2 -1 -2 -3  3 -2  2 -2  4  4 -2 -1 -2 -3  3 -1    3   2   1   2   4   2   3   2   7   2  20   2  10  20   2   5   2   0   8   4  0.51 inf
  255 L   -2 -2 -2 -3  4 -4 -3  3  0 -1  1 -3  2 -2 -1  0  0 -4 -4  2    3   2   1   1   9   1   2  26   2   2  12   2   4   1   4   6   5   0   0  17  0.40 inf
  256 I   -1 -4 -3 -3  0 -4 -3  1 -2  4  0 -4  0  0  0 -2 -2 -2 -2  3    6   1   1   1   2   1   2  12   1  24   8   1   2   4   6   3   2   0   1  23  0.44 inf
  257 L   -1 -2 -3  0  5 -3 -2 -1 -2  0  1 -2 -2  4 -1  0 -2  5 -1  0    5   2   1   6  11   1   3   5   1   4  15   3   0  16   4   6   2   8   1   7  0.37 inf
  258 K    0  4 -1 -3  3  3 -1 -2  1 -2 -3  3 -2 -4 -1 -1  0 -2 -2 -1    7  22   2   1   6  12   4   3   3   2   2  16   1   1   3   4   5   1   1   5  0.42 inf
  259 L   -2  0 -2  0 -3 -2 -2 -2 -1  1  4 -1 -1 -1 -2 -1 -1  0 -2 -1    3   4   2   6   0   2   3   3   1   6  46   3   1   3   2   4   4   1   2   3  0.46 inf
  260 D   -1 -1 -1  1 -2 -1  0 -2  1 -3 -3 -1 -4 -4  6  0 -2  0 -1 -3    4   3   3   8   1   2   6   4   3   2   3   4   0   1  39   8   3   1   2   2  0.75 inf
  261 H    0  0  0  1 -1  1  1  0  4 -1 -2  1 -1 -3  1  0  0 -3 -1 -2    6   4   4   7   1   8   8   7  10   4   5  10   1   1   6   8   5   0   2   3  0.14 inf
  262 G    0  0  0  0 -2  0  0  1 -1 -1 -2  0 -2 -1  2  2  0  2 -1 -2    9   4   5   5   1   4   6  10   1   4   4   6   1   3   9  15   5   3   2   3  0.11 inf
  263 R    0  2  0  0 -1  0  0 -1  0 -1 -1  1 -1 -1  2  0  0  2 -1 -1   10  10   4   6   1   3   6   5   2   3   5  11   2   2   9   7   5   4   2   4  0.10 inf
  264 V    0 -1 -1  0  0  0  0  0 -1  1  0 -1  0  0  0  0  1  1  0  1    8   4   2   5   2   3   5   8   2   7   9   3   2   3   3   8   8   2   3  13  0.02 inf
  265 H    0  0  0  1 -2  0  0  1  2 -1 -1  0 -1  0  0  0  0 -2  0  0    9   4   3  10   1   3   7  10   6   2   7   8   2   4   4   5   5   0   4   6  0.05 inf
  266 S    0  1  0 -1 -1 -1  0  1  0 -2 -1  0  0 -2  1  1  0  2 -1 -1    8   8   5   3   1   2   8  13   2   2   6   4   3   2   8  12   5   3   2   4  0.09 inf
  267 E    0  0  0  1 -1  0  1  0 -1 -1  0  0 -1 -1  1  1  0 -2 -1 -1    8   6   4   8   1   4   9   8   1   4  10   4   1   2   7  12   5   0   1   5  0.06 inf
  268 K   -1  1  1  1 -1  0  1  0  0 -2 -1  2 -1 -1  0  0  0 -2 -1 -1    5   7   6   9   1   4   8   8   2   2   6  12   1   3   5   8   7   0   1   5  0.08 inf
  269 S    1  1  1  0 -1  0  0  0  0 -2 -1  0 -2 -2  1  1  0 -1  0 -1   10   7   6   6   2   4   7   9   2   2   7   4   1   1   7  12   6   1   4   4  0.08 inf
  270 E    0 -1  0  2 -2 -1  2 -1 -1 -3 -1  1  1 -2  3  1 -1 -3 -1 -2    6   2   5  11   1   2  12   4   1   1   5  11   3   2  15  10   3   0   2   2  0.25 inf
  271 G    0  0  0  0  2 -1  0  3 -1 -2 -3  0 -2 -2  1  1 -1  0  0 -2    8   5   5   6   4   3   5  22   1   2   2   5   1   2   7  11   3   1   3   3  0.19 inf
  272 K   -1  2  2 -1 -1 -1  1 -1 -1 -4 -3  3 -2 -4  4 -1  0 -4 -2 -1    6  10   8   3   1   3   8   5   2   1   2  17   1   1  18   3   5   0   1   4  0.37 inf
  273 G    0  0  0  1 -3  0  1  2  0 -2 -2  0 -2 -3  2  0  1 -2 -3 -2    7   5   5   7   0   4  11  15   2   2   3   6   1   1  12   7   8   1   1   3  0.20 inf
  274 W    0  1  2 -3 -3 -1 -2  0  0 -3 -2 -1 -2 -1  0 -1 -2  8  2 -1    7   9  12   1   1   2   3   9   3   1   4   3   1   2   5   5   2  17   7   5  0.50 inf
  275 K    1  2  0 -2 -1  0 -1 -1  0 -1 -1  2  0 -2  2 -1  0  4 -1 -1   11  14   5   1   2   2   2   3   3   4   4  14   3   1  12   4   4   6   2   3  0.20 inf
  276 A    1  0 -1 -1  1 -1  1 -2  4 -2 -1 -1 -1  0  1  0 -1  3  1 -1   17   4   1   2   3   1  10   2  13   1   7   2   1   3   6   8   3   4   6   3  0.14 inf
  277 I   -2  6 -2 -1 -1 -1 -2 -2 -2 -1 -2  0 -2 -2  1 -2 -2 -3 -1  0    2  51   1   4   2   1   1   2   0   4   4   2   0   2   7   2   1   0   3   9  0.62 inf
  278 R    0  6 -1  1 -4  1 -1  0 -2 -4 -4 -1 -3 -4 -3  0 -3 -4 -3 -4    8  58   2   7   0   5   3   7   0   1   1   1   0   0   1   5   1   0   0   1  0.92 inf
  279 V   -1 -3 -3 -3  0 -3 -3  0  2  3  2 -3  2 -1 -3 -2  1 -3 -2  3    2   0   0   0   2   0   1   7   8  21  17   0   8   2   0   1  10   0   0  21  0.32 inf
  280 D    1 -4  0  7 -4 -3 -1  1 -3 -4 -5 -3 -4 -5 -3 -2 -1 -5 -4 -2   11   0   3  64   0   0   1  11   0   0   1   0   0   0   0   1   3   0   0   3  1.20 inf
  281 L   -1 -4 -4 -4 -3 -3 -4 -4  2  3  4 -4  1  3 -4 -3 -3 -3 -2  1    6   0   0   0   0   0   0   0   7  19  44   0   2  12   0   0   0   0   0   6  0.59 inf
  282 V   -2  3 -1 -3 -3 -1  0 -4  3  1  0  0  0  2  1 -2 -2  0  0  1    0  20   3   0   0   2   5   0  11   8  11   6   1  10   6   0   1   1   1  12  0.22 inf
  283 M   -1 -3 -3 -3  1 -2 -1 -3  2  1  2 -2  1  1  2 -1  0 -3  0  3    3   0   0   0   3   1   5   1   7   7  18   1   4   6   9   3   4   0   2  24  0.23 inf
  284 C    2 -3 -3 -4  4 -1 -3 -4 -3  1 -2 -3 -1 -1 -2  0  1  0  3  3   17   1   1   0  10   3   0   0   0  10   2   0   1   2   2   6   9   1  11  23  0.39 inf
  285 P   -2 -2 -4 -1 -6 -3 -2 -5  0 -5 -4 -1 -3 -3  8 -1 -1 -6 -5 -3    3   2   1   4   0   1   3   0   2   0   1   4   1   1  67   4   4   0   0   2  1.71 inf
  286 Y    0  0 -2 -2  1 -2 -1 -2  1 -1 -1  0 -2  0  2 -1 -2  7  3 -2    8   5   2   2   3   1   5   2   4   5   6   5   0   3  12   3   2  19  12   2  0.48 inf
  287 D    0  2  0  3 -3  0  3 -3  1 -4 -3  1 -3 -4 -3  2 -1 -5 -3 -3    7  11   2  18   0   3  18   1   3   1   2   9   0   0   1  20   3   0   1   1  0.42 inf
  288 R   -2  2 -2 -2  0  4  4 -3 -1 -2 -3 -1 -2 -1 -3  2  1 -4 -2 -1    1   9   1   1   2  20  25   1   1   3   1   2   0   3   0  15   8   0   1   4  0.46 inf
  289 R   -2  2 -4 -5 -4 -3 -3 -5 -1  0  0 -1  0  4 -5 -1 -3  3  6  0    2  12   0   0   0   0   2   0   1   6   9   4   2  18   0   4   1   4  27   8  0.62 inf
  290 A    2 -4 -1 -1 -3 -4 -4  4 -1 -5 -4 -4 -4 -2  4 -2 -2  3  2 -4   18   0   2   3   1   0   0  35   2   0   1   0   0   1  22   1   2   3   8   1  0.81 inf
  291 F    3 -4 -4 -5  6 -4 -4 -3 -4 -3 -1 -4 -3  5 -3  0  0 -3  1 -3   24   0   0   0  20   0   0   2   0   0   4   0   0  28   1   7   7   0   5   0  0.90 inf
  292 A    6 -4 -4 -4 -1 -4 -3  1 -3 -4 -4 -4 -2  0 -1 -1 -1 -5 -2 -3   69   0   0   0   1   0   1  10   1   0   0   0   1   4   3   3   3   0   1   0  1.12 inf
  293 L   -1 -1 -3 -5 -3 -2 -4 -5 -4  2  4 -3  2 -2 -4 -1 -1 -4 -3  3    4   3   1   0   0   1   0   0   0  10  46   1   4   1   0   4   3   0   0  20  0.63 inf
  294 L   -3 -4 -1 -5  1 -1 -4 -5 -2  3  5 -4  0  0 -4 -4 -2 -4 -3  1    1   0   3   0   3   4   0   1   1  16  55   0   2   3   0   1   1   0   0   8  0.78 inf
  295 G    0 -4 -3 -4 -4 -2 -4  4  3 -4 -2 -1 -1 -2 -4 -2 -2 -2  7 -4    9   0   0   0   0   2   0  29   6   0   4   3   1   0   0   2   2   0  38   0  1.00 inf
  296 W   -4 -3 -2 -5 -2 -4 -5 -4 -1 -4 -3 -3 -2  7 -5 -4 -1 10  2 -4    1   1   2   0   1   0   1   1   1   0   2   2   1  40   0   1   5  36   5   1  1.93 inf
  297 T   -2  0 -3 -4 -4 -3 -3 -4 -4 -2 -3 -1 -3 -5 -2  2  7 -5 -4 -3    2   5   0   0   0   0   0   1   0   2   2   3   0   0   2  12  69   0   0   1  1.31 inf
  298 G   -3 -5 -3 -1 -5 -4 -4  7 -4 -2 -2 -4 -4 -5 -4 -1 -4 -5 -5 -5    1   0   0   3   0   0   0  80   0   3   5   0   0   0   0   3   0   0   0   0  1.67 inf
  299 S   -1 -2  2  3 -4 -3 -2  0 -3 -4 -5 -3 -4 -5  0  5  1 -5 -4 -4    2   2  10  14   0   0   1   7   0   0   1   0   0   0   4  50   6   0   0   0  0.78 inf
  300 R    0  2 -1  4 -4 -1 -1  0 -2 -2 -3  2 -1 -4 -2 -1  2 -1 -2 -1    7  12   1  25   0   2   2   7   0   2   1  15   2   0   1   2  13   1   1   5  0.33 inf
  301 Q   -1 -1  0  0 -1  1  2 -2  3  1  0 -1  1 -1  0 -1  1 -3 -1  0    3   2   4   6   2   6  14   2   9  11   7   1   6   1   5   3  11   0   2   7  0.11 inf
  302 F   -4 -5 -5 -5 -5 -5 -5 -3  2 -3  1 -5 -3  8 -5 -4 -3 -2  3 -3    1   0   0   0   0   0   1   2   4   0  11   1   0  68   0   1   1   0   7   1  1.75 inf
  303 E   -3  0  7 -2 -5  2  3 -3 -1 -3 -2 -2  0 -5 -4 -1 -3 -5 -4 -3    1   5  51   0   0   9  17   1   1   2   4   0   2   0   0   2   0   0   0   1  1.05 inf
  304 R   -4  7 -3 -4 -5 -1 -3 -5 -3  0 -4  2 -2 -5 -4 -3  0 -2 -4  0    0  61   0   0   0   2   0   0   0   6   0  11   1   0   0   0   7   1   0   8  1.25 inf
  305 D   -1  0  1  4 -4 -1  2 -2  1 -1 -4 -1 -3 -2 -3  2 -1  1 -1 -2    5   6   8  24   0   1  11   3   3   4   1   2   0   1   0  22   2   3   2   3  0.37 inf
  306 L   -2 -3 -5 -6 -2 -4 -5 -6 -5  3  4 -4  7 -3 -2 -4 -2 -4 -4  0    2   1   0   0   1   0   0   0   0  13  45   0  28   0   2   0   2   0   0   4  1.07 inf
  307 R   -5  8 -1 -5 -1 -3 -4 -6 -4 -6 -1 -1 -5 -6 -6 -4 -5 -6 -1 -6    0  85   2   0   2   0   0   0   0   0   5   2   0   0   0   0   0   0   2   0  2.18 inf
  308 R    1  4 -1 -1 -2  0  0 -1 -2 -1  1  0 -1 -3 -1  0  0 -1 -2 -1   16  24   2   2   1   4   5   3   1   3  16   6   1   0   3   4   5   1   1   3  0.18 inf
  309 Y   -1  0 -3 -4 -4 -1 -2 -4  2  1  2  1 -1  3 -1 -2 -2  4  5 -2    4   5   1   0   0   2   2   0   6   7  18   9   1  11   3   2   3   5  22   1  0.43 inf
  310 A    6 -4 -4 -5  3 -4 -4 -2 -5 -4 -2 -4 -4 -4 -4  1 -2 -5 -5 -1   69   0   0   0   6   0   0   2   0   0   4   0   0   1   0  10   2   0   0   4  1.19 inf
  311 T    0  2 -1 -1 -3  0 -1 -2 -2  1  0  3 -1 -2 -2  1  0  1 -2 -1    6  11   2   2   0   3   2   2   0  10  12  22   1   1   1  13   6   2   1   2  0.17 inf
  312 H   -1  2  1  1 -2  1  1 -1  4 -2 -2  2 -1 -2 -1  0 -1 -2 -1 -2    6  11   8   6   1   6   8   4  12   2   3  17   1   1   2   4   2   0   1   3  0.22 inf
  313 E   -1  0 -1  0 -4  2  3 -3  1 -3 -3  3 -2 -4  1  1 -1 -2 -3 -1    4   3   2   5   0   8  23   1   3   1   1  19   1   0   7  11   3   1   0   5  0.37 inf
  314 R    0  0  0 -2  2  0  0  0  2  0 -1  0  1  0  0  0  0 -2  1  0    6   6   5   0   5   5   6   6   5   6   6   6   5   5   6   6   6   0   5   6  0.04 inf
  315 K   -1  0  1 -1 -4 -1 -1  5  0 -1 -3  0 -1  0 -4 -1 -3 -4  1 -3    5   6   6   3   0   3   3  43   2   4   2   7   2   4   0   3   0   0   4   1  0.51 inf
  316 M   -2 -2 -5 -5  1 -4 -5 -5  0 -1  2 -2  6  4 -5 -1 -4  5  3 -1    3   2   0   0   3   0   0   0   3   3  18   2  26  15   0   4   0   8  10   2  0.80 inf
  317 M   -1  1 -1 -3  0 -1 -2 -3  0  0  0  3  0 -3  0  1  1  2 -1 -1    3   9   3   0   2   2   0   0   2   4  12  23   3   0   5  11  10   4   2   4  0.22 inf
  318 L   -3 -1 -4 -5  1  0 -4 -5 -4  0  4 -4  1  4 -5 -1 -3 -3  0 -1    0   4   0   0   3   4   0   0   0   4  48   0   2  19   0   5   0   0   2   3  0.68 inf
  319 D   -3 -1  5  4 -4 -1  0 -1  1 -4 -4 -2 -4 -4 -3  2  0 -4 -4 -4    1   3  30  28   0   2   6   4   3   1   1   1   0   0   1  15   5   0   0   1  0.74 inf
  320 N   -1  0  2  2 -4  2  3 -3 -2 -2 -3  0 -3 -2 -2  3 -1 -4 -3 -3    3   4   8  14   0  10  17   1   0   2   2   5   0   2   2  27   2   0   0   0  0.42 inf
  321 H    0  1 -2 -2 -2 -1 -2  0  7 -4 -4  0 -2  0 -2  1 -2 -3  4 -2    6   8   1   2   1   1   2   6  30   0   1   5   1   4   2  10   2   0  15   3  0.59 inf
  322 A    1 -2 -3 -2  1 -3 -2  6 -2 -4 -1 -3 -3 -3 -4 -1  1 -4 -4 -3   10   2   0   2   3   0   3  55   1   0   7   0   0   1   0   3  10   0   0   1  0.84 inf
  323 L   -1 -4 -4 -5 -3 -4 -4 -5 -4  3  4 -2  1  1 -4 -3 -3 -3 -1  2    4   0   0   0   0   0   0   0   0  19  49   3   2   5   0   2   0   0   2  10  0.67 inf
  324 Y   -2  3 -1 -4 -2 -2 -2 -3  1  0 -3  0  0  4 -4 -1  1  3  4 -1    3  20   3   0   1   1   1   1   3   5   0   5   2  17   0   4   9   4  15   3  0.41 inf
  325 D   -1  1  0  4 -2  0 -1 -3 -1 -1 -3  2 -1 -4  2  0  0 -5 -3 -1    3   8   4  30   1   2   2   1   1   3   1  14   1   0  10   6   4   0   1   4  0.39 inf
  326 R    0  4 -1  0 -2 -1  0  1 -2 -1  0  1  0 -3  0 -1 -1  1 -3 -1   10  24   3   4   1   1   5  12   1   3   8   7   2   1   5   2   2   2   0   5  0.18 inf
  327 T    0  0  0  1 -2  0  0  0 -1  0 -2  0 -1 -2 -1  0  2 -3 -1  2    6   5   3   7   1   3   6   8   1   4   1   6   1   1   2   7  15   0   2  17  0.09 inf
  328 K    0 -1  0  2 -1  2  2 -2 -1 -1 -3  2 -1 -4  0  0  2 -4 -3 -1    7   2   3  12   2   9  11   3   1   5   2  16   2   0   4   4  13   0   0   4  0.23 inf
  329 R   -1  3  1 -1 -5 -1 -1  5 -2 -5 -4  2 -4 -5 -3  0 -1 -5 -5 -4    4  14   8   3   0   3   4  41   1   0   2  12   0   0   1   5   3   0   0   1  0.68 inf
  330 V    0  1 -2  0 -2  0  3 -2  0 -1 -2  2 -1 -4 -1 -1  2 -4 -3  0    8   6   1   4   1   4  22   2   2   3   4  12   1   0   2   3  16   0   0   8  0.24 inf
  331 F   -1  0 -3 -1  0 -2  0 -4  0  0  2 -2  0  3  3 -1 -1  3 -1  0    6   5   1   3   3   1   5   0   2   4  19   1   2  13  13   5   2   4   2   7  0.21 inf
  332 L   -3 -5 -4 -6 -4 -4 -4 -5 -3  4  3 -4  1  3 -3 -5 -3 -4 -1  4    1   0   1   0   0   1   1   0   1  19  31   1   3  11   1   0   1   0   2  26  0.80 inf
  333 E    0  0  0  1 -3 -2  2 -4  3 -3 -4  2 -3 -3  5 -2 -3 -5 -1 -2    8   4   4   8   1   1  16   1   7   1   2  12   0   1  28   1   1   0   2   3  0.60 inf
  334 A    3 -4 -4 -4  4 -4 -3  0 -4  0  0 -4 -2  0  0  0  1 -4 -3  2   23   0   0   0   9   0   1   8   0   4   9   0   0   4   4   7  11   0   0  19  0.36 inf
  335 E    0  2 -1  1 -4  0  3 -3  0 -4 -2  1 -2 -1  1  0  1 -4 -1 -3    9  10   2   6   0   4  21   1   2   0   3  10   1   3   8   6  11   0   2   1  0.28 inf
  336 S    0 -2  0  3  2 -2 -1 -3 -3 -3 -5 -2 -2 -6 -4  4  4 -6 -5 -4    6   2   5  15   4   1   3   1   0   1   0   1   1   0   0  32  27   0   0   0  0.76 inf
  337 E   -6 -5 -2 -2 -9 -3  8 -7 -5 -8 -8 -4 -7 -8 -3 -4 -6 -8 -7 -7    0   0   2   1   0   0  94   0   0   0   0   0   0   0   1   1   0   0   0   0  2.63 inf
  338 E   -2  4 -3 -3 -4  1  4 -5 -2 -5 -5  4  1 -6 -5 -3 -1 -6 -2 -5    3  24   0   0   0   4  27   0   1   0   0  28   4   0   0   1   4   0   2   0  0.97 inf
  339 E   -3  2 -2  6 -7  0  4 -3 -1 -6 -3  1 -3 -5 -5 -2 -2 -7 -6 -5    2  13   1  42   0   3  23   2   1   0   3   6   1   0   0   2   2   0   0   1  1.02 inf
  340 I   -3 -7 -7 -7 -5 -6 -7 -7 -7  7 -1 -6  0 -1 -6 -6 -4 -6 -5  5    1   0   0   0   0   0   0   0   0  52   4   0   2   2   0   0   0   0   0  38  1.66 inf
  341 F   -7 -7 -8 -8 -7 -3 -8 -8 -6 -3 -1 -7  2  9 -8 -7 -7 -4  1 -4    0   0   0   0   0   2   0   0   0   1   4   0   4  85   0   0   0   0   4   1  2.73 inf
  342 A    0  3  0  4 -4  1  4 -3  1 -4 -4  1 -4 -5 -3 -2 -2 -3 -4 -4   10  18   3  21   0   6  24   1   3   1   1   7   0   0   1   2   1   0   0   0  0.63 inf
  343 H    1 -2 -3 -4 -2 -2 -1  0  4  2  2 -1 -1  1 -4 -2 -2 -1  3 -1   13   2   0   0   0   1   4   9  13  13  19   3   1   7   0   1   2   1   9   2  0.28 inf
  344 L   -4 -6 -7 -7 -2 -6 -6 -7 -6  2  6 -6  1 -1 -6 -6 -5  1 -4 -2    1   0   0   0   1   0   0   0   0   8  81   0   3   2   0   0   0   2   0   2  1.61 inf
  345 G   -3 -4  0  0 -6  1 -2  7 -1 -7 -7 -1 -6 -6 -5 -3 -5 -6 -6 -6    1   1   3   5   0   8   2  72   1   0   0   5   0   0   0   1   0   0   0   0  1.59 inf
  346 L   -4 -4 -6 -6 -4 -3 -4 -6 -4  0  5 -4  3  1 -6 -5 -4  3 -2  2    0   1   0   0   0   1   1   0   0   4  58   0   6   6   0   0   0   4   1  15  1.03 inf
  347 D   -2  0 -3  2 -6  0  3 -1 -4 -5 -5  2 -5 -6  5 -2 -1 -6 -5 -4    3   5   0  12   0   3  22   4   0   0   0  11   0   0  33   1   4   0   0   1  0.90 inf
  348 Y   -6 -3 -5 -8 -4 -6 -7 -8 -2 -6 -6 -5 -6  0 -8 -7 -3  9  9 -6    0   1   1   0   0   0   0   0   1   0   0   1   0   2   0   0   2  31  61   0  2.92 inf
  349 I   -3  4 -4 -5 -3 -1 -3 -5 -4  3  2  1  0 -3 -4 -3 -3 -3 -2  2    1  28   0   0   0   2   0   0   0  19  20  10   2   1   1   1   0   0   1  13  0.63 inf
  350 E   -2 -1 -3  1 -6 -2  5 -4 -1 -4 -5 -1 -5 -5  5 -2 -2 -4 -5 -4    3   3   0   8   0   0  41   1   1   1   0   3   0   1  31   2   2   0   0   1  1.13 inf
  351 P   -4 -5 -7 -6 -8 -6 -6 -7 -3 -8 -5 -6 -7 -8  9 -6 -2 -9 -8 -7    1   1   0   0   0   0   0   0   1   0   1   0   0   0  94   0   3   0   0   0  3.17 inf
  352 W   -1 -3 -1 -2 -4  1  5 -4  5 -5 -4  2 -4 -4 -4 -1  1  5 -2 -3    4   0   2   0   0   4  38   1  14   0   1  11   0   0   0   4   8   7   1   2  0.82 inf
  353 E   -4 -2 -2  2 -4  3  5 -5  1 -4  0 -1  1  0 -4 -4 -4  4 -2 -5    0   1   1  12   0  14  41   0   3   1   8   3   4   4   1   0   0   5   1   0  0.82 inf
  354 R   -6  9 -5 -7 -8 -4 -5 -7 -5 -8 -7 -3 -6 -8 -7 -6 -6 -8 -7 -8    0 100   0   0   0   0   0   0   0   0   0   0   0   0   0   0   0   0   0   0  3.13 inf
  355 N   -5 -4  8  3 -6 -4 -3 -4 -3 -5 -7 -4 -6 -7 -5  2 -3 -7 -6 -6    0   0  70  13   0   0   1   0   0   1   0   0   0   0   0  15   0   0   0   0  1.94 inf
  356 A    6 -4 -4 -4 -3 -3 -3 -1 -4 -4 -4 -3 -4 -5 -4  2 -2 -5 -5 -3   82   0   0   0   0   0   0   3   0   0   0   0   0   0   0  14   0   0   0   0  1.42 inf

                      K         Lambda
Standard Ungapped    0.1359     0.3209
Standard Gapped      0.0435     0.2670
PSI Ungapped         0.1427     0.3132
PSI Gapped           0.0435     0.2670
