
Last position-specific scoring matrix computed, weighted observed percentages rounded down, information per position, and relative weight of gapless real matches to pseudocounts
           A  R  N  D  C  Q  E  G  H  I  L  K  M  F  P  S  T  W  Y  V   A   R   N   D   C   Q   E   G   H   I   L   K   M   F   P   S   T   W   Y   V
    1 A    5 -3 -2 -3 -2 -2 -2 -1 -3 -3 -3 -2 -2 -4 -2  3 -1 -4 -3 -2   75   0   0   0   0   0   0   0   0   0   0   0   0   0   0  25   0   0   0   0  0.85 inf
    2 T   -4  6 -1 -3 -6 -1 -1 -4 -3 -5 -5  5 -4 -6 -4 -2  0 -6 -4 -5    0  46   3   0   0   0   3   0   0   0   0  41   0   0   0   1   6   0   0   0  1.31 inf
    3 V    6 -5 -5 -5 -3 -4 -4 -3 -5  1 -1 -4 -3 -5 -4 -2 -2 -6 -5  1   77   0   0   0   0   0   0   0   0   8   4   0   0   0   0   1   1   0   0  10  1.25 inf
    4 F    2 -2 -3 -4  2 -1 -3 -3 -3  0 -1  1  0  1 -3 -1  4 -4  0  0   19   2   0   0   5   3   0   0   0   6   3   9   2   6   0   2  35   0   3   7  0.39 inf
    5 K   -1 -3 -4 -5 -4  1 -4 -4 -2  0  4  0  5  0 -5 -3 -3 -4 -1 -1    6   1   0   0   0   8   0   1   1   4  46   7  18   3   0   1   0   0   2   1  0.64 inf
    6 L   -4 -5 -6 -6 -3 -3 -6 -6 -1 -2  6 -5  3  0 -6 -5 -4 -4  2 -2    0   0   0   0   0   1   0   0   2   0  78   0   7   3   0   0   0   0   8   0  1.37 inf
    7 G    4 -2 -2 -4  0 -3 -3  3 -2 -4 -3 -3 -3 -1 -3  1 -1 -2  0 -3   43   2   1   0   2   0   0  27   1   0   1   1   0   2   0  12   4   0   3   1  0.68 inf
    8 L   -3  2 -3 -4 -2 -1 -2 -5 -1  0  1  6 -1 -4 -4 -3 -3 -5 -3  0    1   8   0   0   1   1   1   0   1   6  13  59   2   0   0   0   0   0   1   6  0.94 inf
    9 F   -6 -7 -7 -8  2 -7 -7 -7 -5 -3 -3 -7 -4  9 -8 -6 -6 -3  0 -3    0   0   0   0   4   0   0   0   0   1   0   0   0  93   0   0   0   0   1   1  2.81 inf
   10 K   -4  0 -2 -4 -7 -1 -1 -5 -4 -7 -6  8 -5 -7 -5 -4 -4 -7 -6 -6    0   2   1   0   0   1   2   0   0   0   0  93   0   0   0   0   0   0   0   0  2.25 inf
   11 S   -2 -2  0  4 -6  1  5 -3 -1 -5 -4  0 -4 -3 -4 -1 -1 -6 -5 -4    2   1   3  25   0   4  47   1   1   0   1   5   0   1   0   5   4   0   0   0  0.96 inf
   12 L    2 -2 -1 -3  2 -1 -2 -2 -2  0  1  0  1 -1 -3  0  1 -1 -1  1   19   1   2   0   5   2   1   2   0   3  19   6   3   2   0   8  12   1   2  13  0.15 inf
   13 F   -5 -6 -6 -7 -6 -6 -6 -7  0 -4 -3 -6 -1  8 -7 -6 -5 -2  7 -2    1   0   0   0   0   0   0   0   2   0   0   0   1  61   0   0   0   0  34   2  2.22 inf
   14 L   -1 -5 -1 -1 -3 -3 -3  7 -5 -3 -4 -4  0 -6 -5 -1 -2 -6 -6 -3    4   0   3   3   1   0   1  75   0   1   2   0   2   0   0   3   3   0   0   2  1.43 inf
   15 C   -1 -5 -6 -5  3 -5 -5 -6 -6  3  1 -5 -1 -3 -5 -4 -3 -5 -4  6    5   0   0   0   7   0   0   0   0  17  13   0   0   0   0   0   0   0   0  57  1.09 inf
   16 S   -1 -3 -3 -4 -2 -3 -4  2 -4 -6 -6 -2 -5 -6  1  6 -1 -6 -5 -5    3   1   0   0   1   0   0  17   0   0   0   1   0   0   7  69   2   0   0   0  1.28 inf
   17 F   -6 -6 -6 -7 -6 -6 -6 -7 -2 -2 -2 -6 -2  8 -7 -6 -5 -2  6 -3    0   0   0   0   0   0   0   0   1   2   3   0   1  69   0   0   0   0  24   1  2.23 inf
   18 H    0 -2  3 -3  0 -2 -3  1  0 -2 -3  1  3 -4 -3  2  4 -4 -1 -3    5   1  14   0   2   0   0   9   2   1   1   7   9   0   0  14  30   0   3   0  0.44 inf
   19 D   -4 -4 -2  5 -7 -2  6 -5 -2 -7 -7 -3 -6 -7 -5 -2 -4 -7 -6 -6    1   0   0  35   0   0  60   0   0   0   0   0   0   0   0   2   0   0   0   0  1.73 inf
   20 I   -5 -6 -7 -7 -4 -6 -6 -7 -6  3  6 -6 -1 -3 -6 -6 -4 -5 -4 -1    0   0   0   0   0   0   0   0   0  12  85   0   0   0   0   0   0   0   0   3  1.65 inf
   21 T   -1 -5 -4 -5  0 -4 -4 -5 -5  1 -3 -4 -2 -5 -5 -1  7 -6 -5  3    3   0   0   0   2   0   0   0   0   9   0   0   1   0   0   3  64   0   0  18  1.29 inf
   22 R   -5  9 -4 -6 -8 -3 -4 -4 -4 -7 -6 -2 -5 -7 -6 -5 -5 -7 -6 -7    0  99   0   0   0   0   0   1   0   0   0   0   0   0   0   0   0   0   0   0  2.79 inf
   23 L   -1 -2  0 -3  2  4 -1 -4  1 -2 -2 -2 -3 -4  4  0  1 -5 -4  1    5   1   6   0   4  21   2   0   3   2   4   1   0   0  24   7   9   0   0  11  0.51 inf
   24 F   -6 -7 -7 -8 -6 -7 -7 -7 -4 -4 -4 -7 -4  9 -8 -6 -6 -3  5 -5    0   0   0   0   0   0   0   0   0   0   0   0   0  83   0   0   0   0  17   0  2.75 inf
   25 K   -4  1 -2 -4 -7  2 -3 -5  0 -4 -6  7 -5 -7 -5 -4 -3 -7 -5 -6    0   5   1   0   0   8   0   0   2   1   0  81   0   0   0   0   1   0   0   0  1.87 inf
   26 N   -3 -5  2 -4 -5 -4 -4 -4 -5 -6 -7 -4 -5 -6 -5  7 -2 -7 -6 -6    0   0   7   0   0   0   0   0   0   0   0   0   0   0   0  93   0   0   0   0  2.10 inf
   27 D   -4 -4  6  7 -4 -3 -2 -4  1 -7 -7 -4 -6 -6 -5 -1 -4 -7 -1 -6    1   0  34  54   0   1   1   0   4   0   0   0   0   0   0   3   0   0   2   0  1.67 inf
   28 K   -4  2 -2 -4 -7 -1 -3 -5 -4 -7 -6  8 -5 -7 -5 -2 -4 -7 -6 -6    0   7   2   0   0   1   0   0   0   0   0  89   0   0   0   2   0   0   0   0  2.15 inf
   29 T   -4 -5 -4 -5 -5 -4 -5 -5 -5 -5 -5 -4 -5 -6 -5  2  8 -6 -6 -4    0   0   0   0   0   0   0   0   0   0   0   0   0   0   0  17  83   0   0   0  2.07 inf
   30 T   -2 -6 -3 -6 10  0 -5 -4 -4 -2 -3 -5  1 -5 -4 -2  3 -6 -5  1    2   0   1   0  54   5   0   1   0   1   1   0   4   0   1   3  19   0   0   8  1.79 inf
   31 N   -2 -5  4 -5 10 -5 -5 -4 -5 -5 -5 -5 -5 -6 -6  3 -1 -6 -1 -5    1   0  19   0  53   0   0   1   0   0   0   0   0   0   0  21   3   0   2   0  1.97 inf
   32 Q   -1  1  2  0  1  1  1  0  2 -2 -2  0 -1 -3  1  0  1  0 -1 -2    5   7  14   5   3   6  10   6   5   2   2   3   1   1   8   6  11   1   1   2  0.16 inf
   33 Q   -4 -4  4  6 -3  1  0 -3  3 -5 -6 -3 -3 -6 -5 -1 -2 -6 -2 -6    1   0  17  52   1   7   4   1   8   1   0   0   1   0   0   4   2   0   1   0  1.20 inf
   34 W   -8 -5 -9 -9 -7 -7 -8 -8 -7 -8 -7 -8 -6 -4 -9 -6 -7 13 -3 -8    0   1   0   0   0   0   0   0   0   0   0   0   0   0   0   1   0  99   0   0  5.02 inf
   35 V   -3 -6 -6 -7  3 -6 -6 -7 -7  2 -2 -6 -2 -4 -6 -5 -1 -6 -5  7    1   0   0   0   6   0   0   0   0   8   1   0   1   0   0   0   2   0   0  81  1.73 inf
   36 L    0 -5 -5 -5  3 -5 -5 -2 -5  4  1 -5 -1  0 -5 -4 -1 -5 -2  5    7   0   0   0   7   0   0   4   0  22   8   0   0   4   0   0   3   0   1  43  0.76 inf
   37 A    4 -4 -4 -4  4 -4 -4  0 -4 -1 -1 -4 -1  0 -4  0  0 -4 -2  2   44   0   0   0  10   0   0   5   0   3   6   0   1   4   0   6   7   0   1  13  0.57 inf
   38 V    3 -4 -4 -5  0 -4 -4  0 -5  3  0 -4  1 -3 -4 -2 -1 -5 -4  4   26   0   0   0   2   0   0   6   0  16   7   0   3   0   0   2   2   0   0  37  0.63 inf
   39 F   -2 -6 -6 -7  2 -6 -6 -5  0 -2 -1 -6 -1  7 -7 -4 -4  1  6 -1    3   0   0   0   4   0   0   1   2   1   6   0   1  49   0   1   0   1  26   4  1.55 inf
   40 G    1 -3 -1  0 -1 -3 -4  6 -2 -6 -6 -2 -5 -5 -3 -2 -4 -5  1 -6   12   2   3   5   1   1   0  65   1   0   0   2   0   0   1   2   0   0   5   0  1.26 inf
   41 L    2 -5 -5 -6  0 -5 -5 -5 -5  2  1 -5  0 -2 -3 -3 -3 -5  0  6   18   0   0   0   2   0   0   0   0   9  10   0   1   1   1   1   0   0   3  54  0.93 inf
   42 A    1  3  2 -2  2  0 -2 -3  4 -3 -3  0 -3 -3  1  1  0 -4  1 -2   13  16  12   1   4   4   1   1  13   1   2   3   0   1   6  12   5   0   4   3  0.31 inf
   43 E   -2 -4 -3  3  4 -1  5 -2  4 -5 -5 -3 -1 -5  3 -1 -2 -6 -1 -3    2   0   0  14   8   1  38   2  10   0   1   0   2   0  14   4   2   0   2   1  0.81 inf
   44 V   -1 -2  0  3 -2 -1  4 -3 -1 -3 -4 -2 -1 -5  0  2  1 -5 -4 -1    5   1   3  19   1   1  27   1   1   1   1   1   2   0   4  18  10   0   0   5  0.50 inf
   45 F   -3  0 -5 -5 -4 -4 -4 -4 -3  2  4 -4  1  0 -5 -3 -1 -4 -1  4    1   5   0   0   0   0   1   1   1  12  38   0   3   3   0   1   2   0   2  31  0.70 inf
   46 F    2 -2 -4 -4 -1 -2 -2 -3 -3  2  2 -2 -1  2 -4  0 -2 -3  4  0   22   1   0   0   1   1   3   1   0  12  23   1   1   7   0   6   1   0  15   6  0.35 inf
   47 E   -2 -4  1  3 -6  0  6 -3 -4 -4 -4 -3 -5 -6 -3 -1 -1 -6 -5 -5    3   0   5  14   0   2  63   2   0   1   2   0   0   0   1   3   3   0   0   0  1.27 inf
   48 A    5 -4 -2 -2 -1 -3 -3  2 -1 -4 -5 -3 -4 -2 -4  3 -1 -5 -4 -2   46   0   1   2   1   0   1  18   2   0   0   0   0   2   0  23   2   0   0   2  0.80 inf
   49 S    2 -4 -3 -4  0 -3 -3 -1 -4  1  2 -3  0  1 -4  4 -1 -4 -3  0   15   0   0   0   2   0   0   3   0  10  18   0   2   8   0  34   2   0   0   5  0.42 inf
   50 F   -3  0 -1 -4 -6  0 -1 -4  3 -3 -3  7 -3  0 -1 -2 -1 -5 -3 -2    1   3   2   0   0   3   2   1   6   2   2  63   1   4   3   2   3   0   1   3  1.07 inf
   51 E   -2 -3  0  1 -4  3  2 -3  1  0 -1 -1  0 -4 -3 -1  4 -5 -3  1    2   0   4   7   0  15  12   1   3   6   4   4   2   0   0   3  29   0   0  10  0.38 inf
   52 L   -1  0 -5 -5  0  1 -4 -5 -5  1  5 -3  1 -3 -5 -2  0 -4 -4  1    5   4   0   0   2   6   0   0   0   6  58   1   2   0   0   2   5   0   0   8  0.72 inf
   53 L   -5 -5 -6 -7 -4 -5 -6 -7 -6  3  6 -6  1  1 -6 -5 -4  0 -4 -2    0   0   0   0   0   0   0   0   0  14  76   0   2   4   0   0   0   2   0   1  1.46 inf
   54 K   -3  1 -2 -3 -3  7  1 -2 -1 -4 -3  4 -4 -6 -2 -2 -2 -5 -5 -5    1   6   1   0   0  47   9   2   1   1   3  22   0   0   2   2   2   0   0   0  1.09 inf
   55 K   -2 -1  1  0 -5  5 -1 -2 -2 -5 -4  2 -4 -6  5 -1 -1 -6 -5 -2    2   2   6   5   0  28   3   3   1   0   1  14   0   0  26   4   3   0   0   3  0.79 inf
   56 Q   -3 -4 -3 -4 -1  3 -3 -6  9 -2 -1 -4 -3 -2 -6 -2  0 -5  4 -2    1   0   1   1   1  13   1   0  50   3   5   0   0   1   0   3   5   0  12   2  1.50 inf
   57 C   -2 -7 -6 -7 11 -7 -7 -7 -7 -2 -5 -7 -5 -6 -7 -1  0 -7 -2 -1    3   0   0   0  78   0   0   0   0   2   0   0   0   0   0   5   7   0   1   4  2.95 inf
   58 S   -1 -2  1  3  0  0  3 -3 -2 -1  0 -1  0 -3 -3  1  1 -5 -4  0    3   1   6  19   2   2  21   1   1   3  11   2   3   0   0   9  12   0   0   6  0.29 inf
   59 F   -6 -6 -4 -7  0 -6 -6 -7 -2 -5 -5 -6 -5  5 -7 -1 -6  1  9 -5    0   0   1   0   2   0   0   0   1   0   0   0   0  25   0   4   0   1  66   0  2.36 inf
   60 L    0 -4 -4 -5  1 -4 -4 -3 -4  3  2 -4  2  2 -4 -1 -1 -3  1  2    9   0   0   0   4   0   0   2   0  19  22   0   6  10   0   5   4   0   6  14  0.39 inf
   61 Q   -5 -4 -1 -5 -6  6 -3 -6  7 -5  0 -4  0  2 -6 -4 -5  6  1 -4    0   0   2   0   0  36   1   0  26   0  10   0   2   8   0   0   0  10   3   1  1.41 inf
   62 M   -1 -4 -4 -3  1 -2 -2 -4 -2  4  2 -3  4 -1 -4 -3  1 -4 -1  2    4   0   0   2   3   2   2   1   1  27  21   1  10   2   0   1   8   0   2  14  0.50 inf
   63 Q   -3 -1 -1  0  0  4 -1 -4 -1  2 -1  0 -2 -4 -4  0  3 -4 -1 -1    0   3   2   6   2  24   3   0   1  15   6   4   0   0   0   8  19   0   2   3  0.39 inf
   64 K   -2  0  1 -2  5  0 -1  0  2  0 -1 -1 -1 -2 -1  0  1  2  0  0    1   7   8   1  13   5   3   6   6   7   6   3   1   1   2   5  11   3   4   8  0.15 inf
   65 R   -1  2  1 -2  0  0 -1 -1  0 -1  1 -1  1  0 -1  1  0 -2  2 -1    3  14   9   1   2   2   3   3   2   3  18   3   4   5   3  10   4   0   7   4  0.09 inf
   66 S    0 -3 -2  2  1 -2 -1 -2 -2 -3 -2 -2 -3  0  3  2  3  2  1 -1    9   1   1  12   4   1   3   2   1   1   3   1   0   4  14  15  18   3   5   4  0.30 inf
   67 H    0 -2  0 -3  6 -3 -2  0  3 -2 -1 -2  0  3 -3  0  2 -3 -1 -1    8   2   4   1  21   1   3   7   7   1   4   1   3  13   1   6  12   0   1   3  0.41 inf
   68 E    1  0  0  1  0  1  2  1 -2 -2 -3  1 -1 -3 -1  1  1 -3  0 -1   11   5   5   7   2   5  13   9   0   1   2   9   1   1   1  14   7   0   3   3  0.15 inf
   69 G   -1  1  0 -2 -1  0  0  0 -1 -1  0  1  0 -1 -2 -1  0  6  1 -2    4   8   5   2   1   3   5   9   1   4   8   8   3   2   2   5   8  15   5   2  0.23 inf
   70 G   -1  0  0 -2 -2 -1 -2  6  0 -3 -3 -1 -3 -3 -2  0 -1 -3 -2 -3    5   4   4   2   1   2   2  55   2   1   3   3   0   1   2   6   4   0   1   2  0.78 inf
   71 T   -1  0  0 -3 -2 -2 -2 -2 -1  1 -1 -1  3  1  2  0  0  0  3  1    4   6   4   1   0   1   1   2   1   8   5   4  11   7   9   8   7   1  11  11  0.16 inf
   72 C   -2 -4 -4 -4  2 -3 -4 -4 -2  3  1 -3  4  1 -4 -1  0 -3  1  3    2   0   0   0   5   0   1   1   1  14  14   0  14   5   0   5   7   0   4  24  0.47 inf
   73 A    2 -3 -2 -2  2 -2 -3 -1 -3  1  1 -3  0 -2 -3  1  1 -4 -2  3   16   0   1   2   5   1   0   5   0   6  14   0   1   1   1  11   9   0   1  23  0.25 inf
   74 V   -5 -5 -6 -7 -5 -2 -6 -7 -6  0  6 -6  1 -1 -6 -6 -5 -5 -4  0    0   0   0   0   0   2   0   0   0   3  84   0   2   2   0   0   0   0   0   5  1.62 inf
   75 Y   -1 -5 -6 -6 -2 -3 -6 -3 -3 -1  2 -5  6  4 -6 -5 -4 -3  6 -1    5   0   0   0   1   1   0   2   0   3  20   0  18  17   0   0   1   0  30   4  1.10 inf
   76 L   -4 -4 -4 -7  0 -6 -7 -7 -6 -2  6 -6  0 -2 -7 -5 -4 -5 -1 -2    1   1   1   0   2   0   0   0   0   1  88   0   1   1   0   1   1   0   2   1  1.75 inf
   77 I   -1 -5 -6 -6  5 -5 -6 -6 -6  2  4 -5  1  2 -5 -4 -2 -5 -3  2    6   0   0   0  11   0   0   0   0  12  43   0   3   7   0   0   2   0   0  16  0.86 inf
   78 C   -3  5 -2  0  5  3  3 -3 -2 -5 -4 -1 -1 -3 -5  0 -1 -6 -5 -3    1  30   1   4  14  11  21   2   1   0   1   1   1   1   0   6   4   0   0   2  0.78 inf
   79 F   -6 -7 -7 -8 -1 -7 -7 -8 -5 -5 -1 -7 -4  9 -8 -4 -6  4  3 -5    0   0   0   0   1   0   0   0   0   0   5   0   0  79   0   1   0   5   8   0  2.57 inf
   80 N   -3 -1  3 -4 -6 -1 -3 -5  0 -2 -6  7 -3 -3 -3 -2  0 -6 -2 -4    1   1  13   0   0   2   0   0   2   3   0  65   1   1   1   2   7   0   1   1  1.34 inf
   81 T    3 -2  0 -4  5 -4 -4 -2  3 -3 -4 -4 -3 -3 -4  2  2 -5 -2  2   24   2   5   0  14   0   0   2   8   0   0   0   0   1   0  13  13   0   1  18  0.61 inf
   82 A    3 -2  0 -3 -4  3 -2  3  2 -5 -5 -2 -1 -5 -3  2 -1 -5 -4 -3   26   1   4   0   0  16   2  25   4   0   0   1   1   0   1  13   3   0   0   2  0.60 inf
   83 K   -5  0 -5 -5 -8 -3 -4 -6 -5 -7 -7  8 -6 -8 -6 -5 -5 -8 -6 -7    0   3   0   0   0   0   0   0   0   0   0  97   0   0   0   0   0   0   0   0  2.67 inf
   84 S   -4 -3  6 -4  6 -4 -4 -4 -4 -6 -6 -4 -6 -7 -5  5 -2 -7 -6 -6    0   1  39   0  16   0   0   0   0   0   0   0   0   0   0  42   1   0   0   0  1.66 inf
   85 R   -6  8 -5 -6 -8 -3 -2 -7 -4 -5 -6 -1 -6 -7 -6 -5 -4 -7 -6 -7    0  94   0   0   0   0   3   0   0   1   0   1   0   0   0   0   1   0   0   0  2.67 inf
   86 E   -2 -3 -1  4 -1  1  5 -2 -2 -3 -1 -1 -4 -5 -4 -2 -1 -6 -5 -3    3   0   3  26   2   4  42   2   1   2   7   3   0   0   0   1   3   0   0   1  0.84 inf
   87 T   -4 -5 -4 -5  0 -1 -5 -2 -6 -5 -5 -5 -5 -6 -5 -1  8 -7 -6 -4    0   0   0   0   2   3   0   3   0   0   0   0   0   0   0   4  88   0   0   0  2.17 inf
   88 V   -4 -6 -6 -7 -1 -6 -6 -7 -6  3  2 -6 -2 -1 -6 -5 -4 -6 -4  6    0   0   0   0   1   0   0   0   0  12  21   0   0   2   0   0   0   0   0  64  1.41 inf
   89 R    0  1 -1 -2  1  1  0 -2  2  1  1  1  1  0 -2  0  1 -3  0  0   10  10   2   0   4   6   5   2   7   9  12   9   4   3   1   4   8   0   2   3  0.06 inf
   90 N   -3  3  2 -4 -6 -2 -3 -3  1 -6 -6  7 -5 -6 -5 -3 -1 -6 -5 -6    1  15  11   0   0   0   0   2   3   0   0  64   0   0   0   1   3   0   0   0  1.45 inf
   91 L   -3 -5 -3 -6  2  1 -5 -2 -5  0  5 -5  2 -1 -3 -3 -2 -1 -1 -2    1   0   1   0   4   6   0   4   0   3  67   0   5   2   1   1   2   1   2   0  0.94 inf
   92 M   -4 -5 -6 -2 -1 -5 -5 -6 -5  1  5 -5  5  4 -4 -5 -4 -4 -2 -1    1   0   0   3   1   0   0   0   0   8  50   0  14  19   1   0   0   0   0   3  1.04 inf
   93 A    1  0 -1 -3  5 -1 -1  0 -2 -2 -4  2  1 -4 -3  3  2 -5 -3 -2   11   5   2   0  12   3   2   6   1   2   0  14   4   0   0  23  13   0   0   2  0.40 inf
   94 N    0 -2  3 -1 -2  2 -2  0 -1 -4 -4  2 -1 -5 -1  3  3 -5 -4 -3    7   1  13   2   1  10   1   8   1   0   0  12   1   0   3  22  18   0   0   0  0.44 inf
   95 M   -3 -4 -4 -6 -4 -4 -5 -6 -1  3  4 -3  5  1 -5 -3 -1 -4 -2  1    1   0   1   0   0   0   0   0   2  16  42   2  18   5   0   1   3   0   1   9  0.82 inf
   96 L   -5 -5 -2 -7 -5 -5 -6 -3 -6 -1  6 -6  2  3 -6 -5 -4 -4 -2 -2    0   0   2   0   0   0   0   3   0   1  74   0   4  13   0   0   0   0   1   1  1.36 inf
   97 N   -1 -2  6  0  4  1 -3  1  3 -2 -4 -3 -4 -4 -3 -1 -1 -6 -3 -2    4   2  43   4   8   8   0   9   7   3   1   0   0   1   1   4   2   0   1   2  0.76 inf
   98 V   -2 -6 -6 -2  3 -5 -5 -6 -6  4  0 -5 -2 -2 -6 -3 -2 -6 -2  6    2   0   0   2   6   0   0   0   0  20   5   0   0   1   0   1   1   0   1  60  1.20 inf
   99 R    0  0  1  2 -4  2  1 -3  3 -4 -4  1 -3 -4  3  2  0 -5 -3 -4    6   4   8  11   0  11   9   1   7   0   1   6   0   0  16  14   4   0   0   0  0.42 inf
  100 E    0 -3 -1  3 -3  0  5 -2 -1 -5 -4  0 -4 -6  2 -1 -2 -6 -5 -3    9   0   3  19   0   3  41   2   1   0   1   5   0   0   9   4   2   0   0   2  0.75 inf
  101 E   -1  0  1  0  1  1  2 -2  0  0  0  0  1 -1 -2  0 -1  0  0 -1    5   3   9   6   3   8  14   2   2   7  11   7   4   3   0   5   3   1   4   3  0.07 inf
  102 C   -3 -1 -1 -3  3  7 -2 -5  4 -3 -1 -1 -2 -4 -5 -2 -4 -5  1 -1    2   3   2   1   6  54   1   0   9   1   7   2   1   0   0   3   0   0   4   4  1.11 inf
  103 L   -4 -5 -6 -6  0 -5 -6 -6  0  5  3 -5  7 -1 -3 -5 -3 -5 -4  1    0   0   0   0   2   0   0   0   3  31  23   0  30   1   1   0   0   0   0   7  1.16 inf
  104 M   -3 -4 -6 -7 -4 -4 -6 -6 -3  2  5 -5  5  1 -6 -5 -4 -4 -1  0    1   1   0   0   0   0   0   0   1   9  61   0  17   5   0   0   0   0   2   3  1.20 inf
  105 L    3 -4 -4 -5  6 -4 -4 -4 -5  3  2 -4  1 -3 -4  1 -1 -5 -4  0   23   0   0   0  17   0   0   0   0  20  17   0   3   0   0  14   3   0   0   3  0.66 inf
  106 Q   -5 -4  1  5 -7  3  6 -4 -4 -7 -7 -3 -5 -7 -5 -3 -4 -7 -6 -6    0   0   6  29   0  14  49   0   0   0   0   0   0   0   0   1   0   0   0   0  1.49 inf
  107 P   -5 -7 -7 -6 -8 -6 -6 -7 -7 -8 -8 -6 -7 -8  9 -5 -6 -8 -8 -7    0   0   0   0   0   0   0   0   0   0   0   0   0   0 100   0   0   0   0   0  3.47 inf
  108 P   -5 -7 -7 -6 -8 -6 -6 -7 -7 -8 -8 -6 -7 -8  9 -5 -6 -8 -8 -7    0   0   0   0   0   0   0   0   0   0   0   0   0   0 100   0   0   0   0   0  3.47 inf
  109 K   -5  4  2 -4 -7 -1 -3 -5 -4 -7 -6  7 -5 -7 -5 -4 -4 -7 -5 -6    0  19  10   0   0   2   0   0   0   0   0  69   0   0   0   0   0   0   0   0  1.76 inf
  110 I   -3 -2  1 -4 -1 -2 -2 -5  2  3  3 -2  0 -3 -4 -2  2 -2 -3  1    0   1   7   0   1   1   2   0   5  19  33   3   1   0   0   2  16   1   0   8  0.44 inf
  111 R   -5  8 -4 -5 -7  1 -4 -6 -4 -7 -6  2 -5 -7 -6 -4 -2 -7 -6 -6    0  83   0   0   0   6   0   0   0   0   0   9   0   0   0   0   2   0   0   0  2.23 inf
  112 G   -3 -4  1 -4 -1 -4 -4  0  1 -5 -6 -4 -5 -6 -5  7 -2 -6 -4 -5    0   0   5   0   1   0   0   7   3   0   0   0   0   0   0  82   0   0   0   0  1.64 inf
  113 L    0 -4 -3 -4 -2 -3 -4 -2 -5 -1  0 -4  1 -4  2 -1  4 -5 -4  4    7   0   1   0   1   1   0   3   0   1   9   0   4   0   9   3  26   0   0  36  0.59 inf
  114 S    4 -5 -5 -5  1 -4 -4 -1 -5 -3  0 -4 -2 -5  5 -2 -1 -6 -5  1   35   0   0   0   3   0   0   3   0   0  10   0   1   0  34   1   2   0   0  10  0.93 inf
  115 A    6 -5 -5 -5  2 -4 -4 -3 -5 -3 -4 -4 -4 -5 -2  0  0 -6 -5  2   68   0   0   0   4   0   0   0   0   0   0   0   0   0   2   4   5   0   0  17  1.20 inf
  116 A    7 -5 -5 -6 -1 -5 -5 -3 -5 -5 -5 -4 -5 -6 -5 -2 -3 -6 -6 -3   96   0   0   0   1   0   0   1   0   0   0   0   0   0   0   1   1   0   0   1  2.03 inf
  117 L   -4 -5 -6 -7 -1 -5 -6 -7 -6  0  6 -5  3  0 -6 -5 -2 -5 -4  0    0   0   0   0   1   0   0   0   0   3  80   0   5   3   0   0   2   0   0   5  1.39 inf
  118 F   -6 -6 -6 -7 -3 -6 -6 -7 -3 -4 -4 -6 -4  7 -7 -4 -5  0  8 -5    0   0   0   0   1   0   0   0   0   0   0   0   0  46   0   1   0   1  51   0  2.39 inf
  119 W   -7 -7 -8 -8 -1 -6 -7 -7 -6 -6 -4 -7 -5  6 -8 -7 -6 12  1 -6    0   0   0   0   1   0   0   0   0   0   1   0   0  32   0   0   0  63   2   0  3.36 inf
  120 F   -5 -5 -5 -7 -6 -1 -6 -7 -2 -5 -4 -6 -4  5 -7 -5 -2  3  9 -3    0   0   0   0   0   3   0   0   0   0   1   0   0  18   0   0   3   3  71   2  2.27 inf
  121 K   -4  4  0 -4 -6  1 -2 -5 -1 -6 -6  7 -5 -6 -5 -3 -3 -6 -5 -6    0  21   4   0   0   6   0   0   1   0   0  67   0   0   0   0   1   0   0   0  1.59 inf
  122 S   -1  2  0 -2 -1  1 -1  1 -1 -2  0  3  0 -3 -3  0  3 -4 -3 -2    3   9   5   0   2   5   1  10   1   1   9  23   2   0   0   6  20   0   1   1  0.27 inf
  123 S    2 -2 -2 -3  0 -2 -3  3 -3 -2 -3 -2 -3 -3 -3  4  1 -4 -4  0   16   2   1   0   2   1   1  24   0   2   1   0   0   1   0  34   7   0   0   7  0.53 inf
  124 L   -3 -3 -3 -5 -4 -2 -4 -5  1  3  3 -4  7  1 -5 -2 -1 -4 -2 -1    1   1   1   0   0   1   0   0   4  16  31   0  33   5   0   3   3   0   1   1  0.88 inf
  125 S    1 -3  1 -2 -1 -2 -3  2 -3 -3 -3 -2 -3 -3 -3  5  1 -2 -3 -1    9   1   7   1   1   1   0  14   0   1   2   1   0   1   0  45   9   1   1   3  0.56 inf
  126 P   -1 -1  6 -1 -4  0 -1  0 -2 -5 -5  0 -4 -5  3  2  0 -5 -4 -4    4   3  38   2   0   4   3   5   0   0   0   5   0   0  13  15   5   0   0   0  0.69 inf
  127 A    2 -2  1 -1  1 -2 -1  2 -1  2 -2 -1  0 -3 -3  0  1 -4 -3  0   20   1  10   3   3   0   2  16   1  14   1   3   2   0   0   7   8   0   0   8  0.18 inf
  128 T    1 -3 -2 -3  4 -2 -3 -1 -4 -1 -3 -3 -3 -4 -2  4  3 -5 -4  2   13   0   0   0  11   2   0   5   0   2   0   0   0   0   1  32  19   0   0  14  0.58 inf
  129 L   -2 -1 -3 -1 -2  0  2 -4  0 -1 -1 -2 -1  5 -4 -2  0 -1  5 -1    3   2   0   3   1   4  15   0   2   3   3   1   2  26   0   2   5   0  22   4  0.56 inf
  130 K    0 -2 -2 -4  0 -1 -3 -4 -3  0 -1  2  0 -1 -4  0  3 -4 -1  4    5   0   1   0   2   2   0   0   0   4   4  15   2   3   0   7  22   0   1  31  0.39 inf
  131 H   -2 -4 -4 -2 -2 -2 -4 -4  6 -1 -3 -3 -2  4 -5 -2  0  4  6 -2    2   0   0   2   1   1   0   1  23   4   0   1   1  19   0   3   5   5  27   3  1.01 inf
  132 G   -4 -6 -3 -5 -6 -6 -4  8 -6 -8 -8 -5 -7 -7 -6 -4 -5 -6 -7 -7    0   0   1   0   0   0   1  98   0   0   0   0   0   0   0   0   0   0   0   0  2.55 inf
  133 A    0 -3 -1  3 -4  1  4 -3 -2 -2 -4 -1 -1 -5  2  1  1 -5 -4 -2    7   0   2  15   0   7  31   0   1   2   0   2   2   0  10   8  11   0   0   3  0.51 inf
  134 L   -2 -3 -4 -5 -3 -4 -4 -5 -2 -1  3 -3  3  3 -3 -2  4 -3  4  0    2   1   0   0   0   0   0   0   0   1  25   0   8  12   1   1  28   0  15   5  0.63 inf
  135 P   -5 -6 -6 -6 -2 -6 -5 -6 -6 -7 -4 -5 -7 -8  9 -5 -5 -8 -7 -6    0   0   0   0   1   0   0   0   0   0   2   0   0   0  97   0   0   0   0   0  3.19 inf
  136 E   -2 -2  0  4 -6  1  5 -3 -3 -5 -2 -1 -4 -6 -3 -1 -3 -6 -5 -4    2   1   3  28   0   6  45   1   0   0   5   3   0   0   1   4   1   0   0   1  0.96 inf
  137 W   -7 -8 -9 -9 -7 -7 -8 -7 -7 -4 -6 -8 -6 -2 -9 -8 -7 13 -1 -8    0   0   0   0   0   0   0   0   0   1   0   0   0   1   0   0   0  97   1   0  4.88 inf
  138 I   -4 -6 -6 -6  1 -6 -6 -7 -6  7  1 -5  0 -3 -6 -5 -4 -6 -4  2    0   0   0   0   3   0   0   0   0  74  11   1   2   0   0   0   0   0   0  10  1.63 inf
  139 R    2  1 -2 -2 -2  2 -1 -3 -1 -1  0  1  0 -3 -3  1  1 -4 -3  1   25   6   0   1   1  11   2   0   1   1   9   8   2   0   0   9  11   0   0  13  0.23 inf
  140 A   -1  5  0 -1 -5  4 -1 -4  0 -5 -5  4 -4 -5 -4 -1  0 -5 -4 -4    4  33   5   2   0  17   1   0   2   0   0  27   0   0   0   4   5   0   0   1  0.87 inf
  141 Q   -4 -3 -4 -4 -6  8 -2 -6  2 -2  1 -1 -2 -6 -5 -4 -4 -6 -5 -5    1   0   0   0   0  76   1   0   5   2  13   2   1   0   0   0   0   0   0   0  1.89 inf
  142 T   -3 -5 -4 -5  1 -4 -5 -5 -5  0 -2 -4 -4 -5 -5 -2  7 -6 -5  1    1   0   0   0   3   0   0   0   0   4   3   0   0   0   0   0  80   0   0   9  1.68 inf
  143 T   -1 -3 -1 -4 -3  1 -2 -2 -4  2  3 -3  5 -2 -4  0  0 -4 -3  2    2   0   4   0   0   7   2   3   0  10  28   0  17   0   0   8   5   0   0  14  0.40 inf
  144 L   -3 -5 -6 -6 -4 -5 -5 -6 -6  4  3 -5  1 -1 -5 -5 -3 -5 -3  4    0   0   0   0   0   0   0   0   0  26  34   0   2   2   0   0   0   0   0  36  1.03 inf
  145 N   -2 -3  6  2 -4 -2 -2 -3  1 -5 -5 -2 -4 -5 -4  5 -1 -6 -4 -5    0   0  40  11   0   0   0   0   4   0   0   0   0   0   0  45   0   0   0   0  1.09 inf

                      K         Lambda
Standard Ungapped    0.1351     0.3263
Standard Gapped      0.0591     0.2670
PSI Ungapped         0.1930     0.3162
PSI Gapped           0.0591     0.2670
