
Last position-specific scoring matrix computed, weighted observed percentages rounded down, information per position, and relative weight of gapless real matches to pseudocounts
           A  R  N  D  C  Q  E  G  H  I  L  K  M  F  P  S  T  W  Y  V   A   R   N   D   C   Q   E   G   H   I   L   K   M   F   P   S   T   W   Y   V
    1 M   -3 -4 -4 -5 -4 -3 -4 -5 -4  0  0 -4 10 -2 -5 -4 -3 -4 -3  0    0   0   0   0   0   0   0   0   0   3   0   0  93   0   0   0   0   0   0   5  2.02 inf
    2 K   -1  4 -1 -2 -4  2  0 -3 -2 -4 -4  5 -1 -5 -3  0 -1 -4 -3 -4    5  25   2   0   0   7   3   0   0   0   0  50   2   0   0   4   2   0   0   0  0.80 inf
    3 P    0  1  1 -1 -3  0  0 -2 -1 -3 -2  1  0 -3  4  2  1 -3 -3 -2    6   9   6   1   0   3   3   1   1   0   1  12   3   0  24  18   9   0   0   2  0.41 inf
    4 V    3 -3 -3 -3 -2 -2 -3 -3 -3  2 -1 -2 -1 -2  3 -1 -1 -4 -3  4   28   0   0   0   0   0   1   1   0   9   1   1   0   0  15   1   3   0   0  38  0.48 inf
    5 T   -1 -2 -1 -3 -3 -2 -3 -4 -4 -3 -3  1 -3 -4 -3  0  7 -5 -4 -1    2   1   1   0   0   0   0   0   0   0   0  10   0   0   0   3  79   0   0   3  1.23 inf
    6 L   -3 -4 -5 -5 -3 -3 -5 -5 -5  6  3 -4  3 -2 -5 -4 -3 -4 -3  1    0   0   0   0   0   1   0   0   0  60  28   0   9   0   0   0   0   0   0   2  1.02 inf
    7 Y   -1  1  2  1 -4 -1  1 -2  1 -3 -3  1 -2  0 -3 -1  0 -1  5 -3    5   6  11   8   0   1  11   1   3   1   0  11   0   1   0   3   7   0  31   0  0.41 inf
    8 D   -4 -4 -1  8 -6 -2  0 -4 -3 -6 -6 -3 -5 -6 -4 -2 -3 -7 -6 -6    0   0   0  94   0   1   3   0   0   0   0   0   0   0   0   2   0   0   0   0  2.07 inf
    9 V   -2 -5 -5 -6 -3 -5 -5 -6 -6  1 -1 -5 -1 -3 -5 -4 -2 -5 -4  7    0   0   0   0   0   0   0   0   0   2   0   0   0   0   0   0   0   0   0  98  1.62 inf
   10 A    6 -4 -4 -4 -3 -3 -3 -2 -4 -4 -4 -3 -3 -5 -3  1 -2 -5 -4 -2   93   0   0   0   0   0   0   0   0   0   0   0   0   0   0   7   0   0   0   0  1.41 inf
   11 E    1  5 -1 -2 -4  1  2 -3 -1 -4 -3  4 -3 -4 -3 -1 -2 -4 -3 -3   11  35   1   1   0   3  12   1   1   0   1  31   0   0   0   1   0   0   0   1  0.67 inf
   12 Y   -1  2 -2 -2 -3  0  1 -3  4 -1  2  2  0 -2 -3 -2 -2 -3  1  0    3  11   0   1   0   4  13   0  14   2  28  13   1   0   0   0   0   0   5   6  0.25 inf
   13 A    6 -4 -4 -4 -3 -3 -3 -2 -4 -3 -4 -3 -3 -4 -3  0 -2 -5 -4 -1   96   0   0   0   0   0   0   0   0   0   0   0   0   0   0   2   0   0   0   2  1.45 inf
   14 G   -2 -3  0 -2 -5 -3 -4  7 -4 -6 -6 -2 -5 -5 -4 -2 -4 -5 -5 -5    1   1   5   1   0   1   0  90   0   0   0   1   0   0   0   1   0   0   0   0  1.74 inf
   15 V   -2 -5 -5 -6  0 -5 -5 -6 -6  1 -1 -5 -1 -3 -5 -4 -2 -5 -4  7    0   0   0   0   2   0   0   0   0   1   0   0   0   0   0   0   0   0   0  97  1.60 inf
   16 S   -1 -3 -2 -3 -3 -2 -3 -2 -3 -5 -5 -3 -4 -5 -3  7  0 -5 -4 -4    0   0   0   0   0   0   0   1   0   0   0   0   0   0   0  95   4   0   0   0  1.55 inf
   17 Y   -1 -2 -3 -4 -3 -1 -3 -4  4  2  1 -2  3  0  3 -2 -2 -1  3  1    4   1   0   0   0   1   0   0  12  14  11   2  13   1  14   1   0   1  14  12  0.35 inf
   18 Q    2  0 -2 -2 -3  4 -1 -3 -2 -3 -3  3  1 -4 -2  0  2 -4 -3 -2   22   1   0   0   0  26   0   0   0   0   0  23   5   0   1   3  19   0   0   0  0.53 inf
   19 T   -2 -4 -2 -4 -3 -3 -3 -4 -4 -3 -4 -3 -3 -5 -4  0  7 -5 -4 -3    0   0   0   0   0   0   0   0   0   0   0   0   0   0   0   2  98   0   0   0  1.86 inf
   20 V   -2 -5 -5 -6 -3 -5 -5 -6 -6  1 -1 -5 -1 -3 -5 -4 -2 -5 -4  7    0   0   0   0   0   0   0   0   0   1   0   0   0   0   0   0   0   0   0  99  1.65 inf
   21 S   -1 -3 -2 -3 -3 -2 -3 -3 -3 -5 -5 -3 -4 -5 -3  7  0 -5 -4 -4    0   0   0   0   0   0   0   0   0   0   0   0   0   0   0  97   3   0   0   0  1.62 inf
   22 R   -4  8 -1 -4 -6 -1 -3 -5 -3 -6 -5  0 -4 -5 -5 -3 -4 -5 -4 -5    0  97   2   0   0   0   0   0   0   0   0   2   0   0   0   0   0   0   0   0  2.09 inf
   23 V   -2 -5 -5 -6 -3 -5 -5 -6 -5  0 -1 -5 -1 -1 -5 -4 -2 -5 -3  7    0   0   0   0   0   0   0   0   0   0   0   0   0   3   0   0   0   0   0  97  1.59 inf
   24 V   -3 -4 -5 -5 -3 -4 -4 -5 -4  4  4 -4  3 -1 -4 -4 -2 -4 -3  3    0   0   0   0   0   0   0   0   0  31  42   0   8   0   0   0   1   0   0  18  0.76 inf
   25 N   -4 -3  8 -1 -5 -3 -3 -3 -2 -6 -6 -3 -5 -6 -5 -1 -3 -6 -5 -6    0   0  98   0   0   0   0   0   0   0   0   0   0   0   0   2   0   0   0   0  2.26 inf
   26 Q   -1  0  5  1 -2  1 -1  3  2 -5 -5  1 -4 -5 -3 -1 -2 -5 -3 -4    2   3  44   6   1   5   1  24   4   0   0   9   0   0   0   0   1   0   0   0  0.74 inf
   27 A    0  1  2  0 -3  0  3 -2  3 -3 -3  0 -3 -1 -1  1  0 -3  2 -3    8  11  14   2   0   0  23   0  10   0   1   2   0   3   3  14   5   0   7   0  0.31 inf
   28 S    1 -2 -2  0 -4 -2  0  3 -2 -4 -4 -2 -3 -4  5  0 -1 -4 -3 -3   14   2   1   4   0   1   6  27   1   0   0   1   0   0  36   4   3   0   1   0  0.79 inf
   29 H   -2  1  4 -1 -4  0 -2 -1  4 -3 -3  0 -3 -2 -2  1 -1 -2  4 -3    1   6  30   1   0   3   0   4  12   1   2   6   0   0   2  11   1   0  20   1  0.48 inf
   30 V   -2 -5 -5 -5 -3 -4 -5 -5 -5  4  1 -4 -1 -2 -4 -4 -1 -5 -3  6    0   0   0   0   0   0   0   0   0  20   7   0   0   0   0   0   1   0   0  72  1.11 inf
   31 S   -1  4 -1 -2 -3 -1 -2 -1 -2 -4 -4  2 -3 -4 -3  5 -1 -5 -3 -4    3  26   1   0   0   0   0   3   0   0   0  12   0   0   0  53   1   0   0   0  0.78 inf
   32 A    1 -2 -2  2 -4  2  4 -2 -2 -4 -3  0 -3 -4  4 -1 -2 -4 -4 -2   12   0   0  10   0   9  31   1   0   0   1   6   0   0  24   3   0   0   0   2  0.64 inf
   33 K    2  2 -1  0 -3  1  2 -1 -2 -3 -3  4 -2 -4 -2  0 -1 -4 -3 -2   21   8   1   4   0   4  15   2   0   0   1  35   0   0   1   4   2   0   0   2  0.41 inf
   34 T   -2 -4 -3 -4 -3 -3 -3 -4 -4 -2 -2 -3  0 -4 -4 -1  7 -5 -4 -2    0   0   0   0   0   0   0   0   0   1   3   0   3   0   0   0  92   0   0   1  1.62 inf
   35 R   -3  7 -3 -4 -5 -1 -2 -4 -2 -1 -3  3 -3 -3 -4 -3 -3 -5 -1 -4    1  77   0   0   0   0   1   0   0   4   1  13   0   1   0   0   0   0   2   0  1.44 inf
   36 E    1  0  0  2 -3  2  4 -3 -1 -3 -3  2 -3 -4 -2 -1 -1 -4 -3 -3   11   4   4  13   0  10  36   0   1   0   2  13   0   0   0   2   3   0   0   1  0.48 inf
   37 K   -2  4 -2 -3 -5  0 -1 -4 -3 -4 -4  6 -3 -5 -3 -2 -2 -5 -4 -4    2  21   1   0   0   1   1   0   0   0   1  73   0   0   0   0   1   0   0   0  1.31 inf
   38 V   -2 -5 -5 -6 -3 -5 -5 -6 -6  1 -1 -5 -1 -3 -5 -4 -2 -5 -4  7    0   0   0   0   0   0   0   0   0   2   0   0   0   0   0   0   0   0   0  98  1.64 inf
   39 E   -2  0  0 -1 -3  2  3 -3  1 -1  1 -1  2  0 -3 -2 -1 -3  2 -2    2   4   3   1   0   9  31   0   4   1  20   2   8   4   0   1   1   0   8   0  0.29 inf
   40 A    3  1 -1  1 -3  3  1 -2 -1 -3 -2  2 -2 -4 -2  0 -1 -4 -3 -2   37   9   2   6   0  16   9   1   1   0   2  13   0   0   0   2   1   0   0   0  0.38 inf
   41 A    6 -4 -4 -4 -2 -3 -3 -2 -4 -1 -3 -3 -2 -4 -3  0 -1 -5 -4  2   78   0   0   0   0   0   0   1   0   2   0   0   0   0   0   2   1   0   0  15  1.01 inf
   42 M   -2 -4 -5 -5 -3 -3 -4 -5 -4  5  0 -4  7 -1 -5 -4 -2 -4 -3  2    2   0   0   0   0   0   0   0   0  44   0   0  39   2   0   0   2   0   0  12  1.11 inf
   43 A    3  1  0  2 -3  1  2 -1 -1 -3 -3  2 -2 -4 -2  0 -1 -4 -3 -2   32   6   3  11   0   6  15   2   1   0   0  17   0   0   0   2   3   0   0   0  0.36 inf
   44 E    0  1 -2  0 -5  2  6 -4 -1 -4 -3  1 -3 -5 -3 -1 -2 -5 -4 -3    8   6   0   2   0  10  63   0   0   0   2   5   0   0   0   1   2   0   0   1  0.90 inf
   45 L   -4 -4 -6 -6 -3 -4 -5 -6 -5  0  6 -5  1 -2 -5 -5 -3 -4 -3 -1    0   0   0   0   0   0   0   0   0   1  97   0   2   0   0   0   0   0   0   0  1.43 inf
   46 N   -2 -1  6  2 -4 -1 -2  4  2 -5 -5 -1 -4 -5 -4 -1 -2 -5 -4 -5    0   4  44  10   0   2   0  33   5   0   0   2   0   0   0   1   0   0   0   0  0.93 inf
   47 Y   -5 -4 -5 -6 -5 -4 -5 -6 -1 -4 -4 -5 -4  2 -6 -4 -4  0  9 -4    0   0   0   0   0   0   0   0   0   0   0   0   0   3   0   0   0   0  97   0  2.67 inf
   48 I   -2  5 -2 -3 -4  3 -1 -4  2 -1 -2  1 -2 -1 -3 -1 -1 -4 -2  1    2  41   0   0   0  21   0   0   5   4   1   4   0   2   0   2   2   0   0  16  0.59 inf
   49 P   -3 -2 -5 -4 -6 -4 -4 -5 -5 -6 -6 -3 -5 -6  9 -3 -4 -6 -6 -5    0   3   0   0   0   0   0   0   0   0   0   0   0   0  97   0   0   0   0   0  2.87 inf
   50 N   -4 -3  8  0 -5 -2 -3 -3 -2 -6 -6 -3 -5 -6 -4  0 -2 -6 -5 -5    0   0  94   2   0   0   0   0   0   0   0   0   0   0   0   4   0   0   0   0  2.08 inf
   51 R    2  2 -1  0 -2  0  0 -1 -1 -2 -1 -1 -1 -2  1  1  1 -3 -3 -1   26  16   2   4   0   4   4   3   1   1   8   0   1   1   7  11   8   0   0   4  0.17 inf
   52 C    2 -3 -1 -3 -2 -2 -3 -2 -1  2  1 -3  1 -1 -3  0 -1 -3 -2  3   26   0   2   0   0   0   0   1   1  15  12   0   5   3   0   9   0   0   0  25  0.28 inf
   53 A    7 -4 -4 -4 -3 -3 -3 -2 -4 -4 -4 -3 -3 -5 -3 -1 -2 -5 -4 -3   99   0   0   0   0   0   0   0   0   0   0   0   0   0   0   0   1   0   0   0  1.63 inf
   54 Q   -3  7 -3 -3 -6  4 -2 -4 -2 -5 -4  0 -3 -5 -4 -1 -3 -5 -4 -5    1  73   0   0   0  22   0   0   0   0   0   1   0   0   0   3   0   0   0   0  1.57 inf
   55 Q    1 -1  1 -2 -3  3 -1  2 -2 -3 -3 -1 -3 -4 -3  4  0  1 -3 -3   13   2   7   0   0  15   1  18   0   1   1   0   0   0   0  36   3   2   0   0  0.47 inf
   56 L   -4 -4 -6 -6 -4 -4 -5 -6 -5 -1  6 -5  0 -2 -5 -5 -3 -4 -3 -1    0   0   0   0   0   0   0   0   0   0 100   0   0   0   0   0   0   0   0   0  1.55 inf
   57 A    5 -1 -3 -3 -2  1 -2 -2 -1 -1 -2 -2 -2  0 -3  0  0 -4 -1  1   58   4   0   0   0   6   0   0   1   1   2   1   0   4   0   2   4   0   2  13  0.50 inf
   58 G   -1  0  0 -2 -3 -1 -2  4 -2 -4 -3 -1 -3 -4 -3  3  1 -4 -4 -3    2   6   3   0   0   2   0  41   0   0   2   3   0   0   0  30  10   0   0   0  0.64 inf
   59 K   -1  3  2 -2 -4  1 -1  0 -2 -4 -4  5 -3 -5 -3  1  0 -5 -3 -4    2  13  12   0   0   6   0   6   0   0   0  47   0   0   0   9   5   0   0   0  0.66 inf
   60 Q   -2  5 -1 -3 -1  3 -1 -3  1 -4 -4  4 -3 -5 -3  0 -2 -4 -3 -3    2  45   1   0   1  13   2   0   3   0   0  24   0   0   0   5   1   0   0   2  0.84 inf
   61 S   -1 -3 -2 -3 -3 -2 -3 -3 -3 -4 -4 -2 -3 -5 -2  5  5 -5 -4 -3    2   0   0   0   0   0   0   0   0   0   0   0   0   0   1  60  36   0   0   0  1.14 inf
   62 L   -3 -3 -4 -5 -3 -3 -4 -4 -1 -1  1 -4  3  6 -4 -3 -3  0  6 -2    0   0   0   0   0   0   0   0   0   0  11   0  10  46   0   0   0   0  33   0  1.02 inf

                      K         Lambda
Standard Ungapped    0.1219     0.3123
Standard Gapped      0.0626     0.2670
PSI Ungapped         0.2036     0.3137
PSI Gapped           0.0626     0.2670
