
Last position-specific scoring matrix computed, weighted observed percentages rounded down, information per position, and relative weight of gapless real matches to pseudocounts
           A  R  N  D  C  Q  E  G  H  I  L  K  M  F  P  S  T  W  Y  V   A   R   N   D   C   Q   E   G   H   I   L   K   M   F   P   S   T   W   Y   V
    1 A    5 -2 -2 -2 -2 -2 -2 -1 -3 -3 -3 -2 -2 -3 -2  2 -1 -4 -3 -1   80   0   0   0   0   0   0   0   0   0   0   0   0   0   0  20   0   0   0   0  0.77 inf
    2 K   -1 -2 -1  4 -5  1  5 -3 -2 -4 -4  1 -4 -5  2 -1 -2 -5 -4 -4    3   0   1  27   0   4  42   0   0   0   0   9   0   0  12   2   0   0   0   1  0.78 inf
    3 M   -2 -3 -4 -5 -2 -3 -4 -5 -4  5  2 -3  2  1 -4 -3 -2 -3 -2  3    1   1   0   0   0   1   0   0   0  47  19   1   4   4   0   1   0   0   0  21  0.65 inf
    4 A    0 -1  1  3 -3  0  2 -2  1 -2 -2  0 -1 -3 -1  2  2 -4 -3 -2    7   1   4  20   0   3  17   1   3   1   4   5   1   0   1  16  14   0   0   1  0.28 inf
    5 F   -3 -4 -4 -4 -4 -3 -4 -5 -2  0 -1 -4 -2  6 -4 -3 -3  0  6  1    0   0   0   1   0   1   1   0   0   4   2   1   0  44   1   1   0   1  33  12  1.08 inf
    6 T   -1 -1  0  2 -3  2  3 -3 -1 -2 -3  0 -2 -4 -2  0  4 -4 -3 -1    2   1   2   9   0  12  25   0   1   2   0   4   0   0   0   4  34   0   0   4  0.46 inf
    7 L   -1 -2  0 -2 -2 -1  1 -4 -1  3  0 -1  0 -1 -2 -1  0 -1  0  3    1   0   5   0   0   2  14   0   2  24   3   2   2   1   1   1   7   1   3  32  0.24 inf
    8 A    1 -3 -4 -4 -2 -3 -2 -4 -4  2  2 -2  0 -1 -2 -2 -1 -4 -2  4   11   0   0   0   0   0   3   0   0   9  26   1   0   1   1   1   1   0   0  46  0.46 inf
    9 D   -1 -1  1  4 -3  1  2 -2  1 -3 -4 -1 -2 -4 -2  1  3 -4 -3 -3    3   2   5  29   0   7  18   1   3   0   0   2   0   0   0   7  23   0   0   0  0.50 inf
   10 R    0 -1  1  3 -4  1  5 -2 -1 -4 -4  1 -3 -4 -2  0  0 -4 -3 -3    7   1   8  14   0   5  46   0   1   0   0   5   0   0   1   6   5   0   0   0  0.60 inf
   11 V    0 -2 -3 -1 -2 -1 -1 -3 -2  3  2 -2  0  2 -2 -2 -1 -1  0  2    8   1   0   3   0   2   5   1   1  21  19   2   1  10   2   2   1   1   2  21  0.17 inf
   12 T    0 -1  2  2 -3  0  0 -1 -1 -2 -2  1 -2 -2 -1  2  3 -4 -3 -2    5   2   9  11   0   2   5   2   1   0   4  11   0   1   2  15  29   0   0   1  0.27 inf
   13 E    0 -1  0  2 -3  1  3 -2 -1 -2  0  0 -2 -2  2  0 -1 -4 -3 -1   11   1   4  11   0   6  27   1   1   1  10   6   0   1  10   4   1   0   0   4  0.25 inf
   14 E    0 -1  0  4 -4  1  3 -2 -1 -1 -2  0 -3 -4 -1  0 -1 -2 -2 -1    8   1   4  35   0   5  21   1   1   3   3   5   0   0   2   6   1   1   1   3  0.42 inf
   15 M    0 -2 -1  0 -3  2  0 -3  3  0  1  0  5 -1 -2 -1 -1 -3 -2  0    7   0   3   6   0  10   3   0   8   6   9   8  30   1   1   3   1   0   0   4  0.26 inf
   16 L   -3 -4 -3 -4 -3 -4 -4 -5 -4  1  4 -3  0  5 -4 -4 -3 -1  0 -1    1   0   1   1   0   0   1   0   0   4  54   1   0  34   0   0   0   0   0   2  0.83 inf
   17 A    1 -1  0  0 -2  1  0  1 -1 -2 -2  1 -2 -3  1  1  3 -3 -2 -1   15   1   4   3   0   5   5   9   1   1   1   9   0   0   5  10  25   0   1   4  0.20 inf
   18 D    0 -1  1  4 -3  1  2  1  0 -4 -4  0 -3 -4 -1  2  0 -4 -3 -3    4   1   5  32   0   5  13   9   1   0   0   5   0   0   3  16   5   0   0   0  0.44 inf
   19 K   -1 -1  0  2 -3  1  3 -1  1 -2 -3  1 -2 -3  3  0  0 -4 -3 -1    4   1   5  15   0   4  27   4   3   2   1   7   0   0  13   4   4   0   0   6  0.33 inf
   20 A    1 -2  0  0 -1  0  0 -1 -2  0  0 -2  3 -2 -2  1  0 -2 -2  1   18   0   3   7   0   5   5   3   0   6   4   0  14   0   0  14   6   0   1  13  0.12 inf
   21 A    4 -3 -2 -2 -1 -2 -2 -1 -2 -1 -2 -2 -2  1 -2  2  2 -3 -2  0   46   0   0   1   0   0   2   3   0   2   0   0   0   8   0  16  12   0   0   8  0.39 inf
   22 L   -3 -4 -5 -5 -3 -4 -5 -5 -4  2  3 -4  0  5 -5 -4 -3 -2  0  1    0   0   0   0   0   0   0   0   0  14  37   0   1  37   0   0   0   0   0  12  0.80 inf
   23 V   -3 -3 -2 -4 -1 -2 -2 -4  6  1 -2 -3 -1  0 -4 -3 -2 -1  6  1    0   0   1   0   1   1   2   1  27   8   2   0   1   1   0   0   1   0  42  12  0.96 inf
   24 V   -2 -4 -5 -5 -3 -4 -4 -5 -4  2  3 -4  0  3 -4 -3 -2 -3 -1  4    1   0   0   0   0   0   0   0   0  11  26   0   0  16   0   0   0   0   0  45  0.66 inf
   25 E   -2 -2 -2 -1 -6  0  7 -3 -2 -6 -5 -1 -4 -6 -3 -2 -3 -5 -4 -5    2   0   0   0   0   0  96   1   0   0   0   0   0   0   0   0   0   0   0   0  1.78 inf
   26 V   -1 -3 -3 -4 -3 -1 -3 -3 -3  2  2 -3  6 -1 -4  0  0 -3 -2  2    3   0   1   0   0   2   0   1   0  12  16   0  38   1   0   6   5   0   0  14  0.56 inf
   27 V   -1 -2 -2  1 -3 -1  0 -3  1  1  3 -2  1  0  1 -1 -1 -3  0  0    4   0   1  12   0   2   5   0   5   5  40   0   4   4   6   4   1   0   3   3  0.19 inf
   28 E   -1 -2  1  3 -4 -2  3  5 -2 -5 -5 -2 -4 -4 -3 -1 -1 -4 -3 -4    1   1   6  19   0   0  20  47   1   0   0   0   0   0   1   1   2   0   1   0  0.78 inf
   29 E   -1 -2  0  5 -5 -1  5 -2 -2 -5 -5  0 -4 -4 -1  0 -1 -5 -4 -4    4   0   1  40   0   0  41   1   0   0   0   3   0   0   2   5   2   0   0   0  0.90 inf
   30 N   -4 -2  8  0 -5 -1 -2 -3  2 -6 -6 -2 -4 -4 -4 -1 -2 -6 -4 -5    0   1  91   2   0   1   0   0   4   0   0   0   0   1   0   1   1   0   0   0  1.91 inf
   31 Y   -4 -4 -5 -5 -5 -4 -4 -6 -1 -4 -4 -4 -4  0  2 -4 -4  0  9 -4    0   0   0   0   0   0   0   0   0   0   0   0   0   0  11   0   0   0  89   0  2.26 inf
   32 H   -4 -3 -2 -4 -5 -2 -3 -5 10 -5  0 -3 -2 -3 -5 -4 -4 -5 -1 -5    0   0   0   0   0   0   0   0  88   0  10   0   0   1   0   0   0   0   0   0  2.43 inf
   33 D   -2  1  0 -1 -3  2  0 -2  2  0  0  1 -1 -2 -2  0  3 -3  0  0    0   8   3   3   0  12   4   1   6   5  10   9   0   0   0   2  28   0   3   5  0.18 inf
   34 A    4 -3 -1  1  1 -1  1  0 -3 -3 -3 -2 -3 -4 -2  2 -1 -4 -3 -2   50   0   1  10   3   0  12   6   0   0   0   0   0   0   0  16   1   0   0   0  0.52 inf
   35 P   -1 -2  1  4 -4  0  3 -3 -2 -4 -4 -1 -4 -5  4 -1 -1 -5 -4 -4    5   0   6  31   0   3  22   0   0   0   0   3   0   0  25   3   2   0   0   0  0.80 inf
   36 I   -2 -4 -4 -5 -3 -2 -4 -4 -4  5  2 -4  2  3 -2 -3 -2 -3 -1  2    0   0   0   0   0   2   0   1   0  47  17   0   7  14   2   0   1   0   0  10  0.62 inf
   37 V    0 -3 -3 -3 -1 -1 -1 -4 -3  3  2 -2  1 -1 -3 -2 -1  1 -2  3   10   0   0   0   1   3   5   0   1  26  25   1   1   0   0   0   3   2   0  23  0.33 inf
   38 G    0 -4 -2 -3 -2 -3 -4  7 -4 -5 -5  0 -4 -5 -4 -2 -3 -5 -5 -5    7   0   0   0   1   0   0  85   0   0   0   7   0   0   0   0   0   0   0   0  1.53 inf
   39 I   -3 -4 -5 -5 -2 -4 -5 -5 -4  3  1 -4  0  7 -5 -4 -3 -1  1  2    1   0   0   0   1   0   0   0   0  17  10   0   2  56   0   0   0   0   0  12  0.99 inf
   40 A    4 -3 -2 -3 -2 -2 -3  2 -3 -1 -2 -2 -2 -2 -3  2 -1 -4 -2  1   49   0   0   0   0   0   0  18   0   1   2   0   1   1   0  13   1   0   1  13  0.50 inf
   41 V   -3 -4 -5 -5 -3 -4 -4 -5 -4  4  3 -4  0  2 -4 -4 -3  7 -1  1    1   0   0   0   0   0   0   0   0  29  36   0   1   9   0   0   0  18   0   7  0.83 inf
   42 V    1 -1 -2 -2 -2 -1 -2  4  0 -1 -2  0 -2 -1 -3  1  0 -3  0  1   15   1   0   0   1   2   1  34   3   1   1   8   0   2   0  11   3   0   5  13  0.28 inf
   43 N    0 -2  5  3 -1 -1 -1 -1  0 -1 -3 -2 -1 -3 -3  1  2 -4 -2 -1    7   1  37  16   1   1   0   1   2   5   0   0   1   0   0   8  14   0   0   4  0.45 inf
   44 E    0  0  1  2 -4  1  3  2 -1 -4 -4  1 -3 -4  0  0 -1 -4 -3 -4    4   2   7  14   0   5  25  22   0   0   0  10   0   0   5   4   1   0   0   0  0.42 inf
   45 H   -1  0  2  3 -4  1  2  0  1 -3 -4  2 -2 -4 -2  0  0 -4 -3 -3    2   2   9  20   0   7  18   8   4   1   0  16   1   0   0   6   6   0   0   1  0.36 inf
   46 G    0  1  1 -1 -2  2  1  3  3 -4 -3  2 -2 -4 -3 -1  0 -4 -2 -3    5   7   5   1   0  14   6  27   9   0   0  17   0   0   0   1   6   0   0   2  0.36 inf
   47 R    0 -1  0 -3  1 -1 -2 -2  2  2  0 -1 -1  0 -3  0  1  5  2  0    6   4   5   0   4   2   0   3   9  20   4   3   0   2   0   5   9  10   8   7  0.16 inf
   48 F   -3 -4 -4 -5 -3 -3 -4 -5  0 -1  0 -4 -2  4 -5 -3 -3  3  8  0    0   0   0   0   0   1   0   0   1   2   6   0   0  17   0   0   1   3  60   7  1.31 inf
   49 F    0 -4 -4 -5 -3 -4 -4 -3 -3  0 -1 -4 -1  5 -4 -3 -2 -2  4  4   10   0   0   0   0   0   0   1   0   1   0   0   0  30   0   0   1   0  14  43  0.72 inf
   50 L   -1 -3 -2 -3 -2 -2 -3 -2 -3  3  0 -2  1 -1 -3  3  2 -3 -2  2    3   0   0   0   0   0   0   1   0  27   8   0   4   3   0  29  13   0   0  12  0.32 inf
   51 R   -1  2  1  2 -3  0  0 -2 -2 -4 -4  1 -3 -4  4  1  1 -4 -3 -3    2  17   9  13   0   2   3   2   0   0   0   6   0   0  24  10  13   0   0   0  0.52 inf
   52 P    1 -1  1  4 -3 -1  0 -2 -2 -2 -2  0 -1  0  1  0  1  0 -1 -1   14   3   6  30   0   1   3   1   0   2   2   4   2   6   7   2  12   1   1   4  0.22 inf
   53 E   -1 -2  0  3 -3  0  3 -2 -2  0  0 -1 -1 -2 -1 -1 -1 -4 -2  1    4   0   3  22   0   1  28   1   0   4   8   2   1   1   2   1   3   0   0  17  0.28 inf
   54 T    0 -1  0  2 -2  1  2 -2 -1  0 -1  0 -1 -2 -2  1  2 -2 -2  1    8   1   5  12   0   6  13   1   1   5   4   3   0   1   0  11  16   0   0  12  0.14 inf
   55 A    3 -3 -4 -4 -2 -3 -3 -3 -4  2  4 -3  1 -1 -3 -2 -2 -3 -3  1   32   0   0   0   0   0   1   0   0   9  52   0   1   0   0   0   0   0   0   5  0.56 inf
   56 L   -2 -2 -3 -3 -2  0 -1 -4 -1  0  4  1  1  2 -3 -2 -2 -3 -2  0    2   1   1   0   1   5   3   0   2   2  57  10   2   8   0   2   1   0   0   4  0.39 inf
   57 A    1  0  1  1 -3  4  2 -2 -1 -4 -3  2 -2 -4 -2  1  0 -4 -3 -3   10   2   5   6   0  23  15   1   0   0   0  16   1   0   0  13   7   0   0   0  0.39 inf
   58 D    0 -1  1  2 -2  1  2 -1  0 -3 -2  0 -2 -2 -2  3  0  2  0 -3    5   1   8  10   1   5  13   1   2   0   2   3   0   1   1  35   5   3   4   0  0.30 inf
   59 P    1 -1 -1  2 -3  1  3 -2 -2 -3 -4  0 -2 -4  4  1  0 -4 -3 -3   14   1   1  14   0   5  21   0   0   0   0   6   1   0  24   8   6   0   0   0  0.52 inf
   60 Q    2 -1 -1  0 -2  0  1 -2 -1 -1 -1 -1 -1 -2  3  0  0 -3 -2  0   25   2   3   6   0   5  12   1   2   3   7   3   1   0  16   2   4   0   1   9  0.20 inf
   61 F   -3 -4 -5 -5 -3 -4 -5 -5 -4  1  3 -4  0  6 -5 -4 -3 -1  0  1    0   0   0   0   0   0   0   0   0   8  31   0   0  49   0   0   0   0   0  11  0.93 inf
   62 V   -1  4 -1 -2 -1  1 -1 -3  0  0 -2  5 -2 -4 -3 -1 -1 -4 -3  0    2  24   1   0   1   6   0   0   2   8   2  43   0   0   0   2   3   0   0   7  0.52 inf
   63 A    1  0  1  2 -3  2  3 -1  0 -3 -3  2 -2 -4 -2  1  0 -4 -3 -3   16   3   9  14   0   9  20   1   1   0   0  15   0   0   0   7   5   0   0   0  0.34 inf
   64 W   -2 -5 -6 -6 -4 -4 -5 -5 -4  0  0 -5 -1  2 -6 -5 -4 11  1 -1    3   0   0   0   0   0   0   0   0   7  10   0   1   8   0   0   0  66   2   3  2.34 inf
   65 L    1 -4 -5 -5 -2 -4 -4 -4 -4  1  5 -4  1  0 -4 -3 -2 -3 -3  0   13   0   0   0   0   0   0   0   0   5  76   0   1   2   0   0   0   0   0   3  0.82 inf
   66 G    2 -1 -1 -1 -3  1  5 -1 -2 -4 -3  0 -2 -2 -2  0  0 -4 -3 -3   23   1   1   0   0   5  48   4   0   0   0   4   0   1   0   4   5   0   0   0  0.56 inf
   67 D   -2 -2  4  6 -4 -1  0 -2 -2 -4 -4 -1 -4 -4 -3  1 -2 -5 -4 -4    1   1  19  60   0   2   1   1   0   0   0   2   0   0   0  10   1   0   0   0  1.05 inf
   68 E    1 -1 -1  2 -3  1  3 -1  0 -3 -3  1 -3 -4  3  1 -1 -2 -3 -3   11   1   0  11   0   5  28   4   2   1   0   8   0   0  17   8   3   0   0   0  0.42 inf
   69 T    0  0  2  1 -3  2  1 -1 -1 -2 -3  2 -2 -3 -1  2  2 -4 -3 -2    9   2   9   7   0   9   9   2   0   1   0  15   0   0   1  14  20   0   0   1  0.28 inf
   70 K   -1  2 -1 -2 -1  1 -1 -3 -2  2 -1  3  1 -2 -3 -1  1 -3 -2  1    4  10   1   0   1   6   0   1   0  19   3  29   3   0   0   2  10   0   1  11  0.21 inf
   71 K   -1  0 -1 -1 -3  1  2 -2  0 -2 -2  4 -2 -3  3  0  0 -4 -3 -2    4   2   1   2   0   6  17   1   2   2   3  35   0   1  13   4   6   0   0   2  0.39 inf
   72 K   -2  0 -2 -3 -4 -1 -1 -3 -3 -1 -1  7 -1 -3 -3 -2 -2 -4 -3 -1    0   0   0   0   0   0   0   0   0   5   6  81   1   1   0   0   0   0   0   4  1.07 inf
   73 S   -1  1  2  1 -2  0 -1 -2  0 -1 -2  0 -2  0 -2  0  1  5  2  0    3   7  17   8   0   5   0   0   1   5   2   6   0   4   0   8   8  10   7   7  0.20 inf
   74 M   -1 -4 -4 -4 -2 -3 -4  0 -4  1  0 -3  1 -3 -4 -2  2 -4 -3  5    2   0   0   0   0   0   0   9   0   2   5   0   4   0   0   0  12   0   0  65  0.67 inf
   75 F   -3 -4 -4 -5 -3 -4 -5 -5  0 -2 -2 -4 -2  7 -5 -3 -4  0  7 -2    1   0   0   0   0   0   0   0   1   0   1   0   0  54   0   2   0   0  38   2  1.53 inf
   76 D   -4 -4  2  8 -6 -2 -1 -3 -3 -5 -6 -3 -5 -6 -4 -2 -3 -7 -5 -5    0   0   9  90   0   0   0   1   0   0   0   0   0   0   0   0   0   0   0   0  1.91 inf
   77 S    4 -2 -2 -3 -2 -2 -2  1 -3 -1  1 -2  0  1 -3  1 -1 -3 -2  0   46   0   0   0   0   0   0   9   0   1  15   1   3   8   0   8   1   0   1   6  0.32 inf
   78 K   -3  0 -2 -3 -5 -1 -1 -4  4 -5 -5  7 -4 -5 -3 -2 -3 -5 -3 -5    0   0   0   0   0   0   0   0  11   0   0  89   0   0   0   0   0   0   0   0  1.56 inf
   79 R    1  6 -2 -3 -3  1 -1 -3 -2 -4 -4  3 -3 -4 -3 -1 -2 -4 -2 -4   14  60   0   0   1   4   1   1   0   0   0  17   0   0   0   1   0   0   1   0  0.97 inf
   80 A    2 -2 -1 -1 -2  1 -1 -2 -2 -1 -2 -2 -1 -3 -2  2  4 -4 -3  0   21   0   2   2   0   9   1   1   0   2   2   0   1   0   0  13  42   0   0   4  0.45 inf
   81 A   -1 -1 -2  0 -3  0  0 -3 -1  2  0  1  1  1 -3 -2  0 -1  4  0    2   1   0   6   0   4   6   0   0  16   8  13   4   3   0   0   7   0  23   6  0.19 inf
   82 V    0 -4 -5 -5 -1 -4 -4 -4 -5  2  1 -4 -1 -2 -4 -3 -1 -4 -2  6    8   0   0   0   1   0   0   0   0   5  10   0   0   0   0   0   1   0   1  75  0.91 inf
   83 A    4 -3 -3 -3 -2 -2 -2  2 -3 -1  1 -2  0 -2 -3  1 -1 -4 -3  1   45   0   0   0   0   0   1  17   0   1  16   0   1   1   0   8   0   0   0  10  0.38 inf
   84 L    0 -4 -5 -5 -2 -4 -4 -5 -4  0  5 -4  1  1 -4 -2 -3 -3 -2 -1   10   0   0   0   0   0   0   0   0   0  80   0   2   5   0   2   0   0   0   0  0.89 inf
   85 K    0  2  3 -1 -2  0 -1 -1  5 -3 -2  2 -2 -2 -3  1 -1 -4  0 -3    6  10  17   2   1   2   0   4  24   0   4  17   0   1   0   9   1   0   2   0  0.40 inf
   86 W   -3  6 -3 -4 -5 -1 -3 -4  3 -5 -4  0 -3 -3 -5 -3 -4  8 -1 -5    0  62   0   0   0   1   0   0   8   0   0   1   0   0   0   0   0  26   1   0  1.63 inf
   87 K   -2  0  0 -2 -3  1 -1 -3  3 -1  3  0  0  0 -3 -1 -2 -1  2 -1    2   5   4   0   0   9   2   0  11   1  37   6   0   3   0   2   1   0  11   2  0.23 inf
   88 G   -1 -3  1  2 -4 -2 -1  6 -2 -3 -5 -2 -4 -5 -4 -1 -2 -4 -4 -3    2   0   7  12   0   0   4  69   0   1   0   0   0   0   0   1   1   0   0   2  1.07 inf
   89 I   -2 -4 -4 -5 -1 -3 -4 -2 -3  6  2 -4  1 -1 -4 -3 -1 -4 -2  3    1   0   0   0   1   1   0   3   0  59  13   0   2   1   0   0   2   0   1  15  0.72 inf
   90 E    0  0  0  3 -4  1  3 -2  2 -3 -2  1 -2 -4  0  0  1 -4 -2 -3    6   2   4  18   0   6  25   0   7   1   2  12   0   0   4   3  10   0   0   0  0.36 inf
   91 L   -1 -3 -3 -4 -2 -3 -4 -4 -4  2  4 -3  2  2 -1 -3 -1 -2 -1  1    6   0   1   0   0   0   0   0   0  15  55   0   3   7   2   0   3   0   0   6  0.51 inf
   92 C    1  1  1  0 -2  2  1 -1  1 -3 -3  3 -2 -4  2  0  0 -4 -2 -2   15   8   8   4   1  12   8   3   4   0   0  22   0   0   8   4   3   0   0   2  0.28 inf
   93 G    0 -3  2 -1 -3 -1 -3  6  1 -5 -5 -2 -4 -4 -2  0 -1 -4 -3 -4    5   0  11   2   0   2   0  67   3   0   0   1   0   0   1   4   3   0   1   0  0.99 inf
   94 V    1 -4 -3 -4 -1 -3 -3 -4 -3  4  0 -3  0  0 -1 -1 -1 -4 -2  3   16   0   0   0   0   0   0   0   0  36   5   0   0   3   3   2   2   0   0  31  0.46 inf
   95 S    1  0  1  3 -2  0  1 -1 -1 -2 -3 -1 -2 -3 -2  1  1 -4 -2 -1   15   4   7  25   1   4  10   3   0   1   0   2   0   0   0  11  12   0   1   4  0.27 inf
   96 F   -4 -5 -3 -4 -2 -5 -4 -5 -1 -2 -2 -5 -2  8 -6 -4 -4  0  3 -3    0   0   1   1   1   0   0   0   1   0   0   0   0  87   0   1   0   0   7   0  1.89 inf
   97 D   -4 -4 -1  8 -6 -3 -1 -4 -3 -6 -6 -3 -6 -6 -4 -3 -3 -7 -6 -6    0   0   0 100   0   0   0   0   0   0   0   0   0   0   0   0   0   0   0   0  2.21 inf
   98 L   -1 -3 -3 -4 -2 -3 -3 -3 -3  2  3 -3  3  1 -3  0  0 -3 -2  3    4   0   0   0   0   0   0   0   0  11  31   0  10   5   0  10   3   0   0  25  0.36 inf
   99 L   -3  1 -4 -4 -3  2 -3 -4 -1  0  4 -2  4  0 -4 -3 -2 -3 -1 -1    0  10   0   0   0  11   0   0   1   1  57   0  14   2   0   1   0   0   2   2  0.58 inf
  100 L   -3 -4 -5 -5 -3 -4 -5 -6 -5  2  6 -4  2 -1 -5 -4 -3 -4 -3 -1    0   0   0   0   0   0   0   0   0   9  88   0   3   0   0   0   0   0   0   0  1.18 inf
  101 A    6 -3 -3 -4 -1 -2 -3 -1 -4 -2 -2 -3 -2 -4 -3  0 -1 -4 -4  1   79   0   0   0   1   1   0   3   0   0   1   0   0   0   0   2   1   0   0  12  0.93 inf
  102 A    3 -2 -1 -2 -2 -2 -2 -1 -3 -4 -4  1 -3 -4 -2  5 -1 -4 -3 -3   31   0   0   0   0   0   0   3   0   0   0   9   0   0   0  57   0   0   0   0  0.78 inf
  103 Y   -4 -4 -5 -6 -5 -4 -5 -6 -1 -4 -4 -4 -4  1 -6 -4 -4  0 10 -4    0   0   0   0   0   0   0   0   0   0   0   0   0   0   0   0   0   0 100   0  2.66 inf
  104 L   -3 -4 -5 -5 -3 -4 -5 -6 -5  3  5 -4  0 -1 -5 -4 -3 -4 -3  0    0   0   0   0   0   0   0   0   0  20  78   0   0   0   0   0   0   0   0   2  1.07 inf
  105 L   -2 -4 -3 -4 -3 -4 -4 -5 -4  3  5 -4  0 -1 -4 -3 -2 -3 -3  2    1   0   1   1   0   0   0   0   0  20  67   0   0   0   0   1   0   0   0  10  0.83 inf
  106 D   -3 -3  6  5 -5 -2 -1 -3 -1 -5 -5 -2 -4 -5 -3  1 -2 -6 -4 -5    0   0  45  43   0   0   1   0   1   0   0   0   0   0   0   9   1   0   0   0  1.20 inf
  107 P    0 -3  1 -3 -4 -3 -3 -3 -3 -4 -4 -3 -4 -5  7 -1  4 -5 -4 -3    5   0   8   0   0   0   0   0   0   0   0   0   0   0  53   1  32   0   0   0  1.37 inf
  108 A    1 -1  2  0 -2 -1  0 -1 -2 -2 -2 -1 -2 -3 -2  3  2 -4 -2  0   12   1  15   2   0   0   7   2   0   0   1   1   0   0   0  29  19   0   1   9  0.32 inf
  109 Q   -2  1  1  4 -5  1  4 -3  0 -3 -3  0 -3 -4 -3 -1 -2 -5 -3 -3    1   8   8  34   0   5  34   1   2   2   2   2   0   0   0   2   0   0   0   1  0.66 inf
  110 G    1 -2  5  1 -3 -2 -2 -1 -1 -3 -4 -1 -3 -4 -2  3  2 -5 -3 -3    9   0  41   6   0   0   0   1   1   1   0   1   0   0   0  24  14   0   0   0  0.65 inf
  111 V    0 -2  3  1 -2 -1 -1  0  0  1 -2 -1 -2 -2 -2  3  0 -3 -1 -1    4   0  19   6   0   0   1   5   1  12   2   1   0   1   1  35   4   0   3   3  0.26 inf
  112 D   -2 -2  5  3 -4  1  1  0  4 -4 -3  0 -3 -4 -1 -1 -1 -4 -3 -4    2   0  36  17   0   7   6   5  12   0   3   3   0   0   3   2   3   0   0   0  0.55 inf
  113 D   -2 -2  0  7 -5 -1  2 -3 -3 -4 -5 -2 -4 -5 -3  0  1 -5 -4 -3    2   1   2  67   0   1  13   0   0   0   0   0   0   0   0   4   9   0   0   1  1.16 inf
  114 V   -2 -4 -4 -5 -2 -4 -4 -5 -4  4  4 -4  2  1 -3 -3 -2 -3 -2  3    1   0   0   0   0   0   0   0   0  25  42   0   4   6   0   0   0   0   0  21  0.64 inf
  115 A    3 -1  0 -1 -2  0 -1  3 -1 -3 -3 -1 -3 -3  1  2  0 -3 -1 -2   29   1   4   3   1   3   2  22   1   0   0   2   0   0   5  19   3   0   3   0  0.35 inf
  116 A    1 -1 -1  1 -2  0  1  1 -2 -3 -2  0 -2 -3 -2  2  2 -4 -2 -2   14   1   1  10   1   3  10  12   0   0   4   5   0   0   0  21  18   0   0   2  0.24 inf
  117 A   -1 -4 -5 -5 -2 -4 -4 -5 -4  4  3 -4  0 -1 -4 -3 -2 -4 -3  4    3   0   0   0   0   0   0   0   0  33  27   0   0   0   0   0   1   0   0  36  0.72 inf
  118 A    6 -3 -3 -4  1 -3 -3 -1 -4 -2 -3 -3 -2 -4 -3  0  0 -4 -3  1   77   0   0   0   2   0   0   1   0   0   0   0   0   0   0   5   3   0   0  12  0.88 inf
  119 K    0  2  1 -1 -3  2  1 -1  4 -3 -3  2 -1 -3 -2  1  0 -2 -2 -2    8   9   5   2   0  13   5   2  16   1   0  17   2   0   0  14   3   0   0   3  0.31 inf
  120 M   -2  3  0 -1 -3  1  1 -2  2 -2  1  2  0 -2 -3 -1 -1 -3 -1 -2    1  22   4   2   0   7  13   1   7   0  22  13   3   0   0   1   3   0   1   1  0.25 inf
  121 K   -3 -2 -1 -4 -4 -2 -3 -4  6 -3 -2  1 -1  3 -4 -2 -3 -1  7 -3    0   0   2   0   0   1   0   0  24   0   3   9   1  11   0   1   0   0  46   1  1.10 inf
  122 Q   -1 -2  1  2 -4  1  0  5 -1 -5 -5 -2 -4 -4 -3 -1 -1 -2 -4 -4    4   1   8  16   0   6   3  55   1   0   0   0   0   0   0   2   3   0   0   0  0.77 inf
  123 Y   -2 -1 -2  0 -3  2  0 -3  0  0  1 -1  0  2 -3 -2 -1 -1  6 -1    2   2   1   5   0  12   4   2   1   5  14   3   2   5   0   1   2   0  37   3  0.40 inf
  124 E   -1 -1  1  0 -3  0 -1 -1  3 -2 -1 -1 -1  0  1  0  2 -2  3 -2    2   2   6   4   0   3   2   5  11   2   4   2   1   3   8   8  18   0  18   2  0.21 inf
  125 A    0 -1  1  3 -3  1  1  0  0 -2 -2 -1 -2 -1  1  1 -1 -2  1 -2    8   3   9  19   0   8   8   7   1   3   1   1   0   2   7  11   1   0   9   1  0.20 inf
  126 V   -2 -4 -5 -5 -2 -4 -4 -5 -5  3  3 -4  0 -2 -3 -3 -2 -4 -3  5    0   0   0   0   0   0   0   0   0  15  26   0   1   0   1   1   0   0   0  56  0.76 inf
  127 R    0  1 -1  0 -3  3  1 -2 -1 -2 -1  2 -1 -2  2  0 -1 -3 -1 -2    9   6   1   3   0  22   8   0   1   0   6  17   0   1  11   7   3   0   1   2  0.29 inf
  128 P    0 -1  0  1 -2 -1  0 -2 -1 -3 -2 -1 -2 -1  1  3  3 -3  0 -2    6   2   1   7   0   1   6   1   1   0   1   1   0   3   8  32  26   0   3   1  0.34 inf
  129 D   -3 -4  1  8 -6 -2  0 -3 -3 -5 -6 -3 -5 -6 -4 -2 -3 -6 -5 -5    1   0   6  89   0   0   2   0   0   0   0   0   0   0   0   1   0   0   0   0  1.81 inf
  130 E   -2 -2 -2  2 -5  0  6 -4 -2 -1 -2 -1 -3 -4 -3 -2 -3 -5 -4 -1    1   0   0  12   0   1  71   0   0   5   4   0   0   0   0   1   0   0   0   6  1.01 inf
  131 A    3 -2 -1  2 -3  1  4 -2 -1 -3 -3 -1 -2 -4 -2  1  0 -4 -3  0   28   0   0   9   0   5  35   0   1   0   0   1   1   0   0   8   4   0   0   6  0.43 inf
  132 V   -2 -4 -5 -5 -3 -4 -4 -5 -5  4 -1 -4 -1  1 -4 -4 -2 -4 -3  6    0   0   0   0   0   0   0   0   0  19   1   0   0   5   0   0   0   0   0  75  1.09 inf
  133 Y   -4 -4 -5 -6 -5 -4 -5 -6 -1 -4 -3 -4 -3  3 -6 -4 -4  1  9 -4    0   0   0   0   0   0   0   0   0   0   0   0   0   7   0   0   0   0  93   0  2.40 inf
  134 G   -2 -5 -2 -3 -5 -4 -4  7 -4 -6 -6 -4 -5 -5 -4 -2 -4 -5 -5 -5    0   0   0   1   0   0   0  99   0   0   0   0   0   0   0   0   0   0   0   0  2.03 inf
  135 K   -3  1 -2 -3 -5 -1 -1 -4 -3 -5 -5  7 -4 -5 -3 -2 -2 -5 -4 -5    0   2   0   0   0   0   0   0   0   0   0  97   0   0   0   0   2   0   0   0  1.69 inf
  136 G   -2 -5 -3 -3 -5 -4 -4  7 -4 -6 -6 -4 -5 -5 -4 -2 -4 -5 -5 -5    0   0   0   0   0   0   0 100   0   0   0   0   0   0   0   0   0   0   0   0  2.05 inf
  137 A    5 -2 -3 -3 -2 -2 -2 -2 -3 -3 -3  2 -3 -4 -3 -1 -2 -4 -4  0   75   0   0   0   0   0   0   0   0   0   0  16   0   0   0   0   0   0   0   7  0.90 inf
  138 K   -3  0 -2 -3 -5 -1 -1 -4 -3 -5 -5  7 -4 -5 -3 -1 -3 -5 -4 -5    0   0   1   0   0   0   0   0   0   0   0  95   0   0   0   4   0   0   0   0  1.63 inf
  139 R   -2  5 -2 -3 -4  2 -1 -4  0 -2 -1  2 -1  2 -3 -2 -2 -1  1 -3    2  46   0   0   0   8   1   0   2   2   4  15   2  12   0   0   0   1   6   0  0.62 inf
  140 A    3  0 -1 -2 -3  1  0  1  2 -3 -3  3 -2 -4 -2  1  0 -4 -2 -2   34   2   0   0   0   8   3   9   7   0   1  22   0   0   0   8   3   0   0   0  0.34 inf
  141 V   -2 -2 -4 -5 -2 -4 -3 -5 -4  4  2 -4  0 -2 -4 -3 -1 -2 -3  4    1   2   0   0   0   0   1   0   0  30  19   0   0   0   0   0   2   1   0  45  0.69 inf
  142 P   -3 -5 -5 -4 -2 -4 -4 -5 -5 -5 -5 -3 -5 -6  9 -3 -4 -6 -6 -5    1   0   0   0   1   0   0   0   0   0   0   0   0   0  98   0   0   0   0   0  2.86 inf
  143 D   -1 -2  0  5 -5  0  5 -2 -2 -4 -4 -1 -4 -5 -1 -1 -2 -5 -4 -3    5   0   2  32   0   0  50   2   0   0   0   0   0   0   3   4   1   0   0   1  0.92 inf
  144 E   -1  0  0  4 -4  1  3 -2 -1 -2 -2  1 -1 -4 -2 -1  0 -4 -3 -1    5   3   1  34   0   6  22   1   1   1   3   8   2   0   1   2   5   0   0   4  0.44 inf
  145 P    0 -1  1  4 -4  0  4 -2 -1 -4 -4  0 -3 -4  1 -1 -1 -5 -3 -3   10   1   5  27   0   2  35   1   1   0   0   6   0   0   7   2   3   0   0   0  0.59 inf
  146 V   -1 -1 -2 -1 -2  0  1 -3 -2  2 -1  0 -1 -2 -3 -1  1 -4 -2  3    4   3   0   3   0   5  13   1   1  15   2   7   0   0   0   1   9   0   0  36  0.22 inf
  147 L   -3 -3 -5 -5 -3 -3 -4 -5 -4  0  4 -4  1  4 -4 -4 -3  0  0  1    0   0   0   0   0   1   0   0   0   2  60   0   2  22   0   0   0   1   2   9  0.77 inf
  148 A    2 -3  0 -2 -1 -2 -2 -1  0 -2  0 -2 -1  4 -3  0 -1  0  3 -2   27   0   7   2   1   1   1   3   2   0  12   0   0  25   0   8   0   1  10   0  0.28 inf
  149 E    0 -1  1  1 -3  1  4  0 -1 -3 -3  0 -1 -4  0  1  0 -4 -3 -2   10   2   6   8   0   7  39   5   1   0   1   4   2   0   3   8   5   0   0   1  0.39 inf
  150 H   -4 -3 -2 -4 -3 -1 -3 -5 10 -6 -5 -3 -4 -2 -5 -3 -4 -4  2 -6    0   0   0   0   0   2   0   0  92   0   0   0   0   1   0   0   0   0   4   0  2.62 inf
  151 L   -2 -4 -5 -5 -3 -4 -4 -5 -4  3  4 -4  1  0 -4 -3 -2 -3 -2  2    2   0   0   0   0   0   0   0   0  15  62   0   1   2   0   1   1   0   0  17  0.73 inf
  152 V    5 -3 -3 -3  1 -3 -3  0 -3 -1 -2 -3 -2 -4 -3  0 -1 -4 -3  2   66   1   0   0   3   0   0   6   0   1   0   0   0   0   0   5   0   0   0  18  0.70 inf
  153 R   -1  6 -1 -3 -3  1 -1 -2  3 -4 -3  1 -3 -4 -3  1 -1 -4 -3 -4    6  57   1   0   0   5   0   2   8   0   1   6   0   0   0  11   3   0   0   0  0.81 inf
  154 K   -3  0 -2 -3 -5 -1 -1 -4 -3  0 -4  7 -3 -5 -3 -2 -3 -5 -4 -3    0   0   0   0   0   1   0   0   0   7   0  92   0   0   0   0   0   0   0   1  1.48 inf
  155 A    4 -3 -3 -3 -1 -2 -2 -1 -3  1 -1 -2 -1 -3 -3  0  1 -4 -3  2   50   0   0   0   1   0   0   3   0  10   4   0   0   0   0   3   7   0   0  22  0.45 inf
  156 A    1  1  0  2 -2  1  1 -2  0 -2 -1  1  0 -1 -2  0  0 -3 -1 -1   19   6   5  13   1   8   6   0   3   1   6  14   3   3   0   4   2   0   2   4  0.12 inf
  157 A    5 -3 -3 -4 -2 -3 -3 -1 -3 -1 -2 -3  0 -3 -3 -1  0 -4 -3  2   67   0   0   0   0   0   0   2   0   1   2   0   3   0   0   1   6   0   0  18  0.70 inf
  158 I   -2 -4 -5 -5 -3 -4 -5 -4 -5  6  3 -4  2 -2 -4 -4 -2 -4 -3  2    0   0   0   0   0   0   0   1   0  57  25   0   4   0   0   0   1   0   0  13  0.86 inf
  159 W    0  0  0  0 -3  1  1 -2  2 -1 -1 -1  0  1 -3  0 -1  5  2 -1   10   6   6   6   0   6  10   1   5   2   6   2   3   9   0   5   1   9  11   4  0.15 inf
  160 E    1  1  0  1 -3  2  2 -2  0 -2 -2  1 -2 -1 -2  0 -1  0  0 -1   15   8   3   9   0  15  16   1   1   1   1  11   0   3   0   6   2   1   3   3  0.21 inf
  161 L   -1 -3 -4 -4 -1 -3 -4 -4 -4  1  5 -3  1 -1 -4  0  0 -3 -3  0    3   0   0   0   1   0   0   0   0   5  70   0   1   0   0  10   6   0   0   5  0.66 inf
  162 E   -1  2 -1 -1 -3  2  2 -2  1 -2 -2  3 -1 -3 -1  0  0 -3 -1 -1    3   9   1   1   0   7  16   1   5   2   1  32   1   0   1   4   7   0   2   6  0.30 inf
  163 R   -1 -1 -1  2 -4  1  3 -2 -1 -3 -3  1 -2 -4  5  0 -1 -4 -3 -3    4   1   2  12   0   7  21   1   1   0   1   8   0   0  33   5   1   0   0   1  0.68 inf
  164 P   -1  1 -1  0 -3  1  1 -3 -1 -1  0  2 -1 -3  3 -1  0 -4 -3  0    2   5   2   4   0   8   6   0   2   4   9  23   0   0  18   2   7   0   0   9  0.26 inf
  165 F   -1 -3 -4 -4  0  1 -3 -4 -3  1  4 -3  5  1 -4 -3 -2 -3 -1  0    4   0   0   0   2   7   0   0   0   4  48   0  26   4   0   0   0   0   1   5  0.63 inf
  166 L   -1  1 -1  0 -3  1  2 -2 -2  0  1  0  1  1 -2 -1  0 -2  0  0    2   9   2   6   0   5  17   1   0   7  18   6   7   7   0   3   6   0   2   3  0.09 inf
  167 D    1  0  0  2 -3  2  4 -1 -1 -3 -3  2 -3 -4 -2  0 -1 -4 -3 -3   12   1   3  14   0  11  30   2   1   1   0  18   0   0   1   2   3   0   0   1  0.44 inf
  168 E    0  0 -1  2 -4  3  4 -2 -1 -3 -2  2 -2 -4 -2 -1 -1 -4 -3 -3    7   3   1   9   0  19  35   1   0   1   4  18   0   0   0   1   1   0   0   1  0.51 inf
  169 L   -3 -4 -6 -6 -3 -4 -5 -6 -5  0  6 -5  1 -1 -5 -4 -3 -4 -3 -1    0   0   0   0   0   0   0   0   0   1  99   0   0   0   0   0   0   0   0   0  1.40 inf
  170 R    0  1 -1  1 -4  1  3 -2  0 -3 -3  4 -2 -4 -2  0  0 -4 -2 -2    9   5   1   6   0   5  27   1   2   1   0  32   0   0   0   3   4   0   0   3  0.42 inf
  171 R    0  0  1  3 -4  2  4 -3 -1 -4 -4  2 -3 -4 -2  0 -1 -4 -3 -3   10   2   4  16   0   9  42   0   0   0   0  12   0   0   0   3   2   0   0   0  0.62 inf
  172 N   -3 -1  6 -1 -4  0 -1 -3  6 -5 -4  1 -3 -2 -4 -1 -1 -4  1 -4    1   1  52   1   0   3   1   0  22   0   1   9   0   1   0   2   2   0   6   0  0.97 inf
  173 E   -2 -1  3  2 -5  3  5  0  0 -5 -4  0 -3 -5 -3 -1 -2 -4 -3 -4    1   1  16   9   0  12  48   7   1   0   0   4   0   0   0   1   0   0   0   0  0.74 inf
  174 Q   -3 -1 -3 -3 -5  8 -1 -4 -2 -4 -2 -1  4 -5 -4 -3 -3 -4 -4 -4    0   0   0   0   0  83   0   0   0   0   4   0  13   0   0   0   0   0   0   0  1.67 inf
  175 D   -1 -1  0  2 -2 -1  0 -3  1 -1  1 -1  0  1 -3  0  1  1  2 -1    4   1   4  17   0   2   5   0   4   1  19   1   3   8   0   4  14   2   9   2  0.12 inf
  176 R    0  0  1  4 -4  1  3 -1  1 -4 -4  1 -2 -4  0  1 -1 -4 -3 -3    7   5   5  26   0   5  24   2   4   0   0   8   0   0   4   9   1   0   0   1  0.43 inf
  177 L   -3 -4 -6 -6 -3 -4 -5 -6 -5  0  6 -5  0 -1 -5 -5 -3 -4 -3 -1    0   0   0   0   0   0   0   0   0   0 100   0   0   0   0   0   0   0   0   0  1.43 inf
  178 L   -4 -4 -4 -5 -3 -4 -4 -5  0 -2  2 -4  0  6 -5 -4 -3  0  6 -2    0   0   0   0   0   0   0   0   1   0  23   0   1  35   0   0   0   0  39   0  1.17 inf
  179 V   -1  0  0  1 -3  0  1 -2  1 -2 -1  1 -1  2 -3 -1  1  2  3 -1    3   6   4  10   0   3   9   1   4   1   3  10   1  11   0   1  13   3  14   3  0.16 inf
  180 E   -2 -2  1  5 -5  0  4 -3 -1 -5 -5  1 -4 -5 -3 -1  0 -5 -4 -4    0   0   7  39   0   1  37   0   1   0   0   8   0   0   0   2   5   0   0   0  0.88 inf
  181 L   -3 -4 -5 -5 -3 -3 -4 -5 -4  4  4 -4  5 -1 -4 -4 -2 -3 -3  0    0   0   0   0   0   0   0   0   0  27  50   0  23   0   0   0   0   0   0   0  0.92 inf
  182 E   -3 -2 -3 -1 -6  0  7 -5 -2 -6 -5 -1 -4 -6 -3 -2 -3 -5 -4 -5    0   0   0   0   0   0 100   0   0   0   0   0   0   0   0   0   0   0   0   0  1.92 inf
  183 Q   -2  0 -4 -4 -3  1 -3 -4 -3  1  4 -2  5 -1 -4 -3 -2 -3 -3  0    1   5   0   0   0   9   0   0   0   6  54   1  21   0   0   1   0   0   0   2  0.65 inf
  184 P   -3 -4 -4 -4 -5 -4 -4 -5 -5 -5 -5 -2 -5 -6  9 -3 -4 -6 -5 -5    0   0   0   0   0   0   0   0   0   0   0   2   0   0  98   0   0   0   0   0  2.85 inf
  185 L   -3 -4 -5 -5 -3 -4 -5 -5 -5  1  6 -4  1 -1 -5 -4 -1 -4 -3  0    0   0   0   0   0   0   0   0   0   2  91   0   1   0   0   0   3   0   0   2  1.17 inf
  186 S    5 -3 -2 -3 -2 -2 -2 -2 -3 -3 -4 -2 -3 -4 -2  4  1 -4 -3 -2   55   0   0   0   0   0   0   0   0   0   0   0   0   0   0  38   7   0   0   0  0.86 inf
  187 S   -1  2  1 -1 -2 -1 -1 -2  1  0  1  0  0  2 -3 -1 -1 -2  1  0    3  19   8   2   0   1   1   1   5   7  16   5   3  14   0   4   4   0   3   3  0.10 inf
  188 I   -2 -5 -5 -5 -3 -4 -5 -5 -5  5  0 -4 -1 -2 -4 -4 -2 -5 -3  5    0   0   0   0   0   0   0   0   0  43   0   0   0   0   0   0   0   0   0  57  1.13 inf
  189 L   -3 -4 -6 -6 -3 -4 -5 -6 -5  0  6 -5  0 -1 -5 -5 -3 -4 -3 -1    0   0   0   0   0   0   0   0   0   0 100   0   0   0   0   0   0   0   0   0  1.43 inf
  190 A    5 -3 -3 -3  0 -3 -3  2 -3 -3 -4 -3 -3 -4 -3  1 -2 -4 -4 -2   72   0   0   0   1   0   0  18   0   0   0   0   0   0   0   9   0   0   0   0  0.93 inf
  191 E   -2  1  0  4 -5  2  3 -2  0 -4 -4  3 -3 -4 -3 -1 -2 -4 -3 -4    1   8   2  23   0   9  27   2   1   0   0  25   0   0   0   0   0   0   0   0  0.63 inf
  192 M   -4 -4 -5 -6 -4 -3 -5 -5 -4 -1  0 -4 10 -3 -5 -4 -3 -4 -4 -2    0   0   0   0   0   0   0   0   0   0   1   0  99   0   0   0   0   0   0   0  2.55 inf
  193 E   -3 -2 -3 -1 -6  0  7 -5 -2 -6 -5 -1 -4 -6 -3 -2 -3 -5 -4 -5    0   0   0   0   0   0 100   0   0   0   0   0   0   0   0   0   0   0   0   0  1.92 inf
  194 F   -1 -1 -2 -3 -1 -2  0 -3  1  4  0  1  1  0 -3  0  0 -1  1  0    4   2   0   0   1   0   8   0   4  37   4  10   5   4   0   9   3   1   6   2  0.18 inf
  195 A    2  0  0 -1 -2  3  0 -2 -1  0 -1  0 -1 -3 -2  0  3 -3 -1 -1   19   3   4   2   0  18   5   0   1   6   5   3   1   0   0   3  30   0   2   0  0.27 inf
  196 G   -2 -5 -3 -3 -5 -4 -4  7 -4 -6 -6 -4 -5 -5 -4 -2 -4 -5 -5 -5    0   0   0   0   0   0   0 100   0   0   0   0   0   0   0   0   0   0   0   0  2.05 inf
  197 V   -3 -5 -5 -5 -3 -4 -5 -5 -5  6  0 -4  1 -1 -4 -4 -2 -4 -3  4    0   0   0   0   0   0   0   0   0  60   0   0   2   1   0   0   0   0   0  37  1.09 inf
  198 K    0  2 -1 -2 -2  0 -1 -3  1 -3 -2  5 -1 -2 -3  0  1 -3  1 -2    6  11   1   0   0   3   0   0   4   0   2  45   1   0   0   6  11   0   7   2  0.45 inf
  199 V   -1 -4 -4 -5 -2 -4 -4 -5 -5  2  0 -4 -1 -3 -4 -3  1 -5 -3  6    3   0   0   0   0   0   0   0   0   5   4   0   0   0   0   0  10   0   0  78  0.99 inf
  200 D   -3 -2  4  6 -5  0  2 -3 -2 -5 -4  0 -4 -5 -3 -1 -2 -6 -4 -4    0   1  19  62   0   2   9   0   0   0   1   4   0   0   0   1   0   0   0   1  1.16 inf
  201 T    2  2 -2 -2 -2  1 -1 -2 -2  0 -1  1 -1 -3  1  0  1 -3 -2  1   22  13   0   1   0   6   2   1   0   7   2   9   1   0   7   4  10   0   0  15  0.16 inf
  202 K    0 -1  2  3 -4  2  3 -1 -1 -4 -3  1 -3 -4 -2  1  0 -4 -3 -3    6   0  10  16   0  11  28   4   1   0   1   7   0   0   0  13   4   0   0   0  0.44 inf
  203 R   -1  5 -1  1 -2  1  1 -3 -2 -3 -3  1 -2 -4 -3 -1  3 -4 -2 -2    3  39   0   8   1   7   7   0   0   1   0   4   0   0   0   2  26   0   1   2  0.54 inf
  204 L   -3 -4 -6 -6 -3 -4 -5 -6 -5  0  6 -5  0 -1 -5 -4 -3 -4 -3 -1    0   0   0   0   0   0   0   0   0   1  99   0   0   0   0   0   0   0   0   0  1.40 inf
  205 E   -2  1  0  0 -4  3  3 -3  0 -1 -1  3 -1 -3 -2 -1 -1 -4 -2 -1    1   7   5   2   0  15  23   0   2   5   4  24   1   0   0   0   3   0   1   6  0.32 inf
  206 Q    1  0  0  2 -4  4  4 -2  0 -3 -3  1 -2 -4 -2  0  0 -4 -3 -3   12   2   4  10   0  21  33   1   1   1   0   5   1   0   0   3   5   0   0   0  0.49 inf
  207 M   -3 -4 -4 -5 -4 -3 -4 -5 -4  0  2 -3  9 -2 -5 -4 -3 -4 -2 -1    0   0   1   0   0   0   0   0   0   4  17   1  78   0   0   0   0   0   1   0  1.75 inf
  208 G   -1  0 -2 -2 -4  3  1  5 -2 -5 -5  1 -3 -5 -3 -1 -3 -4 -4 -4    2   4   0   0   0  16  11  56   0   0   0  10   0   0   0   1   0   0   0   0  0.85 inf
  209 K    0  0  1  0 -3  1  2  0 -1 -2 -2  2 -2 -3 -2  2  0 -4 -2 -1    7   4   7   4   0   6  19   4   1   2   1  13   0   0   0  19   6   0   0   7  0.21 inf
  210 E   -2 -1 -1  3 -5  1  6 -3 -2 -5 -5  1 -4 -5 -3 -1 -2 -5 -4 -3    2   1   2  17   0   4  62   0   0   0   0   9   0   0   0   1   0   0   0   1  1.00 inf
  211 L   -3 -4  1 -4 -3 -4 -4 -5 -3  1  4 -4  0  5 -5 -3 -3 -2  0 -1    0   0  10   0   0   0   0   0   0   8  45   0   1  37   0   0   0   0   0   0  0.78 inf
  212 A    2 -1  0  1 -3  2  2  0 -1 -3 -3  2 -2 -4 -2  1  1 -4 -3 -2   18   0   3   5   0  12  18   4   1   0   0  15   0   0   0  11  11   0   0   0  0.30 inf
  213 E    1  0 -1  1 -3  1  3  0 -1 -1 -2  0 -2 -3 -2  0  0 -4 -3  0   12   3   1   5   0   8  33   7   1   4   1   5   0   0   0   4   4   0   0  10  0.25 inf
  214 Q   -2  5 -2 -2 -4  3  0 -3  0 -2 -2  3 -2 -4 -3 -1 -1 -4 -3 -1    0  41   0   0   0  18   2   1   1   2   2  23   0   0   0   2   3   0   0   5  0.68 inf
  215 L   -3 -4 -5 -5 -3 -4 -4 -6 -5  3  5 -4  0 -1 -5 -4 -3 -4 -3  0    0   0   0   0   0   0   0   0   0  22  77   0   0   0   0   0   0   0   0   0  1.07 inf
  216 G    1  0  0  2 -3  1  2 -1  1 -3 -3  2 -2 -4 -2  1  0 -4 -2 -2   15   2   3  14   0   6  17   2   4   1   0  16   0   0   0  14   5   0   0   2  0.28 inf
  217 T    0  0 -1  2 -3  1  4 -2 -1 -2 -2  1 -2 -4 -2 -1  1 -4 -3  0    9   5   0   9   0   6  37   2   0   2   1  10   0   0   0   2  10   0   0   7  0.36 inf
  218 V   -2 -4 -5 -4 -3 -4 -4 -5 -4  4  4 -4  2 -1 -4 -4 -1 -3 -1  1    1   0   0   0   0   0   0   0   0  36  51   0   4   0   0   0   3   0   2   4  0.75 inf
  219 E   -2 -2 -2 -1 -4  0  6 -4 -2  0 -3  0  1 -4 -3 -2  2 -4 -3  0    0   0   0   0   0   2  63   0   0   8   0   2   5   0   0   0  14   0   0   5  0.80 inf
  220 Q    0  0  0  0 -4  5  3 -2  0 -4 -3  2 -2 -4 -2  0  0 -4 -3 -3    9   1   3   5   0  36  17   2   1   0   0  15   0   0   0   7   4   0   0   0  0.53 inf
  221 R    0  2  1  1 -4  2  3 -2 -1 -3 -3  3 -2 -4 -2  0  1 -4 -3 -3    8  10   6   7   0   7  25   0   1   0   1  23   0   0   0   2   9   0   0   1  0.40 inf
  222 I   -3 -5 -5 -5 -3 -5 -5 -6 -6  7  0 -5 -1 -2 -5 -5 -3 -5 -3  1    0   0   0   0   0   0   0   0   0  96   0   0   0   0   0   0   0   0   0   4  1.65 inf
  223 Y   -4 -4 -4 -5 -3 -3 -4 -5  6 -4 -3 -4 -3  2 -5 -4 -4  1  8 -4    0   0   0   0   0   0   0   0  21   0   0   0   0   7   0   0   0   1  71   0  1.90 inf
  224 E    0  1  1  2 -4  3  4 -2  0 -3 -3  0 -3 -4 -2  0 -1 -4 -3 -3   10   5   5  11   0  14  39   2   1   2   1   3   0   0   0   4   1   0   0   0  0.50 inf
  225 L    0 -2 -2 -2 -3  1  3 -4  0  0  3 -2  1 -2 -3 -2 -2 -3 -1 -1   10   0   0   0   0   8  27   0   3   4  42   0   4   0   0   1   0   0   1   0  0.36 inf
  226 A    7 -4 -4 -4 -1 -3 -3 -2 -4 -3 -4 -3 -3 -4 -3 -1 -2 -5 -4 -2   99   0   0   0   1   0   0   0   0   0   0   0   0   0   0   0   0   0   0   0  1.46 inf
  227 G   -2 -4 -2 -3 -5 -4 -3  7 -4 -6 -6 -4 -5 -5 -4 -2 -4 -5 -5 -5    0   0   0   0   0   0   1  99   0   0   0   0   0   0   0   0   0   0   0   0  1.99 inf
  228 Q   -2 -2 -2 -1 -3  2  6 -3  0 -3 -3 -1  0 -4 -3 -1  1 -4 -3  0    0   0   0   0   0   9  62   1   2   0   1   1   2   0   0   1  12   0   0   7  0.80 inf
  229 E   -1  0 -1  0 -4  0  5 -3 -2 -4 -4  1 -3 -5  0  0  1 -4 -4 -3    4   3   1   3   0   1  60   0   0   0   0   8   0   0   4   6  10   0   0   1  0.77 inf
  230 F   -5 -5 -6 -6 -5 -6 -6 -6 -4 -2 -2 -6 -2  9 -6 -5 -5 -1  1 -3    0   0   0   0   0   0   0   0   0   0   0   0   0 100   0   0   0   0   0   0  2.38 inf
  231 N   -4 -3  8 -1 -5 -2 -3 -3 -2 -6 -6 -3 -5 -6 -5 -2 -2 -6 -5 -5    0   0 100   0   0   0   0   0   0   0   0   0   0   0   0   0   0   0   0   0  2.22 inf
  232 I   -3 -5 -5 -5 -3 -5 -5 -6 -5  7  2 -5  0 -2 -5 -4 -3 -4 -3  1    0   0   0   0   0   0   0   0   0  77  20   0   0   0   0   0   0   0   0   3  1.22 inf
  233 N   -4 -3  8 -1 -5 -1 -3  0 -2 -6 -6 -2 -5 -5 -4 -1 -2 -6 -4 -5    0   0  92   0   0   1   0   6   0   0   0   0   0   0   0   0   0   0   0   0  1.91 inf
  234 S   -1 -3 -2 -2 -3 -2 -2 -3 -3 -5 -5 -2 -4 -5 -3  7 -1 -5 -4 -4    0   0   0   0   0   0   0   0   0   0   0   0   0   0   0 100   0   0   0   0  1.61 inf
  235 P   -3 -4 -4 -4 -5 -4 -3 -5 -5 -5 -5 -3 -5 -6  8 -3  0 -6 -5 -5    0   0   0   0   0   0   0   0   0   0   0   0   0   0  94   1   6   0   0   0  2.66 inf
  236 K   -3  1 -2 -3 -5 -1 -1 -4 -3 -5 -5  7 -4 -5 -3 -2 -3 -5 -4 -5    0   2   0   0   0   0   0   0   0   0   0  98   0   0   0   0   0   0   0   0  1.76 inf
  237 Q   -3 -1 -2 -3 -6  9  0 -4 -2 -5 -5 -1 -3 -6 -4 -3 -3 -5 -4 -5    0   0   0   0   0 100   0   0   0   0   0   0   0   0   0   0   0   0   0   0  2.22 inf
  238 L   -3 -4 -6 -6 -3 -4 -5 -6 -5  0  6 -5  0 -1 -5 -5 -3 -4 -3 -1    0   0   0   0   0   0   0   0   0   0 100   0   0   0   0   0   0   0   0   0  1.43 inf
  239 G   -2 -4 -2 -3 -5 -4 -4  7 -4 -6 -6 -4 -5 -5 -4 -2 -4 -5 -5 -5    0   0   0   0   0   0   0  99   0   0   0   0   0   0   0   1   0   0   0   0  2.00 inf
  240 V   -2 -2 -3 -2 -3 -1  3 -3  3  1 -2 -1 -1 -3  0 -2  0 -4 -2  4    0   0   0   1   0   2  22   1   9   4   0   3   0   0   5   0   5   0   0  47  0.43 inf
  241 I   -3 -5 -5 -5 -3 -5 -5 -6 -5  7  1 -5 -1 -2 -5 -4 -2 -5 -3  3    0   0   0   0   0   0   0   0   0  79   5   0   0   0   0   0   0   0   0  16  1.27 inf
  242 L   -3 -4 -6 -6 -3 -4 -5 -6 -5  0  6 -5  0 -1 -5 -5 -3 -4 -3 -1    0   0   0   0   0   0   0   0   0   0 100   0   0   0   0   0   0   0   0   0  1.43 inf
  243 F   -5 -5 -5 -6 -5 -6 -6 -6 -4 -2 -2 -6 -2  9 -6 -5 -5 -1  1 -3    0   0   0   0   0   0   0   0   0   0   0   0   0  99   0   0   0   0   1   0  2.33 inf
  244 E   -3 -2 -2  3 -6  0  7 -4 -2 -5 -5 -1 -4 -5 -3 -2 -3 -5 -4 -3    0   0   0  16   0   0  83   0   0   0   0   0   0   0   0   0   0   0   0   1  1.52 inf
  245 K   -3  1 -1  0 -5 -1  0 -3 -3 -5 -4  7 -3 -5 -3 -2  1 -5 -4 -4    0   3   2   4   0   0   4   0   0   0   0  80   0   0   0   0   8   0   0   0  1.18 inf
  246 L   -3 -4 -5 -5 -3 -3 -5 -5 -4  0  5 -4  6 -1 -5 -4 -3 -3 -3 -1    0   0   0   0   0   0   0   0   0   1  73   0  26   0   0   0   0   0   0   0  1.20 inf
  247 Q   -1  0  1 -1 -4  2  1  5 -2 -5 -4  2 -3 -5 -3 -1 -2 -4 -4 -4    1   3   8   1   0  11  10  49   0   0   0  15   0   0   0   2   0   0   0   0  0.70 inf
  248 L   -3 -4 -5 -6 -3 -4 -5 -6 -5  0  6 -4  0 -1 -5 -4 -3 -3  0 -1    0   0   0   0   0   0   0   0   0   1  96   0   0   0   0   0   0   0   3   0  1.32 inf
  249 P   -3 -4 -4 -4 -5 -4 -4 -5 -3 -5 -5 -3 -5 -6  9 -3 -2 -6 -5 -5    0   0   0   0   0   0   0   0   0   0   0   0   0   0  97   0   2   0   0   0  2.79 inf
  250 V   -1 -4 -4 -4 -3 -4 -4 -4 -5  2  0 -4  0 -2  2 -3 -1 -4 -3  5    4   0   0   0   0   0   0   1   0   8   6   0   1   0  11   1   1   0   0  68  0.80 inf
  251 L   -2 -4 -4 -4 -3 -2 -3 -5 -4  6  1 -3  1 -1 -4 -3  1 -4 -2  2    1   0   0   0   0   2   1   0   0  61  11   1   2   1   0   0   9   0   0  11  0.72 inf
  252 K   -3  0 -2 -3 -5 -1 -1 -4 -3 -5 -5  7 -4 -6 -3 -2 -3 -5 -4 -5    0   0   0   0   0   0   0   0   0   0   0 100   0   0   0   0   0   0   0   0  1.81 inf
  253 K   -3  0 -2 -3 -5 -1 -1 -4 -3 -5 -5  7 -4 -6 -3 -2 -3 -5 -4 -5    0   1   0   0   0   0   0   0   0   0   0  99   0   0   0   0   0   0   0   0  1.79 inf
  254 T   -2 -3 -2 -3 -3 -3 -3 -4 -4 -3 -4 -3 -3 -5 -3 -1  8 -5 -4 -2    0   0   0   0   0   0   0   0   0   0   0   0   0   0   0   0 100   0   0   0  1.81 inf
  255 K   -3  0 -2 -3 -5 -1 -1 -4 -3 -5 -5  7 -4 -6 -3 -2 -3 -5 -4 -5    0   1   0   0   0   0   0   0   0   0   0  99   0   0   0   0   0   0   0   0  1.79 inf
  256 T   -2 -3 -2 -3 -3 -3 -3 -4 -4 -3 -4 -3 -3 -5 -3 -1  7 -5 -4 -2    0   1   0   0   0   0   0   0   0   0   0   0   0   0   0   0  99   0   0   0  1.79 inf
  257 G   -2 -5 -3 -3 -5 -4 -4  7 -4 -6 -6 -4 -5 -5 -4 -2 -4 -5 -5 -5    0   0   0   0   0   0   0 100   0   0   0   0   0   0   0   0   0   0   0   0  2.05 inf
  258 Y   -4 -4 -5 -6 -5 -4 -5 -6  0 -4 -4 -4 -4  1 -2 -4 -4  0  9 -4    0   0   0   0   0   0   0   0   0   0   0   0   0   0   2   0   0   0  98   0  2.53 inf
  259 S   -1 -3 -2 -2 -3 -2 -2 -3 -3 -5 -5 -2 -4 -5 -3  7 -1 -5 -4 -4    0   0   0   0   0   0   0   0   0   0   0   0   0   0   0 100   0   0   0   0  1.61 inf
  260 T   -2 -3 -2 -3 -3 -3 -3 -4 -4 -3 -4 -3 -3 -5 -3 -1  8 -5 -4 -2    0   0   0   0   0   0   0   0   0   0   0   0   0   0   0   0 100   0   0   0  1.81 inf
  261 S    5 -3 -2  1 -2 -2 -2 -2 -3 -4 -4 -2 -3 -4 -3  4 -1 -5 -4 -3   53   0   0  11   0   0   0   0   0   0   0   0   0   0   0  37   0   0   0   0  0.80 inf
  262 A    4 -4 -4 -4 -2 -2 -3 -3 -4  0 -2 -3 -2 -3 -3 -2 -2 -4 -3  5   45   0   0   0   0   2   0   0   0   0   0   0   0   0   0   0   0   0   0  53  0.83 inf
  263 D   -3 -3 -1  7 -5 -2  3 -1 -3 -5 -6 -2 -5 -6 -3 -1 -3 -6 -5 -5    1   0   0  77   0   0  16   3   0   0   0   1   0   0   0   2   0   0   0   0  1.52 inf
  264 V   -2 -5 -5 -5 -3 -4 -5 -5 -5  1 -1 -4 -1 -3 -5 -4 -2 -5 -3  7    0   0   0   0   0   0   0   0   0   2   0   0   0   0   0   0   0   0   0  98  1.51 inf
  265 L   -3 -4 -6 -6 -3 -4 -5 -6 -5  0  6 -5  0 -1 -5 -5 -3 -4 -3 -1    0   0   0   0   0   0   0   0   0   0 100   0   0   0   0   0   0   0   0   0  1.43 inf
  266 E   -3 -2 -1  1 -6  0  7 -4 -2 -6 -5 -1 -4 -6 -3 -2 -3 -5 -4 -5    0   0   2   5   0   0  93   0   0   0   0   0   0   0   0   0   0   0   0   0  1.71 inf
  267 K   -2  2 -2 -2 -5  5  0 -3 -2 -5 -4  6 -3 -5 -3 -1 -2 -5 -4 -4    1   8   0   0   0  29   2   0   0   0   0  58   0   0   0   1   0   0   0   0  1.10 inf
  268 L   -3 -4 -5 -6 -3 -4 -5 -6 -5  0  6 -4  1 -1 -5 -4 -3 -4 -3 -1    0   0   0   0   0   0   0   0   0   0  99   0   1   0   0   0   0   0   0   0  1.40 inf
  269 A    3  2 -2 -2 -3  3  2 -2 -2 -3 -3  2 -1 -4 -2  0 -2 -4 -3 -2   40  13   0   0   0  14  14   1   0   0   0  14   1   0   0   2   0   0   0   0  0.47 inf
  270 P   -1 -3  1  2 -4 -1  1  2  0 -4 -4 -1 -2 -4  5  1 -1 -4 -4 -3    2   0   6  12   0   1   9  21   3   0   0   1   1   0  32  10   3   0   0   0  0.67 inf
  271 Y   -1  1 -1  0 -4  4  2 -3  1  0 -2  2  0 -2 -3 -1 -1 -2  3 -2    4   4   0   5   0  23  15   0   3   7   1  15   3   0   0   2   1   0  15   2  0.32 inf
  272 H    3 -2  0 -3 -4 -2 -2 -3  8 -4 -4 -2 -3 -3 -3  2 -2 -4 -1 -4   27   0   3   0   0   0   0   0  54   0   0   0   0   0   0  16   0   0   1   0  1.23 inf
  273 E   -2 -3 -3  1 -5 -1  4 -3 -3 -5 -5 -2 -4 -5  7 -2 -3 -5 -5 -4    2   0   0   9   0   1  28   0   0   0   0   1   0   0  58   0   0   0   0   1  1.49 inf
  274 I   -3 -5 -5 -5 -3 -5 -5 -6 -5  7  0 -5  0 -2 -5 -4 -3 -5 -3  2    1   0   0   0   0   0   0   0   0  89   2   0   1   0   0   0   0   0   0   8  1.44 inf
  275 V   -2 -5 -5 -5 -3 -4 -5 -5 -5  5  0 -4 -1 -2 -4 -4 -2 -5 -3  5    2   0   0   0   0   0   0   0   0  43   0   0   0   0   0   0   0   0   0  55  1.07 inf
  276 E    0  0  0  4 -4  2  3 -1 -2 -4 -4  0 -3 -4  2  1 -1 -4 -3 -3    7   6   1  24   0  11  24   2   0   1   0   3   0   0   9  12   0   0   0   0  0.48 inf
  277 N   -2 -1  2  2 -2  1  1 -2  4 -3 -1  2 -2 -1 -3  0 -1 -3  2 -3    1   0  13  14   1   4   8   0  14   0   9  19   0   1   0   4   1   0  10   1  0.29 inf
  278 I   -3 -5 -5 -5 -3 -5 -5 -6 -5  7  1 -5 -1 -2 -5 -4 -3 -5 -3  2    0   0   0   0   0   0   0   0   0  89   5   0   0   0   0   0   0   0   0   6  1.45 inf
  279 L   -3 -4 -6 -6 -3 -4 -5 -6 -5  0  6 -5  0 -1 -5 -5 -3 -4 -3 -1    0   0   0   0   0   0   0   0   0   0 100   0   0   0   0   0   0   0   0   0  1.43 inf
  280 H   -1 -1  1  2 -3  2  3 -3  5 -1  0  0  0 -3 -3 -1 -1 -4 -2 -1    4   1   6  15   0  10  20   0  18   2  11   2   2   0   0   1   4   0   0   3  0.32 inf
  281 Y   -4 -4 -4 -6 -5 -4 -5 -6 -1 -4 -3 -4 -3  2 -6 -4 -4  0  9 -4    0   0   0   0   0   0   0   0   0   0   0   0   0   5   0   0   0   0  94   0  2.45 inf
  282 R   -4  8 -3 -4 -6 -1 -2 -5 -3 -5 -5  0 -4 -5 -5 -3 -3 -5 -4 -5    0 100   0   0   0   0   0   0   0   0   0   0   0   0   0   0   0   0   0   0  2.12 inf
  283 Q   -3 -1 -2 -3 -5  8  0 -2 -2 -5 -4 -1 -2 -6 -4 -2  0 -4 -4 -4    0   0   0   0   0  89   0   3   0   0   0   1   0   0   0   0   7   0   0   0  1.77 inf
  284 L   -3 -4 -5 -5 -3 -4 -5 -5 -5  5  4 -4  1 -1 -4 -4 -3  0 -3  1    0   0   0   0   0   0   0   0   0  38  57   0   1   1   0   0   0   1   0   2  0.91 inf
  285 G    4 -2 -1 -3 -2 -2 -2  4 -2 -3 -4 -2 -3 -4 -3  2  0 -4 -3 -2   42   0   1   0   0   0   0  31   0   0   0   1   0   0   0  19   5   0   0   1  0.66 inf
  286 K   -3  0 -2 -3 -5 -1 -1 -4 -3 -5 -5  7 -4 -6 -3 -2 -3 -5 -4 -5    0   0   0   0   0   0   0   0   0   0   0 100   0   0   0   0   0   0   0   0  1.81 inf
  287 L   -3 -4 -5 -5 -3 -4 -5 -6 -5  4  5 -4  0 -1 -5 -4 -3 -4 -3  0    0   0   0   0   0   0   0   0   0  25  75   0   0   0   0   0   0   0   0   0  1.07 inf
  288 Q   -3  0  1 -2 -5  8  0 -4 -2 -3 -3  1 -3 -5 -3 -2 -3 -4 -3 -4    0   2   7   1   0  78   0   0   0   1   1   8   0   0   0   1   0   0   0   0  1.42 inf
  289 S   -1 -3 -1 -2 -3 -2 -2 -3 -3 -5 -5 -2 -4 -5 -3  7  0 -5 -4 -4    0   0   1   0   0   0   0   0   0   0   0   0   0   0   0  99   1   0   0   0  1.56 inf
  290 T   -2 -3 -2 -3 -3 -3 -3 -4 -4 -3 -4 -3 -3 -5 -3 -1  8 -5 -4 -2    0   0   0   0   0   0   0   0   0   0   0   0   0   0   0   0 100   0   0   0  1.81 inf
  291 Y   -4 -4 -5 -6 -5 -4 -5 -6 -1 -4 -4 -4 -4  1 -6 -4 -4  0 10 -4    0   0   0   0   0   0   0   0   0   0   0   0   0   0   0   0   0   0 100   0  2.66 inf
  292 I   -2 -5 -5 -5 -3 -4 -5 -5 -5  5  0 -4 -1 -2 -4 -4 -2 -5 -3  5    1   0   0   0   0   0   0   0   0  49   1   0   0   0   0   0   0   0   0  50  1.09 inf
  293 E   -2 -2 -2  2 -5  0  6 -4 -2  0 -3  1 -2 -4 -3 -2 -1 -3 -4 -1    1   0   0  11   0   1  67   0   0   7   1   6   1   0   0   0   2   0   0   4  0.92 inf
  294 G   -2 -5 -3 -3 -5 -4 -4  7 -4 -6 -6 -4 -5 -5 -4 -2 -4 -5 -5 -5    0   0   0   0   0   0   0 100   0   0   0   0   0   0   0   0   0   0   0   0  2.05 inf
  295 L   -3 -4 -5 -6 -3 -4 -5 -6 -5  0  6 -4  1 -1 -5 -4 -3 -4 -3 -1    0   0   0   0   0   0   0   0   0   1  99   0   1   0   0   0   0   0   0   0  1.39 inf
  296 L   -3 -3 -4 -4 -3  3 -3 -5 -3  0  5 -2  1 -2 -4 -3 -2 -3 -3 -1    0   0   0   0   0  21   0   0   0   2  70   2   2   0   0   0   1   0   0   0  0.81 inf
  297 K   -2  1 -1  2 -5 -1  0 -3 -3 -5 -5  6 -3 -5 -3 -1 -2 -5 -4 -4    2   3   1  12   0   0   4   0   0   0   0  77   0   0   0   2   1   0   0   0  1.14 inf
  298 V   -1 -3 -3 -2 -1 -2  2 -4 -3  0 -1 -3  0  0 -4 -2 -2  0  0  5    4   0   0   2   1   0  19   0   0   0   0   0   2   3   0   2   0   2   4  60  0.56 inf
  299 V   -2 -4 -5 -5 -3 -3 -4 -5 -5  6  0 -4  0 -2 -4 -4 -1 -4 -3  4    1   0   0   0   0   1   0   0   0  66   0   0   1   0   0   0   3   0   0  27  1.04 inf
  300 R   -1  2  0  1 -4  2 -1 -3  7 -3 -1 -1  0 -2 -3  0 -1 -1  1 -3    3  11   4   9   0  13   0   0  34   0   7   1   2   1   0   9   1   1   3   0  0.52 inf
  301 P    0 -1 -1 -1 -3  1  2 -1 -1 -3 -3  2 -3 -3  4  1 -1 -4 -3 -3    6   1   1   1   0   6  18   5   1   0   1  17   0   1  27  11   3   0   0   0  0.51 inf
  302 D   -3 -1  0  6 -5  0  3 -2 -1 -5 -5  2 -4 -5 -3  0 -2 -5 -4 -4    0   2   2  56   0   2  17   1   1   0   0  12   0   0   0   4   1   0   0   1  0.94 inf
  303 T   -1 -2  1  4 -2 -1  0 -2 -2 -2 -2 -1 -2 -3 -1  1  4 -3 -2 -2    2   1   8  30   0   1   3   2   1   1   2   1   1   1   1   8  34   0   1   2  0.45 inf
  304 K   -1 -2  0 -1 -2  1 -1  5  4 -4 -4 -1 -2 -4 -3  1 -2 -3 -2 -4    1   0   4   1   1   9   1  49  13   0   1   3   1   0   0  14   0   0   0   0  0.67 inf
  305 K   -3  3 -2 -3 -5 -1 -1 -4 -3 -5 -5  7 -3 -5 -3 -2 -3 -5 -4 -4    0  14   0   0   0   0   0   0   0   0   0  85   0   0   0   0   0   0   0   0  1.50 inf
  306 V   -2 -5 -5 -5 -3 -4 -5 -5 -5  6  0 -4 -1 -2 -4 -4 -2 -5 -3  5    0   0   0   0   0   0   0   0   0  53   0   0   0   0   0   0   0   0   0  46  1.13 inf
  307 H   -4 -3 -2 -4 -6 -2 -3 -5 11 -6 -6 -3 -4 -4 -5 -4 -4 -5 -1 -6    0   0   0   0   0   0   0   0 100   0   0   0   0   0   0   0   0   0   0   0  3.01 inf
  308 T   -2 -3 -2 -3 -3 -3 -3 -4 -4 -3 -4 -3 -3 -5 -3  0  7 -5 -4 -2    0   0   0   0   0   0   0   0   0   0   0   0   0   0   0   1  99   0   0   0  1.78 inf
  309 I   -3  7 -3 -4 -5 -1 -2 -4 -1 -1 -3  0 -1 -2 -4 -2 -2 -3  3 -3    0  77   0   0   0   0   0   0   1   4   1   0   2   1   0   1   2   0  10   1  1.28 inf
  310 F   -4 -4 -5 -6 -5 -4 -5 -5 -1 -3 -2 -5 -3  7 -5 -4 -4  0  8 -3    0   0   0   0   0   0   0   0   0   0   0   0   0  44   0   0   0   0  56   0  1.87 inf
  311 N   -2  1  5 -2 -3  2 -2 -3 -2 -1  2 -1  0 -3 -3 -2  0 -4 -3  1    0  10  36   0   0  11   0   0   0   2  25   1   2   0   0   0   3   0   0  11  0.40 inf
  312 Q   -3 -1 -2 -3 -6  9  0 -4 -2 -5 -5 -1 -3 -6 -4 -3 -3 -5 -4 -5    0   0   0   0   0 100   0   0   0   0   0   0   0   0   0   0   0   0   0   0  2.22 inf
  313 A    3 -3 -1  1 -3 -2 -2 -3 -3 -3 -3 -2 -3 -4 -3  0  5 -4 -4 -1   30   0   1   9   0   0   0   0   0   0   0   0   0   0   0   0  57   0   0   2  0.83 inf
  314 L   -3 -4 -5 -5 -3 -4 -5 -5 -5  2  5 -4  0 -1 -5 -4 -1 -4 -3  0    0   0   0   0   0   0   0   0   0  11  83   0   0   0   0   0   2   0   0   3  1.06 inf
  315 T    2 -3 -2 -3 -3 -3 -3 -3 -4 -3 -3 -3 -3 -4 -3 -1  7 -5 -4 -2   20   0   0   0   0   0   0   0   0   0   0   0   0   0   0   0  80   0   0   0  1.29 inf
  316 Q    3 -1 -2 -3 -4  7 -1 -3 -2 -4 -4 -1 -3 -5 -3 -1 -2 -4 -4 -4   26   1   0   0   0  69   0   0   0   0   0   0   0   0   0   2   2   0   0   0  1.27 inf
  317 T   -2 -3 -2 -3 -3 -3 -3 -4 -4 -3 -4 -3 -3 -5 -3 -1  8 -5 -4 -2    0   0   0   0   0   0   0   0   0   0   0   0   0   0   0   0 100   0   0   0  1.81 inf
  318 G   -2 -5 -3 -3 -5 -4 -4  7 -4 -6 -6 -4 -5 -5 -4 -2 -4 -5 -5 -5    0   0   0   0   0   0   0 100   0   0   0   0   0   0   0   0   0   0   0   0  2.05 inf
  319 R   -4  8 -3 -4 -6 -1 -2 -5 -3 -5 -5  0 -4 -5 -5 -3 -3 -5 -4 -5    0 100   0   0   0   0   0   0   0   0   0   0   0   0   0   0   0   0   0   0  2.12 inf
  320 L   -3 -4 -6 -6 -3 -4 -5 -6 -5  0  6 -5  0 -1 -5 -5 -3 -4 -3 -1    0   0   0   0   0   0   0   0   0   0 100   0   0   0   0   0   0   0   0   0  1.43 inf
  321 S   -1 -3 -2 -2 -3 -2 -2 -3 -3 -5 -5 -2 -4 -5 -3  7 -1 -5 -4 -4    0   0   0   0   0   0   0   0   0   0   0   0   0   0   0 100   0   0   0   0  1.61 inf
  322 S   -1 -3 -2 -2 -3 -2 -2 -3 -3 -5 -5 -2 -4 -5 -3  7 -1 -5 -4 -4    0   0   0   0   0   0   0   0   0   0   0   0   0   0   0 100   0   0   0   0  1.61 inf
  323 T   -1 -3 -2 -3 -2  2 -3 -4 -3  2 -1 -3 -1 -3 -3 -2  3 -4 -3  4    4   0   0   0   0  12   0   0   0  12   0   0   0   0   0   0  26   0   0  46  0.58 inf
  324 E   -3 -3  0  7 -5 -2  2 -3 -2 -5 -5 -2 -4  0 -3 -2 -3 -4  1 -5    0   0   3  71   0   0  15   0   0   0   0   0   0   5   0   0   0   0   5   0  1.31 inf
  325 P   -3 -5 -5 -4 -5 -4 -4 -5 -5 -5 -6 -4 -5 -6  9 -3 -4 -6 -6 -5    0   0   0   0   0   0   0   0   0   0   0   0   0   0 100   0   0   0   0   0  2.95 inf
  326 N   -4 -3  8 -1 -5 -2 -3 -3 -2 -6 -6 -3 -5 -6 -5 -2 -2 -6 -5 -5    0   0 100   0   0   0   0   0   0   0   0   0   0   0   0   0   0   0   0   0  2.22 inf
  327 L   -3 -4 -5 -6 -3 -4 -5 -6 -5  0  6 -4  1 -1 -5 -4 -3 -4 -3 -1    0   0   0   0   0   0   0   0   0   0  99   0   1   0   0   0   0   0   0   0  1.39 inf
  328 Q   -3 -1 -2 -3 -6  9  0 -4 -2 -5 -5 -1 -3 -6 -4 -3 -3 -5 -4 -5    0   0   0   0   0 100   0   0   0   0   0   0   0   0   0   0   0   0   0   0  2.22 inf
  329 N   -4 -3  8 -1 -5 -2 -3 -3 -2 -6 -6 -3 -5 -6 -5 -2 -2 -6 -5 -5    0   0 100   0   0   0   0   0   0   0   0   0   0   0   0   0   0   0   0   0  2.22 inf
  330 I   -4 -5 -6 -5 -3 -5 -6 -6 -6  8  0 -5 -1 -2 -5 -5 -3 -5 -4  1    0   0   0   0   0   0   0   0   0 100   0   0   0   0   0   0   0   0   0   0  1.76 inf
  331 P   -3 -5 -5 -4 -5 -4 -4 -5 -5 -5 -6 -4 -5 -6  9 -3 -4 -6 -6 -5    0   0   0   0   0   0   0   0   0   0   0   0   0   0 100   0   0   0   0   0  2.95 inf
  332 I   -2 -4 -5 -5 -3 -4 -4 -5 -5  6  0 -4  1 -2 -4 -3  0 -4 -3  4    2   0   0   0   0   0   0   0   0  63   0   0   3   0   0   0   5   0   0  27  0.99 inf
  333 R   -4  8 -3 -4 -6 -1 -2 -5 -3 -5 -5  0 -4 -5 -5 -3 -3 -5 -4 -5    0  99   0   0   0   1   0   0   0   0   0   0   0   0   0   0   0   0   0   0  2.09 inf
  334 L   -2 -3 -3 -4 -3 -3 -4 -4 -4  1  5 -3  2 -1 -4 -1  1 -3 -3  0    0   0   1   1   0   0   0   0   0   6  73   0   3   0   0   5  10   0   0   1  0.75 inf
  335 E   -2 -2 -2  1 -6  0  7 -4 -2 -5 -5 -1 -4 -5 -2 -2 -3 -5 -4 -5    2   0   0   5   0   1  91   0   0   0   0   0   0   0   1   0   0   0   0   0  1.61 inf
  336 E   -2 -2 -2  0 -6  3  7 -4 -2 -5 -5 -1 -4 -5 -3 -2 -3 -5 -4 -5    1   0   0   1   0  10  88   0   0   0   0   0   0   0   0   0   0   0   0   0  1.60 inf
  337 G   -2 -5 -3 -3 -5 -4 -4  7 -4 -6 -6 -4 -5 -5 -4 -2 -4 -5 -5 -5    0   0   0   0   0   0   0 100   0   0   0   0   0   0   0   0   0   0   0   0  2.05 inf
  338 R   -4  8 -3 -4 -6 -1 -2 -4 -2 -5 -4  2 -4 -5 -4 -2 -3 -5 -4 -5    0  90   0   0   0   0   0   0   0   0   0   9   0   0   0   1   0   0   0   0  1.81 inf
  339 K   -2  2 -2 -3 -4  3 -1 -4 -2 -2  0  6 -2 -4 -3 -2 -2 -4 -3 -3    1   6   0   0   0  13   1   0   0   1  13  64   0   0   0   1   0   0   0   0  0.84 inf
  340 I   -3 -5 -5 -5 -3 -5 -5 -6 -5  7  0 -5 -1 -2 -5 -5 -2 -5 -3  1    0   0   0   0   0   0   0   0   0  97   2   0   0   0   0   0   1   0   0   1  1.64 inf
  341 R   -4  8 -3 -4 -6 -1 -2 -5 -3 -5 -5  0 -4 -5 -5 -3 -3 -5 -4 -5    0 100   0   0   0   0   0   0   0   0   0   0   0   0   0   0   0   0   0   0  2.12 inf
  342 Q   -2  1 -2 -2 -5  5  1 -3 -2 -5 -4  5 -3 -5 -3 -2 -2 -4 -3 -4    1   3   0   0   0  39   5   0   0   0   0  50   0   0   0   1   1   0   0   0  1.08 inf
  343 A    6 -4 -4 -4 -2 -3 -3 -2 -4 -3 -3 -3 -3 -4 -3 -1 -2 -5 -4  1   92   0   0   0   0   0   0   0   0   0   0   0   0   0   0   0   0   0   0   8  1.27 inf
  344 F   -5 -5 -6 -6 -5 -6 -6 -6 -4 -2 -2 -6 -2  9 -6 -5 -5 -1  1 -3    0   0   0   0   0   0   0   0   0   0   0   0   0 100   0   0   0   0   0   0  2.38 inf
  345 V   -2 -3 -4 -5 -3 -3 -4 -5 -4  3  0  0 -1 -2 -4 -3 -1 -4 -3  6    0   1   0   0   0   0   0   0   0  16   2   8   0   0   0   0   2   0   0  70  0.87 inf
  346 P   -3 -5 -4 -4 -5 -4 -4 -5 -5 -5 -5 -3 -5 -6  9 -2 -3 -6 -5 -5    1   0   0   0   0   0   0   0   0   0   0   0   0   0  96   3   0   0   0   0  2.78 inf
  347 S    0  1 -1 -2 -3 -1  1 -2 -2 -4 -4 -1 -3 -4 -3  6  1 -5 -3 -3    2   9   0   0   0   1   7   0   0   0   0   0   0   0   0  72   8   0   0   0  0.90 inf
  348 E   -2  0  0  0 -4  2  4 -3  5 -4 -3  1 -3 -3 -3  0 -1  3 -2 -4    2   3   2   4   0   7  37   0  20   0   1  11   0   1   0   4   3   5   0   0  0.62 inf
  349 S   -1 -1 -1  2 -4  1  3 -3 -2 -4 -4  3 -3 -5  5 -1 -2 -5 -4 -3    4   0   1  10   0   5  27   0   0   0   0  20   0   0  30   2   1   0   0   0  0.77 inf
  350 D   -2 -3  2  5 -5 -2  0  5 -3 -5 -5 -3 -4 -5 -3 -2 -3 -5 -5 -5    0   0  11  41   0   0   3  45   0   0   0   0   0   0   0   0   0   0   0   0  1.10 inf
  351 W   -2 -5 -2 -5 -3 -3 -4 -1 -2 -5 -4 -5 -4 -2 -5  1 -4 12  0 -5    3   0   2   0   1   1   0   5   1   0   0   0   0   0   0  11   0  74   2   0  2.71 inf
  352 L   -1 -1 -2 -3 -2  2  0 -3  0  1  0  1  0  0 -3  0 -1 -2  2  3    0   1   0   0   0  12   6   0   3   5  10   9   1   3   0   7   1   0   9  34  0.19 inf
  353 I   -3 -4 -5 -5 -3 -4 -5 -5 -5  6  2 -4  5 -1 -5 -4 -3 -4 -3  1    0   0   0   0   0   0   0   0   0  69  14   0  16   0   0   0   0   0   0   0  1.13 inf
  354 F   -4 -4 -5 -5 -4 -4 -5 -5 -3 -1  3 -4  0  7 -5 -4 -3  0  3 -1    0   0   0   0   0   0   0   0   0   1  34   0   0  53   0   0   0   1   8   3  1.09 inf
  355 A    4 -3 -2 -3 -2 -2 -2 -1 -3 -4 -4 -2 -3 -4 -3  5 -1 -4 -4 -3   46   0   0   0   0   0   0   3   0   0   0   0   0   0   0  51   1   0   0   0  0.90 inf
  356 A    5 -3 -2 -3  2 -2 -2 -2 -3 -3 -4 -2 -3 -3 -3  4 -1 -4 -3 -2   58   0   0   0   5   0   0   0   0   0   0   0   0   0   0  36   0   0   0   0  0.89 inf
  357 D   -4 -4 -1  8 -6 -3 -1 -4 -3 -6 -6 -3 -6 -6 -4 -3 -3 -7 -6 -6    0   0   0 100   0   0   0   0   0   0   0   0   0   0   0   0   0   0   0   0  2.21 inf
  358 Y   -4 -4 -5 -6 -5 -4 -5 -6 -1 -4 -4 -4 -4  1 -6 -4 -4  0 10 -4    0   0   0   0   0   0   0   0   0   0   0   0   0   0   0   0   0   0 100   0  2.66 inf
  359 S   -1 -3 -2 -2 -3 -2 -2 -3 -3 -5 -5 -2 -4 -5 -3  7 -1 -5 -4 -4    0   0   0   0   0   0   0   0   0   0   0   0   0   0   0 100   0   0   0   0  1.61 inf
  360 Q   -3 -1 -2 -3 -6  9  0 -4 -2 -5 -5 -1 -3 -6 -4 -3 -3 -5 -4 -5    0   0   0   0   0 100   0   0   0   0   0   0   0   0   0   0   0   0   0   0  2.22 inf
  361 I   -3 -5 -5 -5 -3 -5 -5 -6 -5  7  0 -5 -1 -2 -5 -4 -3 -5 -3  3    0   0   0   0   0   0   0   0   0  88   0   0   0   0   0   0   0   0   0  12  1.47 inf
  362 E   -3 -2 -3 -1 -6  0  7 -5 -2 -6 -5 -1 -4 -6 -3 -2 -3 -5 -4 -5    0   0   0   0   0   0 100   0   0   0   0   0   0   0   0   0   0   0   0   0  1.92 inf
  363 L   -3 -4 -6 -6 -3 -4 -5 -6 -5  0  6 -5  0 -1 -5 -5 -3 -4 -3 -1    0   0   0   0   0   0   0   0   0   0 100   0   0   0   0   0   0   0   0   0  1.43 inf
  364 R   -4  8 -3 -4 -6 -1 -2 -5 -3 -5 -5  0 -4 -5 -5 -3 -3 -5 -4 -5    0 100   0   0   0   0   0   0   0   0   0   0   0   0   0   0   0   0   0   0  2.12 inf
  365 V   -2 -5 -5 -5 -3 -4 -5 -5 -5  1 -1 -4 -1 -3 -5 -4 -2 -5 -3  7    0   0   0   0   0   0   0   0   0   3   0   0   0   0   0   0   0   0   0  97  1.51 inf
  366 L   -3 -4 -6 -6 -3 -4 -5 -6 -5  0  6 -5  1 -1 -5 -5 -3 -4 -3 -1    0   0   0   0   0   0   0   0   0   0 100   0   0   0   0   0   0   0   0   0  1.42 inf
  367 A    6 -4 -4 -4 -2 -3 -3 -1 -4 -3 -4 -3 -3 -4 -3  0 -2 -5 -4 -2   98   0   0   0   0   0   0   1   0   0   0   0   0   0   0   1   0   0   0   0  1.43 inf
  368 H   -3 -3 -2  0 -6 -2 -2 -5 10 -6 -5 -3 -4 -4 -5 -2 -4 -5 -1 -6    1   0   0   5   0   0   0   0  93   0   0   0   0   0   0   2   0   0   0   0  2.61 inf
  369 I   -3 -5 -5 -5 -3 -4 -5 -6 -5  7  0 -4  3 -2 -5 -4 -2 -4 -3  2    0   0   0   0   0   0   0   0   0  79   2   0  10   0   0   0   0   0   0   9  1.26 inf
  370 A    2 -3 -1 -2 -2 -2 -2 -2 -3 -4 -4 -2 -3 -4 -3  5  3 -4 -3 -3   18   0   0   0   0   0   0   0   0   0   0   0   0   0   0  62  20   0   0   0  0.89 inf
  371 E   -2 -2  2  2 -4  3  1  4  0 -5 -5  1 -3 -5 -3 -1 -2 -4 -4 -4    1   0  10  12   0  17   6  43   3   0   0   9   0   0   0   0   0   0   0   0  0.66 inf
  372 D   -4 -4 -1  8 -6 -3  0 -4 -3 -6 -6 -3 -6 -6 -4 -3 -3 -7 -6 -6    0   0   0  99   0   0   1   0   0   0   0   0   0   0   0   0   0   0   0   0  2.17 inf
  373 D   -1 -1 -2  0 -5  2  6 -3  0 -5 -4  2 -3 -5  0 -2 -2 -5 -3 -3    4   1   0   3   0   8  61   0   2   0   0  15   0   0   4   0   1   0   0   1  0.91 inf
  374 N   -2  1  5 -1 -4 -1 -1 -1  6 -5 -4  2 -3 -4 -3  0 -1 -5 -2 -4    0   7  36   0   0   0   2   4  24   0   1  17   0   0   0   6   1   0   0   0  0.74 inf
  375 L   -3 -4 -5 -5 -3 -3 -5 -5 -4  0  5 -4  6 -1 -5 -4 -3 -3 -3 -1    0   0   0   0   0   0   0   0   0   0  73   0  27   0   0   0   0   0   0   0  1.22 inf
  376 M   -2 -1 -3 -3 -4  4 -1 -4 -3  4 -1  3  1 -3 -3 -2 -2 -4 -3  1    0   1   0   0   0  30   0   0   0  35   1  22   4   0   0   0   1   0   0   7  0.58 inf
  377 E    1 -1 -1  2 -4  2  5 -3  0 -4 -4  1 -3 -4 -3 -1 -2 -4 -2 -4   12   1   2   9   0   9  56   0   1   0   0   5   0   0   0   1   1   0   1   0  0.77 inf
  378 A    6 -4 -3 -1 -2 -3 -3 -2 -4 -3 -4 -3 -3 -4 -3 -1 -2 -5 -4 -2   96   0   0   3   0   0   0   0   0   0   0   0   0   0   0   1   0   0   0   0  1.37 inf
  379 F   -5 -5 -6 -6 -5 -6 -6 -6 -4 -2 -2 -6 -2  9 -6 -5 -5 -1  1 -3    0   0   0   0   0   0   0   0   0   0   0   0   0  99   0   0   0   0   1   0  2.35 inf
  380 R   -2  3  1 -2 -3  2 -1 -3 -1  1  0  3 -1 -2 -3 -1  0 -4 -2  0    0  17   6   0   0   9   0   0   1  15  12  29   0   0   0   1   4   0   0   4  0.29 inf
  381 R   -1  0  4  1 -4  1  3 -2  5 -4 -4  0 -3 -4 -3  0  0 -4 -2 -4    2   3  24   7   0   7  29   1  16   0   0   4   0   0   0   3   5   0   0   0  0.59 inf
  382 D   -2 -3  2  5 -5 -2 -1  5 -1 -5 -5 -2 -4 -5 -3 -1 -3 -5 -4 -5    0   0   9  34   0   1   3  52   1   0   0   1   0   0   0   1   0   0   0   0  1.04 inf
  383 L    0  0 -2 -1 -3  2  2 -3  0 -1  1  0  5  0 -3 -2 -2 -2  2 -1    9   4   0   2   0  10  20   0   2   1   9   4  26   2   0   0   0   0   8   2  0.30 inf
  384 D   -4 -4 -1  8 -6 -3 -1 -4 -3 -6 -6 -3 -6 -6 -4 -3 -3 -7 -6 -6    0   0   0 100   0   0   0   0   0   0   0   0   0   0   0   0   0   0   0   0  2.21 inf
  385 I   -3 -5 -5 -5 -3 -5 -5 -6 -5  7  0 -5 -1 -2 -5 -4 -3 -5 -3  2    0   0   0   0   0   0   0   0   0  91   0   0   0   0   0   0   0   0   0   9  1.53 inf
  386 H   -4 -3 -2 -4 -6 -2 -3 -5 11 -6 -6 -3 -4 -4 -5 -4 -4 -5 -1 -6    0   0   0   0   0   0   0   0 100   0   0   0   0   0   0   0   0   0   0   0  3.01 inf
  387 T    3 -3 -2 -3 -3 -2 -2 -3 -3 -3 -3 -2 -2 -4 -3  1  6 -4 -4 -2   24   0   0   0   0   0   1   0   0   0   0   0   0   0   0   6  68   0   0   0  1.03 inf
  388 K    1  1  1 -2 -3  1  0 -2  2 -4 -3  4 -2 -4 -2  2  0 -4 -2 -3   14   6   6   0   0   6   3   0   6   0   0  33   0   0   0  22   5   0   0   0  0.42 inf
  389 T   -2 -3 -2 -3 -3 -3 -3 -4 -4 -3 -4 -3 -3 -5 -3 -1  8 -5 -4 -2    0   0   0   0   0   0   0   0   0   0   0   0   0   0   0   0 100   0   0   0  1.81 inf
  390 A    7 -4 -4 -4 -3 -3 -3 -2 -4 -3 -4 -3 -3 -4 -3 -1 -2 -5 -4 -2  100   0   0   0   0   0   0   0   0   0   0   0   0   0   0   0   0   0   0   0  1.50 inf
  391 M   -3  2 -4 -5 -4 -2 -4 -4 -4 -1  0 -3  9 -3 -5 -1 -3 -4 -3 -1    0  12   0   0   0   0   0   1   0   0   1   0  80   0   0   4   0   0   0   2  1.74 inf
  392 D   -2  4 -1  5 -5  0  1 -3 -2 -5 -4  2 -4 -5 -3 -2 -2 -5 -4 -4    3  33   0  40   0   2   5   0   0   0   0  16   0   0   0   0   0   0   0   0  0.88 inf
  393 I   -2 -5 -5 -5 -3 -4 -5 -5 -5  4 -1 -4 -1 -2 -4 -4 -2 -5 -3  6    0   0   0   0   0   0   0   0   0  28   0   0   0   0   0   0   0   0   0  72  1.18 inf
  394 F   -5 -5 -5 -6 -5 -6 -6 -6 -4 -2 -2 -6 -2  9 -6 -5 -5 -1  2 -3    0   0   0   0   0   0   0   0   0   0   0   0   0  98   0   0   0   0   2   0  2.32 inf
  395 Q   -2 -2  2  0 -5 -1 -2  5  7 -5 -5 -2 -4 -4 -4 -2 -3 -4 -2 -5    0   0   8   4   0   1   1  53  31   0   0   1   0   0   0   0   0   0   0   0  1.14 inf
  396 V   -2 -4 -5 -5 -2 -4 -4 -5 -5  3  3 -4  0 -2 -4 -4 -2 -4 -3  5    0   0   0   0   0   0   0   0   0  18  26   0   1   0   0   0   0   0   0  56  0.83 inf
  397 S    1 -1  0  1 -3  0  3 -1 -2 -4 -3  1 -3 -4  0  3  0 -4 -3 -3   13   0   3   8   0   2  22   3   0   0   1   9   0   0   3  32   3   0   0   0  0.39 inf
  398 E    2  0  0  0 -3  0  2 -2 -1 -4 -4  2 -2 -4  5 -1 -1 -4 -3 -3   20   2   4   3   0   2  19   0   1   0   0  16   0   0  29   2   1   0   0   0  0.60 inf
  399 D   -2 -2  0  6 -5 -1  5 -2 -2 -5 -5 -1 -4 -5 -3  0 -2 -5 -4 -4    2   0   3  49   0   1  39   2   0   0   0   1   0   0   0   4   0   0   0   0  1.10 inf
  400 E   -1 -2 -1  4 -5  3  6 -3 -2 -5 -5 -1 -4 -5 -2 -1 -2 -5 -4 -4    4   0   0  23   0  12  57   0   0   0   0   1   0   0   0   1   1   0   0   0  1.04 inf
  401 V   -2 -5 -5 -5 -3 -4 -5 -5 -5  1 -1 -4 -1 -3 -5 -4 -2 -5 -3  7    0   0   0   0   0   0   0   0   0   3   0   0   0   0   0   0   0   0   0  97  1.50 inf
  402 T   -2 -3 -1  4 -3 -3 -2 -3 -4 -3 -4 -3 -3 -4 -3  0  6 -5 -4 -3    0   0   1  25   0   0   0   0   0   0   0   0   0   0   0   1  73   0   0   0  1.23 inf
  403 P    1 -2 -2 -1 -3 -2 -2  0 -3 -4 -4 -2 -3 -5  5  4 -1 -5 -4 -3   14   1   0   3   0   0   0   6   0   0   0   0   0   0  36  40   0   0   0   0  0.95 inf
  404 N   -2 -2  6  2 -4 -1  0 -3 -1 -3  1 -2 -1 -3 -4 -1 -1 -2 -3 -3    1   0  58   8   0   0   6   0   1   0  21   0   1   0   0   1   2   0   0   0  0.81 inf
  405 M   -3 -4 -4  1 -4 -1 -3 -5 -3  1  0 -3  9 -2 -5 -4 -3 -4 -3 -2    0   0   0   9   0   2   0   0   0   5   3   1  80   0   0   0   0   0   0   0  1.69 inf
  406 R   -4  8 -3 -4 -6 -1 -2 -5 -3 -5 -5  0 -4 -5 -5 -3 -3 -5 -4 -5    0 100   0   0   0   0   0   0   0   0   0   0   0   0   0   0   0   0   0   0  2.12 inf
  407 R   -4  8 -3 -4 -6 -1 -2 -5 -3 -5 -5  0 -4 -5 -5 -3 -3 -5 -4 -5    0 100   0   0   0   0   0   0   0   0   0   0   0   0   0   0   0   0   0   0  2.12 inf
  408 Q   -1  0  2 -1 -4  6  0 -3  4 -4 -4 -1 -3 -5 -3  1 -1 -4 -3 -4    5   3  11   2   0  56   1   0  10   0   0   1   0   0   0   9   4   0   0   0  0.90 inf
  409 A    7 -4 -4 -4 -3 -3 -3 -2 -4 -3 -4 -3 -3 -4 -3 -1 -2 -5 -4 -2  100   0   0   0   0   0   0   0   0   0   0   0   0   0   0   0   0   0   0   0  1.50 inf
  410 K   -3  0 -2 -3 -5 -1 -1 -4 -3 -5 -5  7 -4 -6 -3 -2 -3 -5 -4 -5    0   0   0   0   0   0   0   0   0   0   0 100   0   0   0   0   0   0   0   0  1.81 inf
  411 A    7 -4 -4 -4 -3 -3 -3 -2 -4 -3 -4 -3 -3 -4 -3 -1 -2 -5 -4 -2  100   0   0   0   0   0   0   0   0   0   0   0   0   0   0   0   0   0   0   0  1.50 inf
  412 V   -2 -5 -5 -5 -3 -4 -5 -5 -5  1 -1 -4 -1 -3 -4 -4  0 -5 -3  7    0   0   0   0   0   0   0   0   0   0   0   0   0   0   0   0   4   0   0  96  1.46 inf
  413 N   -4 -3  8 -1 -5 -2 -3 -3 -2 -6 -6 -3 -5 -6 -5 -2 -2 -6 -5 -5    0   0 100   0   0   0   0   0   0   0   0   0   0   0   0   0   0   0   0   0  2.22 inf
  414 F   -5 -5 -6 -6 -5 -6 -6 -6 -4 -2 -2 -6 -2  9 -6 -5 -5 -1  1 -3    0   0   0   0   0   0   0   0   0   0   0   0   0 100   0   0   0   0   0   0  2.38 inf
  415 G   -2 -5 -3 -3 -5 -4 -4  7 -4 -6 -6 -4 -5 -5 -4 -2 -4 -5 -5 -5    0   0   0   0   0   0   0 100   0   0   0   0   0   0   0   0   0   0   0   0  2.05 inf
  416 I   -3 -5 -5 -5 -3 -5 -5 -6 -5  7  0 -5 -1 -2 -5 -4 -3 -5 -3  2    0   0   0   0   0   0   0   0   0  94   0   0   0   0   0   0   0   0   0   6  1.59 inf
  417 V   -2 -5 -5 -5 -3 -4 -5 -5 -5  1 -1 -4 -1 -3 -5 -4 -2 -5 -3  7    0   0   0   0   0   0   0   0   0   3   0   0   0   0   0   0   0   0   0  97  1.50 inf
  418 Y   -4 -4 -5 -6 -5 -4 -5 -6 -1 -4 -4 -4 -4  1 -6 -4 -4  0 10 -4    0   0   0   0   0   0   0   0   0   0   0   0   0   0   0   0   0   0 100   0  2.66 inf
  419 G   -2 -5 -3 -3 -5 -4 -4  7 -4 -6 -6 -4 -5 -5 -4 -2 -4 -5 -5 -5    0   0   0   0   0   0   0 100   0   0   0   0   0   0   0   0   0   0   0   0  2.05 inf
  420 I   -4 -5 -6 -5 -3 -5 -6 -6 -6  8  0 -5 -1 -2 -5 -5 -3 -5 -4  1    0   0   0   0   0   0   0   0   0 100   0   0   0   0   0   0   0   0   0   0  1.76 inf
  421 S   -1 -3 -2 -2 -3 -2 -2 -3 -3 -5 -5 -2 -4 -5 -3  7 -1 -5 -4 -4    0   0   0   0   0   0   0   0   0   0   0   0   0   0   0 100   0   0   0   0  1.61 inf
  422 D   -3 -4 -1  8 -6 -3 -1 -4 -3 -6 -6 -3 -5 -6 -4 -2 -3 -7 -6 -6    1   0   0  99   0   0   0   0   0   0   0   0   0   0   0   0   0   0   0   0  2.16 inf
  423 Y   -4 -4 -5 -6 -5 -4 -5 -6 -1 -3 -3 -4 -3  5 -5 -4 -4  0  9 -3    0   0   0   0   0   0   0   0   0   0   0   0   0  21   0   0   0   0  79   0  2.12 inf
  424 G   -2 -5 -3 -3 -5 -4 -4  7 -4 -6 -6 -4 -5 -5 -4 -2 -4 -5 -5 -5    0   0   0   0   0   0   0 100   0   0   0   0   0   0   0   0   0   0   0   0  2.05 inf
  425 L   -3 -4 -6 -6 -3 -4 -5 -6 -5  0  6 -5  0 -1 -5 -5 -3 -4 -3 -1    0   0   0   0   0   0   0   0   0   0 100   0   0   0   0   0   0   0   0   0  1.43 inf
  426 A    2 -3 -2 -2 -3 -2 -2 -2 -3 -4 -4 -2 -3 -4 -3  6 -1 -5 -4 -3   17   0   0   0   0   0   0   0   0   0   0   0   0   0   0  83   0   0   0   0  1.22 inf
  427 Q   -3 -1  2 -2 -5  8  0 -4 -1 -5 -5  1 -3 -5 -4 -2 -2 -4 -4 -5    0   0  12   0   0  78   0   0   0   0   0   8   0   0   0   1   1   0   0   0  1.52 inf
  428 N   -3 -2  8 -1 -4 -2 -2 -2 -2 -5 -5 -2 -4 -5 -4  2 -1 -6 -4 -5    0   1  79   0   0   0   0   0   0   0   0   0   0   0   0  19   1   0   0   0  1.58 inf
  429 L   -3 -4 -5 -5 -3 -4 -5 -5 -5  3  5 -4  0 -1 -5 -4 -1 -4 -3  0    0   0   0   0   0   0   0   0   0  14  83   0   0   0   0   0   3   0   0   0  1.07 inf
  430 N   -2 -3  4  0 -4 -3 -3  6  1 -5 -5 -2 -4 -5 -4 -1 -3 -5 -4 -5    0   0  22   3   0   0   1  68   4   0   0   1   0   0   0   1   0   0   0   0  1.22 inf
  431 I   -3 -5 -5 -5 -1 -5 -5 -6 -5  7  0 -5 -1 -2 -5 -4 -3 -5 -3  2    0   0   0   0   1   0   0   0   0  94   0   0   0   0   0   0   0   0   0   5  1.57 inf
  432 S   -1 -2 -2 -3 -3 -2 -2 -3 -3 -3 -4 -2 -3 -4  1  4  6 -5 -4 -2    1   1   0   0   0   0   0   0   0   0   0   0   0   0   6  34  58   0   0   0  1.00 inf
  433 R   -4  8 -3 -4 -6 -1 -2 -5 -3 -5 -5  0 -4 -5 -4 -3 -3 -5 -4 -5    0 100   0   0   0   0   0   0   0   0   0   0   0   0   0   0   0   0   0   0  2.09 inf
  434 K   -1  0 -2 -2 -5  0 -1 -3 -3 -5 -5  7 -3 -5 -1 -2 -3 -5 -4 -4    3   0   0   1   0   3   0   0   0   0   0  89   0   0   2   1   0   0   0   0  1.42 inf
  435 E    1  0 -2  1 -4  4  5 -3 -2 -4 -3  1 -3 -5 -3 -1 -2 -4 -3 -3   11   3   0   6   0  24  49   0   0   0   1   6   0   0   0   0   0   0   0   1  0.80 inf
  436 A    7 -4 -4 -4 -3 -3 -3 -2 -4 -3 -4 -3 -3 -4 -3 -1 -2 -5 -4 -2  100   0   0   0   0   0   0   0   0   0   0   0   0   0   0   0   0   0   0   0  1.50 inf
  437 A    2  0 -2 -2 -4  2 -1  1  1 -4 -4  5 -3 -4 -3 -1 -2 -4 -3 -3   26   1   0   0   0  11   1   9   5   0   0  46   0   0   0   2   0   0   0   0  0.61 inf
  438 E    1  1  1  1 -3  3  3 -2  0 -2 -3  1 -2 -3 -2  0  0 -4 -3 -3   15   7   5   6   0  20  24   0   2   2   0  10   0   0   0   2   6   0   0   0  0.38 inf
  439 F   -4 -5 -5 -6 -5 -5 -5 -5 -3 -2 -2 -5 -2  8 -6 -4 -4 -1  5 -3    0   0   0   0   0   0   0   0   0   1   0   0   0  80   0   0   0   0  19   0  1.93 inf
  440 I   -4 -5 -6 -5 -3 -5 -6 -6 -6  8  0 -5  0 -2 -5 -5 -3 -5 -4  1    0   0   0   0   0   0   0   0   0  99   0   0   1   0   0   0   0   0   0   0  1.72 inf
  441 E   -2 -2  0  6 -5  1  4 -3 -2 -5 -5 -1 -4 -5 -3 -2 -2 -5 -4 -5    2   0   1  55   0   4  35   0   0   0   0   1   0   0   0   0   1   0   0   0  1.19 inf
  442 R   -1  4  1  1 -3  2  0 -2 -2 -3 -3  1 -2 -4 -3  0  3 -4 -3 -3    2  30   6   8   0  13   1   1   0   0   0   5   0   0   0   4  29   0   0   0  0.50 inf
  443 Y   -4 -4 -5 -6 -5 -4 -5 -6 -1 -4 -4 -4 -4  1 -6 -4 -4  0 10 -4    0   0   0   0   0   0   0   0   0   0   0   0   0   0   0   0   0   0 100   0  2.66 inf
  444 F   -4 -5 -5 -6 -4 -5 -5 -5 -4 -2  3 -5 -1  8 -6 -4 -4 -1  1 -2    0   0   0   0   0   0   0   0   0   0  25   0   0  75   0   0   0   0   0   0  1.58 inf
  445 E    1  0  0  2 -4  1  5 -2  0 -4 -4  1 -3 -4 -2  0 -2 -4 -3 -2   17   2   3  13   0   5  45   0   2   0   0   8   0   0   0   2   0   0   0   1  0.59 inf
  446 S    0  2  0 -1 -3  2  2 -2 -1 -2 -3  1 -2 -4 -2  3  0 -4 -3  0    3  13   2   0   0  10  13   0   1   1   0   6   0   0   0  38   2   0   0  12  0.35 inf
  447 F   -4 -4 -5 -6 -5 -4 -5 -5 -1 -3 -2 -5 -3  7 -6 -4 -4  0  7 -3    0   0   0   0   0   0   0   0   0   0   0   0   0  51   0   0   0   0  49   0  1.85 inf
  448 P   -3 -3 -4 -4 -5  2 -3 -4 -4 -5 -5 -1 -4 -6  8 -2 -3 -6 -5 -5    0   1   0   0   0  11   0   0   0   0   0   2   0   0  84   2   0   0   0   0  2.26 inf
  449 G   -1 -2 -1 -1 -4  1 -3  6 -3 -5 -5  0 -4 -5 -4 -2 -3 -4 -5 -5    1   1   2   3   0   6   0  80   0   0   0   6   0   0   0   1   0   0   0   0  1.34 inf
  450 V   -2 -5 -5 -5 -3 -4 -5 -5 -5  3 -1 -4 -1 -3 -4 -4 -2 -5 -3  6    0   0   0   0   0   0   0   0   0  17   0   0   0   0   0   0   0   0   0  83  1.28 inf
  451 K   -2  3 -2 -3 -5  1  0 -4  2 -5 -4  6 -3 -5 -3 -2 -3 -5 -3 -4    0  13   0   0   0   6   2   0   6   0   0  73   0   0   0   0   0   0   0   0  1.18 inf
  452 R    0  2  2  2 -4  3  3 -2 -1 -4 -3  2 -2 -4 -2  0  0 -4 -3 -3    8  12   9  11   0  20  18   1   0   0   0  12   0   0   0   2   5   0   0   1  0.41 inf
  453 Y   -4 -4 -5 -6 -5 -4 -5 -6 -1 -4 -4 -4 -3  1 -6 -4 -4  4  9 -4    0   0   0   0   0   0   0   0   0   0   0   0   0   2   0   0   0   5  93   0  2.45 inf
  454 M   -3 -4 -5 -6 -4 -3 -5 -5 -4  0  0 -4 10 -3 -5 -3 -1 -4 -4 -1    0   0   0   0   0   0   0   0   0   3   0   0  90   0   0   1   4   0   0   2  2.12 inf
  455 E   -2 -1  0  5 -5  1  4 -3  0 -4 -5  0 -4 -5 -3  0  0 -5 -4 -4    1   1   2  42   0   3  37   0   2   0   0   2   0   0   0   5   4   0   0   0  0.88 inf
  456 N   -2  0  2  5 -4  0  3 -2 -1 -4 -4  0 -3 -4 -3  0  0 -2 -4 -3    1   6  12  41   0   3  21   0   0   0   0   5   0   0   0   4   7   1   0   0  0.68 inf
  457 I    0 -4 -4 -4 -3 -4 -4 -4 -4  6  0 -4  1 -2 -4  0 -1 -4 -3  2    6   0   0   0   0   0   0   0   0  69   0   0   3   0   0   7   3   0   0  11  0.86 inf
  458 V   -2 -4 -5 -5 -3 -4 -4 -5 -5  3 -1 -2 -1 -3 -4 -4 -2 -5 -3  6    0   0   0   0   0   0   0   0   0  12   0   4   0   0   0   0   0   0   0  84  1.21 inf
  459 Q    0  3 -1 -1 -2  3  2 -3  0 -3 -3  3 -1 -4 -2 -1 -1 -4 -3 -2    9  21   1   1   1  20  12   0   2   0   2  25   1   0   0   2   2   0   0   2  0.47 inf
  460 E   -2 -1 -1  3 -4  3  4 -3 -1 -3 -2  1 -2  1 -3  0 -1 -3 -1 -3    1   0   1  19   0  13  38   0   0   0   3   9   0   7   0   4   2   0   1   0  0.52 inf
  461 A    6 -4 -4 -4  0 -3 -3 -2 -4 -3 -4 -3 -3 -4 -3 -1 -2 -5 -4 -2   98   0   0   0   1   0   0   1   0   0   0   0   0   0   0   0   0   0   0   0  1.42 inf
  462 K   -3  5 -2 -3 -5 -1 -1 -4  2 -5 -4  6 -3 -5 -3 -2 -3 -5 -3 -4    0  35   0   0   0   0   1   0   5   0   0  59   0   0   0   0   0   0   0   0  1.21 inf
  463 Q    0  1  0  3 -4  4  4 -3  1 -4 -3  1 -3 -3 -3 -1 -1 -4 -3 -3    8   5   2  19   0  23  30   0   3   0   1   7   0   1   0   0   1   0   0   1  0.57 inf
  464 K   -2  0  2  3 -4  3  1 -3  1 -4 -2  4 -3 -4 -3 -1 -2 -4 -2 -3    1   0  10  19   0  15   4   0   4   0   3  41   0   0   0   0   1   0   1   1  0.58 inf
  465 G   -2 -3 -2 -2 -5 -4 -4  7 -4 -6 -6 -4 -5 -5 -4 -2 -4 -5 -5 -5    0   1   0   1   0   0   0  97   0   0   0   0   0   0   0   0   0   0   0   0  1.94 inf
  466 Y   -4 -4 -5 -6 -5 -4 -5 -6 -1 -4 -3 -4 -3  4 -6 -4 -4  0  9 -4    0   0   0   0   0   0   0   0   0   0   0   0   0  12   0   0   0   0  88   0  2.29 inf
  467 V    0 -5 -5 -5 -3 -4 -4 -5 -5  1 -1 -4 -1 -3 -4 -3 -2 -5 -3  7    7   0   0   0   0   0   0   0   0   0   0   0   0   0   0   0   0   0   0  93  1.34 inf
  468 T   -1 -2 -2 -1 -4  0  5 -3 -2 -4 -4  1 -3 -5 -3  0  4 -5 -4 -3    2   0   0   0   0   0  55   0   0   0   0   6   0   0   0   6  30   0   0   0  0.88 inf
  469 T   -2 -3 -2 -3 -3 -3 -3 -4 -4 -3 -4 -3 -3 -5 -3 -1  8 -5 -4 -2    0   0   0   0   0   0   0   0   0   0   0   0   0   0   0   0 100   0   0   0  1.81 inf
  470 L   -3 -4 -5 -5 -3 -3 -5 -5 -5  4  5 -4  2 -1 -5 -4 -3 -3 -3  0    0   0   0   0   0   1   0   0   0  28  68   0   3   1   0   0   0   0   0   0  0.96 inf
  471 L    0 -3 -4 -5 -3 -3 -4 -4 -3  0  4 -3  4  3 -4 -2 -1 -2  2 -1    7   0   0   0   0   0   0   0   0   0  46   0  16  17   0   1   4   0   9   0  0.59 inf
  472 H   -3 -1  4 -2 -5  0  1 -3  8 -5 -5  2 -4 -4 -4 -2 -3 -5 -1 -5    1   0  19   0   0   3   9   0  54   0   0  13   0   0   0   0   0   0   0   0  1.30 inf
  473 R   -4  8 -3 -4 -6 -1 -2 -5 -3 -5 -5  0 -4 -5 -5 -3 -3 -5 -4 -5    0 100   0   0   0   0   0   0   0   0   0   0   0   0   0   0   0   0   0   0  2.12 inf
  474 R   -4  8 -3 -4 -6 -1 -2 -5 -3 -5 -5  0 -4 -5 -5 -3 -3 -5 -4 -5    0 100   0   0   0   0   0   0   0   0   0   0   0   0   0   0   0   0   0   0  2.12 inf
  475 R   -4  8 -3 -4 -6 -1 -2 -5 -3 -5 -5  0 -4 -5 -5 -3 -3 -5 -4 -5    0 100   0   0   0   0   0   0   0   0   0   0   0   0   0   0   0   0   0   0  2.12 inf
  476 Y   -4 -4 -4 -5 -5 -3  0 -5 -1 -4 -4 -4 -3  1 -5 -3 -4  0  9 -4    0   0   0   0   0   0   7   0   0   0   0   0   0   0   0   1   0   0  90   0  2.16 inf
  477 L   -3 -4 -5 -5 -3 -4 -5 -6 -5  3  5 -4  0 -1 -5 -4 -2 -4 -3  0    0   0   0   0   0   0   0   0   0  17  82   0   0   0   0   0   1   0   0   0  1.10 inf
  478 P   -3 -4 -4 -3 -5 -4 -2 -5 -5 -5 -5 -2 -5 -6  9 -3 -3 -6 -5 -5    0   0   0   1   0   0   1   0   0   0   0   2   0   0  96   0   0   0   0   0  2.74 inf
  479 D   -3 -3 -1  7 -6  0  4 -3 -3 -5 -5 -2 -5 -5 -3 -2 -3 -6 -5 -5    0   0   1  67   0   2  30   1   0   0   0   0   0   0   0   0   0   0   0   0  1.45 inf
  480 I   -3 -5 -5 -5 -3 -5 -5 -6 -5  7  1 -5  0 -2 -5 -4 -3 -5 -3  1    0   0   0   0   0   0   0   0   0  92   7   0   1   0   0   0   0   0   0   0  1.51 inf
  481 T   -2  0  5 -2 -4 -1 -2 -2  5 -4 -4  1 -3 -4 -3 -1  4 -4 -2 -3    1   3  34   0   0   1   0   0  16   0   0   9   0   0   0   1  34   0   0   1  0.75 inf
  482 S    3 -3 -1 -2 -3 -2 -2 -2 -2 -4 -4 -2 -3 -4 -3  6 -1 -5 -4 -3   24   0   1   0   0   0   0   0   0   0   0   0   0   0   0  74   0   0   0   0  1.08 inf
  483 R   -2  6 -2 -3 -3 -1 -2 -3 -2 -5 -4  4 -3 -5 -3  2 -2 -5 -4 -4    0  56   0   0   1   0   0   0   0   0   0  24   0   0   0  19   0   0   0   0  1.06 inf
  484 N   -4 -3  8 -1 -5 -1 -2 -3 -2 -6 -6 -1 -4 -5 -4  0 -2 -6 -4 -5    0   0  93   0   0   1   0   0   0   0   0   1   0   0   0   4   0   0   0   0  1.93 inf
  485 F   -5 -5 -5 -6 -5 -5 -5 -6 -3 -2 -2 -5 -2  9 -6 -5 -4 -1  3 -3    0   0   0   0   0   0   0   0   0   0   0   0   0  92   0   0   0   0   8   0  2.15 inf
  486 N   -3 -3  8 -1 -5 -2 -2 -3 -2 -5 -6 -2 -4 -5 -4 -1 -1 -6 -4 -5    2   0  93   0   0   1   0   0   0   0   0   0   0   0   0   2   2   0   0   0  1.93 inf
  487 V   -2  0 -4 -4 -3  1 -3 -4 -3  2  4 -1  1 -1 -4 -3 -2 -3 -2  2    1   7   0   0   0   8   0   0   0  11  48   3   1   0   0   0   0   0   0  21  0.46 inf
  488 R   -4  8 -3 -4 -6 -1 -2 -5 -3 -5 -5  0 -4 -5 -5 -3 -3 -5 -4 -5    0  99   0   0   0   0   0   0   0   0   0   1   0   0   0   0   0   0   0   0  2.09 inf
  489 S   -1 -3  1 -2 -3 -1 -2  1 -3 -5 -5 -1 -4 -5 -3  6  0 -5 -4 -4    1   0   6   0   0   1   0   8   0   0   0   1   0   0   0  83   1   0   0   0  1.13 inf
  490 F   -4 -5 -5 -6 -5 -6 -6 -6 -4 -2 -2 -6 -2  9 -6 -5 -5 -1  1 -3    1   0   0   0   0   0   0   0   0   0   0   0   0  99   0   0   0   0   0   0  2.32 inf
  491 A    7 -4 -4 -4 -3 -3 -3 -1 -4 -3 -4 -3 -3 -4 -3 -1 -2 -5 -4 -2   99   0   0   0   0   0   0   1   0   0   0   0   0   0   0   0   0   0   0   0  1.47 inf
  492 E   -3 -2 -2 -1 -6  0  7 -4 -2 -6 -5 -1 -4 -6 -3 -2 -3 -5 -4 -5    1   0   0   0   0   1  98   0   0   0   0   0   0   0   0   0   0   0   0   0  1.86 inf
  493 R   -4  8 -3 -4 -6 -1 -2 -5 -3 -5 -5  0 -4 -5 -5 -3 -3 -5 -4 -5    0 100   0   0   0   0   0   0   0   0   0   0   0   0   0   0   0   0   0   0  2.12 inf
  494 M   -2 -3 -2 -3 -3 -3 -3 -4 -4 -3 -3 -3 -1 -4 -3 -1  7 -5 -4 -2    0   0   1   0   0   0   0   0   0   0   0   0   2   0   0   0  97   0   0   0  1.72 inf
  495 A    7 -4 -4 -4 -3 -3 -3 -2 -4 -3 -4 -3 -3 -4 -3 -1 -2 -5 -4 -2  100   0   0   0   0   0   0   0   0   0   0   0   0   0   0   0   0   0   0   0  1.50 inf
  496 M   -3 -4 -5 -6 -4 -3 -5 -5 -4  4  0 -4  9 -2 -5 -4 -3 -4 -3 -1    0   0   0   0   0   0   0   0   0  22   1   0  77   0   0   0   0   0   0   0  1.86 inf
  497 N   -4 -3  8 -1 -5 -2 -3 -3 -2 -6 -6 -3 -5 -6 -5 -2 -2 -6 -5 -5    0   0 100   0   0   0   0   0   0   0   0   0   0   0   0   0   0   0   0   0  2.22 inf
  498 T   -2 -3 -2 -3 -3 -3 -3 -3 -4 -3 -4 -3 -3 -4 -3  3  7 -5 -4 -2    0   0   0   0   0   0   0   0   0   0   0   0   0   0   0  24  76   0   0   0  1.29 inf
  499 P   -3 -5 -5 -4 -5 -4 -4 -5 -5 -5 -6 -4 -5 -6  9 -3 -4 -6 -6 -5    0   0   0   0   0   0   0   0   0   0   0   0   0   0 100   0   0   0   0   0  2.95 inf
  500 I   -4 -5 -6 -5 -3 -5 -6 -6 -6  8  0 -5 -1 -2 -5 -5 -3 -5 -4  1    0   0   0   0   0   0   0   0   0 100   0   0   0   0   0   0   0   0   0   0  1.76 inf
  501 Q   -3 -1 -2 -3 -6  9  0 -4 -2 -5 -5 -1 -3 -6 -4 -3 -3 -5 -4 -5    0   0   0   0   0 100   0   0   0   0   0   0   0   0   0   0   0   0   0   0  2.22 inf
  502 G   -2 -5 -3 -3 -5 -4 -4  7 -4 -6 -6 -4 -5 -5 -4 -2 -4 -5 -5 -5    0   0   0   0   0   0   0 100   0   0   0   0   0   0   0   0   0   0   0   0  2.05 inf
  503 S   -1 -3 -1 -2 -3 -2 -2 -2 -3 -4 -4 -2 -3 -4 -3  6  4 -5 -4 -3    0   0   0   0   0   0   0   0   0   0   0   0   0   0   0  76  23   0   0   0  1.18 inf
  504 A    7 -4 -4 -4 -3 -3 -3 -2 -4 -3 -4 -3 -3 -4 -3 -1 -2 -5 -4 -2  100   0   0   0   0   0   0   0   0   0   0   0   0   0   0   0   0   0   0   0  1.50 inf
  505 A    7 -4 -4 -4 -3 -3 -3 -2 -4 -3 -4 -3 -3 -4 -3 -1 -2 -5 -4 -2  100   0   0   0   0   0   0   0   0   0   0   0   0   0   0   0   0   0   0   0  1.50 inf
  506 D   -4 -4 -1  8 -6 -3 -1 -4 -3 -6 -6 -3 -6 -6 -4 -3 -3 -7 -6 -6    0   0   0 100   0   0   0   0   0   0   0   0   0   0   0   0   0   0   0   0  2.21 inf
  507 I   -3 -5 -6 -5 -3 -5 -5 -6 -6  8  0 -5 -1 -2 -5 -5 -3 -5 -3  1    0   0   0   0   0   0   0   0   0  98   0   0   0   0   0   0   0   0   0   2  1.68 inf
  508 I   -3 -5 -5 -5 -3 -5 -5 -6 -5  7  2 -5  0 -2 -5 -4 -3 -4 -3  1    0   0   0   0   0   0   0   0   0  81  17   0   1   0   0   0   0   0   0   1  1.29 inf
  509 K   -3  0 -2 -3 -5 -1 -1 -4 -3 -5 -5  7 -4 -6 -3 -2 -3 -5 -4 -5    0   0   0   0   0   0   0   0   0   0   0 100   0   0   0   0   0   0   0   0  1.81 inf
  510 K   -2 -1 -3 -3 -3 -1 -2 -4 -3  4  2  3  1 -2 -3 -3 -2 -4 -3  2    0   0   0   0   0   2   0   0   0  29  25  27   2   0   0   0   1   0   0  13  0.43 inf
  511 A    7 -4 -4 -4 -3 -3 -3 -2 -4 -3 -4 -3 -3 -4 -3 -1 -2 -5 -4 -2  100   0   0   0   0   0   0   0   0   0   0   0   0   0   0   0   0   0   0   0  1.50 inf
  512 M   -4 -4 -5 -6 -4 -3 -5 -6 -4 -1  0 -4 10 -3 -5 -4 -3 -4 -4 -2    0   0   0   0   0   0   0   0   0   0   0   0 100   0   0   0   0   0   0   0  2.61 inf
  513 I   -3 -5 -5 -5 -3 -4 -5 -6 -5  6  0 -4 -1 -2 -5 -4 -2 -5 -3  4    0   0   0   0   0   0   0   0   0  71   3   0   0   0   0   0   0   0   0  26  1.20 inf
  514 D   -2  2  4  3 -4  3  2 -3  1 -3 -3  1 -3 -4 -3 -1 -2 -4 -3 -3    0  11  24  23   0  14  11   0   3   1   2  10   0   0   0   0   0   0   0   0  0.55 inf
  515 L   -3 -4 -5 -5 -3 -3 -4 -5 -4  0  3 -4  8  2 -5 -4 -3 -3 -2  0    0   0   0   0   0   0   0   0   0   1  24   0  62   8   0   0   0   0   1   4  1.32 inf
  516 N    2 -2  1  5 -4  3  1 -2  0 -4 -4 -1 -3 -4 -3  0 -2 -4 -3 -3   23   0   6  39   0  20   5   1   1   0   0   1   0   0   0   3   0   0   1   1  0.62 inf
  517 A    0  1  1  1 -4  2  3 -2  0 -4 -3  4 -3 -4 -2 -1 -1 -2 -2 -3   11   6   5   8   0  12  21   1   2   0   0  31   0   0   0   1   1   0   1   0  0.45 inf
  518 R    3  4 -2 -2 -3  0  1 -2 -2 -3 -3  2 -1 -4 -3 -1 -1 -4 -3 -1   30  33   0   0   0   3  11   0   0   0   0  14   2   0   0   2   2   0   0   3  0.50 inf
  519 L   -3 -4 -5 -5 -3 -4 -5 -5 -5  1  5 -4  3 -1 -5 -4 -3 -3 -3  1    0   0   0   0   0   0   0   0   0   6  82   0   6   0   0   0   0   0   0   6  1.06 inf
  520 K   -2  2 -1  1 -4  2  3 -3  0 -3 -3  4 -2 -4 -2 -1  0 -4 -2 -1    1  10   1   5   0   7  19   0   2   0   1  41   0   0   0   1   6   0   1   5  0.51 inf
  521 E    0  0  0  2 -4  1  5 -2  0 -4 -4  2 -3 -4 -2  0 -1 -4 -3 -3   10   4   2  12   0   4  46   1   2   0   0  14   0   0   0   4   1   0   0   0  0.61 inf
  522 E    0  2  0  0 -3  1  4  0  1 -3 -2  1 -2 -3 -2  0  1 -4 -3 -3    7  12   4   1   0   2  37   8   4   0   5   7   1   0   0   3   9   0   0   0  0.33 inf
  523 R   -2  0  4  1 -4  1  0  3  2 -4 -4  2 -3 -4 -2 -1 -1 -4 -3 -4    0   4  23   6   0   8   4  30   6   0   0  15   0   0   0   2   1   0   0   0  0.49 inf
  524 L   -3 -3 -5 -5 -3 -4 -4 -5 -3  0  5 -4  3  3 -5 -4 -3 -1  2 -1    0   0   0   0   0   0   0   0   0   1  70   0   8  11   0   0   0   0   9   0  0.87 inf
  525 Q   -2  2  0 -1 -5  5  2 -3  2 -4 -4  4 -3 -5 -3 -1 -2 -4 -3 -4    1   8   3   0   0  34  11   0   5   0   0  35   0   0   0   2   1   0   0   0  0.76 inf
  526 A    5 -3 -2 -3 -2 -2 -2 -2 -3 -3 -3 -2 -3 -4 -2  3  3 -4 -3 -2   58   0   0   0   0   0   0   0   0   0   0   0   0   0   0  23  19   0   0   0  0.80 inf
  527 H   -2  5  1 -3 -4  0 -1 -3 -1 -4 -4  4 -3 -4 -3 -2  2 -4 -3 -3    0  44   5   0   0   2   0   0   1   0   0  33   0   0   0   0  13   0   0   1  0.87 inf
  528 L   -3 -4 -5 -6 -4 -3 -5 -5 -4 -1  3 -4  9 -2 -5 -4 -3 -4 -3 -1    0   0   0   0   0   0   0   0   0   0  31   0  68   0   0   0   0   0   0   1  1.62 inf
  529 L   -3 -4 -5 -6 -3 -4 -5 -6 -5  0  6 -4  0 -1 -5 -4 -3 -4 -3  0    0   0   0   0   0   0   0   0   0   2  94   0   0   0   0   0   0   0   0   4  1.27 inf
  530 L   -3 -4 -5 -6 -3 -4 -5 -6 -5  0  6 -4  1 -1 -5 -4 -3 -4 -3  0    0   0   0   0   0   0   0   0   0   1  96   0   2   0   0   0   0   0   0   2  1.31 inf
  531 Q   -3 -1 -2 -3 -6  9  0 -4 -2 -5 -5 -1 -3 -6 -4 -2 -3 -5 -4 -5    0   0   0   0   0 100   0   0   0   0   0   0   0   0   0   0   0   0   0   0  2.20 inf
  532 V   -2 -5 -5 -5 -3 -4 -5 -5 -5  2 -1 -4 -1 -3 -5 -4 -2 -5 -3  7    0   0   0   0   0   0   0   0   0   6   0   0   0   0   0   0   0   0   0  94  1.45 inf
  533 H   -4 -3 -2 -4 -6 -2 -3 -5 11 -6 -6 -3 -4 -4 -5 -4 -4 -5 -1 -6    0   0   0   0   0   0   0   0 100   0   0   0   0   0   0   0   0   0   0   0  3.01 inf
  534 D   -4 -4 -1  8 -6 -3 -1 -4 -3 -6 -6 -3 -6 -6 -4 -3 -3 -7 -6 -6    0   0   0 100   0   0   0   0   0   0   0   0   0   0   0   0   0   0   0   0  2.21 inf
  535 E   -3 -2 -3 -1 -6  0  7 -5 -2 -6 -5 -1 -4 -6 -3 -2 -3 -5 -4 -5    0   0   0   0   0   0 100   0   0   0   0   0   0   0   0   0   0   0   0   0  1.92 inf
  536 L   -3 -4 -5 -6 -3 -4 -5 -6 -5  2  6 -4  1 -1 -5 -4 -3 -4 -3 -1    0   0   0   0   0   0   0   0   0   9  90   0   1   0   0   0   0   0   0   0  1.21 inf
  537 I   -3 -5 -5 -5 -3 -4 -5 -6 -5  6  0 -4 -1 -2 -5 -4 -2 -5 -3  4    0   0   0   0   0   0   0   0   0  66   0   0   0   0   0   0   0   0   0  34  1.21 inf
  538 L   -4 -5 -5 -6 -4 -5 -5 -5 -4 -1  2 -5 -2  8 -6 -5 -4 -1  1 -2    0   0   0   0   0   0   0   0   0   1  16   0   0  82   0   0   0   0   0   0  1.74 inf
  539 E   -3 -2 -2  1 -6  0  7 -4 -2 -6 -5 -1 -4 -6 -3 -2 -3 -5 -4 -5    0   0   0   6   0   0  94   0   0   0   0   0   0   0   0   0   0   0   0   0  1.74 inf
  540 A    4 -4 -4 -4 -1 -3 -3 -3 -4  0 -1 -3 -1 -3 -3 -2 -1 -4 -3  5   39   0   0   0   1   0   0   0   0   1   2   0   0   0   0   0   1   0   0  57  0.80 inf
  541 P   -3 -5 -5 -4 -5 -4 -4 -5 -5 -5 -5 -2 -5 -6  9 -3 -4 -6 -5 -4    0   0   0   0   0   0   0   0   0   0   0   1   0   0  98   0   0   0   0   0  2.85 inf
  542 K    0  0  1  0 -4  1  4 -2 -2 -3 -4  4 -2 -4  1 -1 -1 -4 -3 -3    9   2   5   4   0   4  32   0   0   0   0  31   0   0   7   1   3   0   0   1  0.51 inf
  543 E    0 -2  1  4 -4  0  4 -2 -1 -4 -4  0 -3 -5 -3  1 -1 -5 -4 -4    9   0   4  28   0   1  41   0   1   0   0   2   0   0   0  12   1   0   0   0  0.72 inf
  544 E   -3 -2 -2  0 -6  0  7 -4 -2 -6 -5 -1 -4 -6 -3 -2 -3 -5 -4 -5    0   0   0   1   0   1  98   0   0   0   0   0   0   0   0   0   0   0   0   0  1.87 inf
  545 M   -2 -4 -5 -5 -3 -4 -4 -5 -4  4  4 -4  2 -1 -4 -4 -2 -4 -3  3    0   0   0   0   0   0   0   0   0  38  41   0   5   0   0   0   0   0   0  16  0.76 inf
  546 E    1 -2 -1  2 -4  0  5 -2 -2 -4 -4  0 -3 -5  2 -1 -1 -5 -4 -3   11   0   1  12   0   0  55   2   0   0   0   4   0   0   9   2   2   0   0   1  0.73 inf
  547 R    1  1 -1 -1 -2  1  0 -2 -1  1  0  1  0 -2 -2  0  2 -3 -2  0   13   7   0   3   0   6   7   0   1  11   7  11   1   0   0   3  24   0   0   6  0.14 inf
  548 L   -3 -4 -5 -5 -3 -3 -4 -5 -4  2  4 -4  5  2 -4 -4 -2 -3 -2  1    0   0   0   0   0   0   0   0   0   9  52   0  20   9   0   0   0   0   0   9  0.76 inf
  549 C   -1  1 -1  1  0  2  3 -2 -1 -4 -3  4 -1 -4 -2  1 -1 -4 -3 -3    2   5   1   6   3  10  20   1   1   0   1  34   2   0   0  11   2   0   0   0  0.43 inf
  550 R   -1  1 -1 -1 -4  2  3 -3 -1 -4 -3  5 -3 -4 -2 -1 -1 -4 -3 -3    5   4   2   2   0   9  26   0   1   0   1  45   0   0   1   2   2   0   0   1  0.65 inf
  551 L   -3 -4 -5 -5 -3 -4 -4 -5 -4  3  5 -4  2  2 -4 -4 -2 -3 -2  1    1   0   0   0   0   0   0   0   0  23  61   0   3   9   0   0   0   0   0   4  0.80 inf
  552 V   -2 -5 -5 -5 -3 -4 -5 -5 -5  2 -1 -4 -1 -3 -5 -4 -2 -5 -3  7    0   0   0   0   0   0   0   0   0   5   1   0   0   0   0   0   0   0   0  94  1.43 inf
  553 P   -1 -1 -3 -3 -4 -2  1 -4 -3 -4 -4  2 -4 -5  7 -1  0 -5 -4 -3    2   1   0   0   0   0   9   0   0   0   0  16   0   0  62   2   5   0   0   2  1.44 inf
  554 E   -1  0  0  3 -4  2  5 -2 -2 -4 -4  1 -3 -5 -3  1 -2 -4 -4 -4    3   3   1  16   0   6  49   1   0   0   0   8   0   0   0  11   0   0   0   0  0.74 inf
  555 V   -2 -4 -4 -5 -3 -4 -4 -5 -5  3 -1 -4  0 -3 -4 -3  1 -5 -3  6    1   0   0   0   0   0   0   0   0  16   0   0   1   0   0   0  11   0   0  72  0.98 inf
  556 M   -4 -4 -5 -6 -4 -3 -5 -6 -4 -1  0 -4 10 -3 -5 -4 -3 -4 -4 -2    0   0   0   0   0   0   0   0   0   0   0   0 100   0   0   0   0   0   0   0  2.61 inf
  557 E   -2 -2 -1  4 -5  2  6 -3 -2 -5 -5 -1 -4 -5 -3 -2 -2 -5 -4 -4    2   0   0  24   0   6  64   1   0   0   0   0   0   0   0   1   1   0   0   0  1.16 inf
  558 Q    0 -2  4 -1 -3  2  0  0  4 -4 -4  0 -3 -4 -3  4 -1 -4 -2 -4    4   0  23   1   0   9   4   6  13   0   0   4   0   0   0  37   1   0   0   0  0.56 inf
  559 A    6 -3 -3 -4 -1 -3 -3 -2 -4 -3 -3 -3 -3 -4 -3 -1  1 -5 -4 -2   90   0   0   0   1   0   0   0   0   0   0   0   0   0   0   0   8   0   0   1  1.23 inf
  560 V   -2 -4 -5 -5 -2 -4 -4 -5 -5  4  2 -4  0 -1 -4 -3 -2 -4 -2  5    1   0   0   0   0   0   0   0   0  26  23   0   1   1   0   0   1   0   0  48  0.74 inf
  561 T    0  0  0  2 -4  2  4 -3  0 -4 -3  3 -3 -4 -2  1  0 -4 -3 -3    7   0   2   9   0  11  31   0   2   0   0  21   0   0   0  11   5   0   0   1  0.46 inf
  562 L   -3 -4 -6 -6 -3 -4 -5 -6 -5  0  6 -5  1 -1 -5 -5 -3 -4 -3 -1    0   0   0   0   0   0   0   0   0   0  99   0   0   0   0   0   0   0   0   0  1.40 inf
  563 R    1  0  1  5 -2 -1  0 -2  1 -3 -4  1 -3 -4 -3  2 -1 -5 -3 -3   11   4   6  41   0   0   4   0   4   0   0   8   0   0   0  18   3   0   0   1  0.54 inf
  564 V   -2 -5 -5 -5 -3 -4 -5 -5 -5  1 -1 -4 -1 -3 -5 -4 -2 -5 -3  7    0   0   0   0   0   0   0   0   0   3   0   0   0   0   0   0   0   0   0  96  1.48 inf
  565 P   -3 -5 -5 -4 -5 -4 -4 -5 -5 -5 -6 -4 -5 -6  9 -3 -4 -6 -6 -5    0   0   0   0   0   0   0   0   0   0   0   0   0   0 100   0   0   0   0   0  2.95 inf
  566 L   -3 -4 -5 -6 -3 -4 -5 -6 -5  0  6 -4  2 -1 -5 -4 -3 -4 -3 -1    0   0   0   0   0   0   0   0   0   0  97   0   3   0   0   0   0   0   0   0  1.37 inf
  567 K   -2  1 -2 -3 -4  0  0 -4 -3  1 -1  6 -2 -4 -3 -1 -2 -4 -3  0    0   3   0   0   0   3   2   0   0  12   4  66   1   0   0   2   0   0   0   6  0.76 inf
  568 V    3 -4 -4 -4 -2 -3 -3 -3 -4  1 -1 -3 -1 -3 -3 -2  0 -4 -3  5   27   0   0   0   0   0   0   0   0   1   0   0   0   0   0   1   6   0   0  65  0.80 inf
  569 D   -3 -3 -1  7 -6 -1  4 -3 -3 -5 -5 -2 -5 -5 -3 -2 -3 -6 -5 -5    1   0   0  69   0   0  29   1   0   0   0   0   0   0   0   0   0   0   0   0  1.49 inf
  570 Y    0 -2 -1 -2  0 -2  1 -3 -1 -1 -2 -2 -1  0 -3  4  0 -1  3  2    4   0   1   0   2   0   9   0   1   2   1   0   1   4   0  43   3   0  14  17  0.35 inf
  571 H    2 -2  3  0 -1 -1 -1  0  4 -4 -4  0 -3 -4 -3  3 -1 -4 -2 -3   16   1  21   2   1   0   2   5  13   0   0   4   0   0   0  36   0   0   0   0  0.51 inf
  572 Y   -1 -3 -3 -2 -2 -2 -1 -4  3 -2 -3 -3 -2  3 -4  0 -1  6  6 -2    6   0   0   2   1   1   3   0   7   1   0   0   0   9   0  10   2  14  41   2  0.88 inf
  573 G   -2 -5 -3 -3 -5 -4 -4  7 -4 -6 -6 -4 -5 -5 -4 -2 -4 -5 -5 -5    0   0   0   0   0   0   0 100   0   0   0   0   0   0   0   0   0   0   0   0  2.05 inf
  574 S    0  0  1  2 -3  0  1 -2  2 -4 -3  2 -3 -4  4  0 -1 -4 -3 -3    9   3   6  14   0   4   7   0   5   0   1  19   0   0  23   8   0   0   0   1  0.46 inf
  575 T   -2 -3  3 -1 -3 -2 -2 -3 -3 -3 -4 -2 -3 -4 -3  2  6 -5 -4 -2    0   0  18   1   0   0   0   0   0   0   0   0   0   0   0  12  69   0   0   0  1.10 inf
  576 W   -6 -6 -7 -7 -5 -5 -6 -6 -5 -6 -5 -6 -4 -2 -7 -6 -6 13 -1 -6    0   0   0   0   0   0   0   0   0   0   0   0   0   0   0   0   0 100   0   0  4.38 inf
  577 Y   -4 -4 -5 -6 -5 -4 -5 -6 -1 -4 -3 -4 -3  4 -6 -4 -4  0  9 -4    0   0   0   0   0   0   0   0   0   0   0   0   0  14   0   0   0   0  86   0  2.25 inf
  578 D   -3 -3 -1  6 -6 -1  5 -3 -3 -5 -5 -2 -5 -5 -3 -2 -3 -6 -5 -5    1   0   1  61   0   0  37   0   0   0   0   0   0   0   0   1   0   0   0   0  1.43 inf
  579 A    6 -3 -3 -4 -2 -3 -3 -2 -4 -2 -2 -3 -3 -4 -2 -1  0 -5 -4 -2   89   0   0   0   0   0   0   0   0   2   3   0   0   0   0   0   5   0   0   1  1.15 inf
  580 K   -3  0 -2 -3 -5 -1 -1 -4 -3 -5 -5  7 -4 -6 -3 -2 -3 -5 -4 -5    0   0   0   0   0   0   0   0   0   0   0 100   0   0   0   0   0   0   0   0  1.81 inf

                      K         Lambda
Standard Ungapped    0.1344     0.3186
Standard Gapped      0.0576     0.2670
PSI Ungapped         0.1880     0.3144
PSI Gapped           0.0576     0.2670
