
Last position-specific scoring matrix computed, weighted observed percentages rounded down, information per position, and relative weight of gapless real matches to pseudocounts
           A  R  N  D  C  Q  E  G  H  I  L  K  M  F  P  S  T  W  Y  V   A   R   N   D   C   Q   E   G   H   I   L   K   M   F   P   S   T   W   Y   V
    1 L   -3 -5 -5 -5 -3 -5 -5 -5 -4  6  0 -4  1  5 -5 -4 -3 -2 -1  0    0   0   0   0   0   0   0   0   0  58   4   0   3  34   0   0   0   0   0   1  1.03 inf
    2 K   -3 -1  0  0 -6  1  7 -4 -2 -5 -5  1 -4 -5 -3 -2 -3 -5 -4 -4    0   1   3   2   0   2  85   0   0   0   0   7   0   0   0   0   0   0   0   0  1.41 inf
    3 A   -1  2 -1 -3 -5 -1 -1 -3 -3 -4 -4  7 -2 -5 -3 -2 -2 -5 -4 -4    4   5   1   0   0   0   1   0   0   0   0  88   1   0   0   0   1   0   0   0  1.34 inf
    4 P   -3 -5 -4 -4 -5 -4 -4 -5 -5 -4 -3 -3 -5 -6  9 -3 -3 -6 -5 -5    0   0   0   0   0   0   0   0   0   1   2   0   0   0  97   0   0   0   0   0  2.74 inf
    5 V   -2  3  4 -1 -4  0  0 -3 -2 -2 -3  4 -2 -3 -3 -1 -1 -4 -3 -1    0  18  23   2   0   2   3   0   0   2   0  38   0   0   0   1   3   0   0   6  0.54 inf
    6 F   -3 -4 -5 -5 -3 -5 -5 -6 -5  7  0 -5  0  0 -5 -4 -3 -4 -3  2    0   1   0   0   0   0   0   0   0  88   1   0   1   3   0   0   0   0   0   6  1.34 inf
    7 T   -1 -1 -1  1 -4  0  5 -3  3 -4 -4  0 -2 -4 -3 -1  2 -4 -3 -3    3   1   2   6   0   1  58   0   8   0   0   3   1   0   0   1  15   0   0   1  0.77 inf
    8 A   -1 -1 -1  0  5  0  4 -3 -2 -1 -2  2 -2 -4 -2 -1  1 -4 -3  0    2   2   1   2  16   1  36   0   0   3   1  14   0   0   0   1  12   0   0   8  0.45 inf
    9 T   -1 -1 -4 -3 -2 -1 -1 -4 -4  4  1 -2  0 -2 -3 -3 -1 -4 -3  4    2   3   0   0   0   2   4   0   0  40   6   1   2   0   0   0   2   0   0  36  0.53 inf
   10 T   -1 -2  0  3 -3 -1  4 -2 -2 -4 -4 -1 -3 -4 -2  4  1 -5 -3 -3    0   1   2  16   0   0  29   0   0   0   0   0   0   0   0  44   7   0   0   0  0.68 inf
   11 Q   -2 -1 -1  3 -2  2  5 -3 -2 -3 -2 -1 -2 -4 -1  0 -1 -4 -2 -3    1   1   1  20   1   7  50   0   0   2   5   1   1   0   3   6   2   0   1   1  0.64 inf
   12 G   -2 -2  2  6 -4 -1  1 -1 -2 -4 -5 -1 -4 -5 -2  0  0 -5 -4 -4    1   1   8  64   0   1   5   5   0   0   0   1   0   0   1   8   7   0   0   0  1.00 inf
   13 D    1  1  3  2 -3 -1  0  3 -1 -4 -3  1 -3 -3 -2  0 -1 -4 -2 -3   12   6  18  11   0   0   4  26   0   0   0  12   0   0   1   7   1   0   1   0  0.34 inf
   14 H   -1  2  3  1 -2  0  0 -2  0 -3 -3  3 -2 -4 -2  1  3 -4 -2 -3    1  14  18   6   0   0   3   0   2   0   0  20   0   0   0  11  25   0   1   0  0.40 inf
   15 Y   -4 -4 -4 -5 -5 -4 -4 -5  1 -3 -3 -4 -3  4 -5 -3 -3  0  9 -3    0   0   0   0   0   0   0   0   1   0   0   0   0  12   0   1   0   0  85   1  2.04 inf
   16 G    0 -4 -2 -3 -4 -4 -4  7 -4 -6 -6 -3 -5 -5 -4 -2 -3 -4 -5 -5    6   0   0   0   0   0   0  94   0   0   0   0   0   0   0   0   0   0   0   0  1.77 inf
   17 E   -2  3 -2 -2 -3  0  1 -3 -2 -4 -4  6 -2 -5 -3 -2 -2 -5 -4 -4    1  16   0   0   1   0   5   0   0   1   0  75   1   0   0   0   0   0   0   0  1.15 inf
   18 F   -4 -5 -5 -6 -3 -5 -5 -5 -3 -1 -2 -5 -2  9 -6 -4 -4 -1  3 -2    0   0   0   0   0   0   0   0   0   2   0   0   0  91   0   0   0   0   5   1  1.96 inf
   19 V   -1 -4 -5 -5 -2 -4 -3 -5 -5  2 -1 -4 -1 -2 -4 -3 -1 -5 -2  6    2   0   0   0   0   0   1   0   0   9   0   0   0   0   0   0   2   0   1  86  1.11 inf
   20 L   -1 -4 -4 -5  3 -4 -4 -5 -5  3  1 -4  0 -2 -4 -3 -2  0 -3  5    3   0   0   0   8   0   0   0   0  16   7   0   0   0   0   0   0   2   0  63  0.78 inf
   21 E   -2 -2 -2  0 -6  0  7 -4 -2 -5 -5 -1 -4 -5 -3 -2 -2 -5 -4 -5    2   0   0   1   0   0  96   0   0   0   0   0   0   0   0   1   1   0   0   0  1.68 inf
   22 P   -3 -5 -4 -4 -5 -4 -3 -5 -5 -5 -5 -3 -5 -6  9 -3 -3 -6 -5 -5    0   0   0   0   0   0   0   0   0   0   0   0   0   0 100   0   0   0   0   0  2.91 inf
   23 L   -3 -4 -5 -6 -3 -4 -5 -6 -5  0  6 -4  0 -1 -5 -4 -3 -3 -3 -1    0   0   0   0   0   0   0   0   0   0  99   0   0   1   0   0   0   0   0   0  1.34 inf
   24 E   -3 -2 -2  0 -6  0  7 -4 -2 -5 -5 -1 -4 -5 -3 -2 -3 -5 -4 -4    0   0   0   1   0   1  97   0   0   0   0   1   0   0   0   0   0   0   0   0  1.75 inf
   25 R   -4  8 -3 -4 -4 -1 -2 -5 -2 -5 -4  0 -4 -5 -3 -3 -3 -5 -4 -5    0  98   0   0   0   0   0   0   0   0   0   0   0   0   1   1   0   0   0   0  1.96 inf
   26 G   -2 -4 -2 -3 -5 -4 -4  7 -4 -6 -6 -4 -5 -5 -4 -2 -4 -5 -5 -5    0   0   0   0   0   0   0 100   0   0   0   0   0   0   0   0   0   0   0   0  2.00 inf
   27 F   -4 -4 -5 -6 -5 -4 -5 -5 -1 -3 -3 -4 -3  4 -5 -4 -4  0  9 -3    0   0   0   0   0   0   0   0   0   0   0   0   0  16   0   0   0   0  84   0  2.14 inf
   28 G   -2 -4 -2 -3 -5 -4 -4  7 -4 -6 -6 -4 -5 -5 -4 -2 -4 -5 -5 -5    1   0   0   0   0   0   0  99   0   0   0   0   0   0   0   0   0   0   0   0  1.97 inf
   29 V   -2 -3 -1 -3 -3 -3 -3 -4 -4  3 -1 -3 -1 -3 -3 -1  6 -4 -3  1    1   0   3   0   0   0   0   0   0  24   1   0   1   0   0   0  66   0   0   6  0.89 inf
   30 T   -2 -3 -2 -3 -3 -3 -3 -4 -4 -3 -3 -3 -3 -4 -3 -1  7 -5 -4 -2    0   0   0   0   0   0   0   0   0   0   0   0   0   0   0   0 100   0   0   0  1.73 inf
   31 L   -3 -4 -5 -5 -3 -4 -5 -6 -5  1  6 -4  1  0 -5 -4 -3 -3 -3  0    0   0   0   0   0   0   0   0   0   6  90   0   0   2   0   0   0   0   0   2  1.14 inf
   32 G   -2 -4 -2 -3 -5 -4 -4  7 -4 -6 -6 -4 -5 -5 -4 -2 -4 -5 -5 -5    0   0   0   0   0   0   0 100   0   0   0   0   0   0   0   0   0   0   0   0  2.00 inf
   33 N   -4 -3  8 -1 -5 -2 -3 -3 -2 -6 -6 -2 -5 -5 -4 -2 -2 -6 -4 -5    0   0 100   0   0   0   0   0   0   0   0   0   0   0   0   0   0   0   0   0  2.14 inf
   34 P    1 -3 -1 -2 -1 -2 -2 -2 -3 -4 -4 -2 -3 -4  0  6  0 -5 -4 -3    9   0   0   0   1   0   0   1   0   0   0   0   0   0   3  85   1   0   0   0  1.15 inf
   35 L   -3 -4 -5 -6 -3 -4 -5 -6 -5  0  6 -4  2 -1 -5 -4 -3 -4 -3 -1    0   0   0   0   0   0   0   0   0   0  98   0   2   0   0   0   0   0   0   0  1.32 inf
   36 R   -4  8 -3 -4 -6 -1 -2 -5 -2 -5 -4  0 -4 -5 -4 -3 -3 -5 -4 -5    0 100   0   0   0   0   0   0   0   0   0   0   0   0   0   0   0   0   0   0  2.04 inf
   37 R   -4  8 -3 -4 -6 -1 -2 -5 -2 -5 -4  0 -4 -5 -4 -3 -3 -5 -4 -5    0 100   0   0   0   0   0   0   0   0   0   0   0   0   0   0   0   0   0   0  2.04 inf
   38 I   -3 -5 -5 -5 -3 -4 -5 -5 -5  6  0 -4  1 -2 -4 -4 -2 -4 -3  4    0   0   0   0   0   0   0   0   0  66   0   0   2   0   0   0   1   0   0  31  1.09 inf
   39 L   -3 -4 -5 -5 -3 -4 -5 -5 -4  0  6 -4  5 -1 -5 -4 -3 -3 -3 -1    0   0   0   0   0   0   0   0   0   0  84   0  16   0   0   0   0   0   0   0  1.18 inf
   40 L   -3 -4 -5 -6 -3 -4 -5 -6 -5  0  6 -4  1 -1 -5 -4 -3 -4 -3 -1    0   0   0   0   0   0   0   0   0   0  99   0   0   0   0   0   0   0   0   0  1.35 inf
   41 S    1 -3 -1 -2 -3 -2 -2 -2 -3 -4 -4 -2 -3 -4 -3  6  0 -5 -4 -4    6   0   0   0   0   0   0   0   0   0   0   0   0   0   0  92   2   0   0   0  1.31 inf
   42 S   -1 -3 -1 -2 -3 -2 -2 -2 -3 -5 -5 -2 -4 -5 -3  7  0 -5 -4 -4    0   0   0   0   0   0   0   0   0   0   0   0   0   0   0 100   0   0   0   0  1.52 inf
   43 I   -3 -4 -5 -6 -3 -4 -5 -6 -5  1  6 -4  1 -1 -5 -4 -3 -3 -3  0    0   0   0   0   0   0   0   0   0   5  93   0   1   0   0   0   0   0   0   1  1.21 inf
   44 P   -3 -4 -4 -3 -5 -1 -1 -4 -4 -5 -5 -3 -5 -5  8 -3 -3 -6 -5 -4    0   0   0   1   0   3   3   0   0   0   0   0   0   0  92   0   1   0   0   1  2.49 inf
   45 G   -2 -4 -2 -3 -5 -4 -4  7 -4 -6 -6 -4 -5 -5 -4 -2 -4 -5 -5 -5    0   0   0   0   0   0   0 100   0   0   0   0   0   0   0   0   0   0   0   0  2.00 inf
   46 T    5 -3 -3 -3  0 -2 -2 -2 -3 -1 -2 -2 -2 -3 -2  1  2 -4 -1  2   57   0   0   0   2   0   0   1   0   0   0   0   0   0   0   7  16   0   2  16  0.57 inf
   47 A    6 -3 -4 -4 -2 -3 -3 -1 -4 -3 -4 -3 -3 -4 -3 -1 -2 -5 -4 -2   98   0   0   0   0   0   0   2   0   0   0   0   0   0   0   1   0   0   0   0  1.36 inf
   48 V    0 -4 -4 -5 -2 -4 -4 -4 -5  4  0 -4 -1 -2 -2 -3 -1 -4 -3  5    7   0   0   0   0   0   0   0   0  22   3   0   0   0   2   0   1   0   0  65  0.82 inf
   49 T   -1 -2  1 -2 -3 -2 -2 -3 -3 -2 -3 -1 -3 -4 -3  2  6 -4 -3 -2    0   1   7   0   0   0   0   0   0   1   0   3   0   0   0  16  69   0   1   1  0.94 inf
   50 S    0 -2  1  0 -1  1 -1 -2  1 -4 -4 -1 -3 -4 -3  5  1 -4  0 -3    4   0   5   3   1   7   0   0   3   0   0   1   0   0   0  67   6   0   3   0  0.72 inf
   51 V   -2 -4 -5 -5 -3 -4 -4 -5 -5  5  0 -4  0 -2 -4 -4 -2 -4 -3  5    0   0   0   0   0   0   0   0   0  44   0   0   0   0   0   0   0   0   0  55  1.04 inf
   52 Y   -2  2 -1 -2 -5  5  0 -3 -1 -4 -4  5 -2 -4 -3 -2 -2 -4  0 -4    0   6   1   0   0  33   2   0   0   0   0  55   0   0   0   0   0   0   3   0  1.01 inf
   53 I   -3 -5 -5 -5 -3 -5 -5 -6 -5  7  0 -5  0 -1 -5 -4 -3 -5 -3  1    0   0   0   0   0   0   0   0   0  96   0   0   1   1   0   0   0   0   0   2  1.54 inf
   54 E   -2 -3  0  7 -5 -1  3 -3 -2 -5 -5 -1 -4 -5 -3 -2 -2 -6 -5 -5    3   0   2  67   0   1  24   0   0   0   0   2   0   0   0   0   0   0   0   0  1.29 inf
   55 D   -2 -4  0  0 -4 -3 -3  7 -4 -6 -6 -3 -5 -5 -4 -1 -3 -5 -5 -5    0   0   3   4   0   0   1  90   0   0   0   0   0   0   0   1   1   0   0   0  1.64 inf
   56 V   -1 -5 -5 -5 -3 -4 -4 -5 -5  1 -1 -4 -1 -3 -4 -4 -2 -5 -3  7    3   0   0   0   0   0   0   0   0   2   0   0   0   0   0   0   0   0   0  95  1.36 inf
   57 L   -3 -2 -4 -3 -3  1 -3 -5 -2  0  5 -3  1 -1 -4 -4 -3 -3 -3  0    0   1   0   1   0   8   1   0   1   0  83   0   0   0   0   0   0   0   0   4  0.88 inf
   58 H   -4 -3 -2 -4 -6 -2 -3 -5 11 -6 -5 -3 -4 -4 -5 -3 -4 -5 -1 -6    0   0   0   0   0   0   0   0 100   0   0   0   0   0   0   0   0   0   0   0  2.91 inf
   59 E   -3 -2 -2  0 -6  0  7 -4 -2 -6 -5 -1 -4 -6 -3 -2 -3 -5 -4 -5    0   0   0   0   0   0 100   0   0   0   0   0   0   0   0   0   0   0   0   0  1.85 inf
   60 F   -5 -5 -5 -6 -5 -6 -6 -6 -3 -2 -1 -5 -2  9 -6 -5 -4 -1  1 -3    0   0   0   0   0   0   0   0   0   1   1   0   0  97   0   0   0   0   0   0  2.18 inf
   61 S    0 -3 -1 -1 -3 -2 -2 -2 -3 -4 -4 -2 -2 -4 -3  6  1 -5 -4 -4    2   0   0   2   0   0   0   0   0   0   0   0   1   0   0  91   4   0   0   0  1.26 inf
   62 T   -1 -3 -2 -3 -2 -3 -3 -3 -4 -3 -3 -3 -3 -4 -2  2  7 -5 -4 -1    3   0   0   0   0   0   0   0   0   0   0   0   0   0   1  12  82   0   0   2  1.23 inf
   63 I   -3 -5 -5 -5 -3 -4 -5 -6 -5  7  0 -4 -1 -2 -5 -4 -2 -4 -3  3    0   0   0   0   0   0   0   0   0  75   2   0   0   0   0   0   0   0   0  23  1.20 inf
   64 P   -3 -2 -2  2 -5 -1  2 -4 -3 -5 -5  0 -4 -5  7 -2 -2 -5 -4 -4    0   1   0  10   0   2  15   0   0   0   0   6   0   0  64   0   1   0   0   0  1.52 inf
   65 G   -2 -4  1 -3 -5 -3 -3  7 -1 -6 -6 -3 -5 -5 -4 -2 -3 -5 -4 -5    0   0   5   0   0   0   1  91   1   0   0   0   0   0   0   0   0   0   0   0  1.68 inf
   66 V   -2 -5 -5 -5 -3 -4 -5 -5 -5  1 -1 -4 -1 -3 -4 -4 -2 -5 -3  7    0   0   0   0   0   0   0   0   0   2   0   0   0   0   0   0   0   0   0  98  1.46 inf
   67 K   -1  2 -2 -3 -3 -1 -1 -3 -3  0  0  4  0 -3 -3 -2  0 -4 -2  3    1  14   0   0   0   0   0   0   0   1   8  39   1   0   0   0   6   0   0  28  0.41 inf
   68 E   -3 -2 -2  0 -6  0  7 -4 -2 -6 -5 -1 -4 -6 -3 -2 -3 -5 -4 -5    0   0   0   2   0   0  98   0   0   0   0   0   0   0   0   0   0   0   0   0  1.78 inf
   69 D   -4 -4 -1  8 -6 -2  0 -4 -3 -6 -6 -3 -5 -6 -4 -2 -3 -7 -5 -6    0   0   0 100   0   0   0   0   0   0   0   0   0   0   0   0   0   0   0   0  2.14 inf
   70 V   -2 -4 -5 -5 -3 -4 -4 -5 -5  1 -1 -4 -1 -3 -4 -3  0 -5 -3  7    0   0   0   0   0   0   0   0   0   1   0   0   0   0   0   0   5   0   0  94  1.32 inf
   71 V    0 -3 -2 -3 -3 -3 -3 -3 -4 -2 -3 -3 -1 -4  1  0  6 -4 -3  0    6   0   0   0   0   0   0   0   0   1   0   0   2   0   6   4  76   0   0   5  1.01 inf
   72 E   -1 -1  0  2 -4  3  5 -3 -2 -4 -4  0 -3 -5 -3  0  0 -4 -3 -4    3   0   2  10   0  17  53   0   0   0   0   3   0   0   0   5   7   0   0   0  0.79 inf
   73 I   -3 -5 -5 -5 -3 -5 -5 -6 -5  7  1 -5  0 -2 -5 -4 -2 -5 -3  1    0   0   0   0   0   0   0   0   0  89   6   0   1   0   0   0   0   0   0   3  1.38 inf
   74 I   -3 -5 -5 -5 -3 -5 -5 -6 -5  7  0 -5  0 -2 -5 -4 -2 -5 -3  3    0   0   0   0   0   0   0   0   0  81   1   0   1   0   0   0   0   0   0  17  1.28 inf
   75 L   -3 -4 -5 -5 -3 -4 -5 -5 -4  0  6 -4  4 -1 -5 -4 -2 -3 -3  0    0   0   0   0   0   0   0   0   0   1  85   0  11   0   0   0   1   0   0   2  1.11 inf
   76 N   -3 -3  8 -1 -5 -2 -2 -3 -1 -5 -6 -2 -4 -5 -4 -1 -1 -6 -4 -5    1   0  95   0   0   0   0   0   0   0   0   0   0   0   0   2   2   0   0   0  1.93 inf
   77 L   -3 -4 -5 -5 -3 -4 -4 -5 -4  4  4 -4  1 -1 -4 -4 -2 -3 -3  2    0   0   0   0   0   0   0   0   0  34  53   0   2   0   0   0   0   0   0  10  0.80 inf
   78 K   -3  0 -2 -3 -5 -1 -1 -4 -3 -5 -5  7 -4 -5 -3 -2 -3 -5 -4 -5    0   0   0   0   0   0   0   0   0   0   0 100   0   0   0   0   0   0   0   0  1.74 inf
   79 E   -1  0  1  0 -2  1  2  2 -1 -4 -3  3 -2 -4 -2  1 -1 -4 -3 -3    2   2   7   3   1   7  14  18   0   0   1  31   1   0   0  12   1   0   0   0  0.37 inf
   80 L   -3 -4 -5 -5 -3 -4 -4 -5 -5  2  5 -4  0 -1 -4 -4 -2 -3 -3  2    0   0   0   0   0   0   0   0   0   9  73   0   0   0   0   0   0   0   0  18  0.90 inf
   81 V    4  0 -2 -3  3 -2 -1 -2 -3  0 -2 -1 -2 -3 -2  2  0 -4 -3  0   50   5   0   0   8   0   2   0   0   5   2   1   0   0   0  14   4   0   0   8  0.40 inf
   82 V    1 -3 -4 -4 -1 -3 -4 -4 -4  3  4 -3  2 -1 -3 -3 -1 -3 -2  1   12   0   0   0   1   0   0   0   0  17  58   0   3   0   0   0   1   0   0   8  0.57 inf
   83 R   -2  3 -1 -3 -5  0 -1 -3 -2 -4 -4  6 -3 -5 -3 -1 -1 -5 -4 -3    0  14   1   0   0   1   1   1   0   1   0  76   0   0   0   1   2   0   0   1  1.12 inf
   84 F   -2 -3  1 -3 -3 -2 -3 -3 -3  3  2 -3  4  1 -4 -1 -1 -3 -1  0    1   0  12   0   0   0   0   1   0  27  25   1  20   5   0   5   0   0   2   2  0.38 inf
   85 L   -2 -2  3  1 -4 -1  0 -3  6 -3 -1 -2 -2  0 -3 -1 -1  0  5 -2    2   0  15   9   0   1   5   0  26   0   5   1   1   2   0   3   3   1  25   1  0.55 inf
   86 D    0 -2  0  1  2 -2 -1  3 -2 -3 -3 -2 -3 -4 -2  4  2 -4 -3 -2    3   0   1   6   4   1   1  22   0   1   0   0   0   0   0  45  11   0   0   3  0.49 inf
   87 P   -2 -2  1  5 -4  0  4 -2 -2 -4 -4 -1 -4 -4  1  0 -2 -5 -4 -4    2   0   4  45   0   1  32   1   0   0   1   1   0   0   6   5   1   0   0   0  0.86 inf
   88 K   -1 -1 -1  3 -3  0  5 -2 -1 -3 -3  0 -2 -3 -2  0  1 -3 -2 -2    2   1   1  14   0   1  50   2   0   1   2   5   0   1   1   7   8   0   1   1  0.55 inf
   89 M    0  0  2  2 -1  0  0  0  0  0 -1  0  0 -1  0  0  0 -1 -1  0    9   4  12  14   1   3   5   5   1   4   7   4   4   3   3   6   4   1   2   7  0.05 inf
   90 A    0  0  0  0 -1  1  2  2 -1 -1 -1  0 -1 -1  0  0  0 -1 -1 -1    7   4   3   5   1   6  20  19   1   3   6   3   2   2   3   6   3   1   2   4  0.12 inf
   91 S   -1 -2 -1 -1 -3  0  3 -3 -2 -3 -3 -1 -3 -4  6  0  1 -4 -3 -1    3   1   1   1   0   4  28   1   0   1   1   2   0   0  38   7   8   0   0   4  0.77 inf
   92 T   -2  2 -2 -2 -5  1  0 -3  1 -3 -4  6 -3 -5 -3 -2 -1 -5 -3 -2    1   6   0   0   0   3   2   0   3   1   0  77   0   0   0   1   2   0   0   3  1.04 inf
   93 T   -1 -2 -1 -1 -2 -1 -2 -3 -3  1 -1 -1 -1 -3 -3  0  5 -4 -3  2    1   1   2   2   0   2   1   0   0   7   2   2   1   0   0   4  56   0   0  20  0.58 inf
   94 L    1 -3 -4 -4 -2 -3 -4 -3 -4  3  4 -3  2 -1 -4 -3 -2 -3 -2  2   13   0   0   0   0   0   0   1   0  18  46   0   4   0   0   0   0   0   0  17  0.50 inf
   95 I   -2  3 -2 -1 -4  0  4 -4  1 -1 -2  0 -2 -1 -3 -2 -2 -2  4 -1    0  22   0   1   0   0  38   0   3   3   1   2   0   2   0   1   1   0  22   4  0.57 inf
   96 L   -3 -5 -5 -5 -3 -4 -5 -5 -5  7  2 -4  0 -1 -5 -4 -2 -4 -3  2    0   0   0   0   0   0   0   0   0  79  14   0   0   1   0   0   0   0   0   6  1.16 inf
   97 R   -3 -1  2  6 -5  0  4 -3 -1 -4 -5 -1 -4 -5 -3 -1 -2 -5 -4 -4    0   2   9  48   0   1  35   0   1   1   0   2   0   0   0   2   0   0   0   0  1.01 inf
   98 A    3 -3 -3 -4  1 -2 -3 -2 -1  1 -1 -2 -1  2 -3 -1 -1 -3  0  3   41   0   0   0   3   2   0   0   1   6   0   1   1  10   0   1   0   0   2  32  0.38 inf
   99 E   -1  0  0  0 -3  3  3 -3 -1 -2 -3  2 -2 -3 -2  1  1 -4 -3 -1    3   1   2   4   0  15  30   0   1   1   0  17   0   0   0   8  11   0   0   6  0.39 inf
  100 G   -2 -4 -2 -2 -5 -3 -3  7 -4 -6 -6 -3 -5 -5 -4 -2 -3 -5 -5 -5    0   0   0   1   0   0   1  96   0   0   0   0   0   0   0   0   1   0   0   0  1.81 inf
  101 P   -1 -3 -2  0 -5 -1  5 -4 -3 -5 -5 -1 -4 -5  6 -2 -3 -5 -4 -4    3   0   0   3   0   1  45   0   0   0   0   2   0   0  44   1   0   0   0   0  1.29 inf
  102 K    2 -1 -2 -3  5 -1 -3  5 -3 -4 -4  1 -2 -4 -3 -1 -2 -4 -4 -3   20   4   0   0  14   2   0  48   0   0   0  10   1   0   0   0   1   0   0   0  0.72 inf
  103 E   -1 -2 -1  1 -3  0  4 -3 -2  0 -2  0 -2 -3 -2 -1  1 -4 -3  3    1   0   1   5   0   2  43   0   0   4   0   5   0   0   1   1   9   0   0  28  0.45 inf
  104 V   -2 -4 -5 -5 -3 -4 -4 -5 -5  3 -1 -4 -1 -3 -4 -4 -2 -5 -3  6    1   0   0   0   0   0   0   0   0  12   1   0   0   0   0   0   0   0   0  87  1.23 inf
  105 R   -2  0 -2 -3 -3 -2 -2 -4 -3 -2 -3  2 -3 -3 -3 -1  7 -4 -3 -2    0   6   0   0   0   0   0   0   0   0   0  13   0   0   0   0  79   0   0   1  1.13 inf
  106 A    6 -3 -3 -4 -2 -3 -3  0 -4 -3 -4 -3 -3 -4 -3 -1 -2 -5 -4 -2   94   0   0   0   0   0   0   6   0   0   0   0   0   0   0   0   0   0   0   0  1.28 inf
  107 G    3 -2 -2 -2 -3 -2 -2  5 -3 -4 -4 -1 -3 -4 -3  0 -2 -4 -4 -3   38   1   0   1   0   0   1  49   0   0   0   3   0   0   0   6   0   0   0   0  0.82 inf
  108 D   -4 -4  1  8 -6 -2  0 -3 -2 -5 -6 -3 -5 -6 -4 -1 -3 -6 -5 -5    0   0   3  93   0   0   0   0   1   0   0   0   0   0   0   3   0   0   0   0  1.89 inf
  109 F   -3 -5 -5 -5 -3 -5 -5 -6 -5  7  1 -5 -1  1 -5 -4 -3 -4 -3  1    0   0   0   0   0   0   0   0   0  89   5   0   0   5   0   0   0   0   0   1  1.36 inf
  110 T   -2  1 -2 -2 -3  2  0 -3  0  3  0  3  0 -3 -3 -1  1 -4 -2  0    1   4   0   0   0  14   3   0   2  28   5  24   1   0   0   1  13   0   0   3  0.27 inf
  111 P    2 -2 -2 -2  4 -1 -2  1  3 -1 -2 -2 -2 -2  0  0  2 -3 -1  1   22   1   0   0  10   1   1   9  12   0   0   0   0   1   3   2  22   0   2  13  0.26 inf
  112 S   -3 -3  0  7 -5 -2  0  0 -3 -5 -5 -3 -5 -5  0  0 -3 -6 -5 -4    0   0   1  82   0   1   1   6   0   0   0   0   0   0   5   5   0   0   0   1  1.47 inf
  113 A    2 -2 -1 -1 -3  0 -1  2 -2 -4 -4 -2 -3 -4  2  4 -1 -4 -3 -3   20   0   1   3   0   4   1  15   0   0   0   0   0   0  11  44   0   0   0   0  0.55 inf
  114 D   -3 -3  0  7 -4 -1  3 -3 -3 -5 -5 -2 -5 -5 -3 -2 -1 -6 -5 -4    0   0   0  78   0   1  15   1   0   0   0   0   0   0   0   1   3   0   0   0  1.47 inf
  115 V   -2 -4 -5 -5 -3 -4 -4 -5 -5  4  0 -4  0 -1 -4 -3 -1 -4 -3  6    0   0   0   0   0   0   0   0   0  23   3   0   0   1   0   0   1   0   0  71  1.01 inf
  116 E   -3 -2 -1  1 -5  1  7 -4 -2 -5 -5 -1 -4 -5 -3 -2 -1 -5 -4 -4    0   0   1   4   0   2  87   0   0   0   0   0   0   0   0   1   4   0   0   1  1.44 inf
  117 I   -3 -5 -5 -5 -3 -5 -5 -6 -5  7  0 -4 -1 -2 -5 -4 -2 -5 -3  4    0   0   0   0   0   0   0   0   0  76   1   0   0   0   0   0   0   0   0  23  1.23 inf
  118 M   -3 -4 -5 -5 -2 -4 -4 -5 -4  2  5 -4  3  0 -4 -4 -3 -3 -2  1    0   0   0   0   0   0   0   0   0   7  76   0   8   2   0   0   0   0   0   7  0.91 inf
  119 N   -4 -3  8  1 -5 -2 -2 -3 -2 -5 -6 -2 -4 -5 -4 -1 -2 -6 -4 -5    0   0  93   4   0   0   0   0   0   0   0   0   0   0   0   2   0   0   0   0  1.88 inf
  120 P   -3 -3 -3 -3 -5 -3 -3 -3 -4 -5 -5  2 -4 -6  8 -2 -3 -6 -5 -5    0   1   1   0   0   0   0   1   0   0   0  12   0   0  84   1   0   0   0   0  2.22 inf
  121 D   -3 -3  0  7 -5 -2  3 -1 -3 -5 -5 -2 -5 -5 -3 -2 -3 -6 -4 -5    0   0   1  75   0   0  19   4   0   0   0   0   0   0   0   1   0   0   0   0  1.45 inf
  122 L   -3 -3 -3 -4 -3  2 -3 -5  3  0  5 -2  3 -1 -4 -3 -2 -1 -2 -1    0   0   0   0   0  14   0   0   9   1  66   1   9   0   0   0   0   1   0   0  0.71 inf
  123 H   -3 -2 -2 -3 -4 -2 -2 -4  9 -3 -3 -1 -3 -2 -1 -3 -3 -3  4  1    1   0   0   0   0   0   1   0  60   1   1   4   0   0   4   0   1   0  18  11  1.32 inf
  124 I   -3 -5 -5 -5 -3 -5 -5 -6 -5  7  1 -5 -1 -2 -5 -4 -3 -5 -3  1    0   0   0   0   0   0   0   0   0  94   6   0   0   0   0   0   0   0   0   0  1.50 inf
  125 A    6 -4 -4 -4  5 -3 -3 -2 -4 -3 -3 -3 -2 -2 -3 -1 -2 -4 -3 -2   81   0   0   0  16   0   0   0   0   0   1   0   1   2   0   0   0   0   0   0  1.13 inf
  126 T   -2 -3 -1 -3 -3 -3 -3 -4  0 -3 -3 -3 -3 -3 -3  0  7 -3 -2 -2    0   0   1   0   0   0   0   0   2   0   0   0   0   0   0   4  90   0   1   0  1.41 inf
  127 L   -2 -4 -5 -5  0 -4 -4 -5 -4  2  5 -4  1 -1 -4 -4 -2 -3 -3  3    0   0   0   0   1   0   0   0   0   8  63   0   1   0   0   0   0   0   0  27  0.80 inf
  128 E    3 -2  2  3 -3 -1  1  1 -2 -3 -4 -1 -2 -4 -2  2 -1 -4 -3 -3   30   0  10  18   0   0   8  11   0   0   0   0   1   0   0  22   1   0   0   0  0.42 inf
  129 E    0 -1 -1  3 -4  0  4  1 -1 -4 -4  2 -3 -4  1  0 -1 -4 -3 -3   10   0   1  16   0   1  35  10   1   0   0  13   0   0   6   7   1   0   0   0  0.45 inf
  130 G   -2 -3  2  4 -4 -2 -1  5 -3 -5 -5 -2 -4 -5 -3 -1 -2 -5 -4 -5    0   0  12  24   0   0   1  59   0   0   0   1   0   0   0   1   2   0   0   0  1.04 inf
  131 G    4 -3 -2 -3 -1 -2 -3  4 -1 -3 -4 -2 -3 -4 -2  1  0 -4 -3 -2   46   0   0   0   1   0   0  38   2   0   0   1   0   0   1   6   4   0   0   1  0.70 inf
  132 K   -2  3  1 -1 -4  0  0 -3  4 -3 -3  3 -2 -4 -3  1  1 -4 -2 -2    1  20   7   1   0   2   4   0  14   0   0  29   0   0   0   9  12   0   0   2  0.47 inf
  133 L   -3 -4 -5 -5 -3 -4 -5 -5 -4  0  5 -4  1  4 -5 -4 -3 -2 -1  0    0   0   0   0   0   0   0   0   0   1  75   0   1  20   0   0   0   0   0   3  0.97 inf
  134 Y   -2  1  2 -2 -4 -1 -1 -3  6 -2 -3  0 -2  1 -3  0 -2 -2  4 -1    1   9   9   1   0   1   2   0  27   2   1   7   0   5   0   6   1   0  22   5  0.50 inf
  135 M    0 -4 -4 -5 -3 -3 -4 -5 -4  2  0 -4  9 -2 -5 -3 -3 -4 -3  1    8   0   0   0   0   0   0   0   0  10   2   0  74   0   0   0   0   0   0   5  1.48 inf
  136 E   -2  3 -1  0 -5  1  6 -4 -1 -4 -4  1 -3 -5 -3 -2  0 -2 -3 -3    0  22   1   2   0   2  61   0   0   1   0   3   0   0   0   0   5   1   0   1  0.90 inf
  137 V   -2 -4 -4 -5 -3 -3 -4 -5 -4  4  3 -4  6 -1 -4 -3 -2 -3 -3  1    1   0   0   0   0   0   0   0   0  28  33   0  32   0   0   0   0   0   0   6  0.81 inf
  138 R   -1  0  1 -2 -3 -2 -1 -3 -1 -1 -3 -2 -1 -1 -3  0  6 -4 -1  0    3   4   7   1   0   0   2   0   1   3   0   1   1   2   0   2  66   0   2   6  0.70 inf
  139 V    3 -3 -4 -4  0 -3 -3 -3 -4  3  1 -3  0  0 -3 -2 -1 -4 -2  3   33   0   0   0   2   0   0   0   0  20  10   0   1   3   0   0   0   0   0  32  0.43 inf
  140 D    0  0  3  3 -2  0  2 -1 -1 -3 -3  1 -2 -4 -2  0  1 -4 -3 -1    6   4  17  20   1   3  15   2   0   0   0  11   0   0   0   6  10   0   0   4  0.33 inf
  141 R   -2  4  2 -2 -4  0 -1 -2  2 -4 -3  4 -1 -3 -1  0  0 -4 -3 -3    1  33  10   0   0   2   0   1   5   0   0  34   2   1   2   4   6   0   0   1  0.60 inf
  142 G   -2 -4 -2 -3 -5 -4 -4  7 -4 -6 -6 -3 -5 -5 -4 -2 -4 -5 -5 -5    0   0   1   0   0   0   0  98   0   0   0   0   0   0   0   1   0   0   0   0  1.90 inf
  143 V   -3  8 -2 -4 -5 -1 -2 -4 -2 -5 -4  1 -3 -4 -4 -3 -3 -5 -4 -2    0  91   0   0   0   1   0   0   0   0   1   4   0   0   0   0   0   0   0   3  1.68 inf
  144 G   -2 -4 -2 -3 -5 -4 -4  7 -4 -6 -6 -4 -5 -5 -4 -2 -4 -5 -5 -5    0   0   0   0   0   0   0 100   0   0   0   0   0   0   0   0   0   0   0   0  2.00 inf
  145 Y   -4 -4 -5 -6 -5 -4 -5 -6 -1 -4 -3 -4 -3  1 -6 -4 -4  0  9 -4    0   0   0   0   0   0   0   0   0   0   0   0   0   2   0   0   0   0  98   0  2.51 inf
  146 V   -1 -2 -1 -3 -3 -3 -4 -4 -4  2 -1 -3 -1 -2 -4 -2  0 -4 -3  6    2   3   4   1   0   0   0   0   0   5   1   1   0   0   0   1   5   0   0  76  0.80 inf
  147 P   -1 -1 -1 -2 -3  0 -2 -2 -3 -4 -3 -2 -3 -4  6  4  1 -5 -4 -3    3   4   2   0   0   4   0   2   0   0   2   0   0   0  38  39   6   0   0   0  0.88 inf
  148 A    6 -3 -3 -3 -1  0 -2 -1 -3 -3 -3 -2 -3 -4 -3  2 -1 -3 -3 -2   79   0   0   0   1   5   0   2   0   0   0   0   0   0   0  12   0   0   0   0  0.93 inf
  149 E   -3 -2  1  6 -5 -1  5 -3 -2 -5 -5 -1 -4 -5 -3 -1 -1 -5 -4 -4    0   0   5  46   0   0  42   0   0   0   0   1   0   0   0   3   2   0   0   1  1.07 inf
  150 R   -1  3  0  0 -4  2  2 -1  0 -4 -3  4 -2 -4 -3 -1 -2 -4 -2 -3    2  20   3   5   0  10  15   3   1   0   1  37   0   0   0   1   0   0   1   1  0.55 inf
  151 H   -4 -3  8 -1 -5 -2 -2 -2  2 -6 -6 -2 -4 -5 -4 -2 -2 -6 -4 -5    0   0  93   0   0   0   0   2   4   0   0   0   0   0   0   0   0   0   0   0  1.88 inf
  152 G   -3  0  0 -3 -5 -1 -1 -2 -3 -5 -5  7 -3 -5 -3 -2 -3 -5 -4 -4    0   1   3   0   0   0   0   3   0   0   0  93   0   0   0   0   0   0   0   0  1.50 inf
  153 I    0  2  0 -1 -3  1  1 -2  1 -2 -2  2 -2 -3 -1  1  2 -3 -1 -1    7  13   3   2   0   6   7   1   5   3   1  19   0   0   2  12  15   0   1   3  0.21 inf
  154 K    0 -1  0  4 -4  1  4 -1 -2 -4 -4  0 -3 -5  3 -1 -2 -5 -4 -4    6   2   4  28   0   4  31   3   0   0   0   5   0   0  15   2   1   0   0   0  0.63 inf
  155 D   -2 -2  2  6 -4  0  1  0 -1 -3 -2 -2  2 -4 -2 -1 -2 -5 -4 -3    2   1  12  51   0   2   7   6   1   0   4   0   9   0   1   4   0   0   0   0  0.68 inf
  156 R   -1  0 -2 -2 -4  4 -1 -4  2 -2 -2 -2  5 -3  5 -2 -1 -4 -3 -1    3   4   1   1   0  23   1   0   5   0   0   0  23   0  31   1   2   0   0   5  0.72 inf
  157 I   -3 -5 -5 -5 -3 -5 -5 -6 -5  7  0 -5 -1 -2 -5 -4 -3 -5 -3  1    0   0   0   0   0   0   0   0   0  94   2   0   0   0   0   0   0   0   0   4  1.49 inf
  158 N   -1 -4  0 -1 -4 -3 -3  7 -4 -6 -5 -3 -4 -5 -4 -1 -3 -5 -5 -5    1   0   5   3   0   0   0  87   0   0   0   0   0   0   0   4   0   0   0   0  1.53 inf
  159 A   -1 -4 -4 -3 -2 -3 -3 -4 -4  2  0 -3  0 -2 -4 -2  1 -4 -2  6    3   0   0   1   0   0   1   0   0   4   3   0   1   0   0   2  11   0   1  71  0.75 inf
  160 I   -3 -5 -5 -5 -3 -4 -5 -6 -5  6  3 -4  0 -2 -5 -4 -2 -4 -3  1    0   0   0   0   0   0   0   0   0  70  29   0   0   0   0   0   0   0   0   1  1.10 inf
  161 P    2 -4 -4 -4 -4 -3 -3 -3 -4 -4 -5 -3 -4 -5  8 -2 -2 -5 -3 -4   24   0   0   0   0   0   0   0   0   0   0   0   0   0  74   0   1   0   1   0  1.94 inf
  162 V   -2 -4 -5 -5 -3 -4 -4 -5 -5  5  0 -4  1 -2 -4 -4 -1 -4 -3  5    0   0   0   0   0   0   0   0   0  45   0   0   2   0   0   0   1   0   0  53  1.01 inf
  163 D   -4 -4 -1  8 -6 -2  0 -4 -3 -6 -6 -3 -5 -6 -4 -2 -3 -7 -5 -6    0   0   0 100   0   0   0   0   0   0   0   0   0   0   0   0   0   0   0   0  2.14 inf
  164 A    1 -3 -1 -2 -3 -2 -2 -2 -3 -4 -5 -2 -4 -5 -3  7 -1 -5 -4 -4    7   0   0   0   0   0   0   0   0   0   0   0   0   0   0  93   0   0   0   0  1.35 inf
  165 I   -3 -5 -4 -4 -3 -5 -5 -6 -5  7  1 -5 -1 -2 -5 -4 -3 -4 -3  1    0   0   1   1   0   0   0   0   0  89   7   0   0   0   0   1   0   0   0   2  1.32 inf
  166 F   -4 -4 -5 -5 -5 -4 -5 -5 -1 -3 -2 -4 -3  6 -5 -4 -4  0  8 -3    0   0   0   0   0   0   0   0   0   0   0   0   0  35   0   0   0   0  65   0  1.87 inf
  167 S   -1 -3 -2 -3 -3 -2 -3 -3 -3 -3 -3 -2 -3 -4 -3  3  7 -5 -4 -2    2   0   0   0   0   0   0   0   0   0   0   0   0   0   0  21  77   0   0   0  1.23 inf
  168 P   -3 -5 -4 -4 -5 -4 -4 -5 -5 -5 -5 -3 -5 -6  9 -3 -3 -6 -5 -5    0   0   0   0   0   0   0   0   0   0   0   0   0   0 100   0   0   0   0   0  2.91 inf
  169 V   -2 -4 -5 -5 -3 -4 -4 -5 -5  5  0 -4 -1 -2 -4 -4 -2 -5 -3  5    0   0   0   0   0   0   0   0   0  37   0   0   0   0   0   0   0   0   0  62  1.07 inf
  170 R   -1  2 -1 -1 -3  1  3 -3  0 -2 -1  2 -2 -2 -2  1  0 -3  0 -2    1  13   1   1   0   4  27   0   2   1   9  17   0   0   0  13   7   0   4   1  0.30 inf
  171 R   -3  6 -1 -3 -5  0 -1 -4 -2 -5 -4  5 -3 -5 -3 -2 -3 -5 -4 -4    0  57   1   0   0   0   0   0   0   0   0  42   0   0   0   0   0   0   0   0  1.30 inf
  172 V   -1 -5 -5 -5 -2 -4 -4 -5 -5  1 -1 -4 -1 -3 -4 -4 -2 -5 -3  7    3   0   0   0   1   0   0   0   0   0   0   0   0   0   0   0   0   0   0  96  1.38 inf
  173 A   -1 -2  8 -1 -4 -2 -2 -2 -2 -4 -5 -2 -4 -5 -4  0  0 -6 -4 -5    4   0  86   0   0   0   0   0   0   0   0   1   0   0   0   6   3   0   0   0  1.59 inf
  174 F   -4 -4 -4 -5 -4 -4 -4 -5 -1 -2 -1 -4  1  4 -5 -4 -4  1  8 -2    0   0   0   0   0   0   0   0   0   1   4   0   4  19   0   0   0   1  69   1  1.62 inf
  175 Q    0  0  0 -2 -3  5 -1 -2  1 -3 -2  0 -2 -3 -3  1  4 -4 -2 -2    5   4   4   0   0  37   0   1   3   0   2   4   0   0   0   7  31   0   1   1  0.53 inf
  176 V   -2 -5 -5 -5 -3 -4 -5 -5 -5  2 -1 -4 -1 -3 -4 -4 -2 -5 -3  7    0   0   0   0   0   0   0   0   0   5   0   0   0   0   0   0   0   0   0  95  1.38 inf
  177 E   -2 -2 -2  1 -5  1  7 -4 -2 -5 -5 -1 -4 -5 -3 -2 -1 -5 -4 -4    1   0   0   3   0   4  86   0   0   0   0   0   0   0   0   1   4   0   0   0  1.42 inf
  178 D   -3 -2  7  3 -5 -1 -1 -2  0 -5 -5  0 -4 -5 -1  0 -2 -6 -4 -5    0   0  68  16   0   1   0   0   1   0   0   4   0   0   3   6   0   0   0   0  1.21 inf
  179 T    0 -3 -2 -3 -3 -3 -3 -3 -4 -3 -3 -2 -3 -4 -3 -1  7 -5 -4 -2    8   0   0   0   0   0   0   0   0   0   0   1   0   0   0   0  91   0   0   0  1.46 inf
  180 R   -4  8 -3 -4 -6 -1 -2 -5 -2 -5 -4  0 -4 -5 -4 -3 -3 -5 -4 -5    0 100   0   0   0   0   0   0   0   0   0   0   0   0   0   0   0   0   0   0  2.04 inf
  181 L   -2 -5 -5 -5 -3 -4 -4 -5 -5  2  0 -4 -1 -3 -4 -4 -2 -5 -3  7    0   0   0   0   0   0   0   0   0   3   4   0   0   0   0   0   0   0   0  93  1.31 inf
  182 G   -2 -4 -2 -3 -5 -4 -4  7 -4 -6 -6 -3 -5 -5 -4 -2 -4 -5 -5 -5    1   0   0   0   0   0   1  99   0   0   0   0   0   0   0   0   0   0   0   0  1.94 inf
  183 Q   -2  1  2 -1 -5  7  0 -3  1 -5 -4  1 -2 -5 -3 -1 -2 -4 -3 -4    2   4   8   1   0  70   2   0   4   0   0   5   1   0   0   3   1   0   0   0  1.16 inf
  184 R   -1  3 -1 -2 -3  0 -2 -4 -2  3  0  0  2 -2 -3 -1 -1 -4 -2  3    1  23   3   2   0   3   0   0   0  20   2   6   9   1   0   4   1   0   1  25  0.27 inf
  185 T   -1 -3  2  2 -3 -2 -1 -3 -3 -2 -3 -2 -3 -4 -3  1  6 -4 -3 -1    3   0   9  11   0   0   1   0   0   1   0   0   0   0   0   7  64   0   0   3  0.79 inf
  186 D   -4 -3  3  7 -5 -2  0 -2 -2 -4 -5 -2 -5 -5 -3 -2 -3 -6 -5 -4    0   0  17  78   0   1   1   1   0   1   0   0   0   0   0   0   0   0   0   1  1.51 inf
  187 L   -4 -3 -4 -5 -4 -4 -4 -5 -1 -3  0 -4 -2  5 -5 -4 -4  0  8 -3    0   1   0   0   0   0   0   0   0   0   6   0   0  27   0   0   0   0  65   0  1.65 inf
  188 D   -4 -4 -1  8 -6 -2  0 -4 -3 -5 -6 -3 -5 -6 -4 -2 -3 -7 -5 -5    0   0   0  97   0   0   3   0   0   0   0   0   0   0   0   0   0   0   0   0  2.05 inf
  189 K   -3  2 -2 -3 -5  0 -1 -4 -3 -5 -5  7 -3 -5 -3 -2 -3 -5 -4 -4    0   8   0   0   0   1   0   0   0   0   0  91   0   0   0   0   0   0   0   0  1.52 inf
  190 L   -3 -4 -5 -6 -3 -4 -5 -6 -5  0  6 -4  0 -1 -5 -4 -3 -4 -3 -1    0   0   0   0   0   0   0   0   0   0 100   0   0   0   0   0   0   0   0   0  1.37 inf
  191 T   -1 -3 -2 -3 -3 -3 -3 -4 -4  0 -3 -3 -1 -4 -3  1  7 -4 -4 -1    1   0   0   0   0   0   0   0   0   7   0   0   1   0   0   5  83   0   0   3  1.19 inf
  192 L   -3 -4 -5 -5 -3 -4 -4 -5 -4  2  5 -4  3  1 -4 -4 -3 -3 -2  0    0   0   0   0   0   0   0   0   0  12  76   0   7   4   0   0   0   0   0   1  0.93 inf
  193 R   -3 -1 -1  5 -5  0  6 -4 -2 -5 -5 -1 -4 -5 -3 -2 -3 -5 -4 -5    0   3   0  40   0   0  56   0   0   0   0   0   0   0   0   0   0   0   0   0  1.25 inf
  194 I   -2 -4 -5 -5 -3 -4 -4 -5 -5  4  0 -4 -1 -2 -4 -4 -2 -5 -3  6    0   0   0   0   0   0   0   0   0  21   3   0   0   0   0   0   0   0   0  75  1.09 inf
  195 W   -5 -5 -6 -6 -5 -4 -4 -5 -3 -5 -3 -5 -1  1 -6 -4 -4 12  3 -5    0   0   0   0   0   0   1   0   0   0   2   0   2   4   0   1   1  82   7   0  3.24 inf
  196 T   -2 -3 -2 -3 -3 -3 -3 -3 -4 -3 -3 -3 -3 -4 -3  0  7 -5 -4 -2    1   0   0   0   0   0   0   1   0   0   0   0   0   0   0   2  96   0   0   0  1.61 inf
  197 D   -4 -3  6  6 -5 -2 -1 -3 -2 -5 -6 -2 -5 -5 -4 -2 -2 -6 -5 -5    0   0  43  56   0   0   0   0   0   0   0   0   0   0   0   0   0   0   0   0  1.46 inf
  198 G   -2 -4 -2 -3 -5 -4 -4  7 -4 -6 -6 -2 -5 -5 -4 -1 -3 -5 -5 -5    0   0   0   0   0   0   0  96   0   0   0   1   0   0   0   2   0   0   0   0  1.83 inf
  199 S   -1 -3 -1 -2 -3 -2 -2 -2 -3 -3 -4 -2 -3 -4 -3  5  4 -5 -3 -2    1   0   0   0   0   0   0   0   0   0   0   0   0   0   0  62  34   0   0   2  0.97 inf
  200 V   -3 -4 -4 -5 -2 -4 -5 -5 -5  6  2 -4  0 -1 -4 -4 -1 -4 -3  2    0   0   0   0   0   0   0   0   0  69  19   0   1   1   0   0   3   0   0   6  0.94 inf
  201 T    0  2  1  0 -3  0  0  0 -1 -2 -2  1 -1 -3 -1  2  2 -4 -3 -2    9  16   5   3   0   0   6   6   1   3   1  10   1   0   1  17  20   0   0   0  0.23 inf
  202 P    1 -4 -4 -4 -4 -3 -3 -4 -4 -3 -5 -3 -4 -5  8 -2 -2 -6 -5 -3   15   0   0   0   0   0   0   0   0   1   0   0   0   0  81   1   1   0   0   2  2.10 inf
  203 L   -2  1  0  4 -4  2  3 -3  0 -3 -2  1 -1 -3 -2  1 -1 -4 -1 -3    0   6   3  25   0  10  27   0   1   0   3   9   2   0   0   9   3   0   2   0  0.46 inf
  204 E   -3 -2 -2  3 -6  0  7 -4 -2 -5 -5 -1 -4 -5 -3 -2 -3 -5 -4 -5    1   0   0  18   0   0  80   0   0   0   0   1   0   0   0   0   0   0   0   0  1.43 inf
  205 A    6 -3 -3 -4 -2 -3 -3  0 -4 -3 -3 -3 -3 -4 -3  0 -2 -5 -4 -2   92   0   0   0   0   0   0   4   0   0   0   0   0   0   0   3   0   0   0   0  1.21 inf
  206 L   -1 -4 -4 -5 -2 -4 -4 -5 -4  4  2 -4  1 -2 -4 -3 -1 -4 -3  5    2   0   0   0   0   0   0   0   0  25  20   0   1   0   0   0   3   0   0  49  0.67 inf
  207 N    0 -3  0 -2 -3 -2 -2 -1 -3 -4 -4 -2 -3 -4 -3  6  0 -5 -4 -4    5   0   3   0   0   0   1   3   0   0   0   0   0   0   0  87   0   0   0   0  1.17 inf
  208 Q   -3 -3 -4 -5 -3  0 -4 -5 -3  0  5 -1  2  1 -4 -3 -3 -1  0 -1    0   1   0   0   0   4   0   0   0   2  76   4   3   4   0   1   0   1   3   0  0.75 inf
  209 A    5 -3 -2 -3 -2 -2 -2  3 -3 -3 -4 -2 -3 -4 -3  2 -1 -4 -4 -2   59   0   0   0   0   0   0  25   0   0   0   0   0   0   0  16   0   0   0   0  0.81 inf
  210 V    6 -3 -3 -4 -2 -3 -3 -1 -4 -3 -3 -3 -3 -4 -3  1 -2 -5 -4 -1   90   0   0   0   0   0   0   1   0   0   0   0   0   0   0   6   0   0   0   3  1.16 inf
  211 A   -2  2 -1 -2 -5  0  0 -2 -2 -5 -4  7 -3 -5 -3 -1 -2 -5 -4 -4    2   8   2   1   0   1   2   2   0   0   0  81   0   0   0   1   1   0   0   0  1.17 inf
  212 I   -3 -5 -5 -5 -3 -4 -5 -5 -5  6  0 -4  0 -2 -4 -4 -2 -4 -3  4    0   0   0   0   0   0   0   0   0  72   2   0   1   0   0   0   0   0   0  25  1.15 inf
  213 L   -3 -4 -5 -5 -3 -3 -4 -5 -4  1  5 -4  5  0 -5 -4 -3 -3 -2  0    0   0   0   0   0   0   0   0   0   2  77   0  17   2   0   0   0   0   0   1  1.03 inf
  214 K   -1 -1  2 -2  1 -1 -2 -2 -2  1 -2  0 -1 -2 -3  2  4 -4 -3  1    1   1  11   0   3   1   1   0   0  12   0   5   1   0   0  17  37   0   0   8  0.35 inf
  215 E   -2 -2 -2  3 -5  0  6 -2 -2 -5 -5 -1 -1 -5 -3 -1 -2 -5 -4 -4    1   1   0  15   0   1  74   3   0   0   0   1   2   0   0   2   0   0   0   0  1.16 inf
  216 H   -4 -2 -2 -4 -6  0 -2 -5 10 -6 -4 -3 -4 -3 -5 -3 -4 -4  1 -5    0   1   0   0   0   2   0   0  92   0   1   0   0   0   0   0   0   0   4   0  2.52 inf
  217 L   -3 -4 -5 -5 -3 -4 -5 -5 -4  0  6 -4  1  3 -5 -4 -3 -3 -2 -1    0   0   0   0   0   0   0   0   0   0  88   0   1  11   0   0   0   0   0   0  1.13 inf
  218 N    0  1  5  1 -2  0  1 -2 -1 -3 -3  2  0 -4 -2  1  0 -4 -2 -3    7   5  35   6   0   2   7   1   0   0   1  19   3   0   0   9   5   0   0   1  0.42 inf
  219 Y   -2 -3 -4 -5 -3 -3 -4 -4 -3  3  4 -3  2 -1 -2 -2 -2 -3  0  1    1   0   0   0   0   0   0   1   1  20  60   1   5   0   1   2   0   0   3   4  0.62 inf
  220 F   -5 -5 -5 -6 -5 -6 -6 -6 -4 -2 -2 -6 -2  9 -6 -5 -4 -1  1 -3    0   0   0   0   0   0   0   0   0   0   0   0   0 100   0   0   0   0   0   0  2.29 inf
  221 A   -1 -3 -3 -4 -2  0 -2 -3 -4  4  0 -3  2 -2 -3 -2  1 -4 -3  4    3   0   0   0   0   5   1   1   0  28   2   0   6   0   0   1   8   0   0  44  0.52 inf
  222 N   -3 -2  6  6 -4 -2  0 -2 -2 -5 -5 -2 -4 -5 -3  1 -1 -6 -4 -4    0   0  44  47   0   0   1   0   0   0   0   0   0   0   0   7   1   0   0   0  1.14 inf
  223 P    0 -2 -2 -3 -2 -2 -2 -2 -2  0  1 -2  3  3  3  0  0 -1  0  0   11   0   0   0   0   0   0   0   0   5  10   0  17  27  20   5   6   0   0   0  0.29 inf
  224 E   -2 -1  1  6 -4  2  2 -2 -1 -4 -4 -1 -3 -4 -2 -1 -1 -4 -3 -4    0   0   0  78   0  16   6   0   0   0   0   0   0   0   0   0   0   0   0   0  0.90 inf

                      K         Lambda
Standard Ungapped    0.1392     0.3194
Standard Gapped      0.0631     0.2670
PSI Ungapped         0.2065     0.3153
PSI Gapped           0.0631     0.2670
