
Last position-specific scoring matrix computed, weighted observed percentages rounded down, information per position, and relative weight of gapless real matches to pseudocounts
           A  R  N  D  C  Q  E  G  H  I  L  K  M  F  P  S  T  W  Y  V   A   R   N   D   C   Q   E   G   H   I   L   K   M   F   P   S   T   W   Y   V
    1 D   -2 -2  2  7 -4 -1  1 -2 -1 -4 -4 -1 -4 -4 -2 -1 -2 -5 -4 -4    0   0   9  90   0   0   1   0   0   0   0   0   0   0   0   0   0   0   0   0  1.10 inf
    2 P   -1 -3 -3 -2 -4 -2 -2 -3 -1 -4 -4 -1 -3 -4  8 -1 -2 -5 -4 -3    0   0   0   0   0   0   0   0   2   0   0   2   0   0  96   0   0   0   0   0  2.16 inf
    3 I    0 -2 -3 -3 -1 -2 -3 -3 -3  3  2 -1  2  0 -3 -2  0 -3 -1  2    7   0   0   0   0   2   0   0   0  40  14   4   6   3   0   1   3   0   0  20  0.23 inf
    4 L   -2 -3 -4 -4 -2 -3 -3 -4 -3  1  5 -3  2  1 -4 -3 -2 -2  0  0    0   0   0   0   0   0   0   0   0   0  94   0   0   3   0   0   0   0   3   0  0.59 inf
    5 L   -1 -2 -3 -4 -2 -2 -3 -4 -3  1  4 -3  3  1 -3 -2 -1 -2 -1  1    3   0   0   0   0   1   0   0   0   2  78   0   8   3   0   0   3   0   0   2  0.44 inf
    6 R   -1  6 -1 -2 -1  2  0 -3  0 -3 -2  2 -2 -3 -2 -1 -1 -3 -2 -3    1  76   1   0   2   6   0   0   2   0   3   9   0   0   0   0   0   0   0   0  0.71 inf
    7 P    0 -2 -2 -2 -3 -2 -2 -2 -3 -3 -2 -1 -2 -4  8  1  0 -4 -3 -2    3   0   0   0   0   0   0   0   0   0   4   0   0   0  79  12   3   0   0   0  1.59 inf
    8 V   -1 -3 -4 -4 -1 -3 -3 -4 -4  3  1 -3  0 -1 -3 -2 -1 -3 -2  5    0   0   0   0   0   0   0   0   0  22   0   0   0   0   0   0   0   0   0  78  0.51 inf
    9 D   -2 -2  1  6 -4  0  2 -2 -1 -4 -4 -1 -4 -4 -2 -1 -2 -5 -2 -4    0   0   2  86   0   0  11   0   0   0   0   0   0   0   0   0   0   0   1   0  1.02 inf
   10 D   -2 -2  1  6 -4  0  2 -2 -1 -4 -4 -1 -4 -4 -2 -1 -2 -5 -4 -4    0   0   0  86   0   0  14   0   0   0   0   0   0   0   0   0   0   0   0   0  1.06 inf
   11 L   -2 -3 -4 -4 -2 -3 -3 -4 -3  1  5 -3  2  0 -4 -3 -2 -2 -2  0    0   0   0   0   0   0   0   0   0   0 100   0   0   0   0   0   0   0   0   0  0.65 inf
   12 E   -1 -1 -1  2 -4  1  6 -3 -1 -4 -4  0 -3 -4 -2 -1 -1 -4 -3 -3    0   0   0   6   0   0  94   0   0   0   0   0   0   0   0   0   0   0   0   0  0.94 inf
   13 L   -2 -3 -4 -4 -2 -3 -3 -4 -3  1  5 -3  2  0 -4 -3 -2 -2 -2  0    0   0   0   0   0   0   0   0   0   0 100   0   0   0   0   0   0   0   0   0  0.65 inf
   14 T   -1 -2 -1 -2 -1 -1 -1 -2 -2 -1 -2 -1 -1 -3 -2  1  6 -3 -2 -1    0   0   0   0   0   0   0   0   0   0   0   0   0   0   0   0 100   0   0   0  0.77 inf
   15 V   -1 -3 -4 -4 -1 -3 -3 -4 -4  2  0 -3  0 -1  0 -2 -1 -4 -2  5    0   0   0   0   0   0   0   0   0   0   0   0   0   0   5   0   0   0   0  95  0.53 inf
   16 R   -2  7 -1 -2 -4  1 -1 -3 -1 -4 -3  2 -2 -4 -3 -1 -2 -3 -2 -3    0 100   0   0   0   0   0   0   0   0   0   0   0   0   0   0   0   0   0   0  1.07 inf
   17 S    1 -1  0 -1 -1 -1 -1 -1 -1 -3 -3 -1 -2 -3 -1  5  1 -3 -2 -2    3   0   0   0   0   0   0   0   0   0   0   0   0   0   0  97   0   0   0   0  0.66 inf
   18 A    5 -2 -2 -2 -1 -1 -1  0 -2 -2 -2 -1  0 -3 -1  1  1 -3 -2 -1   87   0   0   0   0   0   0   0   0   0   0   0   3   0   0   5   6   0   0   0  0.50 inf
   19 N   -2 -1  7  1 -3 -1 -1 -1  0 -4 -4 -1 -3 -4 -3  0 -1 -5 -3 -4    0   0 100   0   0   0   0   0   0   0   0   0   0   0   0   0   0   0   0   0  1.08 inf
   20 C   -1 -4 -4 -4 10 -4 -5 -3 -4 -2 -2 -4 -2 -3 -4 -2 -2 -3 -3 -2    0   0   0   0 100   0   0   0   0   0   0   0   0   0   0   0   0   0   0   0  1.84 inf
   21 L   -2 -3 -4 -4 -2 -3 -3 -4 -3  1  5 -3  2  0 -4 -3 -2 -2 -2  0    0   0   0   0   0   0   0   0   0   0 100   0   0   0   0   0   0   0   0   0  0.65 inf
   22 K   -1  2 -1 -1 -4  1  0 -2 -1 -3 -3  6 -2 -4 -2 -1 -1 -4 -2 -3    0   0   0   0   0   0   0   0   0   0   0 100   0   0   0   0   0   0   0   0  0.80 inf
   23 A    5 -2 -2 -2 -1 -1 -1  0 -2 -2 -2 -1 -1 -3 -1  1  0 -3 -2  0   94   0   0   0   0   0   0   3   0   0   0   0   0   0   0   0   2   0   0   1  0.56 inf
   24 E   -1 -1 -1  1 -4  2  6 -3 -1 -4 -4  0 -3 -4 -2 -1 -1 -4 -3 -3    0   0   0   0   0   5  95   0   0   0   0   0   0   0   0   0   0   0   0   0  0.95 inf
   25 A    0 -1  4  1 -2  1  0  0  0 -3 -3  0 -2 -3 -2  3  1 -4 -2 -3    4   0  41   7   0   5   0   4   0   0   0   0   1   0   0  36   2   0   0   0  0.43 inf
   26 I   -2 -4 -4 -4 -2 -3 -4 -4 -4  5  1 -3  1 -1 -3 -3 -1 -3 -2  3    0   0   0   0   0   0   0   0   0  92   3   0   0   0   0   0   0   0   0   5  0.61 inf
   27 H   -2 -1  0 -3 -3 -1 -2 -3  5 -1 -2 -1 -1  4 -3 -2 -2  1  6 -2    0   3   3   0   0   0   0   0  27   2   0   3   0  19   0   1   0   0  42   0  0.61 inf
   28 Y   -2 -2 -2 -4 -1 -2 -3 -4  1 -1  0 -3 -1  4 -4 -2 -2  1  7 -2    0   0   2   0   1   0   0   0   1   0   6   0   0  11   0   0   0   0  78   0  0.95 inf
   29 I   -2 -4 -4 -4 -2 -3 -4 -4 -4  5  1 -3  1 -1 -3 -3 -1 -3 -2  3    0   0   0   0   0   0   0   0   0  90   0   0   0   0   0   0   0   0   0  10  0.60 inf
   30 G    0 -3 -1 -2 -3 -2 -3  6 -3 -5 -4 -2 -3 -4 -3 -1 -2 -3 -4 -4    0   0   0   0   0   0   0 100   0   0   0   0   0   0   0   0   0   0   0   0  1.28 inf
   31 D   -2 -2  1  7 -4 -1  1 -2 -2 -4 -4 -1 -4 -4 -2 -1 -2 -5 -4 -4    0   0   1  97   0   0   2   0   0   0   0   0   0   0   0   0   0   0   0   0  1.19 inf
   32 L   -2 -3 -4 -4 -2 -3 -3 -4 -3  1  5 -3  2  0 -4 -3 -2 -2 -2  0    0   0   0   0   0   0   0   0   0   0 100   0   0   0   0   0   0   0   0   0  0.65 inf
   33 V   -1 -3 -4 -4 -1 -3 -3 -4 -4  4  1 -3  1 -1 -3 -2 -1 -3 -2  4    0   0   0   0   0   0   0   0   0  44   2   0   0   0   0   0   0   0   0  54  0.48 inf
   34 Q   -1  1 -1 -1 -4  7  1 -2  1 -4 -3  1 -1 -4 -2 -1 -1 -3 -2 -3    0   2   0   0   0  92   0   0   2   0   0   4   0   0   0   0   0   0   0   0  0.92 inf
   35 R   -2  6  0 -2  0  1  0 -3 -1 -3 -3  3 -2 -3 -2 -1 -1 -3 -1 -3    0  70   2   0   4   0   0   0   0   0   0  22   0   0   0   0   0   0   2   0  0.70 inf
   36 T    0 -2  0 -1 -1 -1 -1 -2 -2 -1 -2 -1 -1 -3 -2  2  5 -3 -2 -1    3   0   1   2   0   0   0   0   0   0   0   0   0   0   0  13  81   0   0   0  0.58 inf
   37 E   -1 -1 -1  1 -4  2  6 -3 -1 -4 -4  0 -3 -4 -2 -1 -1 -4 -3 -3    0   0   0   0   0   0 100   0   0   0   0   0   0   0   0   0   0   0   0   0  1.00 inf
   38 V    0 -2  1 -2 -1  0 -1 -2 -1  1  0 -1  0  0 -2  0  1 -3 -1  3    8   0  13   0   0   6   0   1   2   1   1   0   3   3   0   4  15   0   0  43  0.12 inf
   39 E   -1 -1  0  4 -4  1  5 -2  0 -4 -4  0 -3 -4 -2  0 -1 -4 -3 -3    0   0   0  24   0   0  72   0   2   0   0   0   0   0   0   2   0   0   0   0  0.78 inf
   40 L   -2 -3 -4 -4 -2 -3 -3 -4 -3  1  5 -3  2  0 -4 -3 -2 -2 -2  0    0   0   0   0   0   0   0   0   0   0 100   0   0   0   0   0   0   0   0   0  0.65 inf
   41 L   -2 -3 -4 -4 -2 -3 -3 -4 -3  1  5 -3  3  0 -3 -3 -2 -2 -2  0    0   0   0   0   0   0   0   0   0   0  95   0   5   0   0   0   0   0   0   0  0.62 inf
   42 K   -1  3 -1 -1 -4  1  0 -2 -1 -3 -3  5 -2 -4 -2 -1 -1 -4 -2 -3    0  14   0   0   0   0   0   0   0   0   0  86   0   0   0   0   0   0   0   0  0.72 inf
   43 T    1 -2 -1 -2 -1 -1 -1 -2 -2 -1 -2 -1  0 -3 -2  1  6 -3 -2 -1    8   0   0   0   0   0   0   0   0   0   0   0   2   0   0   0  90   0   0   0  0.63 inf
   44 P   -1 -3 -3 -2 -4 -2 -2 -3 -3 -4 -4 -1 -3 -4  8 -1 -2 -5 -4 -3    0   0   0   0   0   0   0   0   0   0   0   2   0   0  98   0   0   0   0   0  2.21 inf
   45 N   -2 -1  7  1 -3 -1 -1 -1  0 -4 -4 -1 -3 -4 -3  0 -1 -5 -3 -4    0   0 100   0   0   0   0   0   0   0   0   0   0   0   0   0   0   0   0   0  1.08 inf
   46 L   -2 -3 -4 -4 -2 -3 -3 -4 -3  1  5 -3  2  0 -4 -3 -2 -2 -2  0    0   0   0   0   0   0   0   0   0   0 100   0   0   0   0   0   0   0   0   0  0.65 inf
   47 G    0 -3 -1 -2 -3 -2 -3  6 -3 -5 -4 -2 -3 -4 -3 -1 -2 -3 -4 -4    0   0   0   0   0   0   0 100   0   0   0   0   0   0   0   0   0   0   0   0  1.28 inf
   48 K   -1  4  0 -1 -4  1  0 -2 -1 -3 -3  5 -2 -4 -2 -1 -1 -4 -2 -3    0  28   1   0   0   0   0   0   0   0   0  71   0   0   0   0   0   0   0   0  0.67 inf
   49 K   -1  2 -1 -1 -4  1  0 -2 -1 -3 -3  6 -2 -4 -2 -1 -1 -4 -2 -3    0   0   0   0   0   0   0   0   0   0   0 100   0   0   0   0   0   0   0   0  0.80 inf
   50 S    1 -1  0 -1 -1 -1 -1 -1 -1 -3 -3 -1 -2 -3 -1  5  1 -3 -2 -2    0   0   0   0   0   0   0   0   0   0   0   0   0   0   0 100   0   0   0   0  0.69 inf
   51 L   -2 -3 -4 -4 -2 -3 -3 -4 -3  1  5 -3  2  0 -4 -3 -2 -2 -2  0    0   0   0   0   0   0   0   0   0   0 100   0   0   0   0   0   0   0   0   0  0.65 inf
   52 T   -1 -1  4  0 -2  0 -1 -1 -1 -2 -2 -1 -1 -3 -2  1  4 -3 -2 -1    3   0  41   0   0   2   0   0   0   0   3   0   2   0   0   0  50   0   0   0  0.46 inf
   53 E   -1 -1 -1  1 -4  2  6 -3 -1 -4 -4  0 -3 -4 -2 -1 -1 -4 -3 -3    0   0   0   0   0   0 100   0   0   0   0   0   0   0   0   0   0   0   0   0  1.00 inf
   54 I   -2 -4 -4 -4 -2 -3 -4 -5 -4  6  1 -3  1 -1 -3 -3 -1 -3 -2  2    0   0   0   0   0   0   0   0   0 100   0   0   0   0   0   0   0   0   0   0  0.67 inf
   55 K   -1  2 -1 -1 -4  1  0 -2 -1 -3 -3  6 -2 -4 -2  0 -1 -4 -2 -3    0   0   0   0   0   0   0   0   0   0   0  98   0   0   0   2   0   0   0   0  0.76 inf
   56 D   -1 -1  1  5 -4  1  3 -2 -1 -3 -4  0 -3 -4 -2  0 -1 -4 -3 -3    3   0   4  54   0   5  25   0   0   0   0   3   0   0   0   4   2   0   0   0  0.65 inf
   57 V    0 -3 -3 -2 -1 -3 -3 -3 -4  2  1 -3  0 -1 -3 -2  0 -3 -2  5    3   0   0   2   0   0   0   0   0   5   2   0   0   0   0   0   3   0   0  85  0.44 inf
   58 L   -2 -3 -4 -4 -2 -3 -3 -4 -3  1  5 -3  2  0 -4 -3 -2 -2 -2  0    0   0   0   0   0   0   0   0   0   0 100   0   0   0   0   0   0   0   0   0  0.65 inf
   59 A    4 -1 -2 -2 -1 -1 -1  0 -2 -2 -2  0 -1 -2 -1  1  0 -3 -2  0   81   2   0   1   0   0   0   2   0   0   0   4   0   1   0   1   3   0   0   4  0.41 inf
   60 S    1 -1  0 -1 -2  2  1 -1 -1 -2 -2  0 -1 -3 -1  3  2 -3 -2 -1   13   0   1   0   0  12  11   1   0   1   2   3   0   0   0  41  12   0   0   3  0.26 inf
   61 R   -2  4  0 -1 -4  1  0 -3  6 -4 -3  3 -2 -3 -2 -1 -2 -3 -1 -3    0  43   1   0   0   1   3   0  31   0   0  20   0   0   0   0   0   0   0   0  0.62 inf
   62 G    0 -2  1  0 -3 -2 -1  6 -2 -4 -4 -2 -3 -4 -3  0 -1 -3 -4 -4    0   0   8   4   0   0   3  82   0   0   0   0   0   0   0   2   1   0   0   0  0.94 inf
   63 L   -2 -3 -4 -4 -2 -3 -4 -4 -3  1  5 -3  2  1 -4 -3 -2 -2 -1  0    0   0   0   0   0   0   0   0   0   0  96   0   1   2   0   0   0   0   0   0  0.64 inf
   64 S    1 -1  0  0 -2  0  0  0 -1 -2 -3  0 -2 -3 -1  4  2 -3 -1 -2    7   0   0   3   0   2   2   2   0   2   0   2   0   0   0  67  10   0   2   0  0.40 inf
   65 L   -2 -3 -4 -4 -2 -3 -4 -4 -3  1  5 -3  2  0 -4 -3 -2 -2 -2  0    0   0   0   0   0   0   0   0   0   0  97   0   3   0   0   0   0   0   0   0  0.66 inf
   66 G    0 -3 -1 -2 -3 -2 -3  6 -3 -5 -4 -2 -3 -4 -3 -1 -2 -3 -4 -4    0   0   0   0   0   0   0 100   0   0   0   0   0   0   0   0   0   0   0   0  1.31 inf
   67 M   -1 -2 -2 -3 -2  0 -2 -3 -2  1  1 -2  7 -1 -3 -1  1 -2 -2  0    0   0   0   0   0   2   0   0   0   2   0   0  80   0   0   2  13   0   0   2  0.63 inf
   68 R   -1  4  1  0 -2  1  0 -2  2 -3 -3  3 -2 -3  0 -1  0 -3 -2 -3    0  40   6   3   1   1   0   0   8   0   0  33   0   0   3   0   5   0   0   0  0.46 inf
   69 L   -2 -3 -4 -4 -2 -3 -3 -4 -3  2  4 -3  2  0 -3 -3 -1 -2 -2  1    0   0   0   0   0   0   0   0   0  13  79   0   0   0   0   0   0   0   0   8  0.54 inf
   70 E   -1 -1  0  4 -4  1  5 -2 -1 -4 -4  0 -3 -4 -2 -1 -1 -4 -3 -3    1   0   2  23   0   0  71   0   0   0   0   2   0   0   0   0   1   0   0   0  0.79 inf
   71 N   -2 -1  6  1 -3 -1 -1  0  1 -4 -3  0 -3 -4 -1  0 -1 -4 -3 -3    0   1  82   0   0   0   0   5   2   0   3   2   0   0   2   3   0   0   0   0  0.80 inf
   72 W   -4 -4 -5 -6 -3 -3 -4 -4 -3 -4 -3 -4 -2  0 -5 -4 -4 12  1 -4    0   0   0   0   0   0   0   0   0   0   0   0   0   0   0   0   0 100   0   0  3.11 inf

                      K         Lambda
Standard Ungapped    0.1369     0.3173
Standard Gapped      0.0503     0.2670
PSI Ungapped         0.1641     0.3144
PSI Gapped           0.0503     0.2670
