
Last position-specific scoring matrix computed, weighted observed percentages rounded down, information per position, and relative weight of gapless real matches to pseudocounts
           A  R  N  D  C  Q  E  G  H  I  L  K  M  F  P  S  T  W  Y  V   A   R   N   D   C   Q   E   G   H   I   L   K   M   F   P   S   T   W   Y   V
    1 T   -1 -2 -1 -2 -2 -1 -2 -2 -2 -2 -3 -2 -2 -3 -2  3  6 -4 -3 -1    0   0   0   0   0   0   0   0   0   0   0   0   0   0   0  33  67   0   0   0  0.80 inf
    2 I    1 -2 -3 -3 -2 -2 -1 -3 -3  3  0  1  1 -2  0 -1  0 -4 -2  2   13   0   0   0   0   0   3   0   0  29   5  12   3   0   4   2   7   0   0  22  0.23 inf
    3 K   -1  2  1 -1 -4  3  2 -3 -1 -2 -3  2 -2 -1  1  0 -1 -4 -3 -3    2  13   9   0   0  18  18   0   0   2   1  16   0   3   8   6   3   0   0   1  0.37 inf
    4 D   -2 -1  1  5 -5  2  1 -3  2 -5 -5  3 -4 -5 -3  0 -1 -5 -3 -4    2   0   5  43   0  12   7   0   5   0   0  20   0   0   0   4   2   0   0   0  0.76 inf
    5 K    1  2 -1 -2 -3 -1 -1 -1  0  0 -2  2 -2 -1  3  0  1 -4 -2 -1   15  15   2   0   0   0   1   3   2   8   0  13   0   3  16   8  11   0   0   4  0.24 inf
    6 V    1 -3  0 -3 -1 -3 -3 -3 -4  1 -1 -2  1 -1 -1  0  1 -4 -3  5   13   0   6   0   1   0   0   0   0   5   0   2   3   2   2   6   9   0   0  52  0.45 inf
    7 R   -1  4 -1  0 -4  3  2  1  0 -4 -3  2 -3 -4 -3  1 -1 -4 -3 -4    2  25   1   3   0  13  15  10   1   0   1  14   0   0   0  13   3   0   0   0  0.44 inf
    8 A    1 -1  1  2 -3  0  1  1 -2 -2 -2  2 -2 -4  0  1  0 -4 -3 -1   14   1   5  16   0   4   8  12   0   1   2  15   1   0   5   8   5   0   0   4  0.21 inf
    9 M   -3 -4 -5 -5 -3 -4 -5 -5 -5  3  2 -4  4  3 -5 -4 -2 -4 -2  4    0   0   0   0   0   0   0   0   0  20  16   0  14  12   0   0   0   0   0  38  0.80 inf
   10 R    0  4  0 -1 -4  1  2 -3  0 -2 -2  0 -2  3 -3 -1 -1 -3 -1 -2    8  29   5   3   0   4  16   0   2   1   3   2   0  19   0   3   4   0   0   1  0.37 inf
   11 E    1 -1  2  2 -3  1  3 -1 -1 -3 -3  1  0 -2 -2  1  0 -4 -3 -2   16   1  10  11   0   5  22   2   1   0   0   8   4   2   0  12   4   0   0   2  0.30 inf
   12 L   -2  0 -4 -4 -1 -1 -1 -5  0  1  4 -3  1  1 -4 -3 -2 -3 -2  1    1   6   0   0   1   3   4   0   2   5  56   0   3   7   0   1   0   0   0  11  0.52 inf
   13 L   -3 -4 -5 -6 -3 -4 -5 -6 -5  3  5 -5  1  1 -5 -4 -3 -4 -3  2    0   0   0   0   0   0   0   0   0  20  64   0   1   6   0   0   0   0   0  10  0.97 inf
   14 L   -1 -1  3  2 -3 -1  1 -3 -1  0  1  0 -1 -3 -3  0  1 -4 -2 -1    2   1  20  13   0   2  10   0   1   8  17   6   0   0   0   7  11   0   1   1  0.22 inf
   15 S   -1 -1  0  0 -3  1  1 -1  3 -4 -4  1 -3 -4 -1  5  0 -5 -3 -3    2   1   3   4   0   5   6   3   7   0   1   7   0   0   2  56   3   0   0   1  0.64 inf
   16 D    0 -2  0  4 -4  2  3 -1  1 -4 -4  1 -3 -4  1 -1 -1 -5 -3 -2    7   0   2  33   0   9  20   5   4   0   0   7   0   0   6   1   2   0   0   4  0.52 inf
   17 E    1 -1 -2  2 -4  1  4 -1  0 -2 -2  0 -3 -4 -3  0 -1 -4 -3  0   12   1   0  13   0   5  38   4   2   1   4   3   0   0   0   5   3   0   0   8  0.41 inf
   18 Y   -4 -4 -5 -5 -4 -4 -5 -5 -3  0  3 -5 -1  6 -5 -4 -4 -1  4 -1    0   0   0   0   0   0   0   0   0   3  32   0   0  43   0   0   0   0  17   3  1.13 inf
   19 A    3  2  0 -1 -3  2  0 -2 -2 -1 -2  1  0 -3 -1  1 -1 -4 -3 -1   33  11   3   2   0  12   4   0   0   4   2  10   2   0   2   9   3   0   0   3  0.27 inf
   20 E    1 -1  1  0 -3  2  3 -1  0 -2 -2  0  0 -3 -2  1  1 -4 -3 -2   14   1   6   1   0  13  26   4   2   1   3   5   3   0   0  10  10   0   0   1  0.28 inf
   21 Q   -1 -1 -2 -2  2  4  3 -4 -2 -1 -1  1 -2  0  0 -2 -1 -3  1 -2    4   0   0   0   4  28  27   0   0   4   6  10   0   4   4   0   2   0   5   2  0.43 inf
   22 K   -1  0  2  0  0  0  0  0 -1 -3 -3  3 -1  0  1  1  2 -4 -2 -3    3   2  10   4   2   2   5   7   1   0   0  27   2   5   6   8  16   0   0   0  0.25 inf
   23 R   -2  1  1 -2 -4 -1 -2  1 -3 -3 -2  5 -3 -4 -3  1  0 -5 -4  0    0   5   6   0   0   0   0  13   0   0   2  48   0   0   0  11   6   0   0   8  0.54 inf
   24 A    3  0  0  1 -2 -1 -1 -1 -1  0 -2 -1  1 -3 -2  1 -1 -4 -3  0   44   6   5  10   0   1   0   3   1   4   0   2   7   0   0   8   1   0   0   8  0.26 inf
   25 V    0 -4 -4 -4 -2 -3 -4 -4 -4  3 -1 -4 -1 -2 -4 -1  1 -4 -3  5    5   0   0   0   0   0   0   0   0  15   0   0   0   0   0   5   9   0   0  67  0.77 inf
   26 N   -1 -2  3  3 -3 -1  2  2 -2 -2 -3 -1 -2 -4 -3 -1 -1 -4 -3  0    3   1  20  20   0   1  15  21   0   1   0   2   1   0   0   1   3   0   0  11  0.37 inf
   27 R   -3  7 -2 -3 -5  1 -2 -4 -2 -5 -2  3 -3 -5 -4 -3 -3 -5 -4 -4    0  79   0   0   0   4   0   0   0   0   3  14   0   0   0   0   0   0   0   0  1.45 inf
   28 F   -4 -5 -5 -6 -5 -5 -5 -5 -3 -2 -2 -5 -2  8 -6 -5 -4  3  4 -3    0   0   0   0   0   0   0   0   0   0   0   0   0  86   0   0   0   4  10   0  1.96 inf
   29 M   -3 -3 -4 -5 -3 -3 -4 -5 -4  2  4 -1  6 -1 -4 -3 -1 -3 -3 -1    0   0   0   0   0   0   0   0   0   8  55   5  29   0   0   0   4   0   0   0  0.86 inf
   30 L    0 -1  0 -3 -3  0 -2 -1 -2 -1  2 -1  3  3 -3 -1 -1  2  2 -1    9   2   5   0   0   4   0   4   0   0  22   5  15  17   0   4   3   2   9   0  0.21 inf
   31 L    0 -4 -4 -4 -2 -3 -4 -4 -4  4  2 -3  3 -1 -4 -3  0 -3 -2  3    6   0   0   0   0   0   0   0   0  41  22   0   7   0   0   0   5   0   0  18  0.53 inf
   32 L   -3 -4 -5 -5 -3 -3 -4 -5 -4  0  5 -4  5 -1 -5 -4 -3 -3 -3 -1    0   0   0   0   0   0   0   0   0   0  83   0  17   0   0   0   0   0   0   0  1.13 inf
   33 S    1  0 -1  1 -2 -1  1  1 -2 -3 -3  0 -2 -4 -2  3  3 -4 -3 -2   11   6   0   6   0   0  10   8   0   0   0   5   0   0   0  29  26   0   0   0  0.36 inf
   34 T    1 -2 -2 -2  1 -1 -1 -1 -3  2  0 -1  1 -2 -2  0  2  2 -2  1   14   0   0   0   4   3   4   3   0  21   3   3   3   0   0   6  22   3   0  11  0.16 inf
   35 L   -2 -4 -5 -6 -3 -4 -5 -5 -5  1  6 -4  2  0 -5 -4 -3 -4 -3  0    3   0   0   0   0   0   0   0   0   3  84   0   5   3   0   0   0   0   0   3  1.09 inf
   36 Y   -1 -4 -3 -5 -5 -3 -2 -5  6 -4 -4 -4 -4  0 -5 -3 -4  0  8 -4    6   0   1   0   0   0   2   0  23   0   0   0   0   0   0   1   0   1  67   0  1.78 inf
   37 S   -1  5  0 -1 -4  2  0 -2  1 -3 -3  2 -2 -3 -3  1  0 -3  0 -3    4  37   2   1   0   8   4   1   3   2   1  12   0   0   0  13   7   0   5   0  0.46 inf
   38 L    1 -2 -2 -1 -1  0  0 -3 -1  1  2 -1  0 -2 -3  0  1 -3 -1  0   14   1   0   3   1   5   6   0   2  12  30   3   1   0   0   4  14   0   1   4  0.14 inf
   39 D   -1 -2  4  5 -5 -1 -1 -3  6 -5 -5 -1 -4 -4 -3  1 -2 -5 -1 -5    4   0  24  32   0   1   1   0  27   0   0   1   0   0   0   9   1   0   1   0  0.94 inf
   40 A    0 -1  0 -2 -4  1 -2  0 -1 -3 -4  1 -3 -5  6  1 -1 -5 -4 -3    9   2   4   1   0   7   1   9   1   1   0  11   0   0  44   9   1   0   0   0  0.85 inf
   41 Q    1 -1  0  2 -3  2  3 -1  0 -3 -3  2 -2 -4  0  1 -1 -4 -3 -2   14   0   4  10   0  11  26   2   2   0   0  13   0   0   4  10   2   0   0   2  0.36 inf
   42 A    2  0 -1  2 -3  2  1  2 -2 -3 -3 -1 -2 -4 -2  1  0 -4 -3 -2   22   5   1  11   0  15   8  19   0   1   0   1   0   0   0  12   5   0   0   1  0.33 inf
   43 F   -5 -5 -5 -6 -5 -6 -6 -6 -4 -3 -2 -5 -2  9 -6 -5 -5 -1  1 -3    0   0   0   0   0   0   0   0   0   0   0   0   0  98   0   0   0   0   0   0  2.38 inf
   44 A    3 -2  0  1 -2 -1  0  1 -1 -2 -3 -1 -2 -1 -2  2  1 -4 -3 -1   36   1   2   7   0   1   5  11   1   1   0   1   0   3   0  22   6   0   0   4  0.32 inf
   45 E    0  1  0  1 -1  4  3 -2  1 -3 -2  2 -2 -4 -2  0 -1 -4 -3 -2    7   4   4   5   1  23  23   1   4   1   3  11   0   0   0   7   1   0   0   3  0.36 inf
   46 A    5 -3 -3 -4 -2 -1 -3 -2 -4  0 -2 -3 -2 -1 -3  0 -1 -4 -3  3   62   0   0   0   0   2   0   1   0   4   0   0   0   3   0   2   2   0   0  23  0.70 inf
   47 T    1 -3 -3 -3  0 -3 -3 -3 -4  1  2 -3  0 -3 -3 -1  5 -4 -3  0   13   0   0   0   1   0   0   0   0   6  22   0   1   0   0   1  49   0   0   5  0.56 inf
   48 E   -1  0 -1  2 -4  3  5 -3 -1 -3  0  1 -2 -3 -2 -1 -1 -3 -3 -3    4   4   1  12   0  13  44   1   0   1  10   6   0   0   1   1   2   0   0   1  0.53 inf
   49 S    1 -1  1  0 -1  0  0 -1 -1 -1 -1  0  0 -2 -1  3  1 -2 -2  0   12   1   5   4   1   5   3   3   1   2   3   5   3   1   1  31  11   0   1   8  0.17 inf
   50 L   -1 -3 -4 -4 -2 -3 -3 -4 -4  4  3 -3  2 -1 -3 -1  0 -3 -2  3    3   0   0   0   0   0   0   0   0  30  33   0   5   1   0   5   4   0   0  19  0.44 inf
   51 H   -2  2 -1 -2 -4  4  0 -3  5 -3 -3  4 -2 -4 -3  0  0 -4 -2 -3    0   7   0   0   0  22   3   0  18   1   2  37   0   0   0   4   7   0   0   0  0.61 inf
   52 G   -1 -4 -2 -3 -4 -3 -4  7 -3 -5 -5 -3 -4 -4 -3 -2 -3 -4 -4 -4    0   0   0   0   0   0   0  95   0   0   0   0   0   0   0   0   0   0   0   0  1.69 inf
   53 R   -2  7  0 -2 -4  0 -1 -3 -2 -4 -3  1 -3 -4 -3 -1  0 -4 -3 -3    1  75   4   0   0   0   1   1   0   0   1   5   0   0   0   4   6   0   0   1  1.07 inf
   54 T   -1 -1  1  2 -3 -1  1  0 -2 -3 -3  2 -2 -3 -2  1  4 -4 -3 -2    0   0   8  14   0   0  12   5   0   0   0  15   0   0   0   7  35   0   0   0  0.38 inf
   55 R   -3  8 -2 -4 -6 -1 -2 -4 -2 -5 -4  0 -3 -5 -4 -3 -3 -5 -4 -5    0 100   0   0   0   0   0   0   0   0   0   0   0   0   0   0   0   0   0   0  1.92 inf
   56 V   -1  0 -2  0 -2 -1 -2 -4 -3  2  1 -1  0 -2 -3 -2  2 -4 -2  3    2   6   0   6   0   1   2   0   0  10  14   4   1   0   0   0  16   0   0  39  0.25 inf
   57 Y   -4 -4 -4 -5 -5 -4 -4 -5  0 -4 -3 -4 -3  1 -5 -4 -4  0  9 -3    0   0   0   0   0   0   0   0   0   0   0   0   0   0   0   0   0   0 100   0  2.43 inf
   58 F   -4 -5 -5 -6 -4 -5 -5 -5 -3 -2  1 -5 -2  8 -6 -4 -4 -1  2 -3    0   0   0   0   0   0   0   0   0   0   9   0   0  89   0   0   0   0   2   0  1.77 inf
   59 A    5 -3 -2 -3 -2 -2 -2  2 -3 -3 -3 -2 -3 -4 -2  2 -1 -4 -3 -2   68   0   0   0   0   0   0  18   0   0   0   0   0   0   0  14   0   0   0   0  0.80 inf
   60 A    0  2  0  1 -3  3  0  2 -1 -3 -1  1 -2 -3 -2  0  2 -3 -3 -2    5  17   3   8   0  17   2  15   1   0   5   7   0   0   0   2  16   0   0   1  0.25 inf
   61 D   -2 -2  3  5 -4 -1  0 -2  1 -4 -4 -2 -4 -4 -3  3  0 -5 -3 -4    0   0  18  38   0   0   4   0   3   0   0   0   0   0   0  36   2   0   0   0  0.77 inf
   62 E   -1  1 -2 -1 -4  2  4 -3 -2 -3 -1  3 -2 -4  0 -1 -2 -4 -3 -2    4   6   0   0   0   6  44   1   0   0   6  25   0   0   5   1   0   0   0   2  0.54 inf
   63 Q    1 -1  1  1 -4  4  4 -1  0 -4 -4  0 -3 -4 -2  0 -2 -4 -3 -3   17   2   7   8   0  24  34   3   2   0   0   1   0   0   0   3   0   0   0   0  0.53 inf
   64 T    2 -2 -1 -1 -2 -1  2 -2 -2 -2 -2 -1  0 -2 -2  1  4 -4 -3 -1   22   0   0   1   0   1  19   0   0   0   2   2   2   2   0   7  41   0   0   2  0.42 inf
   65 L   -3 -4 -5 -5 -3 -4 -5 -6 -5  3  5 -4  3 -1 -5 -4 -3 -4 -3  0    0   0   0   0   0   0   0   0   0  16  76   0   8   0   0   0   0   0   0   0  1.06 inf
   66 L   -1 -1 -2 -4  1 -3 -1 -4 -4  1  5 -3  2 -1 -4 -2 -2 -3 -3  0    3   4   3   0   4   0   5   0   0   3  68   0   3   0   0   3   0   0   0   4  0.59 inf
   67 K    1  2  0  0 -3  2  2 -2  1 -2 -1  1  1 -3 -2  0  0 -4 -2 -1   15  11   4   4   0   8  15   0   4   0   7  11   6   0   0   6   4   0   0   4  0.18 inf
   68 N    2 -3  3 -2  4 -2 -2  0  4 -4 -4 -2 -3 -4 -3  3  1 -4 -3 -3   19   0  14   0  11   0   0   7  14   0   0   0   0   0   0  26   8   0   0   0  0.56 inf
   69 G   -1 -3 -1  0  3 -3 -3  6 -3 -5 -5 -2 -4 -4 -3  2 -2 -4 -4 -4    0   0   0   6   7   0   0  67   0   0   0   0   0   0   0  20   0   0   0   0  1.00 inf
   70 N    0  2  4 -1 -3  1 -1 -2  0 -2 -3  2 -2 -4  0  2  1 -4 -3 -3    5  14  29   0   0   5   0   0   2   2   0  12   0   0   3  22   6   0   0   0  0.39 inf
   71 Q   -1 -1 -1 -2 -3  3  0  0  5 -3 -3 -1 -2 -3 -2  3  2 -3  1 -2    0   0   0   0   0  17   3   6  22   0   0   0   0   0   0  32  12   0   5   3  0.44 inf
   72 T    1 -2  2 -2 -2 -2 -2 -2 -2 -1 -2 -2  1 -3 -1  1  4 -4 -3  1   12   0  12   0   0   0   0   0   0   0   0   0   6   0   2  10  47   0   0  10  0.44 inf
   73 K   -2  0  4 -1 -4  3 -1 -3 -1 -4 -4  5 -3 -5 -3 -1 -2 -5 -3 -4    0   0  30   0   0  14   0   0   0   0   0  56   0   0   0   0   0   0   0   0  0.89 inf
   74 P    2 -4 -4 -3 -4 -3 -3 -3 -4 -4 -5 -3 -4 -5  8 -2 -3 -6 -5 -4   18   0   0   0   0   0   0   0   0   0   0   0   0   0  82   0   0   0   0   0  2.14 inf
   75 K   -2  4 -2 -2 -5  1 -1 -3 -2 -5 -4  6 -3 -5 -3 -2 -2 -5 -3 -4    0  24   0   0   0   4   0   0   0   0   0  72   0   0   0   0   0   0   0   0  1.18 inf
   76 H    0 -1  2 -1 -4  5  2 -3  5 -4 -3  0 -2 -4  0 -1 -2 -4 -2 -3   11   0  11   0   0  34  15   0  19   0   1   3   0   0   4   1   0   0   0   0  0.60 inf
   77 V   -3 -5 -5 -5 -3 -4 -5 -5 -5  7  0 -4  0 -2 -4 -4 -2 -4 -3  3    0   0   0   0   0   0   0   0   0  82   0   0   0   0   0   0   0   0   0  18  1.20 inf
   78 P   -1 -3 -3  0 -4 -2 -1  1 -3 -4 -4 -2 -2 -5  7 -1 -1 -5 -4 -3    3   0   0   5   0   1   3  14   0   0   1   0   1   0  67   1   2   0   0   1  1.49 inf
   79 G   -1 -1  2  4 -4  0  1  4  1 -4 -4 -1 -3 -4 -3  0 -1 -4 -3 -4    2   1  12  26   0   4   7  33   5   0   0   2   0   0   0   6   2   0   0   0  0.54 inf
   80 T   -1 -3 -1 -2 -2 -2 -2 -3 -3 -3 -3 -2 -3 -4 -3  4  6 -4 -3 -2    0   0   0   0   0   0   0   0   0   0   0   0   0   0   0  44  56   0   0   0  1.00 inf
   81 P   -2 -3 -2 -1  2 -2  0  1 -3 -4 -4 -1 -4 -5  7 -2 -1 -5 -4 -3    1   0   1   2   5   1   5  12   0   0   0   4   0   0  63   1   3   0   0   1  1.35 inf
   82 Y   -4 -4 -4 -5 -4 -4 -4 -5 -1 -2 -2 -4 -2  7 -5 -4 -4  1  7 -3    0   0   0   0   0   0   0   0   0   0   1   0   0  50   0   0   0   1  49   0  1.62 inf
   83 W   -5 -5 -7 -7 -5 -5 -6 -5 -5 -5 -4 -6 -4 -2 -6 -6 -5 13  0 -6    0   0   0   0   0   0   0   0   0   0   0   0   0   0   0   0   0 100   0   0  4.15 inf
   84 V    0 -4 -5 -5 -2 -4 -4 -4 -5  1 -1 -4 -1 -3 -4 -3 -2 -5 -3  6    9   0   0   0   0   0   0   0   0   0   0   0   0   0   0   0   0   0   0  91  1.14 inf
   85 I   -2 -4 -4 -4 -3 -3 -4 -5 -4  6  0 -4  4 -2 -4 -2  1 -4 -3  2    1   0   0   0   0   0   0   0   0  64   0   0  13   0   0   2  10   0   0  11  0.78 inf
   86 T   -1 -3 -2 -3 -3 -2 -3 -3 -4 -2 -3 -3  3 -4 -3  0  7 -4 -3 -2    2   0   0   0   0   0   0   0   0   0   0   0   9   0   0   2  88   0   0   0  1.29 inf
   87 N   -4 -2  8 -1 -5 -2 -2 -2 -1 -5 -6 -2 -4 -5 -4 -1 -2 -6 -4 -5    0   0 100   0   0   0   0   0   0   0   0   0   0   0   0   0   0   0   0   0  2.00 inf
   88 T   -1 -2  5 -1 -3 -2 -2 -2 -2  0 -3 -2 -2 -4 -3  2  4 -4 -3 -2    3   0  38   0   0   0   0   0   0   9   0   0   0   0   0  15  35   0   0   0  0.66 inf
   89 N   -3 -2  8  2 -5 -2 -2 -2 -1 -5 -5 -2 -4 -5  0 -1 -2 -6 -4 -5    0   0  85   9   0   0   0   0   0   0   0   0   0   0   4   2   0   0   0   0  1.55 inf
   90 T   -2 -3  0 -3 -3 -2 -3 -3 -3 -3 -3 -2 -3 -4 -3  1  7 -4 -4 -2    0   0   4   0   0   0   0   0   0   0   0   0   0   0   0   8  88   0   0   0  1.30 inf
   91 G    2 -1  1  0 -2 -1  0  3 -1 -3 -3 -1 -2 -3  0  1  1 -4 -3 -2   28   4   5   5   0   1   5  23   1   0   0   0   0   0   4  11  12   0   0   1  0.31 inf
   92 R   -3  6 -2 -3 -5  1 -1 -4 -2 -4 -4  3 -3 -4 -3 -2  1 -4 -3 -4    0  65   0   0   0   4   0   0   0   0   0  22   0   0   0   0   9   0   0   0  1.11 inf
   93 K   -3  0 -2 -3 -5  0 -1 -4 -3 -5 -5  7 -3 -5 -3 -2 -3 -5 -4 -4    0   0   0   0   0   0   0   0   0   0   0 100   0   0   0   0   0   0   0   0  1.61 inf
   94 C   -1  5 -2 -3  3  2 -1  0 -2 -2 -2  3  1 -4 -3 -2 -2 -4 -3 -2    3  48   0   0   7   8   0   8   0   2   1  16   5   0   0   0   1   0   0   1  0.60 inf
   95 S    0  2  2 -2 -2  2 -1 -2  0  0  0 -1  2 -2 -2  2  1 -3 -2 -1    7  12  10   0   0  11   0   0   1   5  12   0  10   0   0  22   9   0   0   0  0.18 inf
   96 M   -3 -4 -4 -5 -3 -3 -4 -5 -4  4  1 -4  8  2 -5 -4 -3 -3 -2  0    0   0   0   0   0   0   0   0   0  26   3   0  63   9   0   0   0   0   0   0  1.23 inf
   97 I   -2 -4 -5 -5 -2 -4 -4 -5 -4  3  4 -4  1 -1 -4 -3 -2 -3 -2  3    0   0   0   0   0   0   0   0   0  18  56   0   0   0   0   0   1   0   0  25  0.70 inf
   98 E    0  0 -1  0 -1  1  4 -3  2 -3 -3  1 -2 -4 -2  0  2 -4 -2 -2    9   4   0   4   2   3  38   0   6   0   0  11   0   0   0   4  19   0   0   2  0.41 inf
   99 H   -1  2  0  0 -4  4  3  0  4 -4 -3  0 -2 -3 -3  0 -2 -3 -1 -3    5  10   3   1   0  22  28   7  15   0   1   2   0   0   0   3   0   0   1   0  0.48 inf
  100 I    1 -3 -4 -4 -2 -3 -3 -4 -4  3  2 -3  2 -1 -3 -2  0 -4 -2  4   12   0   0   0   0   0   0   0   0  21  17   0   5   0   0   0   3   0   0  43  0.48 inf
  101 M    1 -3 -4 -5 -3 -2 -4 -4 -4 -1  3 -3  8 -2 -4 -2 -2 -3 -3 -1   17   0   0   0   0   0   0   0   0   0  22   0  60   0   0   2   0   0   0   0  1.04 inf
  102 Q    0  0 -1 -1 -3  3  2 -2  0  0  1  0  0 -2 -2  0  0 -3 -2  1    7   3   1   1   0  24  15   1   2   6  18   1   1   0   0   3   6   0   0  11  0.17 inf
  103 S    1  1 -1  0  0  2  1 -1  0 -1 -2  1 -1  0 -2  2  0 -2  0 -1   14   6   1   3   2  11   6   2   2   2   1   7   0   6   0  24   2   0   4   5  0.13 inf
  104 M   -3 -3 -4 -5 -3 -3 -4 -5 -3  1  3 -3  8  1 -4 -3 -2 -3  0  1    0   0   0   0   0   0   0   0   0   4  22   0  56   6   0   0   0   0   2  10  0.96 inf
  105 Q   -1 -2  1 -1 -4  3  0  5  1 -5 -4  0 -3 -4 -3 -1 -2 -4 -2 -4    0   0   6   1   0  20   5  57   4   0   1   4   0   0   0   1   0   0   1   0  0.81 inf
  106 F   -3 -4 -4 -5  3 -3 -4 -4 -1 -1  1 -4  2  5 -4 -3 -1  0  6 -1    0   0   0   0   7   0   0   0   0   1  12   0   6  34   0   0   5   0  34   3  0.83 inf
  107 P   -1  0  0  1 -3  1 -1 -2 -2 -3 -4 -1 -3 -4  6  1  1 -5 -4 -2    1   4   4  10   0   8   0   2   0   0   0   0   0   0  45  15   7   0   0   3  0.86 inf
  108 A    2 -1  0  0 -3  0  3 -2  1 -3 -2  2 -2 -4  1  1  0 -4 -3 -2   29   0   2   3   0   2  24   1   4   0   2  13   0   0   7   8   3   0   0   1  0.32 inf
  109 E    1 -1  1  3 -3  1  3 -2  3 -3 -4  0 -3 -3 -1  1 -1 -4 -1 -3   14   0   6  19   0   4  28   1  11   0   0   2   0   1   1   7   3   0   2   1  0.40 inf
  110 L   -1 -2 -2  0 -3  1  0 -4 -3  2  3 -2  0 -1 -3 -2 -1 -3 -2  1    6   1   1   8   0  10   6   0   0  12  46   1   0   0   0   0   1   0   0   8  0.28 inf
  111 I    2 -3 -3 -4 -2 -1 -3 -3 -4  5 -1 -3 -1 -2 -3 -1  1 -4 -3  2   20   1   0   0   0   4   0   1   0  49   0   0   0   0   0   1  10   0   0  14  0.49 inf
  112 E    0 -2 -1  3 -5  1  6 -3 -2 -5 -4  0 -3 -5 -3 -1 -2 -5 -2 -4    8   0   2  13   0   5  64   0   0   0   0   4   0   0   0   1   1   0   1   0  0.94 inf
  113 K   -1  3 -1 -1 -4  1  1 -2 -2 -2 -1  4 -2  0 -3 -1  0 -4 -2 -3    5  22   0   2   0   6   6   3   0   1   6  39   0   5   0   2   5   0   0   0  0.41 inf
  114 V   -1 -4 -5 -5 -2 -4 -4 -5 -5  4  1 -4  0 -1 -4 -3 -2 -4 -3  5    5   0   0   0   0   0   0   0   0  34   8   0   0   1   0   0   0   0   0  52  0.79 inf
  115 C    1 -1 -3 -3  8  0 -3 -3 -3  0 -2 -1 -2 -3 -3  0  2 -4 -3  0   11   3   0   0  50   4   0   1   0   5   0   3   0   0   0   6  14   0   0   4  0.86 inf
  116 G    0 -1  2  0 -3  1  2  4  1 -4 -3 -1 -3 -4 -3  0 -2 -4 -3 -3    8   2  15   3   0   5  16  44   3   0   2   0   0   0   0   3   0   0   0   0  0.52 inf
  117 T    2  1  0 -1 -2  0  0 -2  0 -2 -2  1 -2 -3 -2  2  3 -3 -2 -1   19   9   3   0   0   2   6   0   3   0   0   8   0   0   0  12  34   0   0   2  0.29 inf
  118 I   -2 -4 -5 -5 -2 -4 -4 -5 -5  6  1 -4  0 -1 -4 -4 -2 -4 -2  3    0   0   0   0   0   0   0   0   0  73   9   0   0   0   0   0   0   0   0  17  0.88 inf

                      K         Lambda
Standard Ungapped    0.1306     0.3188
Standard Gapped      0.0497     0.2670
PSI Ungapped         0.1620     0.3125
PSI Gapped           0.0497     0.2670
