
Last position-specific scoring matrix computed, weighted observed percentages rounded down, information per position, and relative weight of gapless real matches to pseudocounts
           A  R  N  D  C  Q  E  G  H  I  L  K  M  F  P  S  T  W  Y  V   A   R   N   D   C   Q   E   G   H   I   L   K   M   F   P   S   T   W   Y   V
    1 M   -1 -2 -3 -4 -2 -1 -3 -3 -2  1  3 -2  6  0 -3 -2 -1 -2 -1  1    0   0   0   0   0   0   0   0   0   0  20   0  80   0   0   0   0   0   0   0  0.48 inf
    2 E    0  0 -1  1 -3  1  5 -2 -1 -3 -3  3 -2 -4 -1  0 -1 -3 -2 -3   11   0   0   0   0   0  63   0   0   0   0  26   0   0   0   0   0   0   0   0  0.58 inf
    3 L    0 -3 -3 -4 -1 -3 -3 -3 -3  3  2 -3  2 -1 -3 -2 -1 -3 -2  3    8   0   0   0   0   0   0   0   0  29  29   0   5   0   0   0   0   0   0  28  0.35 inf
    4 K   -3  5 -2 -3 -5  2  0 -4 -2 -4 -4  5 -1 -5 -3 -2 -1 -5 -4 -4    0  33   0   0   0   6   5   0   0   0   0  52   2   0   0   0   2   0   0   0  1.02 inf
    5 R   -1  6 -2 -3  0 -1 -2 -4 -2 -5 -4  4 -3 -5  1 -1 -1 -5 -4 -4    4  55   1   0   2   0   0   0   0   0   0  26   0   0   7   2   2   0   0   0  1.04 inf
    6 K    0  4 -2 -3 -5  0 -1 -2 -1 -4 -4  6 -3 -4  0 -2 -3 -4 -1 -4    8  20   0   0   0   2   2   2   1   0   0  57   0   0   5   0   0   0   2   0  0.93 inf
    7 T   -1  0  1 -2 -3 -2 -1 -2 -1  0 -2  0 -2 -3  3  2  3 -4 -3  1    2   5   8   0   0   0   3   2   1   5   1   5   0   0  14  16  27   0   0  12  0.32 inf
    8 T    0 -1 -1 -1 -2  0 -1 -1 -1  1  1 -1  0 -2 -1  1  2 -3 -2  2    9   3   1   3   0   4   2   5   2   7  12   2   3   0   2   8  22   0   0  16  0.12 inf
    9 N    0 -1  3 -1 -3  0 -1 -2  1 -2 -2  0 -2 -3  1  2  3 -4 -3 -2    7   2  17   1   0   2   2   1   3   2   3   4   1   0   8  21  25   0   0   1  0.36 inf
   10 A    1  1 -1 -2 -1  0 -1 -1  1  0 -1  1  1 -2 -1  0  0 -3 -1  2   16   9   2   0   1   1   3   4   5   3   5  14   4   0   2   6   5   0   1  19  0.09 inf
   11 D   -1 -1  0  6 -5  1  1 -2 -2 -3 -4 -1 -4 -3 -3 -1 -2 -4  2 -3    4   2   2  53   0   8   9   1   0   1   1   3   0   0   0   4   1   0  10   2  0.79 inf
   12 R   -3  6 -3 -4  1  5 -1 -5 -2 -5 -4  0 -1 -1 -4 -3 -3 -4  2 -4    1  53   0   0   3  28   2   0   0   0   0   2   1   2   0   0   0   0   7   0  1.18 inf
   13 R   -4  8 -4 -5 -7 -1 -3 -5 -3 -6 -3  1 -4 -6 -5 -4 -4 -6 -5 -6    0  88   0   0   0   2   0   0   0   0   3   7   0   0   0   0   0   0   0   0  2.11 inf
   14 K   -2  4 -2 -2 -4  2 -1 -3  1 -1 -2  5 -1 -3 -2 -1 -2 -4 -2 -1    2  20   0   1   0   9   1   1   3   3   5  43   1   0   1   3   1   0   1   4  0.60 inf
   15 A    5 -1 -2 -3 -2  0 -1 -2 -3 -3 -3 -1  0 -4 -3  1  1 -5 -4 -2   64   3   1   0   1   4   2   1   0   1   0   3   2   0   0   6  10   0   0   2  0.76 inf
   16 A    7 -4 -4 -4 -3 -4 -4 -3 -4 -4 -4 -3 -4 -5 -4  0 -2 -5 -5 -3   94   0   0   0   0   0   0   0   0   0   0   0   0   0   0   5   2   0   0   0  1.64 inf
   17 T   -3 -3  7 -2  3 -3 -3 -4 -3 -5 -5 -2 -4 -5 -4 -1  5 -6 -5 -4    0   0  52   0   6   0   0   0   0   0   0   1   0   0   0   2  38   0   0   0  1.43 inf
   18 M    2 -3 -3  0 -1 -2 -2 -4 -4  1  2 -2  5 -2 -4 -2 -2 -4 -2  2   18   0   1   7   1   1   1   0   0   8  19   2  23   1   0   1   0   0   1  17  0.40 inf
   19 R   -5  8 -4 -5 -7 -2 -3 -6 -4 -6 -6 -1 -5 -6 -6 -4 -4 -6 -5 -6    0 100   0   0   0   0   0   0   0   0   0   0   0   0   0   0   0   0   0   0  2.57 inf
   20 E   -4 -3 -3  0 -7 -1  8 -5 -3 -7 -6 -2 -5 -7 -4 -3 -4 -6 -5 -6    0   0   0   4   0   0  96   0   0   0   0   0   0   0   0   0   0   0   0   0  2.20 inf
   21 R   -5  8 -4 -5 -7 -2 -3 -6 -4 -6 -6  1 -5 -6 -1 -4 -4 -6 -5 -6    0  93   0   0   0   0   0   0   0   0   0   4   0   0   3   0   0   0   0   0  2.34 inf
   22 R   -2  6 -1 -2 -5  1 -2 -3 -3 -5 -5  3 -4 -2 -4 -1  1 -5 -4 -4    2  55   2   2   0   6   0   1   0   0   0  16   0   2   0   4  10   0   0   0  1.04 inf
   23 R   -5  8 -4 -5 -7 -3 -4 -3 -4 -7 -6 -1 -5 -7 -6 -3 -5 -6 -5 -6    0  96   0   0   0   0   0   2   0   0   0   0   0   0   0   2   0   0   0   0  2.54 inf
   24 L   -4 -5 -6 -6 -5 -4 -6 -6 -5 -1  3 -5  9 -3 -6 -5  0 -5 -4  1    0   0   0   0   0   0   0   0   0   2  31   0  55   0   0   0   5   0   0   7  1.71 inf
   25 S   -2  3 -1 -3  2  2 -2 -3  4 -2 -2  3 -1  2 -4  0 -3 -4 -1 -2    1  20   2   0   4   8   1   1  12   3   3  20   2  10   0   8   0   0   2   3  0.42 inf
   26 K   -1  2  2  1 -4  0  1 -1  0 -3 -3  4 -1 -4 -3  2  0 -5 -4 -3    1  10  10   7   0   2   6   4   1   1   1  28   2   0   0  20   4   0   0   1  0.42 inf
   27 V   -3 -5 -5 -5 -4 -4 -1 -6 -5  4  3 -4  3 -3 -5 -4 -3 -5 -4  4    0   0   0   0   0   0   6   0   0  28  24   0   8   0   0   0   0   0   0  34  0.88 inf
   28 N   -5 -4  9  1 -6 -4 -4 -4 -3 -7 -7 -2 -6 -7 -6 -2 -4 -8 -6 -7    0   0  90   6   0   0   0   0   0   0   0   2   0   0   0   2   0   0   0   0  2.47 inf
   29 E   -1  0 -1  3 -4  1  4 -3  1 -3 -3  0 -2 -4 -3  1  0 -5 -3 -1    6   6   1  16   0   6  38   1   4   1   1   3   1   0   0   8   5   0   1   4  0.53 inf
   30 A    7 -5 -5 -5 -4 -4 -4 -1  2 -5 -5 -4 -4 -6 -4 -1 -3 -6 -5 -4   89   0   0   0   0   0   0   3   6   0   0   0   0   0   0   2   0   0   0   0  1.72 inf
   31 F   -6 -6 -7 -7 -6 -7 -7 -7 -5 -3 -1 -7 -3  9 -7 -6 -5 -3  1  0    0   0   0   0   0   0   0   0   0   0   5   0   0  87   0   0   0   0   3   6  2.45 inf
   32 E   -3 -3 -1  5 -3 -1  6 -3 -3 -4 -3 -3 -3 -6 -4 -2 -4 -6 -5 -4    2   0   1  33   1   1  53   1   0   1   3   0   1   0   0   2   0   0   0   1  1.30 inf
   33 T    1  0  0 -1 -2  0  2  0 -1 -2 -1  0  0 -3 -3  0  3 -4 -3  0   15   5   5   2   1   4  13   6   2   1   4   6   2   0   0   3  24   0   0   7  0.19 inf
   34 L   -1 -5 -7 -7 -4 -5 -6 -7 -6 -1  6 -6 -1 -3 -6 -5 -4 -5 -4 -1    4   0   0   0   0   0   0   0   0   0  93   0   0   0   0   0   0   0   0   3  1.69 inf
   35 K   -4  7 -1 -4 -6  1 -3 -5 -3 -6 -5  5 -4 -6 -4 -3 -4 -5 -5 -5    0  59   2   0   0   5   0   0   0   0   0  32   0   0   0   0   0   0   0   0  1.62 inf
   36 R   -2  6  0 -1  0  1 -1 -3  1 -4 -4  3 -4 -5 -4  0 -1 -5 -4 -4    2  50   4   3   2   5   2   1   4   1   1  17   0   0   0   6   2   0   0   1  0.90 inf
   37 S   -2  3 -3 -4  7 -3 -3 -4  4 -1 -1  1 -3 -3 -4  0 -2 -4  0  1    2  17   0   0  28   0   1   0  13   3   4   9   0   1   0   6   1   0   3  11  0.76 inf
   38 T   -1 -2 -4 -4 -3 -4 -4 -5 -5  3  0 -4 -2 -3  0 -2  4 -5 -4  4    3   3   0   0   0   0   0   0   0  20   9   0   0   0   4   2  29   0   0  31  0.67 inf
   39 S   -1 -5 -3 -4  4 -4 -4 -5 -2 -5 -3 -4 -5 -6  7  2  0 -6 -5 -2    4   0   1   0   8   0   0   0   1   0   3   0   0   0  59  15   6   0   0   3  1.56 inf
   40 S    1  0 -1 -2 -1  0 -1 -2 -3 -3 -2  0  0  0  1  2  4 -4 -1 -2   12   5   1   1   1   3   1   1   0   0   3   7   2   4   6  17  33   0   2   1  0.36 inf
   41 N    0 -2  5 -1 -4 -2 -2 -2 -2 -3  0 -1 -2  4  1 -1 -2 -3  1 -2    9   1  35   2   0   1   2   2   0   0   9   2   1  18   6   4   1   0   4   1  0.48 inf
   42 P   -2 -3 -3 -3 -5 -2 -3 -2  2 -5 -4 -2 -5 -4  7 -1 -2 -4  3 -4    2   1   1   1   0   2   1   4   5   0   1   2   0   0  61   6   2   0  13   1  1.55 inf
   43 N   -2 -3  6  1 -1 -2  4  0 -1 -5 -5 -2 -2 -6 -4  1 -1 -6 -5 -5    2   0  41   6   1   0  27   6   1   0   0   0   1   0   0  12   3   0   0   0  0.95 inf
   44 Q   -3  2 -2 -1 -5  5  1  0 -2 -5 -5  5 -3 -6 -2 -2 -2 -5 -4 -5    0  10   0   3   0  36   7   7   0   0   0  35   0   0   1   1   1   0   0   0  0.95 inf
   45 R   -4  7 -3 -4 -6  0 -2 -5 -3 -6 -5  5 -4 -6 -5 -3 -4 -6 -5 -5    0  63   0   0   0   2   0   0   0   0   0  35   0   0   0   0   0   0   0   0  1.74 inf
   46 L   -4 -5 -6 -6 -4 -5 -6 -6 -5  0  6 -5  1 -2 -6 -5 -2 -4  0 -1    0   0   0   0   0   0   0   0   0   2  89   0   2   0   0   0   2   0   3   2  1.46 inf
   47 P   -2 -4 -3 -1 -4 -3 -3 -4 -4 -5 -5 -3 -4 -5  5  5  2 -6 -5 -4    1   0   0   2   0   0   0   0   0   0   0   0   0   0  32  52  12   0   0   0  1.30 inf
   48 K   -4  3 -3 -4 -6 -1 -1 -5 -3 -6 -5  7 -4 -6 -4 -3 -4 -6 -5 -5    0  12   0   0   0   0   2   0   0   0   0  87   0   0   0   0   0   0   0   0  1.84 inf
   49 V   -2 -5 -5 -5 -3 -5 -5 -4 -5  5  0 -5 -1 -1 -5 -4 -2 -4  0  5    2   0   0   0   0   0   0   1   0  44   6   0   0   2   0   0   1   0   4  41  1.00 inf
   50 E   -2 -2 -1  3 -5  1  6 -2 -2 -5 -5 -1 -4 -5 -3 -1  1 -5 -4 -4    2   0   1  17   0   4  57   3   0   0   0   2   0   0   0   3  11   0   0   0  0.96 inf
   51 I   -2 -4 -3 -4  0 -4 -4 -4 -4  5 -2 -4 -2 -3 -4  0  6 -5 -4  0    1   0   0   0   2   0   0   0   0  37   0   0   0   0   0   4  55   0   0   2  1.06 inf
   52 L   -4 -5 -6 -6 -4 -5 -5 -6 -5 -1  6 -5  0 -2 -1 -5 -4 -4 -4 -2    0   0   0   0   0   0   0   0   0   0  97   0   0   0   3   0   0   0   0   0  1.55 inf
   53 R   -4  7 -1 -4 -6  1 -2 -2 -1 -6 -4  2 -4 -5 -5 -2 -4 -2 -4 -5    0  76   3   0   0   5   0   3   1   0   1   8   0   0   0   2   0   1   0   0  1.54 inf
   54 N   -2 -3  4 -3 -3 -3 -3 -4 -1  1  4 -3  3 -1 -3  0 -2 -4 -2 -1    3   0  23   0   0   0   1   0   1   5  47   0   8   1   1   9   1   0   1   1  0.52 inf
   55 A    7 -4 -4 -4 -3 -4 -4 -3 -4 -4 -4 -3 -4 -5 -4  0 -3 -5 -5 -3   95   0   0   0   0   0   0   0   0   0   0   0   0   0   0   5   0   0   0   0  1.67 inf
   56 I   -3 -4 -3 -5  1  0 -4 -6 -5  7 -1 -2  3 -3 -5 -3 -1 -5 -2  0    1   0   1   0   3   6   0   0   0  71   1   2   9   0   0   2   2   0   1   1  1.11 inf
   57 R    0  3  2  0 -2  2  1 -1  0 -2 -3  1 -1 -3 -2  1  0 -4 -2 -1    8  17  11   4   1  11   7   4   1   2   1   6   1   0   0  14   6   0   1   4  0.22 inf
   58 Y   -5 -3 -5 -6 -6 -4 -5 -6  2 -5 -4 -5 -4  0 -6 -5 -5 -1 10 -4    0   2   0   0   0   0   0   0   3   0   0   0   0   0   0   0   0   0  95   0  2.80 inf
   59 I   -4 -6 -6 -6 -4 -6 -6 -7 -6  8 -1 -5  0 -3 -6 -5 -2 -5 -4  0    0   0   0   0   0   0   0   0   0  95   1   0   1   0   0   0   2   0   0   0  1.92 inf
   60 E    0  1  2  0 -2  1  4  0  0 -4 -3  0 -1 -4 -3  2 -1 -1 -2 -3    7   8   9   3   1   3  31   6   2   0   1   5   2   0   0  16   3   1   1   1  0.33 inf
   61 G    1  0  0 -2 -2  0 -2 -1  3 -2 -1 -1  1  4 -3  1 -1 -3  0 -2   15   6   4   1   1   5   0   5  11   0   6   2   4  22   0  16   3   0   1   1  0.23 inf
   62 L   -4 -5 -6 -6 -4 -4 -5 -6 -5 -1  6 -5  5 -2 -5 -5 -4 -4 -4 -2    0   0   0   0   0   0   0   0   0   0  86   0  14   0   0   0   0   0   0   0  1.52 inf
   63 Q    0  1  0 -1  0  5  1 -2  1 -4 -4  0 -2 -3 -3  2  1 -4 -2 -3    6   6   2   2   2  36   8   1   3   0   1   3   0   1   0  19   9   0   1   0  0.54 inf
   64 A    2  0  0  3 -3  2  3 -2  0 -4 -4  0 -3 -3 -3  0 -1 -4 -2 -3   19   6   4  16   0  10  27   2   2   0   0   5   0   1   0   5   3   0   1   0  0.44 inf
   65 L   -1 -4 -4 -5 -1 -3 -2 -5 -4  2  4 -4  3 -2 -4 -2 -1 -4 -3  2    5   0   0   0   1   0   2   0   0  12  52   0   9   0   0   2   4   0   0  13  0.66 inf
   66 L   -4 -5 -6 -6 -4 -5 -5 -6 -5  1  6 -5  1 -2 -5 -5 -3 -4 -3  1    0   0   0   0   0   0   0   0   0   3  86   0   1   0   0   0   1   0   0   9  1.35 inf
   67 R   -1  5  0 -1 -5  4  2 -4  3 -5 -4  2 -3 -4 -3 -1 -2 -4 -1 -4    3  34   3   2   0  26  11   0   8   0   0   9   0   0   0   3   0   0   1   0  0.77 inf
   68 D   -3 -2  4  5 -5  2  3 -3 -1 -5 -5 -1 -4 -5 -3 -1 -2 -5 -4 -4    0   0  30  39   0   8  23   0   0   0   0   0   0   0   0   0   0   0   0   0  0.95 inf

                      K         Lambda
Standard Ungapped    0.1279     0.3161
Standard Gapped      0.0520     0.2670
PSI Ungapped         0.1712     0.3125
PSI Gapped           0.0520     0.2670
