
Last position-specific scoring matrix computed, weighted observed percentages rounded down, information per position, and relative weight of gapless real matches to pseudocounts
           A  R  N  D  C  Q  E  G  H  I  L  K  M  F  P  S  T  W  Y  V   A   R   N   D   C   Q   E   G   H   I   L   K   M   F   P   S   T   W   Y   V
    1 K   -1  3  0  0 -4  3  3 -2  0 -3 -3  4 -2 -3 -1  0 -1 -3 -2 -3    0  15   0   0   0  14  23   0   0   0   0  48   0   0   0   0   0   0   0   0  0.48 inf
    2 D   -2 -2  1  7 -4 -1  2 -2 -2 -4 -4 -1 -4 -4 -2 -1 -2 -5 -4 -4    0   0   4  89   0   0   7   0   0   0   0   0   0   0   0   0   0   0   0   0  1.21 inf
    3 L   -2 -3 -4 -4 -1 -3 -3 -4 -3  2  4 -3  4  0 -3 -2 -1 -3 -2  2    0   0   0   0   1   0   0   0   0  10  51   0  15   1   0   2   2   0   0  18  0.48 inf
    4 M   -1 -2 -2 -3 -2 -2 -3 -3 -3  3  2 -1  3  0 -3  0  1 -3 -1  1    0   0   1   0   0   0   0   0   0  30  28   6  12   1   0   7  11   0   2   3  0.27 inf
    5 S    0 -1 -1 -1 -3  3  3 -2  3 -2 -3  0 -2 -3 -1  1  3  0 -2 -2    8   0   0   0   0  20  21   0   8   1   0   1   0   0   1   6  33   2   0   0  0.43 inf
    6 S   -1 -1  4  2 -3 -1  0 -2  3 -4 -4  0 -3 -4 -2  3 -1 -4 -2 -3    0   0  33  13   0   0   5   0   8   0   0   6   0   0   0  34   0   0   0   1  0.58 inf
    7 L   -3  3 -1 -3 -3 -2 -1 -4 -3  0  4 -2  0 -1 -4 -3 -2 -3 -2  0    0  22   4   0   0   0   5   0   0   0  62   0   0   2   0   0   1   0   0   4  0.52 inf
    8 Q   -2  2 -1  0 -3  5  2 -3  3 -1 -1  0 -2 -1 -3 -1 -2 -3  0 -3    0   9   0   4   1  45   9   0   9   4   9   0   0   2   0   4   0   0   4   0  0.52 inf
    9 S    0  1  3 -1  3  1  1 -2  0 -2 -1  1 -2 -3  0  0  0 -4 -2 -2    7   9  25   0   8   6  10   0   1   1   7   6   0   1   5   7   6   0   0   0  0.22 inf
   10 A    5 -3 -3 -3 -2  0  0  0 -3 -3 -1 -2 -2 -4  0  1 -1 -4 -3 -2   72   0   0   0   0   4   4   5   0   0   4   0   0   0   5   7   0   0   0   0  0.70 inf
   11 R    0  6 -2 -3 -4  0 -2 -3 -2 -2 -3  1 -3 -4 -3  1  0 -4 -3 -3    7  65   0   0   0   1   0   0   0   3   0   6   0   0   0  11   6   0   0   0  0.91 inf
   12 D   -2  0  1  4 -2 -1  2 -1 -2 -2  0  0  1 -3  2 -1 -2 -4 -3  0    0   7   7  31   1   0  12   3   0   0   9   5   7   0  11   0   0   0   0   8  0.32 inf
   13 L   -1  1 -2 -1  1  0  1 -3 -2  3  2 -1  2 -2 -3 -1 -1 -3 -2  0    4   9   0   2   3   3  13   0   0  28  21   3   8   0   0   3   2   0   0   1  0.20 inf
   14 Q   -1 -1 -2 -2 -5  8  1 -2 -2 -5 -2 -1 -3 -5 -3 -1 -3 -4 -4 -4    5   0   0   0   0  81   5   3   0   0   4   0   0   0   0   3   0   0   0   0  1.46 inf
   15 D   -2  1  2  4 -4  2  3 -3 -2 -4 -4  0 -3 -4  0 -1 -1 -5 -4 -2    0   6  12  34   0   7  27   0   0   0   0   5   0   0   3   0   3   0   0   3  0.66 inf
   16 M    0  2 -1 -2 -3  2  1 -1 -2 -1 -1  3  5 -3  0  0  0 -3 -3 -2    5  10   2   0   0   9   8   3   0   4   0  21  25   0   4   4   4   0   0   0  0.30 inf
   17 R   -2  6 -2 -3 -4  2 -2 -4 -2 -1 -2  0  0 -2 -1 -2 -2 -3  2  1    1  52   0   0   0  10   0   0   0   3   3   2   3   0   3   0   0   0  10  12  0.69 inf
   18 I   -3 -4 -4 -5  1 -4 -4 -5 -4  6  0 -4  2 -2  0 -2  1 -3  2  1    0   0   0   0   3   0   0   0   0  65   1   0   4   0   5   3   8   0   9   2  0.84 inf
   19 K   -2  3 -2 -1 -4  0  1 -3 -2  0 -3  4 -2 -2  3  0  0 -4 -3 -2    0  16   0   3   0   2   7   0   0  10   1  32   0   2  15   9   4   0   0   0  0.44 inf
   20 N    0  0  2 -1 -3 -1  0 -1  0  0 -2  3  1 -3  2  1 -1 -4 -3 -1    8   3  11   1   0   0   4   4   3   7   2  27   6   0  10  11   0   0   0   3  0.22 inf
   21 K   -3  1  1 -3 -5 -1  0 -3 -3 -5 -4  6 -1 -5  1  0 -1 -5 -4 -4    0   3   5   0   0   0   2   0   0   0   0  73   2   0   6   6   2   0   0   0  1.10 inf
   22 E   -1  3 -2 -2  0  5  2 -2 -1 -2 -2  1 -2 -3  1  1 -2 -4 -2 -3    3  16   0   0   2  33  11   2   1   3   4   8   0   0   6  10   0   0   1   0  0.45 inf
   23 R   -1  6 -2  1 -4  0 -1 -3 -2 -4 -2  3 -3 -4 -3  1 -2 -5 -4 -4    4  50   0   7   0   3   2   1   0   0   3  17   0   0   0  11   1   0   0   0  0.80 inf
   24 R    0  2  1 -1  1  5  0 -1  1 -2 -3  2  0 -4 -3 -1  0 -4 -3 -2   10  13   5   2   3  33   3   4   3   2   0  11   2   0   0   1   5   0   0   3  0.39 inf
   25 H   -1  3  2  0  1  0  0 -1  3 -3 -3  3 -2 -1  0  0  0 -3 -2 -2    2  16  10   3   4   3   5   5   9   0   0  22   0   4   5   4   5   0   0   3  0.25 inf
   26 L   -1 -1 -3 -3  0 -2 -1 -4 -3  3  0 -2 -1 -2  2  1  1 -4 -3  3    2   3   0   0   2   0   4   0   0  25   5   0   0   0   9  16   8   0   0  26  0.33 inf
   27 R   -2  3  0  0  0  1 -1 -1  0 -1 -1  2 -2  2  0  0 -1 -3 -1 -1    0  19   4   4   3   7   0   3   2   2   5  16   0  14   4   9   2   0   0   4  0.17 inf
   28 L   -2 -2 -1 -4 -4 -1 -3  0 -4 -1  0 -3 -3 -5  7 -1 -2 -5 -5 -2    2   3   2   0   0   3   0   7   0   4  10   0   0   0  63   3   2   0   0   2  1.37 inf
   29 Q   -2  2 -2 -2 -4  5  0 -1 -1  0  0  1  0 -3 -3  1  0 -4 -1 -2    0  11   0   0   0  36   2   4   1   5  10   6   3   0   0  15   4   0   2   1  0.41 inf
   30 P   -1 -1 -1 -1 -4  0 -2 -3 -3  1 -1  0 -1 -4  6 -1 -1 -4 -4 -2    5   2   2   4   0   4   0   0   0  10   7   8   2   0  49   5   2   0   0   0  0.91 inf
   31 G    0 -3 -2 -1 -3 -1 -3  6  0 -4 -4 -3 -3 -2  0  0 -2 -4 -3 -2    6   0   0   2   0   2   1  65   2   0   1   1   0   2   4   7   2   0   0   3  0.95 inf
   32 S    0  1 -1  0 -2 -1  1 -2  0 -2 -3  1 -3 -2  1  4  2 -4  0 -3    4   6   0   4   0   0   7   0   2   2   0   7   0   2   7  41  13   0   3   0  0.39 inf
   33 L   -1 -3 -4 -4 -3 -3 -1 -4 -4  0  4 -2  0  0 -2 -2  0  1 -2  1    5   0   0   0   0   0   5   1   0   2  61   2   0   2   2   3   5   2   0   9  0.53 inf
   34 Y   -2 -3 -4 -4 -3 -2 -3 -4 -2 -2  0 -2 -2  4 -4 -2 -2  5  6  2    3   0   0   0   0   2   0   1   0   0   8   2   0  17   0   3   2   7  37  15  0.82 inf
   35 L   -2  2  0 -1  0  0 -1 -3 -2  1  2 -1  0  3 -3 -2 -2 -2 -1  1    1  14   6   3   2   5   3   1   0  10  26   3   0  15   1   1   1   0   0   9  0.18 inf
   36 T    1  2 -1  0 -1  0  0 -1  0 -1  0  0  0 -2 -2  1  1 -3  0 -1   12  18   2   6   1   3   6   3   3   3  11   4   2   0   0  14   8   0   4   1  0.11 inf
   37 K   -3  3  0  0 -4 -1 -2 -3 -2 -2 -1  5  2 -4  1 -1 -1 -4 -1 -3    0  19   4   4   0   0   0   0   0   2   5  46   5   0   6   2   2   0   2   0  0.64 inf
   38 S    0  0  1 -2 -2  1 -1 -2 -1 -2 -2  3 -1 -4  0  2  3 -4 -3 -1    4   2   7   0   1   7   0   2   1   2   2  24   1   0   4  13  26   0   0   4  0.35 inf
   39 S   -1 -2  1  0 -3  1  1  0  0 -3 -1  1  1 -2 -1  4 -1 -4 -3 -2    1   0   8   6   0   6   8   6   3   0   5   8   5   2   2  40   0   0   0   2  0.36 inf
   40 T    0 -1  2 -1 -3  1 -2  0  0 -2 -3 -1  0 -4  2  2  2 -4 -2 -3    8   3  13   2   0   8   0   8   2   1   2   2   2   0  10  22  16   0   1   0  0.32 inf
   41 L    0  0  1 -1  0 -2 -2  0 -2  0  1  0  0 -2 -3  1  1 -3 -2  1    5   6   7   3   2   0   0   9   1   5  17   5   1   0   0  12   9   0   0  17  0.09 inf
   42 P    1 -1  2  0  0 -3 -1  1 -3 -4 -4 -1 -4 -5  6  0 -1 -5 -4 -2   14   3  11   5   2   0   3  12   0   0   0   2   0   0  39   5   2   0   0   2  0.80 inf
   43 R   -4  7 -3 -1 -6 -2 -2 -5  0 -6 -3  2 -4 -6 -2 -1 -4 -6 -5 -5    0  75   0   3   0   0   1   0   3   0   2   9   0   0   1   5   0   0   0   0  1.67 inf
   44 I   -1  0 -2 -3 -1  0 -1 -3 -2  3  1  1  2 -2 -2 -1  0 -3 -2  2    2   5   1   0   1   5   3   0   1  27  10  12   6   0   2   3   6   0   0  14  0.23 inf
   45 S    0 -2 -1 -3 -3 -1 -2 -3 -1 -4 -3  1 -3 -3  2  5  2 -4  2 -3    6   2   1   0   0   2   1   0   1   0   2   8   0   0  10  47  11   0   7   0  0.62 inf
   46 L   -3 -2 -5 -5 -1 -4 -3 -5 -4  2  5 -4  3  0 -5 -4 -2  4  0  0    0   2   0   0   1   0   2   0   0  11  58   0   7   4   0   0   2   5   3   5  0.82 inf
   47 Q    0  3 -1 -3 -4  2  0 -2 -3 -4 -3  5 -3 -5 -1 -1  0 -4 -4 -4    6  19   2   0   0   7   4   2   0   0   2  46   0   0   2   3   4   0   0   0  0.76 inf
   48 A    1  1 -1  2 -3  1  3 -2  2 -3 -2  1 -2 -4 -3  1  1 -4 -3 -2   11   6   0  13   0   5  25   1   6   1   3   7   0   0   0  11   8   0   0   3  0.33 inf
   49 A    3 -2 -4 -4 -3 -3 -3 -2 -3  0  1 -3  0  3 -4 -1 -2  0  4  0   33   2   0   0   0   0   0   2   0   5  16   0   2  15   0   4   1   1  14   4  0.44 inf
   50 V    0 -3 -3 -3  1 -2 -3 -1 -3  2  0 -3 -1  1 -1  1 -1 -3 -2  4    5   1   1   1   3   1   1   4   0  11   5   1   0   8   3  11   2   0   1  41  0.35 inf
   51 G   -1 -1  1  1 -3 -1  2  4 -2 -3 -3  0 -3  1 -2  0 -1 -3 -2 -3    4   3   8   9   0   1  14  33   0   1   1   7   0   8   1   6   3   0   0   1  0.39 inf
   52 D   -2 -3  1  0 -1 -1  0  5  2 -3 -1 -2 -1 -3 -3 -1 -2  2 -1 -2    2   1   7   4   1   2   7  46   7   1   7   2   2   1   1   3   1   3   2   2  0.55 inf
   53 R    1  2 -1 -2 -3  1  0  1 -1 -1  1  1  1 -1  0 -1 -1 -3 -2 -1   11  12   3   1   0   9   7  10   1   1  14   9   6   3   5   4   1   0   0   4  0.10 inf
   54 A    1  2 -1 -2  0  0 -2 -3  1  0 -1  0 -2 -3  3  0 -1 -1 -1  1   12  15   2   0   2   5   1   1   4   4   4   6   0   0  15   9   2   1   2  16  0.22 inf
   55 P   -1 -4 -2 -4  0 -4 -4 -4 -4 -4 -3 -1 -4 -5  8 -2 -3 -5 -5 -2    4   0   2   1   2   0   1   1   0   0   2   3   0   0  77   3   1   0   0   3  2.08 inf
   56 S    0  1 -1 -1 -1  3  1 -1 -2 -1 -2  1 -2  1  0  2  0  1 -2 -1    5   6   1   1   2  16   8   4   0   3   3   7   0   8   5  20   5   3   0   4  0.18 inf
   57 A    1  0 -1 -1 -1  1 -1  0  0 -1 -1  0 -1  0  0  1  1 -3  0 -1   16   5   1   2   1   6   2   6   2   4   6   7   2   5   5  15  13   0   3   2  0.10 inf
   58 C   -1  0  0 -4  5 -1 -3 -3  2  0 -1 -2 -1  1 -3 -2  0 -2  5 -1    4   7   4   0  16   2   1   2   6   6   5   2   1   5   1   1   5   0  28   2  0.53 inf
   59 S    0 -3 -1  0 -3 -2 -1 -2 -2 -4 -3  0 -2 -3  1  5  3 -4 -1 -3    6   0   1   6   0   0   2   2   1   0   2   6   1   0   6  45  18   0   2   1  0.58 inf
   60 P   -1 -1 -2 -1  2  0  0 -2  3  0 -1  0 -1 -2  4  0  0  0  1 -1    4   2   1   4   5   5   4   3   9   7   5   4   1   1  21   7   7   2   5   2  0.25 inf
   61 K   -1  0 -2  1 -4  1  3 -3 -2 -2 -1  4  0 -2 -3  0 -1 -4 -3 -1    5   4   0   8   0   5  26   1   0   2   6  28   3   1   0   4   2   0   0   4  0.40 inf
   62 Q   -1  1 -1  2 -2  4  4 -1  1 -4 -3  0 -3 -4 -1 -2 -1 -4 -2 -3    4   7   2  10   1  24  28   5   3   1   3   4   0   0   3   1   3   0   1   2  0.50 inf
   63 L   -1 -3 -4 -2  0 -2 -4 -1 -4  1  5 -3  2  0 -1 -3 -2 -3 -3 -1    5   0   0   3   2   2   1   4   0   6  62   1   4   3   3   1   2   0   0   1  0.66 inf
   64 Y    0  0 -1 -1 -2  0  1 -2  0  1  0  1  0  1 -1  0  0 -1  3  0    6   6   2   3   1   3  10   1   2  11   8   8   1   6   3   6   4   0  15   5  0.09 inf
   65 I    1  0  1  1 -2 -1  1  0  2 -2 -2  0  3 -3 -1  2  0 -3 -2 -1   14   4   8   7   0   1   9   6   5   1   2   5  11   1   2  15   5   0   0   2  0.16 inf
   66 Y   -2  1  0  0  0  0 -1 -3  1 -1  0  0  3  1 -1 -1 -2  2  4 -1    1  10   5   4   2   3   3   1   4   3  10   4  13   6   2   3   1   2  18   4  0.21 inf
   67 G   -1 -1 -1 -2 -1 -1 -2  5  2 -3 -3  1 -1 -3 -1 -1 -2 -3  0 -2    4   3   3   1   1   2   2  52   5   1   1  10   2   1   2   2   1   0   3   2  0.68 inf
   68 V   -3 -4 -5 -5 -3 -4 -4 -3 -5  4  1 -4  1  0 -3 -4 -3 -4 -3  6    1   0   0   0   0   0   0   2   0  20  11   0   2   3   1   0   0   0   0  56  0.96 inf
   69 S   -1 -1  1 -1 -3 -1 -2 -3  0 -1  0  0 -3 -4  4  3  0 -4 -3 -3    3   3   6   3   0   2   0   1   2   3   9   4   0   0  26  32   5   0   0   1  0.55 inf
   70 K   -1 -1  0  3 -3  1  2 -1  0 -2 -3  2 -3 -4  1  0  1 -4 -3 -2    3   2   4  17   0   6  17   4   2   2   2  17   0   0   7   5   9   0   0   3  0.30 inf
   71 E    0 -1  1  0 -4  1  4 -3  4 -3 -3 -1 -3 -2 -1  0 -1 -3  1 -2    7   3   7   4   0   6  30   0  13   1   1   3   0   2   3   8   4   0   4   3  0.39 inf
   72 C   -1 -2 -3 -4  5 -2 -2 -4 -3  2  1 -3  0 -3  0 -1  2 -4 -3  3    2   2   0   0  15   1   2   0   1  15  10   0   1   0   5   3  13   0   0  27  0.44 inf
   73 I   -1  1 -2 -2  1 -1 -2 -3 -3  2  3  0  2 -1 -3 -1 -1 -1 -1  1    2  10   2   2   4   1   1   1   0  14  30   5   8   2   0   4   3   1   1   7  0.21 inf
   74 N    0  2  1  1 -3  2  1 -1 -2  0 -2  2 -1 -2 -2  0  0 -2 -2 -1    8  11   6   7   0  12   9   5   0   6   2  12   1   2   0   8   5   1   0   4  0.15 inf
   75 V   -3 -4 -4 -4 -3 -3 -1 -5 -4  5  1 -2  4 -1 -4 -4 -2  0 -2  4    1   0   0   0   0   0   4   1   0  35  10   3  14   1   0   0   0   2   1  27  0.76 inf
   76 N   -2 -1  4  1 -3 -1 -1 -3 -1  0 -3  0 -3 -2 -3  1  4 -4 -3 -2    2   3  24   8   0   1   3   0   1   5   1   4   0   2   0   8  35   0   0   2  0.57 inf
   77 S    2 -1 -2 -1 -1 -1 -3 -2  1 -3 -1 -2 -3 -3  4  4 -2 -5 -3 -1   17   4   0   2   1   2   0   2   4   0   7   0   0   1  18  37   0   0   0   4  0.54 inf
   78 K    0  0  0  2 -1  0  1 -2  0 -1 -3  3 -3 -4 -2  2  0 -1 -3 -2    8   4   2  12   1   3   9   1   3   4   0  23   0   0   1  20   4   1   0   3  0.30 inf
   79 N   -2  0  7 -1 -4 -1 -3 -3 -3 -4 -4 -2 -2 -5 -4  2  2 -5 -4 -4    3   5  52   2   0   2   0   1   0   1   1   1   1   0   0  14  15   0   0   0  1.09 inf
   80 A    6 -1 -4 -4  2 -3 -4 -2 -4 -3 -1 -3 -3 -4 -2 -1 -3 -5 -4 -1   74   3   0   0   4   0   0   2   0   0   5   0   0   0   2   3   0   0   0   4  1.14 inf
   81 E    1  0 -2  0 -3  1  3 -1 -2 -1  0  0  0 -2 -1  0  0 -3 -3 -1   14   4   0   5   0   4  28   5   0   5  12   4   2   1   2   6   5   0   0   2  0.20 inf
   82 Y   -1 -1  1  1 -1  0  1 -2  2 -2 -1  1  0  0 -3  2  0  0  2 -2    3   2   6   7   1   2   9   2   7   1   5  10   3   5   0  20   7   2   9   0  0.17 inf
   83 F   -5 -5 -5 -6 -5 -5 -5 -6  0 -3  0 -5 -3  6 -6 -5 -4  2  7 -2    0   0   0   0   0   0   0   0   2   0  10   0   0  39   0   0   0   2  40   3  1.66 inf
   84 Q    0  4 -1  0 -4  3  0 -3  0 -3 -2  3  1 -4 -3  0  0 -4 -2 -1    6  23   2   4   0  15   5   1   2   1   2  16   4   0   0   6   5   0   1   5  0.37 inf
   85 F   -5 -5 -5 -6 -5 -5 -5 -6 -4 -3 -2 -2 -3  9 -6 -5 -5  1  2 -3    0   0   0   0   0   0   0   0   0   0   3   2   0  83   0   0   0   1   4   2  2.29 inf
   86 D   -2  0  2  2  2  0  0 -2  5 -3 -1  0  0 -2 -1  0 -1 -2  2 -2    2   6   9  12   6   4   3   3  17   1   7   5   3   1   2   5   3   0   8   2  0.24 inf
   87 I    0 -1 -1  1  2  0 -1 -1 -2  1  0 -1  1 -1 -1  0  1  1 -2  1   10   2   2   8   6   3   2   3   0  11  10   3   4   2   2   9  11   3   1   8  0.05 inf
   88 Q    0  0  1  0 -2  2  2  0 -1 -1 -2  0 -2  0  1  2  0  0 -1 -2    8   4   6   2   0  11  15   6   1   3   3   4   1   4   7  16   4   1   2   2  0.15 inf
   89 D    0  1  1  4 -2  0  1 -1  0 -2 -2  0 -2 -2 -1  1 -1 -2 -2 -2    7  10   8  26   1   3  10   3   2   2   5   4   1   1   3   9   3   0   1   2  0.26 inf
   90 H   -1 -2  1 -2 -1 -1 -1 -2  4 -1  0 -2  0  3  0  0 -1 -1  4 -1    4   2   6   2   1   1   5   3  11   2   7   2   2  17   5   7   2   0  17   3  0.27 inf
   91 F   -1 -2 -1 -1  0 -1 -1  0 -1 -1  0  0  0  4 -1 -1 -2 -1  4 -1    4   2   3   4   3   1   5   7   1   3   7   5   3  21   3   2   2   0  19   4  0.26 inf
   92 G    0 -1  1  1  1 -1 -1  3 -1 -1 -1  0 -1 -2  0  1  1 -2 -2 -1    4   2   5   8   3   1   3  24   2   3   5   5   1   1   4  12  10   0   1   5  0.15 inf
   93 K   -1  1  0  1 -1  0  1 -1 -1  0 -1  2 -1 -2  0  1  0 -2 -2 -1    4   7   3   9   1   3   9   4   1   6   8  17   2   1   3  11   5   0   1   3  0.09 inf
   94 E    0  0  0  1 -2  0  3 -1  1 -1 -2  0 -2 -2  1  1  0 -2 -2 -2    8   4   4   8   1   4  24   3   4   5   3   6   1   1   5  12   3   0   1   2  0.18 inf
   95 D    0 -1  0  1  2 -1  0 -1  1 -1 -1 -1 -1 -1  2  1 -1 -2  0  0    8   3   4  11   6   1   6   5   4   4   5   2   1   2  12  13   2   0   3   7  0.11 inf
   96 L    0 -1 -1 -2  1 -1 -1 -1 -2  1  2 -1  1  1 -1  0  0  1 -1  1    7   4   2   2   3   3   2   5   1   6  23   2   4   6   2   5   7   2   1  12  0.05 inf
   97 C    0  0  0  0  1  1  0  0  0 -1  0  0  0 -1  0  1  0  3 -1 -1    7   4   5   4   5   8   6   8   3   5  12   3   1   1   4  12   4   5   1   3  0.05 inf
   98 A    2 -1  2  1 -1  0  1  0  0 -1 -1  0 -1 -1  0  0  0 -2 -1 -1   20   2  11   7   1   4   7   4   2   4   5   7   1   3   5   6   6   0   1   2  0.09 inf
   99 G    0 -1  1  0 -2  0  0  2 -1 -1 -1  0 -1 -2  1  1  0 -2 -2 -1    6   2   9   4   1   3   6  22   1   5   6   4   1   1   6  12   5   0   1   4  0.14 inf
  100 K    0  0  0  0 -2  0  0  0  1 -1 -1  2 -1 -2  1  0  1 -2 -1 -1    8   4   4   4   1   4   5   8   4   4   5  16   1   1   8   8  10   0   2   2  0.09 inf
  101 G    1 -1 -1 -1 -2  0  0  3 -2 -2 -2  0  0 -2 -1  1  1 -2 -2 -2   11   2   2   3   1   3   5  27   1   2   3   5   4   1   2  14  11   0   1   2  0.24 inf
  102 F   -1 -1 -1 -1 -1 -1  0 -2 -1  3  0 -1  0  2 -1  0  0 -1  1  1    5   2   3   3   1   2   6   3   1  24   5   4   3  11   2   6   5   0   5  12  0.10 inf
  103 Q   -1  0  0  0 -2  2  1  0  0 -1 -1  1 -1 -1  2  0  0 -2  1  0    3   5   3   3   1  14  11   6   2   4   6   9   1   2  10   5   4   0   6   6  0.13 inf
  104 L    0 -2 -2 -2 -2 -1 -2  1 -2  0  3  0  0  1 -1  0  0 -2 -1  1    6   2   1   2   1   1   2  12   1   4  34   5   2   6   3   6   4   0   1   8  0.12 inf
  105 A    1 -1 -1  0 -2  0  1  1  1 -2 -1 -1 -2 -2  3  1 -1 -2 -2 -2   17   3   1   4   1   3  11  12   4   2   5   3   1   1  17   9   3   0   1   2  0.24 inf
  106 D   -2 -2  0  6 -3 -1  0 -2  0 -2 -1  0 -2 -3 -1 -1 -1 -3 -2 -1    2   2   3  50   1   1   4   2   2   2   6   5   1   1   3   4   4   0   1   5  0.67 inf
  107 G   -1 -1 -1  0  2 -1 -1  4 -2 -2 -1 -1 -2 -2  0  2 -1 -2 -2 -2    2   3   2   6   5   3   5  37   1   2   6   2   1   1   5  15   2   0   1   2  0.36 inf
  108 G    1 -1  0 -1  0 -1 -1  3 -2 -1 -2  0 -2  0 -1 -1  0 -2 -2  0   10   3   5   3   2   2   4  31   1   2   3   7   1   5   3   3   5   0   1  10  0.20 inf
  109 W   -1  0 -1  0  3 -1 -1 -2 -1  0  0  0 -1  0  1 -1  0  5  1 -1    3   7   2   5   9   2   3   3   1   7  10   8   1   3   6   3   5  11   7   4  0.18 inf
  110 L   -1  0 -2 -2 -2 -1  0 -2 -2  1  3 -1  1  0 -2 -1 -1 -2  0  1    3   5   2   2   1   2   6   3   1   8  36   4   4   2   2   4   4   0   2  10  0.16 inf
  111 I   -1 -1 -2 -1 -2  0 -2 -2 -1  3  1 -1  1  1 -2 -1 -1 -2 -1  1    4   2   1   3   1   5   2   2   2  27  15   4   4   7   2   5   2   0   1  11  0.17 inf
  112 P   -1 -1 -2 -2  2  0  0 -2 -1 -2  0 -2  1  1  5 -1 -2 -3 -2  0    5   3   1   2   5   4   5   3   2   1   9   2   4   6  34   4   2   0   1   8  0.50 inf
  113 S    1  0  1  3  1  0 -1 -1 -2 -3 -3 -1 -2 -3  0  3  1 -3 -3 -1   10   4   6  18   3   3   1   4   0   1   2   3   0   1   4  28   7   0   1   3  0.31 inf
  114 N    0  0  2  2  0  0  2  1  0 -2 -1  0 -2 -2 -2  0 -1 -3 -1 -1    8   3  14  15   2   1  15   9   3   1   6   6   0   2   2   6   2   0   2   4  0.18 inf
  115 D   -2  1  3  4  0  1  1 -1  0 -3 -1  0 -2  0 -2  0 -2 -3 -2 -3    3   7  14  24   3   7   7   3   2   1   8   3   0   6   1   8   1   0   1   1  0.30 inf
  116 G    0 -1  2 -1  1 -1  0  4  0 -2 -3 -1 -1 -2 -3  0 -1 -3 -3 -3    5   3  10   3   4   1   6  39   2   2   2   4   2   1   1   8   4   0   0   1  0.44 inf
  117 K    0  0  0 -1  1  1  0 -1  1  0 -1  2  0 -1 -1  0  0 -2  1  0    7   4   4   3   4   5   4   4   4   6   3  19   2   3   2   6   7   0   5   9  0.07 inf
  118 A    2  0 -1 -1  0 -1 -1 -2 -3  2 -1 -1  0 -2 -2  0  0  0 -2  2   24   5   2   3   2   2   3   2   0  14   4   3   1   1   1   6   7   1   0  19  0.16 inf
  119 G    0 -4  0 -1 -4 -3  0  6 -4 -4 -2 -3 -4 -4  0 -1 -2  1 -4 -4    8   0   4   4   0   0   7  57   0   0   4   1   0   0   4   4   3   2   0   1  0.90 inf
  120 K    2  0 -2 -3 -2 -2 -2 -1  0  1  0  2  1 -1  0 -1  0  1  0  1   20   4   1   0   0   0   0   3   2   7   8  15   3   1   4   3   7   2   4  13  0.12 inf
  121 E   -1  0 -1  1 -4 -1  4 -3  2 -3 -3  1 -3  0 -2  0  1 -1 -3 -1    5   4   3   5   0   1  36   1   5   0   2   9   0   5   2   8   8   1   0   4  0.42 inf
  122 E    1 -3 -1  0 -4 -1  5 -2  1 -4 -4  0 -4 -5 -3  1  0 -5 -4 -4   14   0   3   5   0   1  46   2   3   0   2   4   0   0   0  12   6   0   0   0  0.72 inf
  123 F   -1 -3 -4 -2  0 -4 -1 -4 -4  3  1 -4  2  6 -4 -3 -1  1 -1  0    5   1   0   2   2   0   4   0   0  17  12   0   5  36   0   1   4   2   0   7  0.62 inf
  124 Y   -3  1 -3 -3 -4  0  0 -3  3 -1  1 -1 -1  2 -4 -2 -1  3  5 -1    1   9   0   0   0   5   7   1   8   3  15   4   1  10   0   2   4   4  23   3  0.41 inf
  125 R    0  3  0  0  0  3  1 -3  3 -1 -1  2 -2 -4 -2 -1 -1 -4 -3 -2    9  17   4   4   3  13   7   0   8   5   5  13   0   0   2   3   4   0   0   3  0.27 inf
  126 A    4  1 -3 -2  0  0 -1 -1  1 -1 -1  0  4 -3 -3  0 -1 -4  0 -2   37   7   0   1   2   4   3   4   4   2   5   4  11   0   0   7   2   0   4   1  0.34 inf
  127 L   -4 -4 -5 -2 -4 -4 -3 -1 -5  0  5 -2  4  4 -5 -4 -4  0 -2  0    0   0   0   2   0   0   2   5   0   4  51   2   9  18   0   0   0   1   0   4  0.84 inf
  128 C    0 -1  0 -3  5 -1 -1 -4 -3  0  3  0  2 -2 -1 -2 -1 -4 -3  0    7   2   4   0  16   3   4   0   0   3  31   5   6   1   3   2   3   0   0   7  0.36 inf
  129 D    1  0 -1  3 -3  2  2 -2 -1  0 -1  0 -2 -4 -1  1  0 -4 -3  0   14   4   1  16   0   8  16   2   1   5   5   4   0   0   2   8   5   0   0   7  0.21 inf
  130 T    0  0  0  0  1  0  0 -1  0  0  0  0  0  0 -1  0  1  2 -1  0    5   5   5   4   4   2   8   3   3   7  13   5   2   4   2   9  12   4   0   3  0.04 inf
  131 P    0  0  0 -1  0  0  0  0  0 -2  0  0 -1 -2  4  2 -2 -4 -3 -3    8   5   4   3   2   3   6   6   2   3   9   4   2   1  24  16   1   0   0   1  0.33 inf
  132 G    0  0  1 -1 -2 -2 -1  5 -3 -4 -3  1 -2 -1 -2  0 -2  0 -4 -4    5   5   6   3   1   1   3  45   0   0   2  10   1   3   2   7   2   2   0   0  0.59 inf
  133 V    2 -1 -2 -3  3 -2 -3 -2 -3  1  0 -3  0  0  0 -1 -1 -4 -3  3   22   4   2   0   8   2   1   2   0   7   6   1   2   4   5   3   2   0   0  29  0.32 inf
  134 D   -1 -2  2  4  3 -1  0  0 -1 -1 -1  1 -3 -4 -3  2 -1 -4 -3 -2    2   1   9  28   7   1   6   7   1   3   6   8   0   0   1  15   3   0   0   2  0.36 inf
  135 P   -1 -2 -2  1  4 -2 -2 -3 -1 -2 -1 -1  2 -1  5 -1  1 -4 -1 -2    5   2   1   8  10   1   2   1   1   2   6   3   6   2  32   4   9   0   2   2  0.59 inf
  136 K   -1  2  1 -1  2  1  0 -3  1 -4 -3  3 -3 -4 -2  2  2 -4 -2 -3    4  12   6   2   4   6   6   0   4   0   2  24   0   0   1  14  12   0   1   0  0.39 inf
  137 L   -2 -1 -2 -4 -1 -3 -2 -3  1 -1  4 -2  0 -1 -2  1 -2  0  1  0    1   4   2   0   1   0   2   2   4   2  49   2   1   2   2  11   1   1   6   6  0.44 inf
  138 I    1 -3 -3 -1  3 -3 -2 -2 -3  3  1 -1  0  2 -3 -2 -1 -3  0  1   17   0   0   3   6   0   2   3   0  24  13   3   2   9   0   0   4   0   3  11  0.23 inf
  139 S   -1 -1  0  1  0 -2  1 -1 -3 -3 -2  0 -3 -1  2  3  3 -4 -3 -3    2   2   4   7   2   0  11   3   0   0   3   7   0   2  10  23  22   0   0   0  0.37 inf
  140 S   -1  2 -1  0 -3  1  2 -1 -2  0 -1  2  0 -2  0  0 -1 -3  0 -1    5  11   2   6   0   7  17   3   0   8   5  12   2   0   4   7   3   0   4   3  0.15 inf
  141 I    0  0  0  1 -3  0  3  0 -2 -1 -2  0 -2  0  0  0 -1 -3 -2 -1    9   5   3   7   0   2  27   8   0   4   3   6   0   6   5   4   3   0   0   5  0.19 inf
  142 W   -4 -4 -4 -5 -4 -4 -4 -4 -3 -4 -3 -4 -3 -1 -4 -4 -4 12  4 -4    1   1   1   1   0   1   1   1   0   1   1   1   0   1   1   1   1  73  13   1  3.05 inf
  143 V    0 -3 -3 -3  3 -2 -3 -1 -3  2  0 -2  1  1 -2 -2  0 -2 -1  4    5   1   1   1   7   1   1   5   0  12   7   1   5   8   1   1   5   0   1  37  0.28 inf
  144 A    0  0  0  0  0  0  1 -1  0 -1  0  1  0  0 -1  0  0 -1  2 -1    5   6   3   6   3   5   9   3   3   3  10  10   4   3   1   9   4   0  10   3  0.04 inf
  145 N   -4 -1  7 -1 -1  1  0 -4  3 -4 -2 -3 -4 -2 -4 -3 -2 -5 -4 -2    1   2  60   2   2   5   7   1   7   0   5   0   0   2   0   1   2   0   0   3  1.25 inf
  146 H    1 -2 -2 -4  0  4 -3 -4  9 -5 -5 -1  1 -4 -5 -3 -3 -5 -1 -5   14   2   1   0   2  17   0   0  50   0   0   3   4   0   0   0   1   0   2   0  1.57 inf
  147 Y   -2 -5 -5 -5  0 -4 -5 -5 -3 -3 -1 -5  0  3 -5 -4 -4  9  7 -2    4   0   0   0   2   0   1   1   0   1   6   1   2  11   0   1   1  28  39   2  1.77 inf
  148 R    0  4 -2 -2  1  1 -1  0 -3 -4 -3  4 -1 -4 -3  1 -1 -4 -4 -1    7  28   0   1   4   5   2   6   0   0   2  25   2   0   1  10   3   0   0   4  0.53 inf
  149 W   -4 -4 -3 -5 -5  1 -4 -5  2 -4  3 -5  1 -1 -5 -1 -4 10 -2 -4    1   0   2   0   0   7   1   1   5   0  26   0   3   2   0   5   0  45   0   1  1.84 inf
  150 I   -4 -5 -5 -5 -4 -5 -5 -3 -5  7  0 -5 -2 -3 -5 -1  1 -5 -4  2    0   0   0   0   0   0   0   2   0  63   6   0   0   0   0   5   9   0   0  11  1.27 inf
  151 V   -2 -4 -5 -5 -3 -4 -4 -5 -4  3  2 -2  1 -1 -4 -4 -3  2  1  4    2   0   0   0   0   0   0   1   0  19  20   3   3   2   0   1   0   3   6  38  0.72 inf
  152 W   -5 -2 -6 -6  1 -1 -5 -6 -5 -1  0 -5  1  2 -6 -1 -4 11  0 -5    0   2   0   0   3   3   0   0   0   3   9   0   3   7   0   5   1  58   2   0  2.39 inf
  153 K   -1  0 -3 -4 -5 -1 -2 -4  1 -5 -3  7 -4  0 -4 -2 -1 -5 -4 -3    4   4   0   0   0   1   2   1   3   0   3  69   0   4   0   2   3   0   0   2  1.30 inf
  154 L   -2 -3 -5 -5  1  0 -5 -5 -5  0  6 -4  3  1 -5 -4 -4 -4 -3 -2    3   1   0   0   3   5   0   1   0   4  69   0   6   5   0   1   0   0   0   0  1.14 inf
  155 A    5  1 -3 -4 -3 -1 -3  1 -4 -4 -3 -1 -1 -4 -3  2 -1 -4 -4 -1   53   7   0   0   0   2   1   8   0   0   2   3   1   0   0  14   2   0   0   4  0.77 inf
  156 A    2  1  0 -3  4  0 -3  2 -1 -3 -3 -2  0 -4 -3  3 -1 -4 -4 -3   20   9   3   0  10   4   0  16   2   2   2   1   2   0   0  24   3   0   0   0  0.45 inf
  157 M   -3 -1 -2 -4 -1  1 -1 -5 -3  1  1 -1  6 -1 -4 -3 -1 -3  5 -1    1   3   2   0   1   6   4   1   0   7  14   3  25   1   0   1   4   0  22   3  0.69 inf
  158 E    0 -1 -2  1 -4  0  5 -3  2  0 -3 -1 -3 -4 -3  0 -1  0 -3  1    9   4   1   8   0   3  37   2   5   5   2   2   0   0   0   5   3   1   0  12  0.46 inf
  159 F   -1  5  0 -3  1 -1 -3 -4 -3 -1  1  0 -1  1 -2 -2 -1 -3  1  0    5  34   4   1   3   2   1   1   0   4  15   4   1   6   2   3   3   0   5   7  0.41 inf
  160 A    1  0  1 -2  3 -1 -1 -3  1 -1  0 -1  2  1 -2  1  0  2  1 -2   16   7   7   1   6   2   5   1   3   2  10   2   6   5   2  11   4   3   6   0  0.12 inf
  161 F   -2 -1 -4  0  2 -2 -2 -1 -2 -1  1 -2 -2  6 -4 -1 -1 -1  3 -2    2   3   0   6   5   2   3   5   1   3  12   2   1  36   0   4   4   1  10   2  0.59 inf
  162 P   -1 -4 -2 -1 -5 -3 -2 -1  2 -3 -3  0 -4 -5  7  2 -3 -5 -4 -4    4   0   2   4   0   0   2   5   5   2   3   5   0   0  49  15   1   0   0   1  1.16 inf
  163 K    0  0  2  2 -3  1  1 -2  2 -3 -3  1 -1 -2  0  1  0 -1  0 -2    7   4   9  12   0   8   7   1   7   1   2   8   2   1   4  14   5   1   4   3  0.19 inf
  164 E   -1  1 -1  2  2  1  1 -1  3 -2  0  1 -2 -2 -1 -1 -1 -3 -1 -1    4   9   1  12   5   6  10   5   8   2  11  10   0   1   3   4   2   0   2   4  0.13 inf
  165 F    0 -3 -1 -2  2 -1  0 -2 -1  0  2 -2  1  4  1  0  0 -1  0 -2    7   0   3   1   5   2   6   2   1   5  19   2   4  20   6   6   6   1   2   1  0.20 inf
  166 A    2  1  0 -1 -1  0 -2  1 -3  1  0 -2 -1 -1  0  0  0 -3 -3  0   24   8   4   3   1   4   1  11   0   8  11   1   1   3   5   5   4   0   0   4  0.11 inf
  167 N   -1  0  2  1 -2  0  1  3  1 -3 -1  0 -2 -2  0  1  0 -4 -3 -3    4   4  12   7   1   3   8  21   4   1   5   7   1   2   5   9   5   0   0   1  0.21 inf
  168 R   -2  4  2  0 -4  1 -1  0 -1 -3 -2  3 -3 -2 -1  1 -1 -4 -3 -2    2  26   9   4   0   6   3   6   1   1   3  19   0   2   3   9   2   0   0   3  0.41 inf
  169 C    1  1  0 -3  4 -2 -1 -3  1  0 -1 -1  0  2 -2 -1 -2  1  3  1   11   8   4   1  12   1   5   1   4   6   5   3   2  11   2   3   1   2  10  10  0.21 inf
  170 L   -3 -5 -5 -5  0 -3 -5 -5 -5  0  4 -5 -2  2 -2 -2 -2  8 -1 -1    2   0   0   0   2   1   1   1   0   3  49   0   0   9   3   3   3  18   2   3  1.05 inf
  171 N   -2 -2  3 -2  2 -1  0 -2 -2 -3 -3 -1 -3 -4 -3  3  4 -4 -4 -2    2   1  15   1   5   2   5   2   1   1   2   2   0   0   0  27  31   0   0   2  0.64 inf
  172 P    0 -3 -4 -1 -4 -3 -1 -4 -4 -1  0 -2 -2  0  5 -3 -3  6  1  1    6   1   0   5   0   0   4   0   0   4   9   2   1   5  33   1   0  12   5  12  0.76 inf
  173 E    0  0  0  1 -2  1  3 -1 -1  0 -2  0 -2 -3 -2  0  0  0  0 -1    8   6   3   9   1   6  27   5   1   5   4   4   0   0   2   5   5   1   4   4  0.21 inf
  174 R   -2  2  4 -1 -4  1  2 -2  3 -4 -3  1 -2 -2 -3  0  1  0 -2 -3    3  13  20   2   0   6  16   2   8   0   2   7   1   1   0   5  11   2   1   1  0.41 inf
  175 V    0 -4 -5 -5  0 -4 -4 -5 -5  3  1 -4  1  0 -4 -3 -1 -4 -3  5    8   0   0   0   2   0   0   0   0  15  11   0   2   3   0   0   4   0   0  52  0.82 inf
  176 L   -2 -2 -4 -4 -1 -3 -1  0 -3  2  3 -2  4  2 -4 -3 -1 -3 -1  0    3   2   0   0   1   0   4   8   0  15  33   2  13   9   0   0   3   0   1   3  0.39 inf
  177 L   -1  2  0  0 -1  1  0 -2  1  0  1  1  0  0 -2 -1 -1 -2  1  0    3  14   5   4   1   7   7   2   4   7  16   7   2   4   0   3   2   0   5   5  0.08 inf
  178 Q   -3  1 -3 -2  1  6  2 -4  2 -1 -1  0 -1 -4 -3 -2 -3 -4  0 -4    1   8   0   2   3  42  15   1   5   4   5   5   1   0   0   2   0   0   4   0  0.75 inf
  179 L   -1 -4 -4 -4  2 -3 -1 -4 -4  2  4 -4  3  1 -4 -3 -3 -3 -2  2    5   0   0   0   5   0   5   1   0   9  43   0   9   6   0   1   0   0   0  14  0.58 inf
  180 K   -1  0 -1 -2  4  0  0 -1  0  0  1  1  3  1 -1 -1 -1 -3 -2 -2    3   5   2   0  10   4   7   5   3   5  12  13  11   7   2   4   3   0   0   0  0.11 inf
  181 Y   -1  0 -1 -2 -3  1 -1 -2  0 -1  0  1 -2  1 -3 -1 -2  2  5 -1    5   5   3   2   0   9   3   3   2   3  12  10   0   5   0   3   0   2  26   3  0.29 inf
  182 R   -3  6 -1 -3  1  0 -1 -4 -3 -4 -1  3  2 -4  0 -3 -3 -5 -4 -4    1  51   3   0   3   3   4   1   0   0   5  17   5   0   4   0   0   0   0   0  1.02 inf
  183 Y    1  0 -4 -5  1 -2 -4 -5  0  0  0 -2 -3  1 -5 -4 -4  2  8 -1   11   6   0   0   3   2   0   0   1   4   8   2   0   3   0   0   0   2  52   3  1.12 inf
  184 D   -2 -1  1  3 -4  0  3 -2  3  1 -2  1 -2  0 -3 -1 -2 -3  0 -2    2   2   8  21   0   2  19   2   8   9   2  10   0   5   0   2   2   0   3   2  0.32 inf
  185 V    0  4 -1 -3 -1 -2 -2 -3  0  2 -1  1  1  0 -3 -1 -1 -3 -1  1    7  27   2   0   2   0   1   1   2  16   5  10   3   4   0   3   3   0   2  12  0.28 inf
  186 E   -4  1 -3  0 -6  1  7 -5 -3 -6 -5  0 -5 -6 -4 -3 -4 -5 -5 -5    0   6   0   3   0   5  78   0   0   0   1   4   0   0   0   0   0   0   0   0  1.71 inf
  187 I   -2 -3 -3 -4 -3 -3 -1 -4  0  3  1 -2  2  3 -4 -3 -2  4  3  1    3   0   0   0   0   0   6   1   2  18  14   3   6  15   0   1   1   7  11  12  0.41 inf
  188 D   -1  1  2  3  0  0  1 -1  3 -1 -2  0 -3 -1 -3 -1 -2 -3  2  0    3  10  12  19   2   3   9   5   8   3   3   3   0   3   0   3   0   0   7   7  0.24 inf
  189 N    0  2  1  0  0  1  0 -1  2 -2 -1  2  0 -1 -2  0  0 -3 -1 -1    6  10   6   6   2   8   4   5   7   0   6  15   2   2   0   9   6   0   2   4  0.12 inf
  190 S    2 -1  1 -1  3  0 -2  3 -3 -3 -4 -1 -3 -1 -1  1 -1 -4 -3 -2   20   3   8   3   6   4   0  26   0   0   0   3   0   3   3  11   3   0   0   3  0.33 inf
  191 R   -1  2 -1  0  1  1  2 -1  3 -3 -3  2 -2  1  0  1  0 -3 -1 -1    4  12   0   4   3   5  13   4   9   0   1  12   0   7   4  12   4   0   0   4  0.15 inf
  192 R   -1  5  0 -3  2  0  0 -3 -2 -3 -1  1 -2  0  0 -1 -2 -3  0  0    4  44   4   0   4   4   4   0   0   0   4   6   0   4   4   4   0   0   4   7  0.48 inf
  193 S    0  2  0 -1 -2  0 -1  2 -1 -2 -2  0 -2 -2  3  1  2 -2 -2 -2    1  18   1   1   0   1   1  18   0   1   2   1   0   1  18  18  18   0   1   1  0.30 inf
  194 A    1 -2 -2 -2  2 -2 -2 -2  1  1  0 -2 -1  0  1  0  0  3 -1  2   19   1   1   1   5   1   1   1   4  10   6   1   0   5   5   5   5   4   0  23  0.11 inf
  195 L   -2 -2 -4 -3 -2 -3 -1 -4 -3  3  4 -3  2  1 -3 -3 -2 -3  0  1    1   3   0   1   0   0   5   1   0  23  47   1   4   5   0   1   1   0   2   6  0.50 inf
  196 K   -1  4 -2 -2 -4  2 -1 -3 -1 -2 -2  4 -2  0 -3 -2 -1 -3 -1 -2    3  29   0   1   0   7   1   1   1   2   3  37   0   4   0   1   4   0   2   2  0.58 inf
  197 K   -1  4 -2 -2  0  1  0 -3  1 -2  1  3  0 -3 -3 -2 -1 -3 -3 -2    5  27   0   0   3   5   6   1   3   2  14  26   2   0   0   1   2   0   0   2  0.40 inf
  198 I   -1 -4 -4 -4 -3 -4 -4 -4 -4  6  1 -4  3 -2 -4  0 -2 -4 -3  1    3   0   0   0   0   0   1   1   0  62   8   0   7   0   0   7   1   0   0   7  0.99 inf
  199 L   -1 -2 -3 -3  2  2 -1 -3  1  0  2 -2  2  2 -3 -1  0  4  1  0    4   0   0   0   4  12   2   1   4   5  22   0   5   9   0   4   7   7   6   8  0.23 inf
  200 E    0  0  1  0 -4  1  5 -3 -2 -4 -4  0 -3 -4 -3 -1  0 -4 -1 -4   10   4   7   4   0   5  51   1   0   0   1   5   0   0   0   3   6   0   2   0  0.72 inf
  201 R   -1  3  2  0 -4  2  0  2  2 -4 -3  1 -3 -2 -3 -2 -1 -3 -1 -3    4  23   9   4   0  11   5  20   5   0   2   7   0   2   0   1   2   0   3   0  0.37 inf
  202 D   -3 -1  0  7 -5 -2  0 -3  1 -4 -3 -3  1 -5  0 -1 -1 -5 -4 -4    1   3   3  65   0   0   4   1   3   0   3   0   5   0   4   5   3   0   0   0  1.22 inf
  203 D    2 -1 -1  2  0  0  1 -1  0  0 -2  0 -2 -2 -2  1  0 -3 -1  0   20   3   2  15   2   4   9   3   2   6   2   3   0   2   0  13   6   0   2   7  0.14 inf
  204 T    0  0  0 -3 -1 -1 -2 -2  0 -1 -2 -2 -2 -2  4  2  2 -4 -3  0    8   5   4   0   2   3   0   2   3   3   3   0   0   1  24  20  13   0   0   9  0.41 inf
  205 A    3 -2 -3 -3  2 -3 -2 -3 -3 -3 -2 -2 -3 -3  5  2 -2 -4  1 -1   29   2   0   0   5   0   2   1   0   0   4   1   0   0  31  14   1   0   6   4  0.72 inf
  206 A    2 -2  1  0 -3  0 -1  2  0 -3 -3  0 -1 -1 -2  2  1  0  1 -2   19   0   8   5   0   3   3  13   2   0   1   4   1   3   0  21   7   1   5   1  0.23 inf
  207 K    0  2 -1 -2  1  1 -1 -2 -2 -1  0  3  0 -2 -3  1 -1  0 -1  1    9  13   2   0   4   6   0   2   0   2  10  21   2   2   0  11   2   1   2  10  0.16 inf
  208 T   -2  1 -2 -3  2 -2 -3 -4  4 -3 -1 -2  2 -1  5 -1  1 -3  1 -2    2   7   2   0   5   0   0   0  10   0   7   0   5   3  33   4  12   0   5   2  0.63 inf
  209 L    1 -2 -2 -3  1 -1 -2 -2  2  1  1  0  4  1 -2 -1  0 -2  0  0   14   0   0   0   3   0   1   1   8   8  11   6  20   8   0   3   6   0   3   6  0.14 inf
  210 V   -1 -1 -1 -3  1 -2 -2  0 -3  3  0 -1  0 -2 -3 -1  1 -3 -2  3    4   4   4   0   3   0   1  10   0  25   4   4   0   0   0   1   8   0   0  30  0.21 inf
  211 L   -1 -3 -3 -4  2 -3 -3 -1  0  2  4 -3  0  1 -3 -2 -2 -2  0  1    5   0   0   0   7   0   0   5   4  11  50   0   0   4   0   0   0   0   4   8  0.34 inf
  212 C   -1  0 -3 -3  5 -2 -1 -2 -2  0 -1  0  1  1  0 -2  0  1  2  2    3   5   0   0  16   0   5   2   0   2   3   7   5   6   6   0   5   2  10  22  0.24 inf
  213 I   -2 -4 -4 -1 -3 -3 -2 -4 -4  3  1 -4  2 -2 -4 -3 -2 -4 -3  5    1   0   0   5   0   0   3   0   0  18   9   0   5   0   0   0   0   0   0  56  0.81 inf
  214 S    1 -2 -2 -2  0 -1  0 -2 -1  0 -1 -1 -2 -3 -3  4  2 -4 -2 -1   10   0   0   0   2   2   5   0   1   5   7   2   0   0   0  48  10   0   1   5  0.45 inf
  215 D    1  0  1  2 -3  0  2  0 -1 -3 -3  1 -2 -3  1  2  0 -3 -1 -2   11   4   7  11   0   4  14   7   0   1   1   8   0   0   5  17   6   0   2   3  0.22 inf
  216 I   -2 -3 -3 -1 -3 -3 -3 -3  2  5  0 -2 -1 -1  0 -3 -1 -3  1  2    1   1   0   4   0   0   1   2   5  47   3   2   0   2   5   1   4   0   5  17  0.55 inf
  217 V    0  0  0  0  2  0  0 -1  1  0 -1  0  1  0  0  0  0 -2  1  0    5   5   5   5   5   5   5   5   5   5   5   5   5   5   5   5   5   0   5   5  0.03 inf
  218 D   -1  1  0  0  1  0  1 -1  1 -1 -1  0 -3 -1  1  1  0  4 -2 -1    5   9   5   4   3   4   8   5   3   4   5   6   0   3   9  11   5   7   0   3  0.14 inf
  219 T   -1  1  1  0 -3  0  1 -2  0  1 -2  2  0 -1 -1  1  2 -4 -3  0    3   6   6   6   0   3  11   3   2   9   3  12   3   2   2  10  14   0   0   6  0.14 inf
  220 I   -2 -5 -5 -5  1 -3 -3 -4 -5  4  4 -5 -1 -2 -5 -3 -3 -1 -4  3    3   0   0   0   3   1   2   1   0  28  35   0   0   1   0   2   0   1   0  23  0.82 inf
  221 E   -3  0 -3 -1 -2 -1  6 -2 -2 -2 -2 -2 -1 -4 -4 -2  0  2  1  0    0   4   1   1   1   2  53   3   0   3   4   2   1   0   0   2   6   3   6   7  0.81 inf
  222 L   -3 -5 -6 -6 -4 -5 -5 -6 -5  1  5 -5  1 -3 -5 -5 -4 -5 -4  3    2   0   0   0   0   0   0   0   0   5  66   0   2   0   0   0   0   0   0  21  1.29 inf
  223 T   -3 -5 -4 -5  3 -4 -4 -5 -5 -5 -5 -4 -4  3 -5  4  6 -5 -2 -4    0   0   0   0   6   0   0   0   0   0   0   0   0  11   0  26  54   0   1   0  1.41 inf
  224 D   -6 -5 -1  8 -7 -4 -3 -5 -5 -7 -7 -5 -7 -7 -5 -4 -5 -7 -7 -7    0   0   2  94   0   0   0   0   0   0   0   0   0   0   0   0   0   0   0   0  2.79 inf
  225 G   -4 -6 -1 -5 -6 -5 -6  7 -5 -7 -7 -5 -6 -6 -6 -3 -5 -6 -6 -6    0   0   3   0   0   0   0  93   0   0   0   0   0   0   0   1   0   0   0   0  2.40 inf
  226 W   -4 -6 -6 -7 -1 -4 -6 -6  0 -1 -4 -6 -5  3 -6 -3 -3 12  1 -5    2   0   0   0   1   1   0   0   2   4   2   0   0  10   0   3   2  67   4   0  3.03 inf
  227 Y   -6 -6 -2 -3 -7 -6 -3 -7 -1 -6 -6 -6 -6  0 -7 -6 -6 -3 10 -6    0   0   2   2   0   0   2   0   1   0   0   0   0   2   0   0   0   0  89   0  3.11 inf
  228 A    1  0 -2 -2  3 -1 -1 -1  1 -1  0 -1 -2 -1  0  3 -1 -1  0 -1   10   7   0   2   7   2   2   4   3   4   8   4   0   3   5  30   1   1   3   3  0.20 inf
  229 V   -3 -6 -6 -6 -1 -5 -6 -7 -6  6  2 -6  2 -1 -6 -4 -2 -5 -1  4    1   0   0   0   1   0   0   0   0  43  19   0   4   1   0   1   2   0   2  25  1.12 inf
  230 R   -2  4  1  0 -2  1 -1 -4 -1 -4 -4  5 -4  1  0 -3 -2  0  2 -5    3  21   6   5   1   4   2   0   1   0   1  34   0   6   4   0   2   1   8   0  0.64 inf
  231 A    6 -5 -5 -5  3 -2 -5 -2 -5  1 -3 -4 -4  1 -5 -2 -1 -1 -4  0   63   0   0   0   6   1   0   3   0   8   1   0   0   7   0   2   3   1   0   5  1.05 inf
  232 Q    0  1 -1 -1  2  3 -1 -2  0  1  0  1 -2 -3 -3  0  0 -4 -3  1    7   7   2   2   5  18   2   2   2   7  10   9   0   1   0   9   6   0   0  12  0.17 inf
  233 L   -1 -5 -3 -5  4 -4 -5 -2 -5  3  3 -5 -1 -2  1 -4 -1 -5 -2  3    4   0   1   0   8   0   0   4   0  18  34   0   0   1   6   0   4   0   1  18  0.59 inf
  234 D   -4 -6  0  8 -8 -4 -1 -4 -5 -7 -8 -5 -7 -8 -6 -4 -1 -8 -7 -7    2   0   4  86   0   0   3   1   0   0   0   0   0   0   0   0   4   0   0   0  2.42 inf
  235 P    1  0 -1  1 -3  1  1 -1 -2  0 -1  0 -1 -3  3  0  0 -4 -1  0   10   4   3   8   0   7   8   4   1   6   4   6   1   1  18   6   4   0   2   7  0.21 inf
  236 P    1 -1 -2 -2  1 -1 -2 -2  0 -1 -1 -2 -1 -2  5  0  0 -4  0 -1   13   3   2   2   3   3   2   3   3   4   6   1   1   1  32   8   6   0   4   4  0.48 inf
  237 L   -4 -5 -6 -6 -4 -5 -6 -6 -6  2  6 -5  3  0 -6 -5 -4 -5 -2  0    0   0   0   0   0   0   0   0   0  12  71   0   7   2   0   0   0   0   1   4  1.36 inf
  238 M    1  0 -1 -1 -1  1  0 -2 -2  0  0  0 -1  1 -3  1  1 -3  0 -1   12   5   2   2   1   7   8   2   0   7  13   6   1   6   0  14  12   0   2   3  0.09 inf
  239 A    2  3  1 -1 -4  1  1 -1  1 -2 -3  2 -2 -3 -3 -1 -1 -2 -3 -2   20  17   8   3   0   7   8   5   4   2   1  17   1   1   0   3   2   1   0   2  0.33 inf
  240 L    1 -1 -1 -4 -1  1 -3 -3  0  1  3 -2  1  2 -4 -1 -2  2  0  0   15   4   3   0   1   6   0   1   2   6  31   2   4   9   0   5   0   3   3   4  0.24 inf
  241 V   -2 -5 -5 -5  0 -4 -5 -5  0  4  4 -5  0  0 -5 -4 -2  1  0  2    3   0   0   0   2   0   0   0   2  23  42   0   1   3   0   0   1   2   3  16  0.79 inf
  242 K   -1  3  1 -1 -4  1  1 -3  1  0 -2  3 -1 -3 -3  0  0 -4 -3 -2    5  20   6   2   0   6  10   0   3   7   4  19   1   1   0   7   7   0   0   2  0.32 inf
  243 S    0  3  3 -2  2  1  0 -2 -3 -4 -3  3 -1 -5 -3  1  0 -1 -4 -4    9  18  14   1   4   5   5   2   0   0   2  21   2   0   0  13   4   1   0   0  0.45 inf
  244 G   -2  1  3 -2 -2  0 -3  5 -1 -6 -6  1 -5 -5 -4  1 -3 -5 -5 -5    2   6  17   1   1   3   1  48   1   0   0   8   0   0   0   9   0   0   0   0  0.95 inf
  245 K   -2  4 -2 -2  1  1 -1 -4 -2 -1 -2  5 -3 -4 -4 -2  0 -5 -2 -2    1  24   1   1   4   6   3   0   1   5   3  40   0   0   0   1   5   0   1   3  0.74 inf
  246 L   -4 -5 -5 -6 -1 -5 -5 -3 -5  5  4 -2 -1 -3 -5 -1 -4 -5 -4  1    0   0   0   0   1   0   0   2   0  41  42   2   0   0   0   4   0   0   0   6  1.07 inf
  247 T   -1  3 -2 -3 -1  0 -1 -3  0 -2 -1  3 -2  2 -3  0  2  0  2 -1    4  18   1   1   2   3   2   1   2   1   4  19   1   9   1   6  14   1   7   5  0.28 inf
  248 V   -1 -3 -5 -5  1 -3  0 -5 -5  3  0 -3  1  1  1 -3 -2 -5 -3  5    3   1   0   0   3   1   7   0   0  19   6   1   4   5   8   1   1   0   0  40  0.61 inf
  249 G   -3 -6 -4 -5 -7 -5 -2  7 -1 -8 -7 -5 -7 -3  0 -4 -5 -6 -2 -7    1   0   0   0   0   0   3  87   1   0   0   0   0   1   5   0   0   0   2   0  2.11 inf
  250 Q   -1  2 -2  0 -1  5 -1 -2  1 -3 -2  1  1 -2 -4  1  2 -4 -1 -3    4  10   0   5   1  28   1   3   3   1   3   8   3   2   0  11  14   0   2   1  0.44 inf
  251 K   -2  1 -1 -4 -6 -3 -3 -3 -4 -2 -6  7 -5 -6 -5 -4 -2 -6 -5 -5    3   5   3   0   0   0   0   2   0   3   0  81   0   0   0   0   2   0   0   0  1.84 inf
  252 I   -4 -2 -6 -6 -4 -5 -5 -3 -5  5  4 -5  1 -1 -5 -5 -4 -5 -4  1    0   3   0   0   0   0   0   2   0  36  47   0   3   2   0   0   0   0   0   6  1.10 inf
  253 I    1  2 -2 -3  0 -1 -2 -1  2  2  0  0  0  2 -3 -1 -2 -3  0  0   17  13   1   1   2   2   1   3   7  12  10   5   2  10   0   3   1   0   2   7  0.14 inf
  254 T   -2 -5 -5 -5 -1 -4 -2 -6 -5  5  1 -5  1 -2 -5 -4  1 -5 -4  5    1   0   0   0   1   0   3   0   0  31  10   0   3   1   0   0   8   0   0  40  0.95 inf
  255 Q    0 -3 -1 -2  6  2 -3 -2  3  0 -3 -3 -1  2 -4  1  0  4  1 -2    7   0   3   2  21  10   0   3   9   5   2   0   1   8   0  10   5   7   4   2  0.51 inf
  256 G   -2 -3  3 -4  1 -4 -3  6 -4 -5 -3 -4 -5 -5 -5  0 -4 -5 -5 -3    1   1  14   0   3   0   1  65   0   0   4   0   0   0   0   8   0   0   0   2  1.34 inf
  257 A    6 -4 -4 -4 -2 -3 -4  0 -4 -1 -1 -2  0 -4 -1  1 -3 -5 -4 -1   63   0   0   0   1   1   0   5   0   3   7   1   2   0   3   8   0   0   0   3  0.91 inf
  258 E    0  1  0  0 -4  2  3  0 -1 -2 -4  2 -3 -3 -3  1  0 -4 -1 -2    8   8   3   5   0   7  24   6   1   2   0  14   0   1   0  10   7   0   2   2  0.33 inf
  259 L   -2 -3 -5 -5 -2 -2 -4 -3 -3  1  5 -3  2  1 -5 -3 -1  1 -3 -1    3   1   0   0   1   2   0   2   1   6  61   2   4   6   0   2   4   2   0   3  0.79 inf
  260 V   -1  0  0 -1  2  1  0 -2 -1  1  1 -1  0  0  0  0  0 -3 -1  1    2   5   5   3   6   7   4   2   1   8  15   3   2   4   4   6   3   0   2  16  0.05 inf
  261 G    0 -1  3 -1 -1 -2 -1  4  2 -3 -2 -1 -3 -4 -3  2 -2 -4 -4 -3    6   4  18   3   1   0   3  32   5   2   5   2   0   0   1  14   2   0   0   2  0.49 inf
  262 S   -1  0  2  0  2  0 -1 -1  3 -2 -2 -2 -3  0 -1  3  0  3 -1 -2    5   4  11   5   5   3   3   4   8   2   3   1   0   5   3  23   5   5   1   2  0.24 inf
  263 P    0  1  0  0  0  0  0  1  2 -1 -3  1 -2 -2  1  1 -1  0 -1 -1    8   7   4   6   3   5   7  11   6   5   1   8   0   1   7  12   3   1   1   3  0.12 inf
  264 D   -1 -1  3  2 -4  1  2  0  0 -4 -3  1 -3 -2 -3  0  1 -4  0 -3    5   2  16  14   0   5  17   8   2   0   1   7   0   2   0   5   9   0   4   2  0.32 inf
  265 A    2  0 -1 -1 -1 -1  0  2 -1 -3 -2 -1 -3 -2  3  0 -1 -3 -1 -1   16   7   2   3   1   2   6  17   2   0   4   2   0   2  17   6   4   0   3   5  0.25 inf
  266 C    0 -1 -1 -2  6  0 -1 -2  1  2 -2  0  0  1 -3  0  0  1 -2  1    5   4   2   1  19   5   3   3   3  12   1   5   2   7   0   8   7   2   0   8  0.28 inf
  267 A   -1 -2  1  1 -1 -2  2 -1  2  0 -2 -1 -2  1  0  2  0 -3  1 -1    4   0   6   9   1   0  14   5   5   5   3   3   0   6   4  20   7   0   4   4  0.16 inf
  268 P   -1 -4 -4 -1 -4 -3 -1 -4  3  1 -1 -3  0 -1  6 -1 -3 -5  0  1    6   0   0   4   0   0   5   0   6   8   5   0   3   3  40   4   0   0   3  12  0.81 inf
  269 L   -2 -2 -4 -1 -3 -3 -2 -3  1  2  4 -2 -1  1 -4 -1 -1  2 -2  0    2   2   0   4   0   0   2   2   3  12  47   2   0   6   0   6   4   3   0   4  0.46 inf
  270 E   -2 -1  2  3 -5  0  5 -4 -3 -5 -2 -1 -4 -2 -4  0 -1 -5  0 -3    2   3   8  16   0   4  42   0   0   0   4   3   0   2   0   6   3   0   3   2  0.71 inf
  271 A    3 -3  0  0  2 -1 -2  0 -3  0 -1  0 -1 -3 -1  0  0  0 -1  0   34   0   5   5   6   1   1   8   0   5   6   6   1   0   3   5   4   2   3   5  0.22 inf
  272 P    0 -2  0  0 -4 -2  1 -2 -1 -2 -1  1 -2 -2  4  0 -1 -4  3 -1    9   1   4   4   0   1  11   3   1   1   8   8   1   1  25   6   2   0  10   3  0.38 inf
  273 D   -1 -1  2  3 -1  0  3  1  1 -4 -4 -1 -4 -2 -2  1 -1 -1 -1 -3    5   3   8  18   2   3  23  11   4   0   1   3   0   1   1   9   4   1   2   2  0.35 inf
  274 S   -1 -1  1  1  0  0  1 -2 -3 -4 -3  0  0 -4 -3  4  3 -5 -4 -4    2   3   5   9   2   5  10   2   0   0   1   5   3   0   0  35  18   0   0   0  0.51 inf
  275 L    1 -2 -2 -3  0 -1 -2 -2 -3  1  2 -2  1 -1 -2  0  1 -3 -1  2   12   1   1   0   2   2   2   1   0   9  22   1   3   2   2   9  10   0   2  17  0.18 inf
  276 R    0  0 -1 -2  3  0 -1 -3  0 -1  0  0  4  0 -3  0  0  0  2  0    8   6   4   1   8   4   5   1   3   2   7   4  16   4   0   5   6   1   7   8  0.16 inf
  277 L   -5 -6 -7 -7 -5 -5 -6 -7 -1  1  6 -6  0  1 -6 -6 -4 -5 -1  0    0   0   0   0   0   0   0   0   1   7  78   0   2   6   0   0   0   0   2   4  1.44 inf
  278 K   -1  1  0 -2 -1  1  0 -2 -1 -1  0  3  2 -3 -3  1  0 -3  0  0    4   8   3   1   2   7   5   1   1   3  10  25   6   0   0  10   4   0   4   5  0.18 inf
  279 I   -2 -4 -5 -5 -3 -4 -5 -5 -5  4  4 -4  2  0 -5 -4 -1 -4 -3  1    3   0   0   0   0   0   0   0   0  28  50   0   3   2   0   0   3   0   0   8  0.92 inf
  280 S   -1  0  2 -2  0 -1 -1 -2  6 -3 -1 -1 -3  0 -4  2  1 -4  2 -3    2   5  10   1   2   2   2   2  22   0   8   3   0   4   0  20  10   0   6   1  0.42 inf
  281 A    2 -1  0 -4 -1 -3 -3  1  0  1 -1 -3  0  1 -4  1 -1 -2  5 -1   21   3   4   0   1   0   0  12   1  10   4   0   2   4   0  10   3   0  22   3  0.32 inf
  282 N   -5 -4  8 -3 -6 -4 -4 -4  2 -7 -7 -4 -6 -5 -6  0 -4 -6  2 -6    0   0  82   0   0   0   0   0   5   0   0   0   0   0   0   5   0   0   8   0  2.25 inf
  283 S    1 -2  2 -3  3 -1 -3  3 -3 -2 -3 -3 -4 -5 -4  4  0 -5 -4 -4   10   1  11   0   6   2   0  23   0   3   3   0   0   0   0  37   5   0   0   0  0.62 inf
  284 T   -1 -2 -3 -4  4 -3 -4 -4 -4  2 -1 -3  0  1 -4  0  5 -4 -3  2    3   2   0   0   9   0   0   0   0  13   4   0   1   7   0   7  38   0   0  14  0.62 inf
  285 R   -2  5 -2 -4 -1  1 -2 -4  3 -2 -1  1  0  1 -4  0 -2  0  1 -4    3  42   1   0   1   5   0   0   7   3   5   7   2   5   0   9   2   1   6   0  0.62 inf
  286 P   -2  4 -3 -4  1 -2 -1 -3 -3  0  0  0 -1  0  5 -2 -2 -4 -3 -1    2  24   0   0   3   0   3   2   0   5  11   6   1   4  33   2   1   0   0   3  0.69 inf
  287 A    5 -3 -4 -4  2 -3 -1 -2 -4  1 -2 -3 -3 -4 -3 -1 -1 -4 -4  2   52   1   0   0   4   0   4   2   0   9   2   0   0   0   0   3   2   0   0  18  0.73 inf
  288 R    0  4 -2 -1  1  0  0 -3  3 -1 -1  1 -3 -3  3  0 -1 -4 -1 -3    7  27   1   4   3   2   5   1   8   4   5   8   0   0  13   5   3   0   1   1  0.36 inf
  289 W   -2  0 -2  0 -2 -1 -1 -3 -4 -3 -1  0 -4 -2 -1  1 -3 10  1 -4    2   6   2   5   1   2   5   2   0   1   6   6   0   1   3   9   1  43   3   1  1.38 inf
  290 H    0  0  2  3 -1 -1 -1 -1  4 -3 -3 -1 -3  0 -2  0 -1  0  3 -3   10   4  11  20   2   2   2   3  12   1   1   3   0   4   1   7   3   1  12   1  0.34 inf
  291 S    3  0 -1  0  1  0  0 -1  0 -1 -2 -1  0 -2 -2  1  2 -3 -2 -1   28   6   2   5   3   3   8   3   2   4   3   1   2   2   0   8  14   0   1   4  0.18 inf
  292 R   -1  3 -1 -3 -4  1 -2 -4 -1 -2 -4  5 -3  0  1  0  0 -4 -2 -3    4  18   2   0   0   5   0   1   1   2   1  41   0   4   7   6   5   0   1   1  0.67 inf
  293 L   -4 -5 -5 -5 -4 -4 -5 -5  1  1  6 -5  0 -3 -5 -5 -4 -4 -4  0    1   0   0   0   0   0   0   1   4   7  78   0   1   0   0   1   0   0   0   4  1.36 inf
  294 G    0 -5 -4 -4 -5 -4 -5  7  1 -6 -6 -4 -5 -5 -5 -3 -4 -5 -5 -5    6   0   0   0   0   0   0  84   4   0   1   0   0   0   0   1   0   0   0   0  1.96 inf
  295 F   -2  1 -4 -4 -4 -2 -2 -4 -1 -1  1 -1 -1  5  0 -3 -3  0  4 -1    3   8   0   0   0   1   2   1   1   3  15   5   1  30   4   1   1   1  16   5  0.58 inf
  296 F   -1  1 -2 -1  4  4 -2 -3  3 -2 -1 -1 -1  2 -3 -1  0 -3  1 -1    3   7   0   3  11  26   1   1   7   1   7   2   1  10   1   4   7   0   5   3  0.40 inf
  297 R   -2  3 -1 -2 -4  1  1 -3  4 -2 -2  3 -3 -2  2 -1 -2  2 -2 -2    2  15   2   1   0   5   9   1  12   2   3  23   0   1  12   4   1   3   1   2  0.46 inf
  298 D   -1  1  1  2 -1  2  0 -1  2 -2 -2  2 -2 -3  0  0  0 -3  0 -1    4   8   8  13   1   9   5   5   7   2   2  14   0   0   4   5   5   0   3   4  0.19 inf
  299 P    0  0  0  0  1  0 -2 -2  0  0 -3  0 -3 -3  5  0  0 -3 -1 -2    8   6   4   4   3   4   2   3   2   6   2   7   0   1  32   5   7   0   2   3  0.48 inf
  300 R    0  2 -1 -1  0  0 -1  1  0 -1  0  1  0  0  0  0  0 -2 -1 -1    9  15   2   2   2   2   3  12   2   2   8  10   2   5   4   3   8   0   2   5  0.07 inf
  301 P    0 -2  0 -3 -3 -2 -1 -1 -1 -1 -2  1 -1 -1  6  0 -1 -2 -1 -2    7   1   6   1   0   1   3   6   2   5   3   8   1   3  37   9   2   1   3   3  0.62 inf
  302 F   -3  0 -4 -3  2 -1 -4 -4 -3  1  0 -4  1  7  0 -2 -3  1  1  0    1   5   0   1   4   4   0   1   0   7   8   0   3  45   6   4   1   2   3   6  0.78 inf
  303 P   -1  0 -2 -4  2 -3 -3 -4 -2  2  1 -2  1 -1  4 -1 -1 -4 -1  1    4   7   2   0   5   0   1   0   1  13  14   1   3   2  25   6   2   0   2  11  0.43 inf
  304 L    0  2 -2 -4 -1 -3 -3 -4 -2  2  3 -1  0 -2 -2  0  0 -4 -3  2    6  12   2   0   1   0   0   0   1   9  29   3   2   1   1   9   4   0   0  17  0.27 inf
  305 P    1 -2  1 -3 -1 -2 -3 -1 -3 -3 -3  0 -4 -4  5  3  2 -5 -4 -4    9   1   7   0   2   2   0   3   0   1   2   7   0   0  28  21  13   0   0   0  0.63 inf
  306 L   -3 -4 -5 -3 -2 -3 -5 -5 -5  3  5 -3  1  2 -5  0 -3 -4 -3 -1    2   0   0   1   1   1   0   0   0  17  53   1   2   8   0   7   0   0   0   2  0.78 inf
  307 S   -1  4  1 -1 -1 -1 -2 -1  1 -3 -4  2 -3 -3 -1  3 -1 -5 -2 -4    3  21   6   3   2   2   1   5   3   1   1  15   0   1   2  27   2   0   1   0  0.43 inf
  308 S    1 -2 -1  3  3 -1 -2 -2 -2 -5 -3 -2 -1 -2 -4  5  0 -1 -4 -4   10   2   3  16   6   2   2   1   1   0   2   1   2   1   0  43   5   1   0   0  0.63 inf
  309 L   -2 -5 -5 -6 -2 -5 -5 -6 -5  4  4 -5  1 -1 -5 -3 -3 -5 -4  3    3   0   0   0   1   0   0   0   0  25  43   0   2   2   0   1   1   0   0  19  0.90 inf
  310 F   -1  1 -1  1 -2 -1 -1 -3  3 -1 -1  2 -1  2 -3  1  1 -3  0  1    3   7   2   8   1   1   1   0   8   3   6  13   1   9   0  10  11   0   3  10  0.13 inf
  311 S    0 -2 -2 -1 -1  2  0 -2 -1 -2 -3  0 -1 -3  5  2 -1 -4 -2 -1    6   2   1   4   1  10   6   2   1   3   2   5   2   1  30  17   2   0   1   6  0.51 inf
  312 D   -2  0  3  5 -1 -1  1  2 -1 -4 -2 -2 -2 -5 -4 -1 -1 -5 -4 -4    3   4  16  36   2   1   6  14   1   0   5   1   1   0   0   4   3   0   0   0  0.65 inf
  313 G   -2 -5 -2 -5 -6 -5 -5  7 -5 -7 -7 -5 -6 -6 -5 -1 -3 -6 -6 -6    2   0   2   0   0   0   0  88   0   0   0   0   0   0   0   4   2   0   0   0  2.16 inf
  314 G    0 -5  0 -3 -5 -5 -5  7 -5 -6 -6 -2 -5 -6 -5 -3 -4 -5 -6 -6    7   0   4   1   0   0   0  82   0   0   0   3   0   0   0   0   0   0   0   0  1.89 inf
  315 N    0  0  1 -2 -1 -1  0 -3 -2  1  2 -1  1 -2  2 -1  1 -3 -1  0    7   5   7   1   1   1   8   0   0   7  21   4   5   0   9   4   9   0   2   7  0.12 inf
  316 V   -3 -5 -6 -6  2 -5 -5 -6 -6  4  0 -5 -2 -4 -5 -2 -3 -6 -4  6    1   0   0   0   4   0   0   0   0  26   9   0   0   0   0   2   0   0   0  56  1.29 inf
  317 G    0 -1 -2 -3  0 -2 -3  2 -4 -4 -4 -3 -1  0  6  2 -1 -4 -4 -2    6   3   1   0   2   2   0  18   0   0   1   0   1   5  37  16   3   0   0   3  0.79 inf
  318 C    2  1 -3 -4  7 -1 -3 -2  1 -3  1  0  0 -1 -4  1 -2 -1 -2 -2   15  10   0   0  26   3   1   2   4   0  12   6   2   2   0   9   0   1   1   2  0.55 inf
  319 V   -2 -5 -5 -5 -4 -4 -5 -5 -5  4  2 -4  5 -3 -5 -4  2 -4  1  3    2   0   0   0   0   0   0   0   0  29  17   0  15   0   0   0  12   0   5  18  0.79 inf
  320 D   -3  2 -1  5 -3  0  3 -4  0 -3  0  1 -1 -3 -4 -1 -2 -5 -3 -4    1  10   2  35   1   4  18   0   2   1  10   7   1   1   0   4   1   0   1   1  0.62 inf
  321 I    1 -5 -5 -5  0 -4 -5  1 -5  2  1 -4 -2  0 -4 -3 -2 -5 -4  5   14   0   0   0   2   0   0  11   0  10  12   0   0   4   0   0   1   0   0  44  0.69 inf
  322 I   -2  0 -3 -4  0 -3 -2 -1  0  3  0  0 -1  0 -4 -2 -1 -4 -1  4    1   4   0   0   2   1   2   6   3  16   8   6   1   5   0   2   4   0   2  37  0.38 inf
  323 V   -3 -5 -5 -5 -4 -5 -5 -6 -6  5 -1  0 -2 -4 -5 -5 -3 -5 -4  6    1   0   0   0   0   0   0   0   0  34   3   5   0   0   0   0   0   0   0  53  1.35 inf
  324 Q    0 -1  0 -2  1  1  1 -3 -1  1  1  0 -1 -3 -3  0  2 -4 -3  1    9   1   5   1   3   9  11   1   2   7  16   6   1   0   0   5  13   0   0  10  0.13 inf
  325 R   -1  6 -3 -4 -5 -1 -2 -5  2 -5 -5  4 -4 -4 -4  0 -3 -5 -2 -5    6  51   0   0   0   1   1   0   4   0   0  26   0   1   0   6   1   0   1   0  1.28 inf
  326 V    1  0 -2 -3 -1 -2 -2 -3 -3  3 -1  2 -1 -3 -1 -1  0 -4 -2  3   12   5   1   0   1   1   1   1   0  20   3  14   1   0   3   4   5   0   1  26  0.31 inf
  327 Y   -4 -4 -4 -2 -1 -4 -4 -5  1  1  2 -4  0  4 -5 -2 -4 -2  7 -1    0   0   0   3   1   0   0   0   4   7  17   0   2  18   0   4   0   0  39   3  0.99 inf
  328 P   -3 -4 -4  1 -5 -2  1 -1 -1 -5 -1 -2 -4 -5  7 -1 -4 -5 -5 -5    2   0   0   7   0   2  11   4   2   0   6   2   0   0  58   4   0   0   0   0  1.39 inf
  329 L   -1  0 -2 -1 -1 -1 -1 -3 -3  2  1 -1  2 -1  1  0  1 -3 -1  1    3   5   0   4   1   1   3   0   0  18  14   2   7   2   9   9   8   0   2  10  0.15 inf
  330 Q    0  0  0 -1  1  1 -1  0 -2  0  1  1  2  0 -3 -1 -1 -2  0  0   10   5   4   3   3   8   1   7   0   3  16  11   9   5   0   2   3   0   3   5  0.05 inf
  331 W   -4 -5 -5 -5 -5 -4 -5 -5  2 -1 -2 -5 -3  6 -5 -2 -1  5  7  0    0   0   0   0   0   0   0   0   4   4   3   0   0  31   0   3   3   9  35   6  1.36 inf
  332 V   -2  0 -1 -3  0  0 -2 -3 -1  1  1  1  3  0 -3 -1  0 -3  0  1    0   5   3   0   2   5   2   0   1  10  16  11  11   4   0   5   4   0   4  14  0.16 inf
  333 E   -1 -3 -1  1 -5  2  5 -4 -3  0 -3  0 -3 -3 -2  0  0 -5 -4  0    3   0   3   8   0   8  43   0   0   7   2   4   0   1   1   8   5   0   0   8  0.58 inf
  334 K   -2  1 -1  0 -4  2  2  0 -2 -1 -3  4 -1 -2 -3 -1  1  2 -2 -1    2   8   2   4   0   8  12   6   0   4   0  30   2   2   0   4   9   3   1   3  0.33 inf
  335 T   -1 -1  1  0  1  1  0 -1 -1  0  0  0 -1  0 -3  0  2 -3 -1  0    3   2   7   6   3   6   6   3   1   6  11   7   1   4   0   7  18   0   1   8  0.08 inf
  336 V   -1  0  0  1 -1  1  2 -1  1  0 -1  0 -1 -2  2  1  0 -4 -2  0    3   4   5   7   1   5  16   3   4   5   6   4   1   1  10  11   5   0   0   9  0.12 inf
  337 S   -1  2  3  2 -1  1  1  1 -2 -2 -3  1 -2 -4 -3  1  0 -1 -3 -2    3  11  16  14   1   5   6  12   0   2   1   7   1   0   0   9   6   1   0   3  0.28 inf
  338 G    0 -1  1  1 -3  0  0  4 -3 -1 -2  1 -2 -3 -3  1  0 -4 -3 -3    7   3   7   6   0   3   7  31   0   5   3   9   1   1   0   9   7   0   0   1  0.31 inf
  339 L    0  2  0 -1 -1  1  0  0  0 -2  0  1 -1 -2  0  0  0 -3  1 -1    9  11   3   3   1   5   5   9   1   0  13  12   1   1   4   9   4   0   6   3  0.08 inf
  340 Y    0  2  0  0  0 -1 -1  0  0 -2 -2  1 -2  0 -2  1  1 -2  3 -1    6  14   5   5   3   2   3   6   2   2   3   7   0   3   1  14   7   0  13   4  0.16 inf
  341 I    0 -2  1 -2 -1  1 -1  0 -2  3 -1  0  0 -3 -2  0  0 -4 -3  2    7   1   9   2   1   6   3   6   1  21   5   5   3   0   1   8   6   0   0  16  0.17 inf
  342 F    0  0 -2 -3 -3 -3 -2 -3  1  1  0 -1  0  4  0 -2  1 -1  3  1    8   4   2   1   0   0   2   1   4   6   8   4   3  19   5   1   9   1  10  12  0.26 inf
  343 R   -3  6  1 -3  1 -1 -2 -3 -1 -1 -1 -1 -1 -5 -1  0 -2  4 -2 -5    1  51   6   1   3   2   1   1   1   3   5   3   1   0   4   6   2   6   1   0  0.97 inf
  344 S   -2 -2  4  0  2  1  0  1 -2 -3 -3 -3 -2 -3 -2  3  1  2 -4 -2    1   2  20   5   5   5   5   9   1   1   3   0   1   1   2  25   9   3   0   2  0.42 inf
  345 E   -1  0 -1  1 -3  0  5  0 -1 -2 -2 -1  0 -2  1 -1  0 -4 -4 -3    6   4   2   5   1   3  39   7   1   3   4   3   2   2   6   4   5   0   0   1  0.45 inf
  346 R   -1  5  0 -1 -4  0  0 -2 -3 -1 -1  1 -3 -3  1 -1  0 -4 -2  0    5  33   4   4   0   4   7   3   0   3   6   6   0   1   6   3   6   0   1   6  0.36 inf
  347 E    1  1  2 -1  1  1  4 -3  0 -3 -2 -1  1 -4 -3  0 -1  0 -1 -2   15   7   9   3   3   5  30   1   3   1   3   1   4   0   0   5   4   1   2   2  0.37 inf
  348 E   -2  0  1  1 -6  1  6 -1 -3 -3 -2 -1  0 -5 -4 -2 -1 -1 -3 -2    2   5   6   7   0   5  51   4   0   1   4   3   3   0   0   1   4   1   1   2  0.81 inf
  349 E    0  0 -1 -1 -5  0  5 -2  1 -3 -2  1  0 -4 -4 -1 -3 -5 -2 -2    6   5   3   2   0   4  47   3   3   1   5   7   2   1   0   3   1   0   1   4  0.67 inf
  350 K    1  2 -1  0 -4  2  2 -2 -2 -3 -2  4  1 -2 -2 -1 -1 -5 -4 -2   12  10   2   5   0   7  12   2   0   1   3  28   4   2   2   3   4   0   0   2  0.39 inf
  351 E    0  1 -2  0 -2  2  4 -4  0  0 -2  1  1 -4 -1 -3 -2 -5  0 -1   10   9   1   3   1   9  32   0   2   6   2   8   4   0   2   0   2   0   3   4  0.42 inf
  352 A    1  1  0 -1  0  1  1 -1  1 -1  0  0  1 -1 -2  0  0  1  0  0   14   9   4   2   2   6  10   5   4   4   7   6   5   2   0   6   4   2   2   5  0.06 inf
  353 L    0  0  1  1 -3  2  0 -3  0  0  0  0  1 -2 -1  0  0 -3  0  0    8   5   5  11   0  11   6   0   2   6  10   6   5   0   3   7   4   0   3   6  0.09 inf
  354 R    0  3  0  0 -3  0  1 -3  0 -1  0  2  1 -1 -3 -1  0  1  0 -2   10  17   4   5   0   4   9   0   3   5   9  12   5   2   0   4   7   2   3   0  0.17 inf
  355 F   -1  0  0 -2 -4 -1 -1 -2  4  0  0  0 -3  2 -2 -1  0  4  5 -2    4   5   5   2   0   2   4   3  11   5   8   6   0   7   2   4   5   5  19   2  0.35 inf
  356 A    2 -1  2  0  0  1  2 -2  2 -1 -1  0  0 -4 -2  0 -1  0 -2 -1   17   3  11   6   2   7  15   3   5   3   6   4   3   0   1   5   3   2   1   4  0.16 inf
  357 E    0  0  0  2 -5  2  4 -2  1 -3 -1  1  0 -4 -2  0 -3 -5 -2 -2   10   4   3  10   0   9  30   3   3   1   5   8   2   0   2   6   0   0   2   2  0.40 inf
  358 A    1  3  1  1 -2  2  2 -3  1 -1 -2  0  0  0 -3 -1 -2 -4 -1 -2   15  19   6   8   1   8  11   1   4   4   3   5   3   4   0   3   1   0   2   3  0.25 inf
  359 Q   -2  3  0 -2  3  4  0 -3  0 -1 -1  1 -1 -1 -4 -2 -1  4 -1 -1    3  15   4   2   5  20   6   2   2   4   5   9   2   2   0   1   4   7   2   4  0.37 inf
  360 Q    0  2 -1 -1 -2  3  2 -2  0 -3  0  0  0 -1 -4  1 -2 -1 -1 -2    6  12   3   2   1  17  16   3   2   1   9   6   2   3   0   9   1   1   2   3  0.26 inf
  361 K    0  2 -2  0 -5  1  1 -4  0 -2 -2  4 -1 -3 -4  2 -1 -5 -4 -3    9  11   2   5   0   6   7   0   3   2   5  30   1   1   0  14   3   0   0   1  0.49 inf
  362 K    1  1  0 -1 -1  0  1 -1 -2  1 -1  2  0 -2 -3  0 -1 -4 -2  1   14   8   5   3   1   5   7   3   1   8   5  17   3   2   0   6   2   0   1  10  0.14 inf
  363 L    0  1 -2 -4 -3  0 -2 -3  0  2  2 -2  4 -1 -4  0 -1 -4 -1  1    9   9   2   0   0   4   2   1   2  14  23   1  10   2   0   6   4   0   2   8  0.28 inf
  364 E   -2 -2 -2  3  0  2  6 -3 -1 -6 -6 -2  0 -6  0 -3 -2  0 -5 -6    4   2   1  15   2   9  50   2   1   0   0   1   2   0   5   2   2   2   0   0  1.10 inf
  365 A    2  1  0  1 -2  0  0  1 -2 -1 -2  2 -2  0 -2  0 -1 -4 -2 -1   20   8   3   7   1   5   6  10   1   3   2  15   1   4   1   7   3   0   1   3  0.17 inf
  366 L   -1 -3 -1 -3 -2 -3  0 -3 -1  2  3 -2  0  0 -1 -1 -1  3 -1  0    6   1   4   1   1   0   8   2   2  15  31   2   2   3   4   3   4   4   2   7  0.26 inf
  367 F    0  0 -4 -4  0  0  0 -4 -3  0  1 -1  1  4 -4  0 -2  1  2  1    9   5   0   0   2   5   8   0   0   6  11   4   4  18   0   6   2   2   8   9  0.26 inf
  368 T    1  1  0  0  0  1  1 -3  0 -3 -1  0 -3 -1 -3  2  2 -4 -2 -2   12   8   4   5   2   5  10   1   2   1   6   6   0   2   0  19  11   0   1   3  0.20 inf
  369 K   -2  0 -1  0 -5  2  4 -1 -4 -2 -3  5 -4 -5 -4 -2 -2 -5 -5 -1    3   5   3   4   0   8  23   5   0   2   2  35   0   0   0   2   1   0   0   5  0.72 inf
  370 V    1  0 -1 -2 -3 -1  0 -1 -1  3  1 -1  1  1 -3  0 -2 -1 -1  1   16   6   2   2   0   2   6   4   2  18  10   2   3   6   0   6   1   1   2  10  0.12 inf
  371 H   -2  1  0  2 -1  5  3  0  3 -3 -2 -1  0 -5 -4 -2 -2 -5 -2 -3    3   6   5  11   1  27  16   6   8   1   4   2   2   0   0   2   1   0   1   2  0.56 inf
  372 T    0  1  0  1 -1  0  1  0 -2 -2 -2  2 -1 -3  0  0  1 -4 -2 -1    9   8   5   9   1   3  12   8   0   2   4  14   1   1   4   7   7   0   2   3  0.14 inf
  373 L   -1  0  0  1  0  1  3 -1 -1 -1  0  0  0 -1  0  0  0 -2  0 -2    4   6   4   6   2   7  21   6   1   3  10   4   3   2   4   5   7   1   4   2  0.14 inf
  374 S    0  0  0 -1  2  0  1 -1 -1  1  0  0  2  2 -1  0 -1 -3  1 -1    7   5   4   2   5   4   9   3   2  10   7   6   6  10   3   7   2   0   4   3  0.05 inf
  375 R   -1  3  0  1  1  0  2  0 -2 -1 -2  0  0  0  0 -1 -2 -3  1 -1    3  18   4   8   3   4  14   6   0   5   4   5   3   3   6   4   0   0   7   4  0.16 inf
  376 D    0  0  0  1  1  0  1  0  1 -1 -2  0 -2  0 -3  0  0  2  1 -1    6   5   5   9   4   4  11   7   4   3   4   7   0   4   0   9   4   3   6   4  0.09 inf
  377 V    0 -1  0  0 -3  0  0 -2  1  1  0  0  1 -1 -1  0  0 -3  0  2    7   4   4   7   0   3   6   2   4   6  11   5   3   3   2   5   4   0   4  20  0.06 inf
  378 T    0  0  0 -1  0  0  1 -1  1  0 -1  0  0 -1  1  0  1  0  1  0    6   5   5   2   3   4  13   3   4   5   5   4   3   2   8   7   9   1   5   7  0.07 inf
  379 T    0  1 -1 -1  0  1 -1 -1  0 -1 -3  0 -1 -4  1  3  2 -4 -1 -2    9   9   2   3   2   5   4   4   2   4   2   6   2   0   8  21  14   0   2   2  0.23 inf
  380 V   -1  3 -1 -1  0  0  0 -1  1  1  1  0  0  0 -2 -1  0  0  0  1    4  18   2   3   2   3   5   4   4   7  12   6   3   4   2   2   5   2   3  10  0.10 inf
  381 W    0  1 -1 -2  0  0  0 -2 -1  0  1 -1  1  0 -1  0  0  5  1 -1    7   7   3   2   2   5   7   2   1   4  14   4   4   4   4   7   6   7   5   4  0.11 inf
  382 K   -2  2  1 -2 -5  0  2 -4 -4 -2  2  3 -3 -2 -4  0 -1  0 -4 -2    3  12   7   2   0   3  13   1   0   2  20  21   0   2   1   6   3   1   0   2  0.42 inf
  383 L   -2  1 -1 -1 -1  0  0 -2 -3  2  0  0  1 -1 -2  0  1  0 -1  1    2   8   2   3   1   3   8   3   0  12  10   5   4   2   2   8  12   1   2  11  0.10 inf
  384 R   -1  5 -1 -3 -1 -2  0 -5  0 -3  0  2 -1 -2 -1 -1 -1  1  1 -4    4  36   3   2   1   1   5   1   2   1  10  12   2   2   3   4   4   2   4   1  0.61 inf
  385 V    0 -2 -1 -1  2  3  0 -3 -1  2  0  0 -1 -4 -3 -1 -1  0 -4  3    8   1   3   4   4  14   7   2   1  13   8   5   1   0   1   3   4   1   0  21  0.27 inf
  386 T   -1  0  0  0  1  2  2 -1  1 -1 -1 -1 -2 -2 -3  1  1 -4 -2  0    5   4   5   6   4  12  12   4   4   4   6   3   1   2   1  12   9   0   1   7  0.14 inf
  387 S   -2  1 -1  3 -2 -2  0  0 -2  0 -1 -1 -2 -3 -4  2 -1 -5 -2  1    3   8   2  21   1   1   5   8   1   6   7   3   1   1   0  15   4   0   2  10  0.23 inf
  388 Y    0  1 -2  0  3 -3  0 -2  1 -1  1 -3  0  2 -1 -2  0 -3  3 -2    8   9   2   7   6   0   6   2   3   4  15   0   2  10   4   2   6   0  12   2  0.18 inf
  389 K    0  2  0  2  2  1  1 -1  1 -3 -2  0  1 -4 -3  1  0 -4 -1 -2    9  15   4  10   5   5   9   3   3   1   4   6   4   0   0  11   4   0   2   3  0.19 inf
  390 K   -1  2  0  1 -2  0  0 -3 -1 -1  0  2 -2 -1  0  1 -1 -4 -1 -1    5  11   3  10   1   4   6   1   2   3  13  13   0   3   4  13   4   0   1   3  0.13 inf
  391 K    0  1  2  1 -1  3  1 -2  2 -2 -3  2 -2 -4  0  0 -1 -5 -4 -2    6   9  10   9   1  14   8   3   5   2   2  12   1   0   4   8   3   0   0   3  0.29 inf
  392 E   -1 -2  0  3 -5  1  4 -1 -1 -2 -2 -1 -1 -3  0 -1  0 -5 -3 -3    5   2   4  18   0   5  28   5   1   3   4   4   2   1   5   3   7   0   1   2  0.41 inf
  393 K   -1  1 -1  0  0  1  0  4 -2 -4 -3  1 -4 -2 -2  0  0 -5 -4 -2    5   9   2   6   2   7   5  34   1   1   3   8   0   2   1   5   6   0   0   3  0.43 inf
  394 S    0  0  1  0  2  1  0  0  2 -2 -1  0  1 -2  1  0  0 -3  1 -1    6   6   6   6   6   6   6   6   6   0   6   6   6   0   6   6   6   0   6   6  0.07 inf
  395 A    2 -1 -1 -2  2  0  2  0 -1 -1 -2  1 -2 -1 -1  0  0  0 -2  0   24   3   2   2   6   5  13   7   1   2   3   8   0   2   2   4   7   1   1   8  0.16 inf
  396 L    0 -1 -2  0  0 -1 -1 -2 -1  3  2 -2  1 -1  0 -1 -1 -3  0  1    6   3   1   6   2   3   3   2   1  19  25   2   2   2   4   5   3   0   3   8  0.14 inf
  397 L   -1 -2 -3  0  1 -2 -3 -2  0  2  3 -3  0  1 -4 -1 -1  1  2  1    4   2   0   6   3   2   0   2   2  14  28   0   1   5   0   4   3   2  10  10  0.26 inf
  398 S    0  0  2 -1 -3  1  1 -1  1 -2 -2  1 -3 -2 -2  1  3 -4 -3 -2    6   4   9   1   0   8  11   4   3   1   3  11   0   2   1  11  22   0   0   2  0.28 inf
  399 I    1 -1 -1 -2 -1  0 -1 -1 -3  2  1 -1  1  1 -3 -1  0  3 -2  1   13   4   2   2   1   5   4   5   0  17  11   2   4   5   0   4   6   4   0  10  0.11 inf
  400 W   -3 -4 -3 -2 -1 -4 -3 -3  0 -1  1 -1  0  0 -2  0 -4  9  2  1    1   0   1   2   2   0   1   2   2   3  16   5   2   4   2   7   0  30   8  11  0.97 inf
  401 R    0  2  1  2  1  1  2 -2 -2  0 -2  1  0 -4 -3  1 -1 -4 -3 -2    6  12   8  11   3   7  17   2   0   5   3   6   3   0   0  11   4   0   0   2  0.23 inf
  402 P   -1 -1  2  2 -4 -1 -1 -2  0 -1 -2 -1 -3 -4  5  1  0 -4 -1 -1    4   3  12  14   0   2   2   2   2   3   3   3   0   0  26   9   7   0   2   5  0.46 inf
  403 S    2 -1  0  1  2 -1  0  0 -3 -2 -1 -2 -1 -4  2  1  1 -4 -3 -2   23   3   4   7   4   2   4   7   0   2   7   1   1   0  10  11  10   0   0   2  0.21 inf
  404 S    1  0 -1  2  0 -1  3 -2 -1 -2 -1  0 -3 -1  3  1 -2 -4 -1 -3   11   5   2  13   2   2  19   3   1   2   6   4   0   3  13  10   1   0   2   1  0.25 inf
  405 D   -1 -1  0  5 -5  0  4 -4 -3 -5 -2 -1 -4 -5 -4 -1  0 -5 -5 -4    5   3   4  39   0   4  27   1   0   0   5   3   0   0   0   4   5   0   0   0  0.89 inf
  406 L   -1 -2 -1 -1 -3  1  0 -1  1  1  2 -2  0 -2  3 -2 -1 -1 -1  0    3   2   3   3   0   7   6   5   3   8  25   0   2   1  17   1   4   1   1   6  0.23 inf
  407 S    0  0  0  0  2  0  2 -1  0  0  0  0 -1 -1 -2  0 -1 -2  2  0    6   4   5   4   5   5  14   3   1   7  11   4   1   1   1   8   2   0  10   6  0.08 inf
  408 S    0 -1 -2  2 -2  0  2 -2  2 -1 -2 -1 -3 -1 -1  2  1 -4  2 -1    5   3   0  12   1   3  15   3   5   4   2   2   0   3   2  20   8   0   7   4  0.24 inf
  409 L    0 -1  0 -1 -1 -1  0 -2  1  1  2 -1  2  0 -2 -1 -1 -3 -1  0   11   3   6   3   1   1   7   3   3   6  26   4   8   4   1   4   2   0   2   3  0.10 inf
  410 L   -3 -2 -2 -2 -1 -4 -3 -5 -4  2  3 -3  4  3  1 -4 -3 -3  1  0    2   3   2   3   2   0   1   0   0  10  34   1  10  13   7   0   0   0   4   6  0.54 inf
  411 T    0  1  0  0  0  1  0 -2  0 -1 -3  2 -3 -3 -1  2  1 -4  0  0    8   6   3   5   2   6   6   2   2   3   2  13   0   0   3  20  10   0   3   6  0.19 inf
  412 E   -3 -4  0  1 -2 -1  6 -2 -4 -5 -4 -2 -5 -5  0  0 -2 -5 -3 -1    2   0   5   6   1   2  58   3   0   0   2   2   0   0   4   7   2   0   1   5  1.04 inf
  413 G   -1 -1 -2  2 -5 -1  1  4 -4 -4 -3 -1  1  1 -2  0 -2 -4 -4 -4    5   3   1  13   0   2  11  38   0   0   3   4   5   6   2   6   1   0   0   0  0.55 inf
  414 K    0 -1  0  1 -3  4  0 -2  0 -4 -1  2  1 -4 -1  2  1 -5 -2 -3    7   2   4   8   1  22   3   3   2   0   6  11   3   0   2  16   7   0   1   1  0.35 inf
  415 R    0  3 -2 -1  0 -1 -1 -3  1  0  1 -1  0 -2  0  0  0  4 -1  0    6  18   1   3   2   2   4   1   4   6  13   2   2   1   4   9   6   6   2   6  0.16 inf
  416 Y   -1  1 -3 -2 -2  0  1 -4 -2  1  0  0 -1  1 -3 -1 -2 -2  5  2    4   7   0   2   1   4  12   0   0  10   7   6   1   6   1   3   1   0  21  13  0.33 inf
  417 R    1  3 -1 -2 -2  3  1 -3  0 -1 -1  0  1 -1 -3  0  1 -4 -2 -1   13  15   3   2   1  17  10   0   2   3   6   5   3   2   0   7   8   0   1   3  0.26 inf
  418 I   -1 -3 -5 -3  2 -4 -2 -5 -4  3  3 -4  3  1 -5 -3 -3 -4  1  2    5   1   0   1   4   0   3   0   0  17  33   0   7   7   0   1   0   0   4  15  0.58 inf
  419 Y   -2  0  2 -2  0 -1 -2 -3  1 -1 -1 -1 -1  3 -2  0  0 -2  4  0    2   5  13   2   2   3   2   1   3   3   6   4   2  11   2   8   7   0  18   7  0.23 inf
  420 H    1  0  4  0 -1  0  0 -1  4 -4 -3  1  0  0 -4  1 -2  0  1 -4   11   4  20   4   1   4   6   3   9   0   2   7   2   4   0  13   1   1   5   0  0.33 inf
  421 L   -2 -4 -4 -1  0 -3 -2 -3  3  0  4 -3  0  2 -2 -2 -2 -3  1  2    3   0   0   3   2   0   2   2   9   3  39   1   1  10   2   3   2   0   4  13  0.46 inf
  422 A    1  2  1 -1 -3  1 -1 -1 -2  0 -2  0  0 -2 -2  1  2 -1  0 -1   14  12   6   3   0   5   2   5   0   6   2   4   3   1   1  10  14   1   4   5  0.13 inf
  423 V    1 -1 -2 -1  1  3  0 -2 -3  0 -1 -1 -2 -4  4  0 -1 -4 -1  0   10   3   1   4   3  16   5   2   0   5   7   3   0   0  19   8   4   0   2   8  0.30 inf
  424 S    0  0  2 -2 -1  0 -2 -3 -3 -2 -1  1  3 -2 -2  3  0 -3  3 -2    6   5   9   1   1   3   1   1   0   2   7   9   9   1   1  23   6   0  11   2  0.29 inf
  425 K    0  2  1 -1 -1  2  0 -1  0 -1  0  1  0 -3 -1  0 -1  2 -1 -1    6  10   8   3   1  11   3   5   3   4  12  12   2   0   3   7   1   3   2   3  0.11 inf
  426 S    0  1  2 -1 -3  0  0 -1 -3 -1 -3  0 -2 -2  0  4  0 -4 -3 -1    8   7  10   3   0   3   4   4   0   4   2   6   1   2   5  31   6   0   0   4  0.29 inf
  427 K   -1  4  1  3 -4  1 -1 -1  0 -2 -1  3 -3 -4 -1 -1 -3 -4 -1 -3    4  20   7  16   0   6   2   4   2   2   6  18   0   0   3   4   0   0   2   2  0.39 inf
  428 S   -1  0  2  0 -3  0  0  0 -2 -2 -1  1  1 -1  0  1  0  0 -2 -1    4   3  12   5   0   5   6   7   0   1   7  12   5   3   4  14   4   2   0   4  0.11 inf
  429 K    1  2  0  0 -1  0  1 -1 -1 -1  0  3 -1 -2 -2  0 -1 -3 -2 -1   11  10   5   4   2   3   8   5   1   2  10  24   1   2   1   4   3   0   0   4  0.17 inf
  430 F    0  0  0 -1 -3  3  0 -1  1  0 -1 -1 -1  2 -1  1 -1 -2  0 -1   10   6   5   3   0  18   5   3   3   7   5   1   1  12   2  10   2   0   3   3  0.16 inf
  431 E    1  0 -1  2 -2  0  1 -1 -1 -1 -1  1  0  0  1  0  0 -3 -2 -1   13   5   2  12   0   4  10   4   1   3   6   9   3   6   6   4   5   0   1   5  0.08 inf
  432 R    0  3 -1 -1 -3  3  0 -1 -2 -1 -1  1 -1  0 -1  0 -1  0  1 -2    7  17   3   3   0  15   4   4   0   4   8   8   2   4   3   7   2   1   6   2  0.17 inf
  433 P    1 -2  0 -1  1  1  0  1  1  1  0 -1  0 -1  0  0  1 -3 -2 -1   15   1   4   2   3   7   7  11   5   9   7   3   3   2   4   7   8   0   0   2  0.07 inf
  434 S   -1  0  1  0 -1  2  2  1  1 -2 -1  0 -2 -2 -1  0  0  2  0 -2    4   4   8   5   1  11  15  11   4   2   7   5   0   1   3   6   5   4   4   2  0.14 inf
  435 I    0 -2 -3 -3 -1 -1 -1 -3 -4  2  4 -4  2  0 -4 -2 -2 -4 -1  1    7   2   1   1   1   3   4   2   0   9  43   0   5   4   0   3   2   0   2  10  0.46 inf
  436 Q    0  0 -2 -3 -5  6  3 -3  4 -3 -4  0 -2 -1 -5  0 -4 -5  1 -2    8   4   1   1   0  34  16   2  11   1   1   6   1   3   0   6   0   0   5   3  0.77 inf
  437 L   -4 -2 -2 -3 -4 -2 -2 -5 -4  2  4 -1  0  3 -5 -2 -2 -4 -1  0    0   2   2   1   0   1   3   0   0   9  50   5   2  12   0   3   2   0   1   4  0.67 inf
  438 T    1  2  2 -2 -3  0  0 -3  2 -3 -3  1 -3 -3 -3  2  2 -4 -1 -2   11  14   8   1   0   3   4   1   5   1   1  10   0   1   0  19  16   0   2   3  0.34 inf
  439 A    3 -1 -1 -1  0 -1 -1 -1 -3  0 -1  1 -1 -2 -3  0  2 -3  0  0   26   2   2   3   2   2   2   4   0   5   5  10   2   1   0   7  16   0   3   6  0.21 inf
  440 T    1  2  0 -2 -1  0  0  0  1 -1 -2  1 -2 -4 -2  1  3 -4 -3 -2   12  11   4   1   1   3   6   6   3   4   3   7   1   0   1  12  23   0   0   1  0.26 inf
  441 K   -2  5  0 -2 -5  0 -1 -3 -3 -2 -2  4  3 -4 -4  0 -2  1 -4 -2    3  31   4   2   0   4   4   1   0   2   4  24   8   0   0   6   2   2   0   3  0.63 inf
  442 R    1  1  1 -1  0  1  2 -2  1  0 -2  2  0 -2 -3  1 -1 -1 -1 -1   13   8   6   1   2   7  13   1   3   5   3  15   3   1   0  11   2   1   3   3  0.18 inf
  443 T    0 -1 -3 -2  1 -2 -3 -3 -3  0  0 -3  3 -4 -3  3  4 -5 -4 -2    8   3   0   2   2   1   0   2   1   5   8   0   7   0   1  25  32   0   0   1  0.61 inf
  444 Q    1  3 -1  0 -2  2  1 -2  3 -2 -3  1 -1 -3  0  0 -1 -4  1 -2   13  20   2   6   1  10   9   2   8   3   2   6   1   0   4   5   3   0   5   2  0.28 inf
  445 Y   -3 -4 -1 -3 -5 -3  2 -4  2  2 -2 -3 -1  5 -3 -4 -2  6  4 -1    2   0   3   1   0   1  16   1   4  11   3   1   1  23   1   0   2  11  14   4  0.72 inf
  446 Q   -1  2  0  0 -2  4  3 -3 -3 -1 -1  2 -3 -2 -4 -1  0 -5 -1 -2    6   9   4   4   1  21  17   1   0   4   6  14   0   1   0   2   5   0   2   2  0.40 inf
  447 Q   -1  3 -1 -1 -2  2  2  0 -3 -1 -2  1  0 -2  3 -1 -2 -1 -1 -1    4  16   2   3   1  10  15   6   0   3   3   7   2   1  17   4   1   1   2   3  0.32 inf
  448 L   -1  0 -3 -3 -3  0  1 -3  0  2  3 -1  2 -2 -4 -1 -1 -4 -3  1    5   5   0   1   0   3  11   1   2  12  31   3   7   1   0   5   3   0   0   9  0.28 inf
  449 P   -2  1  2  0 -2  2  1  0 -2 -3 -2  1 -3 -4  3  1  0 -4 -2 -2    2   8  10   4   1  11  11   7   0   2   3  10   0   0  13  10   4   0   1   3  0.28 inf
  450 V    1 -1 -1  1  1  0  0  0 -1  1  0  0  1 -2 -1  0  0 -3 -1  1   11   2   2   8   3   4   6   6   1   9   8   6   6   0   3   6   4   0   2  13  0.04 inf
  451 S    0  1  1  2 -2  1  0 -1 -1 -2  0 -1 -1 -4  0  3 -1 -4 -2 -1    6   7   5  13   1   5   4   3   2   2  12   3   2   0   3  26   1   0   1   4  0.21 inf
  452 S    0  1  0  2 -4  2  2 -3  0 -1 -3  1 -2 -3  1  1  0 -4 -2 -3    6   9   4  14   0  11  13   0   2   4   2   9   0   1   7  11   4   0   1   1  0.27 inf
  453 E    0  2 -1  0 -5  2  5 -3 -1 -2 -2  2 -4 -3 -2 -1 -2 -5 -4 -2    8  12   2   3   0   9  36   1   1   2   3  10   0   1   1   4   2   0   0   3  0.56 inf
  454 T   -1  0  1  3  0  0  0 -1  1  0  0  0  2 -2 -1  0 -1  0 -2 -1    4   6   7  17   3   2   5   5   4   8   8   7   6   1   2   6   2   1   1   4  0.09 inf
  455 L   -1 -2 -2 -3 -2 -2  0 -3 -4  1  4 -2  0  2 -3 -2 -3 -3 -2  2    4   2   2   1   1   1   6   2   0   6  43   3   1  10   1   3   1   0   0  13  0.43 inf
  456 L    0  0 -2  1 -3  2  2 -3 -1 -1  0  0 -1 -1  0  0  1 -1 -2  0    7   5   0   7   0  11  17   1   1   4   8   5   1   3   5   6  12   1   1   7  0.15 inf
  457 Q   -1  1 -1 -2 -4  4  0 -3 -1 -4 -3  0 -2 -3  3 -1  3 -4 -2 -2    6   9   2   1   0  21   7   2   1   0   3   6   1   1  15   3  19   0   1   2  0.49 inf
  458 V    0 -1 -2 -1  0 -1 -1 -1  0  2  0 -1  1  1 -1  0  0 -3  0  2    5   3   0   2   2   2   4   5   3  16   9   4   3   6   2   7   4   0   2  19  0.08 inf
  459 Y   -3 -4 -5 -5  5  0 -3 -3  0 -4 -1 -2 -4  4 -1 -2 -2  7  6 -4    2   0   0   0  12   4   1   2   2   0   5   3   0  15   3   3   2  17  27   1  1.18 inf
  460 Q   -2  0  1 -2 -1  3  1 -3 -2  0 -2  2 -1  0  4 -1 -1 -4 -3 -2    2   4   7   1   1  13   9   1   1   6   4  13   1   5  22   4   4   0   0   2  0.39 inf
  461 P   -1 -1 -3 -3 -2  0  0 -3 -4 -4  0 -1  0 -5  7 -1 -3 -5 -5 -1    5   3   1   1   1   4   7   2   0   0  11   4   2   0  49   4   0   0   0   4  1.04 inf
  462 R   -3  8 -4 -5 -6 -3 -4 -5  0 -6 -3 -1 -5 -5 -5 -3 -2 -5 -5 -5    2  81   0   0   0   0   1   1   2   0   3   2   0   0   0   2   3   0   0   1  2.14 inf
  463 E   -1  0  1  1 -2  2  1 -1 -1  0 -2  2 -2 -2 -3  0  1 -3 -1  0    4   4   7   9   1   9  10   4   1   6   1  14   0   2   0   6  10   0   2   9  0.15 inf
  464 S    1 -4 -4 -3  3 -3 -2 -4 -3  1  0 -2 -1 -2  2  1 -1 -4 -1  4   10   0   0   1   7   0   3   1   1   7  10   1   1   2   9  10   2   0   2  32  0.38 inf
  465 L    0  3 -2 -3 -1 -1 -2 -2  0  0  1 -1  0 -3 -3  0  3 -1 -1  1    6  17   1   0   1   1   2   3   3   6  15   3   2   0   0   7  20   1   2   9  0.22 inf
  466 H   -1  0  1  2  1  0  0 -2  2 -3 -2 -1 -1 -2  2  2 -1 -4  1 -3    3   4   8  14   3   4   4   2   5   1   4   3   2   1  11  19   3   0   6   1  0.25 inf
  467 F   -2 -4 -4 -4  2 -3 -3 -4 -4  2  1 -1  2  6 -5 -2 -4 -3  0  1    2   1   1   1   4   1   2   1   0  12  13   4   4  41   0   3   0   0   1   9  0.82 inf
  468 S    1  3  0 -1  0  0 -2 -1 -3 -2  0  1 -2 -3 -2  2  1  2 -2 -2   11  19   5   3   2   5   1   4   0   2   8   7   0   0   1  15   9   3   1   3  0.21 inf
  469 R   -2  1  2  3 -4  1  1 -3  0 -3 -2  3  0 -4 -3  1 -1  0 -2 -1    2   9   8  17   0   5   8   0   3   0   3  17   3   0   0  13   2   2   1   6  0.32 inf
  470 L   -1 -4 -4 -3  2 -2  0 -5 -4  3  4 -4  1  1 -4 -3 -2 -4 -3  1    4   0   0   1   4   2   6   1   0  19  42   0   2   5   0   1   2   0   0   9  0.56 inf
  471 S    1  0  0 -1 -1  1 -1  1 -1 -2  1  1 -1 -3 -3  1  0 -2 -1 -1   12   5   4   3   1   8   3  10   1   0  18  10   0   0   0  13   6   1   2   2  0.11 inf
  472 D   -1  1  2  4 -4  0  2 -1 -1 -2 -2  0 -2 -4 -3  1  1 -4 -3 -1    4   6   8  27   0   3  14   4   1   2   4   3   1   0   0   9   7   0   0   4  0.36 inf
  473 P   -1 -2 -2 -3 -4 -2 -3 -1 -4  2 -2 -1  0 -3  5  3 -1 -5 -4  0    3   2   1   1   0   1   1   6   0  12   3   3   3   1  32  23   3   0   0   6  0.64 inf
  474 A    0 -1  1  3 -1 -1  1 -1  0 -1 -2 -1 -2  0 -2  1  1 -3 -1  0    8   2   5  17   2   1   7   4   3   3   2   4   0   5   1  13  12   0   2   9  0.14 inf
  475 F   -1 -2 -2 -3  0 -2 -1 -3 -1  0  0 -2 -2  6 -3 -2  1 -2  2  1    4   3   2   1   2   2   4   1   2   6   6   3   0  41   1   2   9   0   5   9  0.59 inf
  476 Q   -1  2 -1 -1 -3  4  0 -3  1 -2  0  0  1 -3 -2  1  1 -3 -2 -1    5  11   2   2   0  28   3   1   3   2   9   5   3   1   2   9  10   0   1   3  0.33 inf
  477 P    1  0 -2 -1 -4 -2 -1 -2 -4 -4 -4 -1 -2 -2  7  1 -2 -5 -4 -3   10   4   2   3   0   2   3   3   0   0   1   4   1   2  50  10   2   0   0   2  1.06 inf
  478 P    0  0  0  0 -2  1  0  0  1  0  0  0  1  0  1  0  0 -3 -1  0    6   6   6   6   0   6   6   6   6   6   6   6   6   6   6   6   6   0   0   6  0.04 inf
  479 C   -2 -3  0 -3  4  1  0  1 -3 -2 -1 -3 -2  3 -4  0 -1  4  2  0    1   0   6   0  10   7   6  11   0   0   6   0   0  17   0   7   4   6   6   9  0.32 inf
  480 S    1 -1  2  0  2 -1  0  2  1 -2 -2 -2 -1 -3 -2  2  0 -3 -3 -1   16   2  10   4   5   0   5  17   3   0   3   0   2   0   0  23   4   0   0   4  0.24 inf
  481 E   -1  1 -2  2 -4  1  6 -3 -2 -4 -2 -1 -3 -4  0 -2 -2 -4 -3 -2    4   8   0  11   0   4  57   1   0   0   4   0   0   0   5   1   0   0   0   4  0.80 inf
  482 V   -1 -3 -4 -4 -3 -3 -3 -4 -3  2  1 -3  1  5 -4 -1 -1 -2  0  3    5   0   0   0   0   0   0   1   0  10  10   0   3  31   0   5   3   0   0  31  0.52 inf
  483 D   -1  0 -1  7 -4 -2 -1 -3 -3 -4 -4 -2 -4  0 -3 -2 -1 -4 -4 -4    4   5   0  75   0   0   1   1   0   1   1   1   0   6   1   1   3   0   0   1  1.38 inf
  484 V   -1 -1 -3 -1 -1 -2 -3 -2 -3  2  2 -2  1  1 -3 -1  1 -3 -2  2    4   4   0   4   1   0   0   3   0  15  26   0   4   6   0   2  12   0   0  18  0.21 inf
  485 V    2 -2 -2 -3  5 -3 -3 -3 -1  2  0 -3  0  0 -3 -1 -1 -3 -2  4   17   2   2   0  13   0   0   1   2   9   4   0   2   5   0   2   3   0   0  36  0.39 inf
  486 G    1 -4 -3 -3  4 -3 -1  5 -3 -3 -4 -3 -3  0 -4 -2 -2 -3  0  0    9   0   0   0  11   0   4  54   0   0   0   0   0   5   0   0   2   0   4   8  0.81 inf
  487 V   -1 -3 -3 -4  3 -2 -3 -2 -2  2  0 -3 -1  4 -3 -2 -2 -1  4  2    3   0   0   0   6   2   1   4   0  17   8   0   0  20   0   2   0   0  18  16  0.41 inf
  488 V   -1 -3 -4 -4 -2 -3 -3 -4 -3  3  1 -1  1  2 -3 -3 -2 -3 -2  4    4   1   0   1   0   0   1   1   0  16  12   4   4   9   1   1   1   0   0  46  0.52 inf
  489 V   -1  0 -3 -1  1 -2 -3 -1 -3  2  2 -2  1 -1 -3 -2 -1 -3  0  3    3   7   0   5   3   0   1   7   0  10  20   1   3   2   0   1   1   0   3  34  0.23 inf
  490 S    0  0 -1  0 -1  0  0 -2  3 -2 -1  0 -2  1 -2  3  0 -2  2 -1    6   3   1   5   1   4   3   1   8   0   4   6   0   8   0  34   2   0   7   5  0.22 inf
  491 V    0 -3 -3 -4 -2 -3 -3 -4  1  3  1 -2 -1 -1 -3 -1 -1 -3 -2  5    5   0   0   0   0   0   1   1   5  18   9   2   0   3   0   5   3   0   0  47  0.52 inf
  492 V    0  1  1  0 -2 -1  0  1 -2  0 -1  0 -1  0 -2  1  1  1  0  1    3  10   6   4   0   0   9  10   0   5   6   3   0   4   0  11   8   2   3  14  0.05 inf
  493 K    0  1  2  2 -3  1  1  0  1 -3 -2  2 -2 -3 -1  2 -1 -3 -2 -2    8   6  10  10   0   4  11   5   4   0   3  15   0   0   3  19   0   0   0   1  0.24 inf
  494 P    0  0  0  1 -2  0  1 -1 -1  0 -1  1 -1 -2  3 -1  0 -3  0  0    5   6   6   7   0   4   7   5   0   9   4  11   0   0  15   3   4   0   3   9  0.14 inf
  495 I   -1 -1  0 -1 -2  2  0 -2 -1  0 -1  0  0  0 -1  1  2  2  2 -1    4   1   3   2   0  12   5   2   1   5   7   6   2   4   1  12  19   3   9   3  0.14 inf
  496 G   -1  1 -1 -2  0  2 -1  5 -3 -2 -4 -1 -3 -4 -3  1 -1 -4 -3 -2    3  10   2   1   2  12   3  43   0   2   1   2   0   0   0  12   2   0   0   2  0.57 inf
  497 L    0  0  0  0 -3  1  0 -3  2  0 -1  0  1  1  0  0  0  3  1  0    6   6   5   6   0   5   6   0   5   6   6   6   5   5   6   6   6   5   5   6  0.08 inf
  498 A    2  0 -1  0  0  0 -2 -2  0 -2 -1  0 -1  2 -1  0  1 -2  1  0   22   5   2   5   2   3   0   1   2   0   6   7   1   9   3   6  12   0   7   6  0.11 inf
  499 P   -1  0  0  1 -4  4  0 -3  0 -1 -3  0 -3 -4  4  0  1 -4 -3 -1    4   3   4  10   0  21   5   1   2   3   1   4   0   0  22   5   8   0   0   5  0.46 inf
  500 L   -1 -2 -1 -1  3 -1 -2 -3  2  0  1 -2  1  1 -3 -1  0  5  2  0    6   2   3   5   7   3   0   1   6   6  16   0   3   7   0   3   6   9   9   8  0.22 inf
  501 V    0 -4 -4 -2 -3 -4 -4 -1 -4  1  2 -4 -1  0 -4 -2 -1 -4 -3  5    6   0   0   3   0   0   0   5   0   6  25   0   0   4   0   3   3   0   0  45  0.61 inf
  502 Y   -4 -4  0 -5 -5 -1 -4 -3  2 -2  0 -4  4  4 -5 -4 -4  4  7 -3    0   0   4   0   0   3   0   2   5   2   7   0  11  18   0   0   0   4  42   0  1.23 inf
  503 L   -1 -1 -1 -5 -3 -3 -4 -3 -4  1  4 -1  2  0 -2 -3 -1 -4 -3  2    3   4   4   0   0   0   0   2   0   6  49   5   4   3   2   0   4   0   0  13  0.49 inf
  504 S    3 -1 -2  0  2 -1 -2 -1 -3 -2 -3  0  0 -4 -3  3  2 -5 -4  1   23   4   0   6   5   2   0   4   0   1   0   5   3   0   0  23  16   0   0   9  0.36 inf
  505 D   -4 -4  2  7 -6 -1 -2 -2 -4 -5 -5 -1 -5  1 -5 -1 -4 -6 -1 -1    0   0   9  65   0   3   0   2   0   0   0   3   0   7   0   4   0   0   2   4  1.34 inf
  506 E   -1 -1  0  1 -4  3  4  1 -2 -2 -3  0 -3 -2 -1  0  0 -4 -4 -2    2   3   4   8   0  13  33  11   0   3   1   3   0   2   2   7   4   0   0   2  0.41 inf
  507 C    0 -3  2  2  5 -1  0 -3  0 -3 -3  0 -3 -4 -3  3  1 -1 -1 -1    5   0  11  11  13   1   6   0   2   0   2   7   0   0   0  28   7   1   2   4  0.41 inf
  508 L    0 -1 -2 -3  2  1 -2 -2  3 -1  0  0  2  2 -3 -1  0 -2  3  1    7   3   0   1   5   7   0   3   9   2   6   8   7   9   0   3   6   0  14  10  0.19 inf
  509 N    0  0  5  1  3 -1 -2 -3  3 -4 -4  1 -3 -4 -3  2  0 -5 -3 -2    8   4  32   8   7   2   0   0   8   0   0  10   0   0   0  13   5   0   0   2  0.56 inf
  510 L   -3 -4 -5 -5 -4 -4 -2 -2 -4  2  4 -4  1  2 -5 -2 -2 -3  2  0    0   0   0   0   0   0   3   3   0  13  54   0   3   7   0   4   2   0   8   4  0.68 inf
  511 L    0 -4 -4 -5  1 -2 -4 -5 -4  2  4 -4  3  2 -4 -2 -1 -3 -2  2    8   0   0   0   4   2   0   0   0   8  43   0  10   9   0   3   2   0   0  12  0.56 inf
  512 V    2 -2 -1 -1  4  2 -2  0 -3 -2  0 -1 -1 -2  0  1 -1 -3  0  1   24   2   2   4   9  10   0   5   0   0   9   2   2   1   3  10   1   0   4  12  0.18 inf
  513 V   -4 -6 -6 -1  0 -5 -5 -6 -6  6  0 -5 -2 -3 -5 -3 -3 -6 -4  4    0   0   0   3   2   0   0   0   0  52   7   0   0   0   0   2   0   0   0  34  1.27 inf
  514 K   -2  2  1  0  1  0 -1 -3 -1 -4  0  4 -3 -4  2  1 -2 -5 -4 -4    0  12   8   4   3   3   3   0   1   0  10  29   0   0  12  14   0   0   0   0  0.45 inf
  515 F   -1  0 -5 -5  3 -2 -5 -5  2  1 -1 -4  0  7 -5 -4  1 -3  0 -1    4   7   0   0   6   1   0   0   4   7   2   0   2  50   0   0   9   0   2   4  0.97 inf
  516 G    0  1  1 -1  2 -1 -2  0 -4 -4 -4 -3  0 -1 -1  0 -3  9  0 -3    8   7   7   4   5   3   3   9   0   0   0   0   3   1   4   6   0  35   3   1  1.06 inf
  517 I   -1  0  0 -1  0 -2 -1  0  1  1  0 -2 -2 -1 -3  2  2 -3  2 -1    4   6   6   2   2   0   2   8   4   9  10   0   0   2   0  22  12   0   8   4  0.13 inf
  518 D    0 -3  0  2 -4 -2 -2  3 -3 -1 -2 -2 -3 -1  4  1 -2 -4 -4 -3    8   0   3  14   0   1   0  29   0   4   4   2   0   3  19  11   0   0   0   0  0.52 inf
  519 L   -2 -3 -2 -4 -1 -3 -2 -2 -2  1  4 -2  0  1 -4  0  0  0  3  1    2   0   2   0   1   0   3   2   1   5  42   2   1   4   0   7   5   1  12  11  0.37 inf
  520 N    0 -1  3  1 -4  2  1 -2 -1 -2 -1  2  0 -1  1  0  0 -4 -3 -2    6   2  19  10   0  11   7   1   0   2   5  13   2   3   8   4   6   0   0   1  0.25 inf
  521 E   -2 -2  2  4 -4 -1  4 -3  2 -4 -3  1 -2 -1 -1 -1 -1 -4 -3 -3    2   0   8  23   0   0  33   1   4   0   3  10   1   3   2   4   3   0   0   1  0.60 inf
  522 D   -3 -2 -1  3  0  0 -2 -4 -3  3 -1  0  3 -1 -1 -1  0 -3  1  0    0   2   1  21   2   4   0   0   0  26   4   7   9   1   4   3   5   0   5   4  0.30 inf
  523 I   -1 -4 -4 -3 -3 -3 -4 -2 -4  3  3 -4  0  2 -4 -1 -1  3 -2  2    6   0   0   1   0   1   0   3   0  23  28   0   1   9   0   4   3   4   0  16  0.45 inf
  524 K   -1 -1  2 -2 -3  1 -1 -2 -2  0 -1  4 -2 -2 -3  0  2  1 -1  0    3   1   9   0   0   5   2   2   0   5   5  29   0   1   0   7  17   2   2   8  0.28 inf
  525 P   -1 -1 -4 -3 -4 -2  3 -3 -3 -1 -2 -1 -3 -5  5 -1 -1 -5 -4  3    4   3   0   0   0   0  22   2   0   2   3   4   0   0  33   3   2   0   0  22  0.74 inf
  526 R   -2  2 -1 -3 -2 -3 -2  5  3 -5 -3 -1  1  0 -3 -1 -3 -4 -2 -4    0  13   3   0   1   0   3  53   7   0   2   3   4   5   1   3   0   0   1   0  0.83 inf
  527 V    2  0  0 -1 -3  0 -1 -1  0 -2 -1 -1  1 -3  0  2  2 -4 -3  0   16   5   5   2   0   5   1   2   3   1   4   2   5   0   4  22  13   0   0   9  0.20 inf
  528 L   -2 -1 -4 -5 -1 -4 -4 -5 -4  3  2 -4 -1  3 -2 -1  1 -3 -1  3    2   3   0   0   1   0   0   0   0  16  24   0   0  13   2   4   9   0   1  26  0.45 inf
  529 I    0 -5 -5 -6 -3 -4 -5 -5 -5  4  2 -5 -1  1 -5 -4 -3 -4  1  5    6   0   0   0   0   0   0   0   0  22  19   0   0   5   0   0   0   0   6  42  0.83 inf
  530 A    3 -4 -2 -4  5 -1 -3  2 -1 -3 -4 -3 -3 -4 -4  2 -1  4 -1  0   33   0   2   0  12   2   0  15   1   0   0   0   0   0   0  16   3   6   2   8  0.58 inf
  531 A    2 -4 -4 -5  5 -4 -4 -2 -4  2  0 -4  2  4 -4 -3 -3 -3 -2  2   23   0   0   0  12   0   0   3   0  11   8   0   5  23   0   0   0   0   0  13  0.58 inf
  532 S   -1  0  0 -3  4  2 -1 -3  1 -2 -2  0 -3 -3 -3  4  2 -4 -3 -2    2   5   5   0  12   9   2   1   3   2   4   4   0   1   0  36  11   0   0   3  0.45 inf
  533 N   -2 -4  8  1 -6 -3 -3 -3 -3 -6 -6 -3 -5 -2 -2 -3 -1 -7 -5 -6    4   0  80   7   0   0   0   1   0   0   0   0   0   2   3   0   3   0   0   0  1.92 inf
  534 L    0 -2 -5 -5 -3 -4 -4 -5 -5  2  5 -4 -1 -2 -5 -2 -1 -4 -3  1    7   2   0   0   0   0   0   0   0   8  68   0   0   0   0   3   3   0   0   8  0.90 inf
  535 Q   -2 -1 -2  0 -4  5  2 -2 -1  1 -2 -1 -2 -2 -3 -1  1 -4 -3  0    0   3   0   4   0  39  12   3   1  10   3   2   0   2   0   4   9   0   0   7  0.51 inf
  536 C   -3 -2 -4 -2 -1 -3 -1 -4 -3  1  0  1  0  3  0 -3 -2  8  3  0    0   1   0   2   1   0   4   0   0  10   8  11   3  12   6   0   2  23   9   7  0.66 inf
  537 Q   -1  6 -2  0 -5  3  0 -4  0 -2 -1  2 -3 -4 -4 -1 -3 -4 -2 -4    5  44   0   5   0  15   3   0   2   2   7  10   0   0   0   4   0   0   1   0  0.72 inf
  538 P    0  3 -1 -1 -4 -2 -1  1 -1 -4 -4  1 -3 -1  3  2 -1 -4  0 -3    9  20   3   2   0   0   3   9   1   0   0   6   0   3  18  17   3   0   5   1  0.38 inf
  539 E   -1  0  1  3 -4  0  2 -1 -2 -1 -2  0 -1  0 -1 -1 -1 -4 -3  0    5   6   6  23   0   3  19   5   0   2   3   3   1   6   2   3   4   0   0   9  0.24 inf
  540 S    2 -1  0 -1 -1  2 -1 -3 -2 -3 -3  0 -1  1 -3  3  2 -3  0 -2   16   1   3   3   1  13   1   0   0   0   0   6   1   8   0  26  14   0   4   1  0.35 inf
  541 T   -1  2  1  0 -1  0 -2  1 -2 -1 -2  2  1 -1  0  1  1 -4 -2 -2    0  11   7   4   1   3   0  14   0   3   3  14   6   3   3  14  12   0   0   1  0.18 inf
  542 S   -1  1  2 -3 -4 -1 -1 -3  3 -2 -1 -1 -1 -2 -1  4 -1  5  0 -3    2   8  11   0   0   1   2   0   9   3   7   1   1   1   3  34   2   9   4   1  0.44 inf
  543 G    0  2  1  3 -4  0  1  1  2 -4 -4 -1 -3 -4  1 -1  1 -5 -3 -1    6  13   7  21   0   2   7  14   6   0   0   2   0   0   6   2   9   0   0   4  0.33 inf
  544 V   -3 -4 -2 -5  4 -4 -5 -5 -5  5  2 -4  2  1 -4 -4 -1 -4 -3  3    0   0   3   0  10   0   0   0   0  36  16   0   5   5   0   0   3   0   0  22  0.73 inf
  545 P    1 -1 -1 -2  3 -3 -3 -3 -3 -2 -2 -1 -3 -3  6 -2 -1  6 -3  0   11   4   3   2   6   0   1   1   0   2   3   3   0   0  38   2   4  13   0   6  0.88 inf
  546 T   -1  1 -2 -2  3  1 -2 -3  1  0  0 -1  1 -1 -3 -1  2 -4 -2  3    3  10   0   2   7   7   0   0   4   4   6   3   3   2   0   2  17   0   0  28  0.26 inf
  547 L    3 -3 -4 -4 -3 -3 -3 -2 -4 -1  4 -3 -1 -2 -3 -1  0 -3 -1  1   29   0   0   0   0   0   1   2   0   0  43   0   0   0   0   4   5   0   2  11  0.52 inf
  548 F   -2  0 -3 -1 -1 -2  2 -4 -2 -2  0  1 -2  4 -4 -1  0  1  4 -1    2   4   0   2   1   0  17   0   0   0  12  11   0  23   0   3   5   1  14   3  0.37 inf
  549 A    6 -4 -2 -4  3 -3 -1 -3 -4 -2 -2 -3 -3 -4 -3 -2  0 -5 -4  0   70   0   2   0   6   0   4   0   0   2   3   0   0   0   0   0   4   0   0   7  1.01 inf
  550 C   -2 -2  4 -2 -2 -2 -1  2 -1 -2 -4 -2 -3 -4 -3  1  5 -5 -4 -2    2   1  19   0   1   0   3  16   2   3   0   2   0   0   0   9  40   0   0   2  0.67 inf
  551 H   -3 -3 -2  4 -5 -1  6 -3  0  0 -5 -1 -4 -5 -4 -2 -3 -5 -4 -4    0   0   1  25   0   1  55   2   2   6   0   3   0   0   0   2   0   0   0   0  1.14 inf
  552 F   -2  1  1 -3 -3  0 -1 -2 -2 -1  1 -1 -1  4 -3  0  0 -2  3 -1    0   8   9   0   0   5   3   2   0   1  17   3   1  21   0   6   6   0  14   2  0.28 inf
  553 S    0 -3 -2 -3 -3 -1 -3 -3 -4 -4 -3 -3 -3 -4 -3  5  5 -5 -4 -3    4   0   0   0   0   2   0   0   0   0   1   0   0   0   0  51  37   0   0   0  1.13 inf
  554 I    0 -1 -1 -2 -1  1  1 -3 -2  1  0  0  1 -1 -2  0  2 -3 -1  2    6   1   1   0   1   5  14   0   0   6   9   7   3   2   0   5  16   0   2  20  0.15 inf
  555 F   -2 -4 -5 -5 -4 -4 -4 -5 -3  1 -1 -4 -2  7 -5 -4 -3  2  4  3    2   0   0   0   0   0   0   0   0   8   2   0   0  47   0   0   0   2  13  21  1.11 inf
  556 S   -2 -3 -1 -3 -3 -3 -3 -1 -3 -3  1 -2 -2  0 -3  4  4 -4 -1 -2    0   0   2   0   0   0   0   3   0   0  13   2   0   5   0  44  25   0   2   2  0.64 inf
  557 A    1  0 -2  0  1  2  1 -1 -1  0  0  0 -1 -2 -1  1  1 -3 -1 -1   17   6   0   3   3  13  10   2   1   7  11   5   0   1   2   8   9   0   2   1  0.11 inf
  558 S   -2  3  4 -1 -3  0  0 -3  1 -2 -4  0 -3 -4 -1  3  0 -5 -3 -1    2  16  28   1   0   2   4   0   3   2   0   3   0   0   2  29   3   0   0   4  0.55 inf
  559 P    0 -4 -3 -4 -4 -2 -3  1 -4 -5 -2 -3 -4 -2  7  2 -3 -5 -4 -4    8   0   0   0   0   1   0   9   0   0   4   0   0   2  55  20   0   0   0   0  1.33 inf
  560 K   -1  2 -2 -1 -4  0  0 -3  1 -3 -2  5 -1 -4 -3  1  0 -5 -3 -4    4  10   0   3   0   3   4   0   4   1   3  48   2   0   0  12   5   0   0   0  0.65 inf
  561 E    1  2  0 -1  0  2  2 -2  3 -3 -3  1 -2 -4 -2  1  1 -4 -3 -2   10  11   2   2   2  12  18   1   8   0   2   9   0   0   1  12   8   0   0   2  0.31 inf
  562 A    1 -2  2 -1  0  1  1  1 -2 -3 -4  1 -3 -3 -1  3 -1 -4 -3 -1   10   0   9   1   2   6  10  12   0   0   0   8   0   0   2  32   1   0   0   5  0.34 inf
  563 Y   -1 -1  2 -1 -5 -1  0 -2  8 -4 -4 -3 -4  0 -2 -3 -2 -3  5 -3    5   2  11   2   0   1   5   3  38   0   0   0   0   2   2   0   1   0  25   2  1.10 inf
  564 F   -4 -4 -5 -5 -4 -4 -1 -5 -4  0  5 -4  1  5 -5 -4 -4 -3  0 -2    0   0   0   0   0   0   5   0   0   2  56   0   3  31   0   0   0   0   2   0  1.08 inf
  565 Q   -2  2 -1  0 -1  5 -1 -4  0 -4 -2  4 -3 -2 -3 -2 -3  1  1 -3    2  10   1   5   2  33   2   0   2   0   3  28   0   2   0   2   0   2   5   1  0.65 inf
  566 E   -1  1  3  0 -1 -1  4 -1 -2 -2 -2  0  0 -4 -3  0  0 -4 -3 -1    3   6  16   2   2   0  36   3   0   2   3   6   2   0   0   8   7   0   0   4  0.41 inf
  567 K    3  0 -2 -2 -2 -1  1  0  0 -1 -1  0 -2 -1 -1  1  1 -3 -2 -1   34   6   0   0   0   0   9   6   2   2   6   6   0   3   3  13   8   0   0   2  0.23 inf
  568 V    1 -4 -4 -4 -3 -4 -4 -4 -3  1  3 -4  2  5 -4  0 -2  0  0  0   11   0   0   0   0   0   0   0   0   6  27   0   5  30   0  10   0   1   2   7  0.55 inf
  569 N    0 -1  3  1 -4  1  2 -2  3 -4 -4  1 -3 -4 -3  2  0 -4 -3 -2    8   2  20   7   0   5  17   0   7   0   0   7   0   0   0  19   4   0   0   3  0.42 inf
  570 N    0  0  1  0 -4  3  1 -1  2 -3 -2  2 -1 -3 -3  2  0 -4 -3 -3    6   3   8   5   0  17   9   3   7   0   4  18   2   1   0  15   5   0   0   0  0.31 inf
  571 L    0 -4 -5 -6 -1 -4 -5 -5 -5  1  5 -4  4 -2 -5 -4 -3 -4 -1  0    8   0   0   0   1   0   0   0   0   7  67   0  11   0   0   0   0   0   2   3  1.00 inf
  572 K   -3  5 -1 -3  2  2  1 -4  0 -5 -5  5 -4 -5 -4 -2 -2 -5 -4 -4    0  30   3   0   5  10   6   0   1   0   0  42   0   0   0   0   2   0   0   0  1.00 inf
  573 H    0  2  3 -1 -3  2 -1  1  1 -2 -2  0 -2 -3 -3  1  1 -4 -3 -2   10  16  17   1   0  11   2   9   4   2   5   3   0   0   0   8  10   0   0   2  0.23 inf
  574 A    0 -3 -2 -3 -3 -1 -1 -3 -3  0  1 -1  2  2 -4  0  1  7  0  0    7   0   2   0   0   3   4   0   0   3  15   3   6   9   0   9  11  20   2   6  0.43 inf
  575 I    1 -2 -4 -4 -2 -3 -4 -3 -4  4  2 -3  1 -2 -4 -2  0 -4 -3  3   14   2   0   0   0   0   0   1   0  28  20   0   3   0   0   2   6   0   0  24  0.47 inf
  576 E   -1  1 -1  1 -4  2  4 -3 -2 -4 -4  3 -1 -4 -3  1  0 -4 -3 -3    4   6   1   8   0   9  31   0   0   0   0  23   1   0   0   9   7   0   0   0  0.55 inf
  577 N    0 -1  5  3 -1 -1  1 -3  1 -3 -3 -1 -3 -4 -3  1 -1 -5 -3 -4    6   3  38  18   1   2   7   0   4   1   2   2   0   0   0  13   3   0   0   0  0.63 inf
  578 I    0  0  1 -2 -2 -1 -2 -3  0  2  0 -2  0  1  1  1  0 -3  0  1    5   6   7   0   0   1   1   0   3  18   4   0   3   8   7  17   3   0   4  15  0.13 inf
  579 D    0 -1  1  3  1  0  1 -2  2 -1 -2 -1 -2 -3  3  1  0 -4 -3 -1    6   3   6  21   3   3   8   1   7   3   3   0   0   0  13  14   5   0   0   3  0.29 inf
  580 T    0  1  1  0 -1  2  0 -2 -2 -1 -1  2  0 -3  0  1  1 -3 -2 -1    6   8   6   6   1  12   5   0   0   5   6  14   3   0   3  12  11   0   0   3  0.15 inf
  581 F   -3 -3 -3 -4  2  0 -3 -4 -2  1 -1  2  1  6 -4 -3 -3  2  3 -1    0   0   1   0   6   5   0   0   0   7   4  15   4  40   0   0   0   3  11   4  0.68 inf
  582 Y    0 -4 -4 -4  6 -4 -3 -4 -1  3  1 -4 -1  2 -4 -3 -2  1  3  0    9   0   0   0  22   0   1   0   1  21  13   0   0  11   0   0   1   1  14   3  0.61 inf
  583 K    0 -1  3  0 -3  1  3 -2  2 -2 -2  1 -2 -3 -2  1  0 -4 -3 -2    8   1  18   3   0   7  20   1   6   3   4   8   0   0   0  14   5   0   0   1  0.30 inf
  584 E    0  0  0  3  0  0  3  0  1 -3 -2  0 -3 -4 -3  2  0 -4 -3 -3    4   5   3  18   3   1  21   7   3   0   5   6   0   0   0  20   3   0   0   0  0.32 inf
  585 A    3  0 -4 -4  6 -3 -4 -3 -4  0  2 -3  3 -1 -4 -1 -2 -4 -3 -1   31   6   0   0  22   0   0   0   0   4  18   0   9   3   0   3   0   0   0   3  0.59 inf
  586 E    0  2  1  0 -4  2  4 -3  0 -4 -4  3 -3 -4 -3 -1  0 -4 -3 -2    7  10   6   2   0   9  35   0   2   0   0  18   0   0   0   2   5   0   0   2  0.54 inf
  587 K    0  1  1  1 -3  2  3  0 -2 -4 -3  1 -3 -1 -2  1  0 -4 -3 -3    7   7   6   8   0   8  26   6   0   0   1   8   0   3   0  14   4   0   0   1  0.32 inf
  588 K   -1  3 -2 -1 -4  0  2 -2 -2 -1 -4  5 -3 -4 -2 -2 -1 -5 -4 -2    4  16   0   2   0   2  16   3   0   5   0  44   0   0   1   0   4   0   0   3  0.62 inf
  589 L   -3 -4 -5 -5 -3 -4 -5 -5 -5  3  4 -4  0  0 -5 -4 -2 -4 -3  4    0   0   0   0   0   0   0   0   0  17  47   0   1   2   0   0   0   0   0  34  0.88 inf
  590 I   -1 -2  0  0 -3  1 -2 -2 -2  1  1 -1  4  1 -3  1  0 -3 -2  0    2   1   4   7   0   7   0   2   0  10  14   2  19   6   0  16   5   0   0   5  0.18 inf
  591 H   -1  2  2 -1  1  3  1 -2  5 -3 -3  0 -2  0 -3 -1  0 -3 -1 -1    2  13  10   2   4  15  12   2  17   0   1   3   0   6   0   2   5   0   1   4  0.33 inf
  592 V   -1 -1 -4 -3  3 -2  0 -4 -4  4  3 -1  1 -1 -4 -3 -1 -4 -3  1    4   2   0   0   7   0  10   0   0  33  30   4   2   0   0   0   2   0   0   6  0.42 inf
  593 L   -3 -3 -4 -5 -3 -3 -4 -5 -3  2  4  0  0  0 -4 -4 -2 -4 -2  3    0   0   0   0   0   0   0   0   1  13  51   9   0   3   0   0   0   0   0  23  0.67 inf
  594 E   -2  1  3  3 -4  3  1  3  0 -5 -4  0 -3 -4 -3 -1 -2 -4 -4 -4    0   6  17  19   0  18   7  23   1   0   1   5   0   0   0   2   1   0   0   0  0.54 inf
  595 G    2  2 -1 -2 -3 -1  1  1 -2 -1 -2  2 -2 -3 -2  0 -1 -4 -3 -1   26  14   0   0   0   0  10  12   0   4   1  21   0   0   0   7   2   0   0   4  0.26 inf
  596 D   -1  0  5  1 -4 -1 -1  1  0 -4 -4  3 -3 -4  0  1 -1 -4 -3 -4    3   1  35   5   0   0   0  11   2   0   0  31   0   0   4   7   0   0   0   0  0.56 inf
  597 S   -1 -2  1  4 -3 -1  1 -1 -2 -3 -1 -1 -2 -4  2  3  0 -4 -3 -3    0   0   4  29   0   0   9   3   0   1   6   0   0   0   9  34   4   0   0   0  0.46 inf
  598 P   -2 -3 -3 -3 -4 -2 -2 -3  1 -4 -4 -2 -3 -5  7 -1  2 -5 -4 -3    1   0   0   0   0   0   0   0   4   0   0   0   0   0  74   3  18   0   0   0  1.77 inf
  599 K   -2  4 -1 -2 -4  3  1 -3 -1 -4 -3  4 -2 -4 -2 -1 -1 -4 -3 -3    0  36   0   0   0  15   3   0   0   0   0  44   0   0   0   3   0   0   0   0  0.71 inf
  600 W   -3 -3 -4 -5 -3 -3 -3 -3 -2 -3 -2 -3 -2  2 -4 -3 -3 11  4 -3    0   0   0   0   0   0   0   0   0   0   0   0   0   3   0   0   0  78  19   0  2.20 inf

                      K         Lambda
Standard Ungapped    0.1343     0.3187
Standard Gapped      0.0421     0.2670
PSI Ungapped         0.1383     0.3120
PSI Gapped           0.0421     0.2670
