
Last position-specific scoring matrix computed, weighted observed percentages rounded down, information per position, and relative weight of gapless real matches to pseudocounts
           A  R  N  D  C  Q  E  G  H  I  L  K  M  F  P  S  T  W  Y  V   A   R   N   D   C   Q   E   G   H   I   L   K   M   F   P   S   T   W   Y   V
    1 A    2 -2 -1 -1 -1 -1 -1 -1 -2 -2 -2 -1 -1 -3 -1  3  4 -3 -2 -1   31   0   0   0   0   0   0   0   0   0   0   0   0   0   0  27  43   0   0   0  0.42 inf
    2 L   -2 -3 -4 -4 -2 -3 -4 -5 -4  4  4 -3  2  1 -4 -3 -2 -3 -2  2    0   0   0   0   0   0   0   0   0  34  48   0   7   5   0   0   0   0   0   7  0.61 inf
    3 H   -1 -1  2  1 -3  2  1  1  0 -3 -2  0 -2 -2 -2  3  1 -4 -3 -3    0   0  12   7   0  12   9  12   3   0   3   2   0   1   0  28   8   0   0   1  0.32 inf
    4 R   -2  0  2  5 -4 -1  3 -3  0 -4 -4 -1  0 -4 -3  0  2 -5 -4 -3    0   4   8  36   0   0  23   0   2   0   0   2   4   0   0   5  16   0   0   0  0.65 inf
    5 A    2 -1  1 -2  3 -1  1  0 -1 -2 -2 -1 -2 -4  1  2  0 -4 -3 -1   27   2   6   0   7   0  11   5   1   1   2   1   0   0   7  22   4   0   0   4  0.29 inf
    6 A    2 -2 -1  0  0  1  2 -1 -2 -2  0  0 -2 -2 -1  1  0 -3  1 -1   26   0   2   4   2   6  18   4   0   0  11   3   0   0   1   9   5   0   7   1  0.17 inf
    7 D    0 -1  2  3  2  1  1  1  1 -4 -3  0 -3 -4 -3  1 -1 -4 -3 -3    7   2   9  24   6   8   9   8   4   0   2   4   0   0   0  15   1   0   0   0  0.35 inf
    8 W   -6 -7 -8 -8 -6 -6 -7 -6 -6 -6 -5 -7 -5  1 -8 -7 -6 13 -1 -7    0   0   0   0   0   0   0   0   0   0   0   0   0   4   0   0   0  96   0   0  4.53 inf
    9 A    4 -3 -3 -2 -2 -3 -3 -1 -2  1 -1 -3 -2 -2 -3  0 -1 -4 -3  2   52   0   0   1   0   0   0   4   1   9   6   0   0   2   0   7   2   0   0  15  0.52 inf
   10 K    0  0  1  1 -4  2  4 -2  0 -2 -4  1 -3 -4 -3  1 -1 -4 -3 -2   10   4   8   8   0  10  33   1   1   3   0  10   0   0   0   8   3   0   0   1  0.43 inf
   11 S    1  0  0  0 -4  3  4 -3  2 -2 -2  1 -2 -3 -3  0 -1 -4 -2 -3   10   2   3   5   0  16  32   1   6   2   3   6   1   1   0   7   4   0   1   0  0.43 inf
   12 V   -3 -2 -1 -1 -5  3  6 -4  1 -1 -3 -2 -4 -5 -4 -2  0 -5 -4 -2    1   0   2   0   0  11  68   0   4   4   2   0   0   0   0   0   5   0   0   3  1.15 inf
   13 F   -3 -4 -5 -5 -2 -5 -5 -5 -3  0  2 -5 -1  7 -5 -2 -3 -2  3 -1    1   0   0   0   1   0   0   0   0   5  22   0   1  54   0   4   1   0   8   3  1.12 inf
   14 S    1  0 -1 -1 -3  2  0  4 -2 -3 -1  1 -2 -2 -3  0 -2 -4 -3 -1   12   4   2   3   0  10   5  36   1   0   5   9   0   2   0   6   0   0   0   5  0.35 inf
   15 S    0 -1  1  2 -3  1  0  2  3 -2 -3 -1 -3 -2 -2  2  1 -3  0 -3    5   1   5  11   0   7   6  15  11   2   1   3   0   1   1  17   9   0   4   0  0.25 inf
   16 A    4 -2 -3 -4  4 -3 -2 -1 -4  2  1 -3 -1 -3 -3  0  0 -4 -3  1   39   1   0   0   9   0   1   2   0  11  14   0   1   0   0   6   5   0   0  11  0.41 inf
   17 A   -1  1  3  4  0  1  1 -2  2 -4 -3  0 -3 -5 -1  0 -2 -5 -3 -3    5   6  19  33   2   5   6   2   5   0   2   4   0   0   3   7   0   0   0   2  0.53 inf
   18 L   -4 -4 -6 -6 -4 -5 -5 -6 -5  0  5 -5 -1  5 -4 -5 -4 -1 -2 -1    0   0   0   0   0   0   0   0   0   2  69   0   0  25   1   0   0   1   0   3  1.27 inf
   19 G   -2 -2  0 -4 -5 -2 -4  7 -4 -6 -6  0 -5 -5 -2 -2 -4 -2 -2 -3    1   2   4   0   0   1   0  80   0   0   0   5   0   0   1   1   0   1   2   2  1.56 inf
   20 D   -5 -5 -2  8 -7 -4 -1 -5 -5 -7 -7 -4 -7 -7 -5 -4 -5 -8 -7 -7    0   0   0  99   0   0   1   0   0   0   0   0   0   0   0   0   0   0   0   0  2.68 inf
   21 P    1  1 -2 -2 -4  2  0 -3 -3 -1 -2  4  0 -4  3 -1  0 -4 -3 -1   16   5   1   1   0  10   4   0   0   3   3  30   2   0  15   3   4   0   0   3  0.42 inf
   22 R   -5  8 -4 -5 -7 -2 -4 -6 -2 -7 -6  0 -5 -6 -6 -4 -5 -6 -5 -6    0  98   0   0   0   0   0   0   1   0   0   2   0   0   0   0   0   0   0   0  2.57 inf
   23 R   -4  5 -4 -5 -2 -3 -4 -6 -1  0  5 -3 -1 -3 -5 -4 -4 -5 -4  0    0  32   0   0   1   0   0   0   2   4  57   0   0   0   0   0   0   0   0   4  1.03 inf
   24 T    0 -1  3  2 -3 -2  0  0  1 -3 -4  0 -3 -4 -3  1  3 -5 -3 -1    6   2  19  13   0   0   5   5   4   1   0   6   0   0   0   8  27   0   0   5  0.41 inf
   25 A    0  4  0  0 -5  2 -1 -3  0 -5 -4  4 -3 -5 -3 -1 -1 -5 -4 -4    8  29   3   5   0  11   2   0   2   0   1  32   0   0   0   4   4   0   0   0  0.71 inf
   26 R   -5  8 -4 -5 -7 -2 -4 -4 -4 -4 -6 -1 -2 -6 -6 -3 -5 -6 -5 -6    0  94   0   0   0   0   0   1   0   1   0   1   1   0   0   1   0   0   0   0  2.40 inf
   27 L    1 -4 -5 -5 -1 -3 -4 -1 -4 -1  4 -4 -1  3 -5 -3 -3 -3  1  0   16   0   0   0   1   1   0   6   0   0  54   0   0  12   0   1   0   0   5   4  0.65 inf
   28 V    0  1  0 -2 -3 -2 -1 -1 -3  2  0  1  1 -1 -3 -1 -1 -4 -1  3    7   7   6   1   0   1   3   4   0  14   4  13   3   2   0   2   3   0   1  30  0.19 inf
   29 N    0  1  0 -1 -3  1  1 -2 -1 -2 -1  3 -1 -1 -3  1  1 -1 -1 -1   10   7   4   2   0   5   8   1   1   1   4  22   1   3   0  15   9   1   2   3  0.20 inf
   30 V   -3 -4 -5 -6 -3 -4 -5 -6 -5  4  4 -5  2 -1 -5 -3 -1 -4 -3  2    0   0   0   0   0   0   0   0   0  26  52   0   4   1   0   1   3   0   0  11  0.93 inf
   31 A    3 -4 -3 -4 -3 -3 -2  0 -4  0  2 -3  2  0 -4 -1 -1 -4 -1  3   36   0   0   0   0   0   2   5   0   1  18   0   7   3   0   1   2   0   2  21  0.42 inf
   32 A    0  1  0  2 -2  1  3  0 -2 -4 -3  1 -3 -4 -3  2  0 -4 -1 -3    7   7   3  11   1   6  24   5   0   0   2   6   0   0   0  20   6   0   2   1  0.36 inf
   33 Q    0  3  1  1 -1  2  0 -1  1 -3 -3  1  1 -4 -3  2  0 -4 -3 -2    8  18   5   7   2  12   2   3   3   0   1   6   5   0   0  21   5   0   0   3  0.28 inf
   34 L   -4 -1 -5 -6 -4 -2 -5 -4 -4  1  5 -3  5  3 -5 -4 -3 -4 -2 -1    0   3   0   0   0   1   0   1   0   6  55   1  16  13   0   1   0   0   0   2  0.92 inf
   35 A    4 -2 -1 -3 -3 -2 -2  1 -3 -2 -2 -2  0 -2 -3  1  0  2 -1  1   40   1   3   1   0   0   2   8   0   1   2   2   2   2   0  13   6   3   2  12  0.36 inf
   36 K    2  0  1  0 -2  2  2 -2 -1 -3 -1  1  0 -4 -3  1 -1 -4 -3 -2   20   4   8   4   1   9  18   2   1   1   5  10   3   0   0  12   1   0   0   2  0.26 inf
   37 Y   -1  2  2  0 -4  2  0 -1  4 -3 -3  2 -2 -4 -3  1 -1 -4 -1 -4    4  13  13   5   0  12   3   3  12   1   2  17   0   0   0  10   1   0   1   0  0.41 inf
   38 S    0 -4 -4 -4 -4 -1 -2  0 -4 -1 -3 -3  2 -4  7 -1 -1 -5 -1 -3    7   0   0   0   0   2   2   8   0   4   1   1   7   0  56   5   3   0   3   1  1.24 inf
   39 G   -1 -2  1  0 -4  2  0  4  0 -4 -2 -2 -2 -4 -3  1  1 -4 -4 -2    3   1   8   4   0   9   5  37   2   0   4   0   0   0   0  12  11   0   0   2  0.49 inf
   40 K    2 -1 -2 -2  0  1  0 -1 -2 -1 -1  2  0 -3 -1  1  1 -4 -3  0   24   2   1   0   2   6   6   4   0   1   7  15   2   0   2  11   7   0   0   9  0.17 inf
   41 S    0 -3  0  0  1 -2 -3 -3  0 -5 -3 -2 -4 -5  0  6  1 -5 -4 -3    7   0   3   4   2   1   0   0   2   0   2   1   0   0   5  64   6   0   0   1  0.94 inf
   42 I   -3 -5 -5 -5 -3 -5 -5 -6 -5  5  3 -5 -1  1 -5 -4 -3 -4 -2  3    0   0   0   0   0   0   0   0   0  38  33   0   0   6   0   0   0   0   1  20  0.95 inf
   43 T    0  0  0 -4 -4 -3 -3 -4 -4 -1 -4 -3 -4 -5  7  1  0 -5 -5  1    7   5   4   0   0   0   0   0   0   4   0   0   0   0  55   9   5   0   0  10  1.23 inf
   44 I    0  1  1 -1 -3  3  0  0  0 -2 -2  2 -1  0 -2  1  0  0 -2 -2    7   9   8   2   0  22   5   6   1   1   2  11   2   4   1   9   6   1   0   2  0.22 inf
   45 S    4 -1 -2  0  1 -1 -2 -2 -3 -1 -2  1 -3 -4 -1  1  0 -5 -4  0   45   2   1   6   3   2   0   0   0   4   2   9   0   0   3  13   4   0   0   7  0.42 inf
   46 S    0 -4 -1 -4  8  0 -4 -4 -4  1  1 -4  0  1 -4  2 -2 -4 -3 -2    9   0   3   0  34   4   0   0   0   8  15   0   2   7   0  16   1   0   0   1  0.79 inf
   47 E    0  0  0  0 -3  3  1  1  0 -2 -2  2 -2  1 -1  0 -1 -3 -2 -2    7   4   3   4   0  20  11  12   1   2   3  12   0  10   2   4   2   0   0   1  0.21 inf
   48 G   -1 -1  1  1 -2 -1  0  4 -2 -2 -2  0 -2 -2 -1  0  0 -2 -2 -2    4   3   6   7   1   2   6  42   1   3   3   5   1   2   2   4   7   0   1   2  0.40 inf
   49 S   -1 -1  3  3 -3  0 -1 -2 -2 -4 -3 -1 -2 -4 -1  3  1  3 -3 -3    2   3  18  22   0   3   1   1   0   1   2   1   1   0   3  27   8   5   0   1  0.52 inf
   50 K   -1  2 -4 -2 -4 -2 -2 -3  2 -4 -2  0 -3  2  1 -3 -1  9  0 -3    5  11   0   3   0   1   1   2   4   0   3   7   0  10   8   0   5  36   1   1  1.09 inf
   51 A    5 -2 -2  0 -3 -3 -3 -1  0 -4 -4 -2 -4 -5 -2  3 -1 -5 -4 -3   58   2   1   4   0   0   0   4   3   0   0   1   0   0   1  24   1   0   0   0  0.89 inf
   52 A    1  0  0  3 -4  3  3  0 -2 -4 -3  0 -2 -4 -1  0  0 -4 -4 -3   14   3   4  15   0  13  25   6   0   0   2   2   1   0   2   6   6   0   0   1  0.40 inf
   53 Q    1 -1 -3 -3 -3  0  0 -4 -1  1  0 -1  1 -3 -3 -1  5 -4 -1  1   10   2   0   0   0   4   7   0   1   8   9   4   3   0   0   1  42   0   2   8  0.43 inf
   54 E   -1  0 -3 -2 -3  2  2 -4 -2  1 -2  5  1 -4 -3 -1 -2 -5 -4  0    4   3   0   1   1   9  15   0   0   8   2  41   5   0   0   2   1   0   0   8  0.56 inf
   55 G    5  1 -4 -4 -4 -4 -4  4 -4 -5 -5 -3 -2 -5 -4 -1 -3 -5 -5 -4   58   8   0   0   0   0   0  31   0   0   0   0   1   0   0   1   1   0   0   0  1.15 inf
   56 A    5 -4 -4 -4  0 -3 -4  0 -4 -1 -1 -3 -2  1 -4 -1  1 -4  0  0   58   0   0   0   2   0   0   5   0   3   4   0   1   6   0   2   9   0   4   6  0.68 inf
   57 Y   -5 -5 -2 -6 -6 -5 -5 -3  1 -3 -4 -5 -1 -1 -6 -5 -2  4  9 -5    0   0   2   0   0   0   0   2   2   1   0   0   2   0   0   0   3   5  82   0  2.44 inf
   58 R   -5  8 -2 -1 -4 -2  0 -5 -3 -6 -5 -1 -5 -6 -5 -3 -4 -6 -5 -6    0  88   1   3   0   0   5   0   0   0   0   0   0   0   0   1   0   0   0   0  2.15 inf
   59 F   -5 -6 -6 -7 -2 -6 -6 -7 -5 -3  2 -6 -1  8 -7 -6 -5 -3 -1 -2    0   0   0   0   1   0   0   0   0   0  21   0   1  74   0   0   0   0   0   2  2.04 inf
   60 I   -4 -5 -6 -6 -1 -5 -6 -6 -5  2  4 -5  0  5 -6 -5 -3  5 -1 -1    0   0   0   0   1   0   0   0   0  13  41   0   2  31   0   0   1   9   1   1  1.10 inf
   61 R    0  3  2  3 -3  0 -1  0 -1 -5 -5 -1 -4 -5 -4  3 -2 -5 -4 -4    7  21  11  21   0   2   2   6   1   0   0   2   0   0   0  26   0   0   0   0  0.59 inf
   62 N   -3 -3  8 -2 -6  0 -3 -4  3 -7 -7 -3 -5 -6 -5  0 -3 -7 -5 -6    1   1  78   0   0   4   1   0   6   0   0   0   0   0   0   7   1   0   0   0  1.98 inf
   63 P   -1 -2 -2  3 -5 -2  3 -2 -2 -5 -5  0 -5 -6  6 -1 -1 -6 -5 -4    5   1   1  18   0   1  20   3   1   0   0   6   0   0  37   3   3   0   0   1  0.95 inf
   64 N    0  3  3  0 -4  1  0 -3  1 -4 -4  3 -3 -3 -3  1 -1 -4  0 -4   10  15  16   3   0   7   5   1   3   0   0  25   0   1   0   9   2   0   3   0  0.47 inf
   65 V   -2 -5 -5 -6 -2 -5 -5 -6 -5  3  0 -5  2  0 -5 -4  0  1 -1  6    3   0   0   0   0   0   0   0   0  17   4   0   4   3   0   0   5   2   2  60  1.09 inf
   66 S   -2 -2  1  2  2 -2  0 -2  2 -4 -4  0 -4 -5 -3  3  4 -5 -4 -3    1   0   7  14   5   0   5   2   5   1   0   6   0   0   0  28  26   0   0   1  0.58 inf
   67 A    2 -2 -4 -3  0 -2  2 -3 -2 -2 -2 -2  1  2  4 -1 -1  5  1 -1   17   2   0   0   2   0  14   0   1   2   2   1   5  10  22   2   3   8   5   5  0.46 inf
   68 E   -1  0  1  3 -2  3  4 -1  0 -5 -4 -1 -2 -5 -3  1 -1 -5 -2 -4    4   4   6  18   1  12  32   4   2   0   1   3   1   0   0  10   2   0   1   0  0.59 inf
   69 A    3  1 -1  2 -4  2  1  0 -1 -2 -4  2 -2 -4 -3 -1 -2 -2 -1 -2   27   6   1  15   0   9  11   8   1   2   0  12   1   0   0   2   1   1   3   2  0.32 inf
   70 I   -4 -5 -6 -6 -1 -2 -6 -6 -6  6  2 -5  3 -2 -6 -5 -3 -5 -4  2    0   0   0   0   1   2   0   0   0  60  19   0   7   1   0   0   0   0   0   9  1.28 inf
   71 R    1 -1  0 -4  0 -1 -3 -4 -4  2  3 -3  2 -2 -3 -2 -1 -4 -2  0   14   4   6   0   2   3   0   0   0  15  39   1   6   0   1   1   2   0   1   5  0.39 inf
   72 K    2 -1 -1  2 -4  2  3 -1 -2 -4 -2  0 -3 -1 -3  1 -1 -4 -3 -3   20   3   2  12   0  12  24   3   0   0   4   3   0   4   0  10   3   0   0   1  0.37 inf
   73 A    2  0 -2 -3 -3 -1 -1  2  0 -4 -3 -3 -4 -5  5  1 -1 -5 -4 -3   22   6   1   0   0   2   4  13   3   0   2   0   0   0  32  10   3   0   0   1  0.70 inf
   74 G   -2 -4 -3 -3 -1 -2 -4  2  9  0 -3 -4 -4 -2 -5 -2 -2  1  0  0    3   0   0   1   1   1   0  16  53   5   3   0   0   2   0   2   2   2   2   6  1.36 inf
   75 A    0  2 -3 -4 -1  0 -2 -2  0  0 -2 -1 -2  5 -4  0 -2  5  3 -2    8  11   0   0   1   5   2   2   3   8   2   4   0  25   0  10   1   9   8   2  0.42 inf
   76 M    1  1 -1  0 -4  4  1 -1  1 -2 -1  1 -1 -4 -3  0  1 -4 -1 -3   13   5   1   5   0  29   9   4   3   2   5   7   1   0   0   4   8   0   2   1  0.34 inf
   77 Q    3  1 -1 -3  3  2  0 -2  1 -3 -2  0 -3 -3 -3  2 -1 -4 -2 -1   32   8   2   0   6  11   5   2   3   0   4   4   0   1   0  17   1   0   1   3  0.36 inf
   78 T   -1 -1 -3 -4  1 -2 -2 -4 -4 -2 -4 -3  0 -5 -3  2  6 -5 -4 -1    4   3   0   0   3   1   2   0   0   2   0   0   2   0   1  15  62   0   0   3  1.07 inf
   79 V    2  2 -2 -2  1  1 -1 -2 -1  0  0  1  0 -1 -3 -1  0 -3 -1  2   21  12   0   2   3   6   2   2   1   4   8   9   2   2   0   3   5   0   1  16  0.12 inf
   80 K    0  2  0 -1 -2  2  3 -1  0 -2 -2  1 -2 -4 -1  0  0 -1 -3 -2    8  12   5   2   1  10  27   4   2   2   3   8   0   0   2   5   6   1   0   1  0.29 inf
   81 L    2  6 -2 -2  0  1  0 -3  0 -3 -1  0 -2 -4 -1 -1 -1 -4 -3 -2   17  47   1   1   2   7   4   0   2   1   6   3   1   0   2   2   2   0   0   1  0.63 inf
   82 A    2 -1 -3 -2  4 -2 -3 -3 -3  2  1 -3  4 -2 -3  0  0 -4 -3  1   19   3   0   2  11   0   0   0   0  15  13   0  14   0   0   7   5   0   0  11  0.32 inf
   83 Q    1  2  0 -1 -3  2  2 -2 -1 -2 -2  3 -2 -3  0  0  0 -4 -3 -1   16  10   3   1   0  13  15   1   1   2   4  20   0   0   3   4   4   0   0   4  0.26 inf
   84 E    2  0  0 -1 -1  1  2  1 -1 -3 -3  1 -2 -4 -1  1  1 -4 -3 -1   23   3   5   2   2   7  19  11   1   0   1   8   0   0   2   7   8   0   0   3  0.25 inf
   85 F   -2  0  0  0  1  2  2  0  6 -3 -1 -1 -2 -1 -3 -1 -2 -3  0 -2    2   4   5   5   4  12  18   8  24   1   5   1   0   3   0   3   1   0   3   2  0.39 inf
   86 P   -1  1 -1  1 -4  1  3  1  0 -4 -4  1 -3 -4  4  0 -1 -4 -3 -4    3   9   1   7   0   5  23  11   2   0   0   7   0   0  22   7   1   0   0   0  0.50 inf
   87 E   -2  1 -2 -2 -1 -1  0 -3  3  1  0 -1  0 -2  2 -2  1 -2  1  2    1  11   1   1   1   1   5   0   9   8  11   3   1   0  10   0  13   0   6  18  0.17 inf
   88 L    0 -3 -4 -4 -2 -3 -3 -4 -4  3  2 -3  1  0 -3 -2  0 -3 -2  4    7   0   0   0   0   0   0   0   0  20  22   0   2   2   0   0   3   0   0  45  0.43 inf
   89 L   -2 -3 -4 -4 -2 -3 -4 -5 -4  2  5 -3  2  1 -2 -3 -2 -3 -2  1    0   0   0   0   0   0   0   0   0   6  76   0   2   3   2   0   0   0   0  11  0.65 inf
   90 A    3 -3 -3 -3  3 -1 -2 -2 -3  2  1 -2  0 -2 -2  0 -1 -3 -2  2   35   0   0   0  10   4   0   0   0  13  14   0   1   0   0   3   0   0   0  20  0.25 inf
   91 I    0 -3 -4 -4 -2 -3 -3 -4 -4  3  3 -3  1  0 -1 -2 -1 -3 -2  2    7   0   0   0   0   0   0   0   0  23  45   0   2   2   3   0   0   0   0  17  0.42 inf
   92 E   -1  0 -1  2 -4  5  2  0  3 -4 -4  0 -2 -4 -2  1 -1 -3 -2 -3    3   2   0  11   0  45  11   6  11   0   0   0   0   0   0  10   0   0   0   0  0.58 inf
   93 D   -3 -3  0  7 -4 -2  0 -1 -2 -3 -1 -2 -3 -3 -3 -2 -2 -4  0 -4    0   0   0  82   0   0   0   4   0   0  10   0   0   0   0   0   0   0   5   0  1.15 inf
   94 T   -1 -2  0 -2 -2 -2 -2 -1 -3 -1 -3 -2 -2 -3 -2  2  6  3 -2 -1    0   0   3   0   0   0   0   4   0   2   0   0   0   0   0  13  73   5   0   0  0.80 inf
   95 T    0 -2 -1 -2 -2 -2 -2 -2 -3 -2 -3 -2 -2 -3  2  2  5 -4 -3 -1    3   0   0   0   0   0   0   0   0   0   0   0   0   0  10  20  64   0   0   3  0.74 inf
   96 S   -1 -1  0  1 -1  1  4 -2 -1 -1 -2 -1 -2 -1 -2  0  1 -3  1  0    2   0   5   5   1   6  41   2   0   2   0   0   0   3   0   5  12   0   7  11  0.29 inf
   97 L    0 -2  1 -2 -2 -2 -2 -2 -1  1  1 -2  2  2 -2 -1 -1 -1  2  1   12   1  12   1   0   0   1   1   0  12  12   1  11  12   1   1   1   0  11  12  0.12 inf
   98 S   -3 -1  4  4 -2  1 -1 -2 -1 -1 -4  1 -4 -4 -2  1 -1 -4  2 -2    0   3  21  24   1   5   3   2   1   4   0   8   0   0   1  13   3   0   7   3  0.50 inf
   99 Y   -5 -5 -5 -5 -5 -2 -5 -5 -3 -2 -1 -2 -4  6  0 -5 -5  2  7 -4    1   0   0   0   0   2   0   0   0   2   5   3   0  32   5   0   0   3  44   0  1.62 inf
  100 R   -1  2  1 -1 -3  1 -1  0  2 -2 -3  1 -1 -2 -1  1  2  2 -1 -2    5  12   8   3   0   8   2   8   5   1   2   7   1   1   3  12  16   3   2   2  0.20 inf
  101 H   -1  2  1 -3  1 -1 -2  2  7 -4 -2  1 -3 -4 -1 -1  1 -4 -2 -2    3  12   6   0   3   2   0  14  27   0   4   9   0   0   2   4   9   0   0   2  0.56 inf
  102 Q   -1  3 -1 -1 -4  2  0 -3  3 -2 -2  2 -1 -1  1  0  0 -4 -2 -2    4  21   2   3   0  10   4   0   9   3   2  12   2   4   7   9   6   0   0   2  0.30 inf
  103 V    0  1  0 -1 -1  0  0 -1  1 -1  0  1  0 -3  2  0  1 -3 -2  0    8   9   4   3   2   3   5   4   4   4   8  13   2   0  11   7   8   0   0   6  0.12 inf
  104 A    1  0 -2 -1  0  0 -1  0 -1  0 -1  0  0 -3  2  0  1 -3 -3  0   14   6   0   3   2   5   2   8   2   7   7   6   2   0  12   4  12   0   0   9  0.12 inf
  105 E   -1  3  1  1 -4  1  3 -2  0 -2 -3  3 -3 -2  0  0  0 -4 -3 -3    3  16   6   8   0   5  18   2   2   3   1  19   0   2   3   8   4   0   0   1  0.35 inf
  106 E   -1  2 -1  3 -4  0  1  3 -1 -3 -3  2 -1 -4 -1 -1 -2 -4 -4 -3    3  10   2  18   0   4   7  26   1   1   2  15   2   0   2   2   1   0   0   1  0.41 inf
  107 L   -2  1 -1  1 -3 -1  0 -1 -3  2  3 -1  1 -1 -3 -2 -1 -1 -2  0    1  10   3   8   0   2   8   4   0  11  33   2   4   3   1   1   3   1   0   5  0.18 inf
  108 G   -1 -4 -1 -2 -4  0 -2  6 -1 -4  0 -4 -2 -2 -2 -2 -4 -4 -2 -3    4   0   2   2   0   4   2  65   1   0   9   0   1   1   2   2   0   0   2   1  1.07 inf
  109 K   -2  1 -3  0 -4 -2 -1  2 -2 -1  1 -1  1  0  4 -2 -1 -3  1  0    0   9   0   5   0   0   3  17   1   3  15   3   4   4  19   2   3   0   5   6  0.26 inf
  110 L   -1 -3  0 -3 -1 -2 -2  2  2  1  2 -3  2  0 -1 -2  1 -3  1  0    3   0   5   0   1   0   1  19   6   7  21   0   7   3   3   1  10   0   5   6  0.19 inf
  111 G    0  0  1  0  2  1  0  0  2  0 -2  0 -2 -2  1  0  0 -3  1  0    6   6   6   6   6   6   6   6   6   6   1   6   0   0   6   6   6   0   6   6  0.08 inf
  112 S   -1  1  2 -1  0  0 -1  0  1  0 -1  0 -1 -1  0  1  2 -3 -1  0    4   8  11   3   2   4   3   6   4   5   5   6   1   2   5   9  15   0   2   6  0.09 inf
  113 I    0  0  1  0  0  1  0  1 -1  0 -2  1  0 -2  0  1  2 -3 -1 -1    7   3   6   5   2   7   4  10   2   7   3   8   2   1   3  12  13   0   2   3  0.09 inf
  114 Q   -1  0  3 -1  0  2 -1  1  2 -3 -4  1 -3 -1  0  1 -1 -4  2 -3    3   5  16   3   2   8   3  12   6   2   0   8   0   3   5  12   4   0   8   2  0.26 inf
  115 D   -1  0  1  1  0  1  2  2  1 -2 -2  1  0 -2  1  0  0 -4 -2 -2    3   3   7   9   2   6  14  14   3   1   5   7   4   2   6   5   5   0   1   1  0.16 inf
  116 K    0  3  1  0 -1  1 -1  1  1 -2 -3  2 -3 -3 -3  0 -1 -4  1 -1    6  15   6   4   1   8   3  11   4   2   2  16   0   0   0   7   3   0   6   4  0.23 inf
  117 S    0  0  2  0  0  2 -1  0  0 -1 -1  1 -2 -3 -2  1  2 -4 -1 -1    8   5  11   5   2  11   3   6   2   3   7   8   0   0   2  10  14   0   2   3  0.14 inf
  118 R   -2  5 -1 -3  3  1 -1  0  2 -2 -1  0 -2 -1 -1 -1 -1  1  1 -2    2  36   2   0   7   6   3   6   5   2   4   3   0   2   3   4   3   2   6   2  0.35 inf
  119 G    1 -2  1 -2 -2 -2 -2  5 -2 -3 -3 -2 -3 -3 -2  1  1 -3 -3 -3   10   1   9   1   0   1   1  52   0   1   1   1   0   0   1  11   9   0   0   1  0.65 inf
  120 W    0  0 -2  0 -2 -2 -2 -3 -2  1  0 -2  2  2 -2 -1  0  4  2  1    9   9   0   9   0   0   1   1   0   9   9   0   9   9   0   1   9   8   9   9  0.15 inf
  121 W   -2  0 -3 -3 -3  0  0 -4  1  0  1  0  2  3 -3 -2 -2  4  3  0    0   6   0   0   0   5   7   0   4   6  15   5   8  15   0   3   0   5  16   6  0.26 inf
  122 V    0 -1 -2  1  3  1 -1  0 -2  1  0  0  2 -2 -3 -1 -1 -3 -2  1   10   0   0  10  10  10   0  10   0  10  10  10  10   0   0   0   0   0   0  10  0.11 inf
  123 H   -3 -2  2 -2 -4  2 -2 -4  9 -4  0 -2 -2 -3 -4 -2 -3 -4 -1 -4    0   0  13   0   0  13   0   0  62   0  13   0   0   0   0   0   0   0   0   0  1.28 inf
  124 S    0 -2  1  0 -2 -1 -1 -2 -2 -2 -1 -1  0  0  3  3  2 -3 -2 -1    6   1   8   4   0   0   1   1   0   1   3   1   3   4  15  33  16   0   0   4  0.31 inf
  125 V    1 -2 -1 -2  1  0 -1 -1 -2  0 -1 -1  0 -2 -2  2  3 -3 -2  1   15   1   0   1   3   5   1   3   0   3   4   1   4   0   1  21  22   0   0  14  0.19 inf
  126 L   -2 -3 -3 -2 -2 -3 -2 -4 -3  2  4 -3  2  1 -3 -3 -2 -2  1  0    1   0   0   3   0   0   2   1   0  13  59   0   6   5   0   1   0   0   5   3  0.47 inf
  127 L    4 -3 -3 -3  1 -2 -2  0 -3  0  1 -2  2 -2 -2  0  0 -3 -2  1   47   0   0   0   4   0   0   5   0   3  16   0  10   0   0   3   3   0   0   7  0.32 inf
  128 L   -1 -3 -3 -3 -2 -2 -3 -3 -2  2  1 -3  1  2 -3 -2 -1 -1  3  3    5   1   0   1   0   0   1   1   0  12  11   1   4  12   1   1   1   0  11  38  0.34 inf
  129 E    1 -1  1  2 -2 -1  0  0 -2 -1 -3  0 -2 -3 -2  2  3 -3 -3 -2   13   3   5  17   0   0   4   4   0   3   1   3   0   0   0  21  25   0   0   0  0.30 inf
  130 A    2  0 -2 -2 -2 -1  0 -1  0 -1 -2 -1 -2 -3  5  1  1 -3 -2 -1   20   7   1   1   0   1   4   4   3   3   3   1   0   1  32   8   8   0   0   3  0.48 inf
  131 T   -1 -1  0  3 -1  2  3 -2  0 -2 -2  0 -2 -4 -1  0  1 -4 -3 -3    5   2   3  18   1   9  28   2   2   2   4   3   0   0   2   7  11   0   0   0  0.36 inf
  132 T    0  1  1  2 -1  0  0  3 -1 -3 -3 -1 -3 -4  0  2  1 -4 -3 -3    3   8   6  12   1   4   4  22   1   0   2   2   0   0   3  20  11   0   0   0  0.29 inf
  133 F    0  0  0  0  2  1  0  0  1  0  0  0  1  0 -2  0  0 -3 -1  0    6   6   6   6   6   6   6   6   6   6   6   6   6   6   0   6   6   0   0   6  0.03 inf
  134 R    0  2 -2 -1 -1  0  0 -2  1  0  1  0 -1 -1  1  0  0 -3 -2  0    7  16   0   2   1   5   5   3   5   4  21   2   0   2   7   9   3   0   0   6  0.09 inf
  135 T   -1 -3 -3 -3  2 -3 -3  1  1  0  0 -3  1  1  5 -1 -1 -3  1  0    5   0   0   0   5   0   0  13   5   5   9   0   5   8  30   2   3   0   5   6  0.44 inf
  136 V   -2 -3 -3 -4 -3  1 -3 -1  1  2  3 -3  0 -1  0 -3  0 -3  0  2    0   0   0   0   0   8   0   7   5  17  31   0   0   0   5   0   5   0   3  21  0.29 inf
  137 G    0 -4 -3 -1  3 -4 -4  6 -4 -3 -1 -3 -3 -4  1 -2 -3 -4 -4 -1    6   0   0   4   8   0   0  62   0   0   7   0   0   0   6   0   0   0   0   6  0.94 inf
  138 L    0 -2 -2  0  3  1 -2 -3 -2  1  0 -2  2  1  1 -1  0 -2  2  1    8   0   0   8   8   8   0   0   0   8   8   0   8   8   8   0   8   0   8   8  0.14 inf
  139 L    1 -3 -3 -3  1 -2 -3  0 -3  2  2 -3  2  0 -3  0  0 -3  0  1   13   0   0   0   3   0   0   9   0  15  27   0   6   3   0   7   5   0   3   7  0.19 inf
  140 H    1 -1  1  3 -3  0  1  0  3 -2 -3 -1  0 -2 -2  0  0  4  0 -1   12   2   8  19   0   3   8   5   9   0   0   3   3   0   0   7   5   6   4   6  0.22 inf
  141 Q    1 -2 -2  0 -3  4  0  0  1  0  0 -2  2  0 -3  0  0 -3 -2  0   14   0   0   5   0  28   4   6   4   4   9   0   6   4   0   4   4   0   0   6  0.24 inf
  142 E    0  2 -2 -1  1  2  0 -3  3 -1 -2  3 -2  0 -3 -1 -1  4  1 -2    6  10   0   4   3   9   4   1   8   4   4  22   0   4   0   4   4   7   5   0  0.26 inf
  143 W    0  0  0 -3  2  0 -2 -3  2  0  0 -2  1  1  1  0  0  4  1  0    6   6   6   0   6   6   0   0   6   6   6   0   6   6   6   6   6   6   6   6  0.13 inf
  144 W   -2 -2 -2 -5  1 -1 -2 -5  1 -1 -1 -4 -3  1 -5 -2 -1 11  1 -1    3   3   2   0   3   3   3   0   3   3   6   0   0   5   0   3   4  50   3   5  1.70 inf
  145 M    1  1  1  0  1 -2 -2 -3  0  1 -2  0  0  0 -1  1  1 -3  1  1   13   7   7   7   3   0   0   0   3   9   0   5   3   4   2  11   9   0   6  11  0.09 inf
  146 R    1  7 -3 -4 -5  1 -3 -5  1 -5 -5  1  1 -5 -1 -1  0 -6 -4 -5   13  60   0   0   0   5   0   0   3   0   0   4   3   0   3   3   5   0   0   0  1.19 inf
  147 P    0  1  1  1  2  1  0  0 -2  0 -2  0 -2 -2  1  0  0 -3  1  0    7   7   7   7   7   7   7   7   0   7   0   7   0   0   7   7   7   0   7   7  0.09 inf
  148 D   -1  2  0  1 -3  1  0  1  2  0 -2  1 -2 -1  2 -1  0 -4 -2 -1    4  12   4   8   0   5   7  10   5   7   3   8   0   3  10   4   5   0   0   4  0.14 inf
  149 D    0  0  1  0  2  1  0  0  2  0 -1  0 -1  0  1  0  0 -3 -2  0    6   6   6   6   6   6   6   6   6   6   6   6   0   6   6   6   6   0   0   6  0.04 inf
  150 P   -1  1  0  0  1  0  0  0  1 -1 -2  2 -2 -3  1  0  0 -3  1 -1    5   8   4   4   3   4   6   7   4   3   3  19   0   0   8   5   7   0   6   3  0.15 inf
  151 A    0  0 -2  0 -3  1  0  0 -2  0  0  0  1 -2  1  0  0  4  1  0    6   6   0   6   0   6   6   6   0   6   6   6   6   0   6   6   6   6   6   6  0.09 inf
  152 D    0  0  1  0 -3  1  0  0  2 -3 -1  0 -2  1  1  0  0  4  1 -3    6   6   6   6   0   6   6   6   6   0   6   6   0   6   6   6   6   6   6   0  0.14 inf
  153 A    2  0 -1 -2  1  0 -1  1 -2  1  0  0 -1  0 -1  0  0 -3  1  0   20   5   2   0   3   6   4  11   0  12   6   6   0   4   2   4   6   0   6   3  0.07 inf
  154 D    0  0  1  0 -3  1  2  1  1 -3 -3  1 -2 -3  1  1  0  1 -2 -2    6   3   6   4   0   4  19  12   4   0   0  11   0   0   6  12   7   2   0   4  0.23 inf
  155 E    0  2  0  1 -3  1  2 -1  2 -1 -2  1 -2 -3  0  0 -1 -4 -2 -1    7  14   3   9   0   6  20   4   6   4   4   6   0   0   4   7   3   0   0   3  0.21 inf
  156 K   -1  2 -2  0 -4  1 -1  0 -3 -1 -4  5 -3 -4  1  0 -1 -5 -4 -2    3  11   0   4   0   5   0   6   0   3   0  47   0   0   7   5   4   0   0   3  0.58 inf
  157 E    0  1 -1  1 -3  2  1  1  3 -3 -3  1 -2 -2 -2 -1  1 -2  2 -2   10  10   0  10   0  10  10  10  10   0   0  10   0   0   0   0  10   0  10   0  0.23 inf
  158 S    0 -2  0 -3 -3  1 -2 -1  1 -4 -4  1 -3 -4 -3  5  2  3 -3 -3    7   0   4   0   0   6   0   3   3   0   0   9   0   0   0  48  14   4   0   0  0.67 inf
  159 G    1 -1 -2  0  1  2  1 -1  3 -1 -1  0  0  1 -3 -1 -1  2  3 -1   11   3   0   6   3  12   7   4   7   4   3   5   3   7   0   3   3   3  11   5  0.15 inf
  160 K   -4  5 -4  0  2 -2  0 -5  2  0 -1  3 -4 -5  0 -1 -4 -5  1 -1    0  29   0   5   4   0   7   0   4   7   6  20   0   0   4   5   0   0   4   5  0.56 inf
  161 W   -3 -2 -1  0 -6  1 -6 -3  1 -6 -3 -6 -5 -4 -1 -6 -6 11 -3  0    3   2   3   6   0   6   0   2   3   0   2   0   0   0   4   0   0  61   0   8  2.48 inf
  162 L    0  0 -2 -2 -3  1  0  0  2  0  0  0 -1  1  1  0  0 -2  1  0    7   7   0   0   0   7   7   7   7   7   7   7   0   7   7   7   7   0   7   7  0.06 inf
  163 A   -1  2  0  2 -4  2  2 -1  1 -1 -2  1  0 -3 -3  0 -1  3  0 -2    4  14   3  12   0  10  13   3   4   3   4   8   3   0   0   6   4   4   3   3  0.22 inf
  164 A    0  1  1 -1  3  1  1  0  2 -2 -1 -1 -1 -3 -2  1  1 -3 -2  0    8   8   8   0   8   8   8   8   8   0   8   0   0   0   0   8   8   0   0   8  0.12 inf
  165 A    0  0 -2  1  1  0 -1 -1 -2  1  0 -2  1  1 -1  0  1 -2  1  0    6   7   0   9   3   3   4   3   0   9   9   0   6   6   3   6  10   0   8   8  0.05 inf
  166 A    1  3 -1  0 -1  2  3 -2  0 -2 -2  0  0 -4 -3 -1 -1  0 -2 -1   11  20   3   5   1  10  22   2   2   2   2   5   2   0   0   3   2   1   1   4  0.34 inf
  167 T    2  1  0 -1  1  2  2 -3  2 -1 -1  0 -2 -1 -3  0  0 -3  1 -1   19   7   4   3   4  11  15   0   5   4   6   4   0   2   0   4   4   0   5   3  0.18 inf
  168 S    0 -1  0 -2  2  1  0  0 -2  0  0  0  1  0  1  0  0 -3 -2  0    7   0   7   0   6   7   7   7   0   7   7   7   6   6   7   7   7   0   0   7  0.05 inf
  169 R    0  0  1  0  2  1  0  0  2  0 -2  0  1 -3  1  0  0 -3 -2  0    6   6   6   6   6   6   6   6   6   6   1   6   6   0   6   6   6   0   0   6  0.09 inf
  170 L    0 -1  1  0 -4  2  3 -1  1  0  0  0  0 -4  0  0 -1 -4 -3 -2    9   3   8   4   0  10  25   3   3   5   8   5   2   0   3   6   3   0   0   3  0.24 inf
  171 R   -1  0  0  0  2  0  0 -1  2  0 -1  0  2  1  0 -1  0  4  1 -1    5   5   5   5   5   5   5   5   5   5   5   5   5   5   5   5   5   5   5   5  0.08 inf
  172 M    2 -1 -4 -4 -4  1 -1 -2 -4  1  3 -1  2 -1 -1 -1 -1 -4 -3  1   19   4   0   0   0   6   4   3   0   7  30   4   5   2   3   5   3   0   0   7  0.27 inf
  173 G    0  0 -1  0  2  1  0  2  0 -2 -2  0 -3 -2  2 -1 -1  2  0 -1    9   7   2   4   5   6   6  19   2   2   4   7   0   1  11   3   2   3   3   3  0.17 inf
  174 S    1  0  0  1  3  0  2 -1  0 -1 -2 -1  0 -4  1  1  0 -4 -3 -2   11   6   3   8   7   4  15   3   2   3   4   2   2   0   7  14   7   0   0   3  0.18 inf
  175 M    0  0  1  0 -3  1  0  0  2  0 -1  0  1 -2  1  0  0 -2  1  0    6   6   6   6   0   6   6   6   6   6   6   6   6   0   6   6   6   0   6   6  0.05 inf
  176 M    1 -1  0  2 -3  2  0 -1  0  1 -1 -1  4 -2 -1  0 -1 -4 -3  0   13   1   3  12   0   9   5   5   2   8   3   4  14   1   3   7   1   0   0   7  0.15 inf
  177 S    1  1 -1 -2 -3 -1  0 -2 -1 -1 -2  1 -2 -2  1  1  3 -4 -3 -1   14   8   1   2   0   2   5   2   1   3   3   9   0   1   8  12  25   0   0   3  0.29 inf
  178 N   -1  4  1  0 -1  1  0 -3  1 -4 -2  3  1 -4  0 -1 -1 -4 -3 -3    6  30   5   6   1   7   4   1   3   0   4  16   4   0   4   3   3   0   0   1  0.43 inf
  179 V   -2 -4 -4 -4  4 -2 -4 -4 -1  2  2 -2 -1  0 -4 -3 -1  1  2  4    2   0   0   0  11   2   0   0   2  10  16   2   0   4   0   2   3   2   6  36  0.56 inf
  180 I   -2 -4 -3 -4 -3 -3 -3 -4 -4  3  0 -3  3  1  2 -2  2 -4 -2  3    0   0   0   0   0   0   0   0   0  21   5   0   9   5  11   0  18   0   0  30  0.48 inf
  181 A   -1 -1  0 -1  1 -1 -1 -1  4 -1 -2 -2  0  0  2  1  0 -2  2  0    3   2   3   3   4   2   0   3  14   3   1   0   3   3  11  15   7   0  11  10  0.19 inf
  182 V    0  1 -2 -3 -2 -2 -2 -3 -2  2  1 -1  2  2 -3 -1  1 -2 -1  1   12  12   0   0   0   0   0   0   0  12  12   0  12  12   0   0  12   0   0  12  0.15 inf
  183 C    1 -2  0 -2  5 -2 -1  2  1 -1 -2 -2  1 -1 -2  2  1 -3 -2 -2   14   0   2   0  18   0   2  14   6   3   0   0   6   3   0  22  11   0   0   0  0.30 inf
  184 D    1 -3  0  6 -4 -2  0  1 -2 -4 -4 -2 -4 -4 -3  1 -2 -5 -4 -4   13   0   0  65   0   0   0   9   0   0   0   0   0   0   0  13   0   0   0   0  0.93 inf
  185 R   -1  6 -2 -3  1  0 -1 -3  1  0  0  0 -2 -3 -3  1 -2 -4 -3 -2    4  57   0   0   4   3   0   0   3   6   9   0   0   0   0  13   0   0   0   0  0.59 inf
  186 E   -1 -1 -1  1 -4  0  5  1 -1 -4 -4  0 -3 -4 -2  1 -1 -4 -3 -4    0   0   0   4   0   0  68   9   0   0   0   4   0   0   0  14   0   0   0   0  0.80 inf
  187 A    3 -2  0 -2 -2 -1 -2  3 -2 -3 -2  0 -2 -1 -2  2  0 -3 -2 -2   40   0   2   0   0   0   0  23   0   0   2   8   0   3   0  18   2   0   0   0  0.39 inf
  188 D   -3  3  1  7 -5 -1  1 -3 -2 -5 -5 -1 -4 -5 -3 -2 -2 -5 -4 -4    0  19   3  73   0   0   4   0   0   0   0   0   0   0   0   0   0   0   0   0  1.23 inf
  189 I   -1 -3 -2 -1 -2 -1 -3 -4 -3  4  1 -3  1  1 -3 -1 -1 -3 -2  2    2   0   1   4   0   3   0   0   0  50   6   0   4   7   0   4   2   0   0  16  0.38 inf
  190 H   -2  2 -3 -4 -1 -2 -3 -4  1  0 -1 -2  0  4 -4 -2 -1  5  6 -1    3  13   0   0   1   0   0   0   2   4   4   0   2  19   0   1   3   8  37   1  0.68 inf
  191 A    3 -2 -2  1 -3  0  4 -2  3 -3 -4  0 -3 -4 -1  0 -1 -4 -3 -2   29   0   0   7   0   1  41   1   8   1   0   3   0   0   2   3   2   0   0   1  0.54 inf
  192 Y   -1 -3 -1 -3  1 -3 -1 -1  2  0  1 -3  2  4 -4 -3 -2  5  3  0    4   0   4   0   4   0   5   4   5   4  15   0   8  21   0   0   0   9  13   5  0.38 inf
  193 L   -2  1 -2 -3 -2 -1 -2 -3  3  1  1 -1  2  2 -3  0 -1  5  2 -1    1  11   0   1   0   0   1   1  10  11  11   1  10  10   1  11   1  10  10   1  0.23 inf
  194 Q    3  1 -3  0  4  2  1 -3  2 -2 -2 -1 -1 -4 -4 -1  0  1 -1  0   24   7   0   5   9   9  11   1   7   1   3   2   1   0   0   4   6   2   2   8  0.29 inf
  195 D   -1  2 -2 -2  0  1  2 -3  1 -1  0  0  0 -1 -4 -1  0 -3  4 -2    5  11   1   2   2   6  17   1   3   2  12   5   2   1   0   4   6   0  16   2  0.27 inf
  196 K    3  0 -2 -3  0  0 -1 -3  0 -1  0  2 -1 -1  1 -1 -1 -4  1  0   29   5   1   0   2   5   2   0   2   2  10  13   1   2   6   4   3   0   5   7  0.23 inf
  197 L   -2  3 -1 -1 -2  2 -1 -4  2 -1  0  0 -1 -1  2  0 -1 -4  0  1    2  18   3   3   1  10   2   0   7   2   8   3   2   2  12   7   4   0   3  11  0.23 inf
  198 A    1  1  1  2 -4  2  2  0 -3 -3 -3 -1 -1 -4  1  1  1 -5 -4 -1   11   7   7  11   0   8  15   6   0   0   2   2   2   0   6  12   7   0   0   6  0.24 inf
  199 H    1  1  1  0 -4  2  1 -2  4 -2  1  0 -1 -3  0 -1 -2 -4 -1 -2   12   8   7   6   0  11  10   1  13   2  13   3   1   0   4   2   2   0   2   2  0.23 inf
  200 N   -1  0  3  0  1  1  0  4  2 -4 -4  0 -3 -1  0 -1 -2 -4 -3 -2    3   5  14   4   3   8   7  31   5   0   0   4   0   3   5   4   0   0   0   3  0.40 inf
  201 E    1  0  0 -1  2  1  0 -3  2 -1 -2 -1  0  0 -1  0  2 -4  0 -1   12   4   3   3   5   8   7   0   7   4   3   3   3   5   3   8  13   0   3   5  0.12 inf
  202 R    0  1  1  1 -3  1  1  0  2 -3 -1  1 -2 -2  1  0 -1 -3  1 -3    8   8   8   8   0   8   8   8   8   0   8   8   0   0   8   8   0   0   8   0  0.16 inf
  203 F   -2 -3 -3 -4 -3 -2 -3  0  3  0  1 -3  2  4 -4 -1  1  5  1  0    0   0   0   0   0   0   0   7  11   4  12   0   6  22   0   3  12  11   4   8  0.38 inf
  204 V    1 -3 -3 -4 -2 -3 -3 -3 -4  3  3 -3  3 -2 -3  1 -2 -4 -3  2   16   0   0   0   0   0   0   0   0  20  29   0   8   0   0  12   0   0   0  15  0.42 inf
  205 V    0 -2  1 -2  3 -2  0  0 -2  1  0 -2  2  1  1  0  1 -3 -2  0    8   0   8   0   8   0   8   8   0   8   8   0   8   8   8   8   8   0   0   8  0.09 inf
  206 R   -5  8 -4 -5  5 -3 -4  0 -4 -6 -6 -2 -5 -6 -6 -4  0 -6 -5 -6    0  75   0   0  12   0   0   6   0   0   0   0   0   0   0   0   7   0   0   0  1.94 inf
  207 S    3 -3  0  1  1 -3 -3 -1 -3 -2 -2 -3  0 -4 -1  3  1 -5 -4  1   31   0   5   8   3   0   0   4   0   2   2   0   2   0   2  24   8   0   0  10  0.41 inf
  208 K    0  1  1 -3  3  1  0 -1  1  0 -3  2  3 -4 -1  0 -1 -4  0 -1    9   8   6   0   8   8   5   3   3   6   0  12   9   0   3   8   4   0   3   5  0.19 inf
  209 H   -2  1 -3 -1  1  3 -1 -5  6 -1 -1  0  0  0 -1 -1 -1  3  1  0    3   8   0   3   3  13   4   0  20   4   6   7   3   3   3   3   3   4   4   6  0.37 inf
  210 P   -1  2  2  1 -3  0  0  1  3 -1 -1 -1 -2 -3  0  1  0 -3 -2 -2    4  13  13   7   0   4   5  10  11   4   5   1   0   0   4  12   4   0   0   1  0.18 inf
  211 R   -2  5  1  1 -4 -1  1  0  4 -4 -4  1 -3 -4 -3  0 -2 -4 -2 -4    1  41   8   7   0   0   9   6  11   0   1   6   0   0   0   6   1   0   0   1  0.60 inf
  212 K   -1  4  0 -1  1  1  0 -2  2 -2 -2  1  0 -3 -3 -1 -1  4 -2 -2    6  32   5   2   4   5   7   3   5   2   4   8   2   0   0   3   3   6   0   2  0.35 inf
  213 D    0  1 -2  0  1 -1 -2 -1 -3  2  1 -1 -1 -1 -3 -1  0 -3 -2  2    8  11   0   8   4   2   0   5   0  14  18   3   0   2   0   2   5   0   0  15  0.11 inf
  214 V    0  0 -1  1  0  0  2  0 -2 -1  0  1 -2 -2  0  0  0  0 -2 -1    8   4   2   7   2   4  21   6   0   3  10  10   0   2   5   5   4   2   0   5  0.11 inf
  215 E   -2 -1  0  3 -4  1  3  1  3 -2 -3 -1 -3 -4  1 -1 -1 -4  0 -1    3   3   3  16   0   6  23  11   7   2   3   3   0   0   8   2   3   0   3   4  0.33 inf
  216 S    0 -1  0  1  0  1  2  2  1 -2 -4  0 -1 -2  1  1 -1 -4 -3 -3    7   3   3   8   2   5  17  17   4   2   0   6   2   2   8  10   2   0   0   0  0.25 inf
  217 G    0 -2  0  0  2  1  0  0  2  0 -1  0 -2 -2  1  0  0  3  1  0    6   0   6   6   6   6   6   6   6   6   6   6   0   0   6   6   6   6   6   6  0.08 inf
  218 L   -2  1  1  1  1  0  1  3  2 -3 -2 -1 -2 -4 -1  0  1 -1 -2 -2    2   7   5   7   3   4   9  23   6   2   4   4   1   0   4   5  10   1   1   2  0.23 inf
  219 Y   -3  1 -1 -1  3  1 -1 -5  0 -4 -1  4 -4 -1  0 -1  2  0  3 -4    1   7   3   4   6   5   3   0   2   0   5  25   0   2   4   5  16   1   9   0  0.43 inf
  220 L   -1 -2 -6 -6 -5 -5 -3 -6 -6  2  5 -5  2 -1 -6 -1 -4 -5 -5  1    6   2   0   0   0   0   2   0   0   9  60   0   4   3   0   6   0   0   0   8  1.05 inf
  221 Y   -2  0 -1 -2  0 -2 -2 -3  3 -1 -3 -2 -4  4 -6 -1 -2  8  3 -1    4   5   3   3   2   2   3   2   6   3   2   3   0  16   0   5   2  24  11   4  0.90 inf
  222 D    0  0  0  3  1  2  2 -1  0 -2 -3  0 -4 -2  0  0  0 -5 -1 -4    8   4   4  15   4   9  17   5   2   2   2   5   0   2   4   7   5   0   2   0  0.23 inf
  223 H    1 -1 -1 -2  0 -1  1 -2  3 -1  0  1  0  0 -4 -1  0  1  3  0   13   2   2   2   2   2   8   2   9   2   8   9   2   4   0   3   6   2  12   9  0.17 inf
  224 L    1 -4 -4 -5 -3 -1 -4 -2 -4  0  3 -2  5  1  0 -1  0 -4 -3  2   14   0   0   0   0   3   0   2   0   4  25   1  16   5   5   4   4   0   0  16  0.42 inf
  225 K    0  1 -1  1 -1  1  3 -1  0 -4 -3  2  0 -3 -1  1 -1 -4 -3 -3    8   8   1   9   1   5  22   5   2   0   2  12   4   1   2  13   3   0   0   1  0.28 inf
  226 N    1  0  1  0 -1  2  1 -1  1 -3 -3  1 -1 -4 -3  2  1 -4 -2 -1   15   4   5   4   1   9   8   4   3   0   1   9   1   0   0  19   9   0   1   6  0.22 inf
  227 Q    1 -1 -3 -2 -3  3  0 -1 -3  0  1 -2  0 -1 -1  0  0  1  0  1   15   2   0   2   0  15   4   5   0   6  19   0   2   2   3   6   4   2   3   9  0.13 inf
  228 P    1  0 -1  0  0  1  1 -1  2 -3 -2  0  0 -4  4 -1  0  1 -3 -1   11   4   2   4   2   7  10   3   7   0   3   5   2   0  23   4   5   2   0   4  0.37 inf
  229 E    1 -1 -1 -2  1 -1 -1 -1 -3  0 -1 -1 -2  0  3  1  0  1 -2  1   10   3   3   0   3   3   4   5   0   6   6   2   0   5  16  11   5   2   0  14  0.16 inf
  230 L    0  0 -2  0  2  1  0  0 -2  0  0  0  1  0  1  0  0  3 -2  0    6   6   0   6   6   6   6   6   0   6   6   6   6   6   6   6   6   6   0   6  0.06 inf
  231 G    0 -3 -3  1  3  0 -2  5  2 -5 -3 -2 -1  0 -5 -2 -1 -5 -4 -2    6   2   0   8   5   5   3  46   5   0   3   2   2   4   0   2   3   0   0   3  0.74 inf
  232 G   -1  2 -1 -2  0  1  3  0  1 -1 -2 -1 -1 -2 -2  0  3  0 -2 -1    4  10   2   2   2   7  18   6   4   3   3   3   1   1   1   8  18   2   1   4  0.23 inf
  233 Y   -1  2 -3 -2 -4  1 -1 -4  4  1 -1  0  0  0 -2 -1  1  3  4 -1    6  10   0   2   0   5   3   0  12   8   4   4   2   4   2   4   8   4  15   4  0.33 inf
  234 Q    0  1 -1  0 -1  1  2 -2  0 -1 -2 -1  0 -4  1  1  3  1 -2 -1    7   7   2   4   1   6  15   2   3   4   2   3   2   0   6   8  21   2   1   4  0.24 inf
  235 I   -2  0 -3 -3  2  0 -1 -1 -3  3  1 -3 -1  3  0 -2  0 -3 -2  2    1   5   0   0   4   5   5   5   0  21  14   0   0  14   5   1   6   0   0  14  0.23 inf
  236 S    0  0  1  0 -3  1  0 -2  2  0  0  0  1 -2  1  0  0 -3  1  0    6   6   6   6   0   6   6   0   6   6   6   6   6   0   6   6   6   0   6   6  0.07 inf
  237 I   -2 -2 -4 -1 -3 -4 -4 -5 -4  3  2 -4  1  1 -1 -2 -1 -3  1  4    2   2   0   5   0   0   0   0   0  18  20   0   4   6   4   2   2   0   4  30  0.46 inf
  238 P    0  3 -3  0  1  0  0 -2  0 -4 -4  1  0 -4  5 -1 -1 -4  0 -2    7  18   0   6   3   4   5   3   2   0   1   7   3   0  27   4   3   0   4   3  0.50 inf
  239 Q    1  1  0  1  1  2  0  1  2 -2 -2 -1 -2 -3  1  0 -1 -3 -1 -2   13   8   4  10   4  14   3  11   7   3   3   3   0   0   5   4   3   0   2   2  0.17 inf
  240 K    0  2  0 -1  0  1  0  1  0 -2 -2  2  0 -3 -2  1  0 -3 -1 -2    5  12   5   3   2   7   5  10   2   1   4  18   4   1   1   9   5   0   3   3  0.16 inf
  241 G   -1  1 -1  0 -1  1  0  3  1 -2 -1  2 -2 -2  1  0 -1 -3 -2 -2    3   7   2   4   2   6   6  22   4   2   5  15   0   2   6   5   3   0   1   3  0.19 inf
  242 V    0  1  0  0 -2  0  0  2  2 -1 -1  0 -2 -2 -1  0  0 -3 -2 -1    9   7   4   4   0   3   7  21   8   4   5   6   0   1   3   7   6   0   1   4  0.14 inf
  243 V   -1  3  0 -1 -1  1  0 -1  2 -1 -1  0 -1 -1  0  0  0 -2  0  0    5  18   5   3   2   9   5   3   5   2   6   5   2   3   5   5   4   0   3   9  0.10 inf
  244 D    0  1  0  1 -2  0  0  0 -2 -2  0  2 -2 -1  2  0  0 -2 -2 -2    6  10   3   7   0   4   5   6   1   2   9  15   1   2  12   8   7   0   1   2  0.15 inf
  245 K    1  1  0 -1 -2  1  1 -1  1  0 -1  1  0 -2  0  0  0 -2  0  0   16   7   4   3   0   7   9   5   3   5   5  11   3   1   3   5   4   0   4   6  0.07 inf
  246 R   -1  5 -2 -2  1  0  0 -1 -2 -1 -2  1  0  0 -1  0  1  0 -2 -1    3  34   1   1   3   4   5   4   1   3   4   7   3   4   4   7   9   1   1   4  0.34 inf
  247 G    0 -1  1  1  2  1  0  0  2  0 -1  0 -1 -2  1  0  0 -3 -2  0    7   0   7   7   6   7   7   7   6   7   7   7   0   0   7   7   7   0   0   7  0.08 inf
  248 K    2  1 -1 -2 -3  1  1 -1  1 -1 -2  1 -2 -3  1  0  0 -3  0  0   18   9   3   1   0   5   8   4   4   4   1  10   0   0   7   7   5   0   3  10  0.14 inf
  249 R   -1  5  0  0  0  1 -1 -1  1 -1 -1  0  0 -3  0 -1  0 -3 -1 -1    3  34   3   5   2   5   3   4   4   3   6   5   2   0   4   3   7   0   2   4  0.33 inf
  250 K    0  0  1  0 -2  1  0  0  2  0 -1  0  1 -2  1  0  0 -3 -2  0    6   6   6   6   0   6   6   6   6   6   6   6   6   0   6   6   6   0   0   6  0.06 inf
  251 N    0  0  1  0 -2  1  0  0  2  0 -1  0 -1  1 -2  0  0 -2  1  0    6   6   6   6   0   6   6   6   6   6   6   6   0   6   0   6   6   0   6   6  0.04 inf
  252 R   -1  4 -3 -1 -4  1  0 -1  2  0  1  1 -2 -1 -4 -1 -3 -4 -3  0    4  27   0   3   0   6   5   5   6   7  15   7   0   3   0   4   0   0   0   7  0.28 inf
  253 P    0  0 -1 -1  2  0  2 -2 -2 -1 -1  1 -1 -1  1  0  0  3  2 -1    7   5   2   3   4   3  14   3   0   4   4  13   2   2   8   5   5   5   8   3  0.14 inf
  254 A    4 -3 -2 -4  0  0 -2 -1 -4  0 -2 -2  0 -2  0 -1  0  0  1  2   34   1   1   0   2   5   2   6   0   5   3   2   2   1   5   3   5   1   4  16  0.35 inf
  255 R   -1  6  1 -1  1  0 -2 -2  2 -1 -3  1  1 -8 -7 -2 -2 -8 -7 -2    5  39   6   3   3   5   3   3   4   3   3   7   4   0   0   3   3   0   0   4  0.86 inf
  256 K   -1  3 -1  0  1  1  1 -2  0 -2 -1  0  0 -1  1 -2  1  2  0 -1    6  14   3   6   3   7   8   4   3   3   5   6   3   3   7   3   8   3   4   4  0.14 inf
  257 A    5 -4 -5 -5  2 -1 -4 -4 -1  0 -2  1  0 -5 -4 -1  0 -5 -5  3   41   0   0   0   3   3   0   0   2   4   3  10   2   0   0   3   6   0   0  21  0.74 inf
  258 S   -1  3 -1 -1  2  0  0 -4  2  0  0  1  0  0  0 -1  2  1 -3 -1    3  17   3   2   4   3   5   0   5   7   8   7   2   4   4   4  16   2   0   4  0.18 inf
  259 L   -1 -1 -1 -5  2  1 -4 -5 -4  2  3  0  4  0 -5 -1 -3  3 -3  2    4   4   4   0   4   7   0   0   0   9  28   5   9   4   0   4   0   4   0  13  0.43 inf
  260 S    0  0  0  2  1  0  1 -1  1 -1 -2  1  0  0  0  0  0 -3  0 -1   10   4   3  14   3   4  11   3   3   3   3   9   3   4   5   8   4   0   3   3  0.11 inf
  261 L   -1 -3 -1  1 -3 -2 -1 -4  0  2  3 -1 -1  0  0 -2  0 -3  0  2    4   0   3   8   0   0   3   0   3  13  29   5   0   3   5   0   5   0   3  16  0.22 inf
  262 R    0  1  1 -2  2  1  0  0  2 -2 -1  0 -2 -2  1  0  0  4 -2  0    7   7   7   0   6   7   7   7   6   0   7   7   0   0   7   7   7   6   0   7  0.12 inf
  263 S    0 -1 -2 -4  0 -1 -2 -1  1 -1 -2 -1 -1  3  3  0  1  2  3 -1    9   3   2   0   2   2   2   4   4   3   3   2   2  16  13   7   9   2  12   3  0.28 inf
  264 G    0  0  0 -1  1  0  0  1  1  0 -1  0  0 -3  3  0  0 -4 -3 -1    8   4   4   3   4   5   5  12   4   6   4   4   3   0  18   6   6   0   0   3  0.19 inf
  265 R    0  0 -2  0 -3  1  0  0  2  0 -1  0  1 -2  1  0  0  3  1  0    6   6   0   6   0   6   6   6   6   6   6   6   6   0   6   6   6   6   6   6  0.08 inf
  266 I    0  2 -1 -1  0 -1 -1 -1  0  1  0  1  0  0  0 -1 -1 -3  0  2    7  12   3   2   2   2   4   4   2  10   7   9   2   4   5   2   4   0   2  16  0.07 inf
  267 T    0  1  0  0 -3  1  0 -1  1 -1 -1  2  0  0  0  0  1 -3  0  0    5   6   3   4   0   7   6   4   3   4   6  13   3   6   3   4  12   0   3   6  0.06 inf
  268 L   -1  1  0  0 -3 -1  0 -1  1  1  0  1  1  0  1 -1 -2 -3 -2  1    6   9   4   6   0   0   4   4   4  11  11  11   4   4   8   4   0   0   0  10  0.08 inf
  269 K    0  0  1  0  2  1  0  0  2  0 -1  0 -1 -2  1  0  0 -3 -2  0    6   6   6   6   6   6   6   6   6   6   6   6   0   0   6   6   6   0   0   6  0.07 inf
  270 Q    0  0  0  0  2  0  0 -1  1  0 -1  0  1  0  0  0  0 -2  1  0    5   5   5   5   5   5   5   5   5   5   5   5   5   5   5   5   5   0   5   5  0.03 inf
  271 G   -1  0  2  0 -5  0  0  1  1 -5 -5  1 -5 -6  5 -1 -1 -6 -5 -1    6   4   8   4   0   4   6  12   4   0   0   7   0   0  30   5   4   0   0   5  0.60 inf
  272 N    0  1  1  0 -3  1  1  1  2 -3 -3  1 -1 -2  2  1  0 -4 -1 -2    5   8   6   6   0   6   7  14   6   0   1   9   2   2  10   9   5   0   2   3  0.20 inf
  273 I    0  0  0 -2 -2  1 -1  0  2  0  0  0  1  1  1  0  0 -2  1  0    6   6   6   0   0   6   0   6   6   6   6   6   6   6   6   6   6   0   6   6  0.05 inf
  274 T    0  0  1  0 -2  1  0  0  2  0 -1  0  1 -2  1  0  0 -3 -2  0    6   6   6   6   0   6   6   6   6   6   6   6   6   0   6   6   6   0   0   6  0.06 inf
  275 L    0 -1 -2 -2  2  1  0  0 -2  0  0  0  1  1  1 -1  0 -2 -1  0    8   0   0   0   7   7   8   8   0   8   8   8   7   7   8   1   8   0   0   8  0.07 inf
  276 N    0 -2  0 -2  1  1 -2 -2  1 -2 -2 -2  3  0 -1  0  2  3  4 -1    9   3   4   3   3   6   3   3   3   3   5   3   6   3   3   7  14   3  12   4  0.26 inf
  277 A    3  0 -4 -2  5 -3 -4 -1 -3  0  0 -3  0 -1 -4 -1 -2  2  2  2   26   6   0   2  12   0   0   5   0   4   7   0   2   2   0   3   2   2   8  18  0.39 inf
  278 V   -1 -5  0 -5 -4 -4 -5 -5  2  4  1 -4 -2  1 -5 -4  0 -4  2  4    6   0   6   0   0   0   0   1   5  19  15   0   0   6   0   1   6   0   6  28  0.62 inf
  279 L   -1  0 -1 -1  1  1 -1  0  2  0 -1 -1 -2  0 -1  0  0  2  2  2    3   5   3   3   3   8   4   7   6   4   6   3   0   3   3   6   6   3   9  17  0.09 inf
  280 A    0 -1 -2 -2  3 -1 -2  0 -2  1  0  0  0  1 -2  0  1 -2 -1  1   10   0   0   0   9   0   1  10   0  10  10  10   0   9   0  10  10   0   0  10  0.07 inf
  281 E   -1  3 -1 -1  0  1  0 -1  0  0  0  0  1  0 -3 -1  0  1  1  0    4  18   2   2   2   6   7   6   2   5   8   4   5   4   0   3   6   2   6   7  0.10 inf
  282 E   -4  0 -3  1  3  1  6 -1 -4 -4 -1  0 -4 -5 -4 -3 -4 -5 -5  1    1   6   0   6   6   6  48   6   0   0   6   5   0   0   0   0   0   0   0   9  0.85 inf
  283 I   -1  1 -1 -1  2  0  1 -3  0  0 -1  0  0 -1  2 -1  1 -3  0  1    5  11   3   4   6   3   9   1   3   4   5   4   3   3  11   3   8   0   3  12  0.12 inf
  284 N   -1  0  3  3  2 -1  1  1  0 -4 -3  1 -3 -2 -1  0 -1 -4 -1 -2    4   4  14  16   5   2  11  13   2   0   2   8   0   2   2   6   3   0   2   3  0.26 inf
  285 P    0  1  1  1  1  0  0  0 -2 -1 -2  0 -2 -1  3  0  0  2 -2 -1    6   7   6   8   3   4   5   7   0   3   4   4   0   3  16   7   6   4   0   5  0.17 inf
  286 P    0  0  1  1 -4  0  0  0 -3 -1 -2  0 -3 -4  5  0  0 -5 -4 -3    8   4   7   7   0   4   7   8   0   5   4   5   0   0  29   6   5   0   0   0  0.45 inf
  287 K    1  0  1  1 -3  2  2  0  2 -2 -2  1 -2 -4  1  0  0 -4 -3 -2   14   3   6   7   0  12  14   7   6   2   3   7   0   0   7   6   4   0   0   3  0.20 inf
  288 G    0 -1  1  2 -1 -1  1  4  0 -4 -3 -1 -3 -4 -1  0 -1 -4 -4 -2    8   2   6  10   2   2   9  37   3   0   2   4   0   0   2   5   2   0   0   4  0.43 inf
  289 E   -1  2  0  1 -1  1  3  0 -2 -1 -3  2 -2 -4 -3  0 -1 -4 -3  0    3  10   3   7   2   4  27   8   0   4   1  13   0   0   0   5   4   0   0   8  0.28 inf
  290 T   -1  0  1  2 -1  0  3 -2 -2 -3 -2  2 -2 -3 -1  0  1 -3 -2 -2    4   4   5  11   2   3  24   2   0   1   2  16   0   0   2   7  12   0   1   3  0.31 inf
  291 P    0  0 -2 -1 -3 -2 -2  1 -3 -3 -1  0 -3 -2  6  0 -1 -4 -3 -1    6   7   1   3   0   1   1  13   0   1   6   7   0   2  39   7   3   0   0   4  0.69 inf
  292 L    0 -4 -4 -4 -3 -4 -4 -2 -4  4  3 -4  1 -2 -4 -1 -2 -4 -3  2    8   0   0   0   0   0   0   4   0  32  31   0   2   0   0   4   2   0   0  15  0.59 inf
  293 K   -1  2  0  2  3  0  3 -3  3 -2 -2 -1 -3 -2 -3  0 -1 -4 -1 -2    5  12   5  12   9   3  24   1   7   2   3   2   0   1   0   7   2   0   2   2  0.33 inf
  294 W   -6  0 -7 -7 -6 -6 -6 -2 -6 -6 -6 -6 -5 -3 -7 -6 -6 13 -2 -6    0   5   0   0   0   0   0   3   0   0   0   0   0   0   0   0   0  88   0   0  4.20 inf
  295 L   -2  1 -2 -2 -2  1 -2 -3  2  0  0  0  2  1 -3  0  0  4  2  0    1   8   0   0   0   7   0   1   7   8   8   8   7   7   0   8   8   7   7   8  0.16 inf
  296 L   -3 -4 -5 -5 -3 -4 -3 -5 -4  0  6 -4  1  1 -2 -4 -3 -3 -2 -1    1   0   0   0   0   0   2   1   0   3  78   0   2   6   2   0   0   0   0   2  1.04 inf
  297 L   -2 -2 -5 -5 -3 -4 -4 -5 -4  2  5 -4  1 -1 -4 -4 -2  0 -1  0    2   2   0   0   0   0   0   0   0  12  68   0   3   2   0   0   2   1   2   4  0.93 inf
  298 T   -1 -4 -3 -4 -3 -3 -3 -4 -4 -4 -4 -3 -3 -5 -4  2  7 -5 -4 -3    5   0   0   0   0   0   0   0   0   0   1   0   0   0   0  14  76   0   0   0  1.53 inf
  299 S   -3 -4  5  0 -4 -3 -3 -2 -3 -2 -5 -3 -4 -5 -1  3  5 -5 -4 -4    0   0  30   5   0   0   0   2   0   2   0   0   0   0   2  23  33   0   0   0  0.97 inf
  300 E   -1  2 -3 -3 -3 -1  2 -3  3  1  2 -2  0 -2 -3 -3 -2  0 -1  2    3  15   0   0   0   2  18   2   9  10  19   0   2   0   0   0   0   2   2  16  0.30 inf
  301 P    1 -2 -2  0 -1 -1  1 -3 -1 -2 -3  0 -1 -4  6 -1 -1  0 -4  0   14   2   1   5   1   2   8   1   1   1   2   6   1   0  38   4   3   1   0   6  0.68 inf
  302 V    1 -5 -5 -5 -3 -4 -4 -2 -5  3  0 -4 -2 -3 -1 -3  0 -5 -4  5   12   0   0   0   0   0   0   3   0  15   5   0   0   0   3   0   6   0   0  54  0.85 inf
  303 E    0  1  0  0  0  0  2 -1  2 -1 -2  1 -2 -3  0  0  0 -3  0 -1    9   7   5   4   3   4  15   4   7   3   3  12   0   0   3   6   7   0   3   5  0.13 inf
  304 S   -3  0  2  2  3  0  0 -1  2 -1 -4  0 -4 -5 -4  3  2 -5 -4 -4    0   4  10  12   6   4   5   5   4   4   0   5   0   0   0  22  17   0   0   0  0.43 inf
  305 L    1  1  0 -2  0  0  1 -2  0  0  1  0  0  2  1  0 -1 -3 -1 -1   11   8   6   0   2   3  10   1   2   4  14   4   2  11   6   8   2   0   2   4  0.08 inf
  306 A    2 -1 -1  2 -4  0  4 -1  0 -1 -2  1 -3 -5 -2 -1 -1 -5 -4 -2   17   2   3  13   0   4  29   3   2   4   4   9   0   0   2   4   4   0   0   3  0.39 inf
  307 Q    0 -2 -2  5  1  3  3 -2 -3 -3 -5 -1  0 -5 -2  0 -1 -5 -1 -4    7   1   0  30   3  15  21   2   0   2   0   3   2   0   2   5   3   0   2   0  0.65 inf
  308 A    6 -5 -5 -5  1 -4 -4 -2 -5 -1 -2 -4 -1 -5 -2 -1  0 -6  0  0   69   0   0   0   3   0   0   2   0   3   4   0   2   0   2   3   4   0   3   6  1.11 inf
  309 L    0  1 -2 -3  1  0 -1 -4 -1  3  1  0  0 -1 -4 -1 -1  2  0  2    6   9   2   0   4   5   3   0   1  18  15   7   2   2   0   3   2   3   4  13  0.18 inf
  310 R   -1  2  1  0  1  2  3 -3  2 -3 -2  1 -2 -4 -2  0  1 -4 -3 -3    5  12   5   4   4  13  26   0   5   0   5   6   0   0   0   4  10   0   0   0  0.33 inf
  311 V   -2  1 -2 -3  3 -2 -2  0 -2  1  0  0  2 -1 -3 -2  0  5  2  1    0   9   0   0   9   0   0   9   0   9   9   9   9   0   0   0   9   9   9   9  0.20 inf
  312 I    0 -4 -4 -4  2 -4 -4 -4 -4  4  2 -4  0  1 -4 -3  0 -3 -2  3   10   0   0   0   5   0   0   0   0  29  24   0   0   5   0   0   6   0   0  21  0.49 inf
  313 D    0  1  1  1  2  1  0  0  2  0 -1  0 -1 -3 -2  0  0 -3 -2  0    7   7   7   7   7   7   7   7   7   7   7   7   0   0   0   7   7   0   0   7  0.08 inf
  314 I    0  0 -2  0  3  1 -2  0  2  0  0 -2 -1  1 -3 -2  0  4  2  0    7   7   0   7   7   7   0   7   7   7   7   0   0   7   0   0   7   7   7   7  0.14 inf
  315 Y   -4 -4 -4 -5 -5 -4 -5 -5 -1 -4 -4 -4 -4  0 -5  2 -4 -1  9 -4    0   0   0   0   0   0   0   0   0   0   0   0   0   0   0  17   0   0  83   0  2.26 inf
  316 T    0  1 -1 -2  3  1  1  0 -1 -1  0  1 -1 -2 -2  0  1 -2  1  0    8   8   0   0   8   8   8   8   0   0   8   8   0   0   0   8   8   0   8   8  0.10 inf
  317 H    0  0 -1 -1  7  0 -3 -4  1 -3 -1 -1  1  0 -4  0 -1  3  1 -1    6   7   3   3  30   5   0   0   4   0   7   4   4   3   0   7   3   4   5   3  0.57 inf
  318 R   -5  8 -4 -5 -7  5 -3 -6 -4 -7 -6 -2 -5 -7 -6 -4 -5 -7 -6 -6    0  75   0   0   0  25   0   0   0   0   0   0   0   0   0   0   0   0   0   0  2.29 inf
  319 W   -7 -8 -8 -8 -7 -7 -8 -8 -7 -7 -6 -8 -6  4  4 -7 -7 12 -3 -7    0   0   0   0   0   0   0   0   0   0   0   0   0  17  17   0   0  65   0   0  3.49 inf
  320 R   -1  1  0 -1 -3  0  0  0  1  2  0  0  0 -3 -1  2  0 -4  0 -1    3  11   3   3   0   4   5   6   3  14   8   5   3   0   3  20   4   0   3   3  0.10 inf
  321 I    1 -2 -2 -3 -1 -2 -2 -2 -2  2  1 -2  3 -1 -2  0  2 -3 -2  2   20   0   0   0   0   0   0   0   0  20   0   0  20   0   0   0  20   0   0  20  0.19 inf
  322 E   -1  0 -1  0 -3  1  4 -2 -1 -3 -3  2 -2 -3 -1  0  2 -3 -2 -2    0   0   0   0   0   0  57   0   0   0   0  23   0   0   0   0  20   0   0   0  0.51 inf
  323 E   -1  0  0  1  0  1  3 -3 -2  0 -1 -1  0 -1 -2  0  2 -3 -2  1    0   5   3   6   3   4  29   0   0   4   4   0   4   3   0   3  19   0   0  14  0.19 inf
  324 F   -3 -4 -4 -5 -3 -3 -4 -4 -1 -1  0 -4 -1  6 -5 -3 -3  5  6  0    0   0   0   0   0   0   0   0   0   0   9   0   0  42   0   0   0   8  36   5  1.05 inf
  325 H   -4 -3 -1 -4 -4 -3 -3 -4  7 -2 -2 -3 -2  6 -5 -3 -3 -2  2 -3    0   0   2   0   0   0   0   0  41   2   2   0   0  52   0   0   0   0   2   0  1.33 inf
  326 K   -2  3  0 -1 -4  0 -1 -2  3 -4 -2  5 -2 -1 -3 -1 -2 -3  0 -3    2  21   3   2   0   2   0   1  11   0   3  49   0   2   0   0   1   0   3   0  0.60 inf
  327 A    1 -3 -2 -3  0 -2 -1 -2 -3  3  1 -2  0 -2 -3 -1  1 -3 -1  3   13   0   1   0   1   0   5   1   0  18   8   0   0   0   0   3   9   0   1  39  0.28 inf
  328 W   -2 -3 -4 -5 -3 -3 -4 -4 -4  1  4 -2  2  0 -4 -3 -2  7 -1  0    1   0   0   0   0   0   0   0   0   3  66   2   5   1   0   0   1  16   1   3  0.82 inf
  329 K   -3  1 -2 -2 -5  0 -1 -3 -2 -5 -4  7 -3 -5 -3 -2 -2 -5 -4 -4    0   0   0   0   0   0   0   0   0   0   0 100   0   0   0   0   0   0   0   0  1.55 inf
  330 T    0 -2  2 -1 -2  0  0 -2 -2 -3 -4  0 -3 -4 -2  5  2 -4 -3 -3    4   0  10   0   0   2   3   0   0   0   0   6   0   0   0  62  12   0   0   0  0.65 inf
  331 G    0 -2 -2 -2 -4 -1 -2  7 -3 -5 -5 -3 -4 -5 -4 -2 -3 -4 -5 -5    4   2   0   2   0   2   2  89   0   0   0   0   0   0   0   0   0   0   0   0  1.48 inf
  332 A   -1 -2 -2 -4  9 -4 -4  0  1 -2  0 -4 -2  1 -4 -2  0 -4 -3 -1    4   2   2   0  53   0   0   8   4   0  11   0   0   8   0   1   5   0   0   2  1.06 inf
  333 G   -1  3  1  2 -2  1  0  1  1 -4 -3  2 -1 -4 -3 -1  1 -4 -3 -3    1  25   8  14   1   8   3   9   3   0   0  17   2   0   0   1   9   0   0   0  0.36 inf
  334 A    1 -3 -3 -4  3 -3 -3 -3 -3  3  1 -3 -1 -1 -3  0 -1  4  0  3   13   0   0   0   8   0   0   0   0  26   8   0   0   0   0  11   0   6   4  23  0.35 inf
  335 E    0  1  2  2 -5  2  5 -3 -2 -5 -5  1 -4 -5 -3  0 -2 -5 -4 -4    7   9  10   8   0   6  47   0   0   0   0   7   0   0   0   6   0   0   0   0  0.78 inf
  336 R    0  2  0  2  2  0  2 -1  1 -3 -3  0 -3 -1  1  0  0 -4 -2 -3   11  14   5  13   7   4  13   4   4   0   0   4   0   4   8   6   7   0   0   0  0.23 inf
  337 Q    0  0 -1 -3  3 -1 -2  0  2  0  2 -2  0  0 -3  0  0  1  0 -1   10   7   2   0   7   3   0   7   6   3  27   0   2   3   0   7   5   2   3   3  0.13 inf
  338 R   -2  3 -3 -2  0  5  0 -1  0  0 -2  1 -1 -4 -2 -3 -3 -4 -4 -1    2  19   0   2   2  38   4   5   1   8   4   7   2   0   2   0   0   0   0   4  0.59 inf
  339 M    0 -2 -2 -2  2  1  0 -3  2  0  0 -2  2  1  1  0  0 -2  1  0    7   0   0   0   7   7   7   0   7   7   7   0   7   7   7   7   7   0   7   7  0.08 inf
  340 E   -1  2  1  0 -3  2  2  1  2 -3 -1  1 -2 -3 -2  1  0 -3 -2 -1    4  13   5   4   0   9  16   9   6   0   6   7   0   0   0   9   7   0   0   4  0.20 inf
  341 K    0 -1  0  1 -3 -1  1 -2  0 -3 -2 -1 -3  1 -3  3  3 -4 -3 -3    8   2   2   8   0   2   8   2   3   0   4   3   0   6   0  26  26   0   0   0  0.38 inf
  342 P    2  0 -2 -3 -3 -1 -2  2 -3  0 -1  1  0 -1  2 -1 -1  0  0  0   21   6   1   0   0   1   1  17   0   7   6   9   3   1  10   2   2   2   4   5  0.17 inf
  343 D    0 -1  1  3 -4  1  4 -1  1 -4 -3 -1 -3 -4 -2 -1 -1  3 -3 -3    9   3   5  19   0   6  30   5   3   0   1   2   0   0   2   4   4   5   0   1  0.48 inf
  344 N    0  6  2 -3 -5  0 -2  0  0 -5 -4  0 -4 -4 -1  0 -2  4 -3 -2    7  44  12   0   0   3   0   6   2   0   0   3   0   0   4   8   2   5   0   2  0.73 inf
  345 L   -3 -1 -4 -5 -3 -1 -4 -5 -4  3  4 -4  3  2 -5 -2 -1 -3 -2  1    0   3   0   0   0   2   0   0   0  14  49   0   9  10   0   3   5   0   0   6  0.65 inf
  346 E   -1  1 -1 -1 -2  1  4 -4 -1  0  0  2 -1 -3 -3 -1 -1 -4 -3  0    4   7   2   2   1   6  34   0   1   5   9  15   1   1   0   4   2   0   0   6  0.35 inf
  347 R    0  5  2 -2 -2 -2 -2 -4 -3 -4 -3  3 -1 -2  0 -1  0 -5 -4 -1   10  41  12   1   1   0   0   0   0   0   1  15   2   2   4   2   5   0   0   4  0.66 inf
  348 M    0  1 -2 -3  3 -2 -2 -3 -2  1  1 -2  2  2 -3  0 -1 -2  2  1   10  10   0   0  10   0   0   0   0  10  10   0  10  10   0  10   0   0  10  10  0.17 inf
  349 V    0 -2 -3 -3 -2  0 -2 -3 -2  2  2 -2  2  1 -3  0  0 -2  1  2   11   0   0   0   0   5   0   0   0  15  27   0   5   5   0   6   7   0   5  13  0.18 inf
  350 S    3 -3 -2 -3  3 -2 -2  0 -3  0  0 -2 -1 -2 -2  1  1 -3 -2  2   36   0   0   0   8   0   0   6   0   5   9   0   0   0   0   9   8   0   0  20  0.27 inf
  351 I   -1 -1 -3 -4  2 -2 -3 -4 -3  3  2 -1  2  1 -3 -2  0 -3 -1  2    4   3   0   0   6   0   0   0   0  33  20   5   6   7   0   0   4   0   0  12  0.29 inf
  352 L    1 -2 -1 -1  2 -1 -2 -2 -1 -1  1  0  1  2 -3  0  0 -1  4 -1   15   1   2   3   5   2   0   2   0   1  14   5   3   8   0   8   6   0  23   2  0.22 inf
  353 S    3 -3 -1 -3  4 -2 -2 -1 -3 -1  1 -1  2 -1 -3  2  0 -4 -3 -1   33   0   2   0  10   0   1   4   0   2  13   2   8   2   0  17   3   0   0   2  0.31 inf
  354 F    0 -2 -1 -3 -2 -1 -2 -2 -3  2  1 -1  2  1 -1 -1  0  1 -1  3    5   0   3   0   0   3   0   3   0  19   7   6   8   7   3   5   3   3   0  26  0.16 inf
  355 V    2 -3 -3 -4  2 -3 -3 -1 -3  3  1 -3  1 -2 -3 -1  0 -3 -2  2   27   0   0   0   4   0   0   4   0  21  16   0   4   0   0   0   4   0   0  19  0.30 inf
  356 A    4 -3 -2 -3  3 -2 -2  1 -3  0 -2 -2 -2 -3 -2  2  0 -4 -3  0   49   0   0   0   8   0   0   9   0   5   0   0   0   0   0  17   5   0   0   7  0.48 inf
  357 V    0 -4 -4 -2 -3 -3 -4 -4 -4  0  1 -4  2 -2 -4 -1  0  8 -2  3    7   0   0   3   0   0   0   0   0   3  15   0   7   0   0   4   4  25   0  30  0.78 inf
  358 R   -2  5 -2  0 -1  4  1 -2  0 -2 -1  1 -2 -1 -3 -2 -2  1 -3 -2    2  36   0   5   2  22   7   1   3   2   6   7   0   2   0   0   0   3   0   2  0.52 inf
  359 L   -1 -3 -4 -4  2  0 -3 -4 -4  3  3 -3  2 -2 -4 -2  1 -3 -3  2    4   0   0   0   4   6   0   0   0  19  38   0   4   0   0   0  10   0   0  15  0.44 inf
  360 L   -2 -3 -4 -4 -3 -1 -3 -1 -1  1  3 -3  3  1 -3 -2 -1  5 -1  1    2   0   0   0   0   3   1   6   1   4  40   0  11   4   1   1   4   9   1  12  0.42 inf
  361 Q   -2  3 -3 -3 -4  4  0  0 -1 -2 -2  0  4 -1 -4 -2 -2  5  1 -2    2  20   0   0   0  24   4   7   1   2   1   5  14   3   0   1   2   8   4   2  0.52 inf
  362 L   -1 -4 -5 -2 -3 -4 -4 -5 -4  2  4 -3  4 -1 -4 -3 -2  0 -1  1    6   0   0   2   0   0   0   0   0  13  49   1  15   1   0   1   1   1   2   8  0.68 inf
  363 R   -1  3  0 -2 -3  1 -1  1 -2 -2 -2  2 -2 -4 -3  0  3 -4 -1 -1    3  23   4   0   0   6   3  13   0   1   3  11   0   0   0   7  20   0   2   4  0.33 inf
  364 E   -2  5 -1  0 -5  1  2 -3  1 -2 -2  0 -3  0 -4 -1 -1 -3  3 -3    1  36   2   6   0   7  12   1   3   3   4   1   0   3   0   4   2   0  14   1  0.51 inf
  365 S    1  0  1 -1  0  1  1  2 -1 -2 -1 -1 -1 -3 -3  1  2 -4 -1 -1   11   6   6   1   2   5  13  15   1   2   7   1   1   0   0  13  13   0   2   2  0.17 inf
  366 F    1  1  0  0  2  0  0  0  1 -1 -1 -1 -1  0 -2  0  1 -2  0 -1   13  11   3   5   6   3   6   7   5   4   3   2   2   4   1   4  14   0   4   1  0.08 inf
  367 T   -3  0  0  4 -2  1  0 -2 -4 -3 -3 -2 -4 -6  5 -1  1 -6 -5 -4    1   5   3  25   1   8   5   3   0   1   2   2   0   0  32   5   9   0   0   0  0.81 inf
  368 P   -2 -1  3  2 -1  1  3  1  0 -5 -5  0 -4 -2  2  0 -1 -5 -4 -3    1   1  15  13   1   7  25  10   2   0   0   5   0   2   9   6   3   0   0   1  0.46 inf
  369 Q    0  1 -2  1 -4  3  2 -3  0 -1  1 -1 -1 -3 -1 -1  0 -4 -3  0   10   7   0  10   0  18  13   1   2   3  15   2   1   0   3   4   5   0   0   6  0.21 inf
  370 S   -1 -3  0  1 -2 -1 -2 -2 -4 -4 -4  0 -2 -5  5  4 -2 -2 -5 -2    3   1   5   8   1   2   1   2   0   0   1   6   1   0  30  33   1   1   0   3  0.80 inf
  371 A    4 -2 -1 -5  7 -4 -3 -3 -5 -1 -2 -4 -4 -5  3 -1 -3 -5 -3 -2   34   2   4   0  26   0   1   1   0   4   5   0   0   0  17   3   1   0   1   2  0.97 inf
  372 E   -1  1 -1  2  3  1  4 -2 -1 -2 -4 -1 -3 -5 -1  1  1 -5 -2 -3    4   8   2  14   6   5  27   3   1   2   0   2   0   0   2  13   8   0   1   1  0.40 inf
  373 T    0 -1 -2  0 -1  0  1 -3 -3  1  1  0  0 -1  0  0  1 -4 -2  1   10   3   0   7   1   3   9   0   0  11  13   7   1   2   4   6  13   0   0   9  0.10 inf
  374 V    2 -3 -4 -4 -3 -3 -4 -1 -2  3  1 -3  1  1 -3 -2 -1 -3  0  3   18   1   0   0   0   0   0   4   1  18  15   0   2   6   1   2   3   0   2  26  0.38 inf
  375 L   -4 -5 -5 -4 -2 -5 -5 -4 -4  0  4 -5  0  6 -5 -5 -3 -3  1  0    0   0   0   1   1   0   0   1   0   4  42   0   1  39   0   0   1   0   4   5  1.12 inf
  376 T   -1 -2  1  1 -3  0  2 -1 -3 -2 -2 -1 -2  1 -3  1  4 -4 -3 -2    5   1   5   7   0   4  13   4   0   2   2   2   1   8   1  12  32   0   0   1  0.36 inf
  377 P    0 -2  0  2 -3  0  2 -1 -2 -4 -4 -1 -4 -1  5  1 -1  0 -4 -3    8   2   4  11   0   4  12   3   0   0   1   3   0   3  33   9   3   1   0   1  0.62 inf
  378 D    0  0 -1  3 -2  0  1 -2  1 -1 -2  1 -2  0 -1  0  2 -4 -3  0    8   4   2  19   1   2  11   2   3   2   4   9   0   4   3   5  13   0   0   8  0.17 inf
  379 E    1 -3 -4  0 -6  3  6 -4 -4 -6 -4 -2 -1 -6 -2 -3 -1 -6 -3 -5   10   0   0   3   0  15  61   1   0   0   1   1   1   0   2   1   3   0   1   0  1.26 inf
  380 C   -5  0 -6 -3  1  0 -3 -6 -5  4 -1 -5  0 -2 -3 -2 -3 10 -2 -1    0   5   0   2   2   5   2   0   0  25   5   0   3   1   2   3   1  41   0   3  1.61 inf
  381 Q    0  1  0 -2 -5  3  1 -3  2 -2 -3  4 -1 -4 -2 -2  0  3 -1 -3    7   7   3   1   0  13   8   1   4   3   1  34   2   0   2   1   5   4   2   1  0.50 inf
  382 L    1 -2 -3 -3  2 -1 -3  0 -3  1  2 -1 -1 -1 -2 -1  0  0 -1  2   15   1   0   0   5   3   0   7   0   8  21   4   0   2   2   2   4   1   2  20  0.18 inf
  383 L   -1  0 -6 -6 -4 -4 -4 -6 -5  1  5 -4 -1 -3 -5 -5 -2 -4 -2  1    5   5   0   0   0   0   1   0   0   7  71   0   0   0   0   0   2   0   1   7  1.09 inf
  384 G    0 -2 -1  2  0 -1  1 -1  1 -2  0 -1  1  0 -3 -1 -1  5  3 -1    9   2   2  12   2   2   9   6   4   1  12   2   3   2   1   3   2   8  15   3  0.22 inf
  385 Y    2  0 -3 -3  4  1  0 -3  1  0 -1 -1 -1 -1 -3 -1  0  5  1  1   20   4   1   0  11   7   5   0   3   5   5   2   2   1   0   4   4  10   5  10  0.31 inf
  386 L   -1  1 -2 -3  0 -2 -3  0  1  0  3  1  1  0 -3 -2  0 -2  1  0    4  10   2   0   2   1   0   7   3   4  36   8   3   3   0   2   5   1   5   5  0.21 inf
  387 D   -1  0 -1 -1 -1 -1 -2 -2 -1  2  1  1  1  1 -3  0  0 -3  0  2    4   6   3   4   1   1   1   2   1  14  12  14   4   6   0   6   4   0   3  15  0.10 inf
  388 K    0  1  0 -2 -2  1  1 -3  3 -1  0  3 -1  0 -1 -1  1 -3 -1  0    8   5   3   1   0   6   8   0   7   2   8  21   1   5   3   3   9   0   2   8  0.15 inf
  389 G    0  0  0  1 -2  1  3  1  0 -2 -3  2 -2 -2 -1  0 -1  0 -3 -3    6   3   5   8   1   7  22  12   2   2   1  14   1   2   3   5   3   1   0   1  0.26 inf
  390 K   -3  4  0 -2 -5  0 -2 -4 -1 -3 -4  5 -2 -5 -2 -1  2 -5 -1 -3    1  22   4   1   0   3   0   1   2   2   1  41   1   0   1   4  12   0   2   2  0.81 inf
  391 R   -2  1 -1 -2 -1  3 -1 -2  1 -3 -1  3 -3 -3  2  1  2 -4 -3 -3    2   8   2   1   1  13   2   3   4   1   6  23   0   1   9   9  14   0   0   1  0.34 inf
  392 K    0  0 -1 -1 -1  1  1 -1  0 -2 -4  4 -3 -4  3  1 -1 -4  0 -2    8   5   2   3   2   5   7   4   2   3   1  26   0   0  15   9   4   0   3   3  0.35 inf
  393 R   -2  2  2  0 -2  0 -2 -2  0 -2  2 -1 -1 -2  4 -2 -1 -5 -3 -1    2  11  13   6   1   4   1   3   3   1  22   4   1   1  21   2   3   0   1   4  0.35 inf
  394 K   -3  0 -2 -3 -3  1 -1 -2 -5 -3 -4 -1 -5 -4  7 -1 -2 -7 -6 -3    1   6   2   1   0   6   4   3   0   1   2   3   0   1  60   5   2   0   0   2  1.47 inf
  395 E    0 -1  0  0 -4  0  3 -2  3 -3 -3  3 -3 -2  2  0 -1 -4  0 -3    9   2   4   5   0   2  18   2   8   1   1  21   0   1   9   8   3   0   3   2  0.35 inf
  396 K   -2  2  0 -2 -5  3  2 -4 -1 -4 -2  3 -3 -4  2  0  1 -5 -4 -2    2   9   5   1   0  15  14   0   1   0   5  20   0   0   9   7   9   0   0   2  0.42 inf
  397 A    1 -1  0 -1 -3 -2  0 -3 -4  0 -2  0  0 -4  5 -1  1 -5 -4  0   14   3   4   3   0   0   6   1   0   5   3   7   3   0  32   5   9   0   0   6  0.54 inf
  398 G   -2 -3 -2  0 -5 -4 -2  0  2 -5 -2  0 -2 -5  7 -3 -3  1 -3 -4    3   1   2   5   0   0   3   8   5   0   5   6   1   0  53   2   1   2   1   1  1.20 inf
  399 S   -2 -1  0  0 -4 -1 -2 -1 -4 -4 -5 -3 -1 -5 -1  4  5 -5 -5 -4    1   2   4   6   0   3   1   4   0   1   0   0   2   0   3  35  37   0   0   0  0.88 inf
  400 L   -2 -5 -6 -4 -4 -5 -6 -6 -6  2  5 -5  3 -2 -4 -5 -3  0 -4  2    3   0   0   1   0   0   0   0   0   9  65   0   5   1   1   0   1   1   0  11  1.13 inf
  401 Q    3  1  2  0 -4  1 -1 -1  1 -4 -3  2 -3 -4 -1  1  0 -4  0 -3   25   9  12   5   0   5   2   5   4   0   1  13   0   0   3   8   5   0   4   1  0.30 inf
  402 W   -2 -1 -1  0 -6  3  2 -5 -2 -5 -3 -3 -4  0 -5 -2  1 10  0 -5    3   3   3   6   0  12  13   0   1   0   2   1   0   3   0   3   9  38   3   0  1.38 inf
  403 A    5 -5 -2 -5  0 -4 -4 -3 -4 -2 -2 -4  1  1 -5 -2 -2  0  4  2   51   0   2   0   2   0   0   1   0   1   2   0   3   6   0   1   1   1  14  15  0.87 inf
  404 Y    2 -4 -5 -5  3 -4 -4 -3 -4  2  1 -4  1  0 -4 -2  0  0  4  3   16   0   0   0   6   0   0   1   0  13  15   0   4   3   0   1   5   1  14  22  0.49 inf
  405 M   -4  4 -2 -4 -5 -1 -1 -4 -4  0  1  0 -1 -3 -5 -1  1  8  1 -1    0  22   2   0   0   2   4   1   0   7  14   5   1   0   0   4   9  20   5   4  0.69 inf
  406 A    1 -2 -2 -3 -2  0  0 -2 -3  1  0  2  2 -3 -4  0 -2  6 -3  0   15   1   1   1   0   3   5   3   0  11  10  15   6   0   0   7   1  13   0   7  0.35 inf
  407 I   -4 -6 -6 -7  1 -6 -6 -7 -6  6  3 -6 -1 -2 -6 -5 -4 -6 -4  3    0   0   0   0   2   0   0   0   0  51  26   0   1   1   0   0   0   0   0  19  1.36 inf
  408 A    7 -5 -5 -6 -4 -5 -5  1 -6 -5 -5 -5 -5 -6 -5 -2 -3 -6 -6 -4   88   0   0   0   0   0   0   9   0   0   0   0   0   0   0   1   1   0   0   0  1.92 inf
  409 R   -4  6 -3 -4 -3  2 -2 -2 -4 -2 -4  5  0 -4 -5 -1 -2 -6 -3 -5    0  42   0   0   1   8   1   3   0   2   1  30   3   1   0   5   2   0   1   0  1.11 inf
  410 L   -4 -4 -7 -7 -5 -4 -7 -7 -7  0  6 -6  0 -2 -5 -6 -5 -5 -5 -2    1   1   0   0   0   1   0   0   0   3  91   0   1   1   1   0   0   0   0   1  1.83 inf
  411 G   -2 -5 -4 -4 -6 -2 -6  7 -6 -4 -8 -5 -7 -7 -6 -2 -5 -7 -7 -7    3   1   0   1   0   2   0  91   0   1   0   0   0   0   0   2   0   0   0   0  2.29 inf
  412 G   -3  0 -4 -3 -3 -5 -6  7 -6 -8 -7 -5 -6 -7 -6 -4 -5 -6 -7 -7    1   6   0   2   1   0   0  90   0   0   0   0   0   0   0   0   0   0   0   0  2.27 inf
  413 F   -6 -6 -6 -7 -7 -6 -6 -7  4 -4 -5 -6 -2  6 -7 -6 -6  9  6 -6    0   0   0   0   0   0   0   0  10   1   0   0   1  29   0   0   0  32  26   0  2.39 inf
  414 M   -3 -4  0 -2 -2 -2 -4 -5  3 -1  5  0  1 -2 -5 -1  1 -4 -1 -2    1   0   6   3   1   1   0   0   7   2  54   6   2   1   0   5   8   0   2   1  0.62 inf
  415 D    3 -4  2  4  0 -3 -1  4 -4 -5 -5 -4 -5 -6 -1 -2 -3 -6 -5 -4   26   0   8  24   2   0   4  31   0   0   0   0   0   0   2   2   0   0   0   1  0.83 inf
  416 S   -1  6 -3 -5 -3 -3 -4 -5  2 -5 -5 -1 -1 -4 -5  2  0 -4  4 -5    4  50   1   0   1   0   0   0   6   0   0   1   2   0   0  16   5   0  14   0  1.17 inf
  417 K    1  2  0 -3 -5  0 -2 -1 -3 -5 -5  6 -4 -5 -1  0 -1 -5 -2 -3   11  10   3   0   0   3   1   4   0   0   0  53   0   0   3   5   3   0   1   1  0.88 inf
  418 R   -2  4  1 -3 -1 -1 -3  2  2 -4 -5  1 -4 -5 -4  4 -2 -5 -4 -4    0  24   5   0   1   2   0  16   5   1   0  10   0   0   0  34   0   0   0   0  0.72 inf
  419 T   -4 -4  1  6 -6  2 -1 -4 -2 -5 -4  0 -5 -5 -4 -1  2 -6  0 -5    1   0   6  53   0   8   2   0   1   0   2   7   0   0   0   3  15   0   4   0  1.13 inf
  420 G    0 -1 -3 -4 -5 -4 -4  5  0 -5 -5 -1 -5 -6  3  0  0 -5 -5 -5    6   4   0   0   0   0   0  52   2   0   1   4   0   0  16   8   6   0   0   0  1.00 inf
  421 I   -3  3 -1 -2 -6 -2  3 -5 -1 -1 -3  0 -1 -1  6 -2 -4 -6 -2 -3    1  14   2   1   0   1  18   0   1   3   2   5   2   3  41   2   0   0   1   1  0.96 inf
  422 A    0 -6 -6 -6 -6 -5 -5 -6 -6  0 -5 -5 -3 -7  8 -5 -5 -8 -7 -1    9   0   0   0   0   0   0   0   0   5   1   0   1   0  79   0   0   0   0   5  2.41 inf
  423 S   -2 -6 -4 -5 -6 -6 -6  7 -6 -8 -8 -5 -7 -7 -6  0 -5 -7 -7 -7    2   0   0   0   0   0   0  90   0   0   0   0   0   0   0   8   0   0   0   0  2.30 inf
  424 W    0 -5  2 -4 -2 -3 -4 -5 -2  2 -2 -4 -3 -3  4 -2 -1  7  1  2    7   0  11   0   1   1   0   0   1  12   1   0   0   0  20   3   4  19   4  16  0.81 inf
  425 G   -2  0 -3 -2 -4  2  0 -2 -1  2 -1  4  2 -4 -3 -1  2 -5 -3  0    2   3   0   1   0  10   5   2   1  15   6  28   6   0   1   2  13   0   0   7  0.34 inf
  426 A    0 -2 -4 -5 -4 -4 -4 -5 -5 -1 -2 -2 -3 -5 -4 -1  5 -6 -5  5    6   2   0   0   0   0   0   0   0   2   2   2   0   0   1   3  45   0   0  38  1.09 inf
  427 L   -4 -5 -6 -6 -4 -5 -6 -7 -6  5  4 -5  6  1 -4 -5 -4 -5 -4  0    0   0   0   0   0   0   0   0   0  29  41   0  20   6   1   0   0   0   0   3  1.21 inf
  428 W   -4 -1 -7 -7 -2 -3 -4 -3 -3 -6 -2 -1 -5  2 -7 -5 -2 12 -1 -6    2   3   0   0   1   1   1   2   1   0   4   4   0   7   0   1   3  70   1   0  3.02 inf
  429 E   -2  5  1  1 -3  2  1 -4  1 -1 -1  2 -3 -5 -4 -2 -2 -5 -4 -3    1  36   5   7   1   8   8   0   3   4   7  14   0   0   0   2   1   0   0   1  0.59 inf
  430 G   -2 -6 -4 -5 -6 -6 -6  7 -6 -7 -7 -5 -6 -7 -6 -4 -5 -6 -7 -7    3   0   0   0   0   0   0  96   0   0   0   0   0   0   0   0   0   0   0   0  2.50 inf
  431 W   -5 -6 -6 -7 -5 -5 -6 -5 -5 -1  4 -6  4  3 -6 -6 -5  9  0 -3    0   0   0   0   0   0   0   1   0   3  42   0   9  10   0   0   0  32   2   0  1.73 inf
  432 E   -1  1 -1  0 -3  3  1 -3 -1 -2  0  0  2  3 -2  0  0 -3 -1 -3    5   9   3   4   0  19   9   0   1   2  10   4   5  14   1   9   4   0   0   0  0.23 inf
  433 A   -2  6 -2 -2 -2  1  1 -5 -1 -3 -4  3 -2 -5 -5 -3 -2 -5 -1 -2    3  55   1   1   1   5   7   0   1   1   0  14   1   0   0   0   1   0   2   4  1.08 inf
  434 L   -1 -5 -6 -6 -4 -5 -6 -6 -1  0  5 -5  1  4 -6 -5 -3 -4 -2  0    6   0   0   0   0   0   0   0   1   4  62   0   2  19   0   0   1   0   0   6  1.09 inf
  435 Q    0  1  0 -1 -1  4  0 -3  3 -2 -2  0  2 -1 -3 -1  1 -4  0  0    8   9   5   3   2  25   3   1   7   2   2   4   8   2   0   2   8   0   3   6  0.28 inf
  436 S    1 -3 -2  5 -4 -2  2 -3 -2 -2 -3 -3  0 -1 -4  1  2 -4  1 -2   13   1   0  34   0   1  12   1   1   2   2   0   3   3   0   8  12   0   5   3  0.50 inf
  437 K   -1 -2 -5 -5  1  0 -4 -5 -4  4  2 -2  5  2 -5 -3 -3  1 -1  0    6   3   0   0   3   4   0   0   0  30  17   2  20   7   0   1   1   2   2   3  0.63 inf
  438 L    2 -2 -3 -3  2  0 -1 -1 -3  0  1 -1 -1  0 -3 -1  1 -3  0  3   23   1   0   0   4   4   3   5   0   4  11   4   1   4   0   3   7   0   3  23  0.20 inf
  439 D    0 -2 -2  2 -3  1  4 -3 -2 -1  1 -1 -1  2 -4 -1 -1 -4 -1 -2    9   2   0  11   1   7  33   1   1   4  13   2   1   9   0   2   2   0   2   2  0.36 inf
  440 G    1 -5 -4 -4 -5 -4 -5  6 -5 -5 -3 -4  4 -2 -5 -2  1 -5 -5 -3   11   0   0   1   0   0   0  63   0   0   1   0  11   2   0   2   8   0   0   1  1.28 inf
  441 F    0 -5 -6 -6 -5 -5 -5 -6 -3  0  0 -5 -2  4 -6 -5 -4  9  6 -2    9   0   0   0   0   0   0   0   0   5   9   0   0  16   0   0   1  26  30   2  1.54 inf
  442 L    0  2  0 -1 -2  2  3 -3 -1 -1  0  2 -2 -2 -2 -1 -1 -1 -2 -2    7  13   5   2   1  10  22   0   1   4  10  15   1   2   1   4   3   1   1   1  0.28 inf
  443 A    0 -4 -3 -5 -4 -4 -4 -5 -3  3  5 -4  1 -1 -5 -3 -1 -4  0  1    9   0   1   0   0   0   1   0   1  14  56   0   3   1   0   1   3   0   3   7  0.76 inf
  444 A    4 -1 -4 -5 -2 -2 -4  0 -4 -2  3 -3  3  1 -4 -1 -3 -4 -1 -2   42   4   0   0   1   1   0   6   0   1  27   0   9   6   0   2   0   0   1   0  0.57 inf
  445 K   -2  4 -1 -1 -4  1  0 -2  2 -3 -2  4  1 -4 -3 -1  1 -5 -3 -3    1  26   2   3   0   7   5   2   6   1   4  27   4   0   0   3   9   0   0   1  0.52 inf
  446 D    0 -1  1  2 -4  3  3 -2 -2 -4 -3 -1 -2 -5 -1  3 -1 -5 -4 -4    5   1   4  13   0  15  20   2   0   0   1   3   1   0   2  31   2   0   0   0  0.54 inf
  447 L   -1 -2 -4 -4 -3 -3 -1 -4 -4  2  4 -3  3 -1 -4 -2 -1 -3 -2  2    4   1   0   0   0   0   5   0   0  12  48   1  10   0   0   3   2   0   1  12  0.50 inf
  448 M   -1  0 -2 -1 -2  1  0 -1 -1  0  1 -1  3 -1 -3  0  1 -2  3  0    3   7   0   3   0   8   8   3   0   3  12   0  12   0   0   6  10   0  17   9  0.13 inf
  449 A    3 -1 -1 -1 -2 -1 -1  1  1 -1 -2  1 -2 -3 -2  1  1 -3 -2  0   41   0   2   2   0   0   2   9   5   3   0  13   0   0   0   8   8   0   0   6  0.27 inf
  450 Q    0 -2 -1  1  6  1  3 -1 -2 -3 -3 -1 -2 -3 -2  1  0 -3  0 -2    9   0   0   7  25   8  29   4   0   0   0   0   0   0   0   9   3   0   4   0  0.47 inf
  451 G   -1 -3 -1 -2 -4 -3 -3  7 -3 -5 -5 -2 -4 -4 -3 -1 -3 -3 -4 -4    0   0   0   0   0   0   0 100   0   0   0   0   0   0   0   0   0   0   0   0  1.48 inf
  452 I    1 -3 -2  1 -1 -2 -2 -2 -3  3  0 -2  0 -1 -2 -1 -1 -3 -2  3   23   0   0  11   0   0   0   0   0  36   0   0   0   0   0   0   0   0   0  30  0.20 inf
  453 K    0  1  0 -1 -2  1  0 -1 -1 -3 -3  4 -2 -3 -1  2  0 -3 -2 -2    0   0   0   0   0   0   0   0   0   0   0  62   0   0   0  38   0   0   0   0  0.39 inf
  454 I   -2 -2 -3 -3 -2 -2 -3 -4  0  3  0 -2  0  2 -3 -2 -1  1  5  1    0   0   0   0   0   0   0   0   0  48   0   0   0   0   0   0   0   0  52   0  0.41 inf
  455 G    0 -3 -1 -1 -3 -2 -2  6 -2 -4 -4 -2 -3 -3 -2  0 -2 -3 -3 -3    0   0   0   0   0   0   0 100   0   0   0   0   0   0   0   0   0   0   0   0  1.06 inf

                      K         Lambda
Standard Ungapped    0.1309     0.3167
Standard Gapped      0.0370     0.2670
PSI Ungapped         0.1216     0.3104
PSI Gapped           0.0370     0.2670
