
Last position-specific scoring matrix computed, weighted observed percentages rounded down, information per position, and relative weight of gapless real matches to pseudocounts
           A  R  N  D  C  Q  E  G  H  I  L  K  M  F  P  S  T  W  Y  V   A   R   N   D   C   Q   E   G   H   I   L   K   M   F   P   S   T   W   Y   V
    1 D   -2 -2  2  6 -4  0  3 -2 -1 -4 -4 -1 -3 -4 -2 -1 -2 -5 -3 -4    0   0  10  61   0   0  29   0   0   0   0   0   0   0   0   0   0   0   0   0  0.90 inf
    2 Y   -3 -3 -2  3 -4  0  0 -3 -2 -2  0 -2  1  5  1 -2 -2 -1  1 -2    0   0   0  22   0   4   6   0   0   0   5   0   6  45   9   0   0   0   2   2  0.50 inf
    3 L    0 -2  4  4 -1  0  2 -1  2 -2 -3 -1 -1 -3 -1 -1 -1 -4 -3 -2    7   0  25  25   2   2  19   2   7   1   1   1   2   0   2   0   1   0   0   4  0.40 inf
    4 I   -1 -2 -1 -1  0 -2 -2 -3  0  2 -1 -2  1 -2 -3  0  5 -3  0  1    2   0   1   2   1   0   0   0   3  14   3   0   5   0   0   4  51   0   4  10  0.39 inf
    5 E    0 -1  1  3 -3  2  2  2  0 -3 -3  1 -2 -4  1  0 -1 -4 -3 -2    4   0   5  19   0  14  15  19   2   1   0   9   0   0   5   5   1   0   0   2  0.34 inf
    6 N   -2 -1  6  2 -4  1 -1 -2  5 -5 -5 -1 -3 -4 -3 -1 -2 -5 -2 -4    2   2  59  12   0   8   1   0  15   0   0   0   0   0   0   2   0   0   0   0  0.96 inf
    7 L   -2 -3 -2 -4  0 -2 -3 -4  0  3  2 -3  1  2 -3 -1 -1 -2  1  3    0   0   1   0   2   1   0   0   4  22  17   0   4  14   0   3   3   0   6  24  0.28 inf
    8 M   -1 -3 -4 -4 -2 -3 -4 -4 -4  4  1 -3  4 -1 -4 -3 -1 -3 -2  4    2   0   0   0   0   0   0   0   0  28   9   0  21   1   0   0   2   0   0  36  0.55 inf
    9 L   -1 -3 -4 -4 -2 -3 -4 -4 -3  2  4 -3  3  1 -4 -3 -2 -2 -1  2    2   0   0   0   0   0   0   0   0  10  52   0   9   6   0   0   0   0   1  19  0.50 inf
   10 C    1 -5 -4 -5 10 -4 -4 -2 -4 -3 -3 -4 -3 -4 -4  0 -2 -4 -4 -2   15   0   0   0  78   0   0   2   0   0   0   0   0   0   0   6   0   0   0   0  1.91 inf
   11 L   -2 -1 -2 -2 -3  5 -1 -4 -2  0  2 -1  2 -1 -3 -2  1 -3 -2  0    0   0   0   0   0  45   0   0   0   5  24   0   8   3   0   0  11   0   0   4  0.45 inf
   12 Y   -3 -3 -4 -5 -4 -3 -4 -4  2 -2 -2 -4 -2  5 -5 -2 -2  0  8 -1    1   0   0   0   0   0   0   0   3   0   0   0   0  23   0   2   2   0  67   3  1.36 inf
   13 D   -3 -3  0  6 -5 -1  3 -3 -2 -3 -4 -2 -4 -5 -3 -2 -2 -5 -4 -1    0   0   2  66   0   0  24   0   0   0   0   0   0   0   0   0   0   0   0   8  1.09 inf
   14 K   -2  3 -2 -2 -5  0 -1 -3 -2 -5 -4  7 -3 -5 -3 -2 -2 -5 -4 -4    0  10   0   0   0   2   0   0   0   0   0  88   0   0   0   0   0   0   0   0  1.31 inf
   15 V   -2 -4 -5 -5 -2 -4 -4 -5 -5  4  0 -4  0 -2 -4 -3 -2 -4 -3  6    0   0   0   0   0   0   0   0   0  25   0   0   0   0   0   0   0   0   0  75  1.01 inf
   16 T    0 -1  2 -1 -3  3  0 -2  4 -2 -2  0 -2 -3  0  1  2 -3  0 -2    5   0  11   2   0  24   0   1  13   2   2   6   0   0   3   8  22   0   2   0  0.33 inf
   17 R   -3  7 -2 -3 -5 -1 -2 -4  2 -5 -4  2 -1 -4 -4 -2 -3 -4  0 -4    0  84   0   0   0   0   0   0   4   0   0   7   2   0   0   0   0   0   3   0  1.37 inf
   18 T    0 -1  0 -2  1 -2 -2 -2  0  0 -2 -2 -1 -3 -2  2  3 -4 -2  2    4   4   5   0   4   0   0   0   2   5   0   0   0   0   0  26  23   0   0  27  0.28 inf
   19 K   -2  3  0 -2 -5  0 -1 -3 -2 -4 -4  7 -3 -5  0 -2 -2 -5 -3 -4    0  11   4   0   0   0   0   0   0   0   0  82   0   0   3   0   0   0   0   0  1.14 inf
   20 A   -1 -2  6  0  1 -1 -2  0 -1 -4 -4 -2 -3  0 -3  1  0 -4 -1 -4    4   0  62   2   3   2   0   5   0   0   0   0   0   5   0  11   5   0   1   0  0.79 inf
   21 R   -1  4 -1 -2 -4  0 -1 -3 -2 -4 -4  6 -3 -4 -3 -2 -2 -4 -3 -2    3  23   2   0   0   1   0   0   0   0   0  68   0   0   0   0   0   0   0   3  0.98 inf
   22 W   -5  0 -6 -6 -5 -4 -5 -5 -4 -5 -4 -5 -4 -1 -6 -5 -5 12  3 -5    0   5   0   0   0   0   0   0   0   0   0   0   0   0   0   0   0  87   8   0  3.38 inf
   23 K   -2  3 -2 -2 -5  0  1 -3 -2 -4 -4  7 -3 -5 -3 -2 -2 -5 -3 -4    0  12   0   0   0   0   6   0   0   0   0  82   0   0   0   0   0   0   0   0  1.19 inf
   24 C   -1 -4 -4 -5  9 -4 -5 -4 -4  0 -1 -4  0  4 -4 -1 -1 -3 -1  0    4   0   0   0  53   0   0   0   0   3   3   0   2  23   0   3   2   0   0   8  1.18 inf
   25 S    0 -1  1 -2 -1  0 -1 -2  1  1 -1  0 -1 -1 -2  0  2 -1  2  1    7   0   9   0   1   4   0   0   5  10   1   7   0   1   0   7  21   1  11  16  0.13 inf
   26 L   -3 -4 -5 -5 -3 -4 -4 -5 -4  0  5 -4  1  4 -5 -4 -3 -2 -1 -1    0   0   0   0   0   0   0   0   0   0  73   0   2  24   0   0   0   0   0   0  0.91 inf
   27 K   -2  3  1 -2 -5  0 -1 -3 -2 -4 -4  6 -3 -5 -3 -2 -2 -5 -3 -2    0  14   6   0   0   0   0   0   0   0   0  78   0   0   0   0   0   0   0   2  1.08 inf
   28 D    0 -2  2  6 -2  1  1 -2  0 -4 -4 -1 -4 -3 -3 -1 -2 -5 -4 -3    7   0   8  64   1   8   5   2   3   0   0   1   0   1   0   0   0   0   0   1  0.92 inf
   29 G    0 -2 -2 -3  1 -3 -4  7 -4 -5 -5 -3 -4 -5 -4 -2 -3 -4 -5 -4    5   2   0   0   4   0   0  90   0   0   0   0   0   0   0   0   0   0   0   0  1.51 inf
   30 V   -2 -4 -4 -5 -2 -4 -4 -5 -4  5  0 -4  2  2 -4 -3 -2 -3 -2  4    0   0   0   0   0   0   0   0   0  46   2   0   6  10   0   0   0   0   0  36  0.71 inf
   31 V    0 -3 -4 -4 -2 -2 -4 -4 -3  2  3 -3  7 -1 -4 -3 -2 -3 -2  2    9   0   0   0   0   0   0   0   0  12  22   0  43   1   0   0   0   0   0  12  0.66 inf
   32 T   -1 -1  4 -1  3  1 -1 -1  5 -3 -3 -1 -2 -3 -3  1  2 -4 -1 -3    1   2  23   0   9   6   0   3  24   0   2   1   0   0   0   9  19   0   0   0  0.48 inf
   33 I   -2 -3 -4 -4 -2 -3 -4 -4 -4  4  2 -3  2  2 -4 -2 -1 -3 -1  3    1   0   0   0   0   0   0   0   0  34  24   0   4   9   0   1   2   0   1  23  0.47 inf
   34 N   -2 -1  6  3 -4 -1 -1  3  0 -5 -5 -1 -4 -5 -3  0 -2 -5 -4 -4    0   3  53  14   0   1   2  22   1   0   0   1   0   0   0   3   0   0   0   0  0.86 inf
   35 R   -1  1  2 -1 -4 -2 -1  6  0 -5 -5 -1 -4 -4 -3 -1 -3 -4 -4 -4    0   8  13   3   0   1   3  68   2   0   0   3   0   0   0   0   0   0   0   0  0.97 inf
   36 N   -1  4 -1 -2 -4  1 -1 -3 -2 -2 -3  5 -2 -4 -3 -1  0 -4 -2 -2    2  24   1   0   0   3   1   0   0   3   0  56   0   0   0   2   4   0   1   3  0.71 inf
   37 D   -3 -3  1  7 -5 -1  2 -3 -2 -5 -5 -2 -5 -5 -3 -1 -2 -6 -5 -5    0   0   6  76   0   0  14   0   0   0   0   0   0   0   0   3   0   0   0   0  1.38 inf
   38 Y   -3 -3 -4 -5 -4 -2 -4 -5  2  0 -1 -3 -2  4 -4 -3 -2  2  7  0    0   0   0   0   0   2   0   0   4   6   4   0   0  15   0   1   1   1  59   7  1.10 inf
   39 T    0 -3 -4 -4  0 -3 -3 -4 -4  1  3 -3  0 -2 -2 -2  0 -4 -2  4    7   0   0   0   2   0   0   0   0   3  33   0   0   0   2   1   4   0   0  48  0.50 inf
   40 F   -4 -5 -5 -6 -5 -5 -5 -5 -3 -2 -2 -5 -2  9 -6 -5 -4 -1  1 -1    0   0   0   0   0   0   0   0   0   0   0   0   0  96   0   0   0   0   0   4  2.05 inf
   41 Q    1  0  3 -1 -3  3 -1  0  4 -3 -3  0 -1 -2 -2  2 -1  0 -2 -3   12   3  18   2   0  17   0   8  14   0   0   3   1   1   0  19   1   1   0   0  0.34 inf
   42 K   -1  2  1 -2 -4  1  0 -3 -2 -4 -3  6 -3 -4 -3  0 -1 -4 -3 -3    3   9   6   0   0   4   2   0   0   0   2  67   0   0   0   5   2   0   0   1  0.80 inf
   43 A    5 -3 -3 -3  5 -3 -3  1 -3 -1 -2 -3  0 -1 -3  0 -2 -4 -3 -2   65   0   0   0  15   0   0   7   0   3   1   0   3   3   0   3   0   0   0   0  0.70 inf
   44 Q   -1 -1  3 -1 -3  3 -1 -2  0  0 -2  1 -1 -2 -3  1  4 -4 -2 -1    1   0  18   0   0  17   0   0   2   7   0   7   2   1   0   8  34   0   0   4  0.37 inf
   45 V    1 -4 -2 -3  2 -3 -4  6 -4 -4 -3 -3 -3 -4 -4 -1 -3 -4 -4 -2    8   0   0   0   5   0   0  78   0   0   3   0   0   0   0   2   0   0   0   4  1.19 inf
   46 E   -3 -2 -1  5 -5  0  6 -4 -2 -5 -5 -1 -4 -5 -3 -2 -2 -5 -2 -4    0   0   0  36   0   0  61   0   0   0   0   0   0   0   0   0   1   0   1   0  1.24 inf
   47 A    2 -3 -3 -4 -1 -3 -3 -2 -2  0  1 -3  1  5 -3  0 -1 -1  2 -1   23   0   0   0   1   0   0   1   0   3  14   0   4  34   0   7   2   0   8   3  0.39 inf
   48 E   -2 -1  1  2 -5  0  5 -3 -1 -1 -3  0 -3 -1 -3 -1 -1 -4 -3 -2    2   1   6  11   0   1  61   0   1   4   2   3   0   4   0   1   3   0   0   2  0.72 inf
   49 W   -5 -5 -6 -7 -5 -5 -5 -5 -4 -4 -4 -6 -4  4 -6 -5 -5 12  2 -5    0   0   0   0   0   0   0   0   0   0   0   0   0  16   0   0   0  79   5   0  3.22 inf
   50 V   -1 -3 -3 -4 -1 -3 -3 -4 -3  3  2 -3  1 -1 -3 -2  0 -3 -1  4    0   0   0   0   0   0   0   0   0  24  15   0   0   0   0   0   0   0   0  61  0.34 inf

                      K         Lambda
Standard Ungapped    0.1342     0.3221
Standard Gapped      0.0507     0.2670
PSI Ungapped         0.1637     0.3185
PSI Gapped           0.0507     0.2670
