
Last position-specific scoring matrix computed, weighted observed percentages rounded down, information per position, and relative weight of gapless real matches to pseudocounts
           A  R  N  D  C  Q  E  G  H  I  L  K  M  F  P  S  T  W  Y  V   A   R   N   D   C   Q   E   G   H   I   L   K   M   F   P   S   T   W   Y   V
    1 N   -1 -2  5  0 -3 -2 -2 -2 -2 -4 -5 -2 -3 -4 -3  5 -1 -5 -4 -4    0   0  30   4   0   0   0   0   0   0   0   0   0   0   0  66   0   0   0   0  1.04 inf
    2 P   -4 -6 -6 -5 -7 -5 -5 -6 -6 -6 -7 -3 -6 -7  9 -3 -5 -7 -7 -6    0   0   0   0   0   0   0   0   0   0   0   1   0   0  97   1   0   0   0   0  3.14 inf
    3 F   -3 -4 -2 -4 -2 -3 -3 -3 -1  0 -2 -4 -1  5 -2  3 -2  3  5 -1    0   0   1   0   1   1   2   1   1   6   3   0   1  29   2  24   1   3  22   3  0.76 inf
    4 Q   -2  3  1 -3 -1  3 -2 -2  3 -4 -3  1 -3 -3  4 -1  1 -5 -1 -4    2  18   7   0   2  14   0   2   7   0   2   9   0   1  22   3  10   0   2   0  0.57 inf
    5 F   -4 -5 -3 -5 -4 -3 -4 -5 -4  2  2 -5  1  7 -4 -5 -4  1  1 -1    0   0   1   0   0   1   1   0   0  12  15   0   4  57   1   0   0   2   2   2  1.34 inf
    6 Y   -4  2 -4 -5 -5  1 -4 -5  1 -2 -1  0 -3  5 -5 -4 -3  5  6 -1    0  11   0   0   0   6   0   0   4   2   4   6   0  24   0   0   1   7  28   4  0.91 inf
    7 L   -4 -2 -4 -4 -4 -3 -5 -6  1  0  5 -1 -1  2 -4 -4 -4  2  0  0    0   2   1   1   0   1   0   0   4   3  63   4   0   9   1   1   0   3   2   7  0.89 inf
    8 T   -4 -4  5 -2 -5 -4 -4 -2 -4 -2 -1 -4  0 -4 -5  0  6 -2 -5 -3    0   0  30   1   0   0   0   2   0   2   5   0   3   1   0   7  47   1   0   1  1.17 inf
    9 R   -1  5 -3 -2 -3  1 -1 -4  2 -4 -4  3 -4 -4  0 -1  0  6 -2 -3    5  32   0   2   1   4   2   0   5   1   1  18   0   0   4   5   6  11   1   1  0.70 inf
   10 V   -1 -5 -5 -3 -4 -5 -5 -5 -5  5  2 -4 -2 -3 -5 -2 -1 -5 -4  5    6   0   0   1   0   0   0   0   0  31  18   1   0   0   0   3   2   0   0  36  0.90 inf
   11 S    0  3  0  0 -4  1  1 -1  0 -3 -3  2 -2  0 -1  0  1 -3  1 -2    6  17   4   4   0   7  10   3   1   1   1  12   1   4   3   8  10   0   6   2  0.21 inf
   12 G   -1 -2  1  3 -3 -2 -1  5 -3 -4 -4 -1 -4 -2 -4  0 -3 -5 -1 -4    4   2   7  21   0   1   2  43   0   1   2   4   0   2   0   7   1   0   2   0  0.73 inf
   13 V   -1 -3 -3 -1  0 -1 -2 -3  0  3  2 -3  0  0 -3  0 -1 -3  1  1    5   0   1   3   1   3   2   1   3  20  27   1   2   4   1   8   2   0   6  10  0.24 inf
   14 K   -1  0  0  0 -5 -1  1 -1 -3 -4 -4  3 -3 -3  6  0 -2 -5 -4 -4    5   4   5   4   0   2  10   4   0   1   1  18   0   1  37   6   1   0   0   0  0.81 inf
   15 P    1  3 -1  0 -3  0  2 -2  0 -3 -3  0 -2 -4  2  2 -1 -5 -3 -1   10  17   2   6   0   3  14   3   2   1   2   4   1   0  11  15   2   0   0   6  0.29 inf
   16 K   -1  1  0  1 -4  1  1 -1 -2 -2 -3  2 -3 -2 -2  1  3  4 -2 -3    2   6   5   8   0   5   9   3   1   2   1  17   0   2   2  11  18   7   1   1  0.31 inf
   17 Y    1 -2  0  1 -2  0  0 -1  3 -2 -2 -1  0  1 -1  0 -1  1  5 -2   11   1   4   8   1   5   5   4   7   2   4   4   2   6   3   5   2   2  24   2  0.27 inf
   18 N   -3  1  7  0 -4 -2 -1 -2  0 -5 -4 -1 -4 -5 -2  1  0 -2 -4 -4    1   7  58   4   0   1   3   2   2   1   1   3   0   0   2   9   5   1   0   1  1.20 inf
   19 S    0  2 -1  0 -2  2  1 -1  0 -1 -2  1 -2 -3  1  1  1 -4 -2 -1    9  10   2   4   1  10   9   4   2   3   2   7   1   0   6  15   8   0   1   5  0.17 inf
   20 G   -2 -1  2  4 -5  0 -1  2  2 -5 -5  0 -4 -4  3  1 -2 -5  0 -5    1   2   9  24   0   4   1  18   6   0   0   4   0   0  13  11   2   0   3   0  0.55 inf
   21 A    3 -3 -3  2  3 -3 -2 -1 -2 -3 -3 -3  0 -1 -3  2  3 -5 -4 -1   26   1   0  13   8   0   1   4   1   0   2   0   2   4   1  12  23   0   0   3  0.49 inf
   22 L   -4 -4 -6 -6 -4 -5 -6 -5 -2  5  3 -3 -1  3 -6 -5 -3 -5 -3  4    0   1   0   0   0   0   0   0   1  31  27   1   0  11   0   0   1   0   0  26  0.98 inf
   23 H   -2  2 -2 -3 -3 -2 -3  0  4 -4 -5  1 -4 -5 -4  3  4 -6 -4 -3    2  13   1   1   0   0   1   7  12   1   0   9   0   0   0  26  25   0   0   1  0.71 inf
   24 I   -3 -5 -6 -6 -4 -5 -6 -6 -5  5  4 -5  0  3 -1 -3 -2 -4 -2  0    2   0   0   0   0   0   0   0   0  32  40   0   2  14   3   1   2   0   1   3  0.99 inf
   25 K   -1  3  0  0 -3  1  2 -1  1 -5 -4  3 -4 -4  2  1  0 -5 -4 -4    4  14   3   5   1   4  16   5   4   0   0  18   0   1   9  11   5   0   0   0  0.41 inf
   26 D   -4 -3  0  6 -6  2  5 -4  0 -5 -6 -2 -5 -6 -4 -2 -3 -6 -5 -2    0   1   3  42   0   8  35   1   2   0   0   1   0   0   0   2   1   0   0   3  1.29 inf
   27 I   -4 -5 -6 -6 -4 -2 -6 -4 -6  5  4 -5  1 -3 -4 -5 -4 -5 -3  4    0   0   0   0   0   3   0   1   0  32  35   0   2   0   1   0   0   0   1  26  1.09 inf
   28 L   -3 -4 -4 -6 -4 -5 -6 -4 -5  3  5 -5  0  3 -6 -4 -4 -2 -3  0    2   1   1   0   0   0   0   1   0  16  59   0   1  12   0   1   0   1   0   5  1.09 inf
   29 S   -1 -1 -2  1  0  4  0  3  3 -5 -3 -1 -4 -3 -2  1 -3 -4  0 -5    5   2   1   9   2  19   4  27   7   0   2   2   0   1   1  13   0   0   4   0  0.52 inf
   30 P    0  0 -1  2  3 -2 -1 -3 -2 -2 -1  2 -3 -4  4  0 -1 -4 -2 -2    7   5   3  12   6   1   3   1   1   2   7  14   0   1  25   6   4   0   1   2  0.44 inf
   31 L   -1 -1  0  2 -2 -2 -1 -2 -2  1  0 -1 -1 -3  3  2  0 -3 -3  0    3   3   5  16   1   1   3   2   0   8  11   2   2   1  15  16   4   0   1   7  0.24 inf
   32 F   -1  0  0  1 -1  0  0  0  0  0  1  1  1  1 -1 -1  0 -2 -1  0    3   6   3   9   1   3   6   7   3   3  17  10   4   7   2   3   5   0   1   6  0.03 inf
   33 G   -1  0  0 -1 -2  1  0  3 -1 -2 -1  0 -2 -1 -1  1 -1  0 -2 -2    5   6   4   2   1   6   7  30   2   1   5   6   1   3   3  10   3   1   1   3  0.23 inf
   34 T    0 -1  1  3 -4  2  3 -3 -1 -3 -2 -1 -3 -4 -2  1  1 -4 -3 -3    8   2   7  20   0  11  18   1   1   1   3   2   0   0   2  12  10   0   0   1  0.42 inf
   35 L   -4 -5 -6 -6 -1 -3 -6 -7 -6  5  4 -5  1  1  0 -5 -3 -5 -3  2    0   0   0   0   1   1   0   0   0  29  42   0   3   5   4   0   1   0   1  11  1.00 inf
   36 V   -1  1 -1 -1 -3  1  2 -3 -1 -1 -1  2  0 -1 -1  0  1 -4 -2  1    3   9   2   3   0   7  16   1   1   2   7  12   3   3   3   7   8   0   1  13  0.15 inf
   37 S    0  1  1  0 -1  0  3 -2  0 -3  0  0 -1  1 -3  2  0  2 -2 -2    7   7   6   3   2   3  19   2   2   1  10   4   1   6   0  18   4   3   1   2  0.19 inf
   38 S    4 -3 -4 -4  4  0 -4 -1 -4  0 -2 -4  0 -5 -4  3  0 -5 -4  1   33   1   0   0  10   4   0   4   0   6   3   0   2   0   0  21   6   0   0  10  0.59 inf
   39 A   -1 -5 -5 -6 -1 -5 -5 -2 -4  3  2 -5 -1  3 -5 -4 -3  6  2  3    5   0   0   0   1   0   0   4   0  14  19   0   1  10   0   1   1  13   7  24  0.76 inf
   40 Q   -3 -3 -2 -3 -4  4 -1 -3  3  2  3 -1  1 -1 -4 -3 -2 -4 -2  1    1   0   2   1   0  19   3   1   7  12  30   4   3   3   0   1   1   0   1  10  0.47 inf
   41 F    1 -4 -4 -4  1 -3 -4 -2 -4  0 -1 -4  0  5 -4  4  0 -4  0 -1   10   0   0   0   3   1   0   3   0   6   6   0   2  24   0  31   6   0   3   5  0.60 inf
   42 N    0 -4  6 -2 -1 -4 -4  1 -4 -6 -6 -4 -5 -6 -5  4  2 -6 -5 -5    9   0  37   1   1   0   0  10   0   0   0   0   0   0   0  28  14   0   0   0  1.10 inf
   43 Y   -2 -7 -7 -8 -2 -7 -7 -7 -4 -1 -3 -7  0  8 -8 -6 -6 -3  7 -5    4   0   0   0   1   0   0   0   0   3   1   0   2  52   0   0   0   0  37   0  2.27 inf
   44 C   -1 -1 -2 -1  5  3 -2 -2 -4 -1  1 -2  5 -1 -4 -1  1 -4 -4  1    4   3   1   3  12  14   2   4   0   3  11   2  18   3   0   4   8   0   0   9  0.42 inf
   45 F   -2 -5 -3 -5 -1 -4 -4 -5  2  2  1 -4 -1  3 -1 -1  0  6  1  2    2   0   1   0   2   0   1   0   5  14  12   0   1  15   3   5   6  13   4  15  0.58 inf
   46 D   -4 -3  0  7 -7 -2  1 -5 -1 -6 -3 -4 -3 -3  0 -3 -5 -7 -6 -6    1   1   3  69   0   2   9   0   1   0   3   0   1   2   5   2   0   0   0   0  1.72 inf
   47 V   -2 -3 -4 -1 -3 -1 -1 -3 -2  3  2 -1  3 -1 -1 -1 -1  1  0  2    2   0   0   3   0   3   4   2   1  22  18   4   7   2   3   4   3   2   3  15  0.27 inf
   48 D    0 -1  0  4 -2 -1  3  0 -1 -3 -2 -1  0 -5  2  1 -2 -6 -5 -2    7   2   4  24   1   2  19   7   1   1   4   2   2   0  10  10   2   0   0   2  0.42 inf
   49 W   -4 -8 -8 -9  2 -7 -8 -8  1 -7 -3 -8 -2  4 -8 -4 -7 12  0 -7    2   0   0   0   3   0   0   0   4   0   3   0   1  18   0   1   0  65   3   0  3.32 inf
   50 L   -3 -6 -7 -7 -5 -6 -7 -7 -6  2  5 -6  3  3 -2 -3 -3 -5 -4  2    2   0   0   0   0   0   0   0   0   9  55   0   5  11   3   2   2   0   0  11  1.11 inf
   51 V   -3 -1 -3 -3  1 -3 -3 -2 -1  1  3 -4  5  2 -5 -3 -3  0  2  1    2   4   1   1   3   1   1   4   2   7  34   0  14   8   0   1   1   1   7   7  0.52 inf
   52 K    0  1  1  0 -1  0  1  0 -1 -4 -2  1 -1 -4  0  3  1 -1 -4 -2    6   9   6   4   1   4  10   6   1   0   3   8   1   0   5  24   8   1   0   2  0.26 inf
   53 Q    0 -1 -1  0 -1  4  0 -2  4 -3 -2  3  0  1 -4 -2 -2 -4 -1 -1    9   1   3   6   1  21   4   3  11   1   3  19   3   5   0   2   2   0   2   4  0.42 inf
   54 Y   -2 -6 -6 -6  5 -5 -6 -6 -1  2  1 -6  0  5 -6 -1 -4 -3  5  0    4   0   0   0  11   0   0   0   1  10  14   0   2  24   0   4   0   0  21   6  1.02 inf
   55 P   -2 -2  0  3  2 -1 -1 -3  2 -3 -1 -1 -1 -1  5 -2 -3 -5 -1 -2    2   2   5  17   5   3   3   1   6   1   7   3   1   3  32   2   1   0   2   3  0.67 inf
   56 P    0 -1 -1 -1  0 -1  1  0  1 -1  0  0 -1 -2  4  0  0 -1 -3 -2    8   3   3   4   2   3   9   6   3   4  12   6   1   1  22   5   6   1   0   2  0.24 inf
   57 E    0  0  1  2 -3  1  1  0 -1  0  0 -1  0 -2  0  0 -1 -3 -3 -1    8   4   6  13   0   8   9   9   1   5  12   3   3   1   4   9   3   0   0   4  0.10 inf
   58 F   -1  0  0  0  2  0  0 -1  2  0 -1  0  2  1  0 -1  0  4  1 -1    5   5   5   5   5   5   5   5   5   5   5   5   5   5   5   5   5   5   5   5  0.09 inf
   59 R   -3  5  0 -1 -2  3  0 -3 -3 -3 -2  3 -2 -5 -3  0  1 -3 -4 -3    2  28   4   3   1  11   4   2   0   2   5  19   1   0   1   6   8   0   0   2  0.60 inf
   60 K   -1  2  1  0 -1  0 -1 -1  3  0 -2  1 -3 -1 -2  1  2 -4 -1  0    4  10   8   6   1   4   2   4   7   5   3  11   0   2   2  10  13   0   1   7  0.16 inf
   61 K   -3  1 -2 -4  1 -2 -2 -3 -2  2  1  2 -2 -4  1 -3  2 -5 -2  2    0   9   2   1   3   2   2   2   1  12  11  15   1   0   6   1  15   0   1  15  0.34 inf
   62 P   -4  0 -1  0 -1  1 -3 -4  1 -3 -2  3 -2  0  5 -2  0  1 -5 -1    1   6   3   5   1   7   1   1   3   1   4  17   1   5  31   2   6   2   0   4  0.66 inf
   63 I   -4 -6 -4 -7 -2 -3 -6 -7 -2  4  2 -3  3  0 -6 -6 -2 -6 -3  5    1   0   1   0   1   1   0   0   1  22  21   2   7   4   0   0   2   0   1  36  1.08 inf
   64 L   -4 -2 -3 -6 -5 -3 -5 -6  1  2  3 -1  2  1 -6 -3  3  2 -1  3    0   2   1   0   0   1   0   0   4  10  24   4   4   5   0   1  21   3   2  18  0.62 inf
   65 L    0 -3 -4 -6 -2 -3 -6 -3 -2  5  2 -4  1  2 -6 -4 -3  0 -2  3    7   1   1   0   1   1   0   2   1  27  19   1   3   9   0   1   1   1   1  23  0.74 inf
   66 V    0 -6 -6 -7 -1  1 -6 -6 -3  4  1 -6  3 -1 -6 -5 -3  0 -3  5    9   0   0   0   2   6   0   0   1  19  14   0   8   2   0   0   1   1   1  35  0.91 inf
   67 H    1  0 -1 -3  3  1 -4 -3  8 -6 -2  0 -1 -3 -7 -1 -1 -6  4 -2   10   5   3   2   5   5   1   2  31   0   4   5   2   1   0   4   5   0  13   3  0.98 inf
   68 G    1 -2  0 -2 -1  2 -3  6  3 -7 -7 -4 -6 -2 -1 -3 -4 -6 -2 -5   12   2   4   2   1   7   2  50   6   0   0   1   0   2   4   2   1   0   2   1  1.04 inf
   69 D    0 -1  1  3 -6 -2  3 -3 -1 -4 -4  1 -5  2  1  0  1 -2  0 -4    7   3   6  16   0   1  17   2   1   1   1   9   0   7   7   7   9   1   3   1  0.38 inf
   70 K   -1  1  0  1 -2  1  1  0  0 -1 -3  2 -1 -5  1  0  0  5 -3 -3    4   7   5   8   1   5  10   6   2   4   3  15   1   0   7   6   5   9   1   2  0.30 inf
   71 R   -2  3 -1  3  0  0  1  0  0 -2 -1  2 -1 -3 -1 -1 -1 -1 -3 -1    3  14   3  16   2   4  11   8   2   3   6  10   1   1   3   4   4   1   1   5  0.22 inf
   72 E   -1  0 -2  2  2  1  3  0 -2 -3 -2  0 -3 -2  2  0 -2  0 -1 -2    5   6   1  13   4   6  19   7   1   1   3   5   1   2   9   7   2   1   2   3  0.28 inf
   73 A    1 -1  0  2 -1  0  2  0 -4 -3 -2  0 -1 -2  0  1  0  3 -2 -1   13   3   3  14   1   4  12   6   0   1   4   6   2   2   4   9   5   4   2   4  0.18 inf
   74 K   -2  3 -1  2 -2  2  0 -3  1 -2 -2  2  0 -3  0  1  0  0 -1 -2    3  16   3   9   1   7   5   2   3   2   4  13   2   1   4   9   6   1   3   3  0.25 inf
   75 A    1  0 -1  0 -2  0  0 -2  2  0 -1  1 -1 -2  1  0  0  0 -2  0   15   5   3   7   1   5   6   2   5   5   7   8   1   2   8   8   5   1   1   6  0.10 inf
   76 H   -1  2  1 -1 -2  2  3 -2  2 -2 -2 -1  1 -2  0  0  0 -5  0 -2    6  10   6   3   1   9  17   3   6   2   4   4   3   1   5   7   7   0   3   3  0.22 inf
   77 L   -1  0 -1  0 -3  0  0 -1 -2  1  1 -1  1  0  0 -1  0  2  1  0    4   4   3   6   0   4   6   4   0   9  20   3   5   3   4   4   5   3   5   6  0.06 inf
   78 H    0  1  0  1 -3  1  1 -1  1  0 -1  0  1  1  0  0  0 -3  0 -1    5  11   5   7   0   6  10   4   4   5   4   5   5   6   4   7   3   0   3   5  0.06 inf
   79 A    1  1  0  0  0  1  1 -1  1 -1 -1  1  0 -2 -1  1  0  0  0 -2   10   8   4   3   2   7  10   5   3   3   4  10   4   1   3   9   5   2   3   2  0.09 inf
   80 Q    0  1  0  0 -1  2  1 -1  1 -1 -1  1 -2 -2  0  0  0  0 -2 -1    9   7   5   5   1  13  11   3   4   5   5   7   0   2   5   6   5   2   0   4  0.12 inf
   81 A    0  0  0  0  2 -1  0  0  1  0 -1  0  1  0  0  0  0 -2  1  0    6   6   5   6   5   0   6   6   5   6   6   6   5   5   6   6   6   0   5   6  0.03 inf
   82 K    1  2 -1 -1  0  0  0 -1  0 -1 -2  3 -1 -3  1  1 -1 -4 -3 -1   12  10   3   2   2   3   7   3   2   3   4  19   2   1   7  12   3   0   0   5  0.21 inf
   83 P   -1  1  0  0 -1  0 -1  0  0 -1  0  0 -1 -1  3  1  0  1 -1 -1    5   9   4   6   1   3   3   6   3   4   9   7   2   3  15  10   4   2   2   3  0.12 inf
   84 Y   -2  0 -1 -2  2  0 -2 -1  2  0  0 -1  2  2  1 -1 -1  1  3 -1    3   5   3   2   5   3   2   5   5   4  10   4   6  10   7   4   4   2  13   4  0.16 inf
   85 E   -1 -1  0  1 -2 -1  2 -1  1 -3 -2 -1 -1 -2  5  0 -2 -2 -2 -3    5   4   4   6   1   2  12   5   3   1   5   4   1   2  30   8   3   1   1   2  0.50 inf
   86 N   -2  0  7  1 -5 -1 -2 -1  2 -2 -2  0 -4 -3 -1 -1 -1 -1 -4 -4    2   4  49   6   0   3   1   5   5   2   4   5   0   1   3   3   3   1   0   1  0.91 inf
   87 I   -1 -2 -4 -3 -1 -1 -3 -3 -2  4  0 -3  0  0 -5 -2 -1  6 -1  3    5   2   0   1   1   3   2   1   1  23   9   2   2   4   0   2   4  11   2  24  0.54 inf
   88 S   -1  2  0 -1 -1  0  1 -3  0  1 -1  1 -1 -1 -3  0  1  0 -1  1    5  15   4   2   1   2   9   0   3   8   6   8   1   3   0   8  11   1   2  11  0.13 inf
   89 L    1 -1 -3 -2 -3  0 -1 -3  2  1  2 -1  1  2  0 -1  0  1  0  1   11   3   0   2   0   3   3   0   5   8  19   3   4  11   4   3   4   2   3   9  0.13 inf
   90 C   -1  0 -1 -3  4  0 -1 -1  4  2  0 -1  0 -1 -4 -2 -1 -4  0  2    3   4   3   0  10   5   5   5  11  16   6   3   2   2   0   2   4   0   3  14  0.23 inf
   91 Q   -1  1 -1 -1  1  2  1 -2  2 -1 -1  1  0  1  1  0  0 -3  2  0    3   8   2   3   3  10   7   3   5   3   3   9   3   6   6   5   5   0   8   7  0.10 inf
   92 A    2 -4 -4 -1 -4 -3 -1 -4 -4  1 -1 -1  0  0  5 -1 -1 -5 -4  2   20   0   0   4   0   0   3   0   0   7   7   3   3   4  26   3   4   0   0  16  0.53 inf
   93 K   -2  2  0  1 -3 -1 -2 -2  1 -1 -2  1 -3  0  5 -1 -2  2  2 -2    2  11   4   7   1   3   2   3   3   3   4  10   0   3  26   5   2   2   7   2  0.44 inf
   94 L   -2 -2 -3 -5 -2 -2 -4 -3 -1  0  3  0  7  0 -3 -2 -3 -4  1  0    4   2   1   0   1   2   1   2   2   5  23   6  33   4   2   3   1   0   4   5  0.77 inf
   95 D    0  0  0  2 -1  0  1  0  0 -1 -2  0 -2 -3  4  0 -1  0 -2 -2    7   5   5  10   1   3   9   6   2   4   3   5   1   0  23   6   3   1   1   3  0.30 inf
   96 I    0  0  1  0  0 -1  0  2  1  0 -1  0 -1 -1  1 -1  0  0 -1  0    4   4   6   4   3   2   5  23   4   7   5   4   2   3   6   3   6   2   2   6  0.09 inf
   97 A    1 -1  2 -1 -3  1 -1  3  0 -2 -2  1  0 -2  2  0 -1 -3 -3 -2   14   3  10   2   0   7   3  22   2   1   2   9   4   2  11   4   3   0   0   2  0.25 inf
   98 F   -2  0 -1  0 -3 -2 -2 -2  0  1 -2 -1  1  3  0  0 -2  4  3  0    1   5   2   6   0   1   1   3   3   8   1   5   6  17   6   9   1   7  12   9  0.25 inf
   99 G    0 -1  1 -1 -1 -1 -2  5 -1 -3 -1 -2 -3 -2 -3  0  1 -3 -2 -2    7   2   6   2   1   3   2  47   2   1   6   2   0   2   1   6   8   0   2   2  0.54 inf
  100 T   -1  0 -1 -2  5  0 -1 -1  0  0 -2 -1 -2 -3 -3  2  3 -3 -1  0    4   5   2   1  17   3   4   5   2   5   3   2   0   0   1  14  24   0   2   5  0.36 inf
  101 H   -1 -2  2 -2 -3  0 -1 -3  6 -1 -1 -2  4  1  0  0 -2 -3  1 -1    4   0  10   0   0   5   4   1  26   3   4   0  14   6   5   9   0   0   3   5  0.42 inf
  102 H   -1  0  1 -3 -4  2  0 -4  9 -5 -4  1 -3 -4 -4 -3 -3 -4 -1 -4    6   5   7   0   0   8   5   1  56   0   1   8   0   0   0   1   0   0   0   1  1.40 inf
  103 T    1  1  0 -2  0  1  0 -1 -2 -1 -2  0  1  0  1  2  2 -3 -2 -1   10   7   3   0   2   5   7   4   0   3   1   5   5   5   5  16  18   0   0   3  0.14 inf
  104 K    1  2  2 -1 -2  0  1 -1 -1 -3 -2  1 -2 -2 -1  1 -1  5 -1 -2   13  13  13   1   0   1  13   1   0   1   1  13   0   0   1  13   1  13   0   1  0.28 inf
  105 M   -1 -4 -4 -5 -1 -4 -4 -4 -4  1  3 -2  7  4 -4 -4 -3 -1 -2 -1    4   0   0   0   1   0   1   1   0   8  27   3  30  17   0   1   0   1   1   3  0.92 inf
  106 M   -1 -1 -4 -4 -1  0 -4 -3 -4  2  0 -3  7  3 -4 -1 -2  3 -2  0    5   3   0   0   1   4   0   2   0  12   7   0  34  12   0   5   2   3   0   5  0.73 inf
  107 L   -2 -4 -5 -5 -3 -4 -5 -5 -4  5  4 -4  0  0 -4 -4 -3  3 -1  2    3   0   0   0   0   0   0   1   0  31  37   1   2   4   0   0   0   4   2  12  0.82 inf
  108 L   -2 -4  1 -4  1 -3 -4 -3 -4  3  4 -4  1  1 -1 -2 -3 -4 -1  0    2   0   9   0   3   1   0   2   0  15  49   0   2   4   3   2   0   0   2   3  0.59 inf
  109 L   -2  0 -3 -3 -2  0  1 -2 -1  1  1  0 -2  5 -4 -2 -2  0  0  1    3   6   1   1   1   5  10   4   1   8  11   7   0  28   0   1   2   1   1   9  0.29 inf
  110 Y   -4  2  0 -4 -3 -4 -3 -3  4 -4 -4 -1 -4  3 -5 -2 -2  1  8 -4    0  10   4   1   1   0   2   2  10   0   1   3   0  11   0   2   2   1  49   0  1.36 inf
  111 E    0  1  1  2 -3  0  2 -2  2 -4 -4  2 -3 -2  3  0 -1 -4 -3 -3    6   8   5  12   0   3  17   2   5   0   1  14   0   2  16   6   2   0   0   1  0.40 inf
  112 E   -2  0  2  5 -4  0  2 -1 -1 -4 -4  0 -4 -3 -3  0  2 -4 -4 -3    2   5  11  33   0   3  11   5   2   0   1   5   0   1   0   5  14   0   0   1  0.57 inf
  113 G   -2  0 -2  0 -1 -2 -2  5  1 -4 -4 -1 -2  1 -4  1  0 -1  1 -4    2   5   1   6   1   1   1  40   4   1   1   4   1   7   0  12   5   1   5   1  0.52 inf
  114 L    0 -4 -4 -4  4  0 -4 -3 -4  2  4 -4  2 -1 -4 -3 -2 -4 -3  2    6   0   0   0  10   4   1   2   0  11  39   1   5   1   0   1   2   0   0  14  0.59 inf
  115 R   -4  7 -3 -4 -2  2  0 -3  2 -5 -3  0 -4 -5 -4 -2 -3  0 -4 -4    1  62   0   0   1   9   5   2   5   0   2   4   0   0   0   3   1   1   0   1  1.36 inf
  116 V   -3 -4 -5 -5 -4 -4 -4 -5 -5  4  1 -1  0  0 -4 -2 -1 -4 -3  5    1   0   0   0   0   0   0   1   0  26  11   4   2   3   0   3   3   0   0  44  0.90 inf
  117 V    1 -4 -4 -5  0 -4 -4 -3 -1  4 -1 -4  1  2 -4 -2 -3 -4 -1  5   11   0   0   0   2   0   0   1   2  20   3   0   4   8   0   2   0   0   1  43  0.77 inf
  118 I   -3 -5 -5 -5 -4 -4 -5 -5 -5  6  1 -5  1  1 -2 -2 -2 -4 -3  4    1   0   0   0   0   0   0   1   0  47  10   0   3   5   2   4   1   0   0  24  1.00 inf
  119 H   -2 -4 -4 -4 -2 -4 -4 -1  6 -4 -2 -4  3 -1  4  2  2 -5 -2 -1    2   0   0   0   1   0   0   5  19   0   4   0   7   3  21  16  13   0   1   5  0.78 inf
  120 T   -4 -5 -4 -5 -5  0 -4 -5 -5 -5 -5 -4 -5 -6 -5  5  6 -6 -5 -1    1   0   0   0   0   5   0   1   0   0   1   0   0   0   0  38  48   0   0   4  1.57 inf
  121 S    5 -5  1  1  2 -1 -4  0 -5 -5 -5 -4 -5 -2 -2  2 -2 -5 -5 -4   50   0   6   7   4   3   0   7   0   0   1   0   0   2   2  15   2   0   0   0  0.90 inf
  122 N   -2 -5  8 -2 -6 -5 -5 -3 -4 -6 -6 -2 -6  0 -2 -2 -1 -6 -6 -6    3   0  76   1   0   0   0   2   0   0   1   3   0   5   2   2   3   0   0   0  2.17 inf
  123 L   -3 -6 -6 -3  0 -6 -6 -7 -1  0  5 -6  5  3 -2 -6 -3  1 -2 -3    2   0   0   2   2   0   0   0   2   5  48   0  15  13   3   0   2   2   1   1  1.17 inf
  124 I   -3  0 -1 -2 -2 -1 -3 -3  1  4 -1 -3  1 -2 -2 -1  3 -1  1  2    1   4   3   2   1   3   1   2   3  24   5   1   3   1   2   5  19   1   5  12  0.42 inf
  125 H    1  2 -2 -2 -2  1  2 -3  3 -2 -4  0  0  0  3  0 -2 -1  2 -2   10  10   1   2   1   5  11   2   7   2   0   5   3   3  15   8   2   1   7   2  0.32 inf
  126 A    0  0  0  0 -1  1  0  0  1  1 -1  0  1  0 -1  0 -1 -1  3 -1    6   5   3   6   1   7   7   6   3   9   5   4   5   4   3   6   4   1  11   3  0.07 inf
  127 D   -2 -5 -4  7 -6  2  2 -2  1 -6 -3 -4 -6 -6 -5 -1 -2 -6 -6 -6    3   0   0  57   0   8  14   3   3   0   3   0   0   0   0   4   3   0   0   0  1.45 inf
  128 W   -1 -6 -6 -2  0 -2 -3 -6 -1 -2 -3 -6 -1  1 -6 -3 -1 11  1 -2    6   0   0   2   2   2   2   1   2   3   2   0   2   5   0   3   5  55   4   3  2.30 inf
  129 H   -2 -1  3 -1  0  0  1  1  3  0 -3  0 -1 -2  1  0  1 -4  0 -2    2   3  17   3   2   4   8   9   7   6   2   6   2   2   6   5   9   0   4   3  0.19 inf
  130 Q   -2  1  2  1  0  1  1  0 -1 -1  0  0 -1 -1 -3  0  0  2  0 -2    2   7  13   7   2   6   8   7   1   3  12   6   2   3   0   6   5   3   3   2  0.10 inf
  131 K   -1  0 -1 -3 -3 -1 -1 -2  1  2  0  2  3  0  1 -1  0  2  0  1    4   5   2   0   0   2   3   3   4  12   6  13   9   4   7   3   7   3   3   9  0.13 inf
  132 T   -1 -1  0  1  1  1  1  0  0 -1 -1 -1  2 -1  0  0  2 -4 -3 -1    3   2   4   7   3   7   9   8   2   3   5   3   6   3   5   8  19   0   0   2  0.13 inf
  133 Q   -4  1  4  0 -5  6  2 -1 -3 -5 -1  0 -4 -5 -4 -3 -1 -5 -5 -5    0   6  18   4   0  35  12   4   0   0   8   5   0   0   0   0   5   0   0   0  0.85 inf
  134 G    1 -2  3 -2  1 -1 -2  4  0 -2 -2 -3  1  0 -4 -1  1 -4 -3 -1   14   1  14   1   3   3   1  29   3   2   3   0   5   4   0   3   8   0   0   5  0.35 inf
  135 I   -1 -3  0 -3  2 -2 -2 -2  0  2  1 -3  3  1 -3 -1  0  1  0  3    4   0   5   0   4   0   2   3   2  14  10   0  11   6   0   3   6   2   2  23  0.23 inf
  136 W   -2 -4 -5 -5  1 -1 -4 -5  1 -4 -2 -4  2  2 -5 -1 -4 10  4  0    3   0   0   0   3   3   0   0   3   0   4   0   5   6   0   5   0  45  12   7  1.68 inf
  137 L    0  0 -2 -2  2  1  0 -3  2  0  0  0  1  1 -3  0  0  4  1  0    6   6   0   0   6   6   6   0   6   6   6   6   6   6   0   6   6   6   6   6  0.12 inf
  138 S    0  0  2 -2  2  3 -2 -1  0  1 -1  0 -2 -4 -3  3  0 -4 -3 -2    7   3  11   0   5  18   0   3   2   8   5   3   0   0   0  30   3   0   0   2  0.35 inf
  139 P   -3 -2 -2  4  1 -3 -2 -2  1  0 -3 -3  0 -4  5  0 -1 -5 -4 -2    0   3   0  31   3   0   0   3   3   6   3   0   3   0  30   7   4   0   0   2  0.77 inf
  140 L   -1  0 -1  1 -3 -1 -2 -1  0  0  1 -1  0  4  0 -1 -1  1  0  0    5   4   2   9   0   2   1   6   2   3  15   3   2  27   4   3   3   2   2   6  0.18 inf
  141 Y   -3 -2 -4 -4  2 -1 -2 -2 -3  0  3  0  0  3  3 -2 -3 -3  1 -2    0   2   0   0   5   2   3   3   0   4  36   6   2  16  14   3   0   0   5   0  0.41 inf
  142 P   -1  0 -3 -3 -1 -1 -1 -5 -1  0 -1  0 -2 -2  6 -1 -4  1 -2 -3    5   6   1   1   1   2   5   0   2   6   7   5   1   1  45   3   0   2   2   2  0.89 inf
  143 R   -1  4 -2 -2 -4  1  0 -2  1  0  0  3 -1 -1 -1 -2 -2 -4  0 -2    4  27   1   2   0   5   5   2   4   5  11  19   2   2   3   2   1   0   4   2  0.38 inf
  144 I   -1  1 -1 -1  0 -1 -1 -2 -2  1  2  1  0 -1 -1  1 -1 -3 -2  0    3   7   3   4   2   3   2   3   1  10  28   9   2   3   3  11   4   0   1   4  0.14 inf
  145 A    1 -1  0  1 -3  0  0  0 -2 -1 -2  1 -1 -4  3  2  0 -4 -2 -1   11   3   3   7   0   3   6   6   1   4   3  10   1   0  13  18   5   0   1   5  0.22 inf
  146 D   -1 -1  1  3 -4  0  1 -2  1 -3 -3  0 -2 -4  3  0  0 -4 -2 -1    6   3   8  16   0   5  10   3   3   1   3   4   1   0  17   8   7   0   1   4  0.34 inf
  147 G    1 -2  1  2 -4 -1  0  2 -1 -2 -2  1 -2 -3  2  1  0 -4 -4 -2   10   2   6  12   0   2   6  18   2   2   4   8   1   1   9   8   6   0   0   2  0.24 inf
  148 T    0 -1  0  3 -4  0  0 -1 -1 -2 -2  0 -1 -1  1  2  2 -4 -1 -1    7   4   4  18   0   5   5   3   1   2   3   4   1   2   6  15  12   0   2   4  0.21 inf
  149 H    0  0  0  0 -1  1  0  0  3 -2 -3  1 -2 -2  2  1  0  0  0 -1    5   5   5   4   1   6   6   6   7   2   2   7   1   2  10  14   7   2   3   3  0.15 inf
  150 K    1  1  0  0  0  0  0  0  0 -2 -2  1 -1 -2  0  1  1 -4 -2 -1   10   8   4   4   2   3   7   9   2   2   4   9   1   1   5  11  10   0   1   4  0.10 inf
  151 S    1  0  1  1 -1  0  0 -1  1 -2 -2  0  0 -2  1  2  1 -4 -1 -1   13   4   5   8   1   3   7   3   3   2   4   4   3   1   6  18   8   0   2   3  0.14 inf
  152 G    0  0  1  1 -1  0  0  2 -1 -1 -1  0  0 -1  0  0  0  0 -3 -1    7   6   8   8   1   5   5  15   2   3   5   5   2   2   5   7   7   1   0   5  0.09 inf
  153 E   -1 -1  0  3 -4  1  3  0  0 -4 -3  0 -1 -2  0  1 -1 -4 -1 -4    6   2   5  15   0   5  21   7   2   0   3   5   1   2   5  13   4   0   2   1  0.32 inf
  154 S    0  0  1 -1 -1 -1 -1 -1 -1 -2 -3  1  0  1 -1  3  2 -4 -3 -1    7   5   6   4   1   2   3   5   1   2   2   8   2   6   3  28  11   0   0   3  0.26 inf
  155 P   -1 -1  0 -1 -2 -1 -1  3 -2 -3 -1  1 -1 -1  4  0  0 -4 -4 -2    5   2   4   3   1   2   3  22   1   1   7   9   1   3  22   6   5   0   0   3  0.38 inf
  156 T    1 -1  0 -1  3  0 -1 -1  0 -1 -1 -1  0 -3 -1  2  3 -4 -1 -1    9   3   4   4   6   5   4   4   2   2   5   2   2   0   2  14  24   0   2   5  0.23 inf
  157 H    1  2  0  1 -3  0  1  1  2 -1 -2  0 -1 -2  0  0  0 -3 -1 -2   12  12   4   9   0   4   9  10   7   4   3   4   2   2   5   4   5   0   2   2  0.13 inf
  158 F   -4  0 -4 -1 -5 -4 -4 -5  2  0 -1 -4  2  6 -1 -1  0  4  1  0    0   5   0   4   0   0   0   0   4   4   4   0   6  38   4   4   7   6   4   6  0.80 inf
  159 K    0  0  0 -2  0  2  0 -1  0  0  0  1  1  1  0 -1 -2  2  0 -1    6   6   6   0   3  11   6   3   3   5   8  12   5   8   5   3   0   3   3   4  0.10 inf
  160 A    1  3  1  0 -4  1  1 -1 -1 -2 -3  1 -3 -2 -3  1  1 -2 -3 -3   11  16   7   6   0   7  10   5   1   3   3   7   0   2   1  10   9   1   1   1  0.23 inf
  161 N   -2 -3  0  6 -6  1  2 -2  1 -4 -6 -4 -3 -2 -5  0  0 -6 -2 -1    3   1   4  44   0   5  12   2   3   1   0   0   1   2   0   7   6   0   2   5  0.92 inf
  162 L   -6 -3 -8 -8 -6 -7 -7 -8 -7  0  6 -4 -1  3 -7 -7 -6 -1 -5 -3    0   1   0   0   0   0   0   0   0   4  79   1   1   9   0   0   0   1   0   1  1.83 inf
  163 I   -1  0 -3 -3  0 -1 -1 -3 -1  2  3 -1  2  0 -3 -2 -1 -2 -2  2    4   5   1   1   2   3   4   2   2  14  26   4   4   3   1   2   3   0   1  16  0.25 inf
  164 S    0  2  2  2 -3  0  1 -1  2 -4 -3 -1 -3 -1 -2  1  0 -1  2 -3   10  14   9  12   0   3   9   4   6   1   2   3   0   2   1  11   4   1   7   1  0.26 inf
  165 Y   -4 -7 -3 -8 -7 -2 -5 -8  1 -2 -2 -7 -1  5 -8 -4 -4 -4  8 -1    2   0   1   0   0   2   1   0   3   3   3   0   2  25   0   1   1   0  51   4  1.94 inf
  166 L   -6 -4 -2 -8  0 -3 -7 -8 -7  0  6 -7  2  0 -8 -3 -6 -3 -4 -1    0   1   2   0   2   1   0   0   0   5  75   0   4   4   0   2   0   0   1   4  1.57 inf
  167 T    0  3  2  0 -3  0  0 -2  0 -1 -2  2  1 -3 -4  1  0 -5 -2  0    8  16  10   4   0   4   7   3   2   3   2  12   3   1   0  11   7   0   1   6  0.22 inf
  168 A    4  0 -2 -3  1  0 -1 -1  0 -2 -4  0 -1 -2 -3  3 -1 -6 -4 -1   36   4   2   1   3   4   4   4   3   2   1   7   1   1   1  19   3   0   0   4  0.46 inf
  169 Y   -5 -4 -1 -5  0  0 -5 -6  2 -1  2 -1  2  1 -5 -1 -2 -3  7 -2    0   1   3   1   2   5   0   0   4   3  18   4   4   5   0   5   3   0  40   2  1.06 inf
  170 N   -1  0  3  2 -2  0  0  3  1 -4 -5  2 -2 -5  1 -1 -1 -3 -1 -4    3   5  13  10   1   4   5  21   3   1   0  13   1   0   7   4   4   0   2   1  0.39 inf
  171 A    0 -2  1 -1 -2 -1 -2 -2  1  1  1 -1  1 -1 -1  0 -1  4 -1  2    9   2   7   4   1   2   2   2   5   6  15   4   4   2   3   6   3   6   2  18  0.13 inf
  172 P   -2  0 -2  1 -5 -3 -1 -1  0 -3 -2  1 -5 -6  6  0 -2 -6 -4 -4    3   5   2   8   0   1   4   4   3   2   4  10   0   0  41   9   3   0   1   1  0.88 inf
  173 S    0 -1  0  1 -1  1  1 -1  0 -1 -2  1 -1 -3  2  2  1 -4 -2 -2    9   3   4   9   1   6   8   4   2   3   4   8   1   0  10  15   9   0   1   2  0.17 inf
  174 L   -1 -2 -1 -1  1  1 -2 -1 -3  1  3 -2  1  0 -1  0  0 -3 -2  0    4   2   3   4   4   6   2   5   0  10  29   2   2   3   3   6   7   0   1   5  0.16 inf
  175 K    0  2  0  1 -4  2  1  0  1 -1 -3  2 -1 -2 -1  0  0 -4 -1 -2    8   9   5   7   0   9   9   7   4   3   2  16   1   2   3   4   7   0   2   1  0.18 inf
  176 E   -1  0  0 -1 -2  1  2 -1  3 -1 -3  1 -2 -1  2  1  0 -4  1 -1    4   5   3   3   1   6  14   4   7   3   2  10   1   3  10  12   4   0   4   4  0.19 inf
  177 W   -3 -3  1 -2 -2 -3 -4 -4 -5  2  3 -2  1 -1 -4 -4 -2  8  1  0    2   1   6   2   1   1   1   1   0  10  29   3   3   2   1   1   3  23   4   6  0.89 inf
  178 I    0 -1 -4 -2 -1 -1 -1 -3 -4  4  1 -2  0 -1 -2 -1  0 -2 -2  2    7   4   0   2   1   3   4   2   0  29  11   2   1   3   1   4   7   1   1  16  0.35 inf
  179 D    0 -1  1  3  0  0  2 -2  0 -3 -3  1 -2 -1 -2  1  1 -2 -4 -2   10   2   7  20   2   5  13   2   2   1   2   9   1   3   2   9   7   1   0   2  0.29 inf
  180 V   -1  1 -2 -1 -2  1  1 -2  0  0  1  1 -1  1 -1  1  0 -3  0 -1    5   9   1   2   1   7   9   2   2   5  17   8   1   8   3  11   5   0   2   3  0.08 inf
  181 I   -3 -1 -5 -3  2 -2 -4 -4 -4  3  4 -4  1  1 -3 -3 -2 -4 -3  1    1   4   0   2   4   2   0   1   0  17  43   0   2   6   1   2   2   0   0  10  0.60 inf
  182 H    0  2  1  1 -1  2  0 -2  0 -2 -1  2  0 -2 -1  0  0 -3 -1 -2    6  14   6   8   1  10   5   2   3   1   7  13   3   1   3   7   6   0   2   1  0.17 inf
  183 K   -2  3  2  1 -2  1  1 -1  2 -4 -2  3 -1 -2 -2  0 -1 -1 -2 -3    2  16   8   8   1   4   7   5   5   0   4  22   2   2   1   5   3   1   1   1  0.33 inf
  184 H   -1 -4 -1 -5 -2 -4 -4 -3  3  0 -3 -4 -3  4 -5 -2 -1  5  6 -1    6   0   4   0   1   0   0   2   8   5   2   0   0  19   0   3   4   7  33   4  0.99 inf
  185 D   -5 -3  1  7 -6 -2 -3 -4 -1 -5 -2 -2 -5 -1 -2 -2 -2 -6 -3 -3    0   2   7  66   0   1   0   1   1   0   6   2   0   3   2   2   2   0   1   2  1.47 inf
  186 L   -5 -5 -2 -6 -1 -5 -3 -6 -4 -2  0 -3  0  8 -3 -5 -2  6  2 -2    0   0   2   0   1   0   2   0   0   2   9   2   2  55   2   0   2   9   6   3  1.49 inf
  187 S   -1 -2  0  0  0 -2  0 -2 -2 -5 -4 -1 -4 -1 -4  6  0 -5 -3 -4    4   2   4   4   2   1   6   3   1   0   1   4   0   3   0  58   6   0   1   0  0.91 inf
  188 E    1  0  1  0 -2  0  3  1  0 -3 -2  1 -2 -3  1  2 -1 -4 -3 -3   12   4   5   3   1   2  19  10   2   1   3  11   1   1   6  16   2   0   0   1  0.26 inf
  189 T    3 -3  0 -3  0 -2 -2 -3 -4  2 -1  0  0 -3 -1 -1  2 -4 -3  2   24   0   4   0   2   2   1   0   0  15   3   6   2   0   3   4  16   0   0  17  0.35 inf
  190 N    0  3  3  2 -1  0 -1  0  0 -3 -2  2 -1 -4 -3  0  0 -4 -2 -2    7  17  15  12   1   3   2   6   2   1   5  12   1   0   0   5   6   0   1   2  0.27 inf
  191 V    2  1 -3 -2  1 -2 -3  0  2  0 -1 -1  1  1 -3 -2 -1 -3  0  2   23  10   0   2   3   0   0   7   5   4   4   4   5   6   0   0   2   0   3  20  0.20 inf
  192 Y    0  2 -1 -2  1 -1 -1 -1  3  0 -2 -1  0  0 -2 -1 -1  1  4 -1   10  15   2   2   4   2   4   4   8   8   2   2   2   4   2   3   2   2  17   5  0.21 inf
  193 L    0 -4 -4 -5 -4 -4 -4  0 -4  1  4 -4  1  5 -4 -3 -1 -3 -2 -1    7   0   0   0   0   0   0   8   0   6  41   0   3  24   0   1   4   0   0   3  0.68 inf
  194 I   -1 -4 -4 -4 -3 -1 -4 -2 -4  4  0 -4 -2  2 -4 -1 -1 -4 -3  4    4   0   0   0   0   3   0   4   0  25   8   0   0   8   0   5   3   0   0  37  0.65 inf
  195 G    1 -3 -2 -3 -1 -2 -2  1  3  0 -1 -2  0  1  1  0  0 -2  2  1   17   0   0   0   1   0   2  10  11   4   5   0   2   7   7   9   5   0   7  11  0.17 inf
  196 S   -2  0 -1 -3  0 -3 -3 -3  4 -5 -2 -3 -4 -5 -4  6  1 -5 -4 -4    0   5   3   0   2   0   0   0   9   0   3   0   0   0   0  64   9   0   0   0  1.14 inf
  197 T    0 -2 -2 -4  0 -3 -3 -3 -4  3  0 -1  0 -2 -2  0  2  0 -2  4    6   1   1   0   2   0   0   2   0  18   5   3   1   1   1   6  17   2   1  32  0.38 inf
  198 P   -1 -5 -1 -2 -5 -1 -4  1 -2 -1 -4 -3  0 -5  7  0 -3 -6 -2 -4    5   0   3   2   0   2   0  10   1   4   2   1   2   0  57   6   1   0   1   1  1.36 inf
  199 G   -1 -7  0  0 -7 -7  0  6 -7  0 -2  0 -7 -8 -7  0  0 -8 -8 -7    5   0   5   5   0   0   7  48   0   5   5   5   0   0   0   7   5   0   0   0  1.04 inf
  200 R    1  2  0 -2  1 -1 -2 -2  1 -1 -1  3  0 -1  1  0 -1  2  0 -2   10  12   4   3   3   3   3   3   3   3   6  16   3   3   8   6   4   2   3   3  0.20 inf
  201 F   -1  0  0  0  2  0  0 -3  2  0 -1  0  1  1  0  0  0  3  1  0    5   5   5   5   5   5   5   0   5   5   5   5   5   5   5   5   5   5   5   5  0.08 inf
  202 Q    0  0  0  0 -3  0  0  0  1 -1 -1  0  0  0  0  0  0  2  0  0    9   6   6   4   0   5   5   7   5   3   5   7   3   4   4   9   5   3   4   7  0.04 inf
  203 G    0 -1  1  1  0 -1 -1  3  1 -1 -2 -1 -1 -2 -1  0 -1  2  0 -1    8   2   6   8   2   2   4  25   3   4   4   3   2   2   3   8   3   3   4   3  0.19 inf
  204 S   -1  0  1  2 -4 -1  0  0  0 -2 -3  0 -1 -2  1  3  1  0 -2 -2    5   5   6  14   0   2   6   6   3   3   2   4   2   2   8  20   7   2   1   3  0.22 inf
  205 Q   -1 -1  1  3 -2  2  2 -1  1 -5 -4  0 -2 -2  0  2  0 -6 -1 -4    6   3   6  14   1   8  14   4   3   0   2   6   1   2   4  18   5   0   2   1  0.34 inf
  206 K    0 -1 -1 -2 -6  1 -1 -1  1  0  0  3  3 -1 -1 -1 -2  4  0  0    7   3   3   3   0   6   5   5   3   5   9  16   7   3   4   5   3   5   3   7  0.20 inf
  207 D   -1  0  0  2  0  0  1 -2  3 -2 -2  1  0 -1 -1 -1  2  1 -1 -2    5   6   5  12   2   4   8   4   8   3   4   7   3   3   4   5  12   2   2   3  0.18 inf
  208 N   -1  0  0  0  2  0 -1 -1  2  0 -1  0  2  0  0 -1  0  3  1 -1    5   5   5   5   5   5   5   5   5   5   5   5   5   5   5   5   5   5   5   5  0.03 inf
  209 W   -5 -4 -3 -6 -2 -2 -5 -2 -1 -2  0 -5  0  3 -2 -2  1  9  4 -1    0   1   2   0   1   2   0   3   2   2   8   0   2  12   2   3  10  29  13   4  1.18 inf
  210 G   -1 -3 -2 -5 -6 -5 -2  7  0 -6 -3 -2 -6 -3 -6 -1 -5 -6 -1 -6    5   2   2   0   0   0   3  69   2   0   4   3   0   1   0   4   0   0   3   0  1.46 inf
  211 H   -2 -1  1 -4 -1 -1 -3 -3  7 -2  1 -1  0 -1 -5  0 -4  5  4 -3    3   3   8   0   1   2   1   2  26   2  15   3   2   2   0   6   0   7  13   2  0.79 inf
  212 F    0 -1 -2 -2  3 -2 -1  0 -1 -1  1  0  3  2  1 -1  0  2 -1 -2    9   3   1   2   6   1   4   7   1   2  15   6  10   9   6   3   7   3   2   2  0.14 inf
  213 R    1  4 -2 -4 -1  1 -2  1 -2 -1 -1  2 -1 -2 -4 -1 -1 -5 -2 -4   13  28   1   0   1   5   2  12   1   3   6  15   2   2   0   5   3   0   1   0  0.46 inf
  214 L   -3 -5 -2 -1 -5 -3 -2 -1 -1  0  5 -5  1 -1 -5 -3 -4 -5 -2  1    2   0   2   4   0   1   4   5   2   5  58   0   3   2   0   2   0   0   1   8  0.83 inf
  215 K    0  3 -1 -1  0  0  0  2  0 -4 -1  2  1 -2 -2  1 -2 -4 -1 -2    9  15   2   4   2   3   5  14   2   0   6  16   4   1   1   9   2   0   2   3  0.22 inf
  216 K   -1  2  0  1 -2  2  0 -2  1 -2 -1  3 -2 -2 -3  1 -1 -1 -1 -3    5  11   4   7   1  12   6   3   3   2   6  18   1   1   0  13   2   1   2   1  0.27 inf
  217 L    2 -2 -4 -4  1 -3 -2 -2 -2  2  2 -2 -2  0 -4  0  0 -4 -2  2   18   2   0   0   2   1   2   3   1  14  25   1   0   3   0   5   5   0   1  17  0.35 inf
  218 L   -1 -5 -2 -5 -1 -3 -5 -3 -5  2  5 -3  0 -2 -2 -3 -1 -5 -4  3    4   0   3   0   1   1   0   2   0  10  49   1   1   1   2   1   3   0   0  18  0.75 inf
  219 K   -1  4  0 -1  0  2  0 -1  0 -3 -3  2 -1 -1  0  1  0 -5  0 -4    5  20   4   3   2  11   5   4   2   2   2  13   1   3   4   9   4   0   4   0  0.32 inf
  220 D    0  1  0  2 -1  3  3 -1  1 -5 -3  0 -1 -2 -1  1 -1 -5 -2 -3    7   8   5  10   2  11  18   4   4   0   3   5   2   2   3  10   4   0   2   2  0.27 inf
  221 H   -2 -1 -1 -1  4  0  0 -2  4  0  0 -1  1  1 -1 -1 -2  2  2  0    4   3   4   3   8   5   7   3   9   6  10   4   4   5   3   4   3   3   7   6  0.21 inf
  222 A    0  0  0  1  2  0 -1  1  2 -1 -2 -1  0 -1  1  0  0 -5  0  0    9   5   4   7   4   4   4  12   5   4   3   3   3   3   8   7   6   0   3   6  0.09 inf
  223 S    0 -2 -1 -1  1  0 -2 -1 -1 -1  2  0  0  2  1  1  1  1 -1 -1    8   2   2   3   3   3   2   5   2   3  19   6   2   8   6  13   8   2   1   3  0.10 inf
  224 S    1  0  0  2 -1  2  0 -2  1 -3 -4  0 -1 -5  2  2  1 -6 -5 -3   10   5   5  12   2  10   5   3   3   1   2   6   1   0  10  14   8   0   0   2  0.31 inf
  225 M    0  0  0  0 -3  0  0 -1  0  0  0  1  0 -2  1  0  1 -4 -1 -1    6   5   5   6   0   3   7   5   2   6   8  11   3   1   6   7  11   0   2   5  0.07 inf
  226 S   -1  0  0  0 -2  2  2  0  2 -3 -3  1 -4 -2  0  2  0 -5 -2 -1    6   5   4   4   1   8  12   7   5   1   3  10   0   2   5  15   5   0   1   5  0.20 inf
  227 W    0  1 -1  0  0  0  0  0  0 -2 -3  2 -1  1  0 -1 -1  6  1 -1    7   7   2   6   2   3   7   7   2   2   2  12   2   7   5   5   4  10   5   3  0.20 inf
  228 P   -1  0 -2  1 -6 -1  1 -2  3 -4 -5 -2 -3 -6  6  0  0 -6 -2 -4    6   5   2   7   0   3  10   3   7   1   1   2   1   0  37   7   7   0   1   1  0.84 inf
  229 V   -3 -5 -3 -3  1 -4 -3 -3 -5  5  2 -2 -1  1 -3 -1 -2 -4  1  3    1   0   1   1   3   0   1   3   0  29  20   3   1   5   1   5   2   0   4  19  0.60 inf
  230 V    0 -3  0 -1 -4 -2  2 -3 -2  2  0 -1  0 -2 -1 -2  0 -2 -2  3    7   1   6   3   0   1  15   1   1  12   9   4   2   2   3   2   5   1   1  25  0.28 inf
  231 G    1 -3 -4 -2  5 -4 -2  1  0  2  0 -4 -1  0 -2 -1 -1  2  3  1   12   1   0   3  13   0   2  11   2  11   7   0   2   4   2   5   3   2  10  11  0.30 inf
  232 Q   -3 -1 -3  2 -3  7  0 -3 -4 -3 -2  0  1 -6 -4 -3 -4 -6 -1 -2    3   4   1  12   1  49   5   3   0   1   5   5   3   0   1   2   1   0   2   3  1.14 inf
  233 F   -1 -2 -4 -3  4 -2 -1 -1 -2  0 -1 -1 -2  4 -3  0  1 -3  3  0    5   2   0   1   8   2   4   6   1   7   4   5   1  19   1   8   9   0  12   6  0.33 inf
  234 S    1 -5 -4 -1  1 -4 -2 -5 -1 -3 -4 -3 -2 -2 -5  6  0 -1  0 -1   11   0   0   3   3   0   2   0   2   2   1   2   1   2   0  58   5   1   3   4  1.10 inf
  235 S   -1 -2  0 -4  1  2 -2 -2  0 -5 -5 -4 -5 -4 -5  6 -1 -5 -2 -3    4   2   5   0   3   7   3   3   2   0   1   1   0   1   0  61   2   0   2   2  1.21 inf
  236 V    0 -1 -4 -4  0  0 -2 -2 -1  5  1 -4  2 -1 -2 -2  0 -4 -4  2    9   3   0   0   2   4   2   3   2  31  13   0   4   2   3   2   7   0   0  11  0.45 inf
  237 G    2 -5 -4 -3 -5 -5 -4  6 -2 -3 -3 -3 -3 -3 -3  2 -2 -6 -6 -5   13   0   0   1   0   0   1  54   1   1   3   1   1   1   2  17   2   0   0   0  1.19 inf
  238 S    0 -1  2 -1 -1 -1 -3 -1 -5 -4 -4 -1 -3 -2 -5  5  2 -6 -3 -3    5   3   8   3   1   3   1   4   0   1   2   3   1   2   0  48  12   0   1   2  0.81 inf
  239 L   -3  0 -3 -3  1 -2 -3 -3 -1  2  4 -1  3  0  0 -2 -1  1  1 -1    2   5   2   2   3   2   2   2   1  11  35   3   7   3   4   3   4   2   5   3  0.37 inf
  240 G   -1 -2  2  0  0 -2 -1  4 -1 -5 -3  1 -5  0  0 -1  1  1 -4 -3    5   3   8   6   2   2   3  32   2   0   2   8   0   5   5   5   9   2   0   2  0.43 inf
  241 A    1  0  0  1  0  1  0  0  0 -1 -1  0  0  0  1  0  0 -3  0 -1   11   4   5   7   3   6   6   7   3   4   5   5   3   4   6   8   6   0   4   3  0.05 inf
  242 D    0  0  0  0  2  0  0 -1  1  0 -1  0  1  0  0  0  0 -2  1  0    5   5   5   5   5   5   5   5   5   5   5   5   5   5   5   5   5   0   5   5  0.03 inf
  243 E   -1 -1  1  2 -1  0  0 -2 -4 -1 -1 -1 -4  3  1 -1 -1  6  2 -2    4   3   6  13   2   4   6   3   0   3   5   4   0  13   7   3   4  10   6   3  0.32 inf
  244 S   -1 -1  1  1  0  1  1 -2  0  0  1  0  2 -2  0  1  0 -4 -1 -1    3   3   7   7   2   7  10   3   2   5  13   4   5   2   5  11   6   0   2   4  0.08 inf
  245 K    0  0  1  0  1  0  1 -1  0 -1 -1  1  1 -1 -1  0  1  4  1 -2    7   5   7   4   3   4   8   4   2   4   5  11   4   3   3   8   8   6   4   2  0.10 inf
  246 W   -2 -3  1  0 -7 -1  0 -4 -6 -3  0 -1 -5  1  0 -2 -3 10  2 -3    4   2   6   5   0   3   6   2   0   1   8   4   0   6   5   4   2  33   7   2  1.17 inf
  247 L   -3 -2 -3 -3 -1 -3 -5  0 -5  1  5 -3  2  2 -3 -3 -1  0 -1 -1    2   3   1   1   1   1   0   7   0   8  47   1   4   9   1   2   4   1   2   4  0.67 inf
  248 C    1  0 -1  0  5  1 -2 -2 -1 -2 -1  0  0 -1 -2  1  1 -5  1 -2   10   5   2   5  13   7   2   2   1   1   7   7   3   3   1  12   9   0   5   3  0.25 inf
  249 S    1  0  1  0 -1  1  0  0  0 -3 -3  1 -2 -3 -2  2  2 -1 -2 -2   11   5   6   4   2   6   5   8   2   1   2   8   1   1   2  19  12   1   1   3  0.23 inf
  250 E   -1 -1  0  0 -1  1  3 -2  1 -1 -2  0 -1  0 -1  1  1 -2 -3 -2    6   3   4   4   1   7  22   4   4   3   5   5   2   4   3  12   9   1   1   2  0.22 inf
  251 F    0 -3 -3 -3 -5 -3 -3 -1 -3  0  2  0  2  5 -3 -1 -3  3  2 -3    8   2   1   1   0   1   2   5   1   6  17   6   5  27   2   4   1   4   6   2  0.54 inf
  252 K   -1  1  0  0  1  0 -1  0  1 -1 -1  1  2  1  0  1  0 -4  0  0    5   7   4   5   3   4   4   6   3   4   6   9   6   6   4  10   6   0   3   7  0.05 inf
  253 E    1  1  1  0  1  0  1 -1  1 -2 -2  0  0 -1  0  0  0  2 -1 -1   11   7   7   6   3   4   9   5   3   3   3   6   3   3   5   8   5   3   3   4  0.07 inf
  254 S    0  1  0 -2  2  0 -2  0  1 -3 -2 -2 -6 -2  1  4  0 -7 -1 -2    8   6   5   3   4   4   3   6   3   2   5   3   0   2   6  28   6   0   2   4  0.34 inf
  255 M    0  0  0 -1  0  1 -1 -1  0 -1  1  0  2  0  0  0 -1  1  1  0    6   4   5   4   2   6   4   5   3   4  13   6   7   4   6   6   4   2   4   6  0.05 inf
  256 L    1  1 -1 -1  1  0  1  0 -1 -1  0  1  0 -1 -1  1  0 -4 -1 -1   10   7   3   3   3   3   9   7   2   3  10   9   2   2   3  13   6   0   2   4  0.07 inf
  257 T    0  1  0  1  0  0  1 -1 -2 -2 -1  1  0 -3  0  1  2  0 -4 -2    9   9   5   7   2   4   8   5   1   2   6  10   2   1   4  11  12   1   0   2  0.15 inf
  258 L   -1  1  0  1  0  0 -1 -1  2 -1  0  1  0 -2  2  1  0  3 -1 -2    4   7   4   7   2   4   3   5   5   3  10   8   2   2  11  10   4   4   2   3  0.11 inf
  259 G   -1  0  0  0  2  0  0 -1  2  0 -1  0  2  1  0 -1  0  4  1 -1    5   5   5   5   5   5   5   5   5   5   5   5   5   5   5   5   5   5   5   5  0.09 inf
  260 V   -1  0  0  0  1  0 -1 -2  0  0 -3 -1  0 -1  4 -1  0  2  0  1    6   5   5   5   3   4   4   3   3   5   3   5   3   3  21   5   5   3   3   9  0.26 inf
  261 P   -2  1  0 -2 -1  1 -2 -3  2 -4 -4  2 -2 -3  5 -1  0 -5 -4 -3    3   8   5   1   1   7   2   2   4   1   2  15   1   1  34   5   5   0   0   1  0.75 inf
  262 L   -2 -3 -3  0 -1 -2 -2 -2 -2  0  1 -1  1  4  0 -1  0  4  2  0    2   0   0   7   1   0   2   4   0   6  18   3   4  20   5   4   6   6   8   6  0.21 inf
  263 Y    0  2 -1 -1 -1  3 -1 -2  2 -2 -1  2 -2 -1 -2  1 -1 -3  2 -2    8  13   2   3   1  14   2   2   6   1   6  19   0   1   0   9   3   0   8   2  0.23 inf
  264 L   -1  0 -3 -3 -2 -2 -2 -3 -3  3  3  0  1  0 -3 -2 -1 -2  0  2    3   5   0   0   0   0   0   1   0  24  32   6   3   3   0   1   3   0   3  14  0.25 inf
  265 I   -1 -2 -2 -3  0  0 -2 -3  1  3  1 -1  1  1  0 -2 -1 -2  1  3    1   0   0   0   2   6   1   1   5  25   7   5   2   8   4   1   1   0   5  25  0.19 inf
  266 Y   -1 -2  1  0 -2 -2 -2 -2 -1 -1  0 -2 -1  2 -2 -1  0  7  3 -1    6   1   9   6   0   1   1   1   0   1  13   1   0  12   1   1   8  21  16   1  0.44 inf
  267 P    1  0 -2 -2 -2 -1 -1 -2 -2 -1 -1  1 -1 -2  5 -1  0 -3 -2  0   13   7   0   1   0   0   1   1   0   1   7  12   0   0  36   1   7   0   0  12  0.51 inf
  268 S    0 -1  0  0  1 -1  1  0  0 -1 -1 -1 -1 -2 -2  1  3 -3 -2  0    3   3   3   3   3   0  12   7   3   0   8   0   0   0   0  16  26   0   0  11  0.14 inf
  269 V    1  0  0  0 -2  0  1 -2  0  0  0  1  0  0  1 -1 -1 -3 -1  2   11   3   3   6   0   3   9   2   2   4   8  11   2   4   8   2   1   0   1  20  0.08 inf
  270 E    0  1  1  2 -4  2  3  0  1 -4 -4  0 -3 -4 -3  0 -1 -4 -2 -2    9   8   7  14   0   8  24   8   3   0   1   6   0   0   0   3   4   0   1   2  0.35 inf
  271 N    0 -1  3  2 -4  0  2 -2 -2 -3 -3 -2 -1 -2 -3  0  3  0  2 -3    7   3  14  12   0   4  18   3   0   1   1   0   1   1   0   5  20   2   7   0  0.36 inf
  272 V   -1 -2 -4 -4  0 -3 -3 -3 -4  3 -1 -4 -2  0 -2 -1  0  3  0  5    4   2   0   0   2   0   2   2   0  16   2   0   0   3   2   4   7   5   3  46  0.60 inf
  273 R    0  4  0  0  1  1  0 -1  1 -3 -1  1  0 -1 -3  0 -1 -3  0 -1    6  27   4   4   3   5   6   3   3   0   8   8   3   3   0   5   4   0   3   4  0.22 inf
  274 T    0  1  2  1  1  1  0  0  1 -3 -2  1  0 -1  0  1  0 -3 -2 -1    6  10  12   6   3   8   6   6   3   0   3   7   3   3   3   9   7   0   0   3  0.13 inf
  275 S    1 -2 -1 -5  2 -2 -3  0 -5 -6 -4 -3  0 -6 -2  6  0 -6 -6 -3    9   3   3   0   4   2   2   6   0   0   2   2   2   0   3  54   6   0   0   2  0.98 inf
  276 L   -1  1 -1 -1  0 -1 -2 -2  3  0  1  0  0  1  0 -1  1  2  1  0    6   8   3   3   2   1   2   2   8   7  16   7   2   6   6   3   9   3   4   5  0.08 inf
  277 E    0 -1  0  2  0  0  2  1  0 -1 -1 -1 -1  0 -2 -1  0  1 -1 -1    8   3   5  12   2   3  15  12   2   3   7   2   2   4   2   2   6   2   2   5  0.10 inf
  278 G   -3 -1 -2 -3  0 -3 -4  6  0 -6 -4 -2 -6 -2 -3  0 -5 -1  1 -4    2   3   2   1   2   1   1  65   2   0   2   3   0   2   1   6   0   1   5   1  1.30 inf
  279 Y   -1  2 -3 -2 -4  1 -1 -1 -3  0 -1  0  1  0  0 -2 -2  6  5 -1    6  11   1   2   0   7   4   4   0   6   6   6   3   2   5   2   2  10  19   3  0.40 inf
  280 P    0  0  1  1 -1  0  0 -1  0 -1  0  0  0 -1  2  0 -1  0 -1 -1   10   7   6   9   1   4   6   4   2   4  12   4   3   3   9   8   1   1   2   4  0.06 inf
  281 A    2 -2  0 -1  2 -2 -1  3  0 -3 -1 -2  0 -2 -1  2 -1 -4 -2 -2   17   2   4   3   5   1   3  21   2   0   8   1   2   1   3  20   2   0   2   2  0.29 inf
  282 G    3  0 -4 -4 -1 -4 -4  5  1  0 -5 -4 -1 -5 -2  1 -1 -5 -5 -4   21   6   0   0   1   0   0  43   3   5   0   0   2   0   2  12   4   0   0   0  0.83 inf
  283 G    0  0  1 -1 -1 -1 -1  5  0 -3 -2 -2  0 -3 -4  1  0  1 -4 -3    6   6   7   3   2   2   5  39   3   2   4   2   2   1   0   9   6   2   0   1  0.49 inf
  284 S    0 -3 -1 -1  5 -3 -2 -2 -4  0 -3 -1 -2 -4  0  3  3  4 -3 -2    6   1   2   4  12   0   2   2   0   5   2   4   1   0   5  26  18   7   1   1  0.54 inf
  285 L   -4 -2 -5 -5  1 -2 -2 -3 -5  4  3 -3  2  3 -2 -2 -2 -4 -3  1    0   2   0   0   3   2   4   2   0  30  25   2   5  12   2   3   3   0   0   6  0.59 inf
  286 P   -3 -1 -2 -2  5 -4 -4 -3  5 -2 -2 -4 -2  3  5 -1 -2 -5  1 -2    2   4   2   2  14   0   0   2  15   2   4   0   1  11  25   5   3   0   4   3  0.80 inf
  287 Y   -2 -1  0 -4  3 -2 -1 -1  2 -1  1 -2  1  4 -5 -2 -1  2  4 -1    2   3   4   0   7   2   4   5   5   2  13   2   4  19   0   3   4   3  14   4  0.37 inf
  288 S   -1  2  3  0 -1  1 -1  0  0 -1 -2  2 -1 -2  0  1  1 -4 -3 -2    3  10  14   5   1   7   2   5   2   3   4  13   2   2   5  12   7   0   0   3  0.20 inf
  289 I    0  1  0 -1 -3  0  0 -1 -1  1 -1  1  0 -1  0  1  0  1  1 -1    7   8   3   2   0   4   5   4   1  12   6  11   3   2   4  10   7   2   6   3  0.05 inf
  290 Q    0  1  1  1 -4  4  1 -2  1 -2 -2  3  0 -4 -1  0 -1  0 -4 -2    7   7   5   6   0  17  10   2   3   2   3  20   2   0   3   5   4   1   0   3  0.34 inf
  291 T   -1  0  2 -2  2  1 -1 -2 -1 -3 -3 -1 -1 -2 -4  1  2  6  3 -2    3   5  10   2   4   8   4   3   1   2   2   3   2   2   0  12  14  11  10   3  0.40 inf
  292 A    0 -3  1 -2  3 -2 -3 -3  4 -1 -1 -2  0  1  0 -2 -3  7  3  0    9   1   7   2   5   1   2   2  10   4   6   2   2   5   5   3   1  17   8   6  0.56 inf
  293 E    0  0  2  1 -3  3  3 -2  2 -3 -2  0 -2 -1 -1  1 -1 -1 -1 -2    8   4   8   9   0  13  17   2   6   1   3   4   1   3   3  10   3   1   1   2  0.27 inf
  294 K    1  2  0 -1 -5  3  0  0  0 -3 -4  4 -2 -4 -4  1 -1 -5 -1 -3   11   9   4   4   0  12   5   7   2   2   1  27   1   1   0   8   3   0   2   1  0.43 inf
  295 Q    1  0  0 -1 -2  4  0 -2  1 -3 -1  2 -2 -3  2  0 -2 -4  0 -2   10   5   3   3   1  21   4   3   3   1   7  11   1   1  11   8   2   0   3   2  0.30 inf
  296 N    0 -1  2  0 -4  1 -1 -1 -1 -3 -2  3 -2 -3  1  1  1  2 -1 -2    6   3  10   6   0   7   3   5   1   1   4  17   1   1   8   9  11   3   2   3  0.21 inf
  297 W   -3 -5 -1 -3 -2 -1 -2 -3 -1 -2 -2 -4 -1  6 -6 -3 -2  8  5 -3    3   0   3   2   1   3   3   2   1   2   3   1   1  31   0   2   3  18  16   2  1.22 inf
  298 L   -2 -2 -3 -3 -5 -3 -3 -4 -5  2  4 -3  2  1  4 -3 -2 -5 -1  0    3   2   2   2   0   1   1   1   0   9  35   1   5   5  20   1   3   0   2   6  0.63 inf
  299 H   -1  5  1 -3 -3  0 -1 -4  4 -3 -3  4 -2 -3 -3 -1 -2 -5 -1 -4    5  29   6   1   0   3   3   1  10   2   2  24   1   1   1   5   3   0   2   1  0.73 inf
  300 S    0  0  1  1  1  0  1 -1 -1 -3 -4  2 -4 -5  3  2 -1 -5 -3 -2    6   5   8   7   3   4   8   5   2   1   1  12   0   0  17  15   2   0   1   3  0.34 inf
  301 Y   -1  0 -1 -2  1  0  0 -3  1  1  1 -1  1  1 -3 -1  1 -2  3  0    4   4   3   0   3   4   7   0   3   9  16   4   4   6   0   4   9   0  15   4  0.14 inf
  302 F   -1 -1 -3 -4  1  0 -1 -4  1  0  2 -1  3  3 -4 -3 -2  3  1  0    5   4   0   0   4   4   4   0   3   4  23   5  10  17   0   0   0   4   4   6  0.29 inf
  303 H   -1  2 -2 -3  5 -2 -3 -5  7 -5 -3  0 -3 -1 -1 -1 -3 -4  4 -5    5  13   2   2  12   2   1   0  30   0   2   5   1   3   3   5   2   0  13   0  1.01 inf
  304 K   -3  3 -2  3 -3  3 -1 -4  4 -3 -1  3 -4 -5 -2 -1 -2 -5 -2 -2    2  17   1  17   1  13   2   1  11   2   5  17   0   0   1   3   2   0   1   4  0.56 inf
  305 W   -1 -3 -2 -2  1 -1 -2 -5 -2 -2 -2 -3 -2  2 -5 -2 -4 10  3 -3    7   1   2   3   3   3   3   1   1   2   4   2   1   7   1   3   1  42   9   2  1.57 inf
  306 S    0  1  1 -1  0  1  0  0  0  0 -2  1  0 -2 -1  1 -1 -3  0  0   10   9   7   2   3   7   4   7   2   7   3  12   2   1   3   9   3   0   3   6  0.07 inf
  307 A    2 -1  1  0  2  0 -1  1 -1 -2 -2 -1 -1 -4  2  2 -1 -4 -3 -2   20   4   7   6   4   4   2   9   2   2   3   2   2   1  11  16   3   0   0   3  0.25 inf
  308 E   -1  1  1  3  1  0  0 -1  1 -4 -3  1 -1 -3  1  2  0 -4 -1 -2    3   9   5  16   4   3   7   5   4   0   2   9   1   1   7  15   5   0   2   2  0.25 inf
  309 T   -1  0  1  1 -1  0  1 -1  3 -1 -2  0 -2 -1  2  1  0  0 -1  0    4   5   7   7   1   4   7   3   7   4   2   7   1   2  11   9   7   2   2   7  0.13 inf
  310 S    0  0  0  0  0 -1 -1 -2  0 -2 -2  0  0 -1  1  3  1 -4  1 -2    9   6   4   4   2   2   2   2   2   2   3   6   3   2   6  29   8   0   5   3  0.23 inf
  311 G   -1  1  1  0 -3  0 -1  3  1 -2 -2  1 -1 -1 -1  0  0 -3  1 -1    4   6   6   5   0   4   4  25   4   3   3   9   1   2   2   7   5   0   6   4  0.19 inf
  312 R   -3  8 -2 -2 -1 -1 -4 -3  2 -6 -3 -1 -5 -6 -1 -3 -3 -6 -1 -6    2  70   2   2   2   2   0   2   4   0   2   2   0   0   4   2   2   0   2   0  1.70 inf
  313 S   -1  1  0  1  0  1  1  1  2 -1 -3  0 -3 -4 -1  1  1  1 -3 -1    3   7   4   9   3   6  11  13   5   3   2   7   0   0   2  12   7   2   0   4  0.18 inf
  314 N   -2  4  2 -2 -1  1 -2  3  3 -5 -3  1 -1 -2 -1 -2 -1 -5 -2 -3    3  21   9   2   1   6   1  26   6   0   2   7   1   2   3   2   4   0   1   2  0.45 inf
  315 A    3 -3 -1 -3  1 -2 -3 -2  1  1  1 -1  0 -3 -2 -1  0 -1 -2  1   31   0   3   1   3   1   1   2   5   9  12   3   2   0   2   4   7   1   1  12  0.26 inf
  316 M   -1 -3 -3 -1  1 -2 -3 -3 -3  0  3 -3  4  0  1 -1 -1 -3 -1  1    4   1   1   3   3   2   1   1   0   3  34   1  17   4   8   6   3   0   2   7  0.33 inf
  317 P   -1 -1 -1 -1 -1 -2 -1 -3  1 -1  0 -2  4 -1  5 -1 -1 -3 -1 -1    3   3   3   3   2   0   5   1   4   3   8   1  12   2  37   4   3   0   3   4  0.62 inf
  318 H   -4 -3  1  1 -5 -2  0 -2  9 -5 -5  0 -4 -4 -4 -3 -4 -4  0 -5    1   1   7   9   0   0   4   3  62   1   1   6   0   0   1   1   1   0   2   1  1.72 inf
  319 I    1 -2  0 -2  1 -1 -2 -3 -1  3  0 -1  0  0 -1  1  0 -3  1  0   14   0   4   2   4   3   0   1   1  25   6   4   2   3   3  12   6   0   6   5  0.13 inf
  320 K   -1 -1 -1  0 -4  0  0 -1 -3  0 -4  6  0 -4  0 -2 -3 -5 -4 -4    4   0   2   4   0   3   6   4   0   6   1  61   2   0   4   0   0   0   0   0  0.89 inf
  321 T    0  0 -2  0  3 -2 -2 -3 -2  1  0 -2  2  1 -3  0  0  4  2  0    8   8   0   8   7   0   0   1   0   8   8   0   7   7   0   8   8   7   7   8  0.14 inf
  322 Y    0 -1 -1 -1 -3  0 -1 -4  2  2  0 -3  1  2 -4 -2 -1  2  5 -1    7   3   3   3   0   4   4   0   4  13   6   0   3   9   0   3   3   3  28   4  0.40 inf
  323 M    0 -1 -1 -1  1  0 -1 -3 -2  1  1  0  2  2 -3  0  1 -2  0  1    7   4   2   3   3   4   3   1   0   8  13   4   9  10   0   5   9   0   2  10  0.08 inf
  324 R    0  5  0  0  1  0 -2  0  1 -2 -3  0 -1  0 -2  0 -2  1 -3  0    6  35   4   5   4   3   2   6   3   2   2   3   1   4   1   6   2   2   0   8  0.40 inf
  325 P    0  1 -1  0  0 -1 -1 -2  0 -1 -1  0 -1  1  2  1  1  1  1 -1    7   9   2   4   2   2   2   2   2   5   4   7   2   7  12  10   8   2   6   4  0.12 inf
  326 S    0  1  2  2 -1 -1  0 -1  2 -3 -3  0 -4 -1 -1  3  1 -4 -1 -2    6   8   9  11   1   1   4   3   6   1   2   6   0   4   3  23   7   0   2   2  0.27 inf
  327 P   -1  0  0  2 -2  0  1  1 -1 -4 -2  1 -1 -4  3  0  1 -4 -4 -3    4   4   5  11   1   4  11  10   1   0   4   9   1   0  16   5  10   0   0   2  0.29 inf
  328 D   -1  0  1  4 -2 -1  2 -1  0 -3 -3  0 -4 -4  1  0  0 -5 -2 -3    5   4   7  28   1   2  12   5   3   1   2   7   0   0   7   7   5   0   1   2  0.42 inf
  329 F   -1  0  0  0  1 -1  0  1  1  0 -1  0  1  1 -1  0  0  3  0 -1    6   5   5   5   3   3   7  10   4   5   5   4   4   7   4   6   6   4   3   3  0.06 inf
  330 S    0  0  0  0  2  0  0 -1  1  0 -1  0  1  0  0  0  0 -2  1  0    5   5   5   5   5   5   5   5   5   5   5   5   5   5   5   5   5   0   5   5  0.03 inf
  331 K   -1  1  1  1  0  0  1  0  0 -3 -2  2 -2 -3 -1  2  1 -4 -1 -2    4   7   5   8   2   4   7   5   2   1   5  15   0   0   3  20   8   0   2   2  0.19 inf
  332 I    0 -2 -2 -1  1 -2 -3 -1 -2  3  2 -1  0  1  0 -1 -1 -3  0  1    7   1   1   5   3   2   1   5   1  21  20   4   2   7   4   3   2   0   3   9  0.14 inf
  333 A    2  0 -1  2 -3 -1  0  3 -1 -2 -2 -1 -2 -2 -1  0  0 -4 -1  0   21   5   1  14   0   1   4  21   1   2   2   3   1   1   3   6   5   0   2   7  0.23 inf
  334 W   -5 -3 -5 -6 -5 -5 -5 -3 -5 -3 -4 -5 -1  0  0 -2 -5 12  1 -3    1   1   0   1   0   0   1   2   0   2   2   1   1   3   5   3   1  69   5   2  3.02 inf
  335 F    2 -4 -4 -4  2 -1 -3 -3 -2  3  0 -3  1  4 -4 -2 -1 -3  0  2   17   0   0   0   5   2   1   2   1  15   7   1   3  20   0   1   4   0   2  17  0.41 inf
  336 L   -4 -3 -4 -2  3 -4 -4 -5 -3  0  3 -4  2  0 -5 -4 -2 -2  6  1    1   1   0   3   6   0   1   1   0   5  31   0   4   3   0   1   1   0  32   9  0.88 inf
  337 V   -1 -2 -2 -2  1  1 -1 -1  0  1  1 -2  1  2 -2 -1  0 -2  0  2    3   1   1   1   3  11   1   3   3   5  13   1   6  11   1   3   6   0   3  25  0.10 inf
  338 T    0  1 -1 -2  1 -1 -1  3 -2 -2 -2  1 -2 -3 -2  0  3 -3 -2 -2    5  11   1   1   4   1   1  29   0   1   1   8   0   0   1   5  30   0   0   1  0.35 inf
  339 S    0  1  2 -1 -2 -1 -1 -2 -2 -2 -3 -1 -2 -3 -2  5  1 -3 -2  0    1   7  11   1   0   0   1   1   0   1   1   1   0   0   1  60   6   0   0   9  0.50 inf
  340 A    3 -2  1 -2  1  0 -2 -1  6 -3 -3 -2 -2 -1 -3  0 -1 -3  0 -3   34   0   8   0   3   3   0   4  32   0   1   0   0   3   0   5   3   0   3   0  0.59 inf
  341 N   -2 -2  6  0 -1 -1  1 -2 -1 -3 -2  0 -3 -4 -1  1 -1 -4 -3 -2    1   0  59   3   2   0   8   1   0   0   4   5   0   0   3   9   2   0   0   3  0.76 inf
  342 L    0 -2 -3 -3  1 -2 -3 -3 -3  1  3  0  2  2 -3 -1 -2 -2 -1  0    8   0   0   0   3   0   0   1   0   8  48   8   4  10   0   3   0   0   0   3  0.31 inf
  343 S   -1  1 -1 -2 -3 -1  1  0  0 -3 -3 -2 -3  1 -3  5  1 -4 -2 -3    1   7   1   0   0   0  10   5   2   0   1   0   0   6   0  55   9   0   0   0  0.59 inf
  344 K   -1  0 -1  0  0  1  1 -1 -2 -1 -1  3  0 -1  0 -1  0 -3  1 -1    3   4   2   6   3   5   9   4   0   3   6  27   2   2   5   3   5   0   8   3  0.16 inf
  345 A    3 -2  1 -2 -2  1  0  0  0 -1 -3  0 -2 -3  0  2  0 -3  1  0   27   0   7   0   0   7   4   5   3   3   1   4   0   0   4  16   6   0   5   8  0.22 inf
  346 A    5 -3 -3  0 -3 -3  0  0 -3 -4 -4 -3 -3 -4 -3  2  1 -4 -4 -3   57   0   0   5   0   0   5   6   0   0   1   0   0   0   0  14   9   0   0   0  0.79 inf
  347 W   -2 -2 -5  0 -5 -1 -4  0  1 -5 -2 -5  0 -3 -5 -5 -5 11 -2 -5    3   3   0   6   0   3   0   7   3   0   5   0   3   0   0   1   0  60   0   0  2.28 inf
  348 G   -2 -3 -2 -3 -4 -3 -3  7 -3 -4 -4 -3 -4 -4 -3 -2 -3 -4 -4 -4    1   1   1   1   0   1   1  86   0   1   1   1   0   1   1   1   1   0   0   1  1.66 inf
  349 A    1  2  0  0 -1  1  1 -1 -1 -1 -2  1 -1  0 -1  0  1 -2 -1  0   12  12   5   6   1   5   7   3   1   2   2   9   2   6   2   6   9   0   2   8  0.08 inf
  350 L    0 -1 -2 -3 -3  0 -2  0 -3  1  3 -2  1  0  0 -1 -1  0  1  1    9   4   2   1   0   5   1   6   0   8  30   2   4   4   4   3   3   1   6   8  0.15 inf
  351 E    0  0  1  0 -3  2  2 -2 -2 -1 -1  0 -1 -3 -1  2  1 -4 -3  0    7   5   6   4   0   9  15   2   0   4   4   4   1   0   3  15  10   0   0   8  0.18 inf
  352 K   -1  2  2 -2 -4  0  0  1  0 -4 -3  4 -2 -2 -2  1 -1 -2 -3 -2    3  10   8   1   0   3   5  13   2   0   1  29   1   2   1  12   4   0   0   3  0.41 inf
  353 N   -1  0  4  2 -4 -1 -1 -1 -1 -4 -3  3 -4 -4 -2  2  0 -1 -3 -4    5   5  20  13   0   2   3   5   1   1   3  18   0   0   2  14   6   1   1   1  0.42 inf
  354 G    0 -1  2  0 -2  0  1  3  0 -3 -4  1 -2 -4  1  1  0 -4 -2 -3    5   2   9   5   1   4  10  24   2   1   0   9   1   0   7  12   5   0   1   1  0.31 inf
  355 T    0 -1  1 -1 -3 -1 -1  1  0 -2 -3  1 -3 -2  3  2  1 -4 -2 -2    5   3   5   2   0   3   4  13   2   1   2   7   0   2  17  18  10   0   1   3  0.29 inf
  356 Q   -1  1  0 -1 -2  4  1 -1 -2 -2 -3  2 -2 -4 -1  1  0 -4 -2 -2    5   5   3   3   1  23  10   4   0   2   2  15   1   0   3  12   6   0   1   3  0.34 inf
  357 L   -2 -2 -4 -4  0 -1 -3 -1 -2  1  4 -3  3  0 -4 -2 -2 -3  2  2    2   2   1   1   2   3   1   6   1   8  38   1   7   4   1   3   2   0   6  13  0.41 inf
  358 M   -1  1  2  0 -1 -1 -1  0  1 -2 -1  0  2  0  1  0  1  2  1 -2    2  10  11   4   1   2   2   8   4   0   6   6   8   3   6   8   9   3   5   2  0.09 inf
  359 I   -2 -4 -1 -2  3 -3 -2 -2 -4  5  0 -3  0 -1 -2  0  0 -4 -2  1    2   0   2   2   8   0   3   4   0  41   8   0   1   1   2   9   6   0   1   8  0.44 inf
  360 R   -1  4  0 -2  1  0  0  0  0 -2 -2  1  2 -2  1  0 -1 -1 -2 -2    4  27   3   0   4   4   5   8   2   1   2   9   8   1   6   9   3   1   1   1  0.28 inf
  361 S   -1 -3  6  1 -4  1 -2 -3  0 -4 -4  0 -4 -4 -3  4 -2 -4 -4 -4    5   1  39   8   0   6   1   1   2   1   1   5   0   0   1  29   1   0   0   1  0.88 inf
  362 Y   -4 -4 -2 -5 -1  0 -4 -5  1 -4 -3  0  0  3 -5 -4  0  7  7 -4    1   0   2   0   2   5   0   1   2   0   1   8   3  10   0   1   8  18  39   0  1.29 inf
  363 E   -4 -3 -3  0 -5 -2  7 -5  2 -5 -5 -3 -4 -5 -4 -3  1 -5 -4 -5    1   0   0   4   0   0  77   1   5   0   1   0   0   0   0   1   8   0   0   0  1.69 inf
  364 L    2 -3 -4 -4  4 -3 -3 -2 -4  1  3  0  2 -1 -3 -2 -1 -3 -3  1   17   0   0   0   9   0   0   2   0   6  37   5   5   2   0   2   3   0   0   8  0.38 inf
  365 G   -3 -5 -3 -4 -5 -4 -4  7 -5 -6 -6 -4 -5 -5 -1  0 -4 -5 -5 -5    1   0   0   0   0   0   0  85   0   0   1   0   0   0   4   5   0   0   0   0  1.93 inf
  366 V   -2 -4 -4 -4 -3 -4 -4 -5 -4  3 -1  0  0 -3 -4 -3 -2 -4  1  6    1   0   0   0   0   0   1   1   0  12   3   8   2   0   0   1   0   0   5  65  0.99 inf
  367 L    0  0 -3 -4 -1 -2 -3 -2 -3  1  3 -2  2  0 -3 -1 -2  0 -2  2    8   6   0   0   1   0   1   3   0   8  41   0   6   3   0   5   0   2   0  15  0.33 inf
  368 F   -3 -3 -4 -4 -3 -3 -4 -4 -1  1  1 -3  1  5 -4 -3 -2  0  2  3    1   1   0   1   0   0   1   1   1   8  14   2   3  34   1   1   1   1   6  25  0.65 inf
  369 L   -1 -3 -2 -3  0 -2 -2 -2  0  1  2 -2 -1  0  3  0  0  4 -1  1    2   1   1   1   2   1   1   2   3  10  24   2   0   4  14   9   7   7   1   8  0.25 inf
  370 P   -2 -4 -2 -2 -4 -2 -3 -2 -2 -2 -2 -2 -4 -2  7  1 -2 -5 -4 -1    2   1   2   2   0   2   1   2   1   2   5   2   0   2  62   9   1   0   0   4  1.40 inf
  371 S   -1  2 -1  0 -3  1  1  0  1  0 -2  1 -2 -3  2  2 -1 -3 -1 -2    4  12   1   4   0   6   9   8   4   6   3   7   0   1  11  17   3   0   2   1  0.19 inf
  372 A    0 -1  0 -1 -2  0  0  1 -1 -1  1  0 -1  1  1  0  0 -2  0 -1    8   3   4   3   0   2   7  12   1   4  16   8   1   7   7   6   8   0   2   2  0.05 inf
  373 L   -1 -1 -1 -1  0  0  0 -2  0  1  1 -1  2  2 -1 -1  0 -1  1  0    2   3   3   3   3   4   8   3   2  13  13   3   6  10   2   4   6   1   4   7  0.05 inf
  374 G    0 -1  1  2 -1 -1  1  3  0 -3 -3  0 -1 -3  0  0  0 -4 -1 -2    6   4   7  14   1   2  11  23   2   1   2   4   1   0   4   7   5   0   3   3  0.25 inf
  375 L    0 -1  0  1  0  0  2 -1 -1 -1  0  0  0  0 -1  1  1 -2 -2  0    7   2   5  10   2   4  14   4   1   4   9   5   2   5   2  10   8   1   1   6  0.06 inf
  376 D   -1 -1  1  5 -3  0  1 -1 -1 -3 -4  0 -3 -4  1  1  1 -2 -3 -4    4   4   5  34   1   4   9   6   1   2   2   5   0   1   6   9   7   1   1   1  0.51 inf
  377 S    0 -1  0  0 -1  0 -1  0 -2 -2 -1 -1 -2 -3  0  3  2 -2 -3 -1    7   3   5   5   1   4   3   8   1   2   6   4   1   1   4  25  16   1   1   4  0.23 inf
  378 F    0 -1  0 -2 -2 -1  0  1 -2 -1 -1 -1 -1  4 -2  0  0  2 -1  0   10   3   5   2   1   2   7  10   1   4   4   4   1  23   2   6   5   3   1   6  0.22 inf
  379 K   -1  0 -1  1 -2  0  1  2 -2 -4 -3  2  1 -3  3  0 -1 -4  0 -3    4   5   2   8   1   5   8  14   1   1   2  11   4   1  15   8   4   0   4   2  0.27 inf
  380 V   -1 -1 -2 -2  1 -1 -1 -1 -3  2  1 -1  1 -2  0  1 -1  2 -2  3    5   3   2   1   3   2   5   4   0  10  13   3   4   1   5  12   3   3   1  20  0.16 inf
  381 K    0  1  1  0  3 -1  0  1 -2 -2 -1  1 -2  0  1  1  0 -2 -3 -1    9   8   6   6   7   1   5  10   0   1   5  10   1   4   6  10   5   0   0   4  0.12 inf
  382 Q   -1  0  0  1 -4  2  1  1  1 -2 -3  1 -2 -3  0  1  1 -1 -3 -1    4   5   4   8   0   9  10  12   4   2   1  10   1   1   4  10   8   1   1   6  0.19 inf
  383 K    0  0  0  2 -1  0  1 -1 -1 -2 -3  2 -2  2 -1  0  0 -1 -3 -1    9   4   5  10   1   3  11   5   1   2   2  16   1  10   3   7   6   1   0   4  0.17 inf
  384 F    0 -1 -1  0  0  0  0 -2  1  1  0 -1  0  2 -1  0 -1  2  1  1    6   3   3   5   2   3   5   3   5   8   8   4   3   9   2   8   3   3   4  14  0.05 inf
  385 A    1 -1  0  0  1 -1  0  0 -1  1 -1 -1  0 -1  2  0  1  1 -3  1   10   3   5   5   3   3   5   8   2   8   4   3   2   2  10   7   8   2   0  11  0.08 inf
  386 T    0  0  1  1  1  0  0  0  1 -1 -2  0  0 -1  0  1  1 -4 -1 -1    6   5   6   9   4   3   5   8   4   4   3   5   3   2   5  11  11   0   3   5  0.08 inf
  387 F   -2  0 -2 -1 -1 -2 -2 -2 -1  1  2 -4  0  4 -2 -4 -2  1  0  3    3   5   2   4   2   2   2   4   2   7  18   0   2  20   2   1   2   2   2  20  0.41 inf
  388 P    0  2 -1 -2 -5 -1 -1 -5 -1 -1 -1 -2  1 -1  6 -2 -1 -5 -1  0    7  11   4   2   0   3   3   0   2   3   6   2   4   2  35   4   3   0   3   6  0.64 inf
  389 V   -1 -6 -3 -6 -5 -1 -6 -3 -6  3  3 -5  4  0 -6 -3 -1 -6 -5  4    4   0   2   0   0   3   0   2   0  15  25   0   9   3   0   2   3   0   0  32  0.84 inf
  390 P   -3  0 -6 -6  2 -6 -6 -6 -6 -2 -3 -3 -1  0  8 -2 -1 -7 -6 -3    2   5   0   0   4   0   0   0   0   2   2   2   1   5  65   4   4   0   0   2  1.86 inf
  391 Y   -7 -7 -7 -8 -7 -7 -7 -8  0 -3 -2 -7  4  6 -3 -7 -7  6  7 -3    0   0   0   0   0   0   0   0   2   1   4   0   9  29   2   0   0  10  38   2  1.99 inf
  392 D   -3  0  1  4 -2  1  2 -4  0 -3 -4  2 -3 -5 -3  0  0  0 -3  0    1   6   7  25   1   7  12   1   3   1   1  11   1   0   1   6   6   1   1   9  0.46 inf
  393 L   -4  3 -5 -3 -1 -2 -4 -6 -2  1  3 -4 -1  1 -2 -3  0  1  1  2    1  16   0   1   1   1   1   0   1   7  33   0   1   6   3   2   6   2   6  13  0.53 inf
  394 P   -3 -5 -2 -3 -8 -6 -3 -4  0 -8 -5 -2 -8 -1  8 -4 -3 -9 -3 -8    3   1   2   1   0   0   2   2   3   0   1   2   0   3  77   1   2   0   1   0  2.34 inf
  395 P    2 -5 -5 -3  0 -3 -5  1 -6 -2  2 -2 -4 -3  5 -1 -2 -6 -5 -1   15   0   0   1   2   1   0  10   0   2  24   2   0   1  30   5   2   0   0   4  0.72 inf
  396 E   -1  2  0 -2 -1  3  2 -3 -2 -1 -3  1 -2 -3  2  0  2 -5 -4  0    5  11   3   1   1  13  12   1   1   3   2   7   1   1  11   5  14   0   0   7  0.29 inf
  397 L   -1  4 -2 -3 -6  0 -1 -4 -1 -4 -2  3 -5 -3  5 -2 -3 -6 -3 -4    5  19   1   1   0   4   4   1   1   1   4  20   0   1  32   3   1   0   1   1  0.87 inf
  398 Y   -2 -8 -8 -9 -8 -7 -8 -4 -4 -7 -2 -8  0  0 -9 -7 -7 -4 10 -7    3   0   0   0   0   0   0   2   0   0   4   0   2   3   0   0   0   0  86   0  3.20 inf
  399 G    1 -1  0  2 -4  1  0  3 -1 -5 -3  0 -4 -5 -3  2  0 -5 -4 -3   11   2   4  12   0   5   6  22   1   0   3   6   0   0   1  19   5   0   0   1  0.40 inf
  400 S    0 -1  0  1 -4 -1  0  1 -2 -4 -2  0 -4 -1  3  2  0 -1 -3 -3    8   2   3   8   0   2   7  12   1   1   4   6   0   3  16  20   6   1   1   1  0.30 inf
  401 K   -2  1  2  3 -2  1  1  1 -1 -2 -3  2 -4 -5 -4  1  1 -5 -4 -3    1   7  10  16   1   5   7  10   1   2   2  15   0   0   0  11  11   0   0   2  0.37 inf
  402 D   -4 -2 -2  7 -7 -2  2 -3 -5 -6 -4 -1 -2 -7 -4 -4 -3 -7 -6 -5    1   2   1  68   0   2  12   2   0   0   2   3   1   0   1   1   1   0   0   1  1.74 inf
  403 R   -2  3 -2 -2 -4  2  2 -3  0  1 -2  2  0 -2 -2  0  0 -2 -1  1    2  17   1   1   0  10  13   1   2   7   2  11   2   2   1   8   4   1   2  13  0.27 inf
  404 P   -1 -7 -7 -7 -3 -6 -6 -7 -7 -4 -6 -6 -2 -8  9 -6 -3 -8 -8 -5    6   0   0   0   1   0   0   0   0   1   1   0   1   0  87   0   1   0   0   1  2.90 inf
  405 W   -7 -7 -8 -8 -7 -7 -8 -7 -7 -7 -6 -8 -6  5 -8 -7 -7 12  1 -7    0   0   0   0   0   0   0   0   0   0   0   0   0  19   0   0   0  73   4   0  3.96 inf
  406 I   -2 -4 -4 -3  5 -2 -4 -5 -4  3  0 -2  2  3 -4  0  0 -3  1  2    2   0   0   1  12   2   0   0   0  18   7   3   5  16   0   9   5   0   4  16  0.50 inf
  407 W    1 -1 -3 -5 -2  2 -3 -1 -3  0 -2 -2  2  3 -2 -2 -2  7  3  0   14   3   1   0   1   9   0   4   0   5   3   1   5  14   2   3   2  15  10   8  0.52 inf
  408 N   -2 -3  4  5 -5 -1 -1 -3  1 -3 -4 -1 -1 -5 -4  0  2 -2 -2 -3    3   1  20  36   0   2   3   1   3   1   2   3   2   0   0   8  13   1   1   2  0.75 inf
  409 I    1  0  0 -1 -3 -1 -1 -2 -2  2 -1  2  3 -2 -2 -1  0 -3  0  1   12   6   4   2   0   2   3   2   0  16   4  15  10   1   1   3   4   0   3  11  0.13 inf
  410 P   -1  1  2  2 -4  0  0 -3  1 -3 -3  0 -3 -3  5  1  0 -4 -1 -2    3   9   9  10   0   3   4   1   4   1   2   5   0   1  28  11   5   0   2   2  0.52 inf
  411 Y   -5 -1 -4 -5 -2 -4 -4 -4  7 -2 -4 -4 -4  0 -2 -4 -5  3  8 -5    0   4   0   0   1   0   0   1  26   3   1   0   0   3   2   1   0   4  53   0  1.90 inf
  412 V    0  0  0  0 -2 -1 -1  0 -2 -1  1 -1  1 -1 -1  1  2 -3 -1  0    5   5   6   5   0   1   4   8   0   2  14   2   4   2   2  13  17   0   1   8  0.08 inf
  413 K   -3  1 -1  2 -5  3  4 -2  1 -4 -4  3 -3 -1 -2 -1 -2 -4 -3 -4    1   5   2  12   0  12  34   2   3   0   1  19   0   4   1   2   1   0   0   0  0.67 inf
  414 A    1  0 -1 -1 -2  0  0  0 -2 -1  1  1  0 -2 -1  0  0 -2 -2  0   19   5   1   2   0   3   7   7   1   2  17  13   2   1   2   3   5   0   1   7  0.07 inf
  415 P   -2 -1 -3 -3 -4 -1 -2 -4 -4 -2 -1  1 -3 -4  7 -3 -2 -4 -4 -4    3   4   1   1   0   3   3   1   0   2   6  10   0   1  63   1   1   0   0   1  1.51 inf
  416 D   -5 -5 -2  8 -7 -4 -2 -5 -5 -7 -7 -4 -7 -7 -5 -4 -1 -8 -7 -7    0   0   0  96   0   0   0   0   0   0   0   0   0   0   0   0   4   0   0   0  2.61 inf
  417 T    0  0 -2  1  2 -3 -3 -3 -4  1 -2 -1 -2 -3 -4  1  2  7 -2  1    6   7   1   9   5   0   0   1   0  10   2   3   1   0   0   9  18  18   1   9  0.48 inf
  418 H   -2 -2  0 -2 -3 -2 -3 -4  6 -3  1  1  3  3 -4 -3 -2  0  4 -3    2   2   5   1   0   1   0   0  23   0  17   9  10  15   0   0   1   1  14   0  0.64 inf
  419 G   -3 -3 -1 -4 -6 -3 -5  7 -5 -6 -3 -4 -5 -6 -5 -3 -5 -6 -6 -6    0   1   3   0   0   1   0  91   0   0   3   0   0   0   0   0   0   0   0   0  2.06 inf
  420 N   -1  3  4 -2  0  4  0 -3  2 -3 -3  1  1 -3 -4 -1 -2 -4  1 -4    3  16  20   0   3  22   5   1   6   2   1   9   4   1   0   3   1   0   4   0  0.49 inf
  421 M   -1  0 -3 -4  0 -1 -3 -4 -4  1 -1 -1  4 -2 -2  0  3 -4 -2  3    3   5   0   0   1   2   0   0   0   6   2   3  17   1   1   7  27   0   1  25  0.46 inf
  422 W   -6 -6 -3 -7 -6 -1 -6 -6 -2 -6 -5 -6 -5 -1 -7 -6 -6 12  4 -6    0   0   1   0   0   3   0   0   1   0   0   0   0   1   0   0   0  78  15   0  3.65 inf
  423 V   -2 -4 -2  0  1 -1  0 -4 -4  1 -2 -3 -1 -4  5 -2  1 -5 -4  3    0   0   2   7   4   2   6   0   0   6   2   0   2   0  30   1  11   0   0  29  0.63 inf
  424 P   -3 -5 -2 -4 -5 -4 -1 -5 -5 -5 -6 -3 -5 -6  8 -3 -4 -6 -6 -5    0   0   2   0   0   0   3   0   0   0   0   0   0   0  95   0   0   0   0   0  2.74 inf
  425 S    0 -2  2 -1 -2 -1 -1 -2 -2 -4 -4 -2 -3 -4 -2  6  2 -4 -3 -3    0   0   8   0   0   0   0   0   0   0   0   0   0   0   0  84   8   0   0   0  0.94 inf

                      K         Lambda
Standard Ungapped    0.1346     0.3186
Standard Gapped      0.0418     0.2670
PSI Ungapped         0.1351     0.3095
PSI Gapped           0.0418     0.2670
