
Last position-specific scoring matrix computed, weighted observed percentages rounded down, information per position, and relative weight of gapless real matches to pseudocounts
           A  R  N  D  C  Q  E  G  H  I  L  K  M  F  P  S  T  W  Y  V   A   R   N   D   C   Q   E   G   H   I   L   K   M   F   P   S   T   W   Y   V
    1 D   -2 -2  3  6 -4  0  2 -2 -1 -4 -4 -1 -3 -4 -2 -1 -1 -5 -3 -4    0   0  18  67   0   0  15   0   0   0   0   0   0   0   0   0   0   0   0   0  0.91 inf
    2 R   -2  5 -1 -2 -4  0 -1 -3  7 -4 -4  1 -2 -3 -3 -2 -2 -4  0 -4    0  43   0   0   0   0   0   0  50   0   0   7   0   0   0   0   0   0   0   0  1.05 inf
    3 V   -1 -4 -4 -4 -2 -3 -4 -4 -4  4  0 -3  0 -1 -3 -3 -1 -4 -2  5    0   0   0   0   0   0   0   0   0  37   0   0   0   0   0   0   0   0   0  63  0.71 inf
    4 K   -2  2 -1 -2 -4  0  0 -3 -2 -4 -4  6 -3 -4 -2 -1 -2 -4 -3 -3    0   5   0   0   0   0   0   0   0   0   0  95   0   0   0   0   0   0   0   0  1.10 inf
    5 R   -3  7 -2 -3 -5  0 -1 -4 -1 -4 -4  1 -3 -4 -3 -2 -2 -4 -3 -4    0 100   0   0   0   0   0   0   0   0   0   0   0   0   0   0   0   0   0   0  1.50 inf
    6 P   -2 -4 -3 -3 -4 -3 -2 -4 -4 -4 -4 -2 -4 -5  8 -2 -2 -5 -4 -4    0   0   0   0   0   0   0   0   0   0   0   0   0   0 100   0   0   0   0   0  2.56 inf
    7 M   -2 -3 -4 -5 -3 -2 -4 -4 -3  0  1 -3  9 -1 -4 -3 -2 -3 -3 -1    0   0   0   0   0   0   0   0   0   0   3   0  97   0   0   0   0   0   0   0  1.59 inf
    8 N   -3 -2  8  0 -4 -1 -2 -2 -1 -5 -5 -1 -4 -5 -3 -1 -1 -5 -4 -4    0   0  99   1   0   0   0   0   0   0   0   0   0   0   0   0   0   0   0   0  1.55 inf
    9 A    6 -3 -3 -3 -2 -2 -2 -1 -3 -3 -3 -2 -2 -3 -2  0 -1 -4 -3 -1   98   0   0   0   0   0   0   0   0   0   0   0   0   0   0   2   0   0   0   0  0.97 inf
   10 F   -4 -4 -4 -5 -4 -4 -5 -4 -3 -1 -1 -4 -1  8 -5 -4 -3  0  2 -2    0   0   0   0   0   0   0   0   0   0   0   0   0  98   0   0   0   0   0   0  1.65 inf
   11 M   -2 -3 -4 -5 -3 -2 -4 -4 -3  2  1 -3  9 -1 -4 -3 -2 -3 -2  0    0   0   0   0   0   0   0   0   0  13   3   0  82   1   0   0   0   0   0   0  1.25 inf
   12 V   -1 -4 -4 -4 -2 -3 -4 -3 -4  2  0 -4  0 -2 -4 -3 -1 -4 -2  6    0   0   0   0   0   0   0   1   0   2   3   0   0   0   0   0   0   0   0  94  0.90 inf
   13 W   -4 -3 -6 -6 -4 -4 -5 -4 -4 -5 -3 -5 -3 -1 -6 -5 -4 12  1 -5    0   2   0   0   0   0   0   0   0   0   0   0   0   0   0   0   0  98   0   0  3.58 inf
   14 S    1 -2 -1 -2 -2 -1 -1 -1 -2 -4 -4 -1 -3 -4 -2  6  0 -4 -3 -3    3   0   0   0   0   0   0   0   0   0   0   0   0   0   0  97   0   0   0   0  1.03 inf
   15 R   -2  7 -1 -2 -4  2 -1 -3 -1 -4 -3  2 -2 -4 -3  0 -2 -4 -3 -4    0  77   0   0   0   9   0   0   0   0   0   6   0   0   0   7   0   0   0   0  1.05 inf
   16 G    0 -2 -1  2 -3  0  1  4  0  0 -1 -1 -1 -3 -2  0 -1 -3 -3 -1    8   0   0  12   0   3  13  37   2  13   4   1   0   0   0   4   0   0   0   2  0.27 inf
   17 Q   -2  2 -1 -1 -4  7  2 -3  0 -4 -3  1 -1 -4 -3 -1 -2 -3 -3 -3    0  10   0   0   0  72   8   0   1   0   0   6   1   0   0   0   0   0   0   0  0.97 inf
   18 R   -3  7 -2 -3 -5  0 -1 -4 -2 -4 -4  1 -3 -4 -4 -2 -2 -4 -3 -4    0 100   0   0   0   0   0   0   0   0   0   0   0   0   0   0   0   0   0   0  1.55 inf
   19 R   -2  7 -1 -3 -5  0 -1 -3 -1 -4 -3  3 -3 -4 -3 -1 -2 -4 -3 -4    0  79   0   0   0   0   0   0   0   0   0  20   0   0   0   1   0   0   0   0  1.18 inf
   20 K   -2  2 -1 -2 -4  2  1 -3  1 -3 -3  6 -2 -4 -2 -1 -2 -4 -2 -3    0   9   0   0   0   8   5   0   4   2   1  71   0   0   0   0   0   0   0   0  0.75 inf
   21 M   -2 -3 -4 -4 -2 -2 -3 -4 -3  3  2 -3  6 -1 -4 -3 -1 -3 -1  2    1   0   0   0   0   0   0   0   0  26  13   0  42   0   0   0   1   0   2  16  0.59 inf
   22 A    5 -2 -2 -3  0 -2 -2 -1 -3 -2 -3 -2 -2 -2 -2  2 -1 -4 -3 -1   86   0   0   0   2   0   0   0   0   0   0   0   0   1   0  11   0   0   0   0  0.78 inf
   23 Q   -2  0 -1 -1 -3  5  2 -3  1 -1  2  0  0 -2 -2  0 -1 -3 -2 -1    0   1   0   1   0  43  10   0   3   1  27   3   2   0   0   4   2   0   0   3  0.37 inf
   24 E   -1 -1 -1  3 -4  3  5 -3  0 -2 -3  0 -2 -4 -2 -1 -2 -4 -3 -3    2   0   0  16   0  12  64   0   2   3   1   0   1   0   0   0   0   0   0   0  0.80 inf
   25 N   -3 -2  7  0 -4  0 -1 -2  3 -4 -4 -1 -3 -2 -3 -1 -1 -4  0 -4    0   0  84   0   0   3   0   0   8   0   0   0   0   2   0   0   0   0   3   0  1.20 inf
   26 P   -2 -4 -4 -3 -4 -3 -3 -4 -4 -4 -4 -2 -4 -5  8 -2 -3 -5 -5 -4    0   0   0   0   0   0   0   0   0   0   0   0   0   0 100   0   0   0   0   0  2.60 inf
   27 K   -2  2 -1  0 -4  2  0 -3 -2 -4 -4  6 -2 -4 -2 -1 -1 -4 -3 -3    0   9   0   6   0   6   0   0   0   0   0  78   0   0   0   0   1   0   0   0  0.86 inf
   28 M   -2 -3 -4 -5 -3 -2 -4 -4 -3  0  2 -3  9 -1 -4 -3 -2 -3 -2 -1    0   0   0   0   0   0   0   0   0   0   8   0  91   0   0   0   1   0   0   0  1.46 inf
   29 H   -3  1 -1 -2 -5  2 -1 -3  9 -5 -4 -1 -3 -3 -3 -2 -3 -4  0 -4    0   6   0   0   0  11   0   0  82   0   0   1   0   0   0   0   0   0   0   0  1.63 inf
   30 N   -3 -2  8  0 -4 -1 -2 -2 -1 -5 -5 -2 -4 -5 -3 -1 -1 -5 -4 -4    0   0 100   0   0   0   0   0   0   0   0   0   0   0   0   0   0   0   0   0  1.61 inf
   31 S    1 -2 -1 -2 -2 -1 -1 -1 -2 -4 -4 -1 -3 -4 -2  6  0 -4 -3 -3    9   0   0   0   0   0   0   0   0   0   0   0   0   0   0  91   0   0   0   0  0.94 inf
   32 E   -2 -1 -1  1 -5  1  7 -3 -1 -5 -4  0 -3 -5 -2 -1 -2 -4 -3 -4    0   0   0   2   0   0  98   0   0   0   0   0   0   0   0   0   0   0   0   0  1.37 inf
   33 I   -3 -4 -5 -5 -2 -4 -5 -5 -5  7  1 -4  0 -1 -4 -4 -2 -4 -3  2    0   0   0   0   0   0   0   0   0  97   3   0   0   0   0   0   0   0   0   0  1.09 inf
   34 S    0 -2 -1 -2 -2 -1 -1 -2 -2 -4 -4 -1 -3 -4 -2  6  0 -4 -3 -3    0   0   0   0   0   0   0   0   0   0   0   0   0   0   0 100   0   0   0   0  1.09 inf
   35 K   -2  2 -1 -2 -4  0  0 -3 -2 -4 -4  6 -3 -4 -2 -1 -2 -4 -3 -3    0   6   0   0   0   0   0   0   0   0   0  93   0   0   0   0   0   0   0   2  1.10 inf
   36 R   -2  7  0 -3 -4  2 -1 -3  0 -3 -2  1 -2 -4 -3 -2 -2 -1 -3 -3    0  79   2   0   0  12   0   0   2   2   3   0   0   0   0   0   0   1   0   0  1.03 inf
   37 L   -3 -3 -5 -5 -2 -3 -4 -5 -4  1  5 -4  1 -1 -4 -4 -2 -3 -2  0    0   0   0   0   0   0   0   0   0   0 100   0   0   0   0   0   0   0   0   0  0.99 inf
   38 G   -1 -4 -2 -3 -4 -3 -3  7 -3 -5 -5 -3 -4 -4 -3 -1 -3 -4 -4 -5    0   0   0   0   0   0   0 100   0   0   0   0   0   0   0   0   0   0   0   0  1.63 inf
   39 A    3 -2 -1 -1  1 -1  0  0  0 -2 -1  0 -1 -1 -2  1  0 -2  2 -1   47   0   1   2   3   0   4   2   2   1   5   4   0   2   0  13   3   0  10   2  0.22 inf
   40 E   -1  1 -1  1 -4  3  5 -3 -1 -3 -3  1  1 -4 -2 -1 -1 -4 -3 -3    3   9   0   4   0  16  54   0   0   0   1   5   6   0   0   1   2   0   0   0  0.61 inf
   41 W   -4 -5 -6 -6 -4 -4 -5 -4 -4 -5 -4 -5 -3 -1 -6 -5 -4 12  1 -5    0   0   0   0   0   0   0   0   0   0   0   0   0   0   0   0   0 100   0   0  3.70 inf
   42 K   -2  2 -1 -2 -4  0  0 -3 -2 -4 -4  7 -3 -4 -2 -1 -2 -4 -3 -4    0   4   0   0   0   0   0   0   0   0   0  96   0   0   0   0   0   0   0   0  1.18 inf
   43 L    0  0 -1 -2  0  0 -1 -2 -1  0  2 -1  4 -1 -3  0 -1 -2 -2  0    6   5   3   0   1   5   2   2   1   0  33   1  23   1   0   6   2   0   0   7  0.17 inf
   44 L   -3 -3 -5 -5 -2 -3 -4 -5 -4  1  5 -4  3 -1 -4 -4 -2 -3 -2  0    0   0   0   0   0   0   0   0   0   0  95   0   5   0   0   0   0   0   0   0  0.92 inf
   45 S    0 -2  1 -1  0 -1 -1 -1 -2 -2 -3 -1 -2 -3  1  3  4 -4 -3 -2    2   1   4   2   2   0   0   3   0   2   0   0   0   0   6  40  38   0   0   0  0.47 inf
   46 E   -1 -1  0  4 -4  1  5 -3 -1 -4 -4  0 -3 -4 -1 -1 -2 -4 -3 -3    3   0   1  23   0   1  67   0   0   0   0   0   0   0   1   0   0   0   0   1  0.88 inf
   47 T    2 -1  0  1 -1  0  1  0 -2 -1 -1 -1 -1 -3 -1  1  1 -3 -2  0   35   0   3  10   1   4  11   3   0   3   4   0   1   0   1   8  11   0   0   4  0.17 inf
   48 E   -1 -1 -1  2 -4  1  6 -3 -1 -4 -4  0 -3 -4 -2 -1 -2 -4 -3 -3    2   0   0  10   0   3  81   0   0   0   0   0   0   0   0   1   0   0   0   1  1.00 inf
   49 K   -2  2 -1 -2 -4  0  0 -3 -2 -4 -4  6 -2 -4 -2 -1 -2 -4 -3 -3    0   4   0   0   0   0   0   0   0   0   0  92   0   0   0   0   0   0   0   0  1.08 inf
   50 R   -1  5 -1 -2 -4  2  0 -3  0 -2 -2  2 -1 -3 -3 -1 -2  5 -2 -2    3  56   0   0   0   8   2   0   2   2   3  10   1   0   0   0   0   9   0   2  0.65 inf
   51 P   -2 -3 -3 -3 -4 -3 -2 -3 -3 -4 -4 -2 -4 -5  8 -2 -2 -5 -4 -4    0   0   0   0   0   0   0   0   0   0   0   0   0   0  97   0   0   0   0   0  2.44 inf
   52 F   -3 -4 -4 -4 -3 -4 -4 -4 -2 -1 -1 -4 -1  8 -4 -3 -3  0  4 -2    0   0   0   0   0   0   0   0   0   0   0   0   0  82   0   0   0   0  15   0  1.35 inf
   53 I   -2 -4 -4 -4 -2 -3 -4 -4 -4  5  1 -3  0  3 -4 -3 -2 -2 -1  3    0   0   0   0   0   0   0   0   0  63   0   0   0  18   0   0   0   0   0  16  0.63 inf
   54 D   -2 -2  0  6 -4  2  4 -2 -1 -4 -4 -1 -3 -3 -2 -1 -2 -4 -3 -4    2   0   2  56   0   8  29   0   0   0   0   0   0   1   0   0   0   0   0   0  0.87 inf
   55 E   -2 -1 -2  0 -5  1  7 -4 -1 -5 -4  0 -3 -5 -2 -1 -2 -4 -3 -4    0   0   0   0   0   0 100   0   0   0   0   0   0   0   0   0   0   0   0   0  1.42 inf
   56 A    6 -3 -3 -3 -2 -2 -2 -1 -3 -3 -3 -2 -2 -3 -2  1 -1 -4 -3 -1   96   0   0   0   0   0   0   0   0   0   0   0   0   0   0   4   0   0   0   0  0.94 inf
   57 K   -2  2  0 -1 -4  3  1 -3 -1 -4 -3  6 -2 -4 -2 -1 -2 -4 -3 -3    0   4   2   0   0  15   8   0   0   0   1  71   0   0   0   0   0   0   0   0  0.80 inf
   58 R   -3  7 -2 -3 -5  0 -1 -4  0 -4 -4  2 -3 -4 -3 -2 -2 -4 -3 -4    0  93   0   0   0   0   0   0   2   0   0   5   0   0   0   0   0   0   0   0  1.38 inf
   59 L   -3 -3 -5 -5 -2 -3 -4 -5 -4  1  5 -4  1 -1 -4 -4 -2 -3 -2  0    0   0   0   0   0   0   0   0   0   3  97   0   0   0   0   0   0   0   0   0  0.94 inf
   60 R   -3  7 -2 -3 -5  3 -1 -4  0 -4 -2  1 -2 -4 -3 -2 -2 -4 -3 -4    0  83   0   0   0  12   0   0   2   0   3   0   0   0   0   0   0   0   0   0  1.17 inf
   61 A    5 -2 -1 -1 -2 -1  0 -1 -2 -1 -1 -2 -1 -3 -2  0  0 -4 -3 -1   72   0   1   3   0   0   7   0   0   1   7   0   0   0   0   3   4   0   0   1  0.48 inf
   62 L   -1  0 -1 -2  0  2  0 -3 -2  1  2  0  2 -1 -3 -1 -1 -3 -2  2    2   5   4   1   2  18   3   0   0   5  22   6  11   0   0   1   1   0   0  19  0.15 inf
   63 H   -3 -2 -1 -3 -5 -1 -2 -4 10 -5 -5 -2 -3 -3 -4 -2 -3 -4  0 -5    0   0   0   0   0   0   0   0 100   0   0   0   0   0   0   0   0   0   0   0  2.21 inf
   64 M   -2  2 -3 -4 -3  1 -2 -4 -2  0  1 -1  8 -2 -4 -3 -2 -3 -2 -1    0  16   0   0   0   5   0   0   0   3   2   2  71   0   0   0   0   0   0   0  0.93 inf
   65 K   -1  2  0  0 -4  2  2 -2  0 -2 -3  4 -2 -4 -2 -1 -1 -4 -2 -1    3   7   1   4   0  12  17   0   1   3   0  47   0   0   0   1   1   0   0   3  0.45 inf
   66 E   -1  0 -1  3 -1  1  4 -3 -1 -3 -3  2 -3 -4 -2 -1 -2 -4 -3 -3    4   0   0  20   2   5  47   0   0   2   1  20   0   0   0   1   0   0   0   0  0.59 inf
   67 H   -3 -2 -2 -3 -4 -1 -2 -4  8 -4 -3 -2 -3  1 -4 -2 -3 -1  6 -3    1   0   0   0   0   0   0   0  57   0   0   0   0   3   0   0   0   0  40   0  1.41 inf
   68 P   -2 -4 -3 -3 -4 -3 -3 -3 -4 -4 -4 -2 -4 -5  8 -1 -2 -5 -4 -4    0   0   0   0   0   0   0   1   0   0   0   0   0   0  97   2   0   0   0   0  2.46 inf
   69 D   -3 -3  1  7 -4 -1  1  1 -2 -4 -5 -2 -4 -5 -3 -1 -2 -5 -4 -4    0   0   4  80   0   2   4   9   0   0   0   0   0   0   0   0   0   0   0   0  1.17 inf
   70 Y   -3 -3 -3 -4 -1 -3 -3 -4  1 -3 -2 -3 -2  2 -4 -3 -3  1  9 -2    0   0   0   0   2   0   0   0   0   0   0   0   0   0   0   0   0   0  95   0  1.69 inf
   71 K   -2  2 -1 -2 -4  0  0 -3 -2 -4 -3  6 -2 -4 -2 -1 -2 -4 -3 -3    0   3   0   0   0   0   0   0   0   0   0  94   0   0   0   0   0   0   0   0  1.04 inf
   72 Y   -3 -3 -3 -4 -4 -3 -3 -4  1 -3 -2 -3 -2  2 -4 -3 -3  1  9 -2    0   0   0   0   0   0   0   0   0   0   0   0   0   0   0   0   0   0  97   0  1.74 inf
   73 R   -1  7 -1 -3 -4  1 -1 -3 -1 -4 -3  2 -2 -4 -3 -1 -2 -4 -3 -4    3  86   0   0   0   4   0   0   0   0   0   5   0   0   0   2   0   0   0   0  1.15 inf
   74 P   -2 -4 -3 -3 -4 -3 -2 -4 -4 -4 -4 -2 -4 -5  8 -2 -2 -5 -4 -4    0   0   0   0   0   0   0   0   0   0   0   0   0   0 100   0   0   0   0   0  2.55 inf
   75 R   -3  7 -2 -3 -5  0 -1 -4 -1 -4 -3  1 -3 -4 -3 -2 -2 -4 -3 -4    0  98   0   0   0   0   0   0   0   0   0   2   0   0   0   0   0   0   0   0  1.41 inf
   76 R   -2  7 -1 -3 -5  1 -1 -3 -1 -4 -3  2 -2 -4 -3 -2 -2 -4 -3 -4    0  91   0   0   0   2   0   0   0   0   0   7   0   0   0   0   0   0   0   0  1.25 inf
   77 K   -2  2 -1 -2 -4  0  0 -3 -2 -4 -4  6 -2 -4 -2 -1 -2 -4 -3 -3    0   5   0   0   0   0   0   0   0   0   0  95   0   0   0   0   0   0   0   0  1.04 inf

                      K         Lambda
Standard Ungapped    0.1314     0.3193
Standard Gapped      0.0573     0.2670
PSI Ungapped         0.1825     0.3094
PSI Gapped           0.0573     0.2670
