
Last position-specific scoring matrix computed, weighted observed percentages rounded down, information per position, and relative weight of gapless real matches to pseudocounts
           A  R  N  D  C  Q  E  G  H  I  L  K  M  F  P  S  T  W  Y  V   A   R   N   D   C   Q   E   G   H   I   L   K   M   F   P   S   T   W   Y   V
    1 E   -2 -1  0  3 -4  2  5 -3 -1 -4 -4  0 -3 -4 -2 -1 -2 -4 -3 -3    0   0   0  21   0   7  72   0   0   0   0   0   0   0   0   0   0   0   0   0  0.86 inf
    2 E   -2 -1  0  5 -4  1  5 -3 -1 -4 -4  0 -3 -4 -2 -1 -2 -4 -3 -4    1   0   0  39   0   1  59   0   0   0   0   0   0   0   0   0   0   0   0   0  0.93 inf
    3 P    1 -2  0 -1 -2  0 -1  0 -2 -1 -2 -1  0 -2  4  2  2 -3 -1 -1   15   0   4   0   0   3   2   5   0   5   1   0   3   0  21  20  18   0   1   2  0.31 inf
    4 S    0 -2 -1 -2 -1  1 -1 -1 -2 -1 -2 -1  0 -3  6  1  1 -4 -3 -1    3   0   2   0   1  10   0   2   0   6   2   0   4   0  44  16   8   0   0   2  0.72 inf
    5 D   -1 -1  1  4  0  1  2 -2 -1 -3 -3  0 -2 -4 -1  2  2 -4 -3 -2    0   0   2  36   2   5  13   0   0   0   0   3   0   0   2  20  17   0   0   0  0.45 inf
    6 L   -1 -2 -1 -2 -2 -1 -1 -3 -2  2  2 -2  2 -1  0  1  1 -3 -2  0    1   1   1   0   0   0   4   0   0  14  35   0   9   0   3  21   7   0   0   2  0.17 inf
    7 E   -1  2  0  3 -4  1  3 -1 -1 -3 -3  3 -1 -4 -2  0 -1 -4 -3 -3    2  12   0  20   0   2  29   3   0   0   0  28   2   0   0   2   0   0   0   0  0.47 inf
    8 E   -2 -1  0  4 -4  1  5 -3 -1 -4 -4  0 -3 -4 -2 -1 -1 -4 -3 -3    1   0   3  28   0   0  65   0   0   0   0   1   0   0   0   0   2   0   0   0  0.89 inf
    9 L   -2 -3 -4 -5 -2 -3 -4 -4 -3  1  5 -3  4  0 -4 -3 -2 -2 -2  0    0   0   0   0   0   0   0   0   0   0  86   0  14   0   0   0   0   0   0   0  0.77 inf
   10 E   -1 -1 -1  1 -5  2  6 -3 -1 -4 -4  0 -3 -4 -2 -1 -2 -4 -3 -3    3   0   0   1   0   3  93   0   0   0   0   0   0   0   0   0   0   0   0   0  1.14 inf
   11 Q    0  1 -1 -1 -4  6  1 -2  0 -2 -2  2  0 -4 -2 -1 -1 -3 -2 -3    5   4   0   1   0  63   6   1   1   2   2  14   2   0   0   0   1   0   0   0  0.66 inf
   12 F   -3 -4 -4 -5 -3 -4 -4 -4 -2 -1  0 -4 -1  8 -5 -4 -3  0  2 -2    0   0   0   0   0   0   0   0   0   0   6   0   0  94   0   0   0   0   0   0  1.38 inf
   13 A    6 -2 -3 -3 -1 -2 -2 -1 -3 -2 -2 -2 -2 -3  0  0 -1 -4 -3 -1   97   0   0   0   0   0   0   0   0   0   0   0   0   0   3   0   0   0   0   0  0.83 inf
   14 K   -1  2  2 -1 -4  0  0 -2 -1 -3 -3  5 -2 -4 -2 -1 -1 -4 -3 -2    1   6  14   0   0   0   0   0   0   0   0  73   0   0   0   0   3   0   0   2  0.68 inf
   15 T   -1 -1  0  2 -3  2  3 -2 -1 -1  0  0  0 -2 -2  0  1 -3 -2  0    2   0   2  13   0  12  30   2   0   0  12   0   3   0   0   2  16   0   0   6  0.24 inf
   16 F   -3 -3 -4 -4 -3 -4 -4 -4 -3  0  3 -4  0  6 -4 -3 -2 -1  1  0    0   0   0   0   0   0   0   0   0   0  40   0   0  57   0   0   0   0   0   3  0.78 inf
   17 K   -2  2 -1 -2 -4  0  0 -3 -2 -4 -4  6 -2 -4 -2 -1 -1 -4 -3 -3    0   5   1   0   0   0   0   0   0   0   0  93   0   0   0   0   1   0   0   0  1.00 inf
   18 Q   -1  1 -1 -1 -3  6  0 -3  4 -2 -1  0  0 -3 -2 -1 -1 -3 -2 -1    2   7   0   1   0  61   0   0  12   2   6   0   2   0   0   3   0   0   0   4  0.58 inf
   19 R   -2  5 -1 -2 -4  0  0 -3 -1 -4 -3  5 -2 -4 -2 -1 -2 -4 -3 -3    0  53   0   0   0   0   0   0   0   0   0  47   0   0   0   0   0   0   0   0  0.91 inf
   20 R   -3  7 -1 -3 -5  0 -1 -3 -1 -4 -3  1 -2 -4 -3 -2 -2 -4 -3 -4    0 100   0   0   0   0   0   0   0   0   0   0   0   0   0   0   0   0   0   0  1.39 inf
   21 I   -2 -4 -4 -4 -2 -4 -4 -5 -4  6  1 -4  2 -1 -4 -3 -1 -3 -2  2    0   0   0   0   0   0   0   0   0  85   2   0   4   0   0   0   0   0   0   8  0.78 inf
   22 K    0  0  0 -1 -3  0  0 -2 -2 -3 -3  4 -1 -3 -2  1  3 -4 -3 -2    3   0   1   0   0   0   1   0   0   0   0  55   1   0   0   7  32   0   0   0  0.51 inf
   23 L   -2 -3 -4 -5 -2 -3 -4 -5 -4  1  5 -3  2  0 -4 -3 -2 -3 -2  0    0   0   0   0   0   0   0   0   0   0  96   0   4   0   0   0   0   0   0   0  0.84 inf
   24 G   -1 -3 -1 -2 -4 -3 -3  7 -3 -5 -5 -3 -4 -4 -3 -1 -3 -4 -4 -4    0   0   0   0   0   0   0 100   0   0   0   0   0   0   0   0   0   0   0   0  1.52 inf
   25 F   -3 -3 -4 -4 -3 -3 -4 -4  0 -2 -1 -3 -1  6 -4 -3 -3  1  7 -2    0   0   0   0   0   0   0   0   0   0   0   0   0  45   0   0   0   0  55   0  1.26 inf
   26 T   -1 -2 -1 -2 -2 -2 -2 -3 -3 -2 -2 -2 -2 -3 -1  1  6 -4 -3 -1    0   0   0   0   0   0   0   0   0   0   0   0   0   0   1   5  94   0   0   0  1.00 inf
   27 Q   -2  0 -1 -2 -4  8  1 -3 -1 -4 -4  0 -2 -5 -3 -1 -2 -3 -3 -4    0   0   0   0   0 100   0   0   0   0   0   0   0   0   0   0   0   0   0   0  1.45 inf
   28 G    4 -2 -2 -2 -2 -2 -2  3 -2 -2 -3 -2 -2 -3 -2  1  2 -3 -3 -1   55   0   0   0   0   0   0  22   0   0   0   0   0   0   0   3  20   0   0   0  0.49 inf
   29 D   -3 -2  4  7 -4 -1  0 -2 -2 -4 -5 -2 -4 -5 -3 -1 -2 -5 -4 -4    0   0  20  80   0   0   0   0   0   0   0   0   0   0   0   0   0   0   0   0  1.26 inf
   30 V   -1 -4 -4 -4 -2 -3 -4 -4 -4  2  0 -3  0 -2 -3 -3 -1 -4 -2  6    0   0   0   0   0   0   0   0   0   3   0   0   0   0   0   0   0   0   0  97  0.90 inf
   31 G    0 -3 -1 -2 -4 -3 -3  7 -3 -5 -5 -3 -4 -4 -3 -1 -3 -4 -4 -4    2   0   0   0   0   0   0  98   0   0   0   0   0   0   0   0   0   0   0   0  1.51 inf
   32 L   -1 -2 -2 -3 -2  0  0 -3  0  1  4 -2  1  0 -3 -2 -2 -2  1  0    3   0   1   0   0   4  10   1   3   3  62   0   1   2   0   1   0   0   6   3  0.29 inf
   33 A    5 -2 -2 -2 -1 -2 -2  0 -3 -1 -2 -2 -2 -3 -2  1  2 -3 -3  0   74   0   0   0   0   0   0   2   0   2   0   0   0   0   0   2  18   0   0   2  0.57 inf
   34 M   -1 -3 -4 -4 -2 -2 -3 -4 -3  1  4 -3  4  0 -4 -3 -2 -2 -2  1    2   0   0   0   0   0   0   0   0   0  73   0  21   0   0   0   0   0   0   5  0.67 inf
   35 G    2 -3 -1 -2 -3 -2 -3  6 -3 -4 -4 -2 -3 -4 -3 -1 -2 -3 -4 -3   19   0   0   0   0   0   0  81   0   0   0   0   0   0   0   0   0   0   0   0  1.14 inf
   36 K    2  0  0 -2 -2 -1 -1 -2 -2  0 -1  2 -1 -2 -2  1  2 -3 -2  1   24   2   3   0   0   0   0   0   0   3   1  21   0   0   0   8  19   0   0  20  0.19 inf
   37 L   -2 -3 -4 -4 -2 -3 -4 -4 -4  1  5 -3  1  0 -4 -3 -2  1 -2  2    0   0   0   0   0   0   0   0   0   2  81   0   0   0   0   0   0   2   0  15  0.67 inf
   38 Y   -3 -3 -2 -4 -3 -2 -3 -4  4 -2 -2 -3 -2  4 -4 -1 -2  1  7 -2    0   0   0   0   0   0   0   0  15   0   0   0   0  24   0   5   2   0  54   0  0.97 inf
   39 G   -1 -3 -1 -2 -4 -3 -2  7 -3 -5 -5 -3 -4 -4 -3 -1 -3 -4 -4 -4    0   0   0   0   0   0   2  98   0   0   0   0   0   0   0   0   0   0   0   0  1.48 inf
   40 N   -1  0  5  0 -3  0  0 -2 -1 -4 -4  4 -2 -4 -2  1  1 -4 -3 -3    0   1  39   0   0   0   3   0   0   0   0  40   0   0   0  11   6   0   0   0  0.57 inf
   41 D   -1 -2 -1  3 -2 -1  1 -3 -2  1 -1 -2  3 -2 -3 -2 -1 -4 -2  3    0   0   1  28   0   0  10   0   0   3   0   0  16   0   0   0   2   0   0  40  0.33 inf
   42 F   -3 -4 -4 -5 -4 -2 -4 -4 -2 -1  0 -4 -1  8 -5 -4 -3  0  2 -2    0   0   0   0   0   3   0   0   0   0   4   0   0  93   0   0   0   0   0   0  1.41 inf
   43 S    0 -2  0 -1 -2 -1 -1 -1 -2 -4 -4 -1 -3 -4 -2  6  0 -4 -3 -3    2   0   0   0   0   0   0   0   0   0   0   0   0   0   0  98   0   0   0   0  1.00 inf
   44 Q   -2  0 -1 -2 -4  8  1 -3 -1 -4 -4  0 -2 -5 -3 -1 -2 -3 -3 -4    0   2   0   0   0  98   0   0   0   0   0   0   0   0   0   0   0   0   0   0  1.45 inf
   45 T   -1 -2 -1 -2 -2 -2 -2 -3 -3 -2 -2 -1 -2 -3 -2  0  7 -4 -3 -1    1   0   0   0   0   0   0   0   0   0   0   2   0   0   0   0  98   0   0   0  1.11 inf
   46 T   -1 -2 -1 -2 -2 -2 -2 -3 -3 -2 -2 -2 -2 -3 -2  0  7 -4 -3 -1    0   0   0   0   0   0   0   0   0   0   0   0   0   0   0   0 100   0   0   0  1.18 inf
   47 I   -2 -4 -4 -4 -2 -4 -4 -5 -4  6  1 -4  0 -1 -4 -3 -1 -4 -2  2    0   0   0   0   0   0   0   0   0  97   0   0   0   0   0   0   3   0   0   0  1.01 inf
   48 S   -1 -4 -3 -4 10 -3 -4 -3 -4 -3 -3 -3 -3 -4 -4  2 -1 -4 -4 -2    0   0   0   0  78   0   0   0   0   0   0   0   0   0   0  22   0   0   0   0  1.74 inf
   49 R   -3  7 -2 -3 -5  0 -1 -4  0 -4 -3  1 -3 -4 -3 -2 -2 -4 -3 -4    0  99   0   0   0   0   0   0   1   0   0   0   0   0   0   0   0   0   0   0  1.45 inf
   50 F   -3 -3 -4 -4 -3 -4 -4 -4 -2 -1 -1 -4 -1  8 -4 -3 -3  0  2 -2    1   0   0   0   0   0   0   1   0   0   1   0   0  93   0   1   0   0   0   0  1.37 inf
   51 E   -2 -1 -1  1 -4  1  6 -3 -1 -4 -4  0 -3 -4 -2 -1 -2 -4 -3 -3    1   0   0   0   0   0  93   1   0   0   1   0   0   0   0   1   0   0   0   0  1.15 inf
   52 A    4 -2  2 -1 -1 -1 -1 -1 -2 -2 -2 -1 -2 -3 -2  1 -1 -3 -2 -1   69   0  17   0   0   0   0   1   0   0   1   0   0   0   0   8   0   0   0   0  0.51 inf
   53 L   -2 -2 -3 -4 -2  0 -3 -4 -3  1  5 -3  1  0 -3 -3 -2 -2 -2  0    1   0   0   0   0   5   0   1   0   0  89   0   0   0   0   1   0   0   0   0  0.67 inf
   54 N   -2  0  3 -1 -4  6  1 -2  0 -4 -3  0 -2 -4 -2 -1 -1 -3 -2 -3    1   0  21   0   0  72   0   1   0   0   1   0   0   0   0   1   0   0   0   0  0.93 inf
   55 L   -2 -3 -4 -4 -2 -3 -3 -4 -3  1  5 -3  1  0 -3 -3 -2 -2 -2  0    1   0   0   0   0   0   0   1   0   0  93   0   0   0   0   1   0   0   0   0  0.76 inf
   56 S    0 -2  0 -1 -2 -1 -1 -1 -2 -3 -3 -1 -2 -3 -2  6  1 -3 -2 -2    1   0   0   0   0   0   0   1   0   0   1   0   0   0   0  90   3   0   0   0  0.83 inf
   57 F   -3 -3 -3 -4 -3 -3 -4 -4 -2 -1  0 -3 -1  7 -4 -3 -3  0  3 -2    1   0   0   0   0   0   0   1   0   0   6   0   0  81   0   1   0   0   7   0  1.11 inf
   58 K   -1  1 -1 -2 -4  0  0 -2 -2 -3 -3  6 -2 -4 -2 -1 -1 -4 -3 -3    4   0   0   0   0   0   0   1   0   0   1  89   0   0   0   1   0   0   0   0  0.90 inf
   59 N   -2 -1  7  0 -3 -1 -1 -1  0 -4 -4 -1 -3 -4 -3  0 -1 -4 -3 -4    1   0  93   0   0   0   0   1   0   0   1   0   0   0   0   1   0   0   0   0  1.30 inf
   60 M    1 -2 -3 -3 -2 -1 -3 -3 -2  0  1 -2  8 -1 -3 -2 -1 -2 -2  0   16   2   0   0   0   0   0   1   0   0   1   0  73   0   0   1   0   0   0   3  0.83 inf
   61 A   -1 -4 -3 -4 10 -2 -4 -3 -4 -2 -2 -4 -2 -3 -3 -1 -2  2 -3 -2    1   0   0   0  85   2   0   1   0   0   1   0   0   0   0   2   0   4   0   0  1.88 inf
   62 K   -2  1 -1 -2 -4  1  0 -3 -2 -4 -4  6 -2 -4 -2 -1 -1 -4 -3 -3    0   0   0   0   0   3   0   0   0   0   0  94   0   0   0   0   2   0   0   0  1.07 inf
   63 L   -2 -3 -5 -5 -2 -3 -4 -5 -4  1  5 -4  1  0 -4 -4 -2 -3 -2  0    0   0   0   0   0   0   0   0   0   0 100   0   0   0   0   0   0   0   0   0  0.94 inf
   64 K   -2  4 -1 -2 -4  1  0 -3 -2 -4 -3  5 -1 -4 -2 -1 -2  1 -3 -3    0  25   0   0   0   2   0   0   0   0   0  70   1   0   0   0   0   3   0   0  0.85 inf
   65 P    0 -3 -3 -3 -4 -2 -2 -3 -3 -4 -4 -2 -4 -5  8 -1 -1 -5 -4 -3    6   0   0   0   0   0   0   0   0   0   0   0   0   0  90   3   1   0   0   0  2.17 inf
   66 L   -2 -3 -4 -5 -2 -3 -4 -5 -4  3  5 -3  1  0 -4 -3 -2 -3 -2  0    0   0   0   0   0   0   0   0   0  16  83   0   0   2   0   0   0   0   0   0  0.74 inf
   67 L   -2 -3 -5 -5 -2 -3 -4 -5 -4  1  5 -4  1  0 -4 -4 -2 -3 -2  0    0   0   0   0   0   0   0   0   0   0 100   0   0   0   0   0   0   0   0   0  0.94 inf
   68 E    0  0  2  0 -3  5  3 -2  0 -3 -3  1 -2 -3 -2  0 -1 -3 -2 -2    6   3  11   0   0  43  21   0   1   0   0   4   0   1   0   6   2   0   1   2  0.50 inf
   69 K   -1  3 -1 -2 -4  1  0 -3 -1 -4 -3  6 -1 -4 -2 -1 -2 -4 -3 -3    2  19   0   0   0   4   0   0   0   0   0  72   2   0   0   2   0   0   0   0  0.81 inf
   70 W   -4 -4 -6 -6 -4 -4 -5 -4 -4 -4 -3 -5 -3 -1 -6 -5 -4 12  1 -5    0   0   0   0   0   0   0   0   0   0   0   0   0   0   0   0   0 100   0   0  3.61 inf
   71 L   -2 -3 -4 -4 -2 -3 -4 -5 -4  1  5 -3  1 -1 -4 -3 -2 -3 -2  2    0   0   0   0   0   0   0   0   0   1  77   0   0   0   0   0   0   0   0  21  0.68 inf
   72 N   -2 -1  2  2 -4  1  5 -1  1 -3 -3  0 -3 -4 -2 -1 -1 -4 -2 -2    0   2  12   9   0   3  62   3   3   0   1   0   0   0   0   2   1   0   1   3  0.64 inf
   73 D   -1 -1 -1  4 -5  1  6 -3 -1 -4 -4  0 -3 -4 -2 -1 -2 -4 -3 -3    2   0   0  22   0   1  72   0   0   0   0   2   0   0   0   0   0   0   0   1  0.95 inf
   74 A    5 -2 -2 -3 -1 -2 -2 -1 -3 -2 -2 -2 -1 -3 -2  0  0 -3 -3  0   83   0   0   0   0   0   0   0   0   0   0   0   2   0   0   0   3   0   0   7  0.61 inf
   75 E   -2 -2  0  5 -4  0  4 -2 -2 -4 -4 -1 -3 -4 -2 -1 -2 -4 -3 -4    0   0   0  49   0   0  43   2   0   0   0   0   0   0   0   0   0   0   0   0  0.88 inf
   76 S    0 -2  2 -1 -2 -1 -1 -1 -2 -3 -3 -1 -2 -3 -2  5  2 -4 -3 -2    0   0  11   0   0   0   0   0   0   0   0   2   0   0   0  65  15   0   0   0  0.56 inf
   77 I   -2 -2 -2 -3 -2 -3 -3 -4 -3  6  1 -3  0  0 -3 -2 -1 -3 -2  1    0   2   2   0   0   0   0   0   0  77   8   0   0   3   0   4   0   0   0   0  0.58 inf
   78 E   -1 -1  0  2 -3  1  5  0 -1 -4 -3  0 -3 -4  0  1 -1 -3 -3 -3    0   0   2   7   0   2  62   6   0   0   1   0   0   0   4  13   0   0   0   0  0.62 inf
   79 T   -1  0  3 -1 -2 -1 -1 -1 -1  0  0 -1  0 -2 -2  1  2 -3 -2  1    1   4  27   0   0   0   2   3   0   7  11   0   1   0   0  10  17   0   0  15  0.15 inf
   80 N    0  2  2  1 -2  0 -1  0  0 -1 -2  0 -1 -3 -2  2  1 -3 -2 -2    9  20  13   6   0   2   0   8   2   4   4   1   0   0   0  22   7   0   0   0  0.19 inf
   81 I    1 -3 -3 -3 -1 -2 -2 -2 -3  2  1 -2  0 -1  0 -1  0 -3 -2  4   19   0   0   0   0   0   0   0   0  11   7   0   0   0   4   3   1   0   0  52  0.31 inf
   82 R   -1  5 -1 -2 -4  1  0 -1 -1 -3 -3  4 -2 -3 -2  0 -1 -3 -2 -3    0  38   0   0   0   2   0   4   0   0   1  47   0   0   0   4   0   0   0   0  0.67 inf
   83 V    0 -2  0  1 -1 -1  1  4 -2 -1 -2 -1 -2 -2 -2  0 -1  1 -2  0    2   1   5   8   1   0  13  39   0   1   3   0   0   0   0   8   0   2   1  13  0.26 inf
   84 A    3  1  3 -1 -2 -1 -1 -1 -1 -1 -2 -1 -1 -3 -2  1  1 -3 -2 -1   38   8  23   0   0   0   0   1   0   2   1   0   2   0   0  10  11   0   0   2  0.27 inf
   85 L   -2 -3 -3 -4 -2 -3 -3 -4 -3  1  5 -3  1  0 -3 -3  0 -2 -2  0    1   0   0   0   0   0   0   1   0   0  87   0   0   0   0   1   6   0   0   0  0.66 inf
   86 E   -2 -1 -1  0 -4  1  6 -3 -1 -4 -4  0 -3 -4  0 -1 -2 -4 -3 -3    0   0   0   0   0   0  91   0   0   0   1   0   0   0   4   0   0   0   0   0  1.11 inf
   87 K    0  2  1 -1 -2  1  0  0 -1 -2 -2  2  0 -2 -2  2  1 -3 -1 -2    2  17   9   0   0   5   0   4   1   2   1  16   3   1   0  30   6   0   1   0  0.24 inf
   88 S    0 -1 -1 -2 -2 -1 -1 -2  5 -1  0 -1  3  1 -2  1 -1 -1  3 -1    8   3   1   0   0   0   3   0  26   0   5   0  19   6   0  13   0   0  14   0  0.29 inf
   89 F   -3 -3 -4 -4 -3 -4 -4 -4 -2 -1  0 -4 -1  8 -4 -3 -3  0  3 -2    0   0   0   0   0   0   0   0   0   0   5   0   0  86   0   0   0   0   4   0  1.23 inf
   90 L   -1  0 -2 -3 -1  1 -1  0  0  1  3 -1  3 -1 -2 -2 -1 -2 -1  1    1   4   0   1   1   8   2   8   3   8  42   1  12   0   0   1   1   0   0   5  0.17 inf
   91 E   -1  2 -1  0  0  4  2 -1  0 -3 -2  3 -1 -3 -2  0 -1 -3 -2 -2    1  12   0   3   3  29  10   3   1   0   1  28   0   0   0   1   3   0   0   2  0.38 inf
   92 N   -1 -1  3 -1  7  3 -1 -2  0 -3 -2  0 -2 -3 -2 -1 -1 -3 -2 -2    1   0  22   1  41  20   1   1   3   0   2   5   0   0   0   2   1   0   1   1  0.67 inf
   93 Q   -1 -2  0 -2 -3  1 -1 -2 -2 -2 -3 -1 -2 -3  7  1 -1 -4 -3 -2    1   0   5   1   0   9   1   1   0   3   1   1   0   0  62  11   1   0   0   2  1.18 inf
   94 K   -2  2  0 -1 -4  0  0 -2 -1 -3 -3  6 -2 -4 -2 -1 -1 -3 -2 -3    1   3   3   1   0   0   1   1   0   0   1  85   0   0   0   1   1   0   0   1  0.84 inf
   95 P   -2 -3 -3 -3 -4 -2 -2 -3 -3 -4 -4 -2 -3 -4  8 -2 -2 -4 -4 -3    0   0   0   0   0   0   0   0   0   0   1   0   0   0  94   0   0   0   0   0  2.30 inf
   96 T    0 -2  1 -1 -2 -1 -1  0 -2 -2 -2 -1 -2 -3  0  3  4 -3 -2 -2    1   0   6   0   0   0   0   7   0   0   2   0   0   0   3  42  35   0   0   0  0.43 inf
   97 S    2 -2 -1 -2 -2 -1 -2 -1 -2 -1  1 -1 -1 -2  2  3  1 -3 -2 -1   23   0   0   0   0   0   0   2   1   0  23   0   0   0   9  34   8   0   0   0  0.27 inf
   98 E   -1  0 -1 -1 -4  6  3 -3  3 -4 -2  0 -2 -4 -1  0 -2 -3 -2 -3    2   3   0   1   0  61  16   0   9   0   3   0   0   0   1   5   0   0   0   0  0.75 inf
   99 E   -2 -1 -1  2 -4  4  5 -3 -1 -4 -4  0 -2 -4 -2 -1 -2 -4 -3 -3    1   0   0  10   0  26  62   0   0   0   0   0   0   0   0   0   0   0   0   0  0.89 inf
  100 I   -2 -4 -4 -4 -2 -4 -4 -5 -4  6  1 -4  1 -1 -4 -3 -2 -4 -2  2    0   0   0   0   0   0   0   0   0  89   3   0   3   0   0   0   0   0   0   5  0.90 inf
  101 T    1 -2 -1 -2  0 -1 -1 -1 -2 -1 -1 -1  0 -1 -2  3  3 -3 -2  0    8   0   0   0   2   1   2   2   0   1   2   1   4   2   0  37  31   0   0   8  0.31 inf
  102 M   -1  2  0 -1 -3  2  0  0  5 -1 -1  0  2 -2 -2  0 -1 -3 -1 -2    2  17   4   1   0  12   5   9  24   3   3   1  10   0   0   8   0   0   0   1  0.26 inf
  103 I   -2 -3 -4 -4 -2 -3 -4 -4 -4  5  3 -3  3 -1 -4 -3 -1 -3 -2  2    0   0   0   0   0   0   0   0   0  55  30   0  10   0   0   0   1   0   0   4  0.60 inf
  104 A    6 -3 -3 -3 -2 -2 -2 -1 -3 -3 -3 -2 -2 -3 -2  1 -1 -4 -3 -1   94   0   0   0   0   0   0   1   0   0   0   0   0   0   0   5   0   0   0   0  0.92 inf
  105 D   -2  0  1  4 -4  2  4 -1 -1 -4 -3  1  0 -4 -2 -1 -2 -4 -3 -3    0   4   3  33   0  14  32   3   1   0   0   6   3   0   0   1   0   0   0   0  0.59 inf
  106 Q   -1 -1  0  1  0  4  2  1  0 -3 -3  0 -2 -4 -2  2  0 -3 -2 -3    1   1   3   8   2  29  15  10   2   0   0   1   0   0   0  26   1   0   0   1  0.39 inf
  107 L   -3 -3 -5 -5 -2 -3 -4 -5 -4  1  6 -4  1 -1 -4 -4 -2 -3 -2  0    0   0   0   0   0   0   0   0   0   0 100   0   0   0   0   0   0   0   0   0  1.01 inf
  108 N   -1  0  3 -1 -2  3  0  3  3 -4 -4  0 -2 -4 -2  1 -1 -3 -2 -3    1   3  22   0   1  24   1  29   9   0   0   2   0   0   0   7   2   0   0   0  0.46 inf
  109 M   -2 -3 -4 -5 -2 -3 -4 -5 -4  1  5 -3  5 -1 -4 -3 -2 -3 -2  0    0   0   0   0   0   0   0   0   0   0  73   0  24   0   0   0   0   0   0   2  0.81 inf
  110 E   -1 -1 -1  3 -5  2  6 -3 -1 -4 -4  0 -3 -5 -2 -1 -2 -4 -3 -4    2   0   0  14   0   4  80   0   0   0   0   0   0   0   0   0   0   0   0   0  1.09 inf
  111 K   -2  2 -1 -2 -4  0  0 -3 -2 -4 -4  7 -3 -4 -2 -1 -2 -4 -3 -4    0   5   0   0   0   0   0   0   0   0   0  95   0   0   0   0   0   0   0   0  1.17 inf
  112 E   -2 -2 -1  5 -5  0  5 -3 -2 -4 -4 -1 -4 -5 -2 -1 -2 -5 -4 -4    0   0   0  41   0   0  59   0   0   0   0   0   0   0   0   0   0   0   0   0  1.08 inf
  113 V   -1 -4 -4 -4 -1 -3 -4 -4 -4  2  0 -3  0 -2 -4 -3 -1 -4 -2  6    0   0   0   0   1   0   0   0   0   0   3   0   0   0   0   0   1   0   0  95  0.91 inf
  114 I   -1 -4 -4 -4 -2 -3 -4 -4 -4  2  0 -3  0 -2 -4 -3 -1 -4 -2  6    0   0   0   0   0   0   0   0   0   7   0   0   0   0   0   0   0   0   0  93  0.93 inf
  115 R   -3  7 -2 -3 -5  0 -1 -4 -1 -4 -4  1 -3 -4 -3 -2 -2 -4 -3 -4    0  99   0   0   0   0   0   0   0   0   0   0   0   0   0   1   0   0   0   0  1.48 inf
  116 V   -1 -4 -4 -4 -2 -3 -4 -4 -4  2  0 -3  0 -1 -3 -3 -1 -4 -2  6    3   0   0   0   0   0   0   0   0   0   1   0   0   1   0   0   0   0   0  95  0.87 inf
  117 W   -4 -4 -5 -6  2 -4 -5 -4 -4 -4 -3 -5 -3 -1 -5 -4 -4 12  1 -4    0   0   0   0   5   0   0   0   0   0   0   0   0   0   0   0   0  95   0   0  3.35 inf
  118 F   -4 -4 -4 -5 -4 -5 -5 -4 -2 -1 -1 -4 -1  8 -5 -4 -3  0  2 -2    0   0   0   0   0   0   0   0   0   0   0   0   0  98   0   0   0   0   2   0  1.60 inf
  119 C   -2 -5 -4 -5 10 -4 -5 -2 -4 -3 -3 -4 -3 -4 -4 -2 -2 -4 -1 -2    0   0   0   0  95   0   0   2   0   0   0   0   0   0   0   1   0   0   2   0  2.23 inf
  120 N   -3 -2  8  0 -4 -1 -1 -2 -1 -5 -5 -1 -3 -4 -3 -1 -1 -5 -3 -4    0   0 100   0   0   0   0   0   0   0   0   0   0   0   0   0   0   0   0   0  1.51 inf
  121 R   -3  7 -1 -3 -5  0 -1 -3 -1 -4 -3  1 -3 -4 -3 -2 -2 -4 -3 -4    0  98   1   0   0   0   0   0   0   0   0   0   0   0   0   0   0   0   0   0  1.36 inf
  122 R   -2  7 -1 -3 -4  0 -1 -3 -1 -4 -3  1 -2 -4 -3 -1 -2 -4 -3 -4    0  95   0   0   0   0   0   0   0   0   1   0   0   0   0   4   0   0   0   0  1.26 inf
  123 Q   -2  0 -1 -1 -4  7  1 -3 -1 -4 -3  1 -2 -5 -2 -1 -2 -3 -3 -3    0   0   0   0   0  95   0   0   0   0   0   5   0   0   0   0   0   0   0   0  1.31 inf
  124 K   -2  3 -1 -2 -4  0  0 -3 -2 -3 -3  6  0 -4 -2 -1 -2 -4 -3 -3    0  18   0   0   0   0   0   0   0   0   0  78   4   0   0   0   0   0   0   0  0.84 inf
  125 E   -1 -2 -1  1 -4  1  5  4 -1 -4 -4 -1 -3 -4 -2 -1 -2 -4 -3 -4    1   0   0   3   0   1  57  37   0   0   0   0   0   0   0   0   0   0   0   0  0.74 inf
  126 K   -2  1 -1 -2 -4  0  0 -2 -2 -4 -4  6 -2 -4 -2  0 -1 -4 -3 -3    0   0   0   0   0   0   0   0   0   0   0  95   0   0   0   5   0   0   0   0  0.99 inf
  127 R   -2  7 -1 -3 -5  0 -1 -3 -1 -4 -3  1 -2 -4 -3 -2 -2 -4 -3 -4    0 100   0   0   0   0   0   0   0   0   0   0   0   0   0   0   0   0   0   0  1.35 inf
  128 I   -1 -3 -3 -4 -2 -2 -3 -4 -3  3  2 -3  3 -1 -3 -2 -1 -3 -2  3    0   0   0   0   0   0   0   0   0  33  20   0  19   0   0   3   0   0   0  25  0.37 inf
  129 N   -1 -1  6  1 -3  0  0 -1  0 -3 -4  0 -2 -3 -2  1  0 -4 -2 -3    0   0  92   0   0   0   0   0   0   0   0   0   0   0   0   8   0   0   0   0  0.74 inf

                      K         Lambda
Standard Ungapped    0.1317     0.3157
Standard Gapped      0.0488     0.2670
PSI Ungapped         0.1588     0.3144
PSI Gapped           0.0488     0.2670
