
Last position-specific scoring matrix computed, weighted observed percentages rounded down, information per position, and relative weight of gapless real matches to pseudocounts
           A  R  N  D  C  Q  E  G  H  I  L  K  M  F  P  S  T  W  Y  V   A   R   N   D   C   Q   E   G   H   I   L   K   M   F   P   S   T   W   Y   V
    1 A    5 -3 -2 -3 -3 -3 -3 -2 -3 -4 -4 -3 -3 -5 -3  5 -1 -5 -4 -3   52   0   0   0   0   0   0   0   0   0   0   0   0   0   0  48   0   0   0   0  1.11 inf
    2 I   -5 -7 -7 -6 -7 -6 -6 -7 -7  3 -2 -6 -3 -7  8 -5 -2 -8 -7 -5    0   0   0   0   0   0   0   0   0  18   5   0   1   0  74   0   3   0   0   0  2.36 inf
    3 E   -6 -5 -5 -3 -9 -3  8 -7 -5 -8 -8 -4 -7 -8 -6 -5 -6 -8 -7 -7    0   0   0   0   0   0 100   0   0   0   0   0   0   0   0   0   0   0   0   0  2.84 inf
    4 K   -3  0 -3 -3 -3 -1 -2 -5 -4  3  3  1  5 -3 -5 -3 -2  0 -4  2    0   5   1   1   0   2   3   0   0  18  30   9  15   0   0   0   2   2   0  12  0.54 inf
    5 R    1  3 -3 -4 -3 -1 -2 -4 -3  2  2  1  1 -1 -4 -2  0 -1 -1  1   14  16   0   0   0   2   1   0   0  16  21   8   4   3   0   1   4   1   1   7  0.28 inf
    6 L   -4 -6 -7 -7 -4 -6 -6 -7 -7  2  4 -6 -2  0 -6 -5 -3 -6 -4  6    0   0   0   0   0   0   0   0   0  11  36   0   0   3   0   0   1   0   0  49  1.31 inf
    7 A    1  8 -5 -4 -5 -3 -4 -5 -5 -3 -6 -2 -6 -7 -6 -2 -4 -7 -6 -5   11  81   0   1   0   0   0   1   0   2   0   1   0   0   0   2   1   0   0   0  2.12 inf
    8 S    0  5 -3 -3 -4  0 -2 -2 -1 -6 -4  5 -4 -6 -4  2 -2 -6 -5 -4    6  27   0   1   0   2   1   3   2   0   1  38   0   0   0  15   2   0   0   1  0.94 inf
    9 L    3 -1 -3 -4 -2 -3  0 -2 -1  0  2 -2  1  2 -4 -2 -2  0  2  0   25   3   1   0   1   0   6   2   1   5  26   1   4   7   0   2   1   1   9   4  0.30 inf
   10 L   -3 -6 -7 -8 -2 -6 -7 -7 -7 -1  6 -6 -1 -1 -7 -5 -4 -6 -5  0    2   0   0   0   1   0   0   0   0   2  87   0   1   2   0   0   0   0   0   5  1.74 inf
   11 T   -3  1 -3 -4 -3 -3 -3 -5  8 -5 -5 -3 -5  3 -6 -3 -1  8  1 -6    2   9   1   1   1   1   1   0  39   0   0   1   0  13   0   2   4  20   4   0  1.70 inf
   12 G    3  3  0 -2 -3  0  1  0  3 -4 -4  1 -4 -4 -4  2 -2 -5 -2 -3   27  14   3   2   0   4   9   7   8   1   1   8   0   1   0  15   0   0   1   0  0.41 inf
   13 Q    1  4  0 -3 -1  2 -2 -4  1 -2  2  2  3 -2 -4 -2 -2 -4 -2 -3   12  21   5   0   1   8   1   1   3   1  22  11   8   1   0   2   1   0   1   0  0.36 inf
   14 G   -3 -4 -3 -3 -7 -6 -5  8 -4 -8 -8 -4 -7 -8 -6 -4 -6 -7 -7 -7    1   1   1   1   0   0   1  94   0   0   0   1   0   0   0   0   0   0   0   0  2.45 inf
   15 L   -4 -5 -6 -7 -4 -5 -6 -6 -1  1  3 -5 -1  6 -4 -5 -4 -1  5 -1    1   0   0   0   0   0   0   0   1   9  28   0   1  32   1   0   0   0  22   3  1.17 inf
   16 A   -4  8 -3 -4 -7 -3 -4 -1  0 -7 -6 -1 -6 -5 -6 -2 -2 -7 -5 -7    1  81   1   1   0   0   0   6   2   0   0   1   0   0   0   3   3   0   0   0  2.06 inf
   17 F   -6 -7 -7 -8 -1 -6 -7 -5 -1 -5 -5 -7 -5  6 -8 -6 -6  1  9 -6    0   0   0   0   1   0   0   1   1   0   0   0   0  32   0   0   0   1  64   0  2.63 inf
   18 R   -6  8 -4 -5 -5 -1 -4 -6 -2 -5 -4 -2 -3 -6 -7 -4 -4 -1 -6 -5    0  89   0   0   0   2   0   0   1   1   2   1   1   0   0   1   1   1   0   0  2.43 inf
   19 V   -2  0 -4 -5 -3 -4 -4 -6 -5  1  4  3 -1 -3 -4 -3 -2 -5 -4  2    2   4   0   0   0   0   0   0   0   7  49  20   0   0   0   2   2   0   0  13  0.74 inf
   20 Q   -5 -3  6 -1 -3  2 -4 -3  9 -7 -7 -2 -6 -6 -6 -3 -5 -7 -1 -7    0   1  34   3   1   9   0   2  45   0   0   2   0   0   0   1   0   0   2   0  1.92 inf
   21 D   -1  3 -1  3  0 -1 -2 -1  1 -2 -3 -1 -3 -2 -3 -1 -1  3  3  2    4  16   3  18   2   2   1   5   3   0   1   2   0   1   1   4   3   4  11  19  0.30 inf
   22 A    0  4 -1 -3 -4 -1 -2 -3 -1 -5 -5  6 -3 -6  0 -1 -2 -6 -4 -4    8  22   3   1   0   1   0   1   1   0   0  49   1   0   5   4   2   0   0   1  0.99 inf
   23 S    0  2  1  3 -3 -1  0  0 -1 -3 -4  2 -3 -5 -1  0  0 -3 -3 -2    7  13   5  22   0   2   5   8   1   1   0  16   0   0   3   7   7   0   0   3  0.34 inf
   24 L   -3 -6 -7 -7 -5 -6 -6 -6 -6  0  6 -5 -1 -2 -5 -6 -4 -5  0  1    3   0   0   0   0   0   0   1   0   3  80   1   1   1   0   0   0   0   4   7  1.50 inf
   25 P   -2 -3 -6 -5 -5 -4 -3 -5 -3 -4 -5 -3 -6  0  8 -4 -4 -7 -3 -3    3   2   0   0   0   1   1   1   1   1   1   1   0   4  80   0   1   0   1   2  2.36 inf
   26 G   -4 -2 -5 -6  0 -6 -6  8 -6 -8 -8 -6 -7 -7 -6 -4 -5 -7 -7 -7    0   2   0   0   2   0   0  94   0   0   0   0   0   0   0   0   1   0   0   0  2.46 inf
   27 R   -3  4 -1 -4  0 -2 -3 -5  3 -5 -4  5 -2 -6 -4  1  3 -6 -4 -4    1  20   2   0   2   1   0   0   6   0   1  39   1   0   0  10  16   0   0   1  0.91 inf
   28 P   -3 -5 -7 -6 -8 -6 -6 -5 -7 -8 -8 -6 -7 -8  9 -5 -6 -9 -8 -5    1   1   0   0   0   0   0   1   0   0   0   0   0   0  97   0   0   0   0   1  3.29 inf
   29 D   -6 -6 -3  9 -8 -5 -3 -6 -6 -8 -8 -5 -8 -8 -6 -5 -6 -9 -8 -8    0   0   0 100   0   0   0   0   0   0   0   0   0   0   0   0   0   0   0   0  3.07 inf
   30 F   -4 -6 -7 -7 -5 -6 -6 -7 -6  6  3 -6  0  3 -6 -6 -4 -5 -4  1    0   0   0   0   0   0   0   0   0  53  26   0   1  11   0   0   0   0   0   7  1.35 inf
   31 V    2 -6 -6 -6  0 -5 -6 -6 -6  0 -2 -5 -2 -2 -6 -3 -2 -1 -1  7   14   0   0   0   2   0   0   0   0   2   2   0   0   1   0   2   1   1   3  71  1.37 inf
   32 V   -5 -6 -3 -7 -2 -6 -6 -7 -5  2  4 -6  2  6 -7 -6 -5  0  0 -1    0   0   2   0   1   0   0   0   0   9  43   0   4  35   0   0   0   1   3   3  1.24 inf
   33 D   -1  1 -3 -1 -4 -3 -3 -3 -2 -2 -2  1 -3 -6  7 -1  1 -1 -5 -2    5   9   1   4   0   1   1   2   1   2   4   8   0   0  47   4   9   1   0   2  0.99 inf
   34 E   -1  4 -3 -1 -6 -2 -2  2 -3 -6 -5  6 -4 -6 -3 -1 -2 -6 -5 -5    4  19   0   3   0   1   2  15   0   0   0  48   0   0   1   4   2   0   0   0  1.02 inf
   35 Y   -1  4 -4 -6 -2 -2 -4 -5  3 -4 -3  0 -3 -1 -4 -4 -5  3  8 -5    5  19   0   0   1   2   0   0   7   1   2   7   1   1   1   1   0   3  49   0  1.40 inf
   36 R   -4  6  0 -4 -4  0 -3 -2  2 -7 -6  6 -3 -7 -5 -3 -4 -7 -5 -6    1  38   4   1   0   3   0   3   5   0   0  44   0   0   0   1   1   0   0   0  1.40 inf
   37 C    2 -3 -4 -4  2 -3 -4 -4 -4  3  0  1 -2 -3 -4 -2  3  0 -4  2   20   1   0   0   4   0   0   0   0  17  10  11   0   0   0   1  21   1   0  13  0.45 inf
   38 V    4 -6 -6 -6  2 -5 -5 -4 -6  2 -3 -5 -2 -5 -5 -4 -3 -6 -5  5   40   0   0   0   4   0   0   0   0   8   1   0   0   0   0   0   0   0   0  45  1.23 inf
   39 I   -5 -7 -7 -7 -5 -7 -7 -8 -7  7  0 -7 -2 -3 -7 -6 -4 -7 -5  4    0   0   0   0   0   0   0   0   0  66   5   0   1   1   0   0   0   0   0  28  1.86 inf
   40 F   -7 -7 -3 -8 -3 -3 -4 -8 -6 -5 -2 -7 -1  9 -8 -7 -7 -4 -1 -5    0   0   1   0   1   2   2   0   0   0   3   0   1  89   0   0   0   0   0   0  2.83 inf
   41 T   -3 -6 -7 -7  4 -6 -6 -7 -7  4 -2 -6 -1 -4 -6 -5 -1 -6 -3  7    1   0   0   0   7   0   0   0   0  18   2   0   1   0   0   0   4   0   1  66  1.58 inf
   42 H   -6 -2  5  5 -7 -2 -3 -6  9 -8 -8 -5 -6 -7 -6 -4 -5 -7 -4 -7    0   2  26  27   0   2   1   0  43   0   0   0   0   0   0   0   0   0   0   0  2.08 inf
   43 G   -4 -7 -5 -6 -7 -6 -6  7 -6 -8 -8 -6 -7 -8 -7  0 -6 -7 -7 -4    0   0   0   0   0   0   0  91   0   0   0   0   0   0   0   7   0   0   0   2  2.42 inf
   44 C   -4 -8 -7 -1 11 -7  1 -7 -8 -5 -6 -4 -7 -8 -8 -4 -5 -8 -7 -6    1   0   0   4  84   0   9   0   0   1   0   1   0   0   0   1   0   0   0   0  3.49 inf
   45 F   -7 -8 -8 -8 -7 -4 -8 -8 -6 -5 -4 -8 -2  9 -9 -7 -7 -4  2 -6    0   0   0   0   0   1   0   0   0   0   1   0   1  93   0   0   0   0   4   0  3.16 inf
   46 W   -8 -9-10-10 -8 -8 -9 -8 -8 -8 -7 -9 -7  1-10 -9 -8 13 -2 -9    0   0   0   0   0   0   0   0   0   0   0   0   0   4   0   0   0  95   1   0  4.99 inf
   47 H   -7 -6 -5 -7 -9 -5 -5 -8 11 -9 -8 -6 -7 -6 -8 -6 -7 -8  0 -9    0   0   0   0   0   0   0   0  98   0   0   0   0   0   0   0   0   0   2   0  4.13 inf
   48 H   -1  4 -3 -4 -2  1 -4  5  3 -6 -4 -1  0 -2 -5 -3 -4  0 -4 -4    3  21   1   0   1   7   0  49   6   0   2   2   3   2   0   1   0   1   0   1  1.01 inf
   49 H   -6 -3 -4 -6  5 -3 -5 -7 10 -7 -7  0 -6 -4 -7 -5 -6 -6  2 -7    0   1   0   0  12   1   0   0  74   0   0   5   0   1   0   0   0   0   6   0  2.93 inf
   50 H   -3 -2  3  4 -4 -1  0  4  1 -6 -5 -3 -3 -5  2 -2 -2 -6 -3 -5    1   2  14  26   0   3   6  27   4   0   0   1   0   0  11   2   1   0   1   1  0.74 inf
   51 C   -5 -6 -7 -6 11 -4 -3 -7 -1 -3 -3 -4 -2 -4 -6 -5 -4  7 -4 -3    0   0   0   0  70   1   2   0   2   1   2   1   1   1   0   0   1  13   1   2  2.88 inf
   52 Y   -1  3 -1 -1  1  0  1 -2  5 -4 -4  3 -4 -3  2 -1 -1 -2  1 -4    3  17   2   2   3   2   8   2  13   1   1  23   0   1   9   4   3   1   4   1  0.48 inf
   53 L   -1  2  1 -2 -2 -1 -1 -3  1  0  1  1  0  0 -2 -2 -2 -1  4 -1    4  12   7   2   1   2   3   1   3   5  18  11   2   4   2   1   1   0  17   5  0.21 inf
   54 F    3  0 -2 -4  0 -1 -3  2 -1 -3 -1 -2 -3  4 -2  0 -1  0  1 -3   23   5   1   0   2   3   1  17   2   0   5   2   0  23   2   5   4   1   4   1  0.39 inf
   55 K   -2  4 -1 -4 -5 -1 -1 -3  3 -4 -4  4 -4 -4 -3  1  2 -5  0  0    3  22   2   0   0   2   3   1   7   0   1  26   0   0   1   9  14   0   4   6  0.57 inf
   56 V   -1 -1 -1 -3 -3  0 -2 -3 -2  2  2 -2  3 -1 -1 -1  2  4 -2  2    3   4   3   1   0   4   1   1   1  12  17   2   9   2   3   3  14   6   1  13  0.23 inf
   57 P   -4 -4 -6 -3 -7 -4 -4 -5 -3 -3 -6  0 -7 -8  8 -5 -5 -8 -7 -4    1   1   0   2   0   1   1   1   1   2   1   5   0   0  83   0   0   0   0   1  2.57 inf
   58 A    1  0 -1 -2 -5  0 -1 -1  0 -4 -5  6 -3 -6 -4  0 -1 -6 -5 -2   14   4   2   1   0   3   2   4   2   1   1  52   0   0   0   7   3   0   0   2  0.85 inf
   59 T   -1  0  1 -3 -4 -2 -4 -4 -3 -5 -5 -1 -4 -5 -4  5  5 -6 -5 -4    5   4   5   1   0   1   0   1   1   0   0   4   0   0   0  37  40   0   0   0  1.07 inf
   60 R   -5  5  7 -3 -7 -3 -4 -5  2 -7 -5 -2 -6 -7 -5 -3 -4 -7 -6 -7    0  32  58   0   0   0   0   0   5   0   1   2   0   0   0   1   1   0   0   0  1.90 inf
   61 T    1  2 -2 -3 -2  2  0 -3 -1 -1 -2  0 -2 -3  1  0  3 -4 -2  0   11  13   1   0   1   8   5   1   2   4   3   6   0   0   6   6  24   0   1   8  0.27 inf
   62 E    0 -3 -2  5 -6 -1  6 -3 -2 -5 -6 -1 -5 -6 -2 -1 -2 -4 -6 -4    7   1   1  27   0   2  48   2   1   1   0   2   0   0   2   3   2   0   0   1  1.11 inf
   63 F   -6 -4 -7 -8 -4 -6 -6 -7 -4 -5 -2 -4 -4  8 -8 -6 -5  5  6 -4    0   1   0   0   0   0   0   0   0   0   2   1   0  59   0   0   0   7  27   0  2.28 inf
   64 W   -8 -9-10-10 -8 -8 -9 -8 -8 -9 -8 -9 -7 -5-10 -9 -8 13 -3 -9    0   0   0   0   0   0   0   0   0   0   0   0   0   0   0   0   0 100   0   0  5.36 inf
   65 L   -1  2 -1 -2 -3  1  1 -2 -1  2  1  1  0 -2 -3 -1  0 -3 -2  1    4  12   2   1   0   8  10   2   1  14  14  10   2   1   0   4   6   0   0   8  0.15 inf
   66 E    2  0  2  1 -1  0  2 -2 -2 -4 -4  3 -4 -5  3  0  0 -5 -4 -3   18   3   9   6   1   4  15   2   1   0   1  17   0   0  13   4   4   0   0   1  0.41 inf
   67 K   -6 -2 -5 -5 -8 -3 -4 -6 -1 -8 -7  8 -6 -8 -6 -5 -5 -8 -7 -7    0   1   0   0   0   0   0   0   1   0   0  98   0   0   0   0   0   0   0   0  2.76 inf
   68 I   -5 -2 -7 -7 -5 -4 -7 -7 -6  6  3 -6  0  5 -7 -6 -5 -5 -3 -1    0   2   0   0   0   1   0   0   0  51  22   0   1  21   0   0   0   0   0   2  1.40 inf
   69 G    1  0  1  2 -3  1  3  0 -2 -4 -3  1 -2 -5 -3  1  1 -5 -3 -3   10   5   7   9   0   4  26   7   1   1   2   8   1   0   0  10   7   0   0   0  0.35 inf
   70 K    1  6 -2 -2 -4  0 -1  1 -3 -5 -4  3 -4 -6 -5  0 -1 -6 -5 -4   10  45   1   2   0   2   3  10   0   0   1  15   0   0   0   5   3   0   0   1  0.89 inf
   71 N   -6 -5  9 -4 -8 -5 -5 -5 -4 -8 -8 -5 -7 -8 -7 -4 -1 -9 -7 -4    0   0  95   0   0   0   0   0   0   0   0   0   0   0   0   0   4   0   0   1  2.99 inf
   72 V   -2  4 -4 -5 -2  1 -3 -5 -2  3 -2  2  3 -4 -5 -3 -2 -5 -4  4    2  21   0   0   1   6   1   0   1  16   0  14   8   0   0   1   1   0   0  27  0.66 inf
   73 E    2  0 -1 -1 -5  3  5 -4 -1 -3 -3  0 -1 -6 -4  0 -3 -6 -5 -2   17   5   3   2   0  11  41   0   1   1   3   5   1   0   0   5   1   0   0   2  0.70 inf
   74 R   -6  8 -1 -6 -4 -3 -5 -7 -1 -6 -5 -1 -4 -7 -7 -5 -6 -7 -5 -6    0  91   3   0   0   0   0   0   1   0   1   2   0   0   0   0   0   0   0   0  2.60 inf
   75 D   -7 -6 -2  9 -9 -3 -2 -6 -6 -8 -9 -5 -8 -9 -6 -5 -6 -9 -8 -8    0   0   1  98   0   1   1   0   0   0   0   0   0   0   0   0   0   0   0   0  3.02 inf
   76 R    2  3 -1  0 -2  1  1 -2 -1  0 -2  2 -2 -3 -3 -1 -1 -4 -2 -1   16  20   2   4   1   6  11   2   1   7   4  14   1   1   0   4   2   0   1   3  0.28 inf
   77 R   -1  5 -2 -2 -3  1  4 -4  0 -3 -2  3 -2 -4 -4 -2 -3 -6 -4 -4    6  33   1   2   1   6  25   1   2   2   3  15   1   1   0   1   1   0   0   1  0.75 inf
   78 D    0 -3  5  1 -4  1 -1 -4  2  0 -3  1 -3 -5 -5 -1  0 -6 -3  3    7   1  28   7   0   6   2   0   5   6   1   8   0   0   0   2   4   0   1  23  0.53 inf
   79 I   -1  2  2  0  0  1  0 -3  1  2  0  0  0 -2 -3 -1  1 -4  0  0    3  11  10   5   2   7   6   0   3  15   9   4   2   1   0   3   9   0   4   6  0.13 inf
   80 S    2  2  0  0 -2  2  2 -2  0 -2 -2  2 -2 -4 -3  0  0 -3 -3 -2   19  10   4   4   1  10  16   2   2   2   3  12   1   0   0   6   6   0   1   2  0.27 inf
   81 R    2  1 -2  0 -4  2  3 -3  0 -2  0  2 -1 -2 -4 -1 -1 -3  0 -2   20   7   1   4   0  11  18   0   2   1   8  13   1   1   0   4   3   0   3   1  0.30 inf
   82 L   -4 -7 -6 -8 -3 -6 -7 -8 -7 -1  7 -7 -2 -3 -7 -6 -5 -3  1 -3    1   0   0   0   0   0   0   0   0   3  88   0   0   1   0   0   0   0   5   1  1.89 inf
   83 Q    0  3 -1 -2 -2  2  3 -3  0 -1  0  1 -1 -3 -4 -1  0 -4 -2 -2    9  15   3   1   1   8  22   1   2   4  11  10   1   1   0   3   6   0   1   2  0.28 inf
   84 E    3  0  1  1 -4  2  3 -2 -3 -4 -3  1 -2 -1 -4  0 -1 -5 -3 -3   25   5   6   9   0   8  20   2   0   1   2   7   1   4   0   7   3   0   0   1  0.37 inf
   85 L    1 -1 -1  0 -4  1  0 -2 -2 -1  3  0  5 -3 -4  0 -2 -5 -3 -2   14   2   3   4   0   8   5   2   1   3  29   5  15   0   0   7   1   0   0   0  0.35 inf
   86 G   -4 -4 -1 -1 -5 -4 -6  7 -5 -8 -8 -5 -7 -8 -7 -4 -6 -7 -5 -8    0   1   2   3   0   1   0  90   0   0   0   1   0   0   0   1   0   0   0   0  2.34 inf
   87 W   -8 -6-10-10 -8 -8 -9 -8 -8 -1 -5 -9 -7 -1-10 -9 -8 13  1 -6    0   0   0   0   0   0   0   0   0   4   1   0   0   2   0   0   0  88   3   0  4.55 inf
   88 R   -3  5  1 -2 -4  0 -1 -4  3 -2 -3  3 -3 -5 -5 -1  2 -4 -3 -4    1  37   7   2   0   3   2   0   7   2   2  15   0   0   0   4  14   0   1   1  0.77 inf
   89 V   -2 -5 -7 -5  2 -5 -6 -6 -5  2 -2 -5 -3 -4 -3 -3 -1 -7 -3  7    3   1   0   0   3   0   0   0   0   7   1   0   0   0   2   2   3   0   1  75  1.55 inf
   90 L   -1 -5 -6 -5  1 -4 -3 -3 -2  4  4 -3  2  1 -6 -4 -4 -5 -1  0    5   0   0   0   2   1   2   2   1  26  44   1   4   5   0   0   0   0   1   5  0.79 inf
   91 I   -3  4 -4 -3 -4 -3 -2 -6  1  3 -2 -2 -2 -4 -5 -3  3 -2 -4  4    1  21   0   1   0   0   2   0   3  16   2   1   0   0   0   1  18   1   0  32  0.75 inf
   92 V   -4 -6 -7 -7 -3 -6 -7 -7 -6  5  0 -6 -3  3 -6 -6 -4 -2 -2  5    1   0   0   0   0   0   0   0   0  33   7   0   0  13   0   0   0   1   1  44  1.36 inf
   93 W   -9 -5-10-10 -8 -8 -9 -9 -8 -9 -8 -9 -7 -2-10 -9 -8 13 -1 -9    0   1   0   0   0   0   0   0   0   0   0   0   0   1   0   0   0  97   1   0  5.15 inf
   94 E   -5 -3 -5 -1 -8  0  8  0 -5 -8 -7 -4 -7 -8 -6 -4 -4 -7 -7 -7    0   1   0   3   0   3  85   7   0   0   0   0   0   0   0   1   1   0   0   0  2.19 inf
   95 C   -5 -7 -4 -5 11 -5 -4 -7  5 -6 -6 -2 -6 -2 -7 -3 -4 -7 -6 -6    0   0   1   1  77   0   1   0  11   0   0   3   0   2   0   2   1   0   0   0  3.21 inf
   96 A    2 -2 -3  2 -6  3  6 -2 -2 -6 -5 -2 -5 -5 -4  0 -2 -6 -5 -4   17   1   1   9   0  12  46   3   1   0   0   1   0   0   0   5   2   0   0   1  0.94 inf
   97 L   -3 -5 -5 -5 -3 -4 -5 -6 -3  4  5 -5  1 -1 -5 -4  1 -5 -4  1    1   0   0   0   0   0   0   0   1  26  48   0   2   2   0   0  10   0   0   9  0.97 inf
   98 R   -3  4 -1 -3 -6  0 -2 -3 -3 -3 -3  6 -1 -5 -4 -2 -2 -6 -4 -3    2  24   3   1   0   3   1   2   0   1   2  52   2   0   0   3   2   0   0   2  1.15 inf
   99 G    0  0  2  2 -4  0  0  3  1 -4 -4  3 -4 -5  0  0 -2 -3 -3 -4    6   5  12  13   0   4   4  20   3   0   1  19   0   0   5   4   2   0   0   1  0.40 inf
  100 R    0  2  1  1 -3  0  1 -2  1 -1 -2  3  1 -4  0  0 -1 -4 -3 -2    7  14   7   7   0   3   7   2   3   3   3  23   4   0   5   6   3   0   0   1  0.26 inf
  101 E    0  0  1  1 -2  1  1 -1  0 -1  0  0  0  0  0  0  1 -3 -1  0    7   5   7   8   0   5  11   3   2   2  11   6   2   4   4   5  10   0   1   7  0.06 inf
  102 K    0  4  0  2 -4  0  2 -2  0 -2 -2  3 -2 -3 -2 -2 -2 -4 -2 -2   10  22   3  11   0   3  11   3   2   2   3  21   1   1   1   2   1   0   1   3  0.38 inf
  103 L    0 -1 -1  0 -2  0  1 -2  0  1  2  0  0 -1 -1 -1  0 -2 -1  0    8   3   3   5   1   4  10   3   2   6  29   5   2   2   2   3   5   1   1   7  0.08 inf
  104 T    0  0  0  1  5 -1  0 -1 -1 -1 -1  0 -1 -3  0  0  1 -2 -2  0    5   7   5   8  13   2   6   4   1   3   4   5   1   1   5   8  12   0   1   8  0.15 inf
  105 D    0 -1  0  2 -1 -1  1 -2 -2  1  1 -1  0 -1 -1  0 -1 -2 -2  1    7   4   5  13   1   2  10   2   1   9  16   2   2   2   3   5   3   0   1  12  0.08 inf
  106 E    0  1  0  2 -4  2  4 -2 -1 -3 -3  2 -3 -4 -1 -1  0 -3 -3 -3    9   8   4  12   0   7  26   2   1   1   3  12   0   0   3   3   6   0   0   1  0.39 inf
  107 A    2  2 -1  0 -3  1  1 -1 -2  0  0  1 -1 -2 -2 -1  0  0 -1  0   18  13   3   4   0   8   7   3   0   4   9   8   2   1   1   3   5   2   1   8  0.11 inf
  108 L   -2 -3 -4 -5 -1 -4 -5 -6 -5  3  4 -4  0 -2 -4 -3  2 -3 -3  3    3   2   1   0   1   1   0   0   0  18  39   1   1   1   0   1  12   0   0  19  0.71 inf
  109 T    1  0 -1 -1  0 -1  1 -2 -2  2  2 -1  1 -2 -2  0  0 -4 -2  1   12   5   2   2   2   2  12   1   1  12  20   2   3   1   2   7   4   0   1   9  0.12 inf
  110 E    0  1  1  3 -4  1  4 -3 -1 -4 -3  1 -3 -4 -3 -1 -2 -4 -2 -3    7   9   6  16   0   7  32   2   1   1   3   6   0   0   1   4   2   0   1   2  0.53 inf
  111 R    0  5 -2 -1 -2  1  0 -4  0 -2  0  1 -2  0 -4 -1  1  0 -1 -1    7  31   2   2   1   5   5   0   3   2  12   7   0   3   0   4   8   1   2   3  0.35 inf
  112 L   -2 -6 -7 -7  0 -5 -6 -7 -6  5  5 -6  1 -2 -6 -5 -3 -5 -2  2    2   0   0   0   2   0   0   0   0  30  46   0   2   1   0   0   1   0   1  13  1.13 inf
  113 E    1  2  1  0 -3  0  3 -3 -1  0 -3  1 -3 -2 -2  1  0 -4  0 -1   13  11   7   4   0   3  22   1   1   6   0   7   0   1   1   8   7   0   3   4  0.26 inf
  114 E    1  1  1  2 -3  1  4 -2  0 -4 -4  1 -4 -4 -3 -1 -1 -1 -2 -3   12   8   5   9   0   7  33   2   2   1   1  10   0   0   0   4   3   1   1   1  0.50 inf
  115 W   -2 -5 -7 -5 -6 -2  0 -6 -3  0 -2 -5 -2  5 -7 -3  0 10 -1 -3    4   0   0   0   0   2   6   0   1   5   4   1   1  24   0   2   5  42   1   2  1.89 inf
  116 I   -5 -4 -7 -7 -5 -4 -6 -7 -6  5  5 -6  1 -2 -6 -6 -3 -3 -3  1    0   1   0   0   0   1   0   0   0  36  50   0   2   1   0   0   1   0   0   7  1.30 inf
  117 C   -2  3 -1 -1  4  0  1 -3 -1 -1  0  2 -1 -2 -3 -1  0 -4 -3 -2    2  20   3   4  11   4   8   2   2   4  12  11   1   2   1   4   7   0   0   2  0.26 inf
  118 G    1 -3  0  1 -3 -2  0  4 -2 -4 -5 -3 -4 -2 -1  4  0 -5 -4 -3    9   1   3   9   0   1   5  28   1   1   0   0   0   2   3  30   4   0   0   1  0.57 inf
  119 E   -1 -1  1  4 -5 -1  1  3 -2 -4 -5 -2 -3 -5  0  1  0 -5 -5 -4    5   3   7  26   0   2  10  22   0   1   1   2   0   0   4  11   7   0   0   1  0.52 inf
  120 G    2 -1  0  0 -1  1  3  1 -1 -3 -4 -1 -3 -4  0  1 -1 -5 -3 -2   18   2   5   5   1   7  22  12   1   1   1   2   0   0   3  12   4   0   0   2  0.31 inf
  121 A    0 -1  0  1 -2  1  0  0  1 -2 -2  1 -2 -3  3  1  0 -4 -2 -1    6   2   4   8   1   6   4   9   4   2   2  12   1   0  15  13   5   0   1   5  0.21 inf
  122 S    0 -2  1 -1  0  0  0 -2  0 -1  0 -1 -1  2  0  2  0 -3  2 -1    6   1   6   2   2   4   7   1   2   2  11   3   2  10   4  21   5   0   8   3  0.13 inf
  123 A    3 -2 -2 -3  1 -2  0  1 -1  1  1 -1  0 -1 -2  0 -1 -4  0 -1   29   1   1   0   3   1   6  10   1  11  14   3   2   3   1   7   3   0   3   1  0.18 inf
  124 Q   -3 -2  0 -1 -6  3  6 -5 -1 -5 -4 -2 -5 -4 -5  0 -2 -6  0 -3    1   1   4   1   0  14  61   0   1   1   1   1   0   1   0   6   2   0   4   2  1.22 inf
  125 I   -4 -6 -3 -6 -4 -5 -3 -5 -6  7  1 -3  1  0 -6 -4 -4 -5 -4  1    0   0   2   0   0   0   2   1   0  68  10   1   3   4   0   1   0   0   0   8  1.36 inf
  126 D   -1  3 -1  6 -5 -1  2  0 -3 -5 -5 -2 -5 -6 -1 -1 -1 -6 -5 -4    5  18   1  47   0   1  13   6   0   0   0   0   0   0   2   4   2   0   0   1  0.90 inf
  127 T    0 -2 -1  2 -2 -1  2  2  0 -2 -2 -1 -2 -3 -2  1  2 -4 -2 -1    8   1   1  12   1   1  15  19   2   1   3   1   0   0   1   9  19   0   1   4  0.27 inf
  128 Q   -1  2  2 -1 -3  4  3 -1 -2 -4 -2  2 -3 -4 -3  0 -1 -2 -3 -3    5  10  11   0   1  26  22   4   0   0   3  10   0   0   0   5   1   0   0   2  0.51 inf
  129 G    0 -2 -2 -2 -4 -3 -3  6 -4 -3 -5 -2 -4 -5 -1  0 -1 -5 -5 -4    7   2   0   1   0   0   1  73   0   1   0   2   0   0   4   5   4   0   0   0  1.21 inf
  130 I   -3 -4 -5 -5  2 -4 -3 -5 -5  6  2 -4  2 -2 -5 -4 -2 -4 -3  1    0   0   0   0   4   0   2   0   0  62  21   0   6   0   0   0   0   0   0   4  0.94 inf
  131 H   -1  2 -1 -2 -4  1 -1 -2  8 -4 -4  0 -3 -1 -3  1 -1 -3  2 -4    4  10   0   0   0   6   2   2  47   0   0   3   0   2   0  14   3   0   6   0  0.84 inf
  132 L    0 -1  0 -2 -3  3 -1 -3 -2 -1  2  0  2 -2  4 -1 -1 -3 -2 -1   12   1   5   0   0  18   1   0   0   0  26   6   6   1  23   0   2   0   0   1  0.36 inf
  133 L    1 -3 -3 -4 -2 -2 -3 -3 -3  2  4 -3  3 -1 -3 -2  1 -3 -2  1   15   0   0   0   0   0   0   0   0  11  48   0  12   0   0   0  10   0   0   4  0.39 inf
  134 A    5 -2 -2 -3 -1 -2 -2  0 -2 -2 -2 -1 -2 -3 -2  1 -1 -3 -3 -1  100   0   0   0   0   0   0   0   0   0   0   0   0   0   0   0   0   0   0   0  0.74 inf

                      K         Lambda
Standard Ungapped    0.1407     0.3257
Standard Gapped      0.0570     0.2670
PSI Ungapped         0.1849     0.3133
PSI Gapped           0.0570     0.2670
