
Last position-specific scoring matrix computed, weighted observed percentages rounded down, information per position, and relative weight of gapless real matches to pseudocounts
           A  R  N  D  C  Q  E  G  H  I  L  K  M  F  P  S  T  W  Y  V   A   R   N   D   C   Q   E   G   H   I   L   K   M   F   P   S   T   W   Y   V
    1 L   -2 -3 -4 -4 -2 -3 -3 -4 -3  3  4 -3  2  1 -3 -3 -1 -2 -1  1    0   0   0   0   0   0   0   0   0  19  62   0   7   7   0   0   0   0   0   4  0.46 inf
    2 S   -1 -1  2  3 -3  0  2 -2 -1 -3 -3  0 -2 -3 -2  2  2 -4 -3 -2    0   1  12  24   0   0  17   0   0   0   0   2   0   0   0  30  15   0   0   0  0.42 inf
    3 W   -4 -4 -6 -6 -4 -4 -5 -4 -4 -4 -3 -5 -3 -1 -6 -5 -4 12  1 -5    0   0   0   0   0   0   0   0   0   0   0   0   0   0   0   0   0 100   0   0  3.60 inf
    4 D   -3 -3  0  7 -5 -1  0 -3 -2 -4 -5 -2 -4 -5 -3 -1 -2 -6 -4 -5    0   0   0 100   0   0   0   0   0   0   0   0   0   0   0   0   0   0   0   0  1.62 inf
    5 I   -2 -4 -4 -4 -2 -4 -4 -5 -4  6  1 -4  0 -1 -4 -3 -2 -4 -2  2    0   0   0   0   0   0   0   0   0  95   0   0   0   0   0   0   0   0   0   5  1.01 inf
    6 N   -3 -1  8  0 -4 -1 -1 -2 -1 -5 -5  0 -3 -4 -3 -1 -1 -5 -3 -4    0   0  95   0   0   0   0   0   0   0   0   5   0   0   0   0   0   0   0   0  1.41 inf
    7 D   -3 -3  0  7 -5 -2  0 -3 -2 -4 -4 -2 -4 -5 -3 -2 -2 -6 -4 -4    0   0   0  99   0   0   0   0   0   0   1   0   0   0   0   0   0   0   0   0  1.63 inf
    8 V    1 -2 -1 -2 -2 -2 -2 -2 -2  1 -1 -2  2 -2  5  2  0 -4 -3  0   11   0   2   0   0   0   0   0   0  12   2   0  11   0  30  21   4   0   0   6  0.47 inf
    9 K   -1  0  1 -1 -3  4  0 -2  1 -1 -3  4 -2 -3 -2  1 -1 -4 -2 -1    1   1   7   0   0  29   0   0   4   6   0  37   0   0   0   9   2   0   0   4  0.44 inf
   10 L   -2 -3 -3 -4 -2 -2 -3 -4 -3  2  4 -3  4 -1 -3  0  0 -3 -2  2    0   0   0   0   0   0   0   0   0   8  50   0  16   0   0   9   5   0   0  12  0.42 inf
   11 P    0 -3 -3 -3 -4 -3 -3 -3 -4 -4 -4 -2 -4 -5  8 -2  0 -5 -4 -3    9   0   0   0   0   0   0   0   0   0   0   0   0   0  86   0   5   0   0   0  2.09 inf
   12 Q   -1  1 -1  1 -3  5  1 -2  0 -2 -2  2  0 -2 -1 -1  2 -3 -2 -2    0   7   0   9   0  39   2   0   2   1   2  12   3   1   1   0  19   0   0   0  0.41 inf
   13 N    1 -1  4  2 -2  0  2 -1 -1  0 -2 -1 -2 -3 -1  0  0 -3 -2  0   13   0  29  14   0   2  15   2   1   7   1   0   0   0   2   1   3   0   0   9  0.26 inf
   14 V   -1 -3 -3 -3  1 -2 -2 -3 -3  2  1 -3  0 -2  4  0 -1 -4 -2  4    1   0   0   0   3   1   1   1   0  12  10   0   0   0  20   8   2   0   0  42  0.43 inf
   15 K    0  0  1  4 -3  0  1 -2 -2 -2 -3  2 -2 -3 -2  1  1 -4 -3 -2    8   5   4  29   0   0   9   1   0   1   0  18   0   1   0  10  11   0   0   2  0.33 inf
   16 T    0  1 -1 -1 -2  3  2 -2  3 -3 -2  2 -2 -2 -2  1 -1 -3  0 -2    6   8   1   0   1  17  18   0   9   0   4  19   0   1   0  10   1   0   3   2  0.29 inf
   17 T   -2 -3 -2  0 -3 -2  0  0  2 -1 -1 -3 -2  6 -4 -2  1 -1  3 -2    0   0   0   7   0   0   7   7   5   2   0   0   0  48   0   0  10   0  12   1  0.55 inf
   18 D   -3 -2  0  7 -5 -1  2 -3 -2 -4 -5  0 -4 -5 -3 -1  0 -6 -4 -4    0   0   2  78   0   0   8   0   0   0   0   6   0   0   0   0   6   0   0   0  1.29 inf
   19 W   -1  0  1  3 -3  1  2 -2  2 -3 -2  0 -2  0  0  0  1  4 -1 -2    4   3   5  20   0   7  19   1   7   0   2   2   0   5   3   3  10   8   0   1  0.29 inf
   20 F   -3  0 -3  0 -4 -3 -3 -4  2 -2 -1 -3 -2  7 -4 -3 -3  6  2 -3    0   5   0   8   0   0   0   0   5   0   1   0   0  63   0   0   0  12   4   0  1.14 inf
   21 Q   -2  2  2  2  1  3  0 -2  0  0 -2  0 -2 -3  1 -1 -1 -4 -3 -2    0  16  15  12   4  21   4   1   1  11   0   1   0   0   8   2   2   0   0   0  0.30 inf
   22 E   -2 -2  2  4 -4  0  5  1 -2 -4 -3 -1 -1 -4 -3 -1 -2 -4 -4 -4    0   0   9  31   0   0  45   9   0   0   2   0   2   0   0   0   0   0   0   0  0.76 inf
   23 W   -5 -5 -6 -7 -5 -4 -5 -5 -3 -5 -4 -5 -4 -1 -6 -5 -5 12  5 -5    0   0   0   0   0   0   0   0   0   0   0   0   0   0   0   0   0  80  20   0  3.37 inf
   24 P    0 -4 -4 -3 -2 -3 -3 -4 -4 -1 -4 -3 -4 -5  8 -1 -1 -5 -4 -2    9   0   0   0   1   0   0   0   0   5   0   0   0   0  77   3   3   0   0   3  1.84 inf
   25 D   -3 -2  5  6 -4 -1  0 -2 -2 -5 -5 -2 -4 -5 -3  1 -1 -5 -4 -4    0   0  39  49   0   2   1   0   0   0   0   0   0   0   0   8   2   0   0   0  1.11 inf
   26 S   -1 -4  0 -3 -4 -3 -3  6 -3 -5 -5 -3 -4 -5 -4  2 -2 -4 -4 -5    1   0   5   0   0   0   0  80   0   0   0   0   0   0   0  15   0   0   0   0  1.35 inf
   27 Y   -3 -2  4  3 -4 -2 -1 -3  5 -4 -4 -2 -3 -1 -3  0  0 -2  5 -4    0   0  27  17   0   0   0   0  19   0   0   0   0   1   0   7   5   0  25   0  0.72 inf
   28 V   -1 -3 -3 -4  5 -1 -2 -4 -4  1 -1 -3 -1  0 -3 -2  1  3 -2  4    4   1   1   0  14   4   1   0   0   4   0   0   0   4   0   1  12   4   0  49  0.47 inf
   29 K   -2  5 -2 -3 -4  1 -1 -3  1 -2 -3  3 -2 -1 -3  0 -1 -4 -2  1    0  45   0   0   0   4   0   0   4   0   0  19   0   4   0   5   3   0   0  16  0.56 inf
   30 H   -3  4 -2 -3 -2 -1 -1 -4  3 -2  0 -1  0  4 -4 -3 -3 -2  3 -2    0  35   0   0   1   0   4   0  10   0  12   1   2  24   0   0   0   0  12   0  0.56 inf
   31 I   -1  2 -2 -1  2 -2  0 -4  0  3  0 -1  1 -2 -3 -2 -1 -4 -2  3    2  15   1   4   5   0   8   0   4  28   4   0   4   0   0   0   0   0   0  24  0.24 inf
   32 Y   -3 -3 -4 -4 -4 -3 -4 -5 -1  1  0 -1 -2  4 -4 -2 -3  0  7 -2    0   0   0   0   0   0   0   0   0  11   8   6   0  14   0   4   0   0  58   0  1.07 inf
   33 S    1  1 -1 -1 -2 -1  1 -2  0 -2 -1  1 -2 -3  2  3  1 -4 -2 -1   11  10   0   1   0   0  11   1   2   0   7   7   0   0  11  30   6   0   0   5  0.24 inf
   34 S    2 -2 -2  1 -3 -1 -1  0 -2 -2 -2  1 -2 -4  4  2 -1 -4 -3  0   19   1   0   8   0   2   0   4   0   0   1   9   0   0  26  20   0   0   0  10  0.45 inf
   35 D    0 -1  1  3 -3  0  2  2  0 -3 -3  0 -2 -3 -2  0  0 -3 -1 -1   10   1   7  23   0   2  19  16   2   0   1   4   1   0   0   4   5   0   2   5  0.28 inf
   36 D   -1  0  1  4  2  1  4 -3 -1 -4 -4  0 -3 -4 -2  1 -2 -4 -3 -3    4   6   4  29   6   4  32   0   0   0   0   5   0   0   0  10   0   0   0   0  0.56 inf
   37 R   -1  1  1  1 -3  2  2 -3 -1  0 -2  2 -2 -3  1  0 -1 -4 -3  0    1   9   6   6   0  11  20   0   0   6   1  16   0   0   7   4   2   0   0  10  0.25 inf
   38 N   -1  0  2  2 -3  0  2 -2 -1 -1 -2  1 -2 -1  3 -1 -1 -4 -2 -1    5   3  12  12   0   1  20   1   1   6   0  12   0   4  15   2   0   0   0   6  0.27 inf
   39 A    4 -2 -2 -1 -2 -2 -2  0 -3 -3 -2 -1 -2 -4  2  0  2 -4 -3 -2   60   0   0   4   0   0   0   4   0   0   3   4   0   0  11   0  14   0   0   0  0.57 inf
   40 Q   -2  3  2 -1 -4  4  0  2 -1 -4 -3  1 -2 -4 -2 -1  0 -3 -3 -3    0  24  12   0   0  27   4  20   0   0   0   6   0   0   0   0   5   0   0   0  0.49 inf
   41 R   -2  4 -3 -3 -4 -1 -2  0 -2 -3 -1  2 -2  2 -3 -2 -3  8  0 -3    3  32   0   0   0   0   0   6   0   0   5  11   0  12   0   0   0  27   0   0  0.85 inf
   42 H   -2  1  1 -2 -4 -1 -1  1  8 -4 -4  2 -3 -3 -3 -1 -2 -4 -1 -4    0   8   5   0   0   0   0  11  53   0   0  16   0   0   0   4   0   0   0   0  0.99 inf
   43 L   -1 -2 -2 -1 -1 -1  1  0 -1  1  2 -2  0  2 -3 -1  0 -2 -1  0    5   0   1   4   1   3  13   8   1  10  34   0   0  12   0   3   5   0   0   2  0.12 inf
   44 S   -1  0 -1 -2 -2 -2 -2 -1 -3  0 -3 -2 -2 -3 -3  5  1 -4 -3  1    0   5   0   0   0   0   0   4   0   6   0   0   0   0   0  65   7   0   0  14  0.60 inf
   45 S   -1 -1 -1 -2 -4 -2 -2  5  1 -4 -4  3 -3 -1 -3  1 -2 -4 -3 -4    0   0   0   0   0   0   0  54   4   0   0  28   0   4   0  10   0   0   0   0  0.77 inf
   46 W   -5 -5 -6 -7 -5 -5 -5 -5 -5 -5 -4 -6 -4 -1 -6 -5 -5 13  0 -5    0   0   0   0   0   0   0   0   0   0   0   0   0   0   0   0   0 100   0   0  4.12 inf
   47 A    5 -3 -3 -3 -2  0 -2 -2 -3 -2 -2 -2 -2 -3 -2  0  1 -4 -3  1   73   0   0   0   0   4   0   0   0   0   0   0   0   0   0   0  12   0   0  11  0.72 inf
   48 M   -3 -3 -4 -5 -3 -3 -4 -5  1 -1  0 -3  8  0 -5 -3 -1  8 -2  0    0   0   0   0   0   0   0   0   5   0   0   0  64   2   0   0   4  21   0   4  1.48 inf
   49 R   -3  7 -2 -3 -5 -1 -2 -4  2 -5 -4  3 -3 -5 -4 -2 -1 -5 -3 -4    0  77   0   0   0   0   0   0   4   0   0  15   0   0   0   0   4   0   0   0  1.35 inf
   50 N   -2 -2  6 -1 -3 -2 -2  0 -1 -3 -4 -2 -3 -3  0  3  1 -4  0 -1    0   0  50   0   0   0   0   4   0   0   0   0   0   0   5  26   6   0   4   5  0.71 inf
   51 T   -1  1  1  2 -3  1  0 -1 -2 -1 -3 -1 -2 -4 -2  1  5 -4 -3 -2    0   8   5  11   0   8   3   4   0   3   0   0   0   0   0   8  49   0   0   0  0.47 inf
   52 N   -2 -3  6 -1 -4 -2 -2  4  1 -5 -5 -2 -4 -5  0 -1  0 -5 -4 -4    0   0  54   0   0   0   0  33   3   0   0   0   0   0   5   0   5   0   0   0  1.00 inf
   53 N   -2  0  6  0  0 -1 -2 -2  0 -4 -2  1 -3 -4 -3  1  0 -5 -3 -4    0   4  63   3   3   0   0   0   2   0   5   8   0   0   0   9   3   0   0   0  0.88 inf
   54 H   -3  3 -1 -3 -5  1  0 -4  9 -5 -5 -2 -3 -4 -4 -3 -1 -4 -1 -5    0  15   0   0   0   4   3   0  75   0   0   0   0   0   0   0   3   0   0   0  1.79 inf
   55 N   -3  0  6  0 -4 -1  0 -1 -1 -5 -5  2 -4 -5  2 -1 -2 -5 -4 -4    0   4  62   3   0   0   3   4   0   0   0  15   0   0   9   0   0   0   0   0  0.97 inf
   56 S    0 -2 -2  0  2 -2 -2  2  2 -1 -2  0 -2  0  1  1 -1  6 -1  0    5   0   0   5   6   0   0  20   7   4   0   8   0   4   7  11   0  14   0  10  0.28 inf
   57 R   -2  3  1  0 -4  3  1 -2  3 -4 -2  3 -2 -3 -3 -1 -2 -3  1 -3    1  24   5   4   0  15   7   3  11   0   2  18   0   0   0   3   0   0   7   0  0.42 inf
   58 I   -2 -1 -1 -4 -3 -3 -4  2 -4  5  0 -3 -1 -2 -4 -3 -2 -4 -3  2    0   4   4   0   0   0   0  22   0  50   3   0   0   0   0   0   0   0   0  17  0.53 inf
   59 L    0  0 -3 -1 -2 -2 -3 -2  1  0  4 -1  0 -1 -3 -2  0 -3 -2  1    7   6   0   4   0   0   0   3   5   0  54   4   0   0   0   0   5   0   0  12  0.29 inf
   60 K   -2  3 -2 -2 -4  2 -1 -1 -2 -4 -4  6 -3 -5 -3 -1  1 -4 -3 -4    0  18   0   0   0   8   0   3   0   0   0  62   0   0   0   0   9   0   0   0  0.89 inf
   61 K   -1  2  0 -2 -4  0 -1 -3 -2 -3 -3  5 -2  1 -3 -1 -2 -3  2 -2    4   9   3   0   0   0   0   0   0   0   0  58   0   6   0   4   0   0  10   3  0.61 inf
   62 S    0  0  1 -2 -2 -1 -1  0 -2 -3 -3  1 -2  0 -2  5  0 -4 -2 -1    5   3   5   0   0   0   0   4   0   0   0   9   0   5   0  61   2   0   0   3  0.53 inf
   63 C   -3 -6 -5 -6 11 -5 -6 -5 -6 -4 -4 -6 -4 -5 -5 -3 -3 -5 -5 -3    0   0   0   0 100   0   0   0   0   0   0   0   0   0   0   0   0   0   0   0  3.24 inf
   64 L   -3 -4 -5 -5  1 -4 -4 -5  0  1  5 -4  0  0 -4 -4 -3 -3 -2  0    0   0   0   0   3   0   0   0   3   5  83   0   0   3   0   0   0   0   0   2  0.92 inf
   65 G   -2 -4 -2 -3 -5 -4 -4  7 -4 -6 -6 -3 -5 -5 -4 -2 -4 -5 -5 -5    0   0   0   0   0   0   0 100   0   0   0   0   0   0   0   0   0   0   0   0  1.96 inf
   66 V   -1 -4 -5 -5 -3 -4 -4 -5 -5  2 -1 -4 -1 -2 -4 -3 -2 -4  0  6    4   0   0   0   0   0   0   0   0   4   0   0   0   0   0   0   0   0   3  89  1.15 inf
   67 V   -2 -3 -4 -4 -2 -3 -4 -5 -3  3  3 -3  2  2 -4 -3 -2 -2  1  3    0   0   0   0   0   0   0   0   0  20  35   0   5   9   0   0   0   0   4  27  0.53 inf
   68 V   -2 -3 -4 -4 -2  1 -1 -4 -4  2  2 -3  0 -2 -4 -3 -2 -4 -2  5    0   0   0   0   0   8   5   0   0  11  19   0   0   0   0   0   0   0   1  56  0.57 inf
   69 C   -3 -6 -5 -6 11 -5 -6 -5 -6 -4 -4 -6 -4 -5 -5 -3 -3 -5 -5 -3    0   0   0   0 100   0   0   0   0   0   0   0   0   0   0   0   0   0   0   0  3.24 inf
   70 S    2 -2  2  1 -2 -1 -1  1 -2 -3 -4 -2 -3 -4 -2  4  0 -4 -3 -2   14   0   8   8   0   0   0   9   0   0   0   0   0   0   0  54   3   0   0   1  0.56 inf
   71 R    0  3  4 -1 -3  1  0 -1  0 -2 -1  2 -1 -3 -2 -1 -1 -3 -2 -1    6  22  28   0   0   6   4   2   2   0   5  11   1   0   0   2   0   0   1   8  0.31 inf
   72 D    0  1  1  3 -2  0  0  1  0 -3 -3  0 -2 -3  1  1  0 -3 -2 -2    9  10   8  20   0   1   1  13   2   1   1   4   0   0   8  13   5   0   0   1  0.24 inf
   73 C   -2 -4 -3 -4 10 -3 -4 -3 -4 -2 -3 -4 -3 -3 -3  0  0 -3 -3 -1    1   1   1   1  75   0   1   1   0   1   1   1   0   0   1   6   7   0   0   4  1.89 inf
   74 S    1  0 -1 -1  4  0 -1  0  0  0 -1  0  0 -2 -1  2  1 -2 -1  1   10   5   1   1  12   5   1   5   2   3   3   4   2   1   1  19  13   0   1  12  0.12 inf
   75 T    0  0 -1 -1 -1 -1  0 -2 -1  0  2 -1  1 -1  1 -1  1 -2  0  0    8   6   2   3   0   1   7   3   1   1  31   1   2   1   7   2  10   0   4   8  0.08 inf
   76 E   -1  0 -1  0 -2  0  1 -2 -1 -2 -1  0 -2 -2  5  0 -1  3 -2 -2    4   6   2   4   0   2  12   1   2   1   9   6   0   1  34   5   1   5   1   2  0.49 inf
   77 E    1 -1  2  3 -2  0  2  0  0 -2 -2 -1 -2 -3 -1  0  1 -3 -2 -2   13   1  12  21   0   4  15   7   1   1   2   1   0   1   2   4  12   0   1   1  0.25 inf
   78 G    0 -2 -1 -1  3  0 -2  5 -2 -3 -2 -2 -2 -3 -2 -1 -2 -2 -3 -3    3   1   1   2   7   4   1  64   1   1   4   1   1   1   1   3   1   0   1   2  0.76 inf
   79 R    0  1  0  0  3  0  0  1 -1 -2 -1  0 -1 -2 -1  2  0 -2 -2 -1    6  12   3   4   8   1   8  12   1   2   6   5   1   1   2  21   5   0   1   2  0.13 inf
   80 K   -1  3 -1 -1 -1  1  0 -2  0 -2 -2  3 -2 -2  3  0 -1  2 -2 -2    2  21   1   1   1   4   2   2   2   2   3  32   0   1  14   4   3   4   1   2  0.38 inf
   81 I   -1  0 -3 -3 -2 -2 -2 -3 -3  3  2 -2  1  0  1 -2  0 -2 -1  2    1   7   1   1   0   1   1   1   0  24  26   1   2   4   7   1   4   0   0  19  0.24 inf
   82 Y    0 -1  0 -2 -2  2 -1 -2  3 -2 -1 -1 -1 -1  1  0  2 -2  3 -1   11   1   3   1   0  12   1   1  11   1   8   1   0   0   7   4  21   0  12   3  0.20 inf
   83 L   -1  0 -3 -3 -2 -2 -2 -1 -3  2  3 -2  1 -1 -2 -2  0 -2 -2  2    1   6   1   1   0   1   1   7   0   8  43   1   3   1   1   1   5   0   0  20  0.26 inf
   84 R   -3  7 -2 -3 -5 -1 -2 -4 -2 -4 -4  0 -3 -4 -4 -1 -3 -1 -3 -4    0  90   0   0   0   0   0   0   0   0   0   0   0   0   0   5   0   1   0   0  1.57 inf
   85 P   -3 -4 -4 -4 -5 -3 -3 -4  2 -5 -5 -3 -5 -6  8 -3 -3 -6 -5 -5    0   0   0   0   0   0   0   0   6   0   0   0   0   0  94   0   0   0   0   0  2.63 inf
   86 A    4 -1 -3 -3 -2 -2 -2 -2  2 -2  0  1  1 -3  2 -1 -2 -4 -3 -2   59   3   0   0   0   0   0   0   6   0   7   9   6   0  10   0   0   0   0   0  0.51 inf
   87 I   -1 -4 -3 -4 -3 -3 -3 -4 -4  5 -1 -3 -1 -2  0 -2  4 -4 -3  0    3   0   0   0   0   0   0   0   0  54   0   0   0   0   5   0  38   0   0   0  0.78 inf
   88 C   -1 -1  0 -1  8  2 -2 -1 -3 -3 -3 -2 -3 -4 -3  1  1  1 -3 -3    2   3   4   3  42  15   0   5   0   0   0   0   0   0   0  14   8   3   0   0  0.81 inf
   89 D    0 -2 -1  6 -4 -1  1 -2  1 -2 -4  1 -3 -4  0  0 -1 -5 -3 -3   12   0   0  54   0   0   6   0   5   3   0  10   0   0   4   3   2   0   0   0  0.68 inf
   90 K    0  1  0  0 -4  0  0 -1 -2 -3 -1  5 -2 -4 -2 -1 -2 -4 -3 -3    9   5   3   3   0   2   4   3   0   0   6  62   0   0   0   0   0   0   0   0  0.62 inf
   91 A    4  1 -2 -3 -2  0 -2  1 -2  0 -2  0 -2 -3 -2  1 -1 -4 -3  0   59   8   0   0   0   4   0   7   0   6   0   5   0   0   0   6   0   0   0   4  0.45 inf
   92 R   -3  7 -2 -3 -5  1  0 -4 -2  1 -3  0 -3 -4 -4 -2 -3 -1 -3 -3    0  77   0   0   0   3   6   0   0  11   0   0   0   0   0   0   0   1   0   0  1.18 inf
   93 Q   -2  3  1  0 -3  2  1 -3 -1 -1  0  2 -1 -3  0 -1  0 -3 -2  0    1  23   6   5   0   9  10   1   0   3  11  12   0   0   3   1   5   0   0   9  0.21 inf
   94 K    0  2 -1 -1 -3  0  2  0 -2 -3 -3  4 -2 -3 -2 -1 -2 -3 -2 -1    8  13   1   1   0   1  17   7   0   1   1  42   0   1   1   1   1   0   0   6  0.45 inf
   95 Q   -2 -1 -1  1 -4  7  2 -3 -1 -4 -3 -1 -2 -4 -2 -2 -2 -3 -3 -3    1   1   1   7   0  68  13   1   0   1   1   1   0   1   1   1   1   0   0   1  1.18 inf
   96 Q   -1  0 -1 -2  0  3  0  0 -1  0  1  0  0  0 -2  0 -1 -2 -1 -1    3   3   1   1   3  23   5   7   0   7  21   6   2   5   1   9   1   0   0   1  0.12 inf
   97 R   -1  1  2  1 -2  0  1  1 -1 -2 -2  1  1 -3 -2  1  0 -3 -2 -2    3  10  14   9   0   1  13  15   0   1   1   9   6   1   1   8   7   0   0   1  0.20 inf
   98 K    0  2 -1 -1 -3  1  3 -3 -2 -3 -3  4  0 -1  0 -1  0 -3 -2 -3    6   8   0   1   0   2  21   1   0   1   1  40   4   4   4   1   5   0   0   1  0.46 inf
   99 S    1 -1  1 -1  1  1 -1  1 -1 -1 -1  0 -1 -3  3  0  0 -3 -2 -1   13   3   8   3   4   8   2  10   1   3   6   4   2   0  18   7   6   0   0   2  0.21 inf
  100 C   -2 -4 -4 -4 10  0 -4 -4 -4 -3 -3 -4 -3 -4 -4 -3 -3 -4 -4 -3    1   1   1   1  79   5   1   1   0   1   1   1   0   1   1   1   1   0   0   1  2.29 inf
  101 P   -1 -3 -2  1 -3 -2 -2 -3  0 -3 -3 -2 -3 -4  7 -1  0 -4 -3 -3    5   1   1   9   0   1   1   1   3   1   1   1   0   1  61   4   7   0   1   1  1.32 inf
  102 N   -2 -2  6 -1 -3  0 -1  2  1 -2 -2  0 -3 -3 -3  0  0 -4  0 -3    1   0  47   0   0   2   3  17   3   3   4   6   0   0   0   4   4   0   3   0  0.60 inf
  103 C   -2 -2 -4 -4 11 -4 -4 -4 -4 -3 -3 -2 -3 -4 -4 -1 -3 -4 -4 -3    1   2   1   1  81   0   1   1   0   1   1   3   0   0   1   4   1   0   0   1  2.40 inf
  104 N   -2  0  3  2 -3  0 -1 -1  5 -3 -3  2 -2 -3 -1  2  0 -4 -2 -3    1   2  16  10   0   3   1   4  18   0   1  20   0   0   1  15   4   0   0   1  0.41 inf
  105 G    1 -3  0 -2 -3 -2 -2  5 -3 -4 -4 -2 -3 -3 -3  3 -2  1 -1 -3   11   0   4   0   0   0   0  49   0   0   1   0   0   0   0  25   0   3   3   0  0.75 inf
  106 P    1  3  0 -2 -3  0 -1 -2  2  1 -2  0 -2 -3  4  0 -1 -3 -2  0   11  19   3   0   0   4   3   1   6  12   1   4   0   0  19   5   1   0   0   8  0.28 inf
  107 L   -2 -3 -3 -4 -3  0 -3 -4 -3  0  4 -3  2  1 -3 -1  1 -3 -2  0    1   0   0   0   0   5   0   1   0   2  62   0   5   5   0   4   8   0   0   4  0.55 inf
  108 K   -1 -1  1  0 -3  1  4 -3  2 -1 -1  1 -2 -1 -2  0  0 -3  0  0    3   1   8   1   0   4  34   1   6   3   5  10   0   3   0   6   4   0   4   7  0.26 inf
  109 L   -3 -2  0 -3 -3  0 -2 -4  6  1  2 -3 -1 -1 -3 -3 -2  5 -1  0    1   0   6   0   0   3   0   1  29  11  27   0   0   2   0   1   0  10   0   7  0.59 inf
  110 I   -2  0 -2 -3 -2  1 -2 -4  2  3  1 -1  2 -1 -3 -2 -2 -3  0  2    1   7   2   0   0   8   0   1   7  30  16   3   5   0   0   1   0   0   3  16  0.28 inf
  111 P    0  1 -1  0 -3  0 -1 -3 -2  0 -3  2 -2 -4  6  0 -1 -4 -3 -1    9   7   3   4   0   4   0   1   0   6   1  17   0   0  39   5   2   0   0   3  0.69 inf
  112 C   -1 -4 -4 -4 10  0 -4 -4  1  0 -3 -4 -3 -4 -4 -3 -3 -4 -4 -2    5   0   0   0  75   5   1   1   4   5   1   1   0   0   0   1   1   0   0   1  2.04 inf
  113 R   -1  4  2  0  1  0 -1 -1 -1 -3 -3  1 -2 -3 -2  1  1 -3 -2 -1    4  37  10   4   4   1   1   3   1   0   1   6   0   0   0  13   9   0   0   4  0.37 inf
  114 G    2 -3 -2 -3  1 -3 -3  5 -3  0 -3 -3 -3 -3 -3 -1 -2 -3 -3  0   18   0   0   0   4   0   1  58   0   6   1   0   0   0   0   1   1   0   0   9  0.77 inf
  115 H   -1  2  0 -2 -3  1 -1 -3  7 -3 -3  3  1 -3 -3 -2 -1 -3 -1 -2    5   9   4   1   0   5   1   1  38   1   1  20   5   0   1   1   4   0   0   4  0.64 inf
  116 G    2  0  0 -2  5 -1  0  1 -2 -1 -2 -1 -2 -3 -2  2  0 -3 -3 -2   18   5   5   1  17   0   5  11   0   4   3   1   0   0   1  23   4   0   0   1  0.30 inf
  117 G    0 -2 -1  1 -2 -2 -2  4 -2 -2 -2 -2  1  2 -2  0 -2 -2  2 -2    5   1   1   8   0   1   1  44   0   1   2   1   5   9   1   6   1   0  11   1  0.44 inf
  118 F   -2  0 -2 -2 -3 -2 -1 -3  3 -2 -2 -2 -2  3 -2 -2  0  0  7 -2    2   5   1   2   0   1   5   2   9   1   2   1   1  10   1   2   5   0  48   2  0.73 inf
  119 P   -2 -2 -2 -2 -3 -2 -2 -3  3 -3 -3 -2 -2 -1  6 -2  0 -2  4 -3    2   1   1   1   0   1   1   1   8   1   2   1   0   1  50   1   6   0  19   1  1.09 inf
  120 V   -1 -2 -2 -2 -2 -2 -1 -3  1  2 -1  0  1  0 -2 -2  0  3 -1  4    2   1   1   1   0   1   5   1   5   8   1   8   4   5   1   1   4   5   1  45  0.28 inf
  121 T    0 -2 -1 -2 -2  0  0 -2 -2 -2 -1  0 -2 -2  2  0  5 -3  0  0    5   1   1   1   0   4   5   1   0   1   4   5   0   1   8   4  49   0   4   6  0.41 inf
  122 N   -1 -1  4  1 -3  2  2 -2  6 -4 -3 -1 -2 -3 -2  0 -2 -3  1 -3    5   1  21   5   0  11  13   1  30   1   1   1   0   0   1   4   1   0   4   1  0.61 inf
  123 F   -3  0 -1 -3 -3 -3 -1 -3 -2  0  0 -3  2  7 -4 -3 -3 -1  2 -2    1   5   4   1   0   1   5   1   0   3   6   1   5  59   1   1   1   0   5   1  0.83 inf
  124 W   -3 -3 -3  0 -4 -2  1 -1 -3 -3 -3 -1 -3 -1 -4 -3  0 10  3  0    1   0   0   6   0   0   9   6   0   0   1   4   0   0   0   1   7  47   8   7  1.36 inf
  125 R   -2  6 -2  0 -4 -1 -1 -1  2 -3 -2  1 -2 -1 -3 -1 -2 -3 -2 -1    1  58   0   7   0   0   1   6   5   0   4   5   0   3   0   3   0   0   0   6  0.67 inf
  126 H   -1 -1 -1  2 -3  1  2  1  5 -2  0 -1 -1 -1 -1 -1 -2  2 -1  0    1   2   1  12   0   5  14  11  22   1   9   1   0   2   2   4   1   3   0   9  0.22 inf
  127 D    0 -2  0  3 -2  0  1  2  0 -1 -2 -1 -1 -3 -1  0  1 -3 -2 -2    7   1   1  25   0   4   7  21   2   6   1   1   2   1   2   6  11   0   0   1  0.26 inf
  128 G   -1 -1  1  1 -2  0  1  3 -2 -2 -1  1  0 -3 -1  1  1 -3 -2 -2    1   1   5   8   0   5   8  26   0   1   6   8   5   0   2  10  12   0   0   1  0.21 inf
  129 R   -1  0  2  1 -2  0  1  2  1 -2 -1  0 -1 -2 -1  0  0 -3 -2  0    1   5  16  11   0   2   7  16   4   1   7   6   0   0   2   7   6   0   1   9  0.14 inf
  130 F    1 -2 -2 -3 -2  0 -1  0 -2 -1 -2 -2 -1  3 -2 -1 -1  6  3  1   19   2   1   1   0   4   4   7   0   1   1   1   0  15   1   2   4  14  13  12  0.34 inf
  131 I    0 -2 -2 -2 -2 -2 -1 -1  2  3  1 -2  0 -1 -2  1  0 -3 -2  1    4   1   1   1   0   1   4   4   9  35  10   1   0   1   1  12   7   0   0   9  0.19 inf
  132 F   -2 -3 -3 -4  2 -3 -3 -4  2  0  2 -3  1  4 -4 -3 -2 -1  4  1    2   0   0   0   5   0   0   0   7   2  22   0   4  25   0   0   0   0  15  15  0.45 inf
  133 F   -2 -4 -5 -5 -4 -4 -5 -5 -3 -2  1 -5 -2  6 -5 -4 -4  9  3 -3    4   0   0   0   0   0   0   0   0   0  14   0   0  39   0   0   0  35   7   0  1.58 inf
  134 Q   -1  1 -2  0 -5  6  4 -4  1 -5 -4  1 -3 -5 -3 -2 -3 -4 -3 -4    3   7   0   4   0  50  28   0   3   0   0   4   0   0   0   0   0   0   0   0  1.00 inf
  135 S    1 -2  2 -1  4 -1 -1 -2  3 -1 -2 -1 -1 -2 -2  1  2 -3 -1  1   14   0  14   0  14   0   0   0  14   0   0   0   0   0   0  14  14   0   0  14  0.24 inf
  136 K    0  1 -1  0 -3  1 -1  3 -2 -1 -3  3 -2 -3 -2  1 -1 -3 -3 -1    4   4   0   5   0   5   0  24   0   4   0  33   0   0   0  16   0   0   0   4  0.29 inf
  137 G   -1 -3 -1 -1 -3 -2  1  6 -2 -4 -4 -2 -3 -4 -3  2 -2 -4 -4 -4    0   0   0   0   0   0  13  69   0   0   0   0   0   0   0  18   0   0   0   0  0.91 inf
  138 E    0 -2 -1 -2 -2  1  1 -3 -2  1 -1 -1 -1  0 -2  0  3 -3  1  2    4   0   2   0   0   7  10   0   0  12   2   3   0   5   0   2  30   0   5  20  0.19 inf
  139 H   -3 -2 -1 -3 -5  3 -1 -4 10 -5 -5 -2 -3 -3 -4 -3 -3 -4  0 -5    0   0   0   0   0  17   0   0  83   0   0   0   0   0   0   0   0   0   0   0  2.04 inf
  140 D   -1  0  1  6 -4 -1  0  1 -2 -4 -4  0 -3 -4 -1 -1  1 -5 -4 -3    4   4   5  57   0   0   0   9   0   0   0   7   0   0   2   0  11   0   0   0  0.72 inf
  141 H   -3 -2 -1 -3 -5 -1 -2 -4 10 -5 -5 -2 -3 -3 -4 -3 -4 -4  0 -5    0   0   0   0   0   0   0   0 100   0   0   0   0   0   0   0   0   0   0   0  2.38 inf
  142 P   -1  1 -2 -3 -4 -2 -1 -3 -3 -2 -2 -1 -3 -2  7 -1 -2 -4 -3  0    3   8   2   0   0   0   2   0   0   1   3   3   0   2  66   1   0   0   0   9  1.33 inf
  143 R   -3  6 -2 -3 -5  0 -1 -4 -2 -2 -3  3 -3 -4 -3 -2 -2  4 -2 -3    0  73   0   0   0   2   0   0   0   3   0  14   0   0   0   0   0   8   0   0  1.13 inf
  144 P   -3 -4 -4 -3 -5 -3 -3 -4 -4 -5 -5 -3 -4 -6  8 -3 -3 -6 -5 -4    0   0   0   0   0   0   0   0   0   0   0   0   0   0 100   0   0   0   0   0  2.72 inf
  145 E    0 -1 -1  3 -4  1  5 -2 -1 -4 -4  0 -3 -4  2  0 -1 -4 -3 -3    5   0   0  19   0   3  57   0   0   0   0   0   0   0   9   7   0   0   0   0  0.68 inf
  146 T    2 -2 -1 -2 -1 -1 -1  1 -2 -1 -1 -1 -1 -2  2  2  2 -3 -2  0   22   0   0   0   0   0   0   9   0   1   6   0   1   0  11  24  19   0   0   6  0.26 inf
  147 K   -1  2 -1 -2 -4  0  0  1 -2 -4 -3  6 -2 -4 -2 -1 -2 -4 -3 -3    0   8   0   0   0   0   0  11   0   0   0  81   0   0   0   0   0   0   0   0  0.74 inf
  148 L    0  1  0 -2 -2 -1 -1  0 -2 -1  0 -1  0 -1  3  2  1 -3 -2 -1    7  13   3   0   0   0   0   5   0   1  15   0   1   2  15  26  12   0   0   1  0.20 inf
  149 E    1 -1 -1  1 -2  0  3 -2 -2 -1 -2 -1 -2 -3 -2  2  2 -3 -2  1    8   0   0   5   0   0  35   0   0   0   0   0   0   0   0  19  19   0   0  14  0.31 inf
  150 A    2 -2 -1 -2 -1 -1 -1  0 -2 -2 -2 -1 -2 -3 -2  2  4 -3 -2 -1   25   0   0   0   0   0   0   6   0   0   0   0   0   0   0  21  48   0   0   0  0.47 inf
  151 E    0 -1 -1  0 -3  1  5 -3 -1 -1 -2  0 -2 -3  1  0 -1 -4 -3  1    7   0   0   0   0   4  59   0   0   0   0   0   0   0   7   3   0   0   0  19  0.50 inf
  152 A    4 -2 -2  0 -1 -1 -1  0 -2 -2 -2 -1 -2 -3 -2  1  1 -3 -3  0   73   0   0   7   0   1   0   2   0   0   0   0   0   0   0   7   7   0   0   3  0.49 inf
  153 R   -2  6 -1 -2 -4  0  2 -3 -1 -4 -3  3 -2 -4 -3 -1 -2 -4 -3 -3    0  71   0   0   0   0  14   0   0   0   0  15   0   0   0   0   0   0   0   0  0.92 inf
  154 R   -2  6 -1 -2 -4  1 -1  0 -1 -2 -2  3 -1 -3 -3 -1 -2 -3 -3 -3    0  61   0   0   0   2   0   7   0   3   2  22   2   0   0   0   0   0   0   0  0.69 inf
  155 A    3 -2 -1 -2 -1 -1 -1 -1  0 -1 -1 -1  0 -3 -2  3  0 -3 -2 -1   47   0   1   0   0   0   0   0   3   4   4   0   2   0   0  36   2   0   0   1  0.35 inf
  156 M    1 -2 -3 -3 -1 -2 -2 -2 -1  1  2 -2  2  1 -2 -1  0 -2 -1  1   22   0   0   0   0   0   0   0   2   6  36   0   9   9   0   4   3   0   0   9  0.19 inf
  157 K   -1  0 -1 -2 -2  1 -1  0  0  1  1  1  0 -1 -2 -1 -1 -3 -1  1    0   5   1   0   0   8   0  10   4  11  25  20   0   2   0   0   0   0   0  12  0.07 inf
  158 K   -1  3 -1 -1 -4  1  2 -2 -1 -3 -3  5 -2 -4 -2 -1 -1 -3 -2 -3    0  15   0   0   0   0  15   0   0   0   0  70   0   0   0   0   0   0   0   0  0.60 inf

                      K         Lambda
Standard Ungapped    0.1344     0.3203
Standard Gapped      0.0468     0.2670
PSI Ungapped         0.1515     0.3108
PSI Gapped           0.0468     0.2670
