
Last position-specific scoring matrix computed, weighted observed percentages rounded down, information per position, and relative weight of gapless real matches to pseudocounts
           A  R  N  D  C  Q  E  G  H  I  L  K  M  F  P  S  T  W  Y  V   A   R   N   D   C   Q   E   G   H   I   L   K   M   F   P   S   T   W   Y   V
    1 M   -4 -4 -5 -6 -4 -3 -5 -6 -5  1  1 -4 10 -3 -5 -4 -3 -4 -4  0    0   0   0   0   0   0   0   0   0   5   6   0  86   0   0   0   0   0   0   4  2.21 inf
    2 L   -2 -1 -2 -3 -3 -2 -3 -4 -4  2  3 -2  5 -2 -3 -2  1 -4 -3  1    2   3   1   1   0   2   0   0   0  12  35   3  24   0   0   1   8   0   0   9  0.53 inf
    3 T   -1  0  3 -1 -3 -1 -1 -1 -2 -3 -4  3 -1 -4 -2  3  3 -5 -3 -3    1   2  17   2   0   1   2   4   0   1   0  21   1   0   1  23  22   0   0   0  0.49 inf
    4 K   -1  2  0 -2 -5  0  0 -3 -2 -4 -4  6 -4 -5 -1 -1 -2 -5 -3 -4    5   8   3   1   0   1   3   0   1   0   1  66   0   0   3   3   2   0   1   1  1.01 inf
    5 Q    1  1  0  1 -3  2  3 -3 -1 -4 -3  4 -3 -4 -2 -1 -1 -4 -3 -2   14   6   3   5   0   8  24   0   1   0   1  29   0   0   1   3   3   0   0   2  0.47 inf
    6 Q   -3  5 -1  0 -5  3  2 -4 -2 -1 -3  4 -2 -5 -2 -2 -1 -5 -3 -2    0  30   3   4   0  13  13   0   0   4   1  26   1   0   1   1   3   0   0   2  0.65 inf
    7 I    2  0 -2 -3 -1 -2 -2 -3 -3  2  0  0  1  0 -3 -1  2  0  1  2   20   4   1   0   1   0   0   0   0  16   4   6   4   3   0   1  16   2   5  18  0.22 inf
    8 R   -1  3  1  0 -3  2  1 -2 -1  0  0  2  0 -3 -2 -1  0 -4 -2 -1    5  19   8   5   0   8   9   1   1   6  13  14   2   0   1   1   4   0   1   2  0.19 inf
    9 Y    0  1  0 -1 -4  1  4 -3  2 -2 -2  2 -2 -1 -3 -1 -1 -1  0 -2    7   9   3   2   0   5  35   1   5   3   3  16   0   2   0   2   2   1   4   1  0.39 inf
   10 C    0 -4 -5 -5  3 -1 -4 -5 -5  5  0 -4  3  0 -4 -3 -2 -4 -3  3    9   0   0   0   6   3   0   0   0  47   3   0  10   3   0   0   1   0   0  17  0.77 inf
   11 L   -3 -3 -2 -5 -2 -4 -4 -5 -4  4  4 -4  1  1 -5 -4 -3 -4 -2  1    0   1   2   0   1   0   0   0   0  22  55   0   2   6   0   1   0   0   1   8  0.78 inf
   12 D    0  2  0  4 -3  1  3 -3 -1 -3 -4  1 -3 -5 -2  0  0 -5 -4 -3    9  10   2  31   0   5  21   1   1   1   0   8   0   0   1   5   4   0   0   1  0.53 inf
   13 E   -1  2 -2 -2 -2 -1  1 -3 -2  3  0  0 -1 -2 -3 -2  1 -1  1  1    4  15   0   0   1   2  10   0   0  26   7   7   0   0   0   0  10   1   6  10  0.21 inf
   14 M   -4 -4 -5 -6 -3 -4 -5 -6 -5  3  5 -4  5  3 -5 -4 -3 -2 -2 -1    0   0   0   0   0   0   0   0   0  14  60   0  14  11   0   0   0   0   0   0  1.02 inf
   15 A    1  0  0  2 -3  1  2  1 -1 -2 -3  2 -1 -3 -2  0 -1 -3 -1 -2   16   5   2  12   0   5  19   9   1   3   1  13   1   1   0   7   3   0   3   1  0.23 inf
   16 K    0  1  0  1 -4  2  4 -3 -2 -3 -3  2 -3 -4 -3 -1 -1 -4 -3 -3    8   7   4   8   0   9  37   1   0   1   1  16   0   0   0   1   3   0   0   2  0.54 inf
   17 M    0 -1 -1 -2 -2  0 -1 -4  2 -1  2 -1  6 -2 -4 -2  2 -3 -1  0    7   3   2   1   1   3   4   0   5   2  19   2  29   0   0   1  14   0   2   4  0.37 inf
   18 F   -5 -4 -1 -6 -5 -3 -5 -6  0 -2 -3 -5 -1  6 -6 -5 -4 -1  8 -4    0   1   4   0   0   1   0   0   2   2   0   0   1  33   0   0   0   0  57   0  1.84 inf
   19 P   -3 -3 -3 -4 -6 -3 -4 -1 -3 -5 -6 -2 -5 -5  8 -3 -4 -7 -6 -5    0   2   1   0   0   1   0   5   1   0   0   2   0   0  86   1   0   0   0   0  2.45 inf
   20 D   -3 -3  3  6 -5  0  2 -1  0 -3 -5 -1 -4 -5 -3 -2 -2 -6 -2 -4    1   0  16  52   0   3  15   3   2   1   0   2   0   0   1   1   1   0   2   1  1.00 inf
   21 A    6 -4 -4 -4 -3 -3 -3 -3 -4 -3 -3 -3 -2 -4  2 -1 -2 -5 -1 -1   77   0   0   0   0   1   1   0   0   0   1   0   1   0  10   1   2   0   3   3  1.13 inf
   22 H   -2  1 -2  0 -5  0  2 -1  6 -3 -4  4 -3 -3 -3 -2  1 -4 -1 -3    1   7   0   3   0   3  14   4  23   1   1  31   0   0   0   0   9   0   1   1  0.63 inf
   23 C   -2 -5 -4 -5 10 -5 -5  0 -5 -3 -4 -4 -4 -5  2 -1  3 -5 -4 -3    2   0   0   0  56   0   0   8   0   1   1   0   0   0  11   3  17   0   1   1  1.66 inf
   24 E    2 -3 -3 -1 -4 -1  6 -2 -3 -5 -5 -2 -2 -4 -3  1 -1 -5  0 -3   18   0   0   1   0   1  59   2   0   0   0   0   1   0   0  11   4   0   3   0  0.92 inf
   25 L   -4 -5 -6 -7 -4 -5 -6 -7 -6 -1  6 -5 -1 -2 -6 -5 -4 -4 -4 -2    0   0   0   0   0   0   0   0   0   0 100   0   0   0   0   0   0   0   0   0  1.77 inf
   26 V   -2 -2  5  3 -4 -1  1 -3  3 -1 -3  0 -3 -3 -4 -2  0 -5 -3  0    1   1  37  15   0   1   9   0   9   3   1   7   0   1   0   0   5   0   0  10  0.59 inf
   27 H   -2 -4 -4 -5 -4 -3 -4 -5  7 -4 -4 -3 -3  5 -5 -3 -4  3  6 -4    3   0   0   0   0   0   0   0  32   0   0   1   0  29   0   1   0   4  30   0  1.54 inf
   28 R   -1  2  1  2 -4  1  2 -2 -1 -4 -4  2 -2 -4 -3  2  2 -4 -3 -3    3  11   6  14   0   4  14   2   1   0   0  12   0   0   0  19  14   0   0   0  0.38 inf
   29 N   -3 -3  6  0 -2 -3 -2 -3 -3 -5 -5 -1 -4 -5 -4  2  4 -6 -4 -4    0   0  50   2   1   0   0   0   0   0   0   2   0   0   0  15  29   0   0   0  1.17 inf
   30 P    0 -5 -2 -1 -5 -4 -2 -5 -1 -4 -6 -4 -5 -6  8 -2 -2 -7 -6 -4    8   0   2   3   0   0   2   0   2   1   0   0   0   0  79   1   1   0   0   1  2.15 inf
   31 F   -5 -5 -6 -6 -5 -5 -6 -5 -3 -2  1 -5 -2  8 -6 -5 -4  3  4  0    0   0   0   0   0   0   0   1   0   0  12   0   0  67   0   0   0   3  11   5  1.63 inf
   32 E   -4 -1 -3 -1 -6  5  6 -5  1 -6 -5 -2 -4 -6 -4 -3 -2 -5 -4 -5    0   2   0   1   0  27  64   0   3   0   0   0   0   0   0   0   2   0   0   0  1.48 inf
   33 L   -4 -5 -6 -6 -4 -5 -6 -6 -5  0  6 -5  1  0 -6 -5 -3 -4 -2 -2    0   0   0   0   0   0   0   0   0   2  93   0   1   3   0   0   0   0   1   0  1.52 inf
   34 L   -3 -4 -5 -6 -4 -4 -5 -6 -5  0  6 -5  1 -2 -5 -3  0 -4 -3  0    1   0   0   0   0   0   0   0   0   2  83   0   2   0   0   1   7   0   0   5  1.20 inf
   35 I   -3 -5 -6 -6 -3 -5 -5 -6 -6  6  0 -5 -1 -3 -5 -4 -3 -5 -4  5    0   0   0   0   0   0   0   0   0  52   6   0   0   0   0   0   0   0   0  42  1.28 inf
   36 A    7 -4 -4 -5 -3 -4 -4 -3 -4 -4 -3 -3 -4 -5 -4  1 -3 -5 -5 -3   91   0   0   0   0   0   0   0   0   0   2   0   0   0   0   6   0   0   0   0  1.57 inf
   37 V   -3 -4 -4 -5 -3 -4 -4 -5 -5 -1 -2 -4 -2 -4 -4 -2  5 -5 -1  5    0   0   0   0   0   0   0   0   0   1   0   0   0   0   0   0  46   0   2  51  1.23 inf
   38 V   -1 -4 -5 -5 -3 -2 -5 -5 -5  6  1 -4  4 -2 -5 -3 -2 -4 -1  3    4   0   0   0   0   2   0   0   0  55   9   0  12   0   0   1   1   0   2  15  0.91 inf
   39 L   -4 -5 -6 -6  0 -5 -6 -6 -6 -1  6 -5  1 -2 -6 -5 -4 -4 -4 -2    0   0   0   0   2   0   0   0   0   0  96   0   2   0   0   0   0   0   0   0  1.65 inf
   40 S    0 -4 -2 -3 -4 -1 -3 -3 -4 -5 -5 -3 -4 -5 -4  7 -2 -6 -5 -5    5   0   0   0   0   2   0   0   0   0   0   0   0   0   0  93   0   0   0   0  1.73 inf
   41 A    7 -2 -4 -5 -3 -4 -4 -3 -5 -4 -4 -4 -4 -5 -4 -2 -3 -6 -5 -3   98   2   0   0   0   0   0   0   0   0   0   0   0   0   0   0   0   0   0   0  1.78 inf
   42 Q   -4 -2 -1 -4 -6  9 -1 -5 -3 -6 -6 -2 -4 -7 -5 -3 -4 -5 -5 -6    0   1   2   0   0  97   0   0   0   0   0   0   0   0   0   0   0   0   0   0  2.54 inf
   43 C    1 -5 -4 -5 10 -5 -5 -5 -5 -4 -4 -5 -4 -5 -5 -1  3 -5 -5 -2   12   0   0   0  59   0   0   0   0   0   0   0   0   0   0   4  23   0   0   2  1.92 inf
   44 T   -3 -4 -3 -4 -4 -1 -4 -5 -5 -4 -4 -4 -4 -5 -4 -1  8 -6 -5 -3    0   0   0   0   0   2   0   0   0   0   0   0   0   0   0   1  97   0   0   0  2.10 inf
   45 D   -5 -5 -2  8 -7 -3 -1 -5 -4 -6 -7 -4 -6 -7 -5 -3 -2 -8 -6 -6    0   0   0  98   0   0   0   0   0   0   0   0   0   0   0   0   2   0   0   0  2.47 inf
   46 A    2  0 -1 -2 -4  0  2 -3 -3 -1 -2  4 -2 -1 -3 -2 -2 -4 -3  2   17   2   2   0   0   1  19   0   0   3   1  30   0   2   0   0   1   0   0  21  0.40 inf
   47 L    0  6 -2 -3 -4  1 -2 -1 -2 -4  0  1 -2 -4 -4  1 -1 -4 -4 -3    8  49   0   0   0   6   0   4   0   0  12   6   1   0   0  11   3   0   0   0  0.70 inf
   48 V   -3 -6 -6 -6 -4 -5 -6 -6 -6  1 -2 -5 -2 -4 -5 -5 -3 -6 -4  7    0   0   0   0   0   0   0   0   0   2   0   0   0   0   0   0   0   0   0  98  1.93 inf
   49 N   -5 -4  9 -2 -6 -3 -4 -4 -3 -7 -7 -3 -6 -6 -5 -3 -3 -7 -5 -6    0   0 100   0   0   0   0   0   0   0   0   0   0   0   0   0   0   0   0   0  2.65 inf
   50 K   -2  1 -3 -3 -4  2  1 -4 -2  2 -1  5  2 -3 -3 -2 -2 -4 -3 -1    1   7   0   0   0  10   7   0   1  17   5  41   7   0   0   1   1   0   0   2  0.53 inf
   51 V    0 -5 -5 -5 -2 -4 -4 -5 -5  2 -1 -5 -2 -3 -5 -4  0 -5 -4  6    8   0   0   0   0   0   0   0   0   9   2   0   0   0   0   0   4   0   0  76  1.22 inf
   52 T   -3 -4 -3 -4 -4 -4 -4 -5 -5 -4 -4 -4 -4 -5 -4 -1  8 -6 -5 -3    1   0   0   0   0   0   0   0   0   0   0   0   0   0   0   1  98   0   0   0  2.15 inf
   53 K    1  0 -2 -1 -4 -1  1 -2 -3 -4 -4  3 -4 -5  6 -1 -1 -5 -4 -3   13   3   1   2   0   2  10   1   0   0   0  23   0   0  39   2   3   0   0   1  0.89 inf
   54 R    2  1  0  2 -3  0  2  0  0 -3 -3  1 -2 -3 -1  0  0 -4 -3 -1   21  10   3  13   0   1  14   6   2   0   1  11   0   0   1   6   4   0   0   5  0.23 inf
   55 L   -4 -5 -6 -6 -4 -5 -6 -6 -5  0  6 -5  2 -1 -6 -5 -4 -4 -4 -1    0   0   0   0   0   0   0   0   0   2  92   0   4   1   0   0   0   0   0   1  1.54 inf
   56 F   -5 -6 -6 -7 -6 -6 -6 -6 -4 -3 -2 -6 -3  9 -7 -6 -5  3  2 -4    0   0   0   0   0   0   0   0   0   0   0   0   0  92   0   0   0   3   5   0  2.53 inf
   57 E    2  1 -2 -2 -4  2  2 -3 -1 -3 -3  4 -2 -5  2 -1 -1 -4 -3 -2   19   7   0   0   0  11  15   0   1   0   1  31   1   0   9   3   2   0   0   1  0.50 inf
   58 K    0  3 -1  0 -4  0  1 -3 -1 -2 -4  5 -3 -4 -3 -2 -2 -5 -3 -1    9  18   1   5   0   1   7   0   1   2   0  47   0   0   0   1   1   0   0   5  0.66 inf
   59 Y    0 -5 -5 -6 -2 -4 -5 -6  0 -4 -2 -5 -2  4 -6 -4 -4  0  9 -3    9   0   0   0   1   0   0   0   1   0   2   0   1  13   0   0   0   1  71   1  1.87 inf
   60 R   -2  1  3  0 -5 -1 -2 -3  0 -5 -5  3 -4 -5  6 -1 -2 -5 -4 -4    1   6  17   4   0   1   0   1   3   0   0  22   0   0  41   2   1   0   0   0  1.04 inf
   61 T   -2 -2 -1  2 -3 -1  0 -2 -2 -3 -4 -1 -3 -5 -3  1  6 -5 -4 -3    1   2   1  14   0   2   4   2   0   0   0   3   0   0   0   7  63   0   0   0  0.97 inf
   62 P    2 -5 -5 -4 -3 -4 -4 -4 -5 -1 -1 -4 -3 -5  7 -2 -3 -6 -5 -1   18   0   0   0   0   0   0   0   0   3   6   0   1   0  65   1   1   0   0   5  1.64 inf
   63 H    1 -1 -1  1 -5  2  6 -3 -1 -4 -4  1 -3 -2 -3 -1 -2 -4 -1 -3   11   1   1   4   0  10  54   0   0   1   0   9   0   2   1   1   0   0   2   1  0.80 inf
   64 D    2 -2 -1  6 -4 -1  0 -2 -1 -4 -5  1 -4 -5 -3  1 -1 -5 -4 -3   22   1   0  46   0   2   3   1   1   0   0   9   0   0   0  10   3   0   0   0  0.76 inf
   65 Y   -4 -4 -5 -6 -4 -4 -5 -5 -3  1  3 -4  5  5 -5 -4 -3 -1  5 -1    0   0   0   0   0   0   0   0   0   9  25   0  15  26   0   0   0   0  24   0  0.98 inf
   66 I    5 -3 -3 -4 -2 -3 -3 -2 -4  0  3 -2  0 -3 -3 -1 -2 -4 -2  0   52   0   1   0   0   0   0   1   0   4  29   2   1   0   0   3   0   0   1   5  0.61 inf
   67 A    2  0  2  1 -3  1  2 -1  0 -3 -3  1 -2 -4 -2  1  0 -4 -2 -2   26   3  14   6   0   7  13   3   1   0   1   9   0   0   0   9   5   0   1   1  0.29 inf
   68 V    4 -3 -4 -4 -2 -3 -4 -3 -4  0  2 -3  2 -3 -4 -1 -2 -4 -3  2   46   0   0   0   0   0   0   0   0   2  26   0   6   0   0   2   1   0   0  17  0.62 inf
   69 P   -2 -3  1  4 -4 -2  0  1 -2 -4 -4 -2 -4 -5  3  2  2 -5 -4 -3    0   0   6  26   0   0   5  12   0   0   0   1   0   0  17  19  12   0   0   1  0.59 inf
   70 L   -2  0 -2 -1 -3  2  1 -4 -3  2  2 -2  0 -2  2 -2 -1 -4 -3  1    1   6   1   4   0  10  10   0   0  13  28   0   0   0   9   2   2   0   0  12  0.23 inf
   71 E    1 -1 -1  2 -4  0  5 -3 -1 -4 -4  1 -3 -4 -2  1  0 -5 -3 -3   10   1   2   9   0   1  48   1   1   0   0  10   0   0   1   8   4   0   0   2  0.63 inf
   72 E   -2 -2 -2  3 -5  1  6 -1 -3 -5 -5  0 -4 -5 -3 -2 -1 -5 -4 -3    3   0   0  15   0   4  61   5   0   0   0   4   0   0   0   1   3   0   0   1  1.05 inf
   73 L   -3 -5 -5 -6 -3 -4 -5 -6 -5  3  5 -5  1 -1 -5 -4 -3 -4 -3  2    0   0   0   0   0   0   0   0   0  20  61   0   2   1   0   0   0   0   0  16  1.01 inf
   74 E   -1 -1 -3 -1 -5  2  6 -2 -3 -2 -3  0  2 -1 -4 -1 -3 -5 -3 -3    4   1   0   0   0  10  61   3   0   3   1   3   6   4   0   2   1   0   0   0  0.90 inf
   75 Q   -1 -1  3  1 -4  3  4 -2 -2 -4 -4  1 -2 -5  0  0  0 -5 -4 -3    6   2  15   8   0  16  29   2   0   0   0   7   1   0   4   4   6   0   0   0  0.50 inf
   76 D   -1 -1 -2  4  0 -2  0 -4  1  0  1  1  0 -1 -4 -2 -2 -1  4 -2    3   3   0  28   2   0   6   0   3   6  13   9   2   1   0   1   0   0  20   0  0.37 inf
   77 I   -4 -6 -6 -6 -4 -6 -6 -7 -6  8  0 -6 -2 -2 -6 -5 -3 -5 -4  1    0   0   0   0   0   0   0   0   0  92   4   0   0   1   0   0   0   0   0   3  1.90 inf
   78 R   -3  6 -2 -3 -6 -1 -2 -4  3 -5 -5  5 -4 -4 -4 -2 -3 -5 -1 -5    1  44   1   0   0   1   0   0   8   0   0  40   0   0   0   2   0   0   2   0  1.23 inf
   79 S   -1  1 -1  1 -3 -1 -1 -2 -2 -4 -4 -1 -3 -5  2  5  3 -5 -4 -3    1   7   0   6   0   2   2   2   0   0   0   1   0   0   9  48  19   0   0   0  0.66 inf
   80 I   -3 -5 -4 -5  6 -4 -5 -5 -5  5  0 -4 -2 -3 -5 -3  3 -5 -4  1    1   0   0   0  21   0   0   0   0  46   6   0   0   0   0   0  21   0   0   5  1.05 inf
   81 G   -3 -5 -2 -4 -5 -5 -5  7 -5 -7 -7 -4 -6 -6 -5 -1 -4 -5 -6 -6    0   0   1   0   0   0   0  95   0   0   0   0   0   0   0   4   0   0   0   0  2.13 inf
   82 L   -4 -5 -5 -6 -4 -5 -5 -6 -4 -1  5 -5  0  6 -5 -4 -3 -3  1 -2    0   0   0   0   0   0   0   0   0   1  59   0   1  32   0   1   1   0   4   0  1.17 inf
   83 Y   -4 -5 -5 -6 -5 -5 -5 -6 -1 -4 -4 -5 -4  5  0 -4 -5  0  9 -4    0   0   0   0   0   0   0   0   1   0   0   0   0  21   4   1   0   0  73   0  2.18 inf
   84 R   -4  7  2 -3 -6 -1 -2 -4  4 -6 -5  3 -4 -5 -4 -3 -3 -5 -4 -5    0  61  10   0   0   0   0   0  11   0   0  17   0   0   0   0   1   0   0   0  1.41 inf
   85 N   -1 -3  7 -2 -5 -1 -3 -3 -2 -5 -5 -2 -1 -5 -4  2  1 -6 -5 -4    5   0  68   0   0   2   0   0   0   0   0   1   2   0   0  12   9   0   0   0  1.40 inf
   86 K   -4 -1 -3 -4 -6 -2 -2 -5 -4 -6 -6  8 -5 -6 -4 -3 -4 -6 -5 -6    0   0   0   0   0   0   0   0   0   0   0 100   0   0   0   0   0   0   0   0  2.23 inf
   87 A    6 -4 -4 -4 -3 -3 -3 -2 -4 -4 -4 -3 -4 -5 -3  2 -1 -5 -4 -3   84   0   0   0   0   0   0   1   0   0   0   0   0   0   0  14   1   0   0   0  1.43 inf
   88 R   -3  3 -2 -3 -6  0 -1 -4 -3 -5 -5  7 -4 -6 -4 -2 -3 -6 -3 -4    1  12   1   0   0   1   2   0   0   0   0  79   0   0   0   1   1   0   1   1  1.54 inf
   89 N   -3 -3  7 -2 -5 -2 -3 -3  4 -5 -5 -2 -4  0 -5  1 -3 -5  2 -5    1   0  67   0   0   0   0   0  10   0   0   1   0   4   0   9   0   0   7   0  1.45 inf
   90 I   -4 -5 -6 -6 -4 -5 -6 -6 -6  7  2 -5 -1 -2 -5 -5 -3 -5 -4  1    0   0   0   0   0   0   0   0   0  75  20   0   0   0   0   0   1   0   0   4  1.45 inf
   91 Q   -2  0 -3 -3 -3  3 -2 -4 -1  3  1  3  1 -2 -4 -2 -2 -4 -2  1    1   3   0   0   0  16   0   0   1  23  15  25   3   0   0   1   0   0   1  11  0.41 inf
   92 K    2 -1  0 -2 -3  0  1  3 -2 -3 -2  3 -1 -4 -3  0 -1 -4 -3 -3   26   1   5   1   0   2  12  21   0   1   5  21   2   0   0   3   1   0   0   0  0.36 inf
   93 L    1 -4 -3 -4  6 -3 -4 -4 -4  0  2 -3  4 -2 -4 -2  3 -4 -3 -1   14   0   0   0  18   0   0   0   0   3  25   0  14   0   0   1  24   0   0   1  0.67 inf
   94 C    3 -5 -4 -4  9 -4 -4 -1 -5 -4 -4 -4 -3 -3 -4  3 -2 -5 -5 -3   26   0   0   0  44   0   0   4   0   0   0   0   0   1   0  23   0   0   0   0  1.43 inf
   95 A    0  4  0 -2 -5  5  1 -3  1 -4 -4  3 -2 -4 -3 -2 -1 -4 -3 -3    6  26   3   1   0  29   5   1   3   1   0  19   0   0   0   1   2   0   0   1  0.69 inf
   96 M    0  0 -2 -1 -2  1 -1 -2 -3  3  0  1  4 -2 -3  0  0 -4 -3  0    9   4   0   4   0   8   2   2   0  23   6   9  16   0   0   6   4   0   0   4  0.19 inf
   97 L   -4 -5 -6 -6 -4 -5 -5 -6 -5  3  6 -5  0 -2 -5 -5 -3 -4 -4  0    0   0   0   0   0   0   0   0   0  19  79   0   0   0   0   0   0   0   0   2  1.32 inf
   98 I   -2 -2 -4 -4  3 -3 -3 -5 -3  3  2 -2  1 -2 -4 -3 -1 -4 -1  4    2   2   0   0   6   1   1   0   0  22  24   3   2   0   0   0   1   0   1  33  0.53 inf
   99 D   -2 -1  0  4 -5  0  6 -3 -2 -4 -4 -1 -3 -5 -3 -1  0 -5 -4 -4    2   3   4  21   0   3  54   0   1   0   0   2   0   0   0   4   5   0   0   1  0.93 inf
  100 K   -3  3  1  3 -5  3  3 -3 -1 -4 -4  4 -3 -5 -3 -2 -2 -5 -4 -3    0  13   6  18   0  12  18   0   1   0   1  28   0   0   0   0   1   0   0   1  0.66 inf
  101 Y   -5 -5 -5 -5 -3 -4 -5 -6  4 -4 -3 -4 -3  7 -6 -5 -5 -1  7 -4    0   0   0   1   1   0   0   0  11   0   0   1   0  43   0   0   0   0  44   0  1.83 inf
  102 N   -2 -2  5  3 -5 -1 -1  4  2 -5 -6 -1 -4 -5 -4 -2 -3 -5 -3 -5    1   1  31  19   0   2   2  34   5   0   0   3   0   0   0   0   0   0   0   0  0.91 inf
  103 G   -2 -4 -3 -3 -5 -4 -4  7 -4 -6 -6 -4 -5 -6 -5  1 -4 -5 -6 -6    0   0   0   0   0   0   0  88   0   0   0   0   0   0   0  11   0   0   0   0  1.90 inf
  104 E   -3 -1 -2  0 -3  4  5 -4 -2 -1 -4  2 -3 -5 -3 -2 -2 -5 -4  0    0   1   1   2   0  20  51   0   0   4   1  11   0   0   0   0   1   0   0   8  0.88 inf
  105 V   -3 -5 -6 -6 -4 -5 -5 -6 -6  3 -1 -5 -1 -3 -5 -5 -3 -6 -4  7    0   0   0   0   0   0   0   0   0  11   2   0   0   0   0   0   0   0   0  87  1.64 inf
  106 P   -4 -6 -5 -5 -6 -5 -5 -6 -6 -6 -6 -4 -6 -7  9 -4 -4 -7 -6 -6    0   0   0   0   0   0   0   0   0   0   0   0   0   0 100   0   0   0   0   0  3.20 inf
  107 R    0  2  1  1 -2  3  1  0  1 -4 -4  2 -2 -4 -2  1 -1 -4 -3 -3    8  10   8   9   1  18   7   6   4   0   0  15   0   0   1  12   1   0   0   0  0.33 inf
  108 D   -2  0  2  3 -4 -1  0 -2 -3 -3 -4 -1 -3 -5 -3  1  5 -5 -3 -2    2   5   9  17   0   2   5   1   0   0   0   3   0   0   0  10  46   0   0   1  0.68 inf
  109 R   -3  4 -3 -4 -4 -1 -3 -5  4  1  1 -1  6  2 -4 -3 -3 -3  0 -1    0  26   0   0   0   1   0   0  13   8  13   3  24   8   0   0   0   0   2   2  0.64 inf
  110 D   -1 -2  0  3 -5  0  5 -4 -3 -5 -5  3 -4 -5 -3 -1 -2 -5 -4 -4    4   0   2  18   0   1  52   0   0   0   0  18   0   0   0   2   1   0   0   0  0.99 inf
  111 E    0 -2 -2  3 -5  1  6 -2 -3 -4 -3  0 -4 -5 -3 -1 -2 -5 -2 -4    7   0   0  15   0   5  60   2   0   0   2   4   0   0   0   2   1   0   1   1  0.97 inf
  112 L   -4 -5 -6 -7 -4 -5 -6 -7 -6  0  6 -5  0 -2 -6 -5 -4 -4 -4 -2    0   0   0   0   0   0   0   0   0   2  97   0   1   0   0   0   0   0   0   0  1.69 inf
  113 M   -2 -2 -3 -3 -3  1  2 -4 -2  2  1 -2  3 -3 -3 -2  2 -4 -3  3    0   1   0   0   0   7  20   0   0  11  11   0  11   0   0   0  16   0   0  21  0.38 inf
  114 K    0  0 -1 -2 -3  1  1 -2 -3 -4 -3  4 -3 -4 -3  3  2 -5 -4 -3    7   2   1   1   0   4   8   1   0   0   1  28   0   0   0  29  16   0   0   0  0.52 inf
  115 L   -4 -5 -6 -7 -4 -5 -6 -7 -6 -1  6 -5  1 -2 -6 -5 -4 -4 -4 -2    0   0   0   0   0   0   0   0   0   1  97   0   2   1   0   0   0   0   0   0  1.67 inf
  116 P    2 -5 -4 -4 -5 -4 -4 -4 -5 -5 -6 -4 -5 -6  8 -1 -3 -6 -6 -5   19   0   1   0   0   0   0   1   0   0   0   0   0   0  75   4   1   0   0   0  2.12 inf
  117 G   -3 -5 -3 -4 -6 -5 -5  7 -5 -7 -7 -5 -6 -6 -5 -3 -5 -6 -6 -6    0   0   0   0   0   0   0 100   0   0   0   0   0   0   0   0   0   0   0   0  2.36 inf
  118 V   -2 -5 -6 -6 -4 -5 -5 -6 -6  1 -2 -5 -2 -3 -5 -4 -3 -6 -4  7    3   0   0   0   0   0   0   0   0   3   0   0   0   0   0   0   0   0   0  94  1.78 inf
  119 G    0 -5 -3 -4 -5 -5 -5  7 -5 -7 -6 -4 -6 -6 -5 -3 -4 -2 -6 -6    6   0   0   0   0   0   0  94   0   0   0   0   0   0   0   0   0   1   0   0  2.10 inf
  120 R   -5  8 -4 -5 -7 -1 -3 -6 -2 -6 -5  0 -5 -6 -5 -4 -4 -6 -5 -6    0  97   0   0   0   1   0   0   1   0   0   1   0   0   0   0   0   0   0   0  2.38 inf
  121 K   -4 -1 -3 -4 -6 -2 -2 -5 -4 -6 -6  8 -5 -6 -4 -3 -4 -6 -5 -6    0   0   0   0   0   0   0   0   0   0   0 100   0   0   0   0   0   0   0   0  2.23 inf
  122 T   -3 -4 -3 -4 -2 -4 -4 -5 -5 -4 -4 -4 -4 -5 -4 -1  8 -6 -5 -3    0   0   0   0   0   0   0   0   0   0   0   0   0   0   0   2  97   0   0   0  2.12 inf
  123 A    7 -4 -5 -5 -1 -4 -4 -3 -5 -4 -4 -4 -4 -5 -4 -1 -3 -6 -5 -3   99   0   0   0   1   0   0   0   0   0   0   0   0   0   0   0   0   0   0   0  1.81 inf
  124 N   -5 -4  9  0 -6 -3 -3 -3 -1 -6 -6 -3 -5 -4 -5 -2 -3 -7 -5 -6    0   0  94   3   0   0   0   1   1   0   0   0   0   1   0   1   0   0   0   0  2.34 inf
  125 V   -3 -6 -6 -6 -4 -5 -5 -6 -6  0 -1 -5 -1 -4 -5 -5 -3 -6 -4  7    0   0   0   0   0   0   0   0   0   1   2   0   1   0   0   0   0   0   0  96  1.85 inf
  126 V   -3 -5 -6 -6 -4 -5 -4 -6 -6  3 -1 -5 -1 -3 -5 -4 -3 -5 -2  7    0   0   0   0   0   0   1   0   0  13   2   0   1   0   0   0   0   0   1  83  1.52 inf
  127 V    0  1 -4 -5 -2 -3 -4 -5 -4  0  4 -3  4 -2 -4 -3 -2 -4 -2  1    7   8   0   0   1   0   0   0   0   2  55   0  14   0   0   1   1   0   1  10  0.69 inf
  128 S    2 -3  0 -3 -3 -3 -3  3 -3 -5 -4 -3 -4 -5 -3  5 -1 -5 -2 -4   16   0   3   0   0   0   0  21   0   0   1   0   0   0   0  56   0   0   2   0  0.91 inf
  129 V   -2 -3  5  1 -1 -1  1 -3  1 -1 -3 -3 -2 -4 -4 -2  0 -5 -4  3    1   0  38   5   2   1  12   0   4   2   0   0   1   0   0   1   5   0   0  30  0.65 inf
  130 A    6 -3 -4 -4  3 -3 -4  0 -4  1 -2 -3 -2 -4 -3 -2 -2 -2 -4  0   69   1   0   0   6   0   0   6   0   7   4   0   0   0   0   0   0   0   0   7  0.90 inf
  131 F   -5 -6 -6 -7 -5 -6 -6 -6 -2 -3 -2 -5 -2  9 -7 -5 -5  2  5 -4    0   0   0   0   0   0   0   0   1   0   1   0   0  80   0   0   0   2  16   0  2.23 inf
  132 G   -2 -3  3  2 -5 -2 -2  6  2 -6 -6 -2 -5 -5 -4 -2 -3 -5 -5 -5    1   1  14  12   0   1   1  61   5   0   0   2   0   0   0   2   0   0   0   0  1.14 inf
  133 V   -2 -2 -3 -3 -3  1  1 -4 -1  4 -1  0  0 -2 -4 -3 -1 -4 -2  3    1   1   1   0   0   6  11   1   2  37   2   6   1   0   0   0   2   0   1  26  0.46 inf
  134 P   -2 -5  0  0 -6  0 -2 -5 -4 -6 -6 -3 -4 -7  8 -3 -3 -7 -6 -5    2   0   4   5   0   5   2   0   0   0   0   0   0   0  80   0   1   0   0   0  2.20 inf
  135 A    5 -2 -3 -3 -3 -3 -3  3 -3 -4 -4 -3 -3 -5 -3  2  0 -5 -4 -3   57   1   0   0   0   0   0  20   0   0   0   0   0   0   0  15   6   0   0   0  0.86 inf
  136 I   -3 -5 -5 -6 -4 -5 -5 -6 -5  6  1 -5  3  3 -5 -5 -3 -4 -3  2    0   0   0   0   0   0   0   0   0  63  11   0   7  11   0   0   0   0   0   8  1.15 inf
  137 A    6 -4 -4 -4 -3 -3 -3 -2 -4 -3 -4 -3 -3 -5  0 -1  1 -5 -4  1   75   0   0   0   0   0   0   0   0   0   0   0   0   0   4   0  11   0   0  10  1.13 inf
  138 V   -3 -6 -6 -6 -4 -5 -6 -6 -6  0 -2 -5 -2 -4 -5 -5 -3 -6 -4  7    0   0   0   0   0   0   0   0   0   1   0   0   0   0   0   0   0   0   0  99  1.98 inf
  139 D   -5 -5 -2  8 -7 -3 -1 -4 -4 -6 -7 -4 -6 -7 -5 -3 -4 -8 -6 -7    0   0   0 100   0   0   0   0   0   0   0   0   0   0   0   0   0   0   0   0  2.56 inf
  140 T   -3 -4 -3 -4 -4 -4 -4 -5 -5 -4 -4 -4 -4 -5 -4 -2  8 -6 -5 -3    0   0   0   0   0   0   0   0   0   0   0   0   0   0   0   0  99   0   0   1  2.20 inf
  141 H   -5 -4 -3 -5 -7 -3 -4 -6 11 -7 -7 -4 -5 -5 -6 -5 -5 -6 -2 -7    0   0   0   0   0   0   0   0 100   0   0   0   0   0   0   0   0   0   0   0  3.54 inf
  142 V   -1 -5 -6 -6 -2 -5 -5 -6 -6  1 -2 -5 -2  1 -5 -4 -2 -5 -3  7    3   0   0   0   0   0   0   0   0   3   1   0   0   5   0   0   1   0   0  87  1.53 inf
  143 E   -1 -1 -2 -2 -4 -1  3 -1 -1 -2 -2  2 -1  6 -4 -1 -1 -3  0 -3    3   1   1   0   0   2  25   5   1   1   2  13   1  37   0   5   3   0   0   0  0.56 inf
  144 R   -5  8 -4 -5 -7 -2 -3 -6 -3 -6 -5  0 -5 -6 -5 -4 -4 -6 -5 -6    0  99   0   0   0   0   0   0   0   0   0   1   0   0   0   0   0   0   0   0  2.49 inf
  145 V   -3 -5 -5 -6 -3 -5 -5 -6 -5  3  2 -5 -1 -3 -5 -4 -1 -5 -3  6    0   0   0   0   0   0   0   0   0  17  18   0   0   0   0   0   2   0   0  64  1.13 inf
  146 S    3 -3 -2 -3  0 -3 -3 -2 -4 -4 -4 -3 -4 -5 -3  6  1 -5 -4 -1   22   0   0   0   2   0   0   1   0   0   0   0   0   0   0  65   7   0   0   4  1.05 inf
  147 K   -3  2  6 -2 -5  0 -2 -3  2 -4 -5  5 -4 -4 -4 -2 -3 -5 -3 -5    1  10  42   0   0   3   1   0   6   1   0  35   0   1   0   0   0   0   0   0  1.06 inf
  148 R   -5  8 -3 -5 -7 -2 -3 -5  0 -6 -3  0 -4 -6 -5 -4 -4 -6 -5 -6    0  94   0   0   0   0   0   0   2   0   2   2   0   0   0   0   0   0   0   0  2.25 inf
  149 L   -4 -4 -5 -6 -3 -4 -5 -6 -1  3  5 -5  0  0 -5 -4 -1  2 -3 -1    0   0   0   0   0   0   0   0   2  19  68   0   1   3   0   0   4   3   0   0  1.02 inf
  150 G   -1  0  0 -1 -4 -2 -3  6 -1 -6 -5  0 -5 -5 -4 -2 -3 -5 -5 -5    3   5   4   2   0   2   0  76   1   0   0   5   0   0   0   1   0   0   0   0  1.39 inf
  151 F   -4 -5 -6 -6 -4 -5 -5 -6 -5  4  5 -5  1  2 -5 -5 -3  4 -2 -1    0   0   0   0   0   0   0   0   0  30  53   0   2   9   0   0   0   6   0   0  1.01 inf
  152 C    4 -3  0 -3  5 -3 -3 -2 -4 -2 -3 -3 -2 -4 -3  1  3 -4 -4  2   35   0   4   0  13   0   0   1   0   0   0   0   0   0   0  11  21   0   0  14  0.59 inf
  153 R    0  3  1  2 -3  0  1 -1  0 -3 -3  3 -2 -3  0  0 -1 -3 -2 -3    6  15   8  11   0   3   7   3   1   1   1  27   0   0   4   7   3   0   1   1  0.32 inf
  154 W    0 -1  1 -1 -2  1  1 -1  1 -2 -1  0 -1 -2  1  1  0  6 -1 -1   10   1   7   1   1   7  13   3   4   1   4   4   1   0   8  10   4  13   1   4  0.27 inf
  155 D   -1 -1  1  2 -4  0  1  2 -2 -4 -4  4 -3 -4 -2  1  1 -4 -3 -4    4   0   5  12   0   2  11  14   0   0   0  31   0   0   1  12   8   0   1   0  0.43 inf
  156 D    1 -2  1  6 -4 -2  0 -3 -3 -4 -4  2 -4 -4 -2 -1 -1 -5 -4 -4   12   1   5  55   0   1   3   1   0   0   1  13   0   0   1   2   3   0   0   1  0.91 inf
  157 S   -1 -2  4  1 -3 -1 -1 -2 -2 -3 -3 -1 -2 -3  3  2  3 -3 -3 -2    2   1  24   6   0   2   1   1   0   1   2   2   0   1  13  16  25   0   1   1  0.49 inf
  158 V   -3 -5 -5 -4 -4 -4 -4 -5 -5 -1 -3 -4 -3 -4  6 -4 -3 -6 -4  6    0   0   0   1   0   0   0   0   0   1   0   0   0   0  37   0   0   0   0  61  1.48 inf
  159 L   -2  1 -1  0 -3 -1  2 -3 -1  0  3 -1  0 -1 -3 -1  0 -2 -1 -1    2   8   1   7   0   2  17   1   1   4  40   3   1   1   1   3   5   0   2   2  0.22 inf
  160 E    0 -1 -1  1 -5  3  4 -2 -1 -3 -4  4 -3 -5 -3 -2 -1 -4 -4 -3    7   1   1   5   0  13  33   1   1   1   1  31   0   0   0   1   2   0   0   1  0.68 inf
  161 V   -2 -5 -4 -5 -2 -4 -4 -5 -5  4 -1 -4  0 -3 -4 -3  3 -5 -4  5    1   0   0   0   0   0   0   0   0  26   0   0   1   0   0   0  19   0   0  52  1.00 inf
  162 E   -4 -3 -3 -1 -7 -1  8 -5 -3 -7 -6 -2 -5 -7 -4 -3 -4 -6 -5 -6    0   0   0   0   0   1  99   0   0   0   0   0   0   0   0   0   0   0   0   0  2.27 inf
  163 K   -1  2 -1  1 -5  3  2 -3  1 -3 -2  4  0  0 -3 -2 -2 -4  0 -3    4  11   1   6   0  17  11   0   3   0   3  34   3   4   0   0   0   0   3   0  0.50 inf
  164 T    0  1 -1  4 -3  3  2 -1 -2 -3 -4  2 -3 -5 -3 -1  1 -4 -4 -3    6   8   0  24   0  14  16   4   0   2   0  13   0   0   0   1  12   0   0   1  0.46 inf
  165 L   -4 -5 -6 -6 -4 -5 -6 -6 -5  1  6 -5  0 -1 -6 -5 -4 -4 -4  0    0   0   0   0   0   0   0   0   0   4  90   0   1   1   0   0   0   0   0   4  1.46 inf
  166 M   -2 -2 -3 -5  3  2 -2 -2 -4 -2  0 -1  9 -3 -5 -3 -1 -4 -4  0    2   2   1   0   7  10   2   3   0   1   3   4  60   0   0   0   3   0   0   5  1.27 inf
  167 K    0  3 -1  0 -5  1  2 -3 -2 -5 -4  5 -3 -5 -2  0 -2 -5 -4 -4    8  15   1   3   0   4  12   0   0   0   0  48   0   0   1   6   1   0   0   0  0.76 inf
  168 I    0  0  1 -3 -1 -1 -1 -3  0  2  1  3 -1 -1 -3 -1 -1 -2 -1  1    7   4   7   0   1   2   3   0   2  13  18  25   0   2   0   2   1   0   2  12  0.17 inf
  169 I   -3 -5 -5 -5 -2 -5 -5 -6 -5  6  2 -5  0  1 -5 -4 -1 -4 -3  3    0   0   0   0   0   0   0   0   0  49  21   0   0   7   0   0   3   0   0  19  0.92 inf
  170 P   -3 -5 -5  0 -6 -4 -3 -5 -5 -6 -6 -3 -6 -7  9 -3 -4 -7 -6 -6    1   0   0   5   0   0   1   0   0   0   0   1   0   0  90   1   0   0   0   0  2.70 inf
  171 K   -3  4 -2 -2 -5  2  2 -4 -3 -4 -4  5  0 -5 -1 -2 -2 -5 -4 -4    0  24   0   1   0  10  10   0   0   0   0  47   3   0   3   1   1   0   0   0  0.93 inf
  172 E   -1 -1  1  3 -5  0  4 -3  0 -5 -5  2 -3 -5  0  1 -2 -5 -4 -4    4   2   7  19   0   1  38   0   2   0   0  15   0   0   4   8   0   0   0   0  0.67 inf
  173 E   -2  3 -1  2 -4  0  3 -3  1 -3  0  2  0 -1 -3 -1 -1 -1  1 -3    0  17   2  15   0   2  19   0   3   0  11  14   3   2   0   2   2   1   7   0  0.31 inf
  174 W   -6 -6 -8 -8 -6 -6 -7 -6 -6 -2 -2 -7 -3 -3 -7 -7 -6 13  0 -5    0   0   0   0   0   0   0   0   0   3   4   0   0   0   0   0   0  90   1   1  4.06 inf
  175 S    0 -2  1 -2 -2 -1 -1 -2  0  2 -1 -2 -2 -2 -2  3  2 -4 -2  0    5   1   7   0   0   2   4   2   2  16   3   1   0   2   1  32  17   0   1   5  0.27 inf
  176 I   -1  1  1  2 -3  1  0 -3  0  0  0  2  1 -3 -1 -1 -1 -4 -2  0    6  10   5  16   0   7   2   0   2   6  10  18   5   0   2   0   2   0   1   6  0.17 inf
  177 T    4 -3 -3 -3 -1 -3 -3 -2 -3 -2  0 -3  0  2 -3  1  3  2  0 -2   39   0   0   0   1   0   0   1   0   1  10   0   2  10   0   9  19   3   3   1  0.43 inf
  178 H   -4 -3  0 -4  1 -3 -3 -4 10 -6 -6 -4 -5 -5 -2  2 -3 -6 -2 -6    0   0   4   0   3   0   0   0  75   0   0   0   0   0   2  15   1   0   0   0  2.26 inf
  179 H   -5 -4 -2 -5 -6 -1 -4 -6 11  0 -5 -4 -4 -4 -6 -4 -4 -6 -1 -5    0   0   1   0   0   1   0   0  88   6   1   0   0   0   0   0   0   0   1   0  2.83 inf
  180 R   -2  4 -3 -3 -3  3 -2 -4 -1 -3  1 -1 -2 -2 -4 -2 -1  8  1 -3    3  23   0   1   0  18   0   0   1   1  17   1   0   0   0   1   5  23   4   1  0.85 inf
  181 M   -3 -4 -5 -6 -4 -4 -5 -6 -5  2  5 -5  4  2 -5 -4 -3 -4 -3  0    0   0   0   0   0   0   0   0   0   9  67   0  12   8   0   0   0   0   0   3  1.07 inf
  182 I   -4 -6 -6 -6 -4 -4 -6 -7 -6  8 -1 -6 -1 -3 -6 -5 -4 -6 -4  1    0   0   0   0   0   1   0   0   0  92   1   0   1   0   0   0   0   0   0   5  1.91 inf
  183 F   -2 -4 -5 -4 -4 -4 -5 -5 -2 -2  1 -5 -2  7 -6 -4 -1  7  4 -3    3   0   0   1   0   0   0   0   1   0  14   0   0  50   0   1   4  15  11   0  1.30 inf
  184 F   -5 -4 -3 -5 -6 -2 -4 -6  9 -5 -3 -4 -4  6 -6 -4 -5  2  0 -5    0   0   0   0   0   1   0   0  60   0   2   0   0  35   0   0   0   2   0   0  2.18 inf
  185 G   -3 -5 -3 -4 -6 -5 -5  7 -5 -7 -7 -5 -6 -6 -5 -3 -5 -6 -6 -6    0   0   0   0   0   0   0 100   0   0   0   0   0   0   0   0   0   0   0   0  2.36 inf
  186 R   -5  8 -4 -5 -7 -2 -3 -6 -3 -6 -5 -1 -5 -6 -5 -4 -4 -6 -5 -6    0 100   0   0   0   0   0   0   0   0   0   0   0   0   0   0   0   0   0   0  2.53 inf
  187 Y    0  4  0 -3 -5  1 -1 -4 -1 -4 -3  1 -3 -1 -4 -2 -3 -2  7 -3    9  23   5   1   0   6   4   0   0   0   1   8   0   0   0   1   1   0  43   1  0.90 inf
  188 H   -3 -2 -3 -4  3  0 -3 -5  6  4  0 -3  0 -1 -4 -3  0 -3 -1  3    0   2   0   0   6   4   0   0  24  28   5   1   1   2   0   0   4   0   1  22  0.63 inf
  189 C   -4 -7 -6 -7 12 -7 -7 -6 -7 -5 -5 -7 -5 -6 -7 -4 -4 -6 -6 -4    0   0   0   0  99   0   0   0   0   0   0   0   0   0   0   1   0   0   0   0  3.86 inf
  190 K   -2  0  0 -1 -4  0 -2 -3  3  0  0  4  1 -2 -2 -1  2 -4 -2 -1    2   2   3   2   0   2   0   0  10   5  11  36   3   2   1   2  16   0   1   3  0.35 inf
  191 A    7 -4 -4 -4 -3 -3 -4 -2 -4 -4 -4 -3 -4 -5 -2  1 -3 -5 -5 -3   89   0   0   0   0   0   0   1   0   0   0   0   0   0   2   8   0   0   0   0  1.53 inf
  192 Q   -4  7 -3 -4 -6  3 -2 -5 -3 -4 -5  2 -3 -6 -3 -3 -3 -5 -4 -4    0  74   0   0   0  12   0   0   0   1   0  10   0   0   1   0   0   0   0   1  1.62 inf
  193 S   -1  2  5 -2 -5  0 -2 -3 -1 -5 -5  5 -4 -5 -4  1 -1 -5 -4 -4    3   9  31   0   0   2   0   0   1   0   0  42   0   0   0   9   2   0   0   0  0.89 inf
  194 P   -3 -6 -5 -5 -6 -5 -4 -6 -2 -6 -6 -4 -6 -7  9 -4 -4 -7 -6 -6    1   0   0   0   0   0   0   0   1   0   0   0   0   0  97   0   0   0   0   0  3.07 inf
  195 Q    0  1  1  1 -4  2  1 -2  0 -3  0  4 -1 -4 -3 -1 -2 -4 -3 -3    9   5   8   8   0   9   7   2   2   1   9  38   1   0   0   1   0   0   0   0  0.42 inf
  196 C   -4 -7 -6 -7 12 -7 -7 -6 -1 -4 -5 -7 -5 -6 -7 -4 -4 -6 -6 -4    0   0   0   0  97   0   0   0   2   1   0   0   0   0   0   0   0   0   0   0  3.70 inf
  197 P   -1 -2  0  3 -4  1  4  2  0 -4 -3 -1 -3 -3  1 -1 -1 -2 -2 -3    4   0   3  21   0   4  30  14   3   0   1   2   0   1   7   4   3   1   1   1  0.48 inf
  198 S    0  0  0  0 -3  1  3 -2  0  2 -2  0 -1 -3 -3  0  0 -4 -3  0    9   5   5   4   0   6  27   1   2  16   2   4   0   0   0   6   5   0   0   7  0.21 inf
  199 C   -4 -7 -6 -4 12 -7 -7 -6 -7 -5 -5 -7 -5 -6 -7 -5 -5 -6 -1 -4    0   0   0   1  97   0   0   0   0   0   0   0   0   0   0   0   0   0   2   0  3.71 inf
  200 P   -2 -2 -2 -2 -1 -2  0 -2 -3 -1 -3 -1 -3  1  7 -2 -1 -5 -4 -1    3   2   1   1   1   1   6   3   1   4   2   3   0   7  55   2   3   0   0   4  1.10 inf
  201 L   -3 -4 -5 -6 -3 -2 -5 -6 -5  4  5 -4  1  0 -5 -4 -3 -4 -2  1    0   0   0   0   0   3   0   0   0  21  63   0   1   3   0   0   0   0   0   8  0.96 inf
  202 L    1  0  1 -2 -3  1 -1 -2 -2 -1  2  1 -1  0 -3  0  0 -3 -1 -1   16   5  10   0   0   7   3   0   0   3  23  12   0   3   0   7   7   0   2   3  0.12 inf
  203 H   -1 -1  0  4 -4 -1  2 -2  3 -3 -4  0 -3 -3  1  1 -1 -3  0 -3    2   3   3  31   0   1  16   1   9   1   1   6   0   1   8  10   2   0   4   1  0.49 inf
  204 L   -3 -2 -3  0 -2 -2 -2 -4 -1  2  3 -3  2  2 -4 -3 -2  0  4  1    1   1   1   7   1   1   2   0   1  12  32   1   6   7   0   0   0   1  18   7  0.38 inf
  205 C   -4 -7 -6 -7 12 -7 -7 -6 -7 -5 -5 -7 -5 -6 -7 -5 -5 -6 -6 -4    0   0   0   0  99   0   0   0   0   0   0   0   0   0   0   0   0   0   0   0  3.90 inf
  206 R   -2  3  1  0 -5  0  1 -3  0 -4 -2  3 -3 -4  4 -1 -1 -4 -4 -3    2  21   6   4   0   4   7   0   2   1   3  21   0   1  24   2   2   0   0   0  0.61 inf
  207 E   -2 -3 -3 -1 -3 -2  3 -3  0 -4 -4  0 -2  2 -4  2 -2  0  6 -3    2   0   0   3   0   0  23   1   2   0   0   5   1   8   0  19   1   1  32   0  0.70 inf
  208 G    1 -2 -2 -1 -2 -3 -2  4 -1 -4 -4  0 -3  2 -1 -2 -3 -2  6 -3   11   2   1   3   1   0   2  30   0   0   0   6   0   7   3   1   0   0  34   0  0.71 inf
  209 K   -2  1  1 -1 -5  4  1  0  0 -3 -3  5 -2 -5 -2 -1 -1 -5 -4 -3    2   5   6   2   0  21   9   6   1   2   1  39   0   0   1   1   2   0   0   1  0.59 inf
  210 K   -1  1  2 -1 -5  1  3 -3 -2 -3 -4  6 -3 -5 -3 -2 -1 -5 -4 -4    3   4   9   2   0   3  16   1   0   1   0  55   0   0   0   1   2   0   0   1  0.83 inf
  211 R   -2  5  3 -2 -4  1  0 -3 -1 -2 -2  2 -2 -3 -3 -1  1 -4 -2 -2    1  38  15   0   0   6   4   0   1   3   3  15   0   1   1   1   8   0   1   3  0.53 inf
  212 M   -1 -2 -2 -2 -3  0 -2 -4  0  1  2 -1  4  0 -3 -2 -1 -2  2  2    2   1   2   2   0   4   2   0   2   8  21   4  21   3   0   2   3   0   9  15  0.26 inf
  213 R   -2  2 -1 -2 -5 -1  0 -1 -3 -4 -3  6 -3 -5 -2 -1 -1 -5 -4 -4    2  11   2   0   0   1   3   4   0   0   3  69   0   0   1   2   2   0   0   0  0.99 inf
  214 K   -2  2 -2 -2 -5  2  1 -3 -2 -5 -4  6 -3 -5 -3 -2 -2 -5 -4 -4    0   7   0   0   0   6   7   0   0   0   0  79   0   0   0   0   0   0   0   0  1.17 inf

                      K         Lambda
Standard Ungapped    0.1385     0.3252
Standard Gapped      0.0628     0.2670
PSI Ungapped         0.2052     0.3160
PSI Gapped           0.0628     0.2670
