
Last position-specific scoring matrix computed, weighted observed percentages rounded down, information per position, and relative weight of gapless real matches to pseudocounts
           A  R  N  D  C  Q  E  G  H  I  L  K  M  F  P  S  T  W  Y  V   A   R   N   D   C   Q   E   G   H   I   L   K   M   F   P   S   T   W   Y   V
    1 M   -5 -5 -6 -7 -5 -4 -6 -6 -5 -2 -1 -5 11 -4 -6 -5 -4 -5 -5 -3    0   0   0   0   0   0   0   0   0   0   0   0 100   0   0   0   0   0   0   0  3.21 inf
    2 L   -4 -4 -2 -5 -4 -4 -5 -6 -5  2  5 -5  3  0 -5 -3 -3 -4 -3 -1    0   0   2   0   0   0   0   0   0  11  73   0   8   3   0   1   0   0   0   2  1.08 inf
    3 S    0 -1  1  2 -3 -2 -2 -3 -3 -4 -5 -2 -4 -5 -3  5  2 -5 -4 -2    4   2   7  10   0   0   0   0   0   0   0   1   0   0   0  62  11   0   0   3  0.90 inf
    4 H   -2 -2 -2 -4 -3 -1 -3 -4  4  4  1 -2  2  2 -4 -3 -1 -3  0  2    2   1   2   0   0   2   0   0  14  35  11   2   4   8   0   0   3   0   3  12  0.45 inf
    5 M    1  0 -1 -2 -3  2 -1 -1 -3 -3 -3  0  2 -4 -1  4  3 -4 -3 -3   14   4   1   1   0   9   2   3   0   0   0   4   6   0   2  37  17   0   1   0  0.50 inf
    6 V   -1 -2  0 -3 -3 -1 -2 -3 -3  3  0 -1  2 -2  1  0  2  0 -2  2    4   1   6   0   0   3   1   1   0  18   5   3   7   1   8   5  14   1   1  21  0.23 inf
    7 L    1 -3 -3 -4 -3 -3 -3 -2 -3  4  2 -2  1 -2 -4  1 -1 -4  0  2   15   0   0   0   0   1   0   2   1  26  19   3   3   0   0  12   2   0   3  14  0.36 inf
    8 T    1  0  1  1 -3  0 -1 -1  3 -3 -2  0 -2 -3  0  2  3 -3  0 -2   11   5   6   7   0   5   1   2   7   1   3   5   0   0   3  17  24   0   3   1  0.27 inf
    9 R    2  3  0 -2 -2 -1 -1 -1 -2  0 -1  1 -2 -2 -1  1 -1 -3 -1  1   18  21   4   1   0   1   2   3   0   5   5  10   0   1   3   9   3   0   2  12  0.18 inf
   10 Q    1  1 -2 -2 -4  3  2  1 -1 -4 -3  3 -3 -4 -2  1 -1 -4 -3 -3   12   7   1   0   0  13  13   9   1   1   2  25   0   0   1  11   2   0   0   1  0.41 inf
   11 D   -1 -1  2  0 -4  1  0 -1  0 -4 -4  0 -2 -2 -2  4  1 -4  3 -3    3   2  11   6   0   6   5   5   2   0   0   5   1   1   1  34   7   0  12   1  0.43 inf
   12 I    4 -2 -3 -2 -4 -2 -2 -1 -2  0 -2 -3 -1  0 -2 -1 -2 -3  5  0   40   2   1   2   0   1   2   3   0   5   3   1   1   4   2   3   1   0  22   6  0.52 inf
   13 G    2 -3  0 -1 -4 -1 -3  4 -1 -4 -3 -2 -4 -1 -4  1  1 -4  1 -4   20   1   4   4   0   3   1  35   1   0   2   2   0   3   0  12   7   0   6   0  0.51 inf
   14 R    1  2  0  0 -4  1  1  2  0 -4 -4  2 -3 -5 -3  2 -1 -5 -4 -4   12  12   4   4   0   7   7  17   2   0   1  13   0   0   0  19   2   0   0   0  0.36 inf
   15 A    4 -1 -3 -1 -4  0  0  0 -2 -3 -2  3 -3 -3 -2 -1 -2 -5 -4  0   41   2   0   3   0   4   7   7   1   1   3  17   0   1   2   3   1   0   0   9  0.44 inf
   16 A    2 -2 -1  4 -4 -1  2  2 -3 -3 -2 -1 -3 -4 -4  0 -2 -5 -4 -1   19   2   2  25   0   1  16  15   0   1   3   2   1   0   0   6   1   0   0   4  0.45 inf
   17 S   -1 -1  4  5 -5  0  1  1  1 -5 -6 -1 -5 -5 -4  1 -2 -6 -1 -4    5   4  24  29   0   3  10   9   3   0   0   2   0   0   0   8   1   0   2   1  0.71 inf
   18 Y   -7 -5 -1 -5 -7 -6 -1 -8 -2 -6 -6 -6 -6 -2 -8 -6 -5 -3 10 -6    0   1   3   1   0   0   4   0   1   0   0   0   0   0   0   0   1   0  91   0  3.19 inf
   19 Y   -5 -7 -7 -8 -2 -6 -7 -8 -3 -6 -3 -7 -6  0 -8 -7 -7  2 10 -6    1   0   0   0   1   0   0   0   0   0   2   0   0   3   0   0   0   2  91   0  3.29 inf
   20 E    1 -2 -2 -2 -3 -1  0 -2 -1 -2  0  0 -1  0 -3  2  3  0  2 -1   13   2   0   2   0   3   5   2   2   1  10   5   1   3   0  19  20   1  10   3  0.24 inf
   21 D    0 -1  0  2 -4  3  3  0  0 -3 -2  2 -2 -4 -1  1 -1 -4 -3 -2    6   2   3  13   0  12  19   7   2   1   3  14   1   0   2   9   3   0   1   2  0.32 inf
   22 G   -1 -1  1  2 -4  1  3  3 -1 -4 -4  0 -3 -4 -2  1 -2 -4 -3 -4    4   2   6  12   0   5  20  26   2   0   1   6   1   0   1   9   2   0   1   0  0.47 inf
   23 A    0  0  0  3 -3  2  2  3  1 -4 -3  0 -4 -4 -3  1 -2 -4 -3 -4    6   4   3  18   0   9  12  23   4   1   2   5   0   0   1   9   1   0   1   1  0.42 inf
   24 D    0  0  2  3 -4  1  3  1 -2 -4 -4 -1 -3 -5 -2 -1  0 -5 -3 -4    8   4  10  18   0   7  25  10   0   0   1   3   0   0   2   4   6   0   1   0  0.46 inf
   25 G    0  0 -1  1 -3  0  2  1 -2 -2  0  0  1 -2  0  1  0 -3 -2 -1    8   4   2   8   0   3  14  14   1   1   8   3   4   1   4  11   7   0   1   3  0.12 inf
   26 D   -1  1  0  0 -2  0  3 -2  1 -1 -1 -1  1 -3  2  1  1 -4 -1 -1    4   8   4   5   1   3  20   1   3   4   5   1   4   0  10  10  11   0   2   5  0.19 inf
   27 A    2  0  2 -1 -3  1  0 -1  1 -3 -3  0  0 -2  4  0  0 -4 -1 -1   16   4  11   2   0   8   5   4   3   1   2   4   2   1  20   4   5   0   2   5  0.30 inf
   28 S    0 -4 -2 -3 -4 -2 -1  4 -4 -4 -2 -3  0 -5  0  4  2 -5 -4 -2    8   0   1   0   0   1   3  28   0   0   4   0   2   0   5  31  13   0   0   3  0.62 inf
   29 E    0  3 -2 -2 -3  3  3 -3  0 -2 -2 -1 -1  1 -3 -1  0  1 -1  1    6  16   1   1   0  14  22   1   2   2   2   2   1   7   0   4   6   2   1  10  0.32 inf
   30 W   -7 -7 -8 -9 -7 -7 -7 -7 -7 -7 -6 -8 -6  0 -8 -7 -7 13  0 -7    0   0   0   0   0   0   0   0   0   0   0   0   0   3   0   0   0  92   3   0  4.72 inf
   31 Q    0 -2 -2 -3 -4  2 -3  1  3  1  1 -2  2  3 -4 -2 -1  3  2  0    7   1   1   0   0  13   0  11   8   7  12   1   5  13   0   1   2   4   8   6  0.25 inf
   32 G   -3 -6 -4 -5 -1 -6 -6  7 -6 -7 -6 -4 -6 -7 -3 -3 -2 -6 -7 -5    1   0   0   0   1   0   0  89   0   0   1   1   0   0   2   1   3   0   0   1  2.18 inf
   33 K    0  2  0  0 -4  2  2 -2  0 -3 -2  4 -3 -4 -3  1 -1 -5 -2 -3    9  10   3   5   0   9  12   3   2   1   3  28   0   0   0  11   2   0   1   1  0.40 inf
   34 G    1 -3 -1 -4 -5 -4 -5  6 -5 -2  1 -3  1 -2 -5 -2 -1 -5 -5 -2   12   1   2   0   0   0   0  54   0   3  15   2   4   1   0   1   3   0   0   2  0.90 inf
   35 A    7 -3 -5 -2 -2 -4 -5 -3 -5 -5 -4 -3 -5 -6 -5  1 -2 -6 -6 -3   83   1   0   2   1   0   0   1   0   0   1   1   0   0   0   8   1   0   0   1  1.65 inf
   36 E    2  0 -1  1 -4  1  4 -2 -3 -2 -3  2 -2 -4  1 -1  0 -5 -3 -1   17   5   3   6   0   6  27   2   0   2   2  12   1   0   5   4   4   0   1   4  0.34 inf
   37 E    2  2 -1  1 -3  1  2 -1  1 -1 -1  0 -1 -2 -2  0 -1 -4 -2 -1   19  13   2   6   0   5  18   3   3   4   5   4   2   1   1   6   3   0   0   5  0.17 inf
   38 L    0 -3 -3 -5 -4  0 -1 -4 -5  0  5 -3  1  0 -5 -3 -2  0 -2  0    7   1   1   0   0   4   5   1   0   2  62   1   2   4   0   1   1   1   1   4  0.76 inf
   39 G   -1 -1  0 -2 -3 -1 -3  7 -1 -7 -7 -2 -6 -7 -1 -2 -5 -6 -6 -6    4   3   4   2   1   3   1  73   2   0   0   2   0   0   3   2   0   0   0   0  1.49 inf
   40 L   -3 -4 -6 -3 -5 -5 -6 -7 -2  1  6 -6  1 -1 -6 -6 -4 -5  0 -1    1   1   0   2   0   0   0   0   1   6  77   0   2   2   0   0   0   0   4   3  1.36 inf
   41 S    1 -1  0  0 -3  1  2 -1 -1 -3 -3  1 -3 -3 -2  3  2 -5 -3 -2   11   2   4   5   0   5  13   4   1   1   3   8   0   1   1  28  12   0   1   1  0.32 inf
   42 G   -1 -4 -2 -2 -6 -2 -2  7 -1 -6 -6 -3 -6 -6 -5 -2 -3 -6 -6 -6    5   1   1   2   0   2   3  78   1   0   0   1   0   0   0   2   1   0   0   0  1.69 inf
   43 E    1 -1 -1  1 -4  1  4 -2 -2 -2 -2  2 -3 -3  3  0 -1 -4 -2 -2   10   1   2   6   0   7  27   3   0   2   3  12   0   1  14   5   3   0   1   3  0.39 inf
   44 V    1 -5 -6 -6 -1 -5 -5 -2 -6  3 -1 -5 -2 -2 -5 -4 -2 -6 -4  6   10   0   0   0   1   0   0   3   0  13   4   0   0   2   0   0   2   0   0  64  1.20 inf
   45 D   -2 -1  1  5 -5  1  2 -1  0 -5 -4  0 -4 -5 -4  0  1 -5 -4 -4    2   2   5  40   0   6  15   5   2   0   1   4   0   0   0   6  10   0   0   1  0.72 inf
   46 S    1  3 -1  0 -4  2  0 -1  0 -2 -2  2 -2 -4  2  0 -1 -4 -3 -2   13  16   2   4   0   9   6   4   2   3   4  14   1   0  11   5   2   0   0   3  0.25 inf
   47 K    1 -1  0  3 -4  2  4  0 -1 -4 -3  1 -4 -3 -3  0 -2 -5 -4 -3   13   1   3  19   0   8  26   7   1   0   2  11   0   1   1   4   2   0   0   1  0.46 inf
   48 R    1  2 -2  3 -2  2  1 -2  2 -1 -2 -1 -1 -4 -2 -1  1 -4 -3  1   11  10   0  17   1  10  11   2   5   3   2   2   1   0   1   3   8   0   0  13  0.23 inf
   49 F   -2 -6 -6 -7 -5 -6 -6 -6 -1 -2  2 -6  2  8 -7 -5 -5  1  2  0    3   0   0   0   0   0   0   0   1   1  20   0   4  59   0   0   0   2   5   5  1.56 inf
   50 R    1  1  0  1 -3  1  2 -1  1 -1 -1  2 -1 -2 -3  0  1 -4 -3 -2   13   6   4   7   0   5  18   3   4   3   6  12   1   2   0   5   8   0   0   2  0.17 inf
   51 E    2  3  2  1 -4  1  2 -1 -1 -4 -3  1  0 -4 -3  1 -1 -5 -4 -3   19  18   9   7   0   6  12   4   1   0   1   9   2   1   0   8   2   0   0   1  0.35 inf
   52 L    1 -5 -6 -6 -4 -5 -5 -4 -5  1  4 -5  2  0 -5 -4 -2  4 -1  2   11   0   0   0   0   0   0   1   0   6  48   0   5   3   0   0   2   7   1  16  0.82 inf
   53 L    0 -2 -5 -4  3 -5 -5 -4  0 -1  5 -5  1  1 -5 -2 -2 -4  1 -1    8   2   0   1   7   0   0   1   2   1  56   0   3   5   0   2   2   0   5   3  0.78 inf
   54 A    0  1  1  4 -5  3  2 -2  1 -5 -4  0 -4 -3 -4  0 -2  0  0 -3    9   7   7  21   0  14  14   1   4   0   1   4   0   1   0   8   1   1   4   2  0.43 inf
   55 G   -2 -6  2 -5 -6 -5 -2  7 -6 -7 -3 -5 -6 -7 -6 -2 -5 -7 -7 -7    3   0   8   0   0   0   3  80   0   0   3   0   0   0   0   3   0   0   0   0  1.90 inf
   56 N   -2  2  0  0 -1  1  1 -2  2  0  0  1 -1  1 -3 -1 -1 -3  1  0    2  11   3   6   1   7  11   3   5   7  11  11   0   9   0   2   3   0   4   5  0.11 inf
   57 I   -1 -2  1  1  0 -1 -1 -2  3  1  1 -3  1  0 -3 -1  0  2 -2  2    5   2   8  10   2   2   2   2   9   9  12   0   4   5   0   3   6   4   0  15  0.14 inf
   58 G   -1 -1 -1  0 -5 -1 -1  0 -4 -5 -3 -1 -4 -5  7 -2 -1 -5 -1 -2    5   3   3   4   0   3   5   7   0   0   3   4   0   0  49   3   4   0   3   3  1.02 inf
   59 E   -1  0  3  3  0  0  2  0  1 -2 -2 -1 -1 -1  0  0  0 -4 -3 -2    3   4  15  21   2   3  12   5   3   2   3   2   2   2   5   5   6   0   0   2  0.28 inf
   60 G   -2 -3 -2 -1 -5 -4 -2  6 -3 -5 -5 -4 -5 -3 -4 -2  2 -5 -5 -5    1   1   1   4   0   0   2  65   1   0   1   0   0   1   1   2  16   0   0   1  1.33 inf
   61 H    1  0 -1  0 -3  3  2  2 -1 -1 -3  0 -2 -3 -2  0  1 -2 -3 -1   11   5   2   4   0  14  17  15   1   4   1   4   0   1   1   5  10   0   0   4  0.23 inf
   62 R    0  2 -1  2 -4  3  2 -2  0 -3 -2  1 -2 -4  1  0 -1 -1 -3 -1    7  13   2  10   0  15  12   1   2   1   2  10   1   0   8   7   3   1   0   4  0.29 inf
   63 I   -1 -1 -3 -4 -1  0 -3 -2 -4  2  4 -3  2 -2  0 -2 -1 -3 -2  1    3   4   1   1   1   6   1   3   0  11  44   1   4   1   5   2   2   0   1   9  0.42 inf
   64 M   -1  0 -1 -2  1  0 -1  2 -1  0  2 -1  0 -2 -2  0 -1 -3 -2  1    4   6   2   1   3   4   3  20   1   4  21   4   2   1   1  10   3   0   1  10  0.13 inf
   65 R   -1  4 -2 -2 -1  3  0  1  0 -4 -3  2 -2 -4 -3 -1  2 -4 -3 -3    3  29   1   1   1  12   5  13   2   1   2  11   1   1   1   3  13   0   0   1  0.49 inf
   66 S    0  1  2 -1 -3  1 -1  0  1 -1 -1  0  2 -1 -2  0  1  0 -1  0    7  10  11   2   0   6   3   8   5   3   3   6   7   3   1   5  13   1   1   6  0.10 inf
   67 A    1  2 -1 -2 -3  2  0 -1  0  0 -1  0 -1  0 -1  0  0 -3 -1  1   14  14   2   1   0  10   5   4   2   7   3   4   1   5   3   8   4   0   1  12  0.10 inf
   68 T    0  0  2  1 -3 -1  0  2  0 -2 -2  1 -2  0  0  0  0 -3 -1 -1    7   5   9  11   0   2   3  17   3   3   3  11   0   5   4   6   8   0   1   3  0.14 inf
   69 R   -1  2  2  1 -4 -1 -1  3 -2 -3 -4  2 -2 -4 -1 -1 -2 -4 -2 -3    4  14  11   9   0   2   3  28   1   1   1  13   1   0   3   4   1   0   1   1  0.40 inf
   70 Q    0  0  0  2 -3  1  1  1  1 -3 -2  2 -2 -3  0  0  0 -4 -2 -2    7   4   3  13   0   4  11  13   3   1   3  19   0   1   4   6   6   0   1   1  0.23 inf
   71 D   -1  0  3  2 -3  0  2  2 -1 -3 -3  0 -3 -3  0  0 -1 -4 -2 -2    5   5  15  10   0   3  14  20   1   1   1   4   0   1   5   5   4   0   1   3  0.30 inf
   72 S    0  0  0  1 -2  0  1  1  0  0 -1  0 -1 -2 -1  0  0  0 -1  0    6   6   5   8   0   3  11  15   3   7   3   4   1   1   2   8   7   2   2   7  0.08 inf
   73 K   -1  1  2  1 -3  2  2  0  0 -3 -3  3 -2 -3 -2 -1  0 -3 -3 -1    4   5   9   6   0  11  12   7   2   1   2  26   0   1   1   3   6   0   0   5  0.31 inf
   74 E   -3  5 -3 -4 -6 -2  1 -5  9 -6 -4  0 -5 -5 -4 -3 -4 -5 -3 -3    2  27   0   0   0   1   8   0  51   0   1   5   0   0   0   2   0   0   0   2  1.73 inf
   75 R   -2  7 -3 -4 -5 -1 -3 -5  1 -4 -5  1 -2 -5 -5 -3 -1 -1 -4 -1    3  71   0   0   0   2   0   0   3   1   0   5   1   0   0   1   4   1   0   5  1.56 inf
   76 I    3 -3 -3 -4  0 -3 -3 -2 -1  0  0 -3  1 -3  5 -1 -1 -4 -2  1   27   1   1   0   2   0   1   2   1   5   7   1   3   1  30   4   3   0   1  11  0.62 inf
   77 G    1 -6 -4 -5 -6 -5 -5  7 -5 -7 -5 -5 -6 -3 -5 -3 -5 -6 -4 -6   12   0   0   0   0   0   0  84   0   0   1   0   0   1   0   0   0   0   1   0  2.00 inf
   78 L   -4 -3 -4 -4 -2 -3 -4 -6  2  2  0 -5  0  4 -6 -4  1  7  5 -1    0   1   1   1   1   1   1   0   4  10   9   0   2  18   0   0   9  18  21   3  0.99 inf
   79 D   -6 -5 -3  8 -8 -5 -2 -6 -5 -7 -8 -5 -7 -3 -6 -4 -5 -9 -7 -8    0   0   0  97   0   0   1   0   0   0   0   0   0   1   0   0   0   0   0   0  2.83 inf
   80 L   -2 -5 -6 -6  1 -5 -6 -4 -5  0  5 -5  3  3 -6 -5 -4 -1 -2  1    3   0   0   0   3   0   0   1   0   4  59   0   7  14   0   0   0   1   1   7  1.01 inf
   81 T   -2 -5 -1 -5  0 -1 -3 -5 -5 -4 -5 -5 -2 -6 -5 -2  7 -6 -6 -1    3   0   3   0   2   3   1   0   0   0   0   0   1   0   0   1  82   0   0   5  1.86 inf
   82 F   -4 -6 -7 -7 -6 -7 -7 -7 -5  1  1 -7 -2  8 -7 -6 -3  0 -1 -1    1   0   0   0   0   0   0   0   0   8  13   0   1  70   0   0   2   1   1   4  1.93 inf
   83 S   -1 -4  0 -3  1 -3 -2 -2  0 -6 -5 -3 -5 -6 -5  6  1 -6 -5 -5    4   0   5   1   3   1   2   2   2   0   0   0   0   0   0  74   6   0   0   0  1.43 inf
   84 A    6 -5 -5 -5  2 -4 -5 -4 -5 -4 -4 -4  2 -6  1 -2 -3 -6 -5  0   73   0   0   0   4   0   0   0   0   0   1   0   5   0   8   2   1   0   0   7  1.39 inf
   85 P   -5 -6 -4 -4 -7 -6 -4 -4 -7 -4 -7 -5 -7 -8  9 -2 -4 -8 -7 -5    0   0   1   1   0   0   1   1   0   1   0   0   0   0  91   3   0   0   0   1  2.93 inf
   86 K   -5 -1 -4 -5 -8 -3 -3 -3 -5 -7 -7  8 -6 -8 -5 -4 -5 -7 -6 -7    0   1   0   0   0   0   0   1   0   0   0  98   0   0   0   0   0   0   0   0  2.62 inf
   87 S   -2 -4 -3  1 -5 -4 -3 -1 -5 -6 -6 -4 -5 -6 -3  7  0 -7 -6 -6    1   0   0   7   0   0   1   5   0   0   0   0   0   0   1  80   5   0   0   0  1.66 inf
   88 V    0 -6 -7 -7 -4 -6 -6 -7 -7  2  0 -6 -2 -1 -4 -5 -4  1 -5  7    6   0   0   0   0   0   0   0   0   9   5   0   0   2   1   0   0   2   0  75  1.56 inf
   89 S   -3 -5 -4 -5 -5 -5 -5 -3 -5 -7 -7 -5 -6 -7 -5  7 -2 -7 -6 -6    0   0   0   0   0   0   0   2   0   0   0   0   0   0   0  97   1   0   0   0  2.36 inf
   90 L   -3 -5 -6 -6 -2 -4 -5 -6 -5  5  3 -5  5 -3 -5 -5 -2 -5 -3  3    1   0   0   0   1   1   0   0   0  36  26   0  14   0   0   0   1   0   1  19  1.07 inf
   91 Q    2 -4 -5 -5 -2  1 -4 -5 -5  0  4 -4  5 -3 -5 -3 -1 -5 -4  1   20   0   0   0   1   8   0   0   0   3  37   0  18   0   0   1   4   0   0   8  0.73 inf
   92 A    5 -1 -5 -5  0 -4 -5 -1 -1 -1 -2 -4 -1  0 -5 -2 -3  7  1 -2   55   4   0   0   2   0   0   5   1   3   3   0   1   4   0   2   1  14   4   2  1.02 inf
   93 L    3 -4 -5 -4 -4 -3  0 -2  0 -2  4 -4  3 -1 -5 -3 -4 -2  1 -1   25   0   0   0   0   0   7   2   3   0  43   0   9   2   0   1   0   0   5   2  0.66 inf
   94 V    0 -4 -4 -2 -1 -4 -4 -4 -5  2  2 -4  0 -1 -2 -1 -2 -2 -3  5    7   1   1   2   1   0   1   1   0   9  24   0   2   2   2   4   2   1   0  42  0.61 inf
   95 A    2 -3  0 -2 -2 -1 -2  5  1 -4 -4 -2 -1 -2 -3  0  0 -5  0 -3   20   1   3   1   1   2   3  44   3   0   1   1   1   2   1   6   6   0   3   1  0.67 inf
   96 G   -2 -2 -1  2 -4  0  0  6 -3 -6 -4 -1 -5 -6 -3 -1 -2 -6 -6 -4    2   2   3  11   0   4   5  57   1   0   1   4   0   0   1   5   3   0   0   1  1.01 inf
   97 D   -1 -3  1  8 -7 -3  0 -5 -1 -7 -7 -4 -7 -7  0 -3 -5 -8 -7 -7    5   2   6  73   0   0   6   0   1   0   0   0   0   0   6   1   0   0   0   0  1.86 inf
   98 A   -1  1 -1  1 -4  1  3 -4 -1 -5 -3  4 -2 -5  0 -1  0 -3 -3 -4    5   8   2   7   0   6  23   0   1   0   2  29   1   0   5   3   7   0   1   1  0.55 inf
   99 E    1  7 -2  0 -6 -1  2 -4 -1 -6 -4 -1 -5 -6 -5 -2 -1 -6 -5 -4   10  58   1   5   0   2  12   1   1   0   1   2   0   0   0   2   3   0   0   1  1.19 inf
  100 I   -3 -5 -6 -6 -4 -5 -6 -6 -6  5  4 -5  0 -1 -6 -5 -3 -5 -4  3    1   0   0   0   0   0   0   0   0  39  36   0   2   2   0   0   1   0   0  18  1.16 inf
  101 I   -2  1 -4 -3 -4  0  1 -4 -3  4  3 -3  1  0 -4 -3 -1  0 -1  1    3   8   0   1   0   4   9   1   0  27  26   0   2   3   0   1   2   1   1   9  0.39 inf
  102 K    2  0 -1  4 -5  2  4 -2 -2 -4 -4  1 -4 -5 -3 -1  0 -6 -5 -2   18   4   3  21   0   9  26   2   1   0   1   7   0   0   0   2   5   0   0   2  0.57 inf
  103 A    7 -5 -6 -6 -4 -5 -5 -3 -6 -1 -4 -5 -3 -4 -5 -3 -2 -1 -3 -1   86   0   0   0   0   0   0   1   0   4   1   0   0   0   0   0   2   1   1   3  1.73 inf
  104 H   -6 -4 -2 -4 -7  2 -4 -6 10 -3 -3 -4 -3  2 -7 -5 -4  1  0 -5    0   0   1   1   0   8   0   0  71   1   3   0   1   7   0   0   1   2   2   1  2.45 inf
  105 D   -1  3  3  3 -5  2  2 -2  1 -3 -1  0  1 -4 -4 -1  0 -5 -3 -2    3  16  16  15   0  10  11   2   3   1   5   3   4   0   0   2   5   0   0   3  0.37 inf
  106 R    1  3  0  0 -5  4  3 -3  1 -3 -4  1 -3 -5 -4 -1  0 -3 -3 -2   12  15   4   5   0  17  23   1   3   1   1   7   0   0   0   3   4   0   0   3  0.50 inf
  107 A    7 -5 -5 -6 -2 -5 -5 -2 -6 -5 -5 -5 -5 -6 -5  1 -3 -7 -6 -2   85   0   0   0   1   0   0   2   0   0   0   0   0   0   0   9   1   0   0   3  1.79 inf
  108 V   -1 -6 -3 -7  1 -6 -4 -7 -7  1 -2 -6 -3 -2 -6 -4 -2 -7 -5  7    4   0   1   0   2   0   1   0   0   6   2   0   0   1   0   1   1   0   0  80  1.68 inf
  109 A    1  2 -1  1 -4  2  2 -2  1 -3 -2  3 -1 -4 -3 -1  1 -5 -3 -3   13  12   2   9   0  10  11   2   3   1   4  20   1   0   0   3   9   0   0   1  0.32 inf
  110 R    1  1 -1 -1 -3  0  3 -3 -2 -1 -1  1 -2  2 -3  0  0 -1 -1  0   15   8   1   3   0   4  20   0   0   2   4   8   0  10   0   5   7   1   1   9  0.19 inf
  111 T    5 -5 -4 -5 -4 -4 -3 -4 -5 -4 -5 -4 -1 -4 -5 -1  5 -6 -5  0   55   0   0   0   0   0   1   0   0   0   0   0   1   1   0   3  33   0   0   7  1.26 inf
  112 L   -2 -5 -6 -6 -4 -5 -4 -6 -5  2  4 -5  7  0 -6 -4 -3 -5 -3  2    3   0   0   0   0   0   1   0   0  10  42   0  27   3   0   1   1   0   1  12  1.10 inf
  113 E    1  2  0  2 -3  1  2  0 -1 -3 -3  1 -3 -4 -3  1  1 -4 -3 -2   15  12   3  12   0   5  14   6   1   1   2   7   0   1   0  11   7   0   0   2  0.28 inf
  114 Q   -2 -1 -3 -1 -4  2  2 -4  2 -1  0 -2 -1  3 -4 -3 -3  5  5 -1    3   3   0   3   0   9  17   0   5   4   8   1   1  10   0   0   1   7  23   3  0.58 inf
  115 A    1 -5 -6 -3 -4 -5 -5 -6 -5  4  3 -5  2 -1 -5 -4 -3 -5 -3  4   11   0   0   1   0   0   0   0   0  25  28   0   5   1   0   0   1   0   0  26  0.82 inf
  116 E   -3  0 -4 -2 -7  0  7 -5  0 -7 -5 -3 -6 -7 -5 -3 -3 -7 -6 -2    2   5   0   1   0   3  81   1   2   0   1   0   0   0   0   1   1   0   0   3  1.88 inf
  117 A    1  2 -2 -1 -5  3  3 -4 -1 -5 -4  4 -3 -5 -3  1 -1  3 -4 -3   11  10   1   2   0  11  17   0   1   0   1  25   0   0   1  11   3   5   0   1  0.54 inf
  118 R   -3  2  2  1 -5  0  1 -3  5 -3  1  0  0 -1 -3 -2 -1 -4  2 -3    1  13   9   9   0   4   9   1  16   0  14   6   2   3   1   1   4   0   6   1  0.34 inf
  119 A    3  0 -4 -4  1 -1 -4 -2 -2  1  0 -3  1  2 -4 -2  1 -3  3  1   32   5   0   0   3   2   0   3   1   7   6   0   4   7   0   1   8   0  10  10  0.36 inf
  120 Q    3  0 -2 -3 -4  4  0  0 -1 -1 -2 -1  0 -2 -2  1 -2  4 -2 -2   27   6   0   0   0  19   6   7   1   3   3   1   2   1   1  10   1   5   1   2  0.38 inf
  121 A    3 -3 -2 -4 -4  0 -1 -2 -2 -3  0 -3 -1  0 -4 -1  4 -1  0  0   23   1   2   0   0   5   3   3   1   0  11   1   2   4   0   2  33   1   3   7  0.46 inf
  122 R   -1  7 -4 -5 -3 -2 -2 -3  3 -4 -5 -1 -4 -3 -5 -2  1 -6 -1 -2    4  62   0   0   1   1   2   2   7   1   0   2   0   1   0   2   8   0   2   4  1.33 inf
  123 Q   -2  4  0 -3 -4  1 -1 -4  0  2 -2  0  0 -3 -4 -2  1 -5 -4  2    2  30   4   1   0   6   2   1   2  14   1   5   2   1   0   2  10   0   0  19  0.49 inf
  124 K   -2  4 -1 -2 -4  0 -2  2  0 -2 -3  0  2 -2 -2  0  1  0 -1 -2    1  27   2   2   0   4   1  16   2   2   1   5   7   2   2   6  12   1   2   3  0.34 inf
  125 I   -1  1 -1  1 -3 -1  1  1  2  0 -3  2 -2 -2 -2 -1  1 -4 -2  1    3   9   2   8   0   2   8  11   5   5   0  15   0   1   1   3  10   0   1  14  0.15 inf
  126 Q   -1  0  3  4 -5  1  1  1  1 -5 -5  2 -4 -5 -3 -1 -1 -5 -2 -5    4   4  13  28   0   6  10  13   3   0   1  12   0   0   0   2   3   0   1   0  0.55 inf
  127 G   -1 -5  0 -2 -6 -3 -2  7 -5 -7 -7 -1 -6 -7 -4 -3 -3 -6 -6 -6    4   0   5   2   0   1   3  79   0   0   0   5   0   0   1   1   1   0   0   0  1.74 inf
  128 K   -1  2  0 -2 -4  1  2  2 -3 -2 -2  3 -2 -4 -3  0  0 -5 -4  1    2  11   4   1   0   7  12  14   0   2   2  22   1   0   0   5   5   0   0  11  0.31 inf
  129 T   -1  2  1  0 -3  0 -1 -2  1  1 -2  1 -1 -3 -2  1  2 -4 -2  0    5  12   7   5   0   5   3   2   4   9   2   8   2   0   1  10  18   0   0   7  0.17 inf
  130 R   -1  2 -1  0 -3  1  2 -2  1 -1 -2 -1 -1 -2  0  0  0 -4 -1  1    4  14   1   5   0   8  19   3   4   4   2   2   2   2   4   7   6   0   2  13  0.17 inf
  131 I    0  1  1 -1 -2 -1 -1 -3  1  1  0  0 -1  1  1 -1  1  2  1  0    6   7   8   3   1   2   3   0   4   9   8   6   0   8   7   1   8   3   7   9  0.07 inf
  132 E   -2  1 -2  0 -5  1  4  0  0 -1 -2 -1 -2 -4 -3 -2 -2 -5 -4  3    2   7   1   3   0   6  36   9   3   4   2   2   1   0   1   1   1   0   0  21  0.48 inf
  133 T   -1  2  2  0 -1  1 -1 -3  1 -1  0  2 -1 -1  0 -2  2 -4 -2 -1    5  13  12   5   1   6   1   1   3   2  11  12   1   3   5   0  14   0   0   4  0.18 inf
  134 T   -1 -3 -4 -4 -4 -2 -2 -4 -3 -3 -2 -2 -4 -5 -2  0  7 -6 -5 -1    4   1   0   0   0   2   2   1   1   1   4   2   0   0   2   5  71   0   0   5  1.38 inf
  135 G    0 -1  0  0 -5 -2 -1  6 -2 -6 -6 -2 -5 -6  0 -2 -2 -5 -5 -5    8   4   4   5   0   1   5  61   1   0   0   2   0   0   4   2   2   0   0   0  1.09 inf
  136 N   -2  1  7 -1 -5 -1  0  1  1 -5 -5  1 -4 -5 -4  0 -2 -6 -4 -5    2   7  51   1   0   2   5  11   3   0   0  10   0   0   0   5   1   0   0   0  1.04 inf
  137 L   -1 -5 -6 -7 -4 -5 -6 -4 -6  1  5 -5  5  0 -6 -4 -4 -2 -4 -1    4   0   0   0   0   0   0   1   0   7  66   0  14   3   0   1   0   1   0   3  1.23 inf
  138 V    0 -5 -5 -6 -1 -3 -5 -4 -6  4  1 -5  0 -3 -5 -3  0 -5 -4  5    8   0   0   0   1   1   0   1   0  21  14   0   1   0   0   1   7   0   0  44  0.85 inf
  139 I    3 -5 -5 -5 -1 -4 -5 -1 -4  2 -2 -4  3  3 -5 -3 -2  4  3  2   25   0   0   0   1   0   0   5   0  15   0   0  10  11   0   0   1   6  12  15  0.63 inf
  140 G    6 -5 -5 -5 -4 -5 -5  2 -5 -1 -5 -5 -2 -6 -5 -1 -2 -6 -6 -2   77   0   0   0   0   0   0  13   0   4   0   0   1   0   0   2   1   0   0   1  1.53 inf
  141 K    1  1 -3 -2 -1  0 -1 -3 -1 -1  2  1  1 -2 -3  0  1 -4 -2  1   14   8   0   1   1   5   2   0   2   2  25  10   4   0   0   6  10   0   1   8  0.18 inf
  142 F   -2 -6 -6 -7 -6 -6 -7 -7 -1  0 -3 -6 -1  8 -7 -6 -3  0  4  1    3   0   0   0   0   0   0   0   2   5   1   0   1  65   0   0   1   1  13   8  1.87 inf
  143 R   -2  3  2  1 -3  3  1 -3  2 -2 -2 -1 -2 -3 -1 -1  1 -5 -3 -1    3  21  13   7   0  14   8   1   5   2   5   1   1   1   2   3  10   0   0   4  0.34 inf
  144 H   -6 -5 -4 -6 -8  2 -1 -7 11 -8 -8 -5 -6 -6 -7 -6 -6 -7 -3 -8    0   0   0   0   0   7   4   0  89   0   0   0   0   0   0   0   0   0   0   0  3.56 inf
  145 E   -2 -1  0  4 -2 -1  2 -1  3 -3 -3  0 -1  0 -1  0  2 -1 -1 -2    2   2   3  26   1   2  14   5   7   1   2   5   2   4   2   4  13   1   2   2  0.34 inf
  146 T    0 -4 -2  0 -4 -4  0 -3 -5 -4 -3 -4  1 -5  0  1  6 -6 -3 -3    6   0   1   5   0   0   5   2   0   0   2   0   3   0   5   8  61   0   1   1  1.10 inf
  147 S    1 -4  3 -4 -5 -4 -4 -3 -4 -5 -6 -4 -5 -6 -5  6  0 -7 -5 -1   10   0  15   0   0   0   0   1   0   0   0   0   0   0   0  65   4   0   0   5  1.33 inf
  148 R   -1  9 -5 -6 -8 -3 -5 -7 -5 -7 -7 -2 -6 -7 -7 -5 -6 -7 -6 -7    5  95   0   0   0   0   0   0   0   0   0   0   0   0   0   0   0   0   0   0  2.78 inf
  149 E    3 -3  3  2 -1 -2  3 -3 -3  0 -4 -1 -4 -5  2 -1 -3 -6 -5 -3   26   0  15  12   1   1  23   1   0   6   0   3   0   0  11   2   0   0   0   0  0.59 inf
  150 R   -2  0  1 -2 -2  3 -2  2  0 -2  3  0 -1 -3  0 -2 -3 -2 -3  0    2   6   8   1   1  14   1  15   2   1  30   4   0   0   5   2   0   0   0   8  0.26 inf
  151 D   -5 -5 -2  8 -7 -2  3 -5 -5 -7 -7 -4 -7 -7 -5 -3  0 -8 -7 -7    1   0   1  77   0   1  14   0   0   0   0   0   0   0   0   1   5   0   0   0  2.12 inf
  152 P   -5 -6 -6 -6  2 -6 -4 -7 -7 -6 -4 -5  2 -7  8 -4  0 -8 -7 -6    0   0   0   0   4   0   1   0   0   0   1   0   6   0  83   1   5   0   0   0  2.64 inf
  153 Q   -3 -3  2  1 -6  7 -2 -5  6 -6 -4 -3 -4 -3 -5 -3 -4 -6 -4 -1    2   0   9   6   0  53   1   0  19   0   2   0   0   1   0   1   0   0   0   5  1.50 inf
  154 L   -2 -4 -5 -5 -2 -3 -3 -3 -5  1  5 -5  0 -3 -5 -4 -2 -4 -3  0    4   1   0   0   1   1   1   3   0   7  70   0   2   0   0   1   3   0   1   6  1.02 inf
  155 H   -6 -4 -4 -5 -7 -4 -4 -6 11 -7 -6 -5 -6 -5 -3 -5 -6 -6 -3 -7    0   0   0   0   0   0   0   0  94   0   0   0   0   0   1   0   0   0   0   0  3.70 inf
  156 T   -1 -5 -2 -2  0 -3 -3 -5 -1  0 -4 -4 -1 -2 -5  2  6 -6 -2 -2    3   0   1   2   2   1   1   0   2   6   0   0   1   2   0  13  62   0   2   3  1.15 inf
  157 H   -7 -5 -4 -6 -8 -4 -5 -7 11 -8 -8 -6 -7 -6 -7 -6 -7 -7 -3 -8    0   0   0   0   0   0   0   0 100   0   0   0   0   0   0   0   0   0   0   0  4.15 inf
  158 A    4 -4  0 -4  5 -3 -4 -2  0 -2 -1 -4  0 -3 -4  0 -2 -5 -3  3   39   0   6   0  14   0   0   3   3   1   5   0   2   0   0   5   1   0   1  20  0.68 inf
  159 V   -3 -5 -6 -6 -2 -5 -6 -6 -6  2  3 -5  0  2 -4 -5 -2  4 -2  5    1   0   0   0   1   0   0   0   0   8  26   0   1   8   1   0   2   5   1  48  1.00 inf
  160 I   -1 -5 -6 -6 -2 -3 -5 -6 -6  4  1 -5 -1  0 -5 -4  0 -5 -4  5    5   0   0   0   1   1   0   0   0  22  13   0   0   4   0   0   4   0   0  50  1.00 inf
  161 L    2 -4 -5 -5 -2 -1 -4 -4 -3  1  2 -4  6  3  0 -2 -2 -4 -1  0   21   0   0   0   1   2   0   0   0   6  18   0  22  15   4   2   1   0   2   6  0.57 inf
  162 N   -1 -5  9 -3 -7 -4 -4 -1 -4 -7 -7 -3 -6 -7 -3 -2 -4 -8 -6 -7    6   0  87   0   0   0   0   4   0   0   0   1   0   0   1   1   0   0   0   0  2.40 inf
  163 M    2 -1  0 -3 -1 -2 -4 -2 -2  1  1 -2  6 -2 -4 -3 -2 -1 -3  2   17   3   5   1   1   2   0   3   1   6  14   1  24   1   0   1   1   1   0  18  0.47 inf
  164 T    1 -4 -3 -4 -1  0 -4 -2 -5 -2 -4 -4 -4 -5 -4  1  6 -5 -2  1   10   0   0   0   1   4   0   2   0   2   1   0   0   0   0   8  63   0   1   8  1.16 inf
  165 K   -1  2 -1 -1 -4  4  1 -2  1 -2 -1  1 -1  1 -1 -2  0  1  0 -1    3  13   2   3   0  25   8   2   3   1   8   9   2   6   3   0   5   2   3   4  0.28 inf
  166 R   -2  4  1  3  2  1 -1  1  2 -4 -3 -2  0 -4 -4 -2 -1 -2 -2 -3    3  26   7  18   5   8   1  13   4   0   2   0   3   0   0   1   4   1   1   1  0.46 inf
  167 S    2  0 -1  0 -3  1  2 -1  2 -2 -2  1 -2 -4  3  1 -1 -4 -3 -2   19   4   2   4   0   6  14   5   5   1   4   7   0   0  14   9   2   0   0   3  0.27 inf
  168 D   -3 -2  3  7 -6 -1  2 -3 -4 -6 -6 -1 -5 -4 -4 -2 -2 -7 -5 -6    1   1  13  57   0   3  15   1   0   0   0   4   0   1   0   3   2   0   0   0  1.33 inf
  169 G   -2 -4 -2 -1 -6 -2 -3  7 -2 -7 -7 -2 -6 -6 -5 -3 -5 -6 -6 -6    1   1   2   3   0   1   1  84   1   0   0   3   0   0   0   1   0   0   0   0  1.90 inf
  170 Q   -1  2  0  0 -5  2  2 -3 -2 -4 -3  4 -3 -5 -2  0  1 -5 -4 -2    4  13   5   4   0   9  12   1   0   0   1  30   0   0   1   7  10   0   0   2  0.50 inf
  171 W   -2 -6 -5 -7 -6 -5 -4 -6 -1 -1  0 -4  0  1 -2 -6 -1 11  2 -3    3   0   0   0   0   0   2   0   2   3  10   1   2   5   2   0   4  59   6   2  2.39 inf
  172 R   -3  5 -3 -4 -3  2 -3  1 -1 -4 -3  3 -1 -3 -4 -1 -1 -5  1 -1    1  38   0   0   0   7   0  11   1   0   2  19   2   1   0   3   3   0   4   6  0.69 inf
  173 A    5 -3 -2 -4 -2 -4 -4 -2 -5 -5 -5 -4 -4 -6 -3  4  3 -6 -5 -4   47   1   2   0   1   0   0   1   0   0   0   0   0   0   1  31  17   0   0   0  1.13 inf
  174 L   -3 -4 -2 -6 -4 -5 -6 -3 -6  2  5 -5  3  0 -6 -5 -3 -5 -2  0    2   0   2   0   0   0   0   3   0  12  65   0   6   3   0   0   1   0   1   6  1.07 inf
  175 K    1 -1 -1  3 -4  2  2 -2  2 -4 -4 -1 -3 -3 -3  2  0  1 -2 -3   12   3   2  20   0  10  16   2   5   0   1   3   0   1   0  16   5   2   1   1  0.42 inf
  176 N    0 -3  5 -2 -4 -2 -1 -2  1 -3 -3 -3 -2  1  1  3  1 -5 -3 -2    8   0  27   1   0   1   3   3   3   1   2   0   1   7   6  26  10   0   0   2  0.54 inf
  177 D   -2  4 -1  5 -4  0  3 -1 -2 -3 -5  1 -4 -4 -3 -1 -2 -2 -4 -3    2  21   1  32   0   2  17   4   1   2   0   7   0   1   0   4   2   1   0   2  0.69 inf
  178 E    0  2 -1  1 -4  1  2 -1  0 -3 -2  2 -3 -3  1  0  1  0 -2 -2   10  11   1   6   0   7  18   4   2   0   3  13   0   1   6   7   8   2   1   2  0.26 inf
  179 I   -3 -3 -6 -6 -4 -3 -5 -4 -5  5  3 -5  4  1 -5 -5 -3 -5 -3  2    1   1   0   0   0   1   0   2   0  36  31   0  11   5   0   0   1   0   0  11  0.95 inf
  180 V   -4 -3 -4 -6 -5 -2 -5 -1  0 -2 -1 -1  3  5 -6 -4 -4  5  7 -1    0   1   1   0   0   2   0   5   2   2   5   4   6  20   0   0   0   7  39   5  1.18 inf
  181 K    1  3  1  0 -4  3  1 -3  3 -3 -4  3 -2 -5 -4 -1 -1 -5 -3 -3   16  19   7   4   0  12   7   1   6   1   1  19   1   0   0   3   2   0   0   1  0.47 inf
  182 A    0 -2  4  1 -3  1  1 -3  5 -2 -2 -3  0 -1 -4  0 -2  4  0 -2    7   1  26   7   0   5   7   1  14   3   4   0   3   3   0   6   2   5   3   2  0.46 inf
  183 T    1  2  1 -3 -5  6 -2 -4 -1 -3 -3  3 -1 -5 -4 -1 -2 -5 -4 -3   11  10   6   0   0  40   1   0   1   1   3  18   2   0   0   3   2   0   0   2  0.84 inf
  184 R   -1  1 -2 -3 -4  0 -2 -1  3  1 -1  4  4 -4  1 -1  0 -5 -3 -1    3   7   1   0   0   3   1   4   7  11   4  27  12   0   6   3   6   0   0   3  0.34 inf
  185 Y    3 -2 -4 -4 -1 -1 -2 -2  0 -2  1 -3  0  1 -3 -1  1  1  4  0   30   1   0   0   1   2   2   2   3   1  12   1   2   4   1   3   9   2  18   7  0.37 inf
  186 L    2 -4 -5 -5  0 -4 -4 -2 -1  2  3 -4  1  2 -4 -2 -2 -1  3  1   21   0   0   0   2   0   0   2   1  14  28   0   2  10   0   1   1   1  10   6  0.47 inf
  187 G   -3 -2 -2  2 -6  0 -1  6 -5 -7 -7 -3 -4 -7 -5 -2  0 -6 -6 -6    1   2   2  10   0   5   3  68   0   0   0   1   0   0   0   1   6   0   0   0  1.41 inf
  188 A    4 -1  0 -2 -3  2  0 -3 -1 -1 -1  1  2 -4 -3  1 -1 -5 -4 -1   37   2   3   2   0  11   6   0   2   4   6   8   5   0   0   9   3   0   0   3  0.37 inf
  189 V    0 -2 -5 -6 -4 -4 -5 -6 -2  5  2 -3  2  0 -5 -4 -2 -5 -1  3    7   2   0   0   0   0   0   0   1  35  18   2   6   4   0   0   1   0   2  23  0.75 inf
  190 Y   -4 -6 -6 -7 -2 -2 -6 -4 -1 -5 -4 -6 -5  3 -7 -6 -4 -2  9 -5    1   0   0   0   1   2   0   2   1   0   1   0   0  11   0   0   1   0  79   0  2.62 inf
  191 N   -3  5  0 -1 -6  4 -2 -4  5 -5 -4  2  0 -3 -5 -3 -3 -5  0 -5    2  38   3   3   0  21   1   0  13   0   1  11   3   1   0   0   1   0   3   0  1.03 inf
  192 A    4 -2  3 -3 -4  2 -1 -2  1 -4 -3 -1 -4 -4 -4  3 -2 -5 -4 -2   35   2  15   0   0  10   3   2   4   0   3   3   0   0   0  21   1   0   0   2  0.59 inf
  193 E    1  1 -2 -1 -3  0  5 -3  3 -3 -4  1 -4 -1 -3  0  0 -5  0 -2   11   9   1   2   1   2  41   1   7   1   1   6   0   2   0   5   5   0   3   2  0.56 inf
  194 L   -5 -6 -7 -7 -5 -6 -5 -7 -6  0  6 -6  0  2 -6 -5 -4  1 -1 -2    0   0   0   0   0   0   1   0   0   3  81   0   2   8   0   1   1   2   2   1  1.56 inf
  195 A    6  3 -3 -4 -4 -3 -2 -1 -4 -4 -5  0 -4 -4 -4 -1 -2 -6 -1 -3   61  19   0   0   0   0   1   3   0   1   0   5   0   0   0   4   2   0   2   1  1.07 inf
  196 H    1  2  0  0 -1  2  1 -1  3 -3 -1  1 -1 -2 -2  0 -1 -3  0 -2   11  14   5   3   1   9   8   3   9   1   5  11   1   1   1   7   2   0   4   3  0.18 inf
  197 E    0  3  1  0 -5  2  3  0 -1 -4 -1  2 -2 -4 -4 -1 -2 -2 -3 -4    7  19   7   3   0   7  24   7   1   1   6  12   1   0   0   3   0   0   1   0  0.42 inf
  198 L   -1 -5 -6 -6 -1 -5 -6 -6 -6  0  5 -5  3 -2 -6 -4 -2 -5 -4  4    5   0   0   0   1   0   0   0   0   3  55   0   7   1   0   0   2   0   0  26  1.08 inf
  199 Q   -1  4 -2 -3 -6  4  4 -3 -1 -2 -4  2 -2 -6 -4 -2 -1 -5 -4 -3    4  25   1   0   0  21  26   1   1   3   1   9   1   0   0   2   3   0   0   2  0.79 inf
  200 K    2  1  0  1 -5  2  4 -1 -1 -4 -4  3 -3 -5 -3  0 -2 -5 -4 -4   17   8   3   6   0   7  27   3   1   0   0  17   0   0   0   7   2   0   0   1  0.51 inf
  201 L    0 -1 -6 -6 -3 -1 -4 -6 -4  1  5 -3  3 -2 -6 -4 -3 -2 -3 -2    7   3   0   0   0   3   1   0   0   5  67   1   8   0   0   0   0   0   1   0  1.06 inf
  202 G   -4 -6 -5 -3 -7 -6 -5  8 -6 -8 -8 -3 -7 -7 -4 -4 -6 -7 -7 -7    0   0   0   1   0   0   1  96   0   0   0   1   0   0   1   0   0   0   0   0  2.55 inf
  203 Y   -6 -6 -6 -7 -3 -6 -6 -7  1 -2 -1 -6 -3  5 -7 -6 -6  0  9 -2    0   0   0   0   1   0   0   0   3   3   6   0   1  19   0   0   0   1  65   2  2.19 inf
  204 Q    1  1 -1  1 -5  3  5  1 -2 -4 -5  0 -4 -6 -2 -1 -1 -5 -5 -3   10   6   1   5   0  12  41  10   1   1   0   4   0   0   2   4   2   0   0   1  0.67 inf
  205 L   -3 -5 -5 -6 -4 -5 -5 -6 -6  5  2 -5 -1 -2 -2 -4  3  3 -3  3    0   0   0   0   0   0   0   0   0  39  15   0   1   1   2   0  19   4   1  18  0.92 inf
  206 R   -1  4 -3  0 -6  0  5 -2 -1 -4 -4  0 -4 -5 -4 -2 -1 -5  0  0    4  22   0   5   0   3  42   4   1   1   0   3   0   0   0   2   3   0   3   7  0.76 inf
  207 Y    0  2 -2 -1 -3 -1  0 -1  1  0 -1  0 -1  1  2 -1 -1  1  0  1    9  15   1   3   0   1   5   4   4   4   4   6   1   8  13   4   3   2   3  12  0.14 inf
  208 G   -1 -1  0  3 -2 -2  0  4 -2 -3 -2 -2 -1 -4 -2 -1  2 -5 -3  0    3   3   3  16   1   1   5  31   1   1   3   1   2   0   1   4  17   0   1   7  0.41 inf
  209 K   -1  3  0  0 -5  0  0  2  0 -4 -5  4 -4 -5  0 -2 -3 -5 -4 -4    4  18   3   6   0   3   5  18   3   1   0  34   0   0   5   2   0   0   0   1  0.65 inf
  210 D   -3  0  3  3 -3  0  0 -2  6 -5 -5  1 -4 -4 -3  0  1 -5  0 -4    1   5  16  18   0   3   3   3  21   0   0   9   0   0   1   5   9   0   4   1  0.63 inf
  211 G   -1 -2 -1 -2 -4 -3 -2  6 -1 -3 -4 -2 -3 -4 -4 -2 -3 -4 -4 -3    3   2   2   2   0   1   2  71   2   2   1   2   1   1   1   3   1   0   0   2  1.31 inf
  212 N    0 -2  2 -1 -2  2 -1 -1  0 -2  1 -2  4 -1 -3  0  1 -1 -1 -2    9   1  10   4   1  14   3   4   2   1  14   1  12   3   0   8  11   1   2   0  0.19 inf
  213 F   -1 -6 -7 -7 -6 -6 -7 -6 -5 -1 -3 -6 -4  8 -1 -4 -5  7  0 -2    6   0   0   0   0   0   0   0   0   4   1   0   0  64   3   1   0  16   2   3  2.03 inf
  214 D   -4  1 -2  2 -7  0  7 -5 -1 -5 -6 -2 -5 -7 -5 -2 -1 -6 -6 -6    0   9   1   9   0   2  70   0   1   0   0   1   0   0   0   3   4   0   0   0  1.55 inf
  215 L   -2 -6 -6 -6 -2 -5 -6 -7 -6  6  3 -6  3 -2 -6 -5 -4 -5 -4  2    2   0   0   0   1   0   0   0   0  52  25   0   7   1   0   0   0   0   0  13  1.28 inf
  216 A    3  1 -2  0 -4  0  0 -2 -3 -2 -3  3 -3 -5  0  0 -1 -5 -4  0   33   8   1   6   0   3   6   1   0   1   1  21   0   0   4   5   3   0   0   6  0.41 inf
  217 H   -1 -5 -2 -1 -4 -3 -3  7  3 -7 -7 -5 -6 -7 -6 -3 -4 -6 -6 -7    3   0   1   4   0   1   1  80   6   0   0   0   0   0   0   1   0   0   0   0  1.87 inf
  218 I   -3 -6 -6 -6 -4 -5 -6 -6 -5  4 -1 -5  0  3 -5 -4 -4 -4  3  5    1   0   0   0   0   0   0   0   0  26   4   0   1  14   0   1   0   0  10  43  1.11 inf
  219 D   -2 -4  0  2 -4 -3 -1 -3 -4 -6 -6 -2 -5 -6  6  3  2 -6 -6 -5    2   1   3  12   0   0   4   2   0   0   0   2   0   0  42  21  11   0   0   0  1.14 inf
  220 R   -1  4 -2  1 -4  2  2 -2  0 -4 -4  3 -3 -4  2 -2 -1 -4 -3 -3    5  26   1   7   0  10  11   2   2   0   1  18   0   1   9   1   3   0   0   1  0.54 inf
  221 Q    1 -1 -1  2 -4  0  5 -2 -1 -4 -4  0 -4 -4 -1  0 -1 -4 -3 -3   13   3   2  10   0   3  43   2   1   1   1   5   0   0   3   7   3   0   1   1  0.64 inf
  222 Q    0 -3 -3 -1 -3  3 -1 -4 -1  0  2 -2  0 -2 -3 -1  0 -3  0  2    7   0   1   3   0  17   3   1   2   4  25   1   1   1   1   4   5   0   3  20  0.28 inf
  223 I   -3  2 -5 -5  0 -3  0 -6 -4  5  2 -3  0 -3 -5 -4 -2 -5 -4  3    1  11   0   0   2   1   6   0   0  37  22   1   2   0   0   0   1   0   0  16  0.71 inf
  224 E   -1  1 -1  3 -5  1  5 -3 -2 -4 -3  1 -1 -5 -4 -2 -1 -2 -4 -3    6   8   2  20   0   4  38   1   1   0   2   9   2   0   0   1   4   1   0   1  0.69 inf
  225 G    3 -1 -2  0 -3  0  2 -1  2 -2 -1  0 -2 -1 -1 -1  0 -4  0 -1   34   3   1   4   0   3  13   4   6   1   7   5   0   3   2   1   5   0   3   4  0.23 inf
  226 F   -3 -6 -2 -5 -4 -4 -6 -6 -1 -4 -2 -6  1  8 -7 -1 -2  4  1 -4    2   0   2   0   0   1   0   0   2   0   3   0   4  71   0   5   2   6   3   0  1.91 inf
  227 S   -3 -5 -4 -5 -5 -4 -4 -5 -5 -7 -7 -2 -6 -7 -5  7 -3 -7 -6 -6    1   0   0   0   0   0   0   0   0   0   0   2   0   0   0  97   0   0   0   0  2.34 inf
  228 K   -1  2 -2 -3 -5  3 -2 -1 -3 -5 -5  4 -4 -5 -1  1  3 -5 -4 -4    4   8   0   1   0  15   1   5   0   0   0  32   0   0   3  12  20   0   0   0  0.69 inf
  229 R   -6  9 -5 -6 -8 -3 -5 -5 -5 -8 -7 -2 -6 -7 -7 -5 -6 -7 -6 -7    0  99   0   0   0   0   0   1   0   0   0   0   0   0   0   0   0   0   0   0  2.95 inf
  230 T    1  5 -2 -4 -5 -2 -3 -1  1 -5 -4  0 -4 -5 -4  4  1 -6 -4 -4   10  35   1   0   0   0   0   3   4   0   1   5   0   0   0  29  10   0   0   0  0.84 inf
  231 E    2  2  0 -1 -4  5  2 -2  0 -4 -4  1  0 -5 -4 -1  0 -5 -4 -2   16  11   4   2   0  27  14   2   2   0   1   7   3   0   0   4   6   0   0   3  0.51 inf
  232 Q    2 -1 -3  1 -5  6  4 -4 -1 -5 -4 -2 -4 -6 -4 -2 -2 -6 -5 -3   18   2   1   7   0  41  23   0   1   0   1   1   0   0   0   1   2   0   0   2  1.02 inf
  233 I   -5 -5 -7 -7 -5 -6 -7 -8 -7  8  0 -6  1 -4 -7 -6 -4 -6 -5  2    0   1   0   0   0   0   0   0   0  81   5   0   2   0   0   0   0   0   0  11  2.01 inf
  234 A   -2  2  0  2 -5  0  4 -3 -2 -1  1  0 -1 -3 -4 -2 -3 -5 -4 -1    3  12   4  12   0   3  35   2   0   3  16   4   1   0   0   1   1   0   0   3  0.47 inf
  235 E    3  0  0  2 -4  3  4 -2 -3 -4 -5  1 -4 -5 -3 -1 -2 -5 -3 -4   25   6   3  10   0  12  30   1   0   1   0   9   0   0   0   2   1   0   1   0  0.62 inf
  236 W    3  0 -2 -2 -4  1  1 -2  3 -2 -2  1 -3 -2 -3 -1 -1  4  3 -2   27   5   1   1   0   7   8   1   7   2   4   8   0   0   0   3   2   7  13   2  0.36 inf
  237 Y    3 -3 -4 -4 -2 -2 -2 -4 -4  1  3 -3  2 -2 -4 -1 -1 -3 -3  2   29   1   0   0   1   2   2   0   0   7  32   0   6   0   0   2   2   0   0  14  0.49 inf
  238 A    2  1 -1  0 -3  1  2  0 -2 -3 -1  2 -1 -3 -2  0 -1 -3 -3 -2   25   7   2   4   0   4  16   7   1   1   5  16   1   1   1   6   3   0   0   1  0.26 inf
  239 A    1 -1  0  1 -3  1  5 -1 -1 -3 -3  2 -3 -4 -3 -1 -1 -4 -3 -2   13   2   4   6   1   5  40   3   1   1   1  12   0   0   1   2   3   0   0   2  0.55 inf
  240 R   -1  2  1 -1 -2  0  0 -1  3 -1  0  1  0  0 -1  0 -1 -2  0 -1    6  11   7   3   1   4   5   3  11   3  11  13   3   4   2   4   3   0   2   3  0.10 inf
  241 G   -2 -3 -1 -3 -4 -2 -1  6 -3 -4 -1 -3 -3 -4 -2 -2 -3 -4 -4 -4    3   1   2   1   0   2   4  70   0   1   6   1   0   1   2   1   1   0   1   1  1.27 inf
  242 L   -1 -1 -2 -2 -2 -1 -1 -2 -1  2  2  0  1  1 -2 -2  0  2  0  1    4   3   1   1   0   3   5   3   1  16  22   8   2   6   1   2   6   3   3   9  0.12 inf
  243 D   -1 -1  0  2 -2  0  1 -1 -1 -2 -2  1 -2 -2 -2  1  3 -3 -1 -1    4   2   5  15   0   3  10   4   1   2   3   8   1   1   1  13  21   0   2   5  0.23 inf
  244 P   -1  2  0  1 -2 -1 -1  3  0 -2 -1 -1 -1 -2  1  0  0  0 -2 -2    4  17   3   8   1   1   2  26   2   2   5   3   1   1   8   5   6   1   1   3  0.23 inf
  245 N    1  0  0  1 -2  1  2  1  0 -2 -2  0 -1 -2  1  0  0 -2 -1 -2   13   5   5  10   1   7  13  10   3   2   4   4   1   1   7   8   3   0   2   3  0.13 inf
  246 S    0  0  1  2 -1  0  1  0  0 -2 -2  1 -2 -2 -1  0  1 -2 -1 -1   10   3   6  12   1   2  11   6   3   2   3  10   1   1   3   7  13   0   2   3  0.13 inf
  247 V    4 -1 -1 -1 -2 -2 -2 -1 -2 -2 -1 -2 -2 -2  1  1 -1 -3 -2  0   47   3   3   3   1   1   2   3   1   1   5   2   1   2   6   9   3   0   1   7  0.42 inf
  248 S    0 -2 -1 -1 -3 -2 -2 -1 -1 -3 -3 -2 -3 -4  1  5  4 -4 -2 -2    5   1   2   3   0   1   2   4   1   1   1   1   0   1   7  42  24   0   1   2  0.65 inf
  249 L    3  0 -1 -2 -1  1 -2 -1  0 -2  0 -1 -2 -2  3  1  0  1 -1 -2   27   5   2   1   1   7   1   2   2   1  12   3   0   1  14   9   5   2   2   1  0.24 inf
  250 E    3  0 -2 -1 -3  0  2 -2 -1 -2 -1  3 -2 -4 -2 -1 -2 -4 -3 -2   30   5   1   3   0   4  13   2   1   2   7  24   0   0   1   3   2   0   0   1  0.40 inf
  251 Q    2 -1  0 -1 -3  3  2  0 -1 -2 -1 -1 -1 -3 -2  2  0 -3 -3 -2   17   2   5   2   0  14  16   6   1   2   6   2   2   0   1  16   6   0   0   2  0.24 inf
  252 K    1  5 -2 -4 -4 -1 -3 -2 -1 -3  0  4  0 -4 -3 -3 -2 -5 -3 -3   11  36   1   0   0   1   0   3   1   1  11  26   3   0   1   1   1   0   1   1  0.74 inf
  253 Q    0  2 -1  4 -5  4  3 -2 -2 -4 -4 -1 -3 -5 -4  0 -3 -5 -4 -4    9  10   2  26   0  21  18   3   0   1   1   2   0   0   0   5   1   0   0   1  0.69 inf
  254 A    1  0 -2 -2 -3  1  0 -2 -1  2  0  0  0 -2 -3 -1  0 -1 -2  2   16   6   1   1   0   8   5   1   2  13   6   7   3   1   0   1   7   1   0  20  0.16 inf
  255 A    6 -5 -5 -5 -4 -4 -4 -3 -2  2  0 -3 -2 -2 -4  0 -3 -5 -4  0   64   0   0   0   0   0   0   1   1  11   8   1   0   1   0   5   0   0   0   7  1.03 inf
  256 K    4 -3  0 -4  2  1 -3  0 -4 -3 -3 -1 -3  0 -4  0  3  3 -3  0   37   1   5   0   4   6   0   6   0   1   0   4   0   4   0   4  18   4   0   7  0.47 inf
  257 V   -1  0 -3 -4 -4 -2 -1 -4  2 -1  4  1  1  0 -4 -3 -2 -1  0  0    5   4   1   0   0   1   4   0   5   1  50  12   3   3   0   1   2   1   4   4  0.49 inf
  258 L    2  2  1  4 -2  0  0 -2 -1 -3 -2  1 -1 -3 -2  0  0 -5 -2 -3   21  10   6  23   1   3   4   2   1   1   3   9   2   1   1   4   5   0   1   1  0.31 inf
  259 S   -4 -4 -4 -2 -5 -5 -5 -5 -4 -4 -5 -5 -5 -6 -5  1  8 -7 -6 -4    0   1   0   2   0   0   0   0   0   1   0   0   0   0   0   8  86   0   0   0  2.15 inf
  260 R   -6  9 -5 -6 -8 -3 -5 -7 -2 -8 -7 -1 -6 -7 -7 -5 -6 -7 -6 -7    0  97   0   0   0   0   0   0   1   0   0   2   0   0   0   0   0   0   0   0  2.90 inf
  261 A    1  1  0  2 -5  2  1 -1 -2 -3 -3  4 -3 -5  2 -1 -2 -5 -4 -3   11   5   4  11   0   9   8   3   0   1   3  28   0   0  12   3   1   0   0   1  0.44 inf
  262 K    2  2  0  1 -4 -1  0 -1  0 -3 -3  2 -2 -4  2  1  0 -5 -2 -3   24  12   3   7   0   2   4   4   3   1   1  13   1   0   9  11   4   0   1   1  0.30 inf
  263 K   -5 -2 -4 -5 -7 -3 -3 -6 -5 -7 -6  8 -6 -7 -5 -5 -5 -7 -6 -7    0   0   0   0   0   0   1   0   0   0   1  98   0   0   0   0   0   0   0   0  2.66 inf
  264 T   -1  0 -1  1 -4  3  3 -1 -2 -2 -1  1 -2 -4 -3 -1  1 -4 -3  0    5   4   2   8   0  17  18   4   0   1   6   7   0   0   0   4  12   0   0  10  0.28 inf
  265 S    0 -1  1  2 -4  0  2  0  3 -1 -3  1 -3 -2 -1  0  0 -2  1 -1    6   3   7  11   0   3  19   6   9   3   1   8   0   1   3   5   6   1   5   5  0.19 inf
  266 V    0 -1 -3 -3 -2  0 -1 -3  2  2  1 -2  0 -1  2 -2  0 -4 -1  3    9   4   0   1   0   4   4   1   5  13  15   1   1   1  10   2   5   0   1  24  0.24 inf
  267 D   -1 -2  0  5 -5 -3  0  0 -2 -5 -6 -2 -5 -6  3  3  1 -6 -5 -4    3   2   3  33   0   0   6   6   1   0   0   1   0   0  13  23   8   0   0   1  0.75 inf
  268 R   -1  5 -2 -2 -4 -1  0 -3  1 -1  1 -1  0 -1  2 -2 -1  3 -1 -2    5  33   1   1   0   2   5   1   4   5  15   1   2   2  10   2   4   4   2   1  0.39 inf
  269 E    2 -2 -1  3 -5  1  4 -1 -2 -3 -4 -2 -3 -5 -1 -1  0 -5 -4 -2   18   1   2  18   0   5  33   5   1   1   1   1   0   0   2   4   5   0   0   3  0.56 inf
  270 A    1  0 -1  2 -4  2  4 -1 -3  0 -2 -1 -3 -4 -3  0  0 -5 -4  0   11   4   1   9   0   9  33   4   0   5   4   3   0   0   0   5   6   0   0   6  0.40 inf
  271 L   -3  1 -6 -5 -4 -1 -5 -6 -3  1  5 -1 -1 -3 -5 -4 -4 -1 -3  1    1   8   0   0   0   3   0   0   1   5  66   3   1   0   0   1   0   1   1   9  1.00 inf
  272 R   -2  3  0 -2 -4  2  0 -3  2 -1  1  1  2  1 -3 -2 -1 -2 -1  0    2  21   4   1   0  11   5   2   5   2  13  10   6   6   0   1   3   0   1   7  0.25 inf
  273 A    3 -1  0  0 -3  3  3 -2 -1 -3 -3  1 -2 -4 -2 -1 -1 -5 -2 -2   28   3   4   4   0  13  19   2   1   1   1  10   1   0   2   3   4   0   1   3  0.39 inf
  274 E    0  2 -1  2 -3  3  2  0  1 -2 -3  0 -1 -3 -2 -1 -2 -4  0 -2    8  13   2  10   0  14  17   8   4   2   2   5   2   1   1   3   2   0   3   3  0.26 inf
  275 W   -6 -8 -3 -9 -8 -4 -8 -8  1 -5 -7 -8 -7 -3 -9 -8 -8 13 -3 -6    1   0   2   0   0   1   0   0   3   1   0   0   0   1   0   0   0  92   0   0  4.67 inf
  276 Q   -1  4  0 -1 -5  4  0 -2  1 -1 -2  2  1 -4 -4 -2 -1 -3 -3 -1    5  23   3   3   0  18   6   2   4   3   3  14   5   0   0   1   3   0   0   5  0.42 inf
  277 A    2  0  0  1 -4  3  3 -1 -1 -4 -4  1 -3 -5 -3  0  0 -5 -3 -3   16   5   5   8   0  17  23   5   1   0   1   9   0   0   0   5   4   0   0   1  0.45 inf
  278 T    0  4 -3  0 -5  2  3 -4 -2 -2 -4  1 -1 -4 -4 -2  2 -2 -4 -2    7  28   0   5   0   7  23   0   1   2   1   7   2   0   0   1  14   1   0   2  0.60 inf
  279 A    5 -4 -3 -5 -2 -4 -3 -3 -3  1  2 -4  1 -1 -4  0 -2 -5 -4  0   48   0   1   0   1   0   1   1   0   6  24   0   3   2   0   5   1   0   0   5  0.69 inf
  280 K    2  3 -1  0 -3  2  1 -1  0 -3 -3  3 -3 -4 -3 -1  0 -5 -2 -2   19  14   2   5   0  10   8   5   2   1   1  21   0   0   0   2   5   0   1   2  0.35 inf
  281 E    2 -1 -1  2 -4  1  4  0 -2 -3 -3  0 -3 -5 -2  1 -1 -5 -4 -2   16   3   3  12   0   5  31   6   0   1   2   5   0   0   1   9   3   0   0   2  0.43 inf
  282 L    1 -2 -1 -3 -1  0 -1 -4  3  1  3 -1  1  1 -4 -1  0 -3  2  0   12   1   2   0   1   4   2   0   8   6  29   2   3   6   0   3   6   0   7   6  0.21 inf
  283 G   -2 -2 -1 -2 -6 -3 -3  7 -4 -7 -7 -2 -6 -7 -6 -3 -4 -6 -7 -6    2   2   2   2   0   1   2  84   0   0   0   3   0   0   0   1   0   0   0   0  1.90 inf
  284 I   -2 -4 -6 -6 -2 -5 -4 -6 -4  3  2 -5  1  6 -4 -5 -4  2  2  0    3   0   0   0   1   0   1   0   0  21  17   0   3  38   1   0   0   3   6   6  0.95 inf
  285 D   -2 -3  2  7 -6 -1  1 -4 -4 -6 -7 -2 -6 -7 -5 -1 -3 -7 -6 -6    3   1   8  71   0   2   9   0   0   0   0   2   0   0   0   4   0   0   0   0  1.66 inf
  286 F   -3 -4 -5 -4 -3 -4 -1 -5 -3  3  3 -4  1  4  1 -4 -3 -2  2  0    0   0   0   0   0   0   4   0   0  22  33   0   2  18   9   0   0   0   9   3  0.59 inf
  287 S    3 -2  3 -2 -2 -2 -2 -2 -2 -3 -3 -2 -3 -4 -2  3  2 -4 -3 -2   37   0  17   0   0   0   0   0   0   0   0   0   0   0   0  31  15   0   0   0  0.58 inf

                      K         Lambda
Standard Ungapped    0.1296     0.3145
Standard Gapped      0.0502     0.2670
PSI Ungapped         0.1640     0.3125
PSI Gapped           0.0502     0.2670
