
Last position-specific scoring matrix computed, weighted observed percentages rounded down, information per position, and relative weight of gapless real matches to pseudocounts
           A  R  N  D  C  Q  E  G  H  I  L  K  M  F  P  S  T  W  Y  V   A   R   N   D   C   Q   E   G   H   I   L   K   M   F   P   S   T   W   Y   V
    1 A    6 -3 -3 -3 -2 -2 -2 -1 -3 -3 -3 -2 -2 -4 -2  2 -1 -4 -3 -2   87   0   0   0   0   0   0   0   0   0   0   0   0   0   0  13   0   0   0   0  1.01 inf
    2 P    4 -3 -2 -3 -3 -1 -1 -2 -2 -3 -3 -1 -3 -4  5  0  1 -4 -3 -2   49   0   2   0   0   3   3   0   1   0   0   3   0   0  32   1   8   0   0   0  0.81 inf
    3 P   -3 -5 -2 -4 -5 -4 -4 -5 -5 -5 -5 -3 -5 -6  8 -3 -4 -6 -5 -3    0   0   2   0   0   0   0   0   0   0   1   1   0   0  95   0   0   0   0   1  2.72 inf
    4 S    0  3  2 -2 -3  2  0 -1  1 -3 -3  0 -3 -4 -3  2  2 -4 -3 -3    9  19  13   1   0  13   3   2   4   1   0   2   0   0   0  17  16   0   0   0  0.41 inf
    5 S   -2 -1  4  0 -4 -2 -3 -3 -2 -5 -5 -3 -4 -5 -4  5  3 -6 -3 -4    0   2  24   5   0   0   0   0   0   0   0   0   0   0   0  50  18   0   0   0  1.04 inf
    6 F   -5 -6 -6 -7 -6 -6 -6 -7 -4 -3 -2 -6 -3  9 -7 -6 -5  1  4 -4    0   0   0   0   0   0   0   0   0   0   3   0   0  82   0   0   0   1  13   0  2.41 inf
    7 S    0  2  2 -1 -4  1  1 -2  0 -4 -4  0 -3 -4 -3  4  0 -4  0 -3    5  11   9   3   0   5   7   1   2   0   0   3   0   0   0  45   5   0   3   1  0.55 inf
    8 A    0  0 -1  1 -4  4  3 -3 -1 -2 -1  3 -3 -4 -3 -1 -1 -4 -4 -3    7   3   2   5   0  23  21   1   1   2   7  22   0   0   0   3   3   0   0   0  0.51 inf
    9 A    6 -4 -4 -4 -3 -4 -4 -3 -4 -3 -4 -3 -4 -5 -3  1 -2 -5 -4 -3   86   0   0   0   0   0   0   0   0   1   0   0   0   0   0   8   1   0   0   1  1.53 inf
   10 K   -4  2 -3 -4 -7  0 -1 -4 -4 -6 -6  8 -5 -7 -4 -4 -4 -6 -5 -6    0   7   0   0   0   2   2   1   0   0   0  87   0   0   0   0   0   0   0   0  1.99 inf
   11 Q   -1  4 -2 -1 -4  2 -1 -3 -1 -3 -3  4 -3 -5 -3 -2  1 -5 -4 -1    6  20   1   4   0  11   2   1   1   1   2  35   0   0   0   1  11   0   0   5  0.60 inf
   12 Q    1 -2 -3 -2 -3 -1  1 -3  0  2  1 -1  1  0 -3 -2 -1 -1  2  1   14   1   0   1   0   3  13   0   2  13  18   3   4   3   0   1   3   1   9  11  0.17 inf
   13 A    3 -4 -5 -5 -3 -4 -4 -2 -5  1  5 -4  1  0 -5 -2 -3 -4 -3 -1   26   0   0   0   0   0   1   2   0   6  57   0   2   3   0   2   0   0   0   1  0.81 inf
   14 V   -1  2 -2 -2 -4  1  1 -4  1 -1 -2  2 -2  1 -1 -2 -2  6  2  0    5  11   1   1   0   8   8   0   4   4   2  15   1   6   2   2   2  14   8   7  0.36 inf
   15 K   -3  2  2 -1 -5  4  1 -3 -2 -5 -4  4 -3 -5 -3 -1  0 -5 -4 -4    1   9   9   3   0  25   8   1   1   0   1  32   0   0   0   2   7   0   0   1  0.72 inf
   16 I   -3 -5 -4 -5 -3 -4 -5 -6 -5  5  3 -5  0  0 -5 -4 -1 -4 -3  4    1   0   0   0   0   1   0   0   0  33  23   0   1   4   0   0   3   0   0  34  0.89 inf
   17 Y   -5 -5  0 -5 -6 -5 -5 -6  3  1 -3 -5 -4  2 -6 -5 -4  1  9 -3    0   0   6   1   0   0   0   0   5   7   2   0   0   5   0   0   1   1  73   1  2.08 inf
   18 Q    1  0  0 -2 -3  2  0  1  1 -2 -1  1 -1  0  1  0 -1 -3  0 -2   18   3   4   1   0  11   4  10   4   1   9  13   1   5   8   5   2   0   4   0  0.14 inf
   19 D   -2 -1  3  5 -5  1  1  0 -1 -5 -5  1 -4 -5  1  0 -1 -5 -4 -5    1   2  12  42   0   6   6   8   1   0   0   9   0   0   6   5   2   0   0   0  0.74 inf
   20 H    0  0  0 -1 -4  3 -1  2  6 -4 -1 -2 -2 -3 -3 -1 -2 -4  1 -2   10   5   5   2   0  13   2  15  28   0   5   1   1   0   1   2   2   0   5   3  0.52 inf
   21 P    0  3  0 -1 -4  1 -1  2 -3 -4 -3 -1 -2 -4  3  1  0 -1 -4 -4    6  17   5   2   0   8   3  19   0   0   1   1   1   1  18  12   5   1   0   0  0.43 inf
   22 I   -1  0 -1 -1 -3  0  1  1 -2  0 -2  1 -2 -3 -3  0  3 -4 -3  1    2   4   2   1   0   3  11  10   0   5   2  12   0   1   0   6  26   0   0  15  0.23 inf
   23 S   -2 -2 -2  2 -4 -1  1 -2 -4 -4 -4 -3 -3 -5 -3  2  6 -5 -4 -1    0   2   0  13   0   2   8   2   0   0   0   0   0   0   0  16  54   0   0   3  0.92 inf
   24 F   -3 -4 -5 -5 -4 -4 -5 -5 -4  1  3 -4 -1  7 -5 -4 -1 -2 -1 -1    1   1   0   0   0   0   0   0   0   7  35   0   0  45   0   0   5   0   0   3  1.07 inf
   25 Y   -5 -5 -5 -6 -5 -5 -5 -6  1 -5 -4 -5 -4  1 -6 -5 -5 -1 10 -4    0   0   0   0   0   0   0   0   2   0   1   0   0   4   0   0   0   0  89   0  2.79 inf
   26 C   -2 -5 -5 -5 11 -5 -5 -2 -5 -4 -4 -5 -4 -5 -5 -3 -4 -5 -2 -4    2   1   0   1  83   0   1   4   0   1   1   1   0   0   1   2   1   0   2   1  2.99 inf
   27 G   -1 -2  0  1 -4  2  0  6 -1 -5 -4 -2 -4 -4 -3 -1 -3 -4 -4 -4    4   1   5   6   0   9   5  59   1   0   1   2   0   0   0   3   1   0   0   1  0.96 inf
   28 C    1 -2 -3 -4  9  0 -1 -4  1 -3 -2  1 -3 -4 -4 -2 -1 -4 -2 -2   14   2   0   1  47   5   5   1   3   1   3  10   0   0   1   1   3   0   1   3  1.19 inf
   29 D    0  1  0  3 -3  0  0 -2  1 -2 -3  2 -3 -2  3  1  0 -4 -3 -2    7   8   5  18   0   4   4   1   4   2   1  13   0   2  13   9   5   0   0   3  0.28 inf
   30 I   -4 -3 -4 -5 -4 -4 -4 -5 -3  3  0 -4 -2  6 -5 -4 -2  5  4 -1    1   2   0   0   0   0   1   1   0  20   5   0   0  41   0   1   2   7  16   3  1.10 inf
   31 E   -1  1  1  3 -3  1  1 -2 -2 -2 -3  1 -2 -3 -2  1  2 -3 -2 -2    2   7   6  21   0   7   8   2   1   2   2  11   0   1   1   8  17   0   1   2  0.30 inf
   32 W    0 -1 -1 -1 -2 -1  0 -2 -1  0 -1  1 -2  0  0  0 -1  7  2 -1   10   3   3   4   0   3   5   2   1   6   4   9   1   4   6   6   3  17   9   2  0.31 inf
   33 Q   -1  0  0  3 -2  3  1 -1  0 -2 -1  2 -1 -2 -1  0  1 -2 -1  0    3   3   3  17   1  15   6   3   1   2   4  14   1   1   2   5   8   0   2   8  0.19 inf
   34 G    0 -1  0  1 -3 -1 -1  5 -1 -3 -3  2 -3 -3 -1  0 -2 -3 -3 -3    7   2   4   9   0   2   3  43   1   1   2  15   0   1   3   5   1   0   1   1  0.54 inf
   35 K   -2  2  2  2 -4  1  0 -2 -1 -3 -3  5 -3 -2 -3 -2 -2 -2  0 -3    1  11  11  12   0   5   6   3   1   2   2  39   0   1   1   1   1   1   3   1  0.53 inf
   36 K   -1  1 -1 -1 -3  0  0  2 -1  0 -2  3 -2 -3 -2  1 -1 -2 -2  0    3   6   2   2   0   3   3  19   2   6   3  25   0   1   1  13   3   1   0   8  0.22 inf
   37 G   -1 -1  1 -1 -2 -1 -1  2  0 -1  0  0 -1  0 -1  0  0  2  2 -1    2   1   7   3   1   2   2  21   2   3  10   6   1   4   2   8   8   4   8   4  0.11 inf
   38 I   -1  1 -1 -1 -2  0 -1 -1 -1  1  0  0  0  0  0 -1  0 -1  2  1    4  11   3   3   0   3   2   6   1  13  11   4   1   3   4   2   5   0  12  10  0.05 inf
   39 P   -1 -3 -3 -3 -3 -1 -1 -1 -3  2  0 -2  0 -3  5 -2  0 -4 -3  3    5   1   1   1   0   2   3   4   0  15   6   1   3   0  28   1   6   0   0  23  0.50 inf
   40 N   -2 -2  2  5 -4  0  1 -2 -1 -2 -2  2 -3 -3 -2 -1 -1 -4 -1 -3    3   1  12  42   0   3   6   2   1   2   6  13   0   1   1   3   2   0   3   1  0.60 inf
   41 L    0 -1 -1  1 -2 -1 -1 -1  1  0  2 -1  1  0  0 -1 -1  0 -1  0    7   2   1  12   0   1   1   6   4   6  32   4   2   4   6   4   3   1   1   3  0.10 inf
   42 E    1  0  0  1 -2  1  1  0 -1 -1 -1  1 -1 -1 -1  0  0 -2  0  0   12   4   4   6   0   6  11   6   0   4   5  11   1   1   2   7   5   0   6   9  0.06 inf
   43 T    0 -2  0 -1 -2 -1 -1  0 -1 -2 -1 -1 -2 -1 -2  4  1 -2  2 -2    8   2   3   2   0   1   2   6   1   1   6   2   1   2   1  48   5   0   9   1  0.43 inf
   44 C   -1 -3 -3 -1  9 -1 -1 -3 -3 -1 -3 -3 -3  0  1  0 -1 -3 -3 -2    3   1   1   3  52   3   5   1   0   3   2   1   0   5   7   7   3   0   1   2  1.21 inf
   45 G   -2 -2  3  1 -4 -1 -1  5 -2 -2 -3 -2 -3 -4 -3  0 -2 -4 -4 -4    1   2  15   6   0   2   3  54   1   2   3   1   0   0   1   4   2   0   0   1  0.78 inf
   46 Y   -2 -3 -3 -1 -4 -1 -2 -4 -1 -1  0  0  0  3  0 -3 -3 -1  7 -1    2   1   1   4   0   2   2   1   0   4   7   7   2  14   6   1   1   0  43   3  0.77 inf
   47 Q   -1  0  0 -1 -2  2  2 -2  0  0 -2  1  0 -2 -1  0  2 -2  0  1    3   4   3   3   0  15  13   2   2   4   2   8   2   1   1   5  15   0   3  14  0.15 inf
   48 V    0 -2 -1 -1  0 -2 -2 -1 -2  1 -1 -2 -1  0  4  0  1 -3  0  1   10   1   3   3   2   1   1   4   0  12   3   1   1   3  24   7   9   0   3  13  0.29 inf
   49 R    0  5 -1 -1 -3 -1 -1  0 -2 -3 -1  0 -2 -3 -1  1  0 -3 -2 -2    6  41   2   4   0   2   2   9   0   1   5   2   0   1   2  12   7   0   1   2  0.43 inf
   50 K   -1  1  1 -1 -3  0  0 -2 -1 -2 -2  5 -2 -3 -2 -1 -1 -3 -3 -2    5   4   7   3   0   2   6   3   1   2   3  54   0   1   1   3   2   0   1   3  0.58 inf
   51 Q   -2  1  3  0 -3  3  0 -2  3 -2 -2 -1 -2 -1  0  0 -1 -2  2 -1    1   6  19   5   0  16   3   2   8   2   4   1   0   2   6   7   3   0   9   4  0.24 inf
   52 Q    0  0  1  0 -2  2  1 -1  0 -1 -1  1 -1 -2  2  0  0 -2  0 -1   11   3   7   3   0  10  11   2   3   5   6   9   1   1  12   5   4   0   4   3  0.13 inf
   53 T   -1  0  3  0 -1  1  0 -1  0 -1 -2  3 -2 -3  0  0  1 -3 -2 -2    4   3  22   5   1   5   3   2   1   3   2  24   0   1   4   6  10   0   1   3  0.26 inf
   54 R   -2  6  0 -2 -3  0  1 -1  0 -3 -3  0 -2 -2 -2  0 -2 -3 -1 -3    2  55   4   1   0   2   9   6   2   1   2   2   0   2   1   6   1   0   2   1  0.72 inf
   55 A    3 -2 -1 -2 -2 -1 -2  2 -2  0 -1 -2  0 -2 -2  1  0 -3 -2  0   41   1   2   1   0   3   1  17   0   5   5   1   2   1   1   9   4   0   0   6  0.30 inf
   56 S    0  0  1  2 -2  1  0  1 -1 -2 -2  1  0 -2 -2  1  0 -1  0 -2    7   5   6  16   0   5   5  12   1   2   3  10   5   0   1  11   5   1   3   1  0.14 inf
   57 R    0  5 -1 -2  0 -1 -1 -1  0 -1 -2  1 -1 -2 -2  0 -1  1  1 -2    7  41   3   1   2   1   3   4   2   4   3   8   1   1   1   7   2   2   5   3  0.38 inf
   58 I   -1 -3 -2 -3 -2 -2 -3 -3 -2  4  1 -2  1 -1 -3  0  0  0  2  2    3   1   2   1   0   1   1   1   0  37  12   1   2   1   1   7   6   2   8  12  0.32 inf
   59 E   -1 -1  3  0 -3  0  5 -2 -1 -1 -1  0 -2 -3 -1 -1 -1 -3 -2 -2    4   1  16   2   0   3  45   1   0   4   5   5   0   1   3   3   3   0   1   1  0.50 inf
   60 W    0  0 -2 -3 -3 -2 -2  1 -3 -1 -2 -1 -2 -1 -3 -2  0  9  0 -1   10   5   1   1   0   1   1  14   0   3   2   3   0   2   1   2   7  38   1   6  0.99 inf
   61 E   -2 -2  2 -1 -4  0  6 -3 -2 -3 -3 -1 -3 -4  2  0 -2 -4 -3 -2    1   1  10   1   0   1  59   1   0   1   1   2   0   1  11   4   1   0   1   3  0.85 inf
   62 A   -2 -2 -1 -3 -4 -1 -2  0  9 -4 -2 -2 -1 -3 -2 -1  0 -3  0 -4    3   1   2   1   0   2   1   8  62   1   3   1   1   1   2   3   6   0   2   1  1.37 inf
   63 V   -1  0 -3 -3 -2 -1 -3 -3 -3  4  0 -2  0 -2 -3  1  0 -3 -2  4    3   5   0   1   0   2   1   1   0  27   3   2   2   0   1  13   3   0   0  35  0.39 inf
   64 V   -2 -3 -3 -4 -3 -2 -3 -4 -2  3  0 -3  3  1 -3 -1 -1  1  4  4    1   0   0   0   0   2   1   1   0  16   6   0   8   5   0   5   1   2  15  35  0.48 inf
   65 P   -1 -1 -3 -1 -4 -3 -3 -4 -4 -4 -4 -3 -4 -5  8 -1  2 -5 -4 -4    4   3   0   4   0   0   0   1   0   0   1   0   0   0  68   3  13   0   0   0  1.74 inf
   66 A    4 -1  2 -1 -2  1  1 -2 -2 -1 -2 -1 -1 -3  1  0 -2 -4 -3 -1   44   2  12   2   0   5   9   1   0   4   2   3   2   0   7   2   1   0   0   3  0.36 inf
   67 W   -1  0  2 -2 -3  0  1  0  3 -4 -4 -1 -3 -1 -2  3 -2  7  1 -3    3   4   9   0   0   4  10   6   8   0   1   2   0   2   1  27   0  16   5   0  0.53 inf
   68 Q   -1  1  3 -1 -3  3  1 -3  0 -2 -2 -1 -2 -2 -3  1 -1  6  0 -1    5   7  19   2   0  18   9   0   2   2   3   1   0   1   0  10   3  11   2   4  0.39 inf
   69 F   -3 -4 -4 -3  2 -4 -4 -4 -3  2  1 -4  3  6 -4 -1 -2  0  0  1    0   0   0   2   5   0   0   0   0  12  10   0   8  42   0   5   2   1   1  10  0.66 inf
   70 G    0 -1 -1 -2 -3 -2 -1  5 -3 -2 -2  2  1 -3 -3 -1 -2 -3 -3 -2    8   2   1   1   0   0   5  48   0   2   4  16   6   0   0   2   1   0   0   3  0.56 inf
   71 H   -2  2  3 -1 -3  2  0  0  5 -2 -3  1 -2 -3 -3  0  0 -3 -1 -2    2  11  15   0   0   9   5   8  19   3   1  11   0   0   0   6   7   0   1   2  0.36 inf
   72 H    1  0  0 -1  3  4 -1 -2  3 -2 -1 -1 -2 -1 -2  1  1 -3 -1 -1   14   6   3   2   7  24   1   1  11   0   4   0   0   2   1  10   8   0   1   4  0.27 inf
   73 R    0  3 -2  0 -3  0  1 -3 -1 -2  1  1  0  3 -2 -2 -2 -2  1 -2    8  18   0   5   0   3  13   1   1   1  14  10   3  16   1   1   1   0   5   1  0.19 inf
   74 Q   -1  1  0  0 -3  5  0  0  4 -3 -3  1 -2 -3 -1  1 -1 -3 -2 -2    2   7   4   3   0  34   2   7  12   1   2  10   0   1   2  10   2   0   0   2  0.45 inf
   75 C    0  0 -3 -3  9  1  1 -3 -3 -3 -3 -3 -3 -4 -3 -1  1 -4 -4 -3    7   6   0   1  51   7  10   1   0   1   1   1   0   0   1   3  10   0   0   1  1.26 inf
   76 W   -3 -3 -3 -4 -3 -3 -3  2 -3  0 -1 -1  0 -2 -4 -3 -3 10 -1 -1    1   1   1   1   0   1   1  19   0   6   7   5   2   1   1   1   1  48   0   4  1.53 inf
   77 Q   -1  3  1 -1 -3  3  1 -1 -1 -3 -3  1 -2 -3  2 -1  1 -3 -3 -3    3  17   5   2   0  19  11   3   1   1   1   9   0   0  12   3  10   0   0   1  0.38 inf
   78 K   -2  0  1  1  3  3  2 -1  0 -3 -3  2 -2 -2 -1 -1 -1 -2  3 -3    2   2   9   7   7  14  18   3   2   0   1  12   0   0   2   2   2   0  15   1  0.34 inf
   79 G   -1  1  2 -2 -3 -1 -1  3 -2 -3 -3  1 -2 -3 -1  2  0 -3 -1 -1    2   6  13   0   0   1   2  25   0   0   1  12   0   0   3  21   4   0   2   7  0.31 inf
   80 G   -1  0  0 -1 -3 -1 -2  4  2 -3 -3  1 -3  0 -2  0  1 -3 -2 -2    3   4   5   2   0   2   1  40   5   1   1  11   0   5   1   8   9   0   0   3  0.40 inf
   81 R   -1  5 -2  0 -4 -1  2 -1 -2 -3 -3  2 -2  1 -1 -1 -1 -3 -2 -2    5  42   0   6   0   0  14   3   0   1   1   9   0   8   3   2   3   0   0   2  0.51 inf
   82 K    0  2  1  0 -3  0  0  1 -2 -1 -1  3 -2 -2 -2  0  0 -3 -2 -2    5  12   5   5   0   2   5  14   0   5   8  24   0   1   1   6   5   0   0   1  0.17 inf
   83 N   -1 -1  5  1  6  1 -2 -1  1 -3 -3 -1 -3 -3 -2 -1  0 -4 -1 -2    6   2  30   9  18   8   1   4   3   1   2   2   0   1   2   3   4   0   2   2  0.54 inf
   84 C    1 -1 -4 -3 10 -4 -4 -4 -4 -1 -3 -4 -3 -4 -4 -3 -3 -4 -2 -1   11   5   1   2  66   1   1   1   0   3   1   1   0   0   1   1   1   0   2   4  2.05 inf
   85 S    0  0 -1  0 -3  1  3 -1 -1 -2 -2 -1 -1  0 -2  1  1 -2  2 -1    9   4   2   3   0   5  22   5   1   2   2   2   1   3   1  11  11   0  11   5  0.18 inf
   86 K   -1  3  2  0 -4  1 -1 -2  2 -2 -3  4 -3 -4 -2  0 -2 -4 -3 -2    4  15  12   4   0   6   2   2   5   3   2  33   0   0   2   7   1   0   0   2  0.44 inf
   87 N    0  1  2  0 -2  0  0 -1  1 -1 -1  1  0 -1 -2  0  1 -2 -1  0    7  10  14   4   0   3   4   4   4   4   3  10   4   4   1   6   9   0   1   8  0.08 inf
   88 D   -3 -2  3  5 -4 -2  1  0 -2 -4 -4 -2 -4 -4  0  0 -2  0 -3 -2    1   2  15  43   0   0   9   6   0   0   1   2   0   0   5   8   1   2   1   4  0.73 inf
   89 Q    0  0 -1 -2 -4 -1  0 -2  3 -2 -3  1 -1 -4  6 -2 -1 -4 -2 -2    7   6   2   1   0   2   5   2  10   3   1  10   1   0  42   2   3   0   1   2  0.84 inf
   90 Q   -1  1  0 -1 -1  2  1 -2 -1 -1 -1  1 -1 -2 -2  1  1 -1 -1  1    2   9   4   2   1  12  12   2   1   2   6   7   1   1   1  10  10   1   2  16  0.13 inf
   91 F   -2 -4 -4 -5 -4 -4 -4 -5 -1 -1 -2 -4 -1  7 -5 -1  0 -2  5 -2    3   0   0   0   0   0   0   0   1   2   1   0   1  54   0   4   6   0  23   2  1.37 inf
   92 R   -1  4  1 -2  2  1 -1 -1 -1 -4 -3  2 -3 -4  2  1  0  0 -3 -2    3  32   9   1   4   5   2   3   1   0   1  10   0   0  11   9   4   1   0   4  0.44 inf
   93 L    0  2 -1  0 -3  1  0  0  1 -2 -1  3  0 -1  1 -1  0 -3  0 -2    6   9   1   5   0   8   1   5   4   1   6  26   2   2   8   1   7   0   4   2  0.17 inf
   94 M    1 -3 -3 -4 -3  0 -3 -2 -3  3  0 -3  7 -1 -3 -2  0 -3 -2  0   12   0   0   0   0   4   0   2   0  17   1   0  50   1   0   2   6   0   0   3  0.75 inf
   95 E   -1  2  1  0 -4  1  4 -3  2 -2 -2  1 -1 -3 -2 -1 -2 -3  0 -2    3  10   8   1   0   6  45   0   5   1   2   9   1   0   0   0   0   0   5   3  0.48 inf
   96 A    3 -2  2 -1 -2 -1 -2  1 -2 -2 -3 -1 -2 -1 -2  2  1 -3 -3 -2   39   0  11   1   0   2   0   8   0   1   0   2   0   3   0  22   7   0   0   1  0.37 inf
   97 D   -3 -3  0  7 -4 -2  1 -3 -2 -4 -4 -2 -4 -4 -3  0 -2 -5 -4 -4    1   1   3  77   0   0   6   1   0   1   1   1   0   0   1   6   1   0   0   1  1.35 inf
   98 L   -1  0 -3 -3 -2 -2 -2 -1 -3  2  3  0  3 -1 -1 -2 -1 -2 -2  1    5   4   1   1   0   0   1   4   0  11  37   7  13   0   3   1   1   0   0  11  0.23 inf
   99 H   -3  1  0 -2 -4  0 -2 -3  8 -3 -3 -2 -2  2 -3 -2 -2  1  2 -2    1  10   4   1   0   4   1   1  54   1   1   1   0  10   1   1   1   2   5   3  0.99 inf
  100 N   -1 -2  6 -1 -3 -1 -1 -2  6 -3 -3 -2 -3 -1 -1  0  0 -3 -1 -3    5   1  51   1   0   0   1   1  22   1   1   1   0   4   3   5   4   0   0   1  0.81 inf
  101 L   -2 -3 -3 -4 -2 -2 -3 -4  0  2  4 -3  2  1 -3 -3 -2 -2  0  1    1   1   1   1   0   0   1   1   2   7  61   1   6   4   1   1   1   0   3   9  0.50 inf
  102 T   -1  0 -2 -3 -2 -1 -2 -3  0  0  0 -1  0  4 -3 -1  1  1  3  1    6   8   0   0   0   4   2   1   1   2   4   2   2  23   0   2  10   1  15  18  0.24 inf
  103 P    1 -2 -2 -2 -2 -1 -2  1 -1  0  0 -1  0  0  3 -1 -1 -1  2  1   15   1   1   1   0   1   1  15   0   1  16   1   0   1  15   1   1   0  15  15  0.16 inf
  104 A    3 -3 -2 -2  3 -2  0 -1 -3 -2 -2 -2 -2 -3 -1  2  3 -4 -3  2   25   0   0   0   7   0   5   3   0   0   1   1   0   0   2  15  21   0   0  17  0.37 inf
  105 I   -1 -1 -1  3 -2 -1  0 -2 -2  2  0 -1 -1  0 -1  0  0  3 -1  1    4   3   2  20   0   3   5   1   0  15   8   2   0   5   2   6   6   4   2  12  0.12 inf
  106 G   -1  0  1  0 -3 -2 -1  4 -2 -4 -4  1 -3 -4  1  2  0 -4 -3 -3    3   4   5   6   0   0   3  37   0   0   1   9   0   0   6  19   6   0   0   1  0.46 inf
  107 E   -1  0  0  0 -3  1  3 -3  1 -1 -2  0 -2  0  1 -1 -2  4  2  0    4   5   3   4   0   8  20   1   4   3   4   6   0   3   8   4   0   8   8   7  0.25 inf
  108 V    2 -3 -3 -4  3 -3 -3 -3 -3  1  0  0  2 -2 -3  0  1 -3  1  3   16   0   0   0   6   0   0   1   0   8   9   6   5   0   0   5   8   0   5  28  0.31 inf
  109 N   -5 -4  8  0 -6 -4  0 -5 -4 -7 -7 -3 -6 -7 -6 -3  0 -7 -6 -6    0   0  83   3   0   0   6   0   0   0   0   1   0   0   0   0   5   0   0   0  2.33 inf
  110 G    2 -2 -1 -2 -4 -2 -4  5 -4 -5 -2 -4 -2 -5 -4  3 -2 -5 -3 -4   19   3   2   1   0   2   0  46   0   0   5   0   1   0   0  19   1   0   1   0  0.87 inf
  111 D   -1  1 -2  5  1 -1  1 -4 -3 -1 -1  0  1 -4 -4 -2 -1 -5 -3 -1    5   6   1  41   3   2   9   0   0   3   8   7   4   0   0   2   3   0   1   4  0.59 inf
  112 R   -6  9 -5 -6 -8 -3 -5 -7 -5 -8 -7  1 -6 -7 -7 -5 -6 -7 -6 -7    0  95   0   0   0   0   0   0   0   0   0   5   0   0   0   0   0   0   0   0  2.85 inf
  113 S    0  0  0 -4  1 -1 -4  2 -4 -6 -6 -1 -5 -6 -5  6 -3 -6 -3 -5    6   6   4   0   3   3   0  18   0   0   0   2   0   0   0  57   0   0   1   0  1.06 inf
  114 N   -3 -2  8 -1 -7 -4 -4 -5 -1 -2 -7 -4 -6 -7  0  1 -3 -8 -6 -6    2   2  76   3   0   0   0   0   1   3   0   0   0   0   5   8   1   0   0   0  1.99 inf
  115 F   -2 -4 -3 -5 -5 -5 -5 -6  1  0 -1 -2 -2  6 -6 -5 -2  2  7 -1    4   1   2   1   0   0   0   0   4   6   5   2   1  35   0   0   2   2  33   3  1.30 inf
  116 N    0  2  3 -1 -4  0  0 -1 -2 -2 -1  0  1 -4  3  1 -2 -5 -4 -3    6  13  16   3   0   5   6   5   1   2   6   3   5   0  18  10   1   0   0   1  0.35 inf
  117 F   -5 -6 -6 -6 -6 -6 -6 -6 -2 -4 -3 -6 -1  8  1 -5 -5  3  7 -5    0   0   0   0   0   0   0   0   1   0   1   0   1  54   6   0   0   3  31   0  2.04 inf
  118 S    2 -2 -2 -2  1 -2 -3  5 -1 -5 -5 -3 -2 -6 -5  2 -1 -6 -5 -2   14   2   1   2   3   2   1  49   2   0   1   1   1   0   0  15   3   0   0   3  0.93 inf
  119 Q   -1 -1  0  2 -4  4  3 -4 -1  0 -2 -2  5 -4 -1 -1 -2 -4 -4 -1    4   2   4  12   0  17  21   1   1   5   3   2  16   0   4   3   2   0   0   4  0.51 inf
  120 W   -1 -6 -4 -6 -1 -3 -4 -4 -6  1  2 -4 -3  1 -6 -4 -3  9 -3  3    6   0   1   0   1   1   1   1   0   7  21   1   0   6   0   1   1  27   0  22  1.14 inf
  121 N    0 -1  3  0 -4 -1  0  0 -1 -2 -1 -1 -3 -2  4  0  0 -5 -4 -1    7   2  17   5   0   3   6   8   1   1   7   4   0   2  18   8   6   0   0   4  0.30 inf
  122 G   -1 -1  1  0 -4 -1 -1  4  0 -2 -3  0 -4 -4  2  2 -1 -4 -1 -3    3   3   7   6   0   2   3  34   2   3   2   5   0   0   9  14   4   0   2   1  0.45 inf
  123 V    1  0  2 -1 -3  1  1  0  0 -1 -2 -1  0 -2 -1  0  1  1 -1  1   11   4  11   3   0   5  11   9   2   4   3   3   2   2   2   5   9   2   3  11  0.08 inf
  124 D   -1  0  1  1 -4  2  3 -2 -1 -1 -3  2 -1  0  1 -1 -1 -4 -1 -1    4   4   8   8   0   8  19   2   1   3   1  16   1   4   7   3   4   0   2   5  0.26 inf
  125 G    1 -1 -1 -1 -4 -1 -1  3 -2 -3 -3  1 -3 -3  4  0 -1  4  1 -3   12   2   3   3   0   3   3  21   1   1   3   8   0   1  20   5   3   5   5   2  0.41 inf
  126 V    0  1  1  0 -3  0 -1  1 -1 -2 -2 -1 -1 -1  1  2  1 -3  1  0    6   7   8   4   0   5   3   9   1   2   3   3   1   2   8  18   7   0   5   6  0.13 inf
  127 S   -1  0 -1  0 -5  5  1 -3 -2 -2 -3  1  1 -1 -1  1  0 -4 -1 -2    3   5   3   5   0  32   6   2   1   3   1   8   4   3   3  11   4   0   2   3  0.46 inf
  128 Y   -4 -3  1 -1 -2 -4 -2 -4  0 -2  1 -1 -3  3 -3 -3 -3 -1  7 -2    1   1   6   4   1   0   3   1   1   2  13   5   0  12   2   2   2   1  42   2  0.96 inf
  129 G   -2 -3 -1 -3  2 -5 -1  7 -5 -6 -2 -5  0 -4 -5 -3 -5 -6 -4 -4    3   1   3   1   5   0   5  70   0   0   5   0   3   1   0   1   0   0   1   1  1.47 inf
  130 R    1  1  0  2 -1  4  0 -1 -1 -4 -3  1 -2 -2 -3  2 -1 -5 -2 -4   12   7   4  10   1  20   5   4   1   1   1  10   1   2   0  16   3   0   1   0  0.35 inf
  131 C    0 -6 -6  0 10 -6 -6 -4 -6  0 -3  0 -5 -6 -4 -1 -5 -6  0 -3    8   0   0   5  63   0   0   1   0   5   3   6   0   0   1   4   0   0   3   1  2.19 inf
  132 E    0  0 -1  2 -1  1  2 -2 -1 -4 -2  1 -2 -2  1  1  1 -4 -2 -3    8   5   2  12   1   7  16   2   1   0   4  11   1   2   8  10   9   0   1   0  0.25 inf
  133 M    0 -2 -2 -3 -4  0 -3  0  0  0 -1 -2  5  3 -4  2  1 -4 -1  1    8   1   1   1   0   4   1   6   2   5   2   1  19  12   0  15  10   0   1  10  0.33 inf
  134 Q   -1  2  0 -2  1  2  1 -1 -1 -2 -2  3 -1 -2 -3  1  0 -4 -1 -1    3  10   3   0   3  11   9   4   1   2   3  22   1   2   0  12   5   0   2   6  0.25 inf
  135 V   -2 -2 -2 -1  1 -2 -3 -3 -1  3  0 -2  1 -2 -1 -1  1 -4 -2  4    2   2   1   4   3   2   0   2   2  19   7   2   3   1   3   6  10   0   1  30  0.31 inf
  136 N   -1 -2  3  5  0 -2 -1  2  0 -5 -5 -1 -1 -3 -4  1 -1 -5 -4 -3    5   1  15  35   3   1   2  14   2   0   1   3   2   1   0  11   3   0   0   2  0.66 inf
  137 F   -3 -1 -4 -2 -4 -2 -2  1 -1 -1 -3  0 -3  6 -2 -1 -2  1  4 -3    2   4   0   3   0   1   2  12   2   3   1   6   0  37   2   6   2   2  14   0  0.72 inf
  138 K   -1  0  0  0 -4  1  0  1 -2 -3 -2  4 -2 -5 -3  2  0 -2 -4 -3    5   4   5   5   0   6   4  10   1   1   4  34   1   0   0  14   4   1   0   1  0.43 inf
  139 Q    0  0  3  0 -4  2  1  3 -1 -3 -2 -1 -2 -3 -1 -1 -1 -4 -2 -2    8   4  14   4   0  10  11  24   1   1   4   3   1   1   2   3   4   0   1   4  0.29 inf
  140 R   -3  4  1 -1 -4 -1  1 -1  1 -1 -4  3 -1 -4 -2 -1  2 -5 -4 -3    1  27   6   4   0   2   8   4   3   4   0  18   2   0   1   3  16   0   0   1  0.50 inf
  141 K    0  2 -1 -2  1  0 -2 -3 -1  0 -1  1 -1 -3 -1  0  1 -4 -2  3    5  15   3   1   3   3   1   1   1   3   5  11   1   0   3   7   9   0   1  27  0.24 inf
  142 V    3 -6 -1 -6 -5 -5 -6 -5 -1 -1 -1 -5 -3  7 -6 -4 -3 -4 -1  3   21   0   3   0   0   0   0   0   1   2   6   0   0  45   0   0   1   0   1  19  1.17 inf
  143 M   -2 -2 -1 -2 -7  3  7 -6 -4 -6 -5 -3  3  1 -5 -4 -3 -6 -1 -6    3   1   3   1   0  11  63   0   0   0   0   0   8   7   0   0   1   0   2   0  1.45 inf
  144 P   -3 -7 -7 -6 -7 -2  0 -7 -7 -7 -7 -6 -7 -8  8 -5 -6 -8 -8 -1    2   0   0   0   0   2   5   0   0   0   0   0   0   0  86   0   0   0   0   5  2.81 inf
  145 P   -1  3 -3 -3 -3 -1 -4 -4 -5  1 -4 -2 -3 -6  7 -4 -1 -7 -6 -3    4  16   1   1   1   2   0   1   0   9   1   2   1   0  54   0   5   0   0   1  1.44 inf
  146 D    0 -3  1  4 -4  0  2 -2 -3 -3 -1 -1 -3 -3  2 -1 -1 -5 -4 -1    9   0   6  30   0   3  16   2   0   1   6   4   0   1  10   3   4   0   0   5  0.44 inf
  147 R    0  3  1 -1 -1  0  4 -2 -1 -3 -4  0 -3 -3 -3  0 -1 -4  3 -2    8  16   7   2   1   3  29   3   1   1   0   5   0   0   1   6   2   0  12   3  0.44 inf
  148 A    3 -1 -3 -4 -4  0 -3 -4  5  2 -3 -2 -2  2 -4  0 -1 -4  0  2   29   2   0   0   0   5   0   0  14  11   1   2   0   9   0   8   3   0   3  14  0.45 inf
  149 R   -5  6 -4 -5 -7 -1 -3 -6 -1 -7 -6  6 -5 -3  0 -4 -5 -7 -5 -6    0  47   0   0   0   1   0   0   1   0   0  45   0   1   4   0   0   0   0   0  1.77 inf
  150 G   -4 -5 -4 -5 -6 -5 -5  7 -6 -7 -7  0 -6 -7 -6 -4 -1 -6 -6 -6    0   0   0   0   0   0   0  89   0   0   0   5   0   0   0   0   4   0   0   0  2.20 inf
  151 S    1  0  4  4 -4  1 -1 -3 -3 -1 -2 -1  1 -2 -3  0 -2  0 -4 -2   12   6  21  26   0   7   2   0   0   4   3   2   3   2   1   7   1   1   0   3  0.45 inf
  152 I   -3 -6 -6 -7 -4 -6 -6 -7 -6  7  0 -6 -1  2 -6 -5 -2 -6 -4  4    2   0   0   0   0   0   0   0   0  57   6   0   1   7   0   0   2   0   0  26  1.43 inf
  153 A    7 -6 -6 -6  2 -5 -5 -2 -6 -6 -6 -5 -5 -6 -5 -2 -4 -7 -6 -4   92   0   0   0   4   0   0   2   0   0   0   0   0   0   0   1   0   0   0   0  2.09 inf
  154 R   -2  8 -5 -2 -8 -2 -3 -7 -5 -7 -7 -1 -6 -7 -6 -5 -5 -7 -6 -7    4  91   0   2   0   1   1   0   0   0   0   1   0   0   0   0   0   0   0   0  2.54 inf
  155 T    5 -5 -4 -3 -4 -4 -4 -3 -5  2 -4 -4 -1 -5 -4  0  5 -6 -5 -1   43   0   0   1   0   0   0   2   0  12   0   0   1   0   0   5  33   0   0   4  0.97 inf
  156 Y   -4 -5 -3 -6 -6 -3 -5 -6 -1  0  0 -5  4  0 -6 -3  1  3  8 -3    1   0   2   0   0   1   0   0   1   5   7   0  10   2   0   2   8   3  57   1  1.58 inf
  157 L   -3 -6 -7 -7 -6 -4 -6 -7 -5 -3  4 -2  1  7 -4 -6 -5 -4 -2 -4    2   0   0   0   0   1   0   0   0   0  35   3   3  55   1   0   0   0   0   0  1.66 inf
  158 Y   -7 -7 -7 -8 -7 -6 -7 -8  0 -6 -6 -7 -6  0 -8 -7 -6 -3 10 -6    0   0   0   0   0   0   0   0   2   0   0   0   0   3   0   0   0   0  96   0  3.49 inf
  159 M   -6 -6 -7 -8 -6 -5 -7 -7 -6 -2 -2 -6 10  5 -7 -6 -5 -5 -4 -2    0   0   0   0   0   0   0   0   0   1   1   0  74  21   0   0   0   0   0   2  2.84 inf
  160 S    3  1  0 -1 -4  1  0 -3  3 -3 -2 -2 -1 -2 -4  3 -2 -2 -1 -2   23   8   4   2   0   6   6   0   8   0   3   0   2   2   0  29   0   1   2   3  0.42 inf
  161 Q   -1 -1 -1  4 -4  1  1 -3 -2 -1 -2  2 -1 -2 -3 -1  2  1 -3  0    6   1   1  23   0   8   9   1   1   3   3  12   1   2   0   3  16   2   1   7  0.31 inf
  162 E   -1  6 -2 -4 -1  3  0 -5 -1 -4 -3  1 -2 -2 -4 -2  2 -3 -4 -2    5  43   1   0   1  11   5   0   2   0   2   7   1   2   0   2  15   0   0   3  0.81 inf
  163 Y   -6 -6 -7 -8 -7 -6 -7 -8  2 -6 -6 -6 -6  0 -8 -6 -6  0 10 -6    0   0   0   0   0   0   0   0   4   0   0   0   0   1   0   0   0   1  94   0  3.36 inf
  164 G   -2  0  2  1 -5  2  1  4  1 -5 -5  1 -4 -5  2 -1 -3 -5 -4 -5    2   4  12   8   0  10  10  28   3   0   0   9   0   0  10   3   0   0   0   0  0.56 inf
  165 F   -2 -3  0  0 -4 -3 -3 -2 -4  2  3 -2  2  2 -5 -3 -3 -3  1  0    2   1   6   7   0   1   1   4   0  13  39   3   4  10   0   1   0   0   5   4  0.39 inf
  166 Q   -2  4  0 -1 -5  1  0 -4 -2 -4 -3  3 -4 -5  2  1 -1 -5 -1 -1    2  26   5   2   0   6   4   0   1   0   1  22   0   0  11  12   3   0   2   4  0.56 inf
  167 L   -5 -6 -6 -7 -5 -5 -6 -7 -6  6  4 -4  5 -3 -6 -6 -4 -5 -4 -1    0   0   0   0   0   0   0   0   0  45  40   1  13   0   0   0   0   0   0   1  1.43 inf
  168 S    1 -4  1  0 -4 -1 -3 -1 -3 -1 -4 -2 -3 -4  1  5  0 -6 -5 -3   10   0   6   6   0   2   0   4   0   4   1   2   0   0   6  53   5   0   0   2  0.75 inf
  169 K    0  3  2  1 -4 -1  1  0 -2 -5 -5  3 -4 -5 -1  1 -1 -5 -4 -4   10  19  11   9   0   1   9   7   1   0   0  17   0   0   3  11   2   0   0   0  0.43 inf
  170 Q    0  0 -1  1 -5  5  0 -2 -2 -4 -3  2 -3 -4 -2 -1  0  6 -2 -3    9   5   2   7   0  31   5   3   1   1   2  11   0   0   1   4   5  12   1   2  0.62 inf
  171 Q   -3 -2  0  2 -6  7  3 -5 -1 -5 -3  0 -1 -5 -4 -3 -2 -5 -5 -4    1   1   4  13   0  47  21   0   1   0   3   3   2   0   0   1   2   0   0   1  1.15 inf
  172 Q   -3  4 -1 -2 -5  3  4 -4 -2 -3  0  1 -2 -3 -3 -1  1 -3 -3 -1    0  23   2   0   0  12  26   1   0   1   9   6   1   1   1   4  10   0   0   4  0.52 inf
  173 Q   -1  2  1  0 -5  5  1 -3 -2 -5 -5  4 -3 -4 -3 -1 -2 -5 -2 -5    6  10   7   4   0  28   7   1   0   0   0  30   0   1   1   3   1   0   1   0  0.78 inf
  174 L   -3 -3 -2 -6 -4 -4 -3 -6 -5  0  5 -3  5  0 -5 -4  0 -4  0  0    2   1   2   0   0   0   1   0   0   2  56   2  16   3   0   1   5   0   3   6  0.90 inf
  175 M   -4 -5 -6 -7 -5 -5 -6 -6 -4 -1  4 -5  5  6 -6 -5 -4  0  3 -3    1   0   0   0   0   0   0   0   0   1  39   0  18  29   0   0   0   1  11   0  1.29 inf
  176 Q   -2  3  2  0  0  2  2 -4 -2 -2  0  2  3 -4 -4 -2  0 -4 -3 -3    1  16  10   4   3   9  16   0   0   2  11  12   9   0   0   2   5   0   1   0  0.35 inf
  177 A    5  3 -2 -3 -4  0  0 -3 -4 -1 -3  1 -1 -5 -4 -1 -2 -5 -3  0   49  16   2   1   0   4   4   1   0   3   1   9   2   0   0   3   1   0   1   5  0.63 inf
  178 W   -8 -8 -9-10 -8 -7 -8 -5 -8 -8 -7 -8 -7 -4 -9 -8 -8 13 -3 -8    0   0   0   0   0   0   0   1   0   0   0   0   0   0   0   0   0  99   0   0  5.14 inf
  179 N    0 -4  5  4 -6  0 -2 -4  7 -6 -6 -4 -3 -6 -5  0 -3 -6 -4 -6    9   0  29  25   0   3   1   0  28   0   0   0   1   0   0   5   0   0   0   0  1.31 inf
  180 K   -2  3  1 -2 -2  1  0 -4 -1 -3 -3  6 -4 -2 -4 -2 -1 -5 -3 -4    3  18   8   1   1   7   5   0   1   1   2  47   0   2   0   1   2   0   1   1  0.85 inf
  181 S   -1 -1  0 -2 -5  5  2 -4 -2 -3  1  0  2 -4 -4 -1  0 -5 -4 -4    5   2   5   2   0  35  15   0   0   1  14   5   6   0   0   4   7   0   0   0  0.59 inf
  182 Y   -3 -5 -3  6 -7 -3 -3 -6  1 -4 -6 -5 -5  1 -6 -4 -5 -4  7 -6    2   0   0  50   0   1   0   0   3   1   0   0   0   6   0   0   0   0  38   0  1.82 inf
  183 P   -3 -6 -3 -6 -7 -5 -5 -5 -2 -7 -7 -4 -7 -1  9 -4 -4 -8 -7 -5    1   0   1   0   0   0   0   0   1   0   0   1   0   3  90   0   1   0   0   1  2.87 inf
  184 V    0 -6 -6 -6 -4 -3 -5 -6 -6  0 -3 -4 -2 -5  3 -4 -3 -6 -5  7    7   0   0   0   0   1   0   0   0   2   0   1   0   0  15   0   0   0   0  73  1.50 inf
  185 D   -3 -4 -1  6 -5  0 -1 -4 -4 -6 -6 -3 -5 -6 -4  4  2 -7 -6 -4    0   0   2  47   0   4   3   0   0   0   0   0   0   0   0  30  13   0   0   1  1.26 inf
  186 E    3 -1  0  1 -4  2  3 -2 -2 -2 -3  1 -3 -5  0  0  1 -5 -4 -2   26   3   4   7   0  12  20   1   0   2   1   6   0   0   5   5   8   0   0   1  0.37 inf
  187 W   -1 -3 -2 -1 -6 -2  1 -5 -3 -2 -4  2 -3  1 -6 -3 -2 11  0 -4    7   1   2   3   0   2   9   0   0   2   1  11   1   4   0   2   2  49   3   1  1.74 inf
  188 E   -5 -4 -1 -3 -8 -2  8 -6 -4 -8 -7 -3 -6 -8 -5 -4 -5 -7 -6 -7    0   0   2   0   0   0  98   0   0   0   0   0   0   0   0   0   0   0   0   0  2.61 inf
  189 C   -2  4 -4 -5  8 -1 -2 -5 -3  2  0  1  0 -3 -5 -3 -3 -5 -4 -1    3  23   0   0  30   3   2   0   0  14   7  10   2   1   0   1   1   0   0   3  0.91 inf
  190 T    0  1 -2  1 -4  3  4 -3  0 -2 -2  1 -1 -3 -3 -1  1  0 -3 -2   10   9   1   8   0  12  30   1   2   2   3   7   1   1   0   2   8   2   0   3  0.40 inf
  191 R   -3  8 -4 -5 -7 -2 -4 -6 -4 -2 -4  0 -5 -6 -6 -5 -5  1 -5 -6    2  87   0   0   0   0   0   0   0   3   1   3   0   0   0   0   0   2   0   0  2.28 inf
  192 D    0 -4  7  4 -3 -3 -1 -3  0 -2 -6 -3 -5 -6 -5 -2 -2 -7 -5 -5   10   0  54  22   1   0   4   0   2   2   0   0   0   0   0   2   2   0   0   0  1.34 inf
  193 D   -1  3  3  2 -5  4  2 -3 -1 -5 -3  2 -2 -5 -4  0 -2 -5 -4 -4    5  14  15  11   0  21  13   1   1   0   3  10   1   0   0   4   2   0   0   1  0.54 inf
  194 R    1  6 -3 -4 -5  0 -1 -2 -2 -1  0  1 -1 -5 -4 -1 -3 -5 -4 -2   15  46   0   0   0   4   4   2   1   5   8   8   2   0   0   3   0   0   0   2  0.75 inf
  195 I   -1 -5 -6 -6 -4 -6 -6 -7 -6  7 -1 -3 -2 -4 -6 -5 -2 -6 -5  3    6   1   0   0   0   0   0   0   0  68   4   2   0   0   0   0   1   0   0  19  1.52 inf
  196 A    3 -1 -3 -3 -2  1  3 -2  0 -3 -3  0 -3  2 -1 -1 -2 -3  3 -3   32   3   0   0   0   5  20   2   2   1   1   5   0   9   2   3   2   0  10   1  0.40 inf
  197 K    0  2  1  0  3  2  1 -2  0 -4 -3  4 -2 -4 -3 -1 -1 -5 -3 -3    9  12   6   4   7   9  10   3   2   0   1  28   1   0   0   3   4   0   0   1  0.43 inf
  198 I   -2 -3 -3 -5 -3 -3 -3 -5  0  4  2 -3  0  1 -5 -3 -1 -1  2  3    3   1   1   0   0   1   1   0   2  26  19   0   2   6   0   1   3   1   9  23  0.53 inf
  199 Q   -5 -3 -4 -5 -7  8 -2 -6 -4 -5 -5 -3  5 -7 -6 -4 -1 -6 -6 -4    0   0   0   0   0  80   1   0   0   0   0   0  14   0   0   0   3   0   0   1  2.36 inf
  200 G   -4 -5  0 -4 -6 -3 -5  7 -2 -7 -6 -1 -4 -7 -6 -3 -5 -6 -7 -7    0   0   3   0   0   1   0  87   1   0   0   4   0   0   0   1   0   0   0   0  2.08 inf
  201 N   -5 -1  8 -2 -6 -3 -2 -4  4 -2 -4 -3 -4 -5 -6 -2 -1  3 -1 -4    0   4  67   1   0   1   2   0   9   2   1   1   0   0   0   1   3   4   2   1  1.59 inf
  202 H   -2  5 -1 -1 -5 -2  0  2  5 -4 -4  0 -3 -5 -2  1 -1 -5 -2 -3    3  33   1   3   0   0   7  14  17   0   0   4   0   0   2   9   3   0   0   2  0.65 inf
  203 N   -6 -5  9 -3 -7 -4 -5 -5 -4 -8 -8 -5 -7 -8 -7 -4 -4 -8 -7 -7    0   0 100   0   0   0   0   0   0   0   0   0   0   0   0   0   0   0   0   0  3.11 inf
  204 P   -3  0 -2 -2 -4 -2 -1 -5 -1 -6 -6 -2 -6 -5  8 -2 -3 -7 -3 -4    1   6   2   2   0   1   4   0   1   0   0   2   0   1  73   3   1   0   1   1  1.97 inf
  205 F   -6 -6 -6 -7 -6 -6 -6 -7  0 -1 -1 -6 -3  8 -7 -6 -5 -1  5 -1    0   0   0   0   0   0   0   0   2   3   6   0   0  63   0   0   0   1  21   4  1.98 inf
  206 V   -4 -6 -6 -7 -4 -6 -6 -7 -7  6 -1 -6 -2 -4 -6 -5 -2 -6 -5  6    0   0   0   0   0   0   0   0   0  40   2   0   0   0   0   0   1   0   0  56  1.64 inf
  207 Q   -1 -2 -1  5 -5  2  2 -2 -2 -3 -3  0 -2 -3 -4  1  2 -5 -1 -3    4   1   1  34   0  12  12   2   0   1   2   6   1   1   0   9  12   0   3   1  0.58 inf
  208 Q   -2  1  1  3 -5  3  1  1  5 -5 -4  1 -3 -4 -3  0 -2 -5 -3 -3    2   7   6  15   0  15   7  12  17   0   0   8   0   0   0   8   2   0   0   1  0.49 inf
  209 S    3  1 -1 -2 -4  2  1 -3 -1 -4 -4  0 -3 -5  5  0 -3 -5 -4 -4   29   8   3   1   0   9   8   0   1   0   1   4   0   0  31   5   0   0   0   0  0.76 inf
  210 C    0  1 -5 -3 10 -1 -5 -5 -5 -4 -3  0 -1 -3 -5 -3 -3 -5 -1 -3    7   9   0   1  70   2   0   0   0   0   1   6   1   1   0   0   0   0   2   0  1.98 inf
  211 Q    0  2 -1 -1 -4  4  1 -3  0 -3 -2  3 -2 -4 -3  0 -1 -4 -2 -2    6  11   1   3   0  29   9   0   2   0   3  23   0   0   0   8   1   0   1   2  0.48 inf
  212 T    2 -1 -2 -1 -3  1 -1 -2 -3 -2 -3  3 -3 -3 -3  0  0  8 -1 -3   21   1   1   3   0   6   2   0   0   2   0  23   0   0   0   6   5  27   0   1  0.74 inf
  213 Q   -2  5 -1 -2 -5  5  1 -3 -1 -4 -4  3 -2 -4 -3 -2 -2 -4 -3 -4    0  36   0   0   0  42   8   0   0   0   0  15   0   0   0   0   0   0   0   0  0.91 inf

                      K         Lambda
Standard Ungapped    0.1320     0.3190
Standard Gapped      0.0455     0.2670
PSI Ungapped         0.1489     0.3107
PSI Gapped           0.0455     0.2670
