
Last position-specific scoring matrix computed, weighted observed percentages rounded down, information per position, and relative weight of gapless real matches to pseudocounts
           A  R  N  D  C  Q  E  G  H  I  L  K  M  F  P  S  T  W  Y  V   A   R   N   D   C   Q   E   G   H   I   L   K   M   F   P   S   T   W   Y   V
    1 S    1 -1  1  0 -1  0  0  0 -1 -3 -3  0 -2 -3 -1  4  1 -3 -2 -2    0   0   0   0   0   0   0   0   0   0   0   0   0   0   0 100   0   0   0   0  0.46 inf
    2 Q    0  0  0  0 -2  4  1 -1  0 -3 -2  1 -1 -3 -1  2  0 -2 -2 -2    0   0   0   0   0  59   0   0   0   0   0   0   0   0   0  41   0   0   0   0  0.43 inf
    3 F   -2 -2 -3 -4 -3 -2 -3 -3  0 -1  0 -3  0  5 -4 -2 -2  2  5 -1    0   0   0   0   0   0   0   0   0   0   0   0   0  59   0   0   0   0  41   0  0.69 inf
    4 D   -1 -2  0  5 -3  0  1 -2 -1 -1  0 -1  3 -2 -2 -1 -1 -3 -2 -1    0   0   0  59   0   0   0   0   0   0   0   0  41   0   0   0   0   0   0   0  0.38 inf
    5 I   -2 -2 -1  4 -2 -2  0 -3 -2  3  0 -2  0 -1 -2 -1 -1 -3 -2  1    0   0   0  41   0   0   0   0   0  59   0   0   0   0   0   0   0   0   0   0  0.25 inf
    6 L   -2 -2 -4 -4 -1 -2 -3 -4 -3  2  4 -3  2  0 -3 -3 -1 -2 -1  1    0   0   0   0   0   0   0   0   0   0 100   0   0   0   0   0   0   0   0   0  0.46 inf
    7 C    0 -3 -3 -4  8 -3 -3 -3 -3  1  0 -3  0 -2 -3 -1 -1 -3 -2  2    0   0   0   0  59   0   0   0   0   0   0   0   0   0   0   0   0   0   0  41  0.64 inf
    8 K   -1  1  1  4 -3  1  1 -2 -1 -3 -3  4 -2 -3 -1  0 -1 -4 -2 -3    0   0   0  41   0   0   0   0   0   0   0  59   0   0   0   0   0   0   0   0  0.47 inf
    9 T   -1 -1  1  4 -2 -1  0 -2 -2 -2 -2 -1 -2 -3 -1  1  4 -3 -2 -1    0   0   0  41   0   0   0   0   0   0   0   0   0   0   0   0  59   0   0   0  0.42 inf
   10 P   -1 -1 -1  0 -3  0  3 -2 -1 -3 -3  0 -2 -4  6 -1 -1 -4 -3 -3    0   0   0   0   0   0  41   0   0   0   0   0   0   0  59   0   0   0   0   0  1.15 inf
   11 P   -1 -2 -2 -2 -3 -1 -1 -2 -2 -3 -3 -1 -3 -4  8 -1 -1 -4 -3 -3    0   0   0   0   0   0   0   0   0   0   0   0   0   0 100   0   0   0   0   0  2.05 inf
   12 K    2  1 -1 -1 -2  1  0 -1 -1 -2 -2  4 -1 -3 -1  0  0 -3 -2 -1   41   0   0   0   0   0   0   0   0   0   0  59   0   0   0   0   0   0   0   0  0.30 inf
   13 V    0 -2 -1 -2 -1 -2 -2 -3 -3  2  0 -2  0 -1 -2  0  3 -3 -1  3    0   0   0   0   0   0   0   0   0   0   0   0   0   0   0   0  41   0   0  59  0.25 inf
   14 L   -2 -2 -4 -4 -1 -2 -3 -4 -3  2  4 -3  2  0 -3 -3 -1 -2 -1  1    0   0   0   0   0   0   0   0   0   0 100   0   0   0   0   0   0   0   0   0  0.46 inf
   15 V   -1 -2 -3 -3 -1 -2 -2 -3  0  2  0 -2  0  1 -3 -2 -1  0  5  3    0   0   0   0   0   0   0   0   0   0   0   0   0   0   0   0   0   0  41  59  0.32 inf
   16 R   -2  5  0 -1 -3  1  0 -2  6 -3 -3  1 -2 -2 -2 -1 -1 -3  0 -3    0  59   0   0   0   0   0   0  41   0   0   0   0   0   0   0   0   0   0   0  0.58 inf
   17 Q   -1  2  0 -1 -3  5  2 -2  0 -3 -2  3 -1 -3 -1  0 -1 -2 -2 -2    0   0   0   0   0  59   0   0   0   0   0  41   0   0   0   0   0   0   0   0  0.51 inf
   18 F   -2 -3 -3 -4 -3 -3 -3 -3 -1  0  0 -3  0  6 -4 -3 -2  1  3 -1    0   0   0   0   0   0   0   0   0   0   0   0   0 100   0   0   0   0   0   0  0.75 inf
   19 V    0 -3 -3 -3 -1 -2 -3 -3 -3  3  1 -2  1 -1 -3 -2  0 -3 -1  4    0   0   0   0   0   0   0   0   0   0   0   0   0   0   0   0   0   0   0 100  0.35 inf
   20 E   -1  0  0  2 -4  2  5 -2  0 -3 -3  1 -2 -3 -1  0 -1 -3 -2 -3    0   0   0   0   0   0 100   0   0   0   0   0   0   0   0   0   0   0   0   0  0.74 inf
   21 R   -1  4 -1 -2  6  0 -1 -3 -1 -2 -2  1 -1 -3 -3 -1 -1 -3 -2 -2    0  59   0   0  41   0   0   0   0   0   0   0   0   0   0   0   0   0   0   0  0.58 inf
   22 F   -2 -3 -3 -4 -2 -3 -3 -4 -2  1  2 -3  1  5 -3 -3 -2  0  2  0    0   0   0   0   0   0   0   0   0   0  41   0   0  59   0   0   0   0   0   0  0.47 inf
   23 E   -1  1  0  1 -4  2  4 -2  0 -3 -3  3 -2 -3 -1  0 -1 -3 -2 -3    0   0   0   0   0   0  59   0   0   0   0  41   0   0   0   0   0   0   0   0  0.53 inf
   24 R   -1  5  0 -1 -2  1  0 -1  0 -2 -1  2 -1 -2 -1  0 -1 -1 -1 -1    3  61   2   2   1   2   3   3   1   2   4   2   1   2   2   3   2   1   1   3  0.32 inf
   25 P    0 -1 -1 -1 -2 -1 -1 -1 -1 -2 -2 -1 -1 -2  6  0 -1 -2 -2 -1    3   2   2   2   1   2   3   3   1   2   4   2   1   2  62   3   2   1   1   3  0.97 inf
   26 S    3 -1  0 -1 -1  0  0  0 -1 -2 -2  0 -1 -2 -1  3  1 -3 -2 -1   41   0   0   0   0   0   0   0   0   0   0   0   0   0   0  59   0   0   0   0  0.36 inf
   27 G    0 -2  0 -1 -3 -2 -2  6 -2 -4 -4 -2 -3 -3 -2  0 -2 -3 -3 -3    0   0   0   0   0   0   0 100   0   0   0   0   0   0   0   0   0   0   0   0  1.05 inf
   28 E   -1  0  0  2 -4  2  5 -2  0 -3 -3  1 -2 -3 -1  0 -1 -3 -2 -3    0   0   0   0   0   0 100   0   0   0   0   0   0   0   0   0   0   0   0   0  0.74 inf
   29 K   -1  1  4  0 -3  1  0 -1  0 -3 -3  4 -2 -3 -1  0  0 -3 -2 -3    0   0  41   0   0   0   0   0   0   0   0  59   0   0   0   0   0   0   0   0  0.43 inf
   30 I   -2 -3 -3 -3 -2 -3 -3 -4 -2  3  1 -3  1  4 -3 -3 -1 -1  1  2    0   0   0   0   0   0   0   0   0  59   0   0   0  41   0   0   0   0   0   0  0.35 inf
   31 A    3 -1 -1 -1  0  0  0  0 -1 -1 -1  0 -1 -1  0  1  0 -1 -1  0   63   2   2   2   1   2   3   3   1   2   4   2   1   2   2   3   2   1   1   3  0.18 inf
   32 S    0 -1 -1 -1 -1 -1 -1 -1 -1  0  2 -1  1  0 -1  1  0 -1 -1  0    3   2   2   2   1   2   3   3   1   2  39   2   1   2   2  27   2   1   1   3  0.07 inf
   33 C    0 -4 -3 -4  9 -3 -4 -3 -3 -1 -1 -3 -2 -3 -3 -1 -1 -2 -3 -1    0   0   0   0 100   0   0   0   0   0   0   0   0   0   0   0   0   0   0   0  1.23 inf
   34 A    3 -2 -1 -2 -1 -1 -1  4 -2 -2 -2 -1 -2 -3 -1  1 -1 -3 -2 -1   59   0   0   0   0   0   0  41   0   0   0   0   0   0   0   0   0   0   0   0  0.46 inf
   35 A    3 -2  0  4 -1 -1  0  0 -2 -2 -2 -1 -2 -3 -1  1  0 -3 -2 -1   59   0   0  41   0   0   0   0   0   0   0   0   0   0   0   0   0   0   0   0  0.36 inf
   36 E   -1  1  0  0 -4  2  4 -2 -1 -3 -3  4 -2 -3 -1  0 -1 -3 -2 -3    0   0   0   0   0   0  44   0   0   0   0  56   0   0   0   0   0   0   0   0  0.51 inf
   37 L   -2 -2 -4 -4 -1 -2 -3 -4 -3  2  4 -3  2  0 -3 -3 -1 -2 -1  1    0   0   0   0   0   0   0   0   0   0 100   0   0   0   0   0   0   0   0   0  0.49 inf
   38 T    2 -1  0 -1 -1 -1 -1 -1 -1 -2 -2 -1 -1 -3 -1  3  3 -3 -2 -1   18   0   0   0   0   0   0   0   0   0   0   0   0   0   0  54  28   0   0   0  0.39 inf
   39 Y   -1 -2 -2 -2 -2 -2 -2  2 -1  0  2 -2  0  1 -3  1 -1  0  4 -1    0   0   0   0   0   0   0  20   0   0  34   0   0   0   0  18   0   0  28   0  0.20 inf
   40 L   -2 -3 -4 -4 -2 -3 -3 -4 -3  2  4 -3  2  0 -3 -3 -1 -2 -1  1    0   0   0   0   0   0   0   0   0  20  80   0   0   0   0   0   0   0   0   0  0.49 inf
   41 C    1 -3 -2 -3  6 -2 -2 -2 -2  1  0 -2 -1  2 -2  1 -1 -2  0  0   18   0   0   0  28   0   0   0   0  20   0   0   0  18   0  16   0   0   0   0  0.27 inf
   42 W   -1 -2 -1 -2 -2 -1 -2 -2  0 -2 -2 -2 -1  1 -2  1  2  8  5 -2    0   0   0   0   0   0   0   0   0   0   0   0   0   0   0  18  20  28  34   0  0.71 inf
   43 M   -1 -2 -3 -4 -2 -1 -3 -3 -1  2  1 -2  6  0 -3 -2 -1 -1  3  1    0   0   0   0   0   0   0   0   0  18   0   0  66   0   0   0   0   0  16   0  0.41 inf
   44 I    1 -3 -3 -3 -1 -2 -3 -3 -3  4  2 -2  1 -1 -3 -2 -1 -3 -2  2   20   0   0   0   0   0   0   0   0  62  18   0   0   0   0   0   0   0   0   0  0.29 inf
   45 T   -1 -2 -1 -2 -1 -1 -2 -3 -2  2  1 -2  3 -1 -2  0  3 -2 -2  1    0   0   0   0   0   0   0   0   0  20  16   0  18   0   0   0  46   0   0   0  0.25 inf
   46 H    1 -1 -1 -2 -2 -1 -1 -2  6 -1  1 -1  3 -1 -2 -1 -1 -2  0 -1   18   0   0   0   0   0   0   0  44   0  20   0  18   0   0   0   0   0   0   0  0.33 inf
   47 N   -1  0  3  0 -2  2  0 -1  0 -2 -2  2 -1 -3 -2  1  3 -3 -2 -2    0   0  28   0   0  18   0   0   0   0   0  20   0   0   0   0  34   0   0   0  0.34 inf
   48 G    1 -2 -1 -2 -2 -2 -2  4 -2 -2 -2 -1 -2  2 -2  1 -1 -2 -1 -2   20   0   0   0   0   0   0  46   0   0   0   0   0  16   0  18   0   0   0   0  0.40 inf
   49 T    0 -1 -1 -1 -2  0  1 -2 -2 -1  0 -1 -1 -2  3  1  3 -3 -2 -1    0   0   0   0   0   0  16   0   0   0  15   0   0   0  15  14  42   0   0   0  0.31 inf
   50 A    2  0 -1  0 -2  1  3 -1 -1 -3 -3  1 -2 -3  3  1  0 -3 -2 -2   26   0   0   0   0   0  31   0   0   0   0  15   0   0  14  15   0   0   0   0  0.36 inf
   51 I   -1 -2 -3 -3 -2 -2 -3 -4 -3  4  1  0  1 -1 -3 -2 -1 -3 -2  3    0   0   0   0   0   0   0   0   0  69   0  11   0   0   0   0   0   0   0  20  0.40 inf
   52 K   -1  3 -1 -1 -4  1  0 -2 -1 -3 -3  6 -2 -4 -2 -1 -1 -4 -2 -3    0  10   0   0   0   0   0   0   0   0   0  90   0   0   0   0   0   0   0   0  0.80 inf
   53 R   -2  5 -1 -2 -3  0 -1 -3 -1  1  1  2  0 -2 -3 -2 -1 -3 -2 -1    0  58   0   0   0   0   0   0   0  15  16  11   0   0   0   0   0   0   0   0  0.45 inf
   54 A    2 -1  2  0 -1  0  1 -1 -1 -1 -2 -1 -1 -3 -1  2  1 -3 -2  0   21   0  15   0   0   0  10   0   0   0   0   0   0   0   0  32  11   0   0  12  0.24 inf
   55 T   -1 -2 -1 -2 -2 -1 -2 -2 -2 -1 -2 -1 -1 -3 -2  1  6 -3 -2 -1    0   0   0   0   0   0   0   0   0   0   0   0   0   0   0   0 100   0   0   0  0.86 inf
   56 F   -3 -3 -3 -4 -3 -3 -4 -4 -1 -1  0 -3 -1  7 -4 -3 -3  1  5 -2    0   0   0   0   0   0   0   0   0   0   0   0   0  78   0   0   0   0  22   0  1.06 inf
   57 M   -1  1  1 -2 -2  0 -1  1 -1  0  0  1  3 -2 -2  0  1 -3 -2 -1    0  10  11   0   0   0   0  12   0   8   7  15  21   0   0   0  16   0   0   0  0.11 inf
   58 S    0  1  0 -1 -2  0  0 -2 -1 -3 -3  4 -2 -3 -1  2  1 -3 -2 -2    0   0   0   0   0   0   0   0   0   0   0  57   0   0   0  31  12   0   0   0  0.46 inf
   59 Y   -3 -3 -3 -4 -3 -2 -3 -4  1 -2 -2 -3 -2  2 -4 -3 -2  2  8 -2    0   0   0   0   0   0   0   0   0   0   0   0   0   0   0   0   0   0 100   0  1.46 inf
   60 N   -1  3  3 -1 -3  2  0 -2 -1 -3 -3  3 -2 -3 -2  1  0 -3 -2 -3    0  23  21   0   0   7   0   0   0   0   0  33   0   0   0  16   0   0   0   0  0.43 inf
   61 T    1  3  0 -1 -2  0 -1 -2 -1 -2 -2  0 -1 -3 -2  2  3 -3 -2 -1   12  32   0   0   0   0   0   0   0   0   0   0   0   0   0  25  31   0   0   0  0.37 inf
   62 I    0  0  1 -1 -2 -1  0 -2 -2  2  1 -1  0 -1 -2  0  1 -3 -2  1   10   8   9   0   0   0   8   0   0  33  15   0   0   0   0   7  11   0   0   0  0.08 inf
   63 I   -2 -3 -3 -3 -2 -3 -3 -4 -4  5  1 -3  1 -1 -3 -2  1 -3 -2  2    0   0   0   0   0   0   0   0   0  79   0   0   0   0   0   0  12   0   0   9  0.52 inf
   64 S    2  2 -1 -1 -2  0 -1  1 -1  0 -2  1 -1 -2 -2  2  0 -3 -2 -1   23  16   0   0   0   0   0  10   0  12   0  11   0   0   0  27   0   0   0   0  0.19 inf
   65 N   -2  0  5  0 -3  3  0 -2  0 -4 -3  3 -2 -4 -2  0 -1 -4 -2 -3    0   0  47   0   0  27   0   0   0   0   0  26   0   0   0   0   0   0   0   0  0.60 inf
   66 S    0 -1  0 -1 -1 -1 -1  1 -2 -2 -3 -1 -2 -3 -1  4  3 -3 -2 -2    0   0   0   0   0   0   0  11   0   0   0   0   0   0   0  60  29   0   0   0  0.49 inf
   67 L   -1 -3 -4 -4 -2 -3 -3 -4 -3  2  4 -3  1  0 -3 -3 -1 -2 -2  3    0   0   0   0   0   0   0   0   0   0  69   0   0   0   0   0   0   0   0  31  0.50 inf
   68 S    0 -1  0  0 -2  3  2 -2  0 -3 -3  0 -1 -2 -2  2  2 -2  1 -2    0   0   0   0   0  26  20   0   0   0   0   0   0   0   0  31  15   0   9   0  0.36 inf
   69 F   -2 -3 -3 -4 -3 -3 -3 -4  0  1  0 -3  0  6 -4 -3 -2  1  5 -1    0   0   0   0   0   0   0   0   0  12   5   0   0  48   0   0   0   0  35   0  0.75 inf
   70 D   -2  2  1  6 -4 -1  1 -2 -2 -4 -4 -1 -3 -4 -2 -1 -2 -5 -4 -4    0  15   0  85   0   0   0   0   0   0   0   0   0   0   0   0   0   0   0   0  1.04 inf
   71 I    1  1 -2 -2 -2 -1 -1 -2 -1  2  0  1  1  0 -2  1  0 -2  2  1   15   8   0   0   0   0   0   0   0  21   0  10   9   0   0  15   0   0  12  11  0.09 inf
   72 V    0 -2  1  3 -2 -1  1  1 -1 -1 -2 -1 -2 -3 -2  2  0 -4 -2  1    0   0   8  25   0   0   8  11   0   0   0   0   0   0   0  28   0   0   0  21  0.24 inf
   73 N    0  1  4  3 -2  0  0 -1 -1 -3 -3  0 -2 -3 -2  2  1 -4 -2 -2    8  12  28  25   0   0   0   0   0   0   0   0   0   0   0  19   7   0   0   0  0.39 inf
   74 K   -1  1  2 -1 -3  3  0 -2  3 -3 -3  4 -2 -3 -2  1 -1 -3 -1 -3    0   0  15   0   0  16   0   0  12   0   0  46   0   0   0  11   0   0   0   0  0.43 inf
   75 S    0 -1 -1 -2 -1 -1 -1 -2 -2  2  0  1  0 -2 -2  1  2 -3 -2  2    0   0   0   0   0   0   0   0   0  26   0  12   0   0   0  21  26   0   0  15  0.19 inf
   76 L   -1 -3 -4 -4 -1 -3 -3 -4 -4  4  2 -3  1 -1 -3 -2 -1 -3 -2  4    0   0   0   0   0   0   0   0   0  33  21   0   0   0   0   0   0   0   0  46  0.45 inf
   77 Q    0  2  0 -1 -3  4  0 -2 -1 -3 -2  2 -1  0 -2  2  0 -2 -1 -2    0   8   0   0   0  33   0   0   0   0   0  19   0   9   0  32   0   0   0   0  0.35 inf
   78 F   -3 -4 -4 -4 -3 -4 -4 -4 -2 -1  0 -4 -1  7 -4 -3 -3  0  2 -2    0   0   0   0   0   0   0   0   0   0   0   0   0 100   0   0   0   0   0   0  1.26 inf
   79 K   -1  1  1  0 -3  1  2 -2 -1 -2 -2  4 -2 -3 -2  0  1 -3 -2  0    0   0   8   0   0   0  23   0   0   0   0  47   0   0   0   0  10   0   0  11  0.34 inf
   80 Y   -2 -3 -3 -4 -3 -2 -3 -4  1 -1 -1 -3 -1  2 -4 -2 -2  1  8  0    0   0   0   0   0   0   0   0   0   0   0   0   0   0   0   0   0   0  89  11  1.17 inf
   81 K   -2  3  0 -2 -4  0  0 -3  7 -4 -3  2 -2 -2 -3 -1 -2 -3  0 -3    0  25   0   0   0   0   0   0  57   0   0  18   0   0   0   0   0   0   0   0  0.81 inf
   82 T   -1 -2 -2 -3 -2 -2 -3 -3 -3  2  3 -2  2  0 -3 -1  2 -2 -2  1    0   0   0   0   0   0   0   0   0  14  55   0   7   0   0   0  24   0   0   0  0.34 inf
   83 Q   -1  2  0 -1 -3  3  0  1 -1 -3 -3  4 -2 -3 -2  1 -1 -3 -2 -3    0  11   0   0   0  18   0  13   0   0   0  44   0   0   0  14   0   0   0   0  0.40 inf
   84 K   -1  3  2  2 -3  0  0  1 -1 -3 -3  3 -2 -4 -2  0 -1 -4 -3 -3    0  22  17  19   0   0   0  14   0   0   0  28   0   0   0   0   0   0   0   0  0.40 inf
   85 A    1 -2  2 -1  3 -1 -1 -2 -2 -2 -1 -1  2 -3  4  0  2 -3 -2 -1   18   0  14   0  10   0   0   0   0   0   0   0  13   0  26   0  19   0   0   0  0.41 inf
   86 T   -1  2  0  1 -3  3  2 -2  2 -3 -2  0 -1 -3 -2  1  2 -3 -2 -2    0  14   0  10   0  21  11   0   9   0   0   0   0   0   0   9  26   0   0   0  0.31 inf
   87 I   -1 -1 -1  3 -3  0  3 -2 -1  1  0  1 -1 -2 -2  0 -1 -3 -2  0    0   0   0  21   0   0  27   0   0  18  14   9   0   0   0  11   0   0   0   0  0.20 inf
   88 L   -2 -3 -4 -4 -2 -3 -3 -4 -3  2  4 -3  2  0 -3 -3 -2 -2 -2  1    0   0   0   0   0   0   0   0   0  14  86   0   0   0   0   0   0   0   0   0  0.60 inf
   89 E   -1  0  2  0 -3  4  2 -2  0 -1 -2  2 -1 -3 -2  1 -1 -3 -2 -2    0   0  13   0   0  33  18   0   0   9   0  17   0   0   0  10   0   0   0   0  0.35 inf
   90 A    1  1 -1  1 -3  1  3 -2 -1 -2  0  2 -1 -2 -2  0 -1 -3 -2 -2   18  10   0   9   0   0  30   0   0   0  14  20   0   0   0   0   0   0   0   0  0.23 inf
   91 S    0 -1  0  1 -2  3  0  3 -1 -2 -2  0 -2 -3 -2  1  1 -3 -2 -1    0   0   0  11   0  27   0  27   0   0   0   0   0   0   0  18   9   0   0   9  0.29 inf
   92 L   -2 -3 -3 -4 -2 -2 -3 -4 -3  2  4 -3  1  0 -3 -2  1 -2 -2  1    0   0   0   0   0   0   0   0   0  11  75   0   0   0   0   0  14   0   0   0  0.45 inf
   93 K   -1  0  0  3 -3  2  3 -2 -1 -3 -3  2 -2 -3 -1  2  0 -3 -2 -3    0   0   0  17   0  14  28   0   0   0   0  18   0   0   0  23   0   0   0   0  0.43 inf
   94 K    1  0  0  2 -2  1  0 -1 -1 -3 -3  3 -2 -3 -1  2  0 -3 -2 -2   13   0   0  19   0   8   0   0   0   0   0  35   0   0   0  25   0   0   0   0  0.33 inf
   95 L    2 -2 -2 -3 -1 -2 -2 -2 -1  0  1 -2  0  2 -2  0  0 -1  2  1   37   0   0   0   0   0   0   0   0   0  18   0   0  14   0   0   9   0  13   9  0.18 inf
   96 I   -2 -3 -4 -4 -2 -3 -4 -4 -2  3  1 -3  0  5 -4 -3 -2 -1  1  1    0   0   0   0   0   0   0   0   0  26  11   0   0  54   0   0   0   0   0   9  0.55 inf
   97 P    1  0 -1 -1 -3  0  1 -2 -2 -3 -3  3 -2 -3  4  1 -1 -4 -3 -2   17   0   0   0   0   0  10   0   0   0   0  36   0   0  28   9   0   0   0   0  0.55 inf
   98 A    1 -2 -2  0 -3 -1 -1  0 -2 -3 -3 -1 -3 -4  6  1 -1 -4 -3 -2   18   0   0   6   0   0   0   7   0   0   0   0   0   0  59  11   0   0   0   0  1.09 inf
   99 W   -2 -3 -3 -4 -3 -2 -3 -4 -1  2 -1 -3 -1  1 -4 -3 -2  8  5  1    0   0   0   0   0   0   0   0   0  22   0   0   0   0   0   0   0  32  38   9  0.97 inf
  100 E   -1  2  3  0 -3  1  2 -2 -1 -1 -2  3 -1 -3 -2 -1 -1 -3 -2  0    0   9  21   0   0   0  18   0   0   0   0  35   0   0   0   0   0   0   0  17  0.29 inf
  101 F   -3 -3 -4 -4 -3 -4 -4 -4 -2  0  0 -4  0  7 -4 -3 -2  0  2  0    0   0   0   0   0   0   0   0   0   0   0   0   0  89   0   0   0   0   0  11  1.01 inf
  102 T   -1  2 -1  2 -2  0  2 -2 -2  0 -1  1 -1 -2 -2  0  1 -3 -2  1    0  14   0  13   0   0  17   0   0   0   0  10   0   0   0   0  18   0   0  28  0.18 inf
  103 I   -1 -3 -4 -4 -2 -3 -3 -4 -4  5  1 -3  1 -1 -3 -3 -1 -3 -2  4    0   0   0   0   0   0   0   0   0  63   0   0   0   0   0   0   0   0   0  37  0.56 inf
  104 I   -1  0 -1 -1 -2  2  0  0 -1  1  0  2  0 -2 -2  1  0 -3 -2  0    0   0   0   0   0  13   0   9   0  18  14  26   0   0   0  19   0   0   0   0  0.11 inf
  105 P    0 -2 -1 -1 -2 -1 -1 -2 -2 -1 -2 -1 -2 -3  4  3  0 -4 -2  1    0   0   0   0   0   0   0   0   0   0   0   0   0   0  28  54   0   0   0  17  0.57 inf
  106 Y   -2 -1  1  2 -3 -1 -1 -2  4 -1 -2  0 -1  2 -2 -1  0 -1  3  0    0   0  10  14   0   0   0   0  17   0   0   9   0  11   0   0   9   0  18  13  0.20 inf
  107 N   -1  2  1 -1 -3  0  1  1 -1 -3 -3  4 -2 -2 -2 -1 -1 -2  1 -3    0  13   9   0   0   0   9  14   0   0   0  46   0   0   0   0   0   0   9   0  0.35 inf
  108 G   -1  2  2 -1 -3  1  1  2 -1 -3 -3  4 -2 -4 -2  0 -1 -3 -2 -3    0  14  11   0   0   0  10  18   0   0   0  48   0   0   0   0   0   0   0   0  0.42 inf
  109 Q    0  0 -1 -1 -2  3  0 -2 -1 -1 -2  1 -1 -3  3  0  1 -3 -2  1   10   0   0   0   0  28   0   0   0   0   0  14   0   0  17   0  13   0   0  17  0.31 inf
  110 S    0 -1  0  2 -2  0  3 -2 -1  0 -2  0 -1 -3 -2  2  1 -3 -2  0    0   0   0   9   0   0  34   0   0   8   0   0   0   0   0  31  10   0   0   9  0.27 inf
  111 D   -1 -1  1  5 -3  0  2 -1 -1 -3 -3 -1 -2 -3 -1  2  0 -3 -2 -3    1   1   0  49   0   0  15   1   0   1   1   1   0   0   1  28   1   0   0   1  0.54 inf
  112 I   -1 -2  1 -2 -2 -1 -2 -2 -2  2  0 -2  3  1 -2 -1  1  4  0  1    1   1  15   1   0   0   1   1   0  18   1   1  17  10   1   1  14   8   0  10  0.15 inf
  113 T   -1 -1 -1 -2 -1  1 -1 -2 -2  1  2  0  2 -1 -2 -1  2 -2 -1  2    1   1   0   1   0   9   1   1   0   1  24  10   9   0   1   1  18   0   0  22  0.12 inf
  114 D   -1 -1  0  2 -2  0  2 -2 -1 -2 -1  0 -1  3 -2  0  1 -1  0 -2    1   1   0  18   0   0  18   1   0   1   1   9   0  28   1  10  10   0   0   1  0.20 inf
  115 I   -1 -1 -1 -2 -2  0 -1 -2  2  2  2 -1  1 -1 -2  0 -1 -2 -1  1    1   1   0   1   0   9   1   1   9  33  28   1   0   0   1  14   1   0   0   1  0.13 inf
  116 V    1 -2 -2 -2 -1 -2 -2  1 -2  2  1 -2  0  1 -2 -1 -1 -2 -1  2   18   1   0   1   0   0   1  14   0  15  18   1   0  10   1   1   1   0   0  19  0.11 inf
  117 S    1  1  0  2 -2  0  0 -1 -1 -2 -2  1 -1 -3 -1  2  0 -3 -2  0   17  10   0  14   0   0   0   0   0   0   0  13   0   0   0  35   0   0   0  11  0.22 inf
  118 S    1  0  0 -1 -2  0  1  1 -1 -3 -3  3 -2 -3 -1  3  0 -3 -2 -2    9   0   0   0   0   0  13  10   0   0   0  32   0   0   0  37   0   0   0   0  0.33 inf
  119 L   -1 -2  1 -2 -2 -2 -2 -3 -2  2  2 -2  2 -1  1 -2 -1 -3 -2  2    0   0  14   0   0   0   0   0   0  13  37   0   9   0  10   0   0   0   0  17  0.23 inf
  120 Q   -1  0  0  2 -3  2  0 -2  4 -3 -3  1 -2  1  3  0 -1 -3  0 -3    0   0   0  17   0  18   0   0  17   0   0  13   0  11  14  10   0   0   0   0  0.33 inf
  121 L   -1 -1 -1  1 -2  0  1 -2 -2  1  2  1  2 -1 -2 -1 -1 -2 -2  0    1   0   0  11   0   0   9   1   0  14  33  18   9   0   0   1   1   0   0   1  0.11 inf
  122 Q   -1  4 -1 -2 -2  2  0 -2 -1 -1 -1  2 -1 -2 -2 -1 -1 -3 -2  1    1  37   0   1   0  18   1   1   0   0   1  15   0   0   0   1   1   0   0  22  0.31 inf
  123 F   -2  0 -1 -2 -3  0  1  0  3 -2 -2  2 -1  4 -2 -1 -2 -1  3 -2    0   0   0   0   0   0   9   9  14   0   0  30   0  27   0   0   0   0  11   0  0.28 inf
  124 E    0  1  2  0 -3  1  3  2 -1 -3 -3  0 -2 -3 -2  1 -1 -3 -2 -3    8  13  14   0   0   0  38  18   0   0   0   0   0   0   0   9   0   0   0   0  0.36 inf
  125 S    1 -1  0  1 -2  0  3  1 -1 -3 -3  1 -2 -3 -1  3  0 -3 -2 -2    9   0   0   9   0   0  25   8   0   0   0   9   0   0   0  40   0   0   0   0  0.34 inf
  126 G    0 -2 -1 -1 -2  1 -1  3  2 -3 -3 -1 -2 -3  3  1  2 -3 -2 -2    0   0   0   0   0  10   0  36   8   0   0   0   0   0  14   9  24   0   0   0  0.42 inf
  127 N    0  2  4  0 -3  0  0  1  3 -3 -3  2 -2 -3 -2  0 -1 -3 -2 -3    9  17  32   0   0   0   0   9  11   0   0  23   0   0   0   0   0   0   0   0  0.36 inf
  128 S    0  0  1 -1 -2  0 -1  1  2 -2  0  2 -1 -2 -2  2  1 -3 -1 -2    0   0  10   0   0   0   0   9   9   0  13  20   0   0   0  26  14   0   0   0  0.16 inf
  129 H   -2  1  3 -1 -3  0  1  0  4 -1 -2 -1 -2 -1 -3 -1 -1  5  2 -2    0   9  23   0   0   0  13   9  18   8   0   0   0   0   0   0   0  10  11   0  0.29 inf
  130 S    1  1  0  2 -2 -1  0  1 -2 -2 -1 -1 -1 -3 -2  2  1 -3 -2 -2    9  10   0  20   0   0   0  13   0   0   8   0   0   0   0  32   9   0   0   0  0.22 inf
  131 K    1  0  1 -1 -2  0  0 -1 -1 -1 -2  3 -1 -3 -2  2  0 -3 -2  1   11   0   9   0   0   0   0   0   0   0   0  42   0   0   0  21   0   0   0  17  0.23 inf
  132 K    1  0  1  1 -3  0  0 -1  3 -3 -3  3 -2 -3 -2  1 -1 -3 -1 -2   17   0   8   9   0   0   0   0  14   0   0  40   0   0   0  11   0   0   0   0  0.30 inf
  133 M   -1 -1  1 -1 -2  0  2 -3 -1  1  1 -1  4 -1 -2  0 -1 -3 -2  0    0   0   8   0   0   0  26   0   0  15  12   0  30   0   0   9   0   0   0   0  0.18 inf
  134 L   -1  1 -2 -2 -2 -1  1 -3 -2  2  1 -1  0 -1 -3 -2 -1 -3 -2  2    0  15   0   0   0   0  17   0   0  21  20   0   0   0   0   0   0   0   0  27  0.17 inf
  135 K   -1  0  3  1 -2  0  0  0 -1  0 -2  2 -1 -3 -2  0  2 -3 -2  0    0   0  27   9   0   0   0   8   0   9   0  20   0   0   0   0  19   0   0   9  0.19 inf
  136 A    2  1  1  0 -2  0  1 -1 -1 -2 -2  1 -2 -3 -1  2  1 -3 -2 -2   28   9  10   0   0   0  12   0   0   0   0   9   0   0   0  24   9   0   0   0  0.25 inf
  137 L    0 -1 -2 -1 -2  0  1 -2 -1  1  1  1  0  0 -2 -1 -1 -1  2  0   12   0   0   0   0   0  17   0   0  19  20  17   0   0   0   0   0   0  15   0  0.10 inf
  138 L    0 -3 -3 -4 -2 -3 -3 -3 -3  2  3 -3  1  2 -3 -2 -1 -2  0  1    9   0   0   0   0   0   0   0   0  17  53   0   0  12   0   0   0   0   0   9  0.32 inf
  139 S    0 -1  2  1 -2  0  1 -1 -1 -1 -2 -1 -2 -3 -2  3  0 -3 -2  0    0   0  15   9   0   0   9   0   0   0   0   0   0   0   0  50   0   0   0  17  0.28 inf
  140 E   -1  3  1  0 -3  1  2 -2 -1 -3 -3  4 -2 -3 -2  0  0 -3 -2 -2    0  17   9   0   0   0  20   0   0   0   0  45   0   0   0   0   9   0   0   0  0.44 inf
  141 G    0 -1  2  1 -3  1  2  2 -1 -2 -1  1 -1 -3 -2  0 -1 -3 -2 -2    9   0  15   9   0   9  19  20   0   0  12   8   0   0   0   0   0   0   0   0  0.21 inf
  142 E   -1 -1  0  3 -3  1  4  1 -1 -2 -3  1 -2 -3 -2 -1 -1 -3 -3  0    0   0   0  17   0   0  46  15   0   0   0  10   0   0   0   0   0   0   0  12  0.38 inf
  143 S    0 -1  0  4 -2  0  1 -1 -1 -3 -3 -1 -2 -3 -1  3  2 -4 -2 -2    0   0   0  33   0   0   9   0   0   0   0   0   0   0   0  37  21   0   0   0  0.45 inf
  144 I   -2 -3 -3 -3 -2 -3 -3 -4 -3  4  2 -3  1 -1  3 -2  0 -3 -2  2    0   0   0   0   0   0   0   0   0  65  12   0   0   0  15   0   8   0   0   0  0.41 inf
  145 W   -3 -3 -3 -4 -3 -2 -3 -3  3 -3 -2 -3 -2  2 -4 -3 -3 11  2 -3    0   0   0   0   0   0   0   0  12   0   0   0   0   9   0   0   0  79   0   0  2.20 inf
  146 E   -1  0  0  3 -3  0  2  0 -1 -2 -1  2 -2 -3 -2  0  0 -3 -2 -2    0   0   0  27   0   0  20   9   0   0   9  19   0   0   0   8   9   0   0   0  0.27 inf
  147 I   -2 -3 -4 -4 -2 -3 -4 -4 -3  4  2 -3  1  4 -3 -3 -1 -1  0  1    0   0   0   0   0   0   0   0   0  57  17   0   0  26   0   0   0   0   0   0  0.44 inf
  148 T   -1 -2 -2 -3 -1 -2 -2 -3 -2  2  1 -2  0  0 -3 -1  2 -1  2  2    0   0   0   0   0   0   0   0   0  17  17   0   0   0   0   0  20   0  15  31  0.24 inf
  149 E    0 -1 -1  0 -2  0  2  0 -1  0  0 -1 -1 -2 -2  2  0 -3 -2  1    0   0   0   0   0   0  28   9   0   0   9   0   0   0   0  33   0   0   0  21  0.17 inf
  150 K   -1  3  2 -1 -3  2  0  0 -1 -3 -3  3 -2 -3  2  0 -1 -3 -2 -3    0  18  18   0   0  15   0   9   0   0   0  29   0   0  12   0   0   0   0   0  0.40 inf
  151 I   -1 -3 -2 -3  4 -2 -3 -3 -3  3  0 -2  0 -1 -2 -1  2 -3 -2  3    0   0   0   0  15   0   0   0   0  30   0   0   0   0   0   0  26   0   0  30  0.32 inf
  152 L    0 -1 -2 -2 -2 -1  0 -3 -2  0  2  0  4  2 -3 -1 -1 -2  0  0   10   0   0   0   0   0   9   0   0   0  29   9  29  15   0   0   0   0   0   0  0.19 inf
  153 N    1 -1  3  3  3 -1  0 -1 -1 -2 -2  1 -2 -3 -2  0 -1 -4 -3 -1   15   0  28  26  10   0   0   0   0   0   0  12   0   0   0   0   0   0   0   9  0.29 inf
  154 S    0 -2 -1 -2 -1 -1 -1 -2 -2 -1  1 -1  2  1 -2  3  2 -2 -1 -1    0   0   0   0   0   0   0   0   0   0  17   0  15  10   0  41  17   0   0   0  0.20 inf
  155 F   -2 -3 -4 -4 -2 -3 -4 -4 -3  4  1 -3  0  5 -4 -3 -2 -1  1  1    0   0   0   0   0   0   0   0   0  56   0   0   0  44   0   0   0   0   0   0  0.55 inf
  156 E   -1  0  0  2 -3  3  5 -2 -1 -3 -3  0 -2 -4 -2  0  1 -3 -2 -2    0   0   0  10   0  17  61   0   0   0   0   0   0   0   0   0  12   0   0   0  0.62 inf
  157 Y    1 -1  2  2 -2  1  1 -1  0 -2 -2  1 -2 -1 -2  0  1 -1  3 -2   17   0  15  12   0  10   9   0   0   0   0   9   0   0   0   0   9   0  20   0  0.21 inf
  158 T   -1  3  0 -1 -3  1  0 -2  3 -2 -2  1 -1 -1 -2  1  2 -2  2 -2    0  25   0   0   0   9   0   0  15   0   0   9   0   0   0  10  20   0  12   0  0.29 inf
  159 S    1 -2 -1 -1  3 -1 -1 -1 -2 -1 -2 -1 -1 -2 -2  3  3 -3 -2  0    9   0   0   0  10   0   0   0   0   0   0   0   0   0   0  35  38   0   0   9  0.34 inf
  160 R   -1  5  1 -2 -3  0 -1 -2 -1 -2 -2  2 -1  0 -2 -1  0 -3 -1  0    0  51   9   0   0   0   0   0   0   0   0  12   0   9   0   0   9   0   0  10  0.36 inf
  161 F   -1  1 -1 -1 -2  1  0 -2 -1 -1 -1  2 -1  2 -1  1  2 -1  0 -1    1  10   1   1   0   9   1   1   0   1   1  18   0  20   1  13  20   0   0   1  0.15 inf
  162 T    1  1  0  1 -2  0  1 -2 -1 -2 -2  0 -2 -3  3  1  2 -3 -2 -1   12   9   0   9   0   0  15   0   0   0   0   0   0   0  17   9  30   0   0   0  0.34 inf
  163 K    0  1  0 -1 -2  0 -1 -2 -1 -1 -1  2  2 -2 -2  2  3 -3 -2 -1    0   9   0   0   0   0   0   0   0   0   0  20  15   0   0  30  27   0   0   0  0.25 inf
  164 T    0 -1 -1 -1 -2  1 -1 -2 -2 -1  1  1  0 -2 -2  2  4 -3 -2 -1    0   0   0   0   0   9   0   0   0   0  17  10   0   0   0  15  49   0   0   0  0.27 inf
  165 K   -1  4  2 -1  4  0  0 -2 -1 -3 -3  3 -2 -3 -2 -1 -1 -3 -2 -3    0  35  12   0  15   0   0   0   0   0   0  38   0   0   0   0   0   0   0   0  0.49 inf
  166 T    3 -2 -2 -2 -1 -1 -2 -1 -2  1 -1 -1 -1 -2 -2  1  3 -3 -2  1   48   0   0   0   0   0   0   0   0  15   0   0   0   0   0   0  29   0   0   8  0.27 inf
  167 L    1  2 -1  0 -2  0  3 -2 -1 -1  1  0  0 -2 -2 -1 -1 -3 -2  0   17  15   0   0   0   0  39   0   0   0  20   0   0   0   0   0   0   0   0   9  0.21 inf
  168 Y   -2 -2 -3 -4 -3 -2 -3 -4  1 -1  2 -3  0  2 -4 -2 -2  1  7 -1    0   0   0   0   0   0   0   0   0   0  26   0   0   0   0   0   0   0  74   0  0.85 inf
  169 Q   -1  3  1 -1 -3  3  0 -2 -1 -3 -2  2 -1 -3 -2  1  2 -3 -2 -2    0  18   9   0   0  20   0   0   0   0   0  23   0   0   0  12  18   0   0   0  0.34 inf
  170 F   -2 -3 -3 -4 -2 -3 -3 -4 -1  0  2 -3  0  5 -4 -3 -2  0  4 -1    0   0   0   0   0   0   0   0   0   0  34   0   0  49   0   0   0   0  17   0  0.60 inf
  171 L   -2 -3 -4 -4 -2 -2 -3 -4 -3  3  3 -3  3  0 -3 -3 -1 -2 -1  2    0   0   0   0   0   0   0   0   0  33  47   0  12   0   0   0   0   0   0   9  0.42 inf
  172 F   -1 -2 -3 -3 -2 -2 -3 -3 -2  0  3 -3  1  4 -3  0 -1 -1  1  0    0   0   0   0   0   0   0   0   0   0  53   0   0  32   0  15   0   0   0   0  0.36 inf
  173 L   -1 -2 -2 -3 -2  2 -1 -3 -2  2  3 -2  1 -1 -3 -2  0 -2 -1  2    0   0   0   0   0  17   0   0   0   9  51   0   0   0   0   0   9   0   0  15  0.25 inf
  174 A    2 -2 -2 -3 -1 -2 -2  1 -2  0  2 -2  2 -1 -2  0  0 -2 -2  0   37   0   0   0   0   0   0  10   0   0  35   0   9   0   0   0   9   0   0   0  0.19 inf
  175 T    1 -2  0 -1 -1 -1 -1 -2 -2 -1 -2 -1 -1 -3 -1  2  5 -3 -2 -1   10   0   0   0   0   0   0   0   0   0   0   0   0   0   0  17  73   0   0   0  0.54 inf
  176 F   -2 -3 -4 -4 -3 -4 -4 -4 -2  0  0 -3  0  6 -4 -3 -2  0  2  2    0   0   0   0   0   0   0   0   0   0   0   0   0  78   0   0   0   0   0  22  0.78 inf
  177 I   -1 -2 -2 -3 -2 -2 -3  0 -1  2  0 -2  3  4 -3 -1  1 -1  3  0    0   0   0   0   0   0   0  10   0  20   0   0  17  26   0   0  15   0  12   0  0.22 inf
  178 N   -2 -1  7  1 -3 -1 -1 -1  0 -4 -4 -1 -3 -4 -3  0 -1 -4 -3 -4    0   0 100   0   0   0   0   0   0   0   0   0   0   0   0   0   0   0   0   0  1.11 inf
  179 C    1 -4 -3 -4  9 -3 -4 -3 -3 -2 -2 -3 -2 -3 -3 -1 -1 -3 -3 -1   15   0   0   0  85   0   0   0   0   0   0   0   0   0   0   0   0   0   0   0  1.46 inf
  180 G   -1 -3 -2 -3  9 -3 -3  2 -3 -2 -2 -3 -2 -3 -3  0 -1 -3 -3 -2    0   0   0   0  72   0   0  20   0   0   0   0   0   0   0   9   0   0   0   0  1.14 inf
  181 R   -2  7 -1 -2 -4  0 -1 -3 -1 -4 -3  2 -2 -3 -3 -1 -2 -3 -2 -3    0 100   0   0   0   0   0   0   0   0   0   0   0   0   0   0   0   0   0   0  1.10 inf
  182 F    1 -1  1 -2 -2  1 -1 -2  4  1 -1 -1 -1  3 -2 -1 -1 -1  2 -1   17   0   9   0   0  12   0   0  17  15   0   0   0  20   0   0   0   0  10   0  0.17 inf
  183 S    0 -1  3  1 -2  0  0 -1 -1 -3 -3 -1 -2 -3 -1  4  1 -4 -2 -2    0   0  17   9   0   0   0   0   0   0   0   0   0   0   0  74   0   0   0   0  0.53 inf
  184 D   -2 -2  1  7 -4 -1  1 -2 -2 -4 -4 -1 -4 -4 -2 -1 -2 -5 -4 -4    0   0   0 100   0   0   0   0   0   0   0   0   0   0   0   0   0   0   0   0  1.21 inf
  185 I   -2 -3 -4 -4 -2 -3 -3 -4 -3  3  4 -3  2  0 -3 -3 -1 -2 -1  1    0   0   0   0   0   0   0   0   0  22  78   0   0   0   0   0   0   0   0   0  0.52 inf
  186 K   -1  2 -1 -2 -3  1  0 -2 -1  1 -1  4  1 -2 -2 -1 -1 -3 -2 -1    0   8   0   0   0   0   0   0   0  15   0  68   8   0   0   0   0   0   0   0  0.38 inf
  187 N   -2  2  6  1 -3  0 -1 -1  0 -4 -4  0 -3 -4 -3  0 -1 -4 -3 -3    0  15  85   0   0   0   0   0   0   0   0   0   0   0   0   0   0   0   0   0  0.84 inf
  188 V    1 -2 -3 -3 -1 -2 -2 -2 -3  1  2 -2  1 -1 -2 -1  1 -3 -2  2   24   0   0   0   0   0   0   0   0   0  37   0   0   0   0   0   9   0   0  30  0.21 inf
  189 D   -2 -2  1  7 -4 -1  1 -2 -2 -4 -4 -1 -4 -4 -2 -1 -2 -5 -4 -4    0   0   0 100   0   0   0   0   0   0   0   0   0   0   0   0   0   0   0   0  1.21 inf
  190 P   -1 -3 -3 -2 -3 -2 -2 -3 -3  0 -3 -2 -2 -4  8 -1 -2 -4 -3 -2    0   0   0   0   0   0   0   0   0   9   0   0   0   0  91   0   0   0   0   0  1.93 inf
  191 K    1  2  0 -1 -2  1  1 -1 -1 -3 -3  3 -2 -3 -1  2  1 -3 -2 -2    8  10   0   0   0   0  12   0   0   0   0  31   0   0   0  32   7   0   0   0  0.31 inf
  192 S    0 -1  0 -1 -1 -1 -1 -1 -2 -2 -2  0 -1 -3 -1  3  4 -3 -2 -1    0   0   0   0   0   0   0   0   0   0   0   7   0   0   0  37  55   0   0   0  0.46 inf
  193 F   -3 -3 -4 -4 -3 -4 -4 -4 -2 -1  0 -4  0  7 -4 -3 -3  0  3 -1    0   0   0   0   0   0   0   0   0   0   0   0   0 100   0   0   0   0   0   0  1.11 inf
  194 K   -1  1  0  0 -4  2  4 -2  4 -3 -3  3 -2 -3 -2 -1 -1 -3 -1 -3    0   0   0   0   0   8  46   0  15   0   0  30   0   0   0   0   0   0   0   0  0.54 inf
  195 L   -2 -3 -4 -4 -2 -3 -3 -4 -3  3  3 -3  1  0 -3 -3 -1 -2 -1  2    0   0   0   0   0   0   0   0   0  38  53   0   0   0   0   0   0   0   0   9  0.44 inf
  196 V   -1 -1 -3 -3 -2 -2 -2 -3 -2  3  0  1  0  0 -3 -2 -1 -2  2  3    0   0   0   0   0   0   0   0   0  29   0  15   0   0   0   0   0   0  10  46  0.24 inf
  197 Q    0  1  1 -1 -3  3  0 -2  3 -3 -3  3 -2 -3  3  0 -1 -3 -1 -2    8   0  10   0   0  22   0   0  12   0   0  31   0   0  17   0   0   0   0   0  0.42 inf
  198 N   -2 -1  6  3 -3  0  0 -1  0 -4 -4 -1 -3 -4 -2  0 -1 -4 -3 -4    0   0  83  17   0   0   0   0   0   0   0   0   0   0   0   0   0   0   0   0  0.90 inf
  199 K   -1  2  0 -1 -3  1  0 -2 -1 -3 -3  4 -2 -3  2  1  1 -3 -2 -2    0   7   0   0   0   0   0   0   0   0   0  63   0   0   8  10  12   0   0   0  0.45 inf
  200 Y   -2 -2 -2 -3 -3 -2 -2 -3  4 -2 -1 -2 -1  5 -3 -2 -2  1  6 -2    0   0   0   0   0   0   0   0  17   0   0   0   0  30   0   0   0   0  53   0  0.81 inf
  201 L   -2 -3 -4 -4 -2 -3 -3 -4 -3  2  4 -3  2  0 -3 -3 -1 -2 -1  2    0   0   0   0   0   0   0   0   0   0  83   0   0   0   0   0   0   0   0  17  0.52 inf
  202 G    0 -3  1 -1 -3 -2 -2  6 -2 -4 -4 -2 -3 -4 -3 -1 -2 -3 -3 -4    0   0   7   0   0   0   0  93   0   0   0   0   0   0   0   0   0   0   0   0  1.12 inf
  203 V   -1  3 -1 -2 -2  0 -1 -3  2 -1 -1  0 -1 -1  2 -1  1 -2  1  1    0  36   0   0   0   0   0   0   8   0   0   0   0   0  10   0  15   0   8  22  0.24 inf
  204 I   -1 -3 -3 -4 -2 -2 -3 -4 -3  4  2 -3  3  0 -3 -2 -1 -3 -2  3    0   0   0   0   0   0   0   0   0  55   8   0  21   0   0   0   0   0   0  16  0.41 inf
  205 I   -1 -3 -4 -4 -1 -3 -3 -4 -3  3  3 -3  1  0 -3 -2 -1 -3 -1  3    0   0   0   0   0   0   0   0   0  34  33   0   0   0   0   0   0   0   0  34  0.40 inf
  206 Q   -1  5 -1 -2  4  4  0 -3 -1 -3 -2  1 -1 -3 -2 -1 -1 -3 -2 -3    0  54   0   0  15  30   0   0   0   0   0   0   0   0   0   0   0   0   0   0  0.62 inf
  207 C    3 -2 -2 -3  5 -2 -2  2 -3 -1 -1 -2 -1 -2 -2  0 -1 -3 -2  1   47   0   0   0  22   0   0  15   0   0   0   0   0   0   0   0   0   0   0  16  0.36 inf
  208 L   -2 -2 -2 -2 -2 -1  0 -3  3  0  3 -2  1  2 -3 -2  0 -1  0  0    0   0   0   0   0   0   8   0  15   0  49   0   0  17   0   0  10   0   0   0  0.22 inf
  209 V   -1 -3 -3 -3 -1 -2 -3 -3 -3  2  0 -2  0 -1 -3 -1  2 -3 -2  4    0   0   0   0   0   0   0   0   0   0   0   0   0   0   0   0  15   0   0  85  0.44 inf
  210 T   -1 -2 -1 -2  4 -1 -2 -2 -2 -1 -1  0 -1  2  3  0  3 -2 -1 -1    0   0   0   0  16   0   0   0   0   0   0   8   0  15  17   0  43   0   0   0  0.37 inf
  211 E   -1  0  2  2 -4  2  5 -2  0 -4 -3  0 -2 -4 -2  0 -1 -3 -2 -3    0   0  15  12   0   8  65   0   0   0   0   0   0   0   0   0   0   0   0   0  0.67 inf
  212 T   -1 -2 -1 -2 -1 -1 -1 -2 -2 -1 -2 -1 -1 -3 -2  1  6 -3 -2 -1    0   0   0   0   0   0   0   0   0   0   0   0   0   0   0   0 100   0   0   0  0.75 inf
  213 K   -1  1 -1 -1 -3  1  0 -2 -1 -2  0  5 -1 -3 -2 -1 -1 -3 -2 -2    0   0   0   0   0   0   0   0   0   0  15  85   0   0   0   0   0   0   0   0  0.52 inf
  214 T    0 -1  2 -1 -1 -1 -1 -2 -2 -2 -2 -1 -1 -3 -2  2  5 -3 -2 -1    0   0  15   0   0   0   0   0   0   0   0   0   0   0   0  10  75   0   0   0  0.54 inf
  215 S   -1  4  2 -1 -3  0 -1  1 -1 -3 -3  1 -2 -3 -2  2  0 -3 -2 -3    0  46  15   0   0   0   0   9   0   0   0   0   0   0   0  30   0   0   0   0  0.42 inf
  216 V   -1  0 -1 -2 -2  0 -1 -2 -2  2  0  3  0 -2 -2 -1  1 -3 -2  2    1   0   0   0   0   0   1   1   0  24   1  36   0   0   0   1  10   0   0  23  0.15 inf
  217 S    1 -1 -1 -1 -2  0  2 -1 -1 -3 -3 -1 -2 -3  5  2  1 -3 -2 -2   12   0   0   0   0   0  18   0   0   0   0   0   0   0  31  30   9   0   0   0  0.58 inf
  218 R   -2  7 -1 -2 -4  1 -1 -3 -1 -4 -3  2 -2 -3 -3 -1 -2 -3 -2 -3    0 100   0   0   0   0   0   0   0   0   0   0   0   0   0   0   0   0   0   0  1.05 inf
  219 H   -2 -2  1 -2 -3 -1 -2 -3  4 -1 -1 -2 -1  4 -3 -1  1  0  4 -2    0   0   8   0   0   0   0   0  22   0   0   0   0  37   0   0  15   0  17   0  0.42 inf
  220 I   -1 -3 -4 -4 -1 -3 -3 -4 -4  4  1 -3  1 -1 -3 -3 -1 -3 -2  3    0   0   0   0   0   0   0   0   0  66   0   0   0   0   0   0   0   0   0  34  0.50 inf
  221 Y   -2 -1  1 -2 -3  2 -1 -3  1 -2 -2 -1 -1  3 -3 -2 -2  1  7 -2    0   0  10   0   0  15   0   0   0   0   0   0   0   8   0   0   0   0  66   0  0.71 inf
  222 F   -3 -3 -4 -4 -3 -4 -4 -4 -2 -1  0 -4  0  7 -4 -3 -3  0  3 -1    0   0   0   0   0   0   0   0   0   0   0   0   0 100   0   0   0   0   0   0  1.11 inf
  223 F   -2 -3 -3 -4 -3 -3 -3 -4 -1  1  0 -3  0  6 -4 -3 -2  1  4  0    0   0   0   0   0   0   0   0   0  15   0   0   0  63   0   0   0   0  21   0  0.73 inf
  224 S   -1 -2 -2 -2 -3 -1 -1 -2 -2 -3 -3 -1 -3 -4  7  2 -1 -4 -3 -3    0   0   0   0   0   0   0   0   0   0   0   0   0   0  78  22   0   0   0   0  1.62 inf
  225 A    2 -3 -3 -3  4 -2 -2 -2 -3  1  0 -2  0 -2 -2  0  0 -3 -2  3   37   0   0   0  17   0   0   0   0   8   0   0   0   0   0   0   0   0   0  37  0.30 inf
  226 R    0  3  3 -1 -3  0  0 -2  0 -3 -3  2 -2 -1 -2  0 -1 -2  2 -2   12  30  26   0   0   0   0   0   0   0   0  17   0   0   0   0   0   0  15   0  0.33 inf
  227 G    0 -2  1 -1 -2 -1 -2  5 -2 -3 -3  0 -2 -3 -2  0  2 -3 -3 -2    0   0   8   0   0   0   0  60   0   0   0   7   0   0   0   0  24   0   0   0  0.60 inf
  228 R    0  5 -1  1 -3  0  0 -2 -1 -3 -3  2 -2 -3  2 -1 -1 -3 -2 -3    8  63   0  10   0   0   0   0   0   0   0   7   0   0  12   0   0   0   0   0  0.57 inf
  229 I    0 -3 -2 -3  7 -2 -3 -3  2  1 -1 -3 -1  1 -3 -1  0 -2 -1  0    8   0   0   0  42   0   0   0  12  22   0   0   0   8   0   0   7   0   0   0  0.46 inf
  230 D   -2 -2  1  7 -4 -1  1 -2 -2 -4 -4 -1 -4 -4 -2 -1 -2 -5 -4 -4    0   0   0 100   0   0   0   0   0   0   0   0   0   0   0   0   0   0   0   0  1.21 inf
  231 P   -1 -2 -3 -2 -3 -2 -2 -3 -3 -1  1 -2  2 -2  7 -2 -1 -3 -3 -1    0   0   0   0   0   0   0   0   0   0  18   0  15   0  66   0   0   0   0   0  1.23 inf
  232 L   -2 -3 -4 -4 -2 -3 -3 -4 -3  2  4 -3  2  2 -3 -3 -2 -2 -1  1    0   0   0   0   0   0   0   0   0  12  80   0   0   8   0   0   0   0   0   0  0.50 inf
  233 V   -1 -2 -3 -3 -2  1 -2 -3 -2  2  3 -2  1 -1 -3 -2 -1 -2 -1  2    0   0   0   0   0  15   0   0   0  17  37   0   0   0   0   0   0   0   0  30  0.26 inf
  234 Y    3 -2 -2 -2 -1 -1 -2 -1 -1 -1  0 -1 -1  0 -2  1 -1 -1  3 -1   53   0   0   0   0   0   0   0   0   0  15   0   0   0   0  10   0   0  22   0  0.26 inf
  235 L   -2 -3 -4 -4 -2 -3 -3 -4 -3  1  5 -3  2  0 -3 -3 -2 -2 -1  0    0   0   0   0   0   0   0   0   0   0 100   0   0   0   0   0   0   0   0   0  0.64 inf
  236 D   -2 -1  0  4 -4  0  2 -2  6 -3 -3 -1 -2 -2 -2 -1 -2 -2  2 -3    0   0   0  39   0   0  15   0  36   0   0   0   0   0   0   0   0   0  10   0  0.61 inf
  237 E   -1 -1  0  4 -3  0  3 -2  0 -3 -3  0 -2 -2 -2  1 -1 -2  2 -3    0   0   0  34   0   0  37   0   0   0   0   0   0   0   0  17   0   0  12   0  0.49 inf
  238 F   -2 -3 -3 -4 -2 -2 -3 -4  0  0  2 -3  0  4 -4 -2 -2  1  5 -1    0   0   0   0   0   0   0   0   0   0  27   0   0  30   0   0   0   0  42   0  0.62 inf
  239 L   -2 -3 -4 -4 -2 -3 -3 -4 -3  1  4 -3  1  4 -3 -3 -2 -1  0  0    0   0   0   0   0   0   0   0   0   0  76   0   0  24   0   0   0   0   0   0  0.52 inf
  240 R   -1  4 -1 -2  3  1  0 -2 -1 -2 -1  2 -1 -3 -2  1 -1 -3 -2 -2    0  40   0   0  12   9   0   0   0   0   8  15   0   0   0  16   0   0   0   0  0.34 inf
  241 N   -1 -1  2  0 -2  0  1 -2 -1  1 -1 -1 -1 -1 -2  0  1  6 -1  0    0   0  22   0   0   0  19   0   0  15   0   0   0   0   0   8   8  17   0  10  0.28 inf
  242 S    1 -2  2 -1  5 -1 -1 -1 -2 -1 -2 -1 -1 -3 -2  2  3 -3 -2  0    7   0  15   0  18   0   0   0   0   0   0   0   0   0   0  22  29   0   0   8  0.30 inf
  243 E   -1  0  0  2 -3  2  4  0 -1 -3 -3  1 -2  0 -2  1 -1 -3 -1 -3    0   0   0   9   0   8  45   8   0   0   0  12   0   8   0  10   0   0   0   0  0.36 inf
  244 P   -1 -3 -3 -2 -3 -2 -2 -3 -2 -3 -3 -2 -3 -2  7 -1 -2 -2  2 -3    0   0   0   0   0   0   0   0   0   0   0   0   0   0  85   0   0   0  15   0  1.79 inf
  245 V    0 -2 -2 -3 -1 -2 -2 -3 -3  3  0  0  0 -1 -2  0  1 -3 -2  3    0   0   0   0   0   0   0   0   0  19   0  12   0   0   0   8   8   0   0  53  0.22 inf
  246 L   -1 -1 -2 -2 -3 -1  0 -3 -2 -1  1  0  2 -2  6 -1 -1 -3 -2 -1    0   0   0   0   0   0  10   0   0   0  22   8  12   0  48   0   0   0   0   0  0.76 inf
  247 K   -1  1 -1 -1 -3  1  0 -2 -1 -2 -2  5  2 -3 -2 -1 -1 -3 -2 -2    0   0   0   0   0   0   0   0   0   0   0  85  15   0   0   0   0   0   0   0  0.57 inf
  248 R    0  3  0 -1 -1  2  0 -1  0 -1 -1  1 -1 -2 -1  1  1 -1 -1 -1    3  24   2   2   1  17   3   3   1   2   4   2   1   2   2  15  12   1   1   3  0.17 inf
  249 V    0 -1  2 -1 -1 -1 -1 -1 -1  1  1 -1  0 -1 -1 -1  0 -1 -1  2    3   2  17   2   1   2   3   3   1   2  15   2   1   2   2   3   2   1   1  34  0.05 inf
  250 N    0 -1  4  0 -1  0  0  0  0 -2 -2  0 -1 -2 -1  2  1 -2 -1 -1    2   2  39   2   1   1   2   2   1   2   3   2   1   1   2  26  11   0   1   2  0.28 inf
  251 R   -1  5  0 -1 -2  1  0 -2 -1 -2 -2  2 -1 -2 -1  0  0 -2 -2 -2    2  56   1   1   0   1   1   2   0   1   2  17   0   1   1   2   9   0   1   1  0.44 inf
  252 T    1 -1  0 -1 -1  1 -1 -2 -2 -1 -1 -1 -1 -2 -1  2  4 -3 -2 -1    7   0   0   0   0   9   0   0   0   0   8   0   0   0   0  25  52   0   0   0  0.35 inf
  253 G    0 -1  0 -1 -2 -1 -1  2 -2 -2 -2 -1 -2 -3  3  2  2 -3 -2 -2    1   0   0   1   0   0   1  23   0   1   1   1   0   0  16  36  19   0   0   1  0.39 inf
  254 N   -1 -1  4  2 -2 -1  0 -1  2  0 -2 -1 -2 -3 -2  1  1 -4 -2 -1    0   0  42  17   0   0   0   0   7  15   0   0   0   0   0  10   9   0   0   0  0.34 inf
  255 S   -1  1  0  1 -3  3  2 -2 -1  0 -2  0 -1 -3 -2  1  0 -3 -2 -1    0  10   0   9   0  30  19   0   0  11   0   0   0   0   0  22   0   0   0   0  0.31 inf
  256 S    0  1  0  1 -2  0  2 -2 -1 -2 -2  1 -2 -3  2  2  1 -3 -2 -1    0  10   0   9   0   0  19   0   0   0   0   7   0   0  10  22  15   0   0   8  0.25 inf
  257 S    1 -1  0 -1 -1  0  1 -1 -1 -2 -2  1 -1 -3 -1  3  3 -3 -2 -1    9   0   0   0   0   0   9   0   0   0   0  10   0   0   0  40  32   0   0   0  0.35 inf
  258 N   -1 -1  5  3 -2  1  0 -1  0 -2 -3  0 -2 -3 -1  0  1 -3 -2 -2    1   1  48  19   0  10   1   1   0   1   2   1   0   1   1   1  10   0   1   1  0.43 inf
  259 K   -1  2  2  0 -2  2  2 -1  0 -2 -2  2 -1 -2 -1  0  0 -2 -1 -2    2  11  17   1   1   9  18   2   1   1   2  25   1   1   1   2   2   0   1   2  0.25 inf
  260 Q   -1  0 -1 -1 -3  6  1 -3  0 -3 -2  1 -1 -1 -2 -1 -1 -1  3 -3    0   0   0   0   0  83   0   0   0   0   0   0   0   0   0   0   0   0  17   0  0.76 inf
  261 E   -1  0  0  3 -3  2  4 -2 -1 -3 -3  2 -2 -3 -1  0  1 -3 -2 -2    0   0   0  17   0  11  39   0   0   0   0  23   0   0   0   0  10   0   0   0  0.47 inf
  262 Y   -2 -2 -2 -4 -3 -2 -2 -3  3 -2 -2 -2 -2  2 -4 -2 -2  7  7 -2    0   0   0   0   0   0   0   0  10   0   0   0   0   0   0   0   0  23  67   0  1.16 inf
  263 Q   -1  1 -1 -1 -4  7  1 -2  0 -3 -3  1 -1 -4 -2 -1 -1 -3 -2 -3    0   0   0   0   0 100   0   0   0   0   0   0   0   0   0   0   0   0   0   0  0.99 inf
  264 L   -2 -3 -4 -4 -2 -3 -3 -4 -3  2  3 -3  2  4 -3 -3 -2 -1  0  0    0   0   0   0   0   0   0   0   0   9  59   0   7  26   0   0   0   0   0   0  0.44 inf
  265 L   -2 -3 -4 -4 -2 -3 -3 -4 -3  1  4 -3  1  3 -3 -3 -2 -1  0  1    0   0   0   0   0   0   0   0   0   0  68   0   0  23   0   0   0   0   0   9  0.45 inf
  266 K   -1  4 -1 -1 -4  2  0 -2 -1 -3 -3  4 -2 -3  2 -1 -1 -3 -2 -3    0  43   0   0   0   8   0   0   0   0   0  40   0   0  10   0   0   0   0   0  0.59 inf
  267 D   -2 -1  2  5 -4  0  4 -2 -1 -4 -4  0 -3 -4 -2  0 -1 -4 -3 -3    0   0   9  54   0   0  36   0   0   0   0   0   0   0   0   0   0   0   0   0  0.77 inf
  268 N    1 -1  4  0 -2 -1 -1  2 -1 -3 -3 -1 -2 -3 -2  2  1 -3 -2 -2    9   0  35   0   0   0   0  16   0   0   0   0   0   0   0  33   8   0   0   0  0.39 inf
  269 L   -1 -2 -3 -3 -1 -2 -3 -3 -3  1  4 -2  2  0 -3 -1 -1 -2 -1  2    0   0   0   0   0   0   0   0   0   0  68   0   7   0   0   9   0   0   0  16  0.36 inf
  270 V    0 -3 -3 -3 -1 -2 -3  1 -3  2  2 -2  1 -1 -3 -1 -1 -3 -2  3   10   0   0   0   0   0   0  16   0   9  23   0   0   0   0   0   0   0   0  42  0.21 inf
  271 R    1  3  1 -1 -2  0 -1  0 -1  0 -1  0 -1 -2 -2  0  1 -3 -2 -1   16  34   9   0   0   0   0   9   0  15   0   0   0   0   0   0  17   0   0   0  0.18 inf
  272 S    1 -1  2  1 -2  1  0 -1 -1 -2 -3  0 -2 -3 -1  3  1 -3 -2 -2   16   0  16   7   0  11   0   0   0   0   0   0   0   0   0  41  10   0   0   0  0.32 inf
  273 Y   -2 -2 -3 -4 -3 -2 -3 -4  1 -2 -1 -3 -1  4 -4 -2 -2  2  8 -2    0   0   0   0   0   0   0   0   0   0   0   0   0  10   0   0   0   0  90   0  1.17 inf
  274 N   -1 -1  4  4 -3 -1  0 -1 -1 -3 -3 -1 -2 -3 -2  1  1 -4 -3 -3    0   0  31  43   0   0   0   0   0   0   0   0   0   0   0  10  16   0   0   0  0.56 inf
  275 K   -1  5 -1 -2 -4  1  0  0 -1 -3 -3  4 -2 -3 -2 -1 -1 -3 -2 -3    0  51   0   0   0   0   0   9   0   0   0  40   0   0   0   0   0   0   0   0  0.60 inf
  276 A    1 -3 -3 -3 -2 -3 -3 -2 -2  0  1 -3  0  6 -3 -1 -2  0  2 -1   24   0   0   0   0   0   0   0   0   0  16   0   0  60   0   0   0   0   0   0  0.47 inf
  277 L   -2 -3 -3 -4 -2 -2 -3 -4 -3  3  3 -3  3  1 -3 -2 -1 -2 -1  2    0   0   0   0   0   0   0   0   0  23  44   0  16   7   0   0   0   0   0   9  0.36 inf
  278 K    2  1  0 -1 -2  0  0  1 -1 -2 -2  2 -2 -3 -1  2  1 -3 -2 -2   25   7   0   0   0   0   0   9   0   0   0  24   0   0   0  25  10   0   0   0  0.25 inf
  279 K   -1  1 -1 -1 -3  2  0 -2 -1 -1 -2  4 -1 -3 -2 -1  0 -3 -2  0    0   0   0   0   0  10   0   0   0   0   0  68   0   0   0   0   7   0   0  16  0.39 inf
  280 N   -2  1  3  0 -3  2  1 -2  6 -3 -3  0 -2  0 -2 -1 -1 -3  0 -3    0  11  24   0   0   9   8   0  41   0   0   0   0   7   0   0   0   0   0   0  0.49 inf
  281 A    3  1 -1 -2 -1 -1 -1 -1 -2 -1 -2 -1 -1 -3  4  1  0 -3 -2  0   39  11   0   0   0   0   0   0   0   0   0   0   0   0  23  17   0   0   0  10  0.40 inf
  282 P    1 -1 -1  2 -2 -1  0 -1 -2 -3 -3  1 -2 -3  5  0  0 -4 -3 -2   23   0   0  19   0   0   0   0   0   0   0  14   0   0  35   0   9   0   0   0  0.59 inf
  283 Y   -1 -1 -1  0 -3  1  3 -3  4 -2  0  0 -1  0 -2  0 -1 -1  4 -2    0   0   0   0   0   7  36   0  16   0  11   0   0   0   0   7   0   0  24   0  0.33 inf
  284 P    1 -1  1 -1 -2 -1 -1  1  3 -3 -3 -1 -2 -3  4  2  0 -3 -1 -2    7   0   8   0   0   0   0  11  16   0   0   0   0   0  23  36   0   0   0   0  0.46 inf
  285 I   -1 -3 -4 -4 -1 -3 -3 -4 -3  4  2 -3  1  0 -3 -3 -1 -3 -2  3    0   0   0   0   0   0   0   0   0  48  27   0   0   0   0   0   0   0   0  25  0.41 inf
  286 F   -3 -3 -3 -4 -3 -4 -4 -4 -2  0  0 -4  0  7 -4 -3 -3  1  3 -1    0   0   0   0   0   0   0   0   0   0   0   0   0 100   0   0   0   0   0   0  0.96 inf
  287 A    3  0 -1 -1 -2  0  0  2 -1 -2 -2  3 -2 -3 -1  0 -1 -3 -2 -2   42   0   0   0   0   0   0  17   0   0   0  41   0   0   0   0   0   0   0   0  0.31 inf
  288 I   -2 -3 -4 -4 -2 -3 -4 -4 -4  4  2 -3  1  0 -3 -3 -1 -3 -2  2    0   0   0   0   0   0   0   0   0  82  18   0   0   0   0   0   0   0   0   0  0.46 inf
  289 K   -1  1 -1 -1 -3  0  0 -2 -1 -2 -1  4 -1 -2  3  0  1  3 -2 -2    0   0   0   0   0   0   0   0   0   0   7  59   0   0  16   0  11   6   0   0  0.39 inf
  290 N   -2 -1  6  1 -3  0  0 -1  5 -4 -4 -1 -2 -3 -2  0 -1 -4 -1 -3    0   0  70   0   0   0   0   0  30   0   0   0   0   0   0   0   0   0   0   0  0.73 inf
  291 G    1 -2 -1 -2 -2 -2 -2  6 -2 -3 -3 -2 -3 -3 -2  0 -1 -3 -3 -3   18   0   0   0   0   0   0  82   0   0   0   0   0   0   0   0   0   0   0   0  0.88 inf
  292 P   -1 -3 -2 -2 -3 -2 -1 -3 -3 -3 -3 -1 -3 -4  8 -1 -1 -4 -3 -3    0   0   0   0   0   0   0   0   0   0   0   0   0   0 100   0   0   0   0   0  2.18 inf
  293 K   -1  2  0 -1 -3  1  1 -2 -1 -3 -3  5 -2 -4 -1  0 -1 -3 -2 -3    0   0   0   0   0   0   0   0   0   0   0 100   0   0   0   0   0   0   0   0  0.67 inf
  294 S    2 -1  0 -1 -1  0 -1 -1 -1 -2 -2 -1 -1 -3 -1  4  2 -3 -2 -1   16   0   0   0   0   0   0   0   0   0   0   0   0   0   0  65  18   0   0   0  0.41 inf
  295 H   -2 -1  0  2 -4  0  0 -2  8 -4 -3 -1 -2 -2 -2 -1 -2 -3  1 -4    0   0   0  18   0   0   0   0  82   0   0   0   0   0   0   0   0   0   0   0  0.92 inf
  296 I   -2 -3 -4 -4 -2 -3 -3 -4 -3  3  3 -3  1  3 -3 -3 -1 -1  0  1    0   0   0   0   0   0   0   0   0  29  53   0   0  18   0   0   0   0   0   0  0.38 inf
  297 G    0 -3 -1 -2 -3 -2 -2  6 -2 -4 -4 -2 -3 -4 -2 -1 -2 -3 -3 -4    0   0   0   0   0   0   0 100   0   0   0   0   0   0   0   0   0   0   0   0  1.17 inf
  298 R   -2  6 -1 -2 -3  0 -1 -3 -1  1 -1  2 -1 -2 -3 -1 -1 -3 -2 -1    0  82   0   0   0   0   0   0   0  18   0   0   0   0   0   0   0   0   0   0  0.60 inf
  299 H   -2 -1  0 -2 -3  0 -1 -3  8 -3 -3 -1 -2  0 -3 -1 -2 -1  4 -3    0   0   0   0   0   0   0   0  82   0   0   0   0   0   0   0   0   0  18   0  0.97 inf
  300 L   -2 -2 -4 -4 -1 -2 -3 -4 -3  2  4 -3  2  0 -3 -3 -1 -2 -1  1    0   0   0   0   0   0   0   0   0   0  91   0   0   0   0   0   0   0   0   9  0.50 inf
  301 M   -2 -2 -3 -4 -2 -1 -3 -3 -2  0  1 -2  8 -1 -3 -2  1 -2 -2  0    0   0   0   0   0   0   0   0   0   0   0   0  90   0   0   0  10   0   0   0  0.81 inf
  302 T    2 -2  1 -1 -1 -1 -1 -1 -2  0 -1 -1 -1 -2 -2  2  3 -3 -2  0   26   0   8   0   0   0   0   0   0  13   0   0   0   0   0  16  36   0   0   0  0.26 inf
  303 S    0 -1  2 -1 -2 -1 -1 -1 -1 -3 -3 -1 -2 -3 -1  4  3 -3 -2 -2    0   0  13   0   0   0   0   0   0   0   0   0   0   0   0  68  19   0   0   0  0.51 inf
  304 F   -3 -3 -3 -4 -3 -3 -3 -4  0 -1 -1 -3 -1  5 -4 -3 -2  1  7 -2    0   0   0   0   0   0   0   0   0   0   0   0   0  41   0   0   0   0  59   0  1.03 inf
  305 L   -2 -3 -4 -4 -2 -3 -3 -4 -3  1  5 -3  2  0 -3 -3 -2 -2 -2  0    0   0   0   0   0   0   0   0   0   0 100   0   0   0   0   0   0   0   0   0  0.69 inf
  306 S    1 -1  2 -1 -2 -1 -1  1  2 -3 -3 -1 -2 -3 -2  4  0 -3 -2 -2   10   0  13   0   0   0   0   9   8   0   0   0   0   0   0  61   0   0   0   0  0.41 inf
  307 M   -1  2  2 -1 -3  0 -1 -2  3 -2 -1  1  2 -1 -2 -1  1 -2  2 -2    0  13  17   0   0   0   0   0  10   0   0  15  16   0   0   0  15   0  14   0  0.22 inf
  308 K   -1  0  3 -1 -2  0 -1 -2  3  0 -2  1 -1 -3 -2  1  2 -3 -1 -1    0   0  24   0   0   0   0   0  15   8   0  16   0   0   0  13  24   0   0   0  0.28 inf
  309 G   -1 -1  3  0 -3  0  2  3  3 -4 -4 -1 -3 -3 -2  1 -1 -3 -2 -3    0   0  25   0   0   0  25  25  14   0   0   0   0   0   0  11   0   0   0   0  0.44 inf
  310 L   -2 -1 -2 -3 -2 -1 -2 -3  3  1  4  0  2  0 -3 -2 -2 -2 -1  0    0   0   0   0   0   0   0   0  15   0  65  12   8   0   0   0   0   0   0   0  0.34 inf
  311 T   -1 -1  0  2 -3  1  0  3 -2 -3 -3  1 -2 -3 -2  0  2 -3 -3 -2    0   0   0  15   0  13   0  37   0   0   0   9   0   0   0   0  26   0   0   0  0.39 inf
  312 E   -1  0  2  1 -3  2  4 -2 -1 -3 -3  2 -2 -3 -2  1 -1 -3 -2 -3    0   0  13   0   0   8  44   0   0   0   0  20   0   0   0  16   0   0   0   0  0.47 inf
  313 L   -2 -2 -2 -1 -3 -1  2 -3 -1 -1  2 -2  0  0 -3 -2 -2  7  2 -1    0   0   0   0   0   0  30   0   0   0  37   0   0   0   0   0   0  22  12   0  0.52 inf
  314 T    2 -2 -2 -2 -1 -2 -2  1 -3  1 -1 -2 -1 -2 -2  0  2 -3 -2  2   24   0   0   0   0   0   0  13   0   0   0   0   0   0   0   0  26   0   0  37  0.23 inf
  315 N   -1 -1  4  0 -2  0 -1 -1  3 -3 -3 -1 -2 -3 -2  2  3 -3 -1 -2    0   0  33   0   0   0   0   0  13   0   0   0   0   0   0  27  28   0   0   0  0.44 inf
  316 V   -1  1 -2 -2 -2 -1 -2 -2 -2  0  1 -1  0 -2  4  1  0 -3 -2  2    0  13   0   0   0   0   0   0   0   0  17   0   0   0  26  19   0   0   0  26  0.33 inf
  317 V   -2 -3 -3 -4 -2 -3 -3 -4 -1  1  2 -3  1  3 -3 -2 -1  0  4  2    0   0   0   0   0   0   0   0   0   0  31   0   0  18   0   0   0   0  24  26  0.39 inf
  318 G    0 -3 -1 -2 -3 -2 -3  6 -3 -4 -4 -2 -3 -4 -3 -1 -2 -3 -4 -4    0   0   0   0   0   0   0 100   0   0   0   0   0   0   0   0   0   0   0   0  1.34 inf
  319 N   -2 -1  7  1 -3 -1 -1 -1  0 -4 -4 -1 -3 -4 -3  0 -1 -5 -3 -4    0   0 100   0   0   0   0   0   0   0   0   0   0   0   0   0   0   0   0   0  1.18 inf
  320 F   -4 -4 -5 -5 -3 -3 -4 -4 -3 -3 -2 -4 -2  1 -5 -4 -3 12  1 -4    0   0   0   0   0   0   0   0   0   0   0   0   0   5   0   0   0  95   0   0  2.91 inf
  321 S    1 -1  0 -1 -1 -1 -1 -1 -2 -2 -3 -1 -2 -3 -1  4  3 -3 -2 -1   12   0   0   0   0   0   0   0   0   0   0   0   0   0   0  65  23   0   0   0  0.50 inf
  322 D    1 -2  2  5 -2 -1  0 -1 -1 -2 -3 -1 -2 -3 -2  1 -1 -4 -3  0   23   0  13  48   0   0   0   0   0   0   0   0   0   0   0   7   0   0   0   9  0.44 inf
  323 K    0  2  0  1 -3  0  1  1 -1 -3 -2  2 -2  1 -2  0 -1 -2 -1 -2    8  12   0  11   0   0   9  15   0   0   0  26   0  13   0   7   0   0   0   0  0.19 inf
  324 Q   -1  3 -1 -1 -3  4  2 -2 -1 -2  0  2 -1 -3 -2  0  1 -3 -2 -2    0  19   0   0   0  30  12   0   0   0  11  15   0   0   0   0  13   0   0   0  0.34 inf
  325 I   -1 -2 -1  1 -2  1  1  0 -2  3  0 -1  0 -2 -2 -1  1 -3 -2  1    4   0   0   8   0  10  10   8   0  46   0   0   0   0   0   0  14   0   0   0  0.12 inf
  326 T    0 -1  0 -1 -2  2  2 -2 -1 -2 -2  0 -1 -3 -2  2  4 -3 -2 -1    0   0   0   0   0  12  20   0   0   0   0   0   0   0   0  14  53   0   0   0  0.43 inf
  327 A    2 -2 -1 -1 -1 -1  0  2 -2 -1  0 -1 -1 -2 -2  2  0 -3 -2  0   27   0   0   0   0   0   8  20   0   0  14   0   0   0   0  23   0   0   0   8  0.18 inf
  328 I   -1 -3 -3 -3 -1 -3 -3 -4 -3  4  1 -3  0 -1 -3 -2  1 -3 -2  3    0   0   0   0   0   0   0   0   0  50   0   0   0   0   0   0  14   0   0  36  0.41 inf
  329 P   -1 -3 -2  1 -4 -2 -1 -3 -3 -3 -4 -1 -3 -4  8 -1 -2 -4 -4 -3    0   0   0  13   0   0   0   0   0   0   0   0   0   0  87   0   0   0   0   0  1.89 inf
  330 D   -1 -2  0  5  4 -1  0 -2 -2 -3 -3 -1 -3 -3 -2  2  0 -4 -3 -3    0   0   0  59  15   0   0   0   0   0   0   0   0   0   0  27   0   0   0   0  0.63 inf
  331 H   -2  2  0  1 -4  0  1 -3  7 -3 -3 -1 -2  0 -3 -1 -2 -1  4 -3    0  13   0   8   0   0   8   0  53   0   0   0   0   0   0   0   0   0  19   0  0.65 inf
  332 Y   -1 -2 -2 -3 -2 -2 -2 -3 -1  1  3 -2  1  1 -3  0 -1  0  4  1    0   0   0   0   0   0   0   0   0   0  46   0   0   0   0  15   0   0  26  13  0.27 inf
  333 F   -2 -3 -4 -4 -3 -4 -4 -4 -2  0  0 -4  0  7 -4 -3 -2  0  2  1    0   0   0   0   0   0   0   0   0   0   0   0   0  85   0   0   0   0   0  15  0.85 inf
  334 A    5 -2 -2 -2 -1 -1 -1  2 -2 -2 -2 -1 -2 -3 -1  1 -1 -3 -2 -1   88   0   0   0   0   0   0  12   0   0   0   0   0   0   0   0   0   0   0   0  0.54 inf
  335 L   -2 -3 -4 -4 -2 -3 -4 -4 -2  2  2 -3  1  6 -4 -3 -2  0  2  0    0   0   0   0   0   0   0   0   0  15  26   0   0  59   0   0   0   0   0   0  0.57 inf
  336 V   -1 -3 -4 -4 -1 -3 -3 -4 -3  3  3 -3  1  0 -3 -3 -1 -2 -1  3    0   0   0   0   0   0   0   0   0  27  46   0   0   0   0   0   0   0   0  26  0.41 inf
  337 S    1 -1  0 -1 -1 -1 -1 -1 -1 -3 -3 -1 -2 -3 -1  5  1 -3 -2 -2    0   0   0   0   0   0   0   0   0   0   0   0   0   0   0 100   0   0   0   0  0.68 inf
  338 R   -1  3  0  1 -3  2  0  4 -1 -4 -3  0 -2 -3 -2 -1 -2 -3 -3 -3    0  26   0  12   0  15   0  46   0   0   0   0   0   0   0   0   0   0   0   0  0.51 inf
  339 Y   -2 -3 -3 -4 -3 -2 -3 -4  1 -1 -1 -3 -1  5 -4 -2 -2  1  7 -2    0   0   0   0   0   0   0   0   0   0   0   0   0  35   0   0   0   0  65   0  0.99 inf
  340 Y   -2 -2 -2 -3 -3 -2 -2 -3  1 -2 -1 -2 -1  2 -3 -2 -2  2  8 -2    1   1   0   1   0   0   1   1   0   1   1   1   0   0   1   1   1   0  90   1  1.06 inf
  341 A    1  2 -1 -1 -2  3  0 -1 -1  0 -1  2 -1 -2 -1  0 -1 -2 -2 -1   24  11   1   1   0  24   1   1   0  10   1  23   0   0   1   1   1   0   0   1  0.22 inf
  342 Y   -1 -1 -2 -1 -2  1  1 -3  0  1  0  1  0  1 -2 -1 -1  0  4  0    1   0   0   0   0   9  13   1   0  15  11  10   0   0   0   1   1   0  35   1  0.22 inf
  343 D    1 -1  2  3 -2  0  2 -1 -1 -3 -3  0 -2 -3 -1  2  1 -3 -2 -2   13   0  11  23   0   0  19   0   0   0   0   0   0   0   0  24   9   0   0   0  0.36 inf
  344 P   -1 -1  1 -1 -2 -1 -1 -2 -2  0 -2  1 -2 -3  6  0 -1 -3 -2 -1    1   1  10   1   0   0   1   1   0  12   1  15   0   0  46  10   1   0   0   1  0.70 inf
  345 I   -1 -1 -1 -2 -1 -1 -1 -2 -1  2  1  0  0  0 -1 -1  1 -1  2  1    2   1   1   2   1   1   2   2   1  25  15  11   1   1   2   2  13   0  15   2  0.07 inf
  346 S    1 -1  0  1 -2  1  0  1 -1 -3 -3 -1 -2 -3 -1  3  2 -3 -2 -2   11   0   0  10   0  10   0  13   0   0   0   0   0   0   0  42  14   0   0   0  0.31 inf
  347 K    0  0  0 -1 -3  0  1  4 -1 -3 -3  3 -2 -3 -2  1 -1 -3 -3 -3    0   0   0   0   0   0  11  38   0   0   0  38   0   0   0  13   0   0   0   0  0.45 inf
  348 E   -2  3  0  3 -4  1  4 -2 -1 -4 -3  2 -2 -4 -2 -1 -1 -3 -3 -3    0  26   0  18   0   0  46   0   0   0   0  10   0   0   0   0   0   0   0   0  0.58 inf
  349 M    0 -2 -3 -3 -2 -2 -3 -3 -1  1  1 -2  5  3 -3 -2 -1  0  4  0   11   0   0   0   0   0   0   0   0  13   0   0  38  18   0   0   0   0  20   0  0.35 inf
  350 I   -1 -2 -3 -2  3 -1  1 -3 -2  2  0 -2  0  0 -3 -2 -1 -2  2  3    0   0   0   0  11   0  18   0   0  23   0   0   0   0   0   0   0   0  13  34  0.22 inf
  351 A    1  1 -2 -2 -2 -1  0 -2 -2  0  2 -1  0 -1 -2 -1 -1 -3 -2  1   23  14   0   0   0   0  11   0   0   0  38   0   0   0   0   0   0   0   0  13  0.14 inf
  352 L    0 -2  1 -2 -1 -2 -2 -3 -2  2  2 -2  1 -1 -3 -1 -1 -3 -2  2   12   0  12   0   0   0   0   0   0  12  35   0   3   0   0   0   0   0   0  27  0.20 inf
  353 K   -2  0  0  4 -3  0  2 -2  3 -2 -3  3 -2 -3 -2 -1 -1 -4 -2 -1    0   0   0  35   0   0  12   0  15   0   0  29   0   0   0   0   0   0   0   9  0.41 inf
  354 D   -1 -1  0  4 -2  1  0 -2 -1 -2 -3 -1 -2 -3 -2  1  3 -3 -3 -2    0   0   0  38   0  12   0   0   0   0   0   0   0   0   0  12  39   0   0   0  0.48 inf
  355 E   -1 -1  1 -1 -2  2  2 -2 -1 -1  1  0  0 -2  2  1  0 -3 -2 -1    0   0   9   0   0  12  19   0   0   0  27   0   0   0  10  24   0   0   0   0  0.20 inf
  356 T   -1  1 -1 -1 -2  0  1 -2 -1 -2 -2  1 -2 -1  3  1  2 -2  2 -2    0  12   0   0   0   0  12   0   0   0   0  12   0   0  15  19  19   0  12   0  0.30 inf
  357 N   -2 -1  5  3 -4  2  2 -1  0 -4 -4  0 -3 -4 -2  0 -1 -4 -3 -3    0   0  50  23   0  12  15   0   0   0   0   0   0   0   0   0   0   0   0   0  0.65 inf
  358 P   -1 -2 -2 -1 -4 -1  1 -3 -2 -4 -4  1 -3 -4  7 -1 -2 -4 -3 -3    0   0   0   0   0   0  15   0   0   0   0  10   0   0  74   0   0   0   0   0  1.56 inf
  359 I   -1 -1 -2 -2  3 -1 -2 -3 -3  1  0  0  0 -2  4 -1  2 -3 -2  0    0   0   0   0   9   0   0   0   0  19  12  12   0   0  26   0  24   0   0   0  0.36 inf
  360 E   -1  0  0  2 -2  0  3 -2 -1 -1  0  1 -1 -2 -1  0  1 -2 -2 -1    2   1   1  13   0   1  29   2   1   1  13  13   1   1   1   2  17   0   1   2  0.19 inf
  361 E    0 -1  0  0 -2  1  2 -1  0 -1  0  0 -1 -1 -1  2  0 -1  2 -1    2   1   1   1   0  10  20   2   1   1  14   1   1   1   1  27   1   0  13   2  0.14 inf
  362 W   -1  1 -1  2 -2 -1 -1 -2 -1 -1 -1 -1 -1  2 -2 -1 -1  6  0  0    2  12   1  22   0   1   1   2   1   1   2   1   1  16   1   2   1  19   1  13  0.31 inf
  363 Q   -1  2 -1 -1 -3  3  2 -2 -1 -2 -1  2  2 -3 -2  0  2 -3 -2 -2    0  12   0   0   0  19  12   0   0   0   0  22  12   0   0   0  23   0   0   0  0.30 inf
  364 H    0 -1  1 -1 -3  0  1 -2  5 -2 -2 -1 -2  2 -2  0  1 -1  3 -2   12   0  10   0   0   0  12   0  31   0   0   0   0  11   0   0  12   0  12   0  0.32 inf
  365 I   -1 -2 -1  1 -2 -2 -2 -3 -3  3  2 -2  0 -1 -2  1  0 -3 -2  1    0   0   0  12   0   0   0   0   0  41  23   0   0   0   0  24   0   0   0   0  0.19 inf
  366 E    0  1  1  2 -3  0  2 -2 -1 -2 -1  0 -1 -3  4  0 -1 -3 -2 -2   12  12  11  12   0   0  19   0   0   0  12   0   0   0  22   0   0   0   0   0  0.34 inf
  367 Q   -1  0  3  0 -3  3  2 -2  0  0 -1  0  2 -2 -2  1 -1 -3 -2 -1    0   0  23   0   0  31  12   0   0  12   0   0  10   0   0  12   0   0   0   0  0.28 inf
  368 L   -1 -2 -2 -2 -2 -1  0 -3 -2  1  3 -2  1  0 -2 -1  1 -2 -1  0    1   1   1   1   0   1  12   1   0  11  56   1   0   0   1   1  12   0   0   1  0.21 inf
  369 K    0  0  0  0 -2  2  3 -1 -1 -2 -2  2 -1 -3 -1  2  1 -2 -2 -2    1   1   1   1   0  13  24   1   0   1   1  20   0   0   1  22  12   0   0   1  0.30 inf
  370 G    0 -1  2  1  3 -1 -1  3 -1 -2 -2 -1 -2 -2 -1  0  1 -2 -2 -2    2   1  13  11  12   1   2  33   1   1   2   1   1   1   1   2  12   0   1   2  0.27 inf
  371 S    0 -1  0  0 -2  3  2 -1 -1  0 -2  0 -1 -2 -1  3  0 -2 -2 -1    1   1   1   1   0  24  12   1   0  11   1   1   0   0   1  44   1   0   0   1  0.27 inf
  372 A    2 -1 -1 -1 -1  0  2 -1 -1 -1  0  1 -1 -2 -1  0  1 -2 -2 -1   32   1   1   1   0   1  22   1   0   1  13  12   0   0   1   1  12   0   0   1  0.16 inf
  373 E   -1 -1  0  2 -2  0  3 -2  3 -1  0  0 -1 -2 -1  0  2 -2 -1 -1    1   1   1  12   0   1  32   1  12   1  13   1   0   0   1   1  23   0   0   1  0.24 inf
  374 G   -1 -2 -2 -2 -2 -2 -2  2 -2  2  1 -2  0  0  2 -1 -1 -1  2  1    1   1   1   1   0   1   1  20   0  35  11   1   0   0  12   1   1   0  12   1  0.18 inf
  375 S    0 -1  2  0  4  0  1 -1 -1 -2 -2 -1  1 -2 -1  3  0 -2 -2 -1    1   1  13   1  12   1  13   1   0   1   1   1  10   0   1  43   1   0   0   1  0.25 inf
  376 I    0  3 -2 -2 -2 -1 -1 -3 -2  1  1  1  0 -1 -2 -1  1 -3 -2  0   10  24   0   0   0   0   0   0   0  19  24  11   0   0   0   0  12   0   0   0  0.15 inf
  377 R   -1  4 -1 -2 -3  2  0 -2  3 -3 -3  1 -2 -3  2  1  1 -3 -1 -2    0  41   0   0   0  12   0   0  12   0   0   0   0   0  12  11  12   0   0   0  0.44 inf
  378 Y   -3 -3 -3 -4 -3 -2 -3 -4  1 -2 -2 -3 -2  4 -4 -3 -2  1  8 -2    0   0   0   0   0   0   0   0   0   0   0   0   0  12   0   0   0   0  88   0  1.30 inf
  379 P   -1 -2 -1 -1 -3 -1  1  5 -2 -4 -4 -2 -3 -4  3 -1 -2 -3 -3 -3    0   0   0   0   0   0  12  69   0   0   0   0   0   0  19   0   0   0   0   0  0.90 inf
  380 A    1  0 -1 -1 -2  2  0 -1  3 -2 -2  2 -2 -3  2  1  1 -3 -1 -2   19   0   0   0   0  12   0   0  12   0   0  22   0   0  12  12  11   0   0   0  0.29 inf
  381 W   -3 -3  3 -3 -3 -2 -3 -3 -2 -4 -3 -3 -2  0 -4 -3 -3 11  1 -4    0   0  22   0   0   0   0   0   0   0   0   0   0   0   0   0   0  78   0   0  2.23 inf
  382 N    2 -1  3 -1 -2  1  0 -1  3 -2 -2 -1 -2 -3 -2  1  1 -3 -1 -2   34   0  19   0   0  12   0   0  12   0   0   0   0   0   0  12  11   0   0   0  0.28 inf
  383 G   -1  2 -1 -1 -3  2  2  3 -1 -4 -3  2 -2 -4 -2 -1 -1 -3 -3 -3    0  12   0   0   0  11  22  31   0   0   0  24   0   0   0   0   0   0   0   0  0.43 inf
  384 I   -1 -3 -4 -4 -2 -3 -3 -4 -4  4  2 -3  1  0 -3 -3 -1 -3 -2  3    0   0   0   0   0   0   0   0   0  54  24   0   0   0   0   0   0   0   0  23  0.47 inf
  385 I   -1 -3 -4 -4 -2 -3 -4 -4 -4  5  1 -3  1 -1 -3 -3 -1 -3 -2  4    0   0   0   0   0   0   0   0   0  65   0   0   0   0   0   0   0   0   0  35  0.57 inf
  386 S    0 -1  2 -1 -2 -1 -1  1 -1 -3 -3  1 -2 -3  5  2  0 -4 -3 -3    0   0  12   0   0   0   0  11   0   0   0  12   0   0  34  31   0   0   0   0  0.63 inf
  387 Q    0  0  0  1 -3  3  1 -2  3 -2 -2  2  1 -3 -2  0 -1 -3 -1 -2   12   0   0  12   0  30   0   0  12   0   0  24  10   0   0   0   0   0   0   0  0.31 inf
  388 E   -2 -1  0  5 -4  0  4 -2 -1 -4 -4  0 -3 -4 -2 -1 -2 -4 -3 -3    0   0   0  57   0   0  43   0   0   0   0   0   0   0   0   0   0   0   0   0  0.91 inf
  389 V    1 -3 -3 -4 -1 -3 -3 -3 -4  2  0 -3  0 -2 -3 -2 -1 -3 -2  5   12   0   0   0   0   0   0   0   0   0   0   0   0   0   0   0   0   0   0  88  0.53 inf
  390 L   -2 -3 -4 -4 -2 -3 -4 -4 -3  1  5 -3  2  0 -4 -3 -2 -2 -2  0    0   0   0   0   0   0   0   0   0   0 100   0   0   0   0   0   0   0   0   0  0.72 inf
  391 D    1 -1  0  2 -2  1  1  1 -1 -1  0 -1 -1 -2 -2  1 -1 -3 -2  0   12   0   0  21   0  12  10  11   0   0  12   0   0   0   0  12   0   0   0   9  0.15 inf
  392 Y   -3 -3 -3 -4 -3 -3 -3 -4  0 -1 -1 -3 -1  6 -4 -3 -3  1  6 -2    0   0   0   0   0   0   0   0   0   0   0   0   0  56   0   0   0   0  44   0  1.03 inf
  393 L   -1 -3 -4 -4 -1 -3 -3 -4 -3  2  3 -3  1  0 -3 -3 -1 -3 -2  3    0   0   0   0   0   0   0   0   0  12  55   0   0   0   0   0   0   0   0  33  0.45 inf
  394 S    1 -2 -1 -2 -2 -1 -1 -2  4 -2  0 -1 -1  0 -2  2 -1  5  3 -2   12   0   0   0   0   0   0   0  22   0  12   0   0   0   0  30   0  12  12   0  0.34 inf
  395 S    0 -1  0  0 -2  0  2 -1 -1 -3 -3 -1 -2 -2 -2  3  2 -2  2 -2    0   0   0   0   0   0  24   0   0   0   0   0   0   0   0  52  12   0  12   0  0.38 inf
  396 Y   -3 -3 -3 -4 -3 -2 -3 -4  1 -2 -2 -3 -2  2 -4 -3 -2  2  8 -2    0   0   0   0   0   0   0   0   0   0   0   0   0   0   0   0   0   0 100   0  1.48 inf
  397 I    2 -2 -1 -2 -1 -1 -1 -1 -2  2  0 -1  0 -1 -2  2  0 -3 -2  1   31   0   0   0   0   0   0   0   0  42   0   0   0   0   0  27   0   0   0   0  0.16 inf
  398 N   -1  0  4  0 -3  4  1 -1  0 -3 -3  1 -1 -3 -2  0 -1 -3 -2 -3    0   0  42   0   0  58   0   0   0   0   0   0   0   0   0   0   0   0   0   0  0.55 inf
  399 R   -1  5  0 -1 -4  3  1 -2  0 -3 -2  2 -1 -3 -2 -1 -1 -3 -2 -3    0  69   0   0   0  31   0   0   0   0   0   0   0   0   0   0   0   0   0   0  0.64 inf
  400 R   -1  5  0 -1 -4  1  0 -2  0 -3 -2  3 -2 -3 -2 -1 -1 -3 -2 -3    0  69   0   0   0   0   0   0   0   0   0  31   0   0   0   0   0   0   0   0  0.65 inf

                      K         Lambda
Standard Ungapped    0.1337     0.3190
Standard Gapped      0.0410     0.2670
PSI Ungapped         0.1337     0.3190
PSI Gapped           0.0410     0.2670
