
Last position-specific scoring matrix computed, weighted observed percentages rounded down, information per position, and relative weight of gapless real matches to pseudocounts
           A  R  N  D  C  Q  E  G  H  I  L  K  M  F  P  S  T  W  Y  V   A   R   N   D   C   Q   E   G   H   I   L   K   M   F   P   S   T   W   Y   V
    1 M   -3 -5 -5 -6 -3 -5 -5 -6 -5  6  2 -5  3 -2 -5 -4 -3 -5 -3  4    0   0   0   0   0   0   0   0   0  51  15   0   7   0   0   0   0   0   0  28  1.10 inf
    2 T   -3  0 -3 -4 -4 -4 -4 -5 -5 -4 -3 -2 -4 -6 -3  3  7 -6 -5 -4    1   5   0   0   0   0   0   0   0   0   2   1   0   0   1  18  73   0   0   0  1.58 inf
    3 L   -3 -5 -5 -6 -2 -5 -5 -6 -5  0  3 -5  4  5 -5 -4  0 -3 -2  3    2   0   0   0   1   0   0   0   0   2  24   0  10  30   0   0   5   0   0  26  0.92 inf
    4 H    1  2  1 -1 -3  0 -1  0  2 -4 -3  1 -3 -3  0  3  1 -4 -2 -3   14  11   7   3   0   3   1   6   6   0   1  11   0   1   4  24   7   0   1   0  0.31 inf
    5 S    2 -1  0  3 -3  1  2 -1  1 -2 -3 -1 -2 -4 -3  1  1 -4 -1 -2   19   2   3  15   0   8  16   4   4   2   1   2   1   0   0   9   9   0   3   3  0.29 inf
    6 W   -1 -6 -7 -7 -5 -5 -6 -6  2 -4  2 -6 -2  3 -7 -6 -5 11 -1  0    6   0   0   0   0   0   0   0   5   0  21   0   1  13   0   0   0  48   0   7  2.06 inf
    7 L    1 -4 -5 -5  3 -4 -5 -5 -5  3  4 -4  0 -1 -5 -2 -2  2 -2  1   13   0   0   0   7   0   0   0   0  19  41   0   1   2   0   2   2   3   1   8  0.64 inf
    8 D   -1 -2  0  6 -6  0  4 -3 -3 -5 -5  1 -2 -6 -4 -2 -2 -6 -5 -3    5   1   3  45   0   4  25   1   0   0   1   9   1   0   0   1   2   0   0   1  1.02 inf
    9 R   -3  6 -2 -1 -6  0  2 -5 -1 -3 -4  3 -4 -5 -4 -2 -1 -2 -4 -1    1  50   1   3   0   4  11   0   1   1   1  17   0   0   0   1   4   1   0   5  1.00 inf
   10 Y   -6 -6 -6 -7 -6 -5 -6 -7 -3 -5 -3 -6  0  4 -7 -6 -4  4  9 -4    0   0   0   0   0   0   0   0   0   0   1   0   3  18   0   0   1   6  69   1  2.40 inf
   11 E   -1  2 -2  0 -4  0  3 -3 -2  0  2  0  0  0 -2 -1 -2  2 -2 -1    5  12   1   6   0   4  23   1   0   5  21   4   3   4   1   2   1   3   1   3  0.22 inf
   12 K    1  2 -1  0 -4  1  3 -2 -1 -2 -2  3 -3 -3 -3  0 -1 -4 -3 -1   10  11   1   5   0   4  26   2   1   1   3  20   0   1   0   5   4   0   0   5  0.38 inf
   13 I   -2 -3 -4 -2 -3 -3  1 -4 -2  5  0 -1 -2 -3 -3  0 -2  1 -3  2    2   1   0   2   0   0  10   0   1  44   8   5   0   0   1  10   2   2   1  11  0.55 inf
   14 L   -1 -2 -3 -4 -2  3 -1 -3 -3  2  3 -1  2  0 -3 -2 -2 -3  0  1    6   1   0   0   1  20   3   1   0  14  29   2   6   3   1   2   1   0   3   8  0.37 inf
   15 A    0  0  0  2 -4  2  2 -2 -1 -2 -2  2 -1 -4  4 -1  0 -4 -3 -2    6   5   4  11   0  10  12   2   1   3   3  12   2   0  20   3   5   0   1   2  0.35 inf
   16 S    0  2 -1  2 -4  0  3 -2  0 -3 -3  0 -2  0  1  0  1 -2 -1 -3    7  13   2  13   0   2  21   2   2   1   1   5   0   4   7   5  10   0   3   1  0.27 inf
   17 R   -2  6 -2 -4 -2 -1  0 -1 -3 -4 -3  3 -2 -2 -2 -2 -2 -5 -4 -4    2  54   1   0   1   1   6   5   0   1   2  17   1   2   2   2   3   0   0   0  1.04 inf
   18 G   -1 -1  0  2 -2  0  3  2 -1 -3 -3  2 -3 -4  1 -1 -1 -4 -3 -3    5   3   3  14   1   4  25  14   1   1   3  13   0   0   6   2   4   0   0   1  0.37 inf
   19 I   -3 -2 -2 -4 -3 -4 -3 -4 -4  3  4 -2 -1 -1  0 -3 -3  1  1  0    1   2   2   0   0   0   2   1   0  17  52   3   0   2   5   2   1   2   5   5  0.64 inf
   20 K    4  1 -2 -2 -4 -1 -2 -2 -4 -5 -5  4 -4 -5 -4  3  0 -5 -4 -4   37   6   1   1   0   2   1   1   0   0   0  25   0   0   0  21   4   0   0   0  0.75 inf
   21 Q    1 -1 -3  0 -4  2  2 -3 -2 -2 -1  1 -3 -4  5 -1 -1 -5 -2 -1   12   2   0   4   0   9  16   1   0   1   6  10   0   0  26   4   2   0   1   5  0.49 inf
   22 K   -1  2  5 -1 -5 -2  1 -1 -1 -4 -4  3 -4 -5 -3  1 -1  0 -4 -5    4  11  35   2   0   0   7   3   1   0   1  18   0   0   1  12   3   1   0   0  0.71 inf
   23 T   -3 -3 -4 -1 -5 -5 -4 -5 -6 -4 -5 -5 -5 -6 -5  1  8 -7 -6 -4    1   1   0   4   0   0   1   0   0   1   0   0   0   0   0  10  83   0   0   0  1.98 inf
   24 L   -2  1 -3 -4 -4  3 -2 -4 -1  1  2  0  2  0 -4 -3 -2 -3  3  1    3   9   0   0   0  15   1   0   1   9  25   5   7   4   0   0   1   0  13   8  0.39 inf
   25 I   -1  3 -2  0 -5  1  0 -3  0 -2 -2  5 -3 -4 -4  0 -1 -5 -3 -3    5  14   1   4   0   6   4   1   2   3   4  44   0   0   0   7   2   0   1   1  0.67 inf
   26 N   -1 -2  2  3 -4  4  1 -2 -3 -1 -2 -1  1 -4 -4  0  0 -2 -4 -1    4   1  12  21   0  20   7   2   0   4   4   3   4   0   0   8   4   0   0   5  0.41 inf
   27 Y   -3  3  1 -3 -4 -2 -2 -5  3 -1 -3  3 -2 -1 -5 -4 -3  3  7 -4    1  16   6   1   0   1   1   0   6   3   2  19   1   1   0   0   1   4  35   1  0.95 inf
   28 M    1  2  0 -2 -3  1  1 -1  1 -1  0  2  0 -3 -3  0  0  0 -3 -1   12  15   4   1   0   6   7   4   4   2  12  17   3   0   0   4   4   2   0   3  0.18 inf
   29 S    1  1  2 -2 -3  0 -1 -1  0 -1 -1  2 -1 -1 -2  1 -1 -1  1 -1   10   7  10   1   0   4   2   4   2   5   5  19   1   3   1  13   2   1   7   3  0.14 inf
   30 K   -1  3 -3  0  2  3  1 -4  2 -3 -3  2  2 -3  2 -2 -3 -4  0 -3    3  18   0   6   4  17   6   0   6   1   2  14   6   0  10   2   0   0   4   1  0.44 inf
   31 I    0 -4 -4 -2 -1 -2 -3 -3 -1  4  4 -4  1 -1 -4 -1 -2 -4 -2  2    9   0   0   2   1   1   1   1   2  24  38   0   2   2   0   5   1   0   0  10  0.52 inf
   32 K    1  3  1 -1 -4 -1  2 -1 -3 -1 -1  4 -2 -4 -3 -1 -1 -5 -4 -2   10  16   9   2   0   1  12   5   0   3   7  28   1   0   0   3   2   0   0   2  0.37 inf
   33 A    1  3 -1 -2 -3  0 -1 -3 -1  0  0  0  0 -1  0 -1  1 -2  1  0   15  22   3   1   0   4   2   0   1   4  11   5   1   2   4   1  11   0   6   7  0.17 inf
   34 I   -1 -5 -5 -4  0 -5 -5 -4 -5  4  3 -5  1  2 -5 -4 -3 -4  1  3    4   0   0   1   2   0   0   1   0  29  30   0   3   8   0   0   0   0   4  17  0.72 inf
   35 R   -1  4  0 -1 -2 -1  0 -4 -2 -1  0  2  0  3 -4 -1 -1 -3  0 -1    3  26   4   3   1   2   5   0   1   4  10  14   2  15   0   3   2   0   3   3  0.30 inf
   36 R    1  0  0  0 -4  2  3  2 -1 -3 -3  2 -3 -4 -2  0 -1 -5 -4 -3   12   5   3   3   0  11  22  14   1   1   1  16   0   1   1   4   3   0   0   1  0.37 inf
   37 G    0  2  0  1 -4  0  1  0  2 -2 -2  2 -2  2 -3  0 -1 -3  1  0    8  11   3   7   0   3  11   6   6   1   2  12   0  11   0   6   1   0   4   7  0.14 inf
   38 L   -2 -2 -5 -6  1 -4 -5 -6 -2  0  2 -3  5  6 -6 -4 -3  3 -1 -1    2   2   0   0   3   1   0   0   1   5  21   2  14  39   0   0   0   4   0   4  0.98 inf
   39 P    0 -3 -1  0 -4 -2  0  5 -3 -3 -4 -2 -4 -5  3 -1 -3 -5 -3 -3    9   1   3   6   0   1   5  49   0   2   1   2   0   0  14   4   1   0   1   1  0.79 inf
   40 D    0 -2  2  3 -4 -1  1 -1  0 -1  1  0  0 -3  2  0 -1 -4 -3 -3    7   1  10  23   0   2   7   3   3   4  15   5   3   0  10   5   2   0   0   0  0.27 inf
   41 A    1  2 -1  2  2  0  0 -2 -1 -1 -2  2  1 -3  0 -1 -1 -4 -3 -2   12  13   2  14   4   4   4   2   1   4   3  19   5   0   4   3   3   0   0   2  0.21 inf
   42 P    0 -1  0  3 -5  2  2 -3 -2 -4 -2 -1 -4 -5  4  1 -1 -5 -4 -4    8   4   5  15   0   9  16   0   0   0   5   2   0   0  23  11   2   0   0   0  0.55 inf
   43 L   -3 -6 -6 -6 -4 -6 -6 -7 -6  6  2 -6 -2 -1 -6 -5 -4 -6 -4  4    2   0   0   0   0   0   0   0   0  55  17   0   0   1   0   0   0   0   0  25  1.38 inf
   44 T   -2  2 -1  2 -4 -1  1 -1 -3 -4 -1  2 -2 -4 -2  1  4 -5 -4 -3    1   9   2  12   0   1   9   5   0   0   6  15   1   0   1   8  30   0   0   0  0.43 inf
   45 T    0 -3 -3 -3 -4  1 -2 -4 -2 -2  0 -3 -1 -3  5 -1  4 -5 -4  1    7   1   0   1   0   6   1   1   1   1   9   0   1   1  29   4  27   0   0  11  0.68 inf
   46 K   -2  3 -3 -2 -5  0  2 -3  0  1 -1  4  1 -3 -3 -2 -2 -2 -4 -1    2  20   0   1   0   2  18   1   2  11   6  25   5   1   0   1   1   1   0   3  0.46 inf
   47 E   -4 -3  0  5 -6 -2  1 -5  8 -5 -6 -3 -3 -6 -5 -1  0 -2 -3 -4    0   1   3  37   0   1   8   0  37   0   0   0   1   0   0   4   5   1   0   1  1.44 inf
   48 I   -3 -6 -6 -6  1 -5 -6 -6 -6  6  0 -5  0  0 -4 -5 -2 -1 -4  4    2   0   0   0   3   0   0   0   0  49   6   0   1   3   1   0   2   1   0  33  1.22 inf
   49 A    5  4  2 -4 -4 -1 -3 -3 -2 -4 -3 -1 -3 -4 -4 -1 -2 -5  0  0   49  21   9   0   0   2   0   1   0   0   2   3   0   0   0   2   1   0   3   6  0.75 inf
   50 A    1  1 -1  2 -4  2  3 -1 -1 -2 -2  1 -2 -3 -2  0  0 -4 -3 -2   14   6   2  12   0  11  19   4   1   2   2  10   1   1   1   7   6   0   0   1  0.27 inf
   51 M   -3 -5 -5 -6 -4 -5 -5 -6 -2  3  1 -5  4  5 -6 -5 -4  2  6  1    1   0   0   0   0   0   0   0   1  16  12   0  10  21   0   0   0   2  27   8  1.02 inf
   52 L   -1 -1 -5 -5  0 -4 -4 -5 -5  3  4 -2  5 -2 -4 -4 -2 -4 -3  1    4   3   0   0   2   0   0   0   0  18  45   2  15   0   0   0   1   0   0   6  0.78 inf
   53 N   -1  0  3  6 -5  0  2 -3 -1 -5 -5  0 -3 -5 -4 -1 -1 -5 -4 -4    5   4  16  41   0   3  15   1   1   0   1   5   1   0   0   3   3   0   0   1  0.85 inf
   54 G    0  0 -1  0 -3  1  3  0  1 -2 -2  2 -2 -1 -1  0  1  2 -1 -2    9   4   1   4   0   6  19   6   3   2   2  16   0   3   2   7   8   3   1   3  0.20 inf
   55 Y   -4  3 -4 -5 -3 -2 -4 -5  0  1 -1 -2  2  1 -5 -4 -4  5  7  0    1  19   0   0   0   1   0   0   2   7   6   1   5   5   0   1   0   7  38   6  1.01 inf
   56 I    0  0 -2 -2 -1 -2 -1  1  3  1  1  1  0 -1 -3 -1  0 -3 -2  1    6   4   0   1   1   0   2  15  10  11  15  11   1   2   0   2   8   0   0  10  0.13 inf
   57 D    2 -2  0  3 -3  0  1 -2  0 -1 -1  1  0 -3 -1  0 -1  1 -3 -1   20   1   4  21   0   4   8   1   3   3   8   8   3   0   2   5   3   2   0   4  0.21 inf
   58 E    1  1  1  1 -1  2  3 -1 -1 -3 -3  2 -3 -4 -2  0  0 -4 -3 -3   12   8   6   8   1  11  18   4   1   1   2  14   0   0   1   6   4   0   0   1  0.30 inf
   59 G    0 -1  0  1 -3 -2 -2  4 -1 -4 -2 -1 -2  0 -1  2 -1 -4 -2 -3    9   3   3   7   0   1   1  39   2   0   5   4   1   4   2  15   2   0   1   1  0.46 inf
   60 K   -2  1 -2 -3 -5  1 -2 -2  3 -4 -4  5 -1 -2 -1  2  2 -5 -3 -4    1   7   1   0   0   6   1   2   8   0   1  41   2   2   2  13  12   0   0   0  0.66 inf
   61 A    2 -1  3 -2 -3 -1 -1 -2  0 -1 -2  0  0 -3  4  0  0 -4 -3  0   19   2  15   1   0   2   3   2   2   4   2   5   3   1  20   7   6   0   0   6  0.34 inf
   62 A    1  4  3 -2 -4  1 -2 -2  0 -4 -4 -1 -3 -5 -2  1  3 -5 -3 -1   10  25  15   1   0   7   0   2   2   0   1   1   0   0   2  10  18   0   0   6  0.48 inf
   63 S    0 -2 -1 -3 -3  2 -3 -3 -3 -1 -1 -3  7 -3 -3  2  2 -1 -3  1    6   2   2   1   0   8   0   1   0   2   3   0  32   0   1  16  13   1   0   9  0.63 inf
   64 A    6 -2 -3 -5 -1  0 -4 -2 -2 -4 -5 -4 -4 -3 -4  1 -3 -5  1 -3   71   2   1   0   1   4   0   2   1   0   0   0   0   1   0   9   1   0   5   1  1.16 inf
   65 K   -2  1  6 -2 -5  3 -3 -1 -3 -3 -4  2 -4 -5 -3 -1 -2 -5 -1 -2    3   6  46   0   0  16   0   4   0   2   2  11   0   0   1   3   2   0   3   4  0.88 inf
   66 L    0  5 -1 -4 -1  1 -2 -2  2  0  0  0 -1 -3 -4 -1 -2 -5 -3  1    9  34   3   0   1   7   1   2   6   5   8   5   1   0   0   2   2   0   0  13  0.40 inf
   67 I   -1 -2 -1 -3  1 -2  3 -4  2  2  0  0  3  0 -4 -2 -2  1  1  2    3   1   2   0   3   0  22   0   5  11   8   6  11   4   0   1   1   2   4  14  0.27 inf
   68 R   -4  7 -4 -5 -6 -2 -3 -6  0  1  0  3 -1 -5 -5 -4 -4 -6 -4  0    0  56   0   0   0   0   1   0   3  10  10  14   1   0   0   0   0   0   0   6  1.19 inf
   69 S    3 -2 -2 -3 -4 -2 -3  0 -4 -3 -3 -2  1 -3 -4  5  0 -5 -4 -3   24   2   1   1   0   2   0   7   0   1   2   2   3   1   0  50   3   0   0   1  0.81 inf
   70 T   -2 -1 -3 -4 -3 -4 -2 -4 -3  0  2 -4  0  4 -4 -1  1 -1 -1  3    2   4   1   0   0   0   2   0   1   2  24   0   2  19   0   5   9   1   1  26  0.45 inf
   71 L   -3 -5 -6 -7 -2 -5 -6 -6 -6  0  5 -5  5  1 -6 -4 -3  4 -3 -2    2   0   0   0   1   0   0   0   0   4  67   0  12   6   0   1   1   6   0   1  1.29 inf
   72 S   -2  1 -1 -3  0 -2 -2 -2 -4  3 -1  1 -1 -4 -4  4 -1 -5 -4  0    1   9   3   0   2   0   1   2   0  18   5  10   1   0   0  39   2   0   0   7  0.47 inf
   73 D   -1  2  0  6 -5  1 -1 -4  4 -4 -3  1 -1 -5 -4 -2 -2 -1 -4 -2    4  12   2  45   0   6   1   1   9   0   3   7   2   0   0   2   2   1   0   3  0.81 inf
   74 A   -1 -5 -6 -6  0 -5 -5 -6 -5  4  1 -5  4 -2 -5 -4 -2 -5 -2  5    5   0   0   0   2   0   0   0   0  28  13   0  10   1   0   0   1   0   1  39  0.96 inf
   75 F   -6 -7 -7 -8  1 -7 -7 -7 -5 -3 -2 -7 -1  9 -8 -6 -6  5  4 -5    0   0   0   0   3   0   0   0   0   1   2   0   1  75   0   0   0   7  11   0  2.38 inf
   76 R   -1  5  3  0 -5  0 -2 -1 -1 -5 -5  3 -1 -5 -4  1  0 -5 -4 -4    6  32  17   4   0   3   1   4   1   0   0  18   2   0   0   9   4   0   0   1  0.66 inf
   77 E   -3 -2 -3 -3 -3 -2  5 -4  2 -4 -4 -2 -2  2 -5 -3 -3  7  4 -1    1   2   1   0   1   0  37   1   5   0   0   2   1   8   0   1   1  17  16   4  1.06 inf
   78 A    7 -5 -5 -5 -4 -5 -5  2 -5 -5 -4 -5 -3 -6 -5 -2 -4 -6 -6 -4   85   0   0   0   0   0   0  12   0   0   1   0   0   0   0   2   0   0   0   0  1.77 inf
   79 I   -2  1 -4 -5 -3  3 -2 -5 -3  4  0 -2  2 -1 -5 -4 -3 -4  3  2    2   9   0   0   1  17   2   0   0  29   7   1   5   1   0   0   0   0  11  15  0.59 inf
   80 A    2  0 -2  1 -3  1  3 -3  4 -4 -4 -1 -2 -4 -3  0 -1 -5 -1  0   22   5   0   9   0   4  22   1  13   0   0   2   0   0   0   7   4   0   2   6  0.43 inf
   81 E    2  3 -1  1 -4  0  3 -4 -2 -4 -2  2 -2 -3 -4 -2 -2  5 -1 -3   18  17   2   6   0   3  18   0   0   0   3  14   1   1   0   2   1  10   1   1  0.49 inf
   82 G   -3 -6 -4 -5 -6  0 -3  7 -6 -7 -7 -5 -6 -7 -6  0 -5  0 -7 -7    0   0   0   0   0   5   1  85   0   0   0   0   0   0   0   7   0   1   0   0  2.06 inf
   83 H   -2 -1 -4 -2 -4 -3  2 -4  4  1  2 -2  0  0 -5 -4 -3  6  4 -1    2   4   0   2   0   0  13   1  12   9  23   2   2   2   0   0   1  12  13   3  0.56 inf
   84 I   -1 -3 -5 -6  3 -4 -5 -5 -5  4  0 -5  4 -3 -5 -4  1 -5 -2  5    5   1   0   0   7   0   0   0   0  22   4   0  10   0   0   0   9   0   1  41  0.88 inf
   85 T   -1 -2  0  3 -5  0  2 -4 -2 -4 -3  2 -2 -2  4 -1 -1 -5 -2 -2    4   0   3  20   0   4  16   0   1   0   2  15   1   2  20   4   4   0   1   2  0.53 inf
   86 T    0  1  0  2 -4 -1  0  0  1 -3 -2  0 -2 -3  3  1  1 -4 -3 -2    6   7   5  12   0   1   4   9   5   1   3   4   1   1  18  13   8   0   0   1  0.30 inf
   87 N   -6 -5  9 -1 -7 -4 -5 -4 -4 -8 -8 -4 -7 -8 -6 -3 -4 -8 -7 -7    0   0  96   2   0   0   0   0   0   0   0   0   0   0   0   1   0   0   0   0  2.92 inf
   88 H   -5 -7 -4 -6 -4 -6 -6 -7 -4 -4 -5 -5 -7 -8  9 -5 -5 -8 -7 -4    0   0   1   0   0   0   0   0   0   1   1   0   0   0  95   0   0   0   0   1  3.11 inf
   89 V    4 -5 -5 -6  8 -5 -5 -4 -6 -2 -4 -5 -4 -5 -1 -3 -1 -6 -5  3   40   0   0   0  28   0   0   0   0   1   0   0   0   0   3   0   3   0   0  25  1.34 inf
   90 A    1  1 -2 -1 -3  1  3 -2 -2  0  0  1 -1 -4 -3  0  2 -4 -3  0   14   7   0   3   0   6  22   1   0   5  10   8   1   0   0   5  14   0   0   5  0.23 inf
   91 A    3  0 -1 -3 -4 -2 -2  4 -1 -2 -2  0 -1 -4  2  0 -2 -5 -4  0   26   4   2   0   0   1   1  30   1   1   3   5   1   0   9   7   0   0   0   7  0.45 inf
   92 T   -2 -4 -4 -5 -4 -4 -4 -5 -5  2 -3  0 -3 -5 -5 -2  6 -6 -5  4    2   0   0   0   0   0   0   0   0  12   1   7   0   0   0   1  52   0   0  26  1.14 inf
   93 R   -2  6 -2 -2 -6 -2 -2 -3 -4 -1 -1  5  0 -5 -5 -2 -4 -6 -2 -4    2  40   1   2   0   0   2   2   0   5   5  35   3   0   0   3   0   0   1   0  1.00 inf
   94 A    1  2  1 -3 -4  2 -1  0 -3 -2 -3  3  1 -4  0  0  1 -5 -4 -2   13  12   6   0   0  12   1   5   0   1   1  23   5   0   5   5   8   0   0   2  0.35 inf
   95 A    0  1  0 -4 -5 -3 -3 -5  3 -3 -3  0 -4  4  6 -2 -3 -4  0 -3    7   8   4   0   0   0   1   0   9   1   1   7   0  19  36   2   0   0   2   2  0.91 inf
   96 K   -1  4  0 -1 -5  0  0 -3  0 -2 -3  4 -2 -3  0  0  1 -5 -3 -2    3  23   3   3   0   3   4   1   2   3   1  33   1   1   4   7   8   0   0   2  0.53 inf
   97 S    0 -1  0 -1 -2 -1  4 -4  0  0 -1 -1 -2 -2  0  0  0 -4 -2  1    7   3   5   2   1   1  32   0   2   6   6   3   0   1   5   5   5   0   1  14  0.26 inf
   98 E   -2  2 -1 -1 -5  0  1 -2 -2 -2 -3  5 -2 -3  0 -1  1 -5 -1 -1    1   9   1   3   0   3  11   3   1   2   1  39   1   1   4   2  10   0   2   6  0.48 inf
   99 V    0 -1 -2 -3 -4 -1 -2  1 -4  1 -3  3 -2 -4  0 -1 -1 -5 -3  4    5   3   1   1   0   2   2  10   0   8   0  20   0   0   5   3   2   0   1  37  0.42 inf
  100 R   -1  6 -1 -4 -5  2 -2 -3 -1 -5 -4  4 -2 -6 -4 -1  0 -5 -4 -3    6  39   2   0   0  10   1   1   1   0   1  26   1   0   0   3   7   0   0   2  0.92 inf
  101 R   -5  7 -3  4 -7 -2  0 -4 -1 -6 -6 -1 -5 -6 -5 -4 -1 -6 -5 -6    0  63   0  24   0   1   5   1   1   0   0   1   0   0   0   0   4   0   0   0  1.63 inf
  102 S    0  4 -1 -1 -4  4  2 -3 -1 -3 -4  1 -3 -3 -4  1 -1 -5 -2  0    6  28   2   2   0  18  13   0   1   1   0   5   0   1   0  10   3   0   1   8  0.51 inf
  103 R   -5  7 -5 -6 -7 -3 -4 -6 -3 -6 -4 -1 -5 -3 -4 -5 -5 -4  7 -6    0  62   0   0   0   0   0   0   0   0   1   1   0   0   1   0   0   0  35   0  2.07 inf
  104 L   -3 -5 -5 -6 -4 -5 -5 -6  2  4  5 -5  1 -1 -4 -5 -3 -5 -3  1    1   0   0   0   0   0   0   0   6  24  53   0   3   2   1   0   1   0   0   9  0.98 inf
  105 T   -2 -3  1 -1 -4 -1  1 -3 -4 -3 -3 -1 -2 -3 -3  3  6 -5 -2 -3    1   0   5   3   0   2   8   1   0   1   2   2   1   1   0  22  49   0   1   0  0.84 inf
  106 A   -2 -2 -2  5 -4 -3 -1 -5 -2  0  3 -2 -1  1 -2 -3 -2 -4  0 -1    3   2   1  32   0   0   2   0   1   4  38   2   1   5   2   0   1   0   3   4  0.58 inf
  107 D    1 -3  0  4 -5  0  5 -2 -1 -5 -5  1 -4 -5 -1 -1 -2 -6 -3 -4   12   0   3  23   0   2  40   2   1   0   0   7   0   0   3   4   2   0   1   1  0.79 inf
  108 E   -1 -3 -1  2 -5  3  5 -1 -1 -3 -3 -2  0 -5 -4 -2  0 -5 -4 -2    5   0   1  12   0  12  45   5   1   1   3   0   3   0   0   1   7   0   0   3  0.73 inf
  109 Y   -4 -6 -6 -7 -6 -6 -6 -7 -3 -3  0 -6 -4  6 -7 -6 -5  8  7 -3    1   0   0   0   0   0   0   0   0   1   9   0   0  32   0   0   0  20  37   1  1.96 inf
  110 L    0  1  2  0  0  3  0 -3  0 -1  0  2  1 -3 -1 -1 -1  1 -3 -2    7   8  10   3   2  17   4   1   1   3   9  17   4   0   2   3   4   2   0   2  0.21 inf
  111 K    5 -1 -3 -3 -2 -1 -1 -2 -4 -2 -1  2 -1 -4 -3  0  0 -5 -4 -1   55   3   1   1   1   3   2   1   0   2   5  13   1   0   1   3   5   0   0   3  0.65 inf
  112 I   -3 -5 -6 -6 -4 -5 -6 -6 -6  7  1 -5  0 -1 -5 -5 -1 -5 -4  3    1   0   0   0   0   0   0   0   0  67   9   0   1   2   0   0   3   0   0  15  1.35 inf
  113 Y   -4  4 -4 -5  0 -2 -4 -5  3 -2  1 -2 -1  2 -5 -4 -3  4  6 -1    0  22   0   0   2   1   0   0   8   2  14   1   1   8   0   0   0   5  32   3  0.83 inf
  114 Q    2 -1  2  2 -1  1  2 -1  0 -3 -3  0 -3 -3 -2  1 -1 -1 -1 -2   25   2   9  14   1   8  12   2   2   1   1   6   0   1   0   9   3   1   2   1  0.30 inf
  115 A    3 -1 -2 -3  2  0 -1 -2  1  1 -1  0 -1 -1 -3  0  0 -3 -1  1   36   2   1   0   5   4   4   2   5   9   3   5   1   3   0   6   3   0   2  11  0.22 inf
  116 A    6 -3 -3 -3  2 -2 -3 -1 -2 -1 -2 -3 -3 -4 -3 -1 -1 -5 -4 -1   73   1   1   1   4   1   0   2   1   3   3   0   0   0   0   3   4   0   0   3  0.98 inf
  117 E    0 -1  0  2 -2  0  3  0  0 -1 -2  0 -2 -3  1  1 -1 -3 -2 -2    6   2   4  15   1   2  25   6   2   3   4   4   0   1   7  13   2   0   1   3  0.26 inf
  118 S    0  0  0  1 -1  1  1 -1  2 -2 -2  1 -1 -2  1  0  0 -2 -1 -1    8   5   4   7   2   9   9   3   7   2   2  13   1   1   7   8   7   0   2   4  0.14 inf
  119 S    0  0  0  0  0  1  0 -1  1 -1  0  0  1 -1  0  1  0 -2 -1  0    4   6   3   4   3  11   4   5   4   2  11   4   4   2   5  12   8   0   1   7  0.04 inf
  120 P    0  0  0 -1 -2  1 -1 -1  2 -2 -2 -1 -2 -2  5  0  0 -2 -2 -2    6   4   5   2   1   7   3   4   7   2   3   3   1   2  35   8   5   0   1   2  0.56 inf
  121 C    0  0  0  1 -1  0  0 -1  1 -1 -1  0 -2 -2  4  0 -1 -3 -1 -1    8   5   3   9   2   4   5   3   4   4   6   3   0   1  26   6   3   0   2   5  0.31 inf
  122 W   -2 -3 -2 -4 -1 -2 -3 -4 -2 -1 -3 -3 -3  1 -1 -3 -3 10  5 -1    3   1   2   1   2   1   2   1   1   3   1   2   0   4   4   2   1  43  20   5  1.59 inf
  123 L   -1 -3 -3 -4 -2 -3 -4 -4 -3  2  3 -3  4  2 -4 -2 -1 -3 -1  2    4   0   1   0   0   0   0   0   0  10  40   0  14  11   0   1   1   0   1  17  0.51 inf
  124 R    0  4 -1 -2 -2  4  0 -1  0 -3 -2  3 -2 -2  0  0 -1 -4 -3 -2    7  27   1   0   1  22   3   5   2   1   2  17   0   1   4   5   1   0   0   2  0.41 inf
  125 L    0  0  3  0  2 -1 -1 -2  0  1  0 -1  0 -2 -1  0  1 -3 -2  1    8   6  19   7   7   0   2   0   3  13  10   1   2   0   2   2   8   0   0  11  0.10 inf
  126 A    5 -3 -3 -3  0 -2 -3  0 -3  1 -1 -2  0 -3 -3  1 -1 -4  0  0   64   0   0   0   2   0   0   5   0   9   4   0   2   0   0   8   1   0   3   4  0.56 inf
  127 M   -3 -3 -4 -5 -1 -3 -4 -5 -4  2  2 -3  9  0 -4 -3 -2  1 -1  0    0   0   0   0   1   0   0   0   0   9  10   0  70   2   0   0   1   2   2   1  1.27 inf
  128 E   -1  0  0  4 -4  0  3 -3 -2 -2  1 -1 -2 -3 -3 -1 -2 -4 -2 -3    4   6   2  34   0   1  29   0   0   0  19   2   0   0   0   1   0   0   1   0  0.49 inf
  129 L   -3 -4 -5 -5 -3 -3 -4 -5 -4  2  5 -4  3  0 -4 -4 -2 -3 -2  1    0   0   0   0   0   0   0   0   0  13  73   0   7   3   0   0   0   0   0   4  0.83 inf
  130 A    5 -3 -3 -3  3 -2 -2  0 -3 -3 -3 -1 -2 -2 -2  1 -1 -4 -3 -1   76   0   0   0   6   0   0   4   0   0   1   3   0   1   0   8   1   0   0   1  0.79 inf
  131 V   -3 -3 -4 -5 -3 -3 -4 -5 -2  1  4 -4  1  1 -4 -3 -3  1  5  0    0   0   0   0   0   0   0   0   0   6  53   0   3   3   0   0   0   1  31   4  0.76 inf
  132 V   -1 -2 -3 -3 -2  2 -1 -4 -1  2  3 -2  1  0 -3 -2  0 -3 -2  3    2   0   0   0   0  13   3   0   1   8  39   0   2   3   0   0   5   0   0  25  0.32 inf
  133 T    0 -3 -2 -3  6 -2 -3 -3 -3  0 -3 -3 -2 -4 -3  2  5 -4 -3 -1    5   0   0   0  21   0   0   0   0   6   0   0   0   0   0  12  56   0   0   0  0.86 inf
  134 G    1 -3 -2 -3  2 -3 -3  4 -3 -2  0 -2 -2 -3 -3  0  1 -3 -3 -1   13   0   0   0   6   0   0  46   0   0  14   0   0   0   0   4  15   0   0   2  0.51 inf
  135 Q    0 -1 -2 -3 -4  7 -1 -2  3 -4 -1 -1  0  0 -3 -1 -1 -4 -2 -3    9   0   0   0   0  63   0   2   8   0   5   0   3   5   0   2   2   0   0   0  0.92 inf
  136 R    1  6 -2  1 -4 -1 -2  1 -2 -5 -4  0 -3 -5 -4 -2 -3 -5 -4 -4   17  64   0   8   0   0   0  10   0   0   0   0   0   0   0   0   0   0   0   0  0.99 inf
  137 V   -2  5 -2 -3 -1  2 -1 -4 -2  0  0  0  0 -3  1 -2 -2 -4 -3  1    0  45   0   0   2   9   2   0   0   6   9   2   2   0   7   2   0   0   0  15  0.49 inf
  138 G    2 -1  0  0 -1 -1  0  3  0 -2 -1 -1 -2 -3 -2  2  0 -3 -3 -1   20   1   3   4   1   2   6  25   2   0   9   1   0   0   0  18   2   0   0   5  0.23 inf
  139 D   -3 -3  1  6 -5 -1  3 -3 -3 -5 -5 -2 -4 -5 -3 -2  1 -6 -4 -4    0   0   4  63   0   0  22   0   0   0   0   0   0   0   0   0  10   0   0   0  1.24 inf
  140 L    0 -4 -4 -4  2 -4 -4 -4 -4  4  1 -4  1 -2 -4 -3 -1 -4 -3  4    5   0   0   0   6   0   0   0   0  35  12   0   2   0   0   0   3   0   0  36  0.61 inf
  141 C    1  0 -3 -4  5 -2 -3 -2 -4  0  3 -3  0 -2 -4  1  0 -4 -3  2   12   5   0   0  13   1   0   2   0   3  29   0   1   1   0  16   3   0   0  14  0.35 inf
  142 E    1  3  2  0 -2  0  1  0  0 -4 -3  2 -3 -4 -3  1  0 -4 -3 -3   14  18  11   6   1   3   7   6   2   0   2  14   0   0   0  10   5   0   0   1  0.30 inf
  143 M   -2 -5 -6 -6  1 -5 -6 -6 -5  3  2 -5  8  1 -6 -3 -4  5 -4 -1    2   0   0   0   3   0   0   0   0  19  19   0  40   4   0   2   0   7   0   2  1.30 inf
  144 K   -2  4  0  0 -5  1 -1 -2  1 -4 -2  4  1 -5 -4 -1  1 -5 -4 -3    1  25   3   5   0   7   3   2   3   0   5  29   4   0   0   4   8   0   0   1  0.57 inf
  145 W   -4  1 -5 -3 -5 -2  1 -5 -3 -3 -1  1 -3  5 -2 -3 -3  8  4 -3    0   9   0   2   0   1   9   0   0   1   5   8   0  26   2   2   2  21  12   1  1.00 inf
  146 S    0  1  0  2 -2  0  1 -1  0 -3 -3  0  0  0 -1  3  0 -4 -2 -3    5   6   3  10   1   4   9   3   2   1   1   6   2   5   2  33   4   0   1   1  0.30 inf
  147 D   -2 -4  2  6 -6  3  0 -2  3 -6 -6 -2 -5 -6 -5 -2 -4  1 -5 -6    4   0   7  55   0  13   4   3   8   0   0   2   0   0   0   2   0   2   0   0  1.28 inf
  148 I   -2 -4 -2 -3 -4 -2 -2 -2 -5  5  1 -4  2 -1 -5 -2 -1 -5 -2  4    1   0   2   1   0   1   4   4   0  37   9   0   5   2   0   3   3   0   1  26  0.62 inf
  149 V   -1  2 -1 -1 -3  0  1 -2  1  1 -1  1  1  0 -3  0  0  3  1  0    1  14   2   3   0   2   8   2   5  11   5   8   4   3   0   9   7   5   5   6  0.12 inf
  150 D   -2 -4  1  6 -1 -2  3 -1  3 -5 -6 -1 -5 -2 -1 -2 -4 -5  0 -5    3   0   6  46   2   0  16   6   6   0   0   4   0   2   2   2   0   0   4   0  0.90 inf
  151 G   -2 -3  1  3 -3 -1  1  5 -4 -5 -5  0 -3 -4 -3 -1 -1 -6 -5 -4    1   1   6  16   1   2  11  47   0   1   1   6   1   1   1   3   3   0   0   1  0.83 inf
  152 Y   -1  2 -3 -3  1 -2 -2  3  4 -3 -3 -1  0  1 -4 -1  1  1  2 -2    3  13   0   1   3   1   2  24  13   1   1   4   3   6   0   3   9   2   9   3  0.38 inf
  153 L   -2 -5 -6 -7 -4 -5 -6 -7 -6  4  5 -5  0 -3 -6 -5 -2  1 -4  1    3   0   0   0   0   0   0   0   0  24  60   0   2   0   0   0   2   2   0   8  1.20 inf
  154 Y   -1  0 -2 -5 -5 -1 -2 -5  6 -4  0 -2  0  3 -5 -2 -2  6  5 -2    4   6   1   0   0   2   3   0  22   0   8   2   2  11   0   3   3  10  21   3  0.82 inf
  155 V   -4 -6 -6 -6 -4 -6 -6 -7 -6  6  0 -6 -2  2 -6 -5 -4 -5  1  5    0   0   0   0   0   0   0   0   0  41   7   0   0   9   0   0   0   0   4  38  1.27 inf
  156 E   -1  1 -2 -1  1  2  2 -3  3  0 -2  0 -2 -2 -1  0  2 -4 -3  1    2   7   0   3   3  12  16   1  10   6   2   6   0   1   3   6  13   0   0  11  0.24 inf
  157 Q   -5  3 -4 -3 -7  8 -1 -6 -2 -4 -5 -2 -4 -7  0 -4 -3 -6 -5 -3    0  16   0   1   0  70   2   0   1   1   1   1   0   0   5   0   1   0   0   2  1.87 inf
  158 S    0  1  1 -2 -5  5  2  2 -1 -2 -3  0 -3 -5 -2  1 -1 -5 -4 -3    6   6   7   0   0  27  12  19   1   3   1   3   0   0   1  11   2   0   0   1  0.49 inf
  159 K   -5  0 -4 -5 -7  0 -2 -6 -5 -7 -7  8 -5 -7 -5 -4 -5 -7 -6 -6    0   2   0   0   0   3   2   0   0   0   0  93   0   0   0   0   0   0   0   0  2.37 inf
  160 T   -4 -5  0 -5 -5 -4 -5 -1 -5 -3 -2 -4 -4 -6 -5 -1  7 -6 -5  1    0   0   5   0   0   0   0   5   0   1   4   0   0   0   0   2  76   0   0   8  1.64 inf
  161 G    0 -1 -2 -2 -5  2 -1  5  0 -5 -5  2 -2 -5 -4 -1 -4 -5 -5 -3    5   3   1   1   0  11   3  53   2   0   1  13   1   0   0   3   0   0   0   2  0.92 inf
  162 V    2 -1 -1 -2 -2 -1 -1 -1  1 -1 -2  2  2 -2 -2  0  2 -4 -3  1   20   1   2   1   1   2   3   4   5   3   0  18   7   2   1   5  14   0   0  12  0.22 inf
  163 K   -3  3 -2 -1 -3 -1  0 -3  0 -4 -3  6  1 -4 -4 -1 -2 -5 -2 -2    0  16   1   4   0   2   4   1   2   0   1  52   4   0   0   5   1   0   1   4  0.87 inf
  164 I   -2 -1 -2 -1 -3  1  1 -3  1  2  3 -1  0 -2 -3 -1 -2 -3  0  1    1   3   1   2   0   6  12   1   4  16  32   3   1   1   1   4   1   0   4   8  0.24 inf
  165 A    4  2 -2 -1 -1 -2 -1 -1  0  0 -1  0  0 -3 -2  0  0 -1 -1 -1   39  12   1   3   1   1   3   3   2   6   6   5   2   0   1   3   5   1   2   3  0.27 inf
  166 I   -1 -3 -1 -2 -3 -3 -1 -2 -3  4  0  0 -1  1 -3  2 -2 -3 -1  2    2   1   3   1   0   0   3   4   0  34   7   6   1   6   1  18   1   0   1  12  0.33 inf
  167 P    0  0 -1  1 -4 -1  1 -1  4 -3 -4  0 -3 -4  5  0 -1 -4 -2 -3    7   5   2   8   0   1   9   5  10   1   1   4   0   0  34   7   2   0   1   1  0.65 inf
  168 T    0 -3 -3 -4 -3 -3 -3 -3 -3  2  3 -2  3 -1 -3 -2  0  3 -2  2    9   1   1   1   0   1   1   1   0  10  36   2   8   1   1   2   6   5   0  15  0.43 inf
  169 A    2 -1  0  0 -2 -2  0  1  1 -2 -3 -1 -1 -3 -2  2  3 -1 -3 -1   18   3   4   6   0   1   5   9   4   1   1   3   1   1   1  19  19   1   0   4  0.25 inf
  170 L   -2 -1 -2 -1 -3 -2 -2  1  0  2  3 -3 -1 -1  1 -3 -2  3  1 -1    2   3   2   3   0   1   2  10   2  15  36   1   0   1   6   1   2   4   5   3  0.28 inf
  171 H   -1  3 -1  0 -3  2  1 -2  1 -1 -1  1 -1 -3 -2  0  1 -3 -2  0    2  18   1   6   0  11  11   2   4   4   6  10   1   1   1   5   9   0   1   7  0.19 inf
  172 I   -1  0 -1 -4  3 -3 -3 -3 -4  3  4 -1  1 -2 -4 -2 -2 -3 -3 -1    6   5   4   1   7   0   1   2   0  17  45   3   2   0   1   2   1   0   0   2  0.51 inf
  173 D    0  0  0  2 -3  1  2 -2 -2  1 -1  2 -1 -1  1 -1 -1 -3 -2 -1    7   5   4  11   0   6  12   3   0  11   5  16   1   3   8   3   2   0   1   1  0.15 inf
  174 A    3  0 -2 -2  0  0  1 -1 -3 -1 -1  0 -2 -3  3 -1  0 -4 -3  0   34   4   1   1   2   4   9   2   0   3   5   6   0   1  13   3   4   0   0   7  0.31 inf
  175 L    0 -3 -5 -5 -3 -4 -4 -5 -4  4  3 -3  3 -2 -3 -3 -2  6 -1  2    8   1   0   0   0   0   1   0   0  23  26   1   8   0   1   1   2  11   1  15  0.66 inf
  176 G   -1 -2  2  1 -4 -2 -3  4 -3  0 -1 -1 -3 -4 -2  0  2 -4 -4 -2    3   1   9   7   0   1   1  34   0   8   5   2   0   0   2   8  17   0   0   3  0.43 inf
  177 I    0 -2 -2  1 -3  0  0 -3 -1  1  1 -1  2 -3  4 -2 -1  1 -2 -1    9   2   1  11   0   3   6   1   2   8  19   4   7   0  19   2   2   2   1   2  0.28 inf
  178 S    1  4 -2  0 -3  1  2 -3 -2 -2 -2  0 -2 -3 -3  2  1 -5 -4 -2   10  25   1   4   0   4  13   0   0   2   3   4   0   1   1  18  11   0   0   3  0.39 inf
  179 M   -2 -5 -6 -6 -4 -5 -4 -6 -6  3  6 -5  0  0 -4 -4 -4 -5 -4  0    4   0   0   0   0   0   1   0   0  13  72   0   1   3   1   1   0   0   0   4  1.24 inf
  180 K    0  3 -1  0 -4  2  1  1  0 -4 -3  3 -2 -3 -2  0 -2 -5 -4 -3   10  21   2   5   0   9   8  12   2   0   1  20   1   1   1   5   1   0   0   1  0.40 inf
  181 E    1  1  0  4 -4  0  3 -2 -3 -3 -4  0 -4 -4 -3  0  1 -5 -4 -3   16   7   3  24   0   2  23   2   0   2   0   6   0   1   0   5   9   0   0   1  0.51 inf
  182 T    1  0 -3 -5 -3 -2 -4 -4 -2  3  1 -4 -2 -3 -4 -3  0 -5 -3  5   13   5   1   0   0   1   0   1   1  20  12   0   0   0   0   1   4   0   0  39  0.62 inf
  183 L   -3 -4 -5 -5 -4 -3 -3 -4 -5  6  2 -1 -1 -1  0 -4 -3 -4 -3  2    0   0   0   0   0   1   2   1   0  47  20   4   0   3   5   0   0   0   0  15  0.84 inf
  184 D    1  2  0  4 -4  0  2 -2 -3 -4 -4  1 -2 -5 -1  1 -1 -5 -4 -3   15  15   3  22   0   3  16   2   0   1   1   6   1   0   2   9   4   0   0   1  0.43 inf
  185 K   -1  5  0 -1 -3  2  1 -2 -1 -2 -1  3 -1 -4 -2 -1 -3 -4 -3 -3    3  31   3   3   0  11   8   3   1   3   7  17   2   0   1   4   0   0   0   1  0.49 inf
  186 C    2 -2 -5 -5  9 -4 -5 -5 -2 -1 -2 -1 -4 -4 -4  1 -2 -5 -2 -1   14   2   0   0  50   0   0   0   1   4   4   4   0   1   1  11   1   0   1   4  1.47 inf
  187 K   -3  7 -1 -3 -6 -1 -2 -2 -1 -6 -4  3 -5 -6 -1 -3 -3 -3 -5 -5    2  61   2   1   0   1   1   2   1   0   2  19   0   0   4   1   1   0   0   0  1.41 inf
  188 E    0  0  0  5 -4  1  1 -1  1 -3 -2  0  0 -4 -1  1 -1 -4 -1 -3    7   4   4  32   0   5   7   5   3   1   5   6   4   0   2   9   3   0   3   1  0.35 inf
  189 I    0  1  2  0 -1 -1 -1  0  0  0  0  0 -1 -1  0  0  0  0  0  0    8   7  12   7   1   2   1   7   2   4  14   6   1   1   4   5   4   1   3   9  0.03 inf
  190 L   -1 -2  0 -3 -1 -3 -3 -1 -1  3  0 -3  1 -1  0  1  0 -4 -2  3    4   1   5   0   1   0   0   5   2  15   8   0   3   2   6  12   5   0   1  30  0.28 inf
  191 G    1  1 -1 -1 -3 -1 -2  1  0  0  1  0 -1 -2  1  0 -1 -4 -3  2   14  11   2   3   0   2   1  11   2   2  14   5   0   1   6   5   3   0   0  16  0.10 inf
  192 G   -1 -4 -1 -1  1 -2 -3  0 -2 -2 -4 -2 -2 -5 -2  6  0 -5 -5 -3    3   0   2   2   3   1   1   6   1   2   1   2   1   0   1  65   6   0   0   1  1.05 inf
  193 E   -2 -1 -1  1 -4  0  1 -1  0 -1 -2  1 -2 -2  5  0  1 -4 -3 -2    2   3   1   7   0   3  10   4   3   4   4  10   1   2  29   5  10   0   0   2  0.46 inf
  194 T   -3  1 -1 -5 -5 -4 -3 -5  2 -2 -1 -3 -1  4 -1 -3  0  1  7 -3    2   7   3   0   0   0   1   0   4   1   5   1   1  18   3   1   7   2  41   1  1.02 inf
  195 I   -3 -4 -6 -6 -4 -5 -5 -4 -5  3  4 -4  3  2 -5 -4 -3 -4 -2  3    1   1   0   0   0   0   0   1   0  13  45   1   6   7   0   1   1   0   1  23  0.86 inf
  196 I   -4 -3 -6 -6  2 -5 -6 -5 -6  6  2 -4 -1  0 -5 -5 -3 -5 -4  4    0   2   0   0   5   0   0   1   0  45  15   1   1   4   0   0   1   0   0  26  1.06 inf
  197 A   -1 -1 -1 -4  3 -1 -4 -3  8 -4 -3 -3 -1 -2 -3  1 -1 -5  0  1    5   3   2   0   5   2   0   2  45   0   2   1   1   1   1  10   5   0   3  11  1.11 inf
  198 S    1  3  1  0 -1  2 -1 -1  3 -3 -4  0 -1 -4 -2  1  1 -4  0 -2   11  17   8   5   1  10   1   4   8   1   0   3   1   0   2  13  10   0   4   3  0.28 inf
  199 T   -1  3  0  0 -4  1  2  1  2 -4 -3  2 -1 -4  0  0  1 -4 -3 -2    4  16   5   4   0   4  14   9   5   0   1  11   2   0   5   7   9   0   0   2  0.27 inf
  200 R   -2  3  0 -1 -5  0 -2  0  6 -1 -3  2 -4 -4 -1  0 -1 -5  1 -3    2  17   4   4   0   3   1   7  25   4   2  13   0   0   3   5   4   0   4   2  0.57 inf
  201 R   -3  2 -2 -3 -6 -3 -4  6  0 -5 -5 -2 -5 -4  0 -2 -4  6 -4 -4    1  11   1   1   0   1   0  57   3   1   1   2   0   1   6   2   0  12   0   1  1.27 inf
  202 E    0  1 -1  0 -3  2  1  1 -1 -3 -2  2 -1 -2 -3  1  3 -4 -3 -3    6   8   2   6   0   8   8  11   1   0   3  13   1   2   0   9  20   0   1   1  0.25 inf
  203 P   -1  2  0 -3 -5  5 -2 -1 -1 -5 -4  2  0 -5  4  0 -1 -5 -2 -4    4  12   5   0   0  25   1   5   1   0   1  13   2   0  21   6   3   0   2   0  0.68 inf
  204 L   -3 -5 -5 -5 -2 -4 -5 -4 -4  3  2 -4  2  1 -5 -4 -2 -1  4  4    1   0   0   0   1   1   0   1   0  15  20   0   4   6   0   1   2   1  13  34  0.73 inf
  205 S    0 -1  1 -1 -2 -2 -1  0  2 -2 -3  0  0 -3 -2  3  3 -2 -2 -2    7   2   5   2   0   0   2   6   5   2   2   6   3   1   1  29  23   0   1   3  0.39 inf
  206 S    0  2 -2 -2 -2 -1 -1 -2 -2 -3 -1  0 -3 -3  5 -1 -1  1  3 -1    9  12   2   2   1   2   4   2   1   0   6   5   0   0  28   4   3   2  13   4  0.48 inf
  207 G    0  1  2  4 -4  0  0  0  1 -2 -3  1 -1 -3 -3  0 -1 -3 -3 -4    8   8   8  28   0   3   6   8   4   2   2  11   2   1   0   6   3   0   1   0  0.36 inf
  208 T    0 -1 -2 -4 -4 -2 -3  3 -3 -4 -3 -2  2 -1 -4  1  4 -4  3 -2    7   3   1   0   0   1   1  19   0   0   2   2   7   3   0  11  28   0  13   1  0.53 inf
  209 V   -2 -5 -6 -6 -2 -5 -6 -6 -5  3  5 -5  2  3 -6 -3 -2 -1 -3  1    3   0   0   0   1   0   0   0   0  15  49   0   4  14   0   2   2   1   0  10  0.91 inf
  210 S   -2  2  3 -3 -2 -2 -3 -3 -1 -5 -5  0 -4 -5 -4  4  4 -2 -1 -4    2  13  14   0   1   1   0   1   1   0   0   4   0   0   0  34  26   1   2   0  0.83 inf
  211 R   -1  4  0  1 -4  0  0 -2  0 -3 -3  3  1 -2 -4  1  0 -4  0 -2    4  23   4   6   0   3   6   3   2   0   1  17   4   2   0  13   7   0   4   2  0.34 inf
  212 Y    2  3  0 -3 -4  1  1  0 -1 -2 -3  0  0 -2 -4  0  0  3  1 -2   23  18   4   0   0   5   9   6   1   2   1   3   3   1   0   6   5   5   6   1  0.29 inf
  213 F   -6 -6 -7 -8 -7 -4 -5 -7 -6 -5 -3 -5 -2  8 -8 -7 -4  8  0 -3    0   0   0   0   0   1   1   0   0   0   1   1   1  69   0   0   1  22   2   2  2.59 inf
  214 M    1  2 -1  1 -3  1 -1 -3 -2 -3 -1  2  1 -3 -3  2  0  1 -3  0   15  13   2   7   0   6   2   0   0   0   7  13   4   1   0  16   5   2   0   6  0.21 inf
  215 R    1  3 -1  1 -5  0  2 -3 -3 -1 -4  5 -4 -5 -4 -2 -1 -6 -4 -3   12  18   2   7   0   2  12   1   0   4   1  36   0   0   0   1   3   0   0   1  0.67 inf
  216 A    6 -2 -5 -5 -1 -4 -4 -3 -5  1  0 -3 -1 -3 -4 -1 -1 -6 -2  0   63   2   0   0   1   0   0   1   0   7  10   1   1   1   0   4   4   0   1   4  0.94 inf
  217 R   -3  7 -4 -5  4 -1 -3 -6 -4 -5 -4  1 -2 -2 -6 -3 -5 -6 -5 -1    2  69   0   0   8   2   1   0   0   0   1   8   1   2   0   1   0   0   0   5  1.67 inf
  218 K    0  1  1  5 -2  0  2 -4 -2 -4 -4  3 -3 -6 -4 -2 -2 -6 -5 -3    7   6   6  34   1   3  15   0   1   1   1  20   0   0   0   1   2   0   0   2  0.74 inf
  219 A    3  1 -2 -1 -2  1  1 -3 -2 -2  0  3 -1 -3 -3 -1 -1 -5 -3 -2   30   8   1   3   1   6   8   1   0   1   9  22   1   1   0   3   3   0   0   2  0.37 inf
  220 S    5 -4 -4 -5  2 -4 -4 -4 -3 -2 -1 -3 -1 -5 -4  2  2 -6 -5 -1   52   0   0   0   4   0   0   0   0   2   6   1   2   0   0  18  10   0   0   5  0.88 inf
  221 G    1 -1  0  1 -2  0 -1  5 -2 -5 -5  1 -5 -5 -1 -1 -3  0 -3 -5   10   3   3   7   1   3   5  50   1   0   1   7   0   0   3   3   0   1   1   0  0.78 inf
  222 L   -1 -2 -2 -2  1 -1  0 -4 -2  3  2  0 -1 -1 -1 -2 -2 -1 -1  2    5   2   2   2   3   3   7   0   1  20  21   7   1   1   4   2   0   1   2  18  0.24 inf
  223 S    0  0  0  0  0  0  0 -1  0  0 -2  2 -1 -2 -1  1  1 -3  0  0    9   4   4   6   2   2   5   5   2   5   3  20   2   1   2  10   8   0   5   6  0.10 inf
  224 F    0 -2 -2 -1 -3 -2 -2 -1 -1 -2 -1  1 -2  3  1 -1 -1  7  2 -2    7   2   2   4   0   2   2   4   1   2   7   9   1  13   7   3   5  18   7   2  0.45 inf
  225 E   -1  0 -1  2 -2  0  3  2  0 -3 -3  0 -2 -4  2  0 -1 -4 -1 -3    3   5   2  13   1   4  24  14   2   1   3   4   1   0  10   8   2   0   2   1  0.33 inf
  226 G    0  0 -1  0 -3  0  2  3  0 -1 -2  1 -2 -3 -1 -1 -1 -3 -3 -1    8   6   3   5   0   3  19  24   3   5   5   8   0   0   3   1   3   0   0   4  0.23 inf
  227 D    0 -1  2  1 -3  1  2 -3 -1 -2 -1 -1 -2  0 -1  1  3 -3 -1 -2    6   3  10   7   0   6  14   1   1   2   6   3   0   5   2  12  20   0   1   1  0.24 inf
  228 P    0  2 -2  3 -1  0 -1 -1 -4 -3 -3 -2  1 -5  5 -2 -2 -5 -4 -2    7  11   1  19   1   4   2   4   0   1   3   1   3   0  34   3   1   0   0   2  0.75 inf
  229 P    1 -6 -6 -5  2 -5 -4 -6 -5 -2 -3 -5 -1  4  7 -4 -3 -5 -2 -2   10   0   0   0   5   0   1   0   0   2   2   0   1  20  53   0   1   0   1   3  1.58 inf
  230 T   -3 -3 -1 -4 -5  2 -3 -2  2 -5 -5 -4 -4 -4 -1  3  6 -6 -5 -4    1   1   2   0   0  11   1   3   4   0   0   0   0   1   3  19  54   0   0   0  1.20 inf
  231 F   -7 -7 -7 -5 -7 -8 -8 -8 -6  0  0 -7 -4  9 -8 -7 -6 -4 -1 -5    0   0   0   1   0   0   0   0   0   4   7   0   0  87   0   0   0   0   0   0  2.76 inf
  232 H   -7  2 -4 -6 -8 -4 -5 -7 11 -8 -8 -5 -7 -6 -7 -6 -7 -7  0 -8    0  12   0   0   0   0   0   0  86   0   0   0   0   0   0   0   0   0   2   0  3.52 inf
  233 E   -5 -5 -4  6 -8 -2  6 -6 -5 -8 -8 -4 -7 -8 -4 -4 -5 -8 -7 -7    0   0   0  41   0   0  58   0   0   0   0   0   0   0   1   0   0   0   0   0  2.08 inf
  234 L   -5 -5 -6 -6 -2  2 -5 -7 -6  6  4 -5  0 -4 -6 -5 -4 -6 -5  0    0   0   0   0   1  11   0   0   0  42  40   0   1   0   0   0   0   0   0   4  1.28 inf
  235 R   -6  8 -5 -6 -8 -3 -3 -7 -3 -7 -7  3 -6 -7 -6 -5 -5 -7 -6 -7    0  83   0   0   0   0   1   0   0   0   0  15   0   0   0   0   0   0   0   0  2.47 inf
  236 S    5 -5 -4 -5 -4 -4 -3 -3 -2 -6 -6 -3 -5 -6 -3  5 -3 -7 -6 -5   52   0   0   0   0   0   1   1   1   0   0   1   0   0   1  42   0   0   0   0  1.45 inf
  237 L   -5 -3 -5 -6 -6 -4 -3 -6 -5 -3  5  5  1 -3 -6 -5 -3 -6 -5 -4    0   0   0   0   0   0   1   0   0   0  56  38   3   1   0   0   1   0   0   0  1.37 inf
  238 S    4 -3 -4 -5 -2 -4 -4  3 -5 -6 -5 -4 -5 -6 -4  4 -2 -6 -5 -5   41   1   0   0   1   0   0  21   0   0   1   0   0   0   0  34   1   0   0   0  1.14 inf
  239 A    3 -3 -4 -3 -4 -2  2  1 -4  3  0 -2 -2 -4 -4  1 -3 -5 -4 -1   30   1   0   0   0   1  13  12   0  19  10   2   0   0   0   8   0   0   0   3  0.41 inf
  240 R   -3  6 -3 -1 -5 -3 -2 -5  3 -5 -5 -2 -4  0 -5  2  3  1 -4 -5    1  42   0   3   0   0   1   0   8   0   0   1   0   4   0  19  19   2   0   0  1.03 inf
  241 L   -4 -5 -4  5 -3 -4 -3 -6 -5 -2  5 -5  1 -4 -5 -4 -2 -6 -5 -3    1   0   0  37   0   0   1   0   0   1  52   0   3   0   0   1   3   0   0   1  1.25 inf
  242 Y    0 -4 -5 -6 -5 -3 -5 -5  3 -2  0  0 -4  3 -5 -4 -1 -1  8 -3    9   0   0   0   0   1   0   0   7   2   9   7   0   9   0   0   4   0  49   1  1.28 inf
  243 E    0  2 -1  2 -5  1  4 -3 -3 -5 -5  3 -3 -5 -3  0  0 -5 -3 -4    7  10   2  10   0   6  29   1   0   0   0  18   1   0   0   8   7   0   1   0  0.59 inf
  244 K    1  1  0  3 -4  0  2  2 -2 -3 -2  2 -3 -4 -3  0 -2 -5 -4 -3   12   6   5  17   0   2  15  14   1   1   4  15   0   0   0   5   1   0   0   2  0.35 inf
  245 Q    2 -2 -1 -1 -4  5  2 -1 -2 -3 -3 -1 -2 -5 -3  2  0 -5 -4 -3   15   1   2   2   0  32  15   5   0   1   3   2   1   0   0  14   5   0   0   1  0.59 inf
  246 I   -1  1 -2 -4  0 -3 -4  5 -1 -1 -1 -1 -2 -1 -4  0 -2  1  0 -3    4   7   1   0   2   0   0  49   2   4   5   4   1   3   0   7   2   2   4   1  0.66 inf
  247 S   -1  1  0  1 -3 -1 -2  3 -1  1 -2  0 -2 -2 -1  1 -1 -3  0 -1    4   8   4  10   0   1   1  23   1  13   3   8   1   1   2  10   2   0   5   4  0.17 inf
  248 D   -1 -2  1  6 -5 -1  2 -3 -3  1 -2  0 -3 -5 -3 -1 -2 -5 -4 -3    4   1   7  42   0   2  14   1   0  10   4   6   0   0   1   3   2   0   0   1  0.72 inf
  249 K    0  2 -1  1 -3  0  2 -2 -1 -2 -2  2 -1 -3  2  0 -1 -3 -2 -1    8  11   3   8   0   3  16   3   1   1   3  17   2   1  11   5   2   0   1   5  0.25 inf
  250 F    0 -1 -1  0 -2  3  1 -1  1 -2 -1 -1 -1  4 -1  0 -1 -1  1 -1    9   2   2   7   1  14   8   4   3   2   4   3   1  20   2   7   3   1   5   3  0.20 inf
  251 A    5 -3 -3 -2 -1 -3 -3  0 -3  1 -3 -2 -3 -3 -3 -1  3 -4 -3 -1   49   1   1   2   1   1   1   6   0   7   1   3   0   1   1   3  17   0   1   4  0.65 inf
  252 Q   -3  2 -3 -3 -7  8 -2 -6 -4 -6 -6  1 -3 -7 -5 -1 -3 -6 -5 -6    2  11   1   1   0  70   0   0   0   0   0   8   1   0   0   4   1   0   0   0  1.89 inf
  253 H    2  2 -2  0 -3  1 -1 -3  1 -1 -1  3 -1 -3 -2  0  0 -4 -2 -1   24  12   1   5   0   4   2   1   3   5   6  22   2   0   1   4   4   0   1   4  0.28 inf
  254 L   -4 -4 -5 -5 -4  2 -4 -5 -4  3  5 -4 -1  2 -5 -4 -4 -4 -2 -1    1   0   0   0   0   9   0   1   0  13  63   0   0   8   0   1   0   0   1   1  1.07 inf
  255 L    0 -5 -5 -5 -4 -4 -5 -1 -5 -2  5 -4  4 -3 -5  2 -2 -5 -4 -2    9   0   0   0   0   0   0   4   0   0  57   0  11   0   0  15   2   0   0   1  0.92 inf
  256 G    1 -6 -5 -5 -6 -6 -6  7 -6 -8 -8 -6 -7 -7 -6 -4 -6 -7 -7 -7    9   0   0   0   0   0   0  91   0   0   0   0   0   0   0   0   0   0   0   0  2.38 inf
  257 H   -7 -5 -4 -6 -8 -5 -5 -7 11 -8 -8 -6 -7 -6 -7 -6 -7 -8 -3 -8    0   0   0   0   0   0   0   0 100   0   0   0   0   0   0   0   0   0   0   0  4.19 inf
  258 K    1  0 -3 -2 -4 -2 -2 -3 -4 -4 -3  5 -2 -5 -4  2  3 -5 -4 -4   13   4   0   1   0   1   1   1   0   0   3  42   1   0   0  15  17   0   0   0  0.77 inf
  259 S   -2 -4  2  3 -5 -3 -3 -4 -1 -5 -5 -2 -5 -6 -4  5  4 -6 -3 -4    1   0  11  19   0   0   0   0   1   0   0   2   0   0   0  43  22   0   1   1  1.04 inf
  260 D    2  0 -3  1 -4  2  3 -3 -3 -1 -2 -2  1 -4  0  0 -2 -5 -4  1   21   4   0   6   0  10  23   1   0   3   1   1   4   0   5   6   1   0   0  13  0.35 inf
  261 T    1  1  1 -1 -4  1  0  0 -2 -3 -4  3 -2 -5 -2  2  1 -5 -4 -1   11   8   5   3   0   4   6   6   0   0   0  24   0   0   1  16   9   0   0   4  0.33 inf
  262 M   -5 -2 -5 -6 -6  4 -5 -6 -5 -2 -3 -4  9 -5 -6  1  1 -6 -5 -3    0   2   0   0   0  18   0   0   0   2   0   0  58   0   0  10   9   0   0   1  1.93 inf
  263 A   -1 -5 -4 -5 -5 -5 -5 -6 -6 -4 -3 -5 -5 -6 -5 -2  8 -7 -6  1    5   0   0   0   0   0   0   0   0   0   2   0   0   0   0   1  84   0   0   8  2.03 inf
  264 S    2  0  0  4 -5  1  3 -4 -3 -4 -1  3 -3 -5 -4 -2 -2 -5 -4 -3   17   3   4  21   0   5  20   0   0   0   8  17   0   0   0   1   2   0   0   1  0.51 inf
  265 Q   -2  4  0 -4 -5 -1 -2 -5  5  2 -2  2  0 -2 -5 -3 -1 -4  4  0    2  24   4   0   0   2   1   0  15  12   2  12   2   0   0   0   3   0  16   6  0.65 inf
  266 R   -5  2 -4 -7 -7 -5 -4 -6  3 -2 -5 -3 -5 -2 -7 -6 -4 -2  9 -2    1  11   1   0   0   0   1   0   7   2   0   1   0   0   0   0   1   0  73   3  2.30 inf
  267 D   -3 -3  2  6 -5 -1 -2 -4 -3 -4 -3  0 -4 -4 -4 -3  0 -4  3 -4    1   1   9  55   0   3   1   1   0   1   3   6   0   0   0   1   6   0  10   1  1.10 inf
  268 D   -1  4 -1  3 -4  0  1 -1  0 -1 -1  0 -3 -4 -3  1  0 -5 -3 -3    4  28   2  17   0   3  10   4   2   4   7   3   0   0   1   9   4   0   0   1  0.37 inf
  269 R   -2  7  1 -2 -6 -2 -2 -3  1 -6 -4  4 -5 -6 -5 -3 -4 -6 -3 -5    2  59   5   2   0   1   1   2   3   0   1  21   0   0   0   1   0   0   1   0  1.40 inf
  270 G   -2 -2  0  0 -5 -2 -1  6  4 -4 -3 -2 -4 -3 -5 -3 -3 -5 -4  0    2   2   3   5   0   1   4  56  12   0   2   2   0   1   0   1   0   0   0   9  0.96 inf
  271 R    1  3  0 -2 -4  0 -1 -2  2  0 -1  3 -1 -4 -3  0 -1 -4 -3 -1   11  16   4   2   0   4   1   2   7   8   6  25   1   0   0   8   3   0   0   3  0.28 inf
  272 E   -3  1 -2  3 -6  0  6 -2 -2 -3 -4  2 -2 -5 -3 -2 -3 -5 -4 -2    1   6   1  13   0   2  51   4   0   1   1  13   1   0   1   1   1   0   0   3  0.89 inf
  273 W   -4 -6 -7 -7 -6 -5 -4 -3 -1 -1 -5 -6 -5  0  0 -6 -3 12  3 -3    1   0   0   0   0   0   1   2   1   4   0   0   0   3   6   0   2  68   9   2  2.87 inf
  274 D   -2  0  0  1 -3  0  0 -3 -2  2 -1  2  0 -3 -1 -1  0 -4 -3  3    1   4   4  10   0   3   5   2   1  12   2  13   2   0   2   4   5   0   0  31  0.22 inf
  275 K   -2  2 -2  1 -2  0  3 -4 -1 -1 -1  3  0 -3 -3 -1  0 -1 -1  1    2  10   1   9   1   3  25   0   1   4   4  19   2   0   0   1   6   1   2  10  0.30 inf
  276 I    0 -5 -5 -6 -3 -5 -5 -5 -6  4  1 -5 -1 -3 -5 -4 -2 -5 -4  5    8   0   0   0   0   0   0   0   0  24  14   0   0   0   0   0   1   0   0  52  1.03 inf
  277 E    1 -1 -1  2 -4  1  3 -3 -1 -1 -3  3 -3 -4 -3 -1 -2 -5 -3  0   16   0   1  14   0   4  25   0   1   3   0  23   0   0   0   1   1   0   0  10  0.43 inf
  278 I   -2 -4 -4 -5 -3 -4 -4 -5 -1  5  2 -4  1 -2 -4 -3 -2 -4 -3  4    1   0   0   0   0   0   0   0   2  54  13   0   3   0   0   1   1   0   0  27  0.83 inf
  279 K   -1  2 -1 -1 -4  1  2 -2 -1 -3 -3  5 -2 -4 -1 -1 -1 -4 -2 -3    0   0   0   0   0   0  14   0   0   0   0  86   0   0   0   0   0   0   0   0  0.67 inf

                      K         Lambda
Standard Ungapped    0.1312     0.3174
Standard Gapped      0.0435     0.2670
PSI Ungapped         0.1432     0.3123
PSI Gapped           0.0435     0.2670
