
Last position-specific scoring matrix computed, weighted observed percentages rounded down, information per position, and relative weight of gapless real matches to pseudocounts
           A  R  N  D  C  Q  E  G  H  I  L  K  M  F  P  S  T  W  Y  V   A   R   N   D   C   Q   E   G   H   I   L   K   M   F   P   S   T   W   Y   V
    1 G    2 -3 -1 -2 -3 -2 -2  4 -3 -4 -4 -2 -3 -4 -3  4 -1 -4 -4 -3   20   0   0   0   0   0   0  34   0   0   0   0   0   0   0  46   0   0   0   0  0.80 inf
    2 S   -3 -5  7 -3 -6 -4 -3 -3 -4 -7 -7 -3 -6 -7 -6  5 -2 -8 -6 -6    1   0  56   0   0   0   1   2   0   0   0   1   0   0   0  38   2   0   0   0  1.85 inf
    3 D   -4 -3  4  5 -7 -2  3 -5 -2 -5 -5  4 -6 -7 -3 -1 -1 -7 -5 -5    0   1  21  27   0   1  15   0   1   1   1  23   0   0   1   4   3   0   0   1  0.98 inf
    4 L   -3 -2  2 -1 -5  0 -1 -6  0  0  4  0 -1  0 -4 -4 -3  2  4 -3    1   2  10   4   0   4   4   0   2   5  36   7   1   4   1   1   1   3  14   1  0.51 inf
    5 T   -6 -5  3  1 -7 -2 -2 -5  0  1 -1 -3 -3  7 -5 -3 -2  5  0 -4    0   1  13   7   0   2   3   0   2   7   7   2   1  41   0   2   3   7   2   0  1.06 inf
    6 Y   -2 -2  1 -1 -3 -3  0 -2  0 -1  2  2 -3 -2  4 -2 -3 -1  2 -3    3   2   8   3   0   1   6   3   2   3  22  12   0   1  22   3   1   1   7   1  0.41 inf
    7 A    0 -3  0  0 -4  3  3 -3  1 -3 -5  0  0 -2 -1  1 -1  6  1 -5    8   1   4   6   0  15  17   2   3   2   1   5   2   1   3   9   4  12   5   0  0.51 inf
    8 Y   -8 -9-10-11 -9 -6 -9-10 -7 -6 -6 -9 -3  4-10 -9 -6 11  6 -5    0   0   0   0   0   0   0   0   0   0   1   0   1  17   0   0   1  54  26   1  3.42 inf
    9 L   -5 -8 -8 -9 -7 -8 -8 -9 -8  3  5 -8 -1  5 -8 -7 -4  4 -4  1    1   0   0   0   0   0   0   0   0  15  45   0   1  24   0   0   1   4   0   9  1.46 inf
   10 V    4 -4 -6 -7 -1 -6 -6 -4 -4  3 -4 -6 -1 -6 -6  1  3 -7 -6  4   28   1   0   0   1   0   0   1   0  13   1   0   1   0   0   9  15   0   0  29  0.97 inf
   11 G   -5 -9 -7 -8 -9 -9 -9  8 -9-11-11 -8-10-10 -9 -5 -8 -9-10-10    1   0   0   0   0   0   0  99   0   0   0   0   0   0   0   1   0   0   0   0  3.15 inf
   12 L   -8 -8 -6 -9 -8 -8 -9 -9 -8  0  5 -9 -1  8 -9 -8 -5 -6 -2 -3    0   0   0   0   0   0   0   0   0   5  41   0   1  48   0   0   1   0   1   2  2.05 inf
   13 F   -2 -4 -5 -7  0 -6 -7 -7 -7  5 -1 -6  2  2 -7 -1  4 -1 -3  3    4   1   0   0   2   0   0   0   0  31   4   0   5   9   0   6  21   1   1  16  0.95 inf
   14 E   -7 -7 -4  7-10 -2  5 -8 -3-10-10 -6 -5-10 -8 -5 -5-10 -7 -7    0   0   1  58   0   1  36   0   1   0   0   0   0   0   0   1   1   0   0   0  2.32 inf
   15 G    3 -7 -7 -8 -5 -8 -8  7 -8 -9 -9 -8 -9 -9 -8 -1 -6 -9 -6 -9   19   0   0   0   0   0   0  75   0   0   0   0   0   0   0   4   0   0   0   0  2.27 inf
   16 D   -6 -6  1  7 -5 -5  5 -6 -3 -6 -9 -2 -9 -9 -8 -5 -5-10 -6 -5    0   0   6  55   0   0  31   0   1   1   0   2   0   0   0   1   0   0   0   1  1.98 inf
   17 G   -3 -9 -7 -5 -3 -9 -9  8 -9-11-11 -8-10-10 -9 -2 -8 -9-10-10    2   0   0   1   1   0   0  93   0   0   0   0   0   0   0   3   0   0   0   0  2.87 inf
   18 Y   -1 -6  2 -6  7 -4 -5 -3  3 -7 -6 -5 -4 -3 -7  5  2  2  3 -6    4   0   8   0  19   1   1   2   7   0   0   1   0   1   0  34  11   2   9   0  1.19 inf
   19 F   -6 -9 -9 -9 -8 -9 -9 -8 -8  5 -1 -9  1  8 -9 -8 -5 -2 -4 -4    1   0   0   0   0   0   0   0   0  27   6   0   3  61   0   0   1   0   0   1  2.41 inf
   20 S   -2 -2  2 -3  0  3 -2  0  2  1 -1 -2  1 -1 -4  2  0  1  2 -1    2   2   9   1   2  12   1   6   5   9   6   2   3   2   0  18   5   2   8   4  0.26 inf
   21 I   -4 -4 -4 -6 -3 -5 -5 -6 -3  6  0 -1  1 -1 -4 -3 -2 -6 -3  5    1   1   1   0   1   0   1   0   1  35   8   4   4   2   1   2   3   0   1  33  1.09 inf
   22 T   -2 -2  4 -2 -4 -2 -3 -2 -2 -2 -4  0 -1 -2  0  3  2 -3  1 -2    3   2  21   2   0   2   1   3   1   3   1   5   2   2   5  24  13   0   6   3  0.51 inf
   23 K   -2  0  2 -3 -4  0 -2 -4  3  0 -3  5 -2 -1 -1  0  0 -5 -3 -3    3   5   9   1   0   4   2   1   7   5   3  39   1   3   3   6   5   0   1   2  0.66 inf
   24 K   -2  2  3  1 -3  1 -1 -3 -2 -1 -1  3 -2 -2 -3  0  1  2 -3 -2    2  10  13   7   1   7   2   1   1   3   7  21   1   2   1   6  10   3   1   2  0.35 inf
   25 G   -2  0  3 -3 -5 -2 -1  4 -2 -5 -5  3 -2 -5 -2 -1 -1 -5 -1 -5    3   5  15   1   0   1   3  33   1   1   1  20   1   1   2   5   4   0   2   1  0.74 inf
   26 K   -3  1  2  0 -3  0 -2 -1 -1 -1 -3  4 -2 -2 -2  0 -2  4  2 -2    2   8  11   4   1   3   2   4   1   4   3  28   1   2   2   6   3   6   7   2  0.43 inf
   27 Y   -2  2  2 -2 -2  1 -1 -2  0 -2 -1  2 -3 -1 -2  0 -1 -2  4 -2    4  12  11   2   1   7   3   3   2   2   6  14   0   2   1   7   4   1  13   3  0.27 inf
   28 L   -2 -3  0 -3  0 -2 -3 -3 -1  3  2 -2  0  0 -2 -2 -1  3  2  3    3   1   5   1   2   1   1   2   2  15  17   3   2   4   2   3   4   5   6  20  0.29 inf
   29 T   -1  2  2 -2 -3  3 -1 -2 -1 -1 -1  1 -2 -1 -4  1  1  0  3 -2    4  10   9   2   0  15   3   2   1   4   5   8   1   2   1  10   8   1  12   3  0.28 inf
   30 Y   -1 -3 -5 -4  3 -3 -4 -3 -3  0  1 -2 -1  4  4 -3 -1 -2  3 -2    5   1   0   1   5   1   1   2   1   5  14   2   1  19  23   2   4   0   9   3  0.63 inf
   31 E   -2  4 -2 -3  0  1  2 -1 -2 -1 -4  1 -1 -1 -4  2  0 -5 -1 -1    3  21   1   1   2   6  14   5   1   3   2   8   1   3   0  18   4   0   2   4  0.38 inf
   32 L   -6 -6 -7 -7 -2 -6 -7 -7 -6  3  3 -6  0  7 -4 -6 -5 -5  2 -1    0   0   0   0   1   0   0   0   0  16  25   0   2  41   1   0   1   0   5   5  1.44 inf
   33 G   -2  0  0 -2 -1  2  1 -1  1  1 -2  1 -2 -3 -3  1  0 -5 -1  2    3   5   5   1   1  10   9   5   4   9   2  10   0   1   1   9   5   0   2  19  0.20 inf
   34 I   -4 -7 -7 -7 -6 -7 -7 -7 -7  7  1 -7  2  2 -7 -6 -5 -3 -3  2    1   0   0   0   0   0   0   0   0  62  10   0   4   7   0   0   1   1   1  11  1.76 inf
   35 E    0 -2  1 -3  0 -2  0 -1  0 -1 -4  1 -3 -4 -4  1  4 -6 -3  2    6   2   7   1   2   1   6   6   2   3   1   9   0   0   0  11  28   0   1  13  0.43 inf
   36 L   -5 -6 -3 -7 -2  5 -4 -5 -6  0  4 -5  3  4 -7 -4 -3 -6 -2  0    1   0   1   0   1  24   1   1   0   4  35   0   8  16   0   1   2   0   1   5  1.05 inf
   37 S   -2 -3  3  1 -4 -2 -3 -1  8 -6 -3  0 -4 -5 -3  3 -1 -7 -4 -5    4   1  14   6   0   1   1   5  32   0   3   7   0   0   1  19   4   0   0   1  1.08 inf
   38 I   -2  0  1 -1 -4  2  1 -4  0  3  0  2 -1 -3 -4  1  0 -5 -2 -1    3   3   8   2   0   8   9   1   2  16  10  13   1   1   0  10   7   0   1   3  0.23 inf
   39 K   -3  3  2  1 -2 -2  1 -5 -1 -3 -2  5 -2 -5 -3 -1 -1 -6  1 -3    2  13   8   8   1   1   9   0   1   2   4  34   1   0   1   5   3   0   5   1  0.63 inf
   40 D   -6 -7  5  7 -9 -4  1 -5 -6 -9 -6 -5 -8 -9 -7 -2 -7-10 -9 -9    1   0  23  63   0   1   7   1   0   0   1   1   0   0   0   3   0   0   0   0  2.16 inf
   41 V   -1 -1 -3 -3 -3 -2  1 -4 -1  3  2  2  0 -1 -2 -1 -2 -4  1  1    6   3   1   0   0   1   9   1   1  16  20  12   2   2   2   5   2   0   5   9  0.23 inf
   42 Q    0  1  2  1 -4  3  1 -2 -1 -3 -2  2 -3 -3  3  1 -2 -5 -1 -2    7   8   9   7   0  13   7   3   2   1   3  11   1   1  12   9   1   0   2   2  0.29 inf
   43 L   -2 -7 -3 -8  0 -5 -7 -6 -4  3  4 -7  5 -2 -7 -5  0 -7 -3  2    4   0   1   0   2   0   0   0   0  14  41   0  13   1   0   1   5   0   1  15  1.03 inf
   44 I    2 -8 -9 -9 -1 -8 -8 -8 -8  1  6 -8  0 -2 -6 -6 -4 -7 -3 -2   14   0   0   0   1   0   0   0   0   6  70   0   2   2   0   0   1   0   1   2  1.60 inf
   45 Y   -3  0  2 -2 -1  0  3 -5  3 -2 -2  2 -1 -1 -6 -2 -2 -4  6 -3    2   4  10   2   1   4  17   1   6   3   4  11   2   2   0   3   2   0  25   2  0.64 inf
   46 K   -1 -2 -1 -2 -3  1  0 -4  1 -1  0  3  1  2 -6 -1 -3  0  5 -3    6   2   4   3   1   6   5   1   3   3  10  16   3   8   0   4   1   1  21   1  0.46 inf
   47 I   -5 -8 -9 -9 -2 -8 -9 -9 -9  8  2 -8  1  0 -8 -8 -3 -8 -7  0    1   0   0   0   1   0   0   0   0  67  19   0   3   4   0   0   1   0   0   4  2.06 inf
   48 K   -1  0 -1 -6  0  5 -3 -7  2 -2 -3  6 -1 -4 -5 -2 -4 -7 -3 -3    5   5   2   0   2  23   1   0   4   3   2  43   2   1   0   3   1   0   1   2  1.16 inf
   49 K   -2  0  4  1 -4  1  2 -4  2 -4 -5  4 -5 -3 -5  2  0 -6 -1 -5    3   4  16   8   0   5  11   1   4   1   1  22   0   1   0  15   5   0   2   0  0.58 inf
   50 I   -3  0  1 -4 -2  0  0 -5  1  1 -1  2  2  3 -5 -3  1  0  4  1    1   4   6   0   1   4   5   1   3   8   6  12   5  12   0   1   8   1  13   8  0.34 inf
   51 L   -7 -7 -8 -8 -7 -7 -8 -8 -7  3  5 -5 -1  6 -8 -6 -2  1  0 -3    0   0   0   0   0   0   0   0   0  12  51   1   2  25   0   0   3   2   3   1  1.52 inf
   52 G   -4 -5  3 -2  0 -2 -3  6 -3 -5 -8  2 -5 -6 -7 -3 -5 -8 -8 -7    1   0  12   2   2   2   2  61   1   1   0  11   0   0   0   2   1   0   0   0  1.54 inf
   53 I   -3 -4 -3 -3  5 -3 -5  2  1  2 -1 -3  2  4 -5 -2 -2 -2  1  2    2   1   1   1  11   1   0  15   3  12   5   1   6  14   0   3   2   0   5  14  0.53 inf
   54 G   -3 -3 -1 -5 -7 -4 -5  7 -3 -5 -7 -3 -6 -7 -3 -3 -4 -7 -3 -7    2   2   4   1   0   1   1  78   1   1   1   2   0   0   1   2   1   0   1   0  2.01 inf
   55 I   -3  1  3 -3 -1 -1 -2 -1  1  1 -3  3 -2 -2 -4  2  1 -1  0  1    1   8  12   1   1   2   2   5   3   8   1  15   1   2   0  15   8   1   3  10  0.29 inf
   56 V   -4 -1  0 -6 -3 -4 -5 -2 -4  5 -1 -2  1 -3 -6 -4 -3 -6 -2  5    2   4   4   0   1   1   1   3   1  31   4   3   3   1   0   1   1   0   2  37  1.03 inf
   57 S   -2  2  1 -3 -3 -1 -2 -3  0  2 -2  1  0  0 -4  2  2 -1  3 -1    3   9   6   1   0   2   2   2   2  12   3   7   2   4   1  15  12   1  10   4  0.26 inf
   58 F   -2 -1  0 -3 -1 -1  0 -3  0  3  0  2  0  0 -2 -1  0 -1  2  1    3   3   5   1   1   3   6   1   2  20   7  13   2   4   2   4   5   1   8  10  0.21 inf
   59 R   -2  2  0 -1 -3  2  1 -2  3  0 -2  2  0 -2 -1  0 -1 -1  3 -1    2  11   4   3   1   9   7   2   7   6   3  13   2   1   3   7   3   1   9   4  0.22 inf
   60 K   -2  1  2 -1 -2 -1 -1  0 -1 -2 -1  4  0 -4  0  1 -1 -5 -1 -3    2   6   9   3   1   2   4   7   1   3   5  30   2   1   4  10   4   0   2   2  0.37 inf
   61 R   -2  3  3  2 -2  0 -1  0 -2 -2 -4  3 -4 -4  0  0 -1 -5 -2 -3    4  14  13  10   1   3   4   8   1   2   1  20   0   1   5   7   3   0   2   2  0.41 inf
   62 N   -2 -2  4  1 -5 -2 -1 -1 -1 -4 -3  4 -4 -4 -2  2  0 -6 -2 -2    2   2  20   7   0   2   3   5   1   1   3  24   0   1   2  15   6   0   2   3  0.57 inf
   63 E   -2 -1  3  1 -2 -2  0  2  1 -2 -3  2 -2 -2 -3  1  0 -4 -2 -2    3   4  16   7   1   1   5  15   3   3   3  13   1   2   1  10   6   0   2   3  0.28 inf
   64 I    1  1  1 -1 -1 -1  0  0 -1  0 -1  0  0 -1 -1  1  0  0  0  0   13   7   6   4   1   2   5   7   1   4   4   6   2   2   3  10   7   1   4  10  0.04 inf
   65 E   -2  1  4  1 -2  0  1 -1 -1  0 -2  1 -2 -2  0  0 -1 -1  0 -2    3   9  18   9   1   3   7   4   1   5   4  10   1   2   4   7   4   1   3   3  0.20 inf
   66 M    0  0 -1 -2 -1 -2 -2 -2 -3  1 -1 -1  2  1 -3  0  2  3  4  0    8   6   3   2   1   2   2   3   0   7   6   4   6   6   1   5  15   4  14   6  0.23 inf
   67 V    0 -2 -3 -4  4 -1 -4 -3  1  2  0 -1  1 -1 -4 -2 -1  2  4  3    6   3   1   1  10   3   0   2   3  10   9   4   3   3   1   3   3   3  14  20  0.42 inf
   68 A    0  2  0 -1  1  0 -1 -2  0  1 -1  1  0 -1 -3  0  0 -1 -1  1    6  15   4   3   3   5   4   2   2   8   4   8   3   2   0   8   6   1   2  13  0.12 inf
   69 L   -4 -1 -3 -6 -2  0 -3 -3 -4  0  1 -1  0  4 -6 -2 -1  6  6 -2    1   3   1   0   1   4   2   2   0   5  13   4   2  15   0   3   3   9  28   2  0.91 inf
   70 R   -2  4  0  0 -2  0 -1 -2 -1  1 -3  0 -1 -2 -3  0  0  3  2  1    2  21   5   5   1   3   4   3   1   8   2   6   1   2   1   8   6   4   6  11  0.25 inf
   71 I   -3 -5 -2 -6  0 -5 -3 -4 -1  5  1 -2  0  0 -6 -3  0  1 -2  4    2   0   2   0   2   0   2   2   2  30  11   2   2   4   0   2   5   2   1  27  0.77 inf
   72 R   -1  2  2  0 -2  1  0 -1  2 -2 -2  0  0 -2 -2  2  0 -5 -2 -1    3  14  10   6   1   7   7   4   4   3   4   6   2   2   2  14   6   0   1   4  0.18 inf
   73 D   -2 -2  5  4 -6 -1  0 -2  1 -3 -6  1 -6 -6 -3  3 -1 -6 -1 -4    2   2  23  18   0   3   5   3   3   2   0   9   0   0   1  20   4   0   2   1  0.70 inf
   74 K   -2  2  0 -2 -4  0 -2 -2  1  1  0  4  1  0 -2 -2  0 -4 -1  0    3   9   5   2   0   4   2   3   3   9  10  24   3   4   2   3   5   0   2   6  0.23 inf
   75 N   -2  0  1  0 -5  1  1 -2 -1 -1 -1  4 -1 -3 -2  1  0 -1  0 -2    2   4   7   4   0   5  10   2   1   4   5  25   2   1   2   9   6   1   3   3  0.27 inf
   76 H   -2 -2  1  3 -1  0  1  2  3  0 -2  1 -2 -1 -2 -1 -1  0 -1 -2    3   2   6  16   1   3   7  16   8   5   4   8   1   3   2   4   4   1   2   2  0.21 inf
   77 L   -3 -5 -2 -1  0 -3 -3 -4 -5  4  4 -2  3 -1 -5 -3 -2 -1 -3  0    2   0   3   3   2   1   2   2   0  26  35   3   6   2   1   2   2   1   1   5  0.66 inf
   78 K   -1 -1  0 -2  1 -1  0 -2 -1  3  1  1  1  0 -3 -1 -1  0  0  1    3   3   5   2   3   3   6   2   1  19  14   9   3   4   1   4   3   1   3   9  0.11 inf
   79 S   -1  0  3  1 -2  0  1 -3 -1 -2 -2  2 -2 -1 -3  0  1 -4  1 -2    4   5  15   7   1   4  11   1   1   3   5  14   1   3   1   6   8   0   6   2  0.21 inf
   80 F   -3 -2  0 -3 -2 -2 -2 -4  0  3  2  0  1  0 -3 -2 -1 -4  0  2    1   2   5   1   1   1   3   1   2  20  21   7   3   4   1   2   4   0   3  14  0.28 inf
   81 I   -3 -6 -3 -6  1 -6 -6 -7 -6  6  2 -6  2 -2 -6 -4 -3 -6 -3  2    2   0   2   0   3   0   0   0   0  46  19   0   5   2   0   1   1   0   1  14  1.17 inf
   82 L   -2 -3 -1 -2  2 -2 -2 -3 -2  4  2 -2  0  2 -4 -2 -1 -2  0  0    4   1   3   2   5   1   2   2   1  27  22   3   2   8   1   3   3   1   4   4  0.37 inf
   83 P   -3 -1  2  0  0 -2 -2 -2  0 -3  1  0 -1 -3  5  0  0 -2 -1 -3    2   3  10   5   2   2   3   3   2   1  13   7   2   1  26   7   6   1   2   1  0.41 inf
   84 I   -1 -1  0 -3  2 -1 -2 -1  2  2  1 -1  1  0 -1 -1 -1 -3  0  0    4   3   6   0   5   3   0   5   8  19  13   3   4   4   3   3   3   0   3   5  0.07 inf
   85 F   -3 -1  1 -1 -3 -1 -1 -4  1  1  1 -1  1  4 -1 -1 -1 -2  1  0    0   3   8   3   0   3   3   0   3   7  12   3   4  23   3   3   3   0   5   6  0.19 inf
   86 E   -3 -1  5  3 -5 -2  1  1 -2 -1 -3 -1  1 -2 -4 -1 -1 -5 -2 -3    2   3  28  17   0   1  11  10   1   4   3   4   4   2   0   3   3   0   1   1  0.50 inf
   87 K   -2  1  2 -1 -2  0 -1  2  0 -2 -3  3 -2 -3 -3 -1  0 -4  0 -1    3   8  10   2   1   4   3  19   3   3   2  23   1   1   1   3   5   0   3   5  0.29 inf
   88 Y   -4 -1  4 -2  0 -2 -2  0  4 -1 -3 -2 -4  1 -3 -2  0 -3  6 -2    1   3  19   2   2   1   2   8   9   4   3   2   0   5   1   2   6   0  29   2  0.69 inf
   89 P   -2 -2  1 -2 -4 -2 -2  1 -1  1  1  0 -1 -1  5 -1 -2 -4 -1 -1    3   2   8   1   0   2   2  11   1  10  13   7   1   2  27   3   2   0   2   3  0.39 inf
   90 M   -2  1 -2 -4 -2 -2 -3 -3 -1  1  4  0  1  1 -1 -3 -2 -4 -1  1    3   7   2   0   1   1   1   2   2   7  42   6   4   5   3   1   2   0   2   8  0.39 inf
   91 F   -2  1 -1 -3 -2 -1 -3 -4  2  2  3 -1  1  1 -3 -2 -1 -3  0  0    3  10   4   1   1   3   0   0   5  15  31   4   3   6   1   2   4   0   3   4  0.31 inf
   92 S   -2  0  0 -2 -2 -2 -1 -1  0 -1 -2 -1 -3 -1  0  2  5 -4  0 -2    1   4   5   2   1   1   4   5   3   4   4   3   0   3   4  16  35   0   4   2  0.43 inf
   93 N    0  0  3 -2 -2  1 -1 -2  2 -1 -1  1  0 -2  1  1  1 -4 -1 -1    7   4  15   1   1   6   3   2   5   3   6  11   3   1   7  11   8   0   2   4  0.16 inf
   94 K   -3  4  0 -3 -5 -1 -1 -2  1 -3 -2  6 -1 -5 -2 -1 -1 -5 -2 -2    2  19   4   1   0   1   2   3   3   1   4  44   2   0   2   3   4   0   1   3  0.79 inf
   95 Q   -1  2  1 -2 -4  1 -2 -3  2  0  0  2 -1  0 -1 -2 -1  0  3 -1    5  10   8   2   0   7   2   1   4   7  11  15   1   3   4   2   2   1  10   3  0.18 inf
   96 Y    0  1  0 -2 -3  0  0 -2  0  1  1  0  0  1 -2 -1  0 -1  2  0    7   8   5   1   0   3   6   3   3   9  17   7   1   4   1   3   4   1  10   6  0.08 inf
   97 D   -1  2  1  4  0  3  1 -2 -1 -2 -2  0  0 -4 -2 -1 -1 -2 -2 -2    5  11   6  22   2  16   7   3   1   2   5   4   2   0   1   5   3   1   2   3  0.34 inf
   98 Y   -3 -3  1 -4 -3  2 -3 -4 -1  0  1 -1 -1  5 -5 -3 -2  1  5 -2    1   1   6   1   1  11   1   1   1   5  14   4   1  24   0   1   3   2  19   2  0.67 inf
   99 L   -1 -1  1 -1 -2  1  0 -1  1  1  2  0  1  0 -2 -1 -1  0  0 -1    4   2   6   3   1   7   8   5   4   8  22   7   4   4   2   3   2   1   3   4  0.07 inf
  100 R   -2  2  2  0 -3  1 -1 -3 -1  0  2  2  0 -1 -3 -1 -1  1 -2 -1    3  11   9   4   1   6   4   1   1   5  21  16   2   2   1   3   3   2   1   3  0.21 inf
  101 F   -3 -3  0 -5 -2 -3 -4 -5  0 -2  1 -1  1  7 -5 -4 -4  6  0  0    2   2   4   1   1   1   1   1   3   2  12   4   3  41   1   1   1  10   2   7  1.06 inf
  102 R   -1  2  0 -2  3 -1 -2 -3  0  2  0  3  1  0 -2 -2 -2  1  0  0    6  10   5   2   6   3   2   2   2   9  10  19   3   3   2   3   2   2   3   5  0.27 inf
  103 N   -2 -1  3  1  1  1  0 -2  2 -1 -1  2  1 -1 -2 -1  0  2  1 -2    4   3  12   8   3   7   7   3   4   4   5  13   3   3   3   5   5   3   4   3  0.18 inf
  104 A    0  0  0  0  2  0  0 -1  2  0 -1  0 -2  0  0  0  0  3  1 -1    5   5   5   5   5   5   5   5   5   5   5   5   0   5   5   5   5   5   5   5  0.06 inf
  105 L   -1 -1  0 -3  2 -1 -1 -2  1  1  2  0  1  2 -4 -1 -1  2  1  0    4   3   5   0   5   3   3   3   3   9  20   6   4   8   0   4   3   3   6   6  0.14 inf
  106 L   -2 -3  3  0  0 -1 -1 -2  0  2  2 -1  2  1 -4 -1 -1 -3  1 -1    3   0  14   4   2   3   4   3   2  13  22   3   6   6   0   3   3   0   5   3  0.20 inf
  107 S   -1 -1  3  0 -3  1  0 -2  1  1  0  2  0 -1 -1  0  0 -4  0 -2    4   3  18   4   0   6   7   3   3   9   9  12   2   2   3   6   5   0   3   2  0.15 inf
  108 G   -1  0  0  0  2  0  0 -1  2  0 -1  0  2  1  0 -1  0  4  1 -1    5   5   5   5   5   5   5   5   5   5   5   5   5   5   5   5   5   5   5   5  0.09 inf
  109 I   -2 -1  1  0  1 -1 -1 -2  1  3  0 -1  1  0 -1  0 -1  4  1 -1    4   4   7   5   3   3   4   3   3  16  10   3   3   4   3   6   4   5   5   5  0.17 inf
  110 I   -3 -2  3  0  0 -2 -1 -3  0  3  1  0  0  0 -2 -2  0  2  0  0    2   2  12   5   2   2   4   3   3  15  13   7   3   4   3   3   5   3   4   6  0.21 inf
  111 S   -2  0  3 -1 -1 -2 -1 -3  0 -2 -1  3  2 -1 -2  0  2  2  1 -3    4   4  12   3   1   2   5   3   2   2   6  18   5   3   3   8  10   2   4   2  0.28 inf
  112 L   -3 -1  1 -1  0 -1 -2 -2  1  3  3 -1  0  0 -2 -1 -1  1  1 -2    2   3   7   4   2   3   3   3   3  15  22   4   2   4   3   6   4   2   5   3  0.25 inf
  113 E   -1  0  0  0  2  0  0 -1  2  0 -1  0  2  1  0 -1  0  4  1 -1    5   5   5   5   5   5   5   5   5   5   5   5   5   5   5   5   5   5   5   5  0.09 inf
  114 D   -1  0  3  1  1  2  0 -2  1 -1 -1  0  1 -1 -1 -1 -1  2  2 -2    5   5  13   8   3   7   5   4   4   3   6   6   3   3   3   6   5   3   6   3  0.15 inf
  115 L   -1  0  0  0  2  0  0 -1  2  0 -1  0  2  1  0 -1  0  4  1 -1    5   5   5   5   5   5   5   5   5   5   5   5   5   5   5   5   5   5   5   5  0.09 inf
  116 P   -3  0  2 -1  0 -1  0 -3  1  0 -1  2  3 -1  2 -1 -1 -6  0 -2    2   4  10   4   2   3   7   3   3   5   7  13   7   3  11   6   4   0   3   4  0.21 inf
  117 D   -2 -1  4  1  0  0  0 -2  0 -1 -2  2 -1  0  0  0 -1  2  1 -2    4   4  18   8   2   4   6   3   2   4   5  10   2   3   4   6   3   3   5   3  0.24 inf
  118 Y   -3 -2  3 -2  0 -1 -2 -3  0  3  1  2  1  1 -3 -1 -2  2  3 -3    3   2  11   3   2   2   3   2   2  13  12  11   3   6   2   4   3   3   9   2  0.29 inf
  119 T   -1  0  1 -1  1 -1 -1  0  1  0  0  2  1  0 -1 -1  0  2  2 -1    4   5   8   3   3   3   4   7   3   6  10  12   3   3   3   5   5   3   6   5  0.07 inf
  120 R   -2  1  3 -1  1  0 -1 -2  1  0  0  2  1  0  1 -1 -1  2  0 -2    4   7  12   3   3   4   4   4   3   5   8  12   3   3   6   6   4   3   4   3  0.14 inf
  121 S   -2 -1  1 -1 -5  0  0 -2  0  1  0  0  1  1  1  1  0 -5  1  0    3   4   8   4   0   4   7   4   2   9   8   7   4   6   6  10   6   0   4   5  0.10 inf
  122 D   -2  0  3  1  2 -1  1 -3  0  1 -1  2  0 -1 -1  0 -1  0 -1 -2    3   4  11   9   3   3   8   3   2   8   6  13   2   2   4   6   4   1   3   3  0.17 inf
  123 E   -1  0  0  0  2  0  0 -1  2  0 -1  0  2  1  0 -1  0  4  1 -1    5   5   5   5   5   5   5   5   5   5   5   5   5   5   5   5   5   5   5   5  0.09 inf
  124 P   -3 -3  2  0 -1  0 -1 -3 -1  2  0  0  0  0  3 -1  1 -6  1 -2    3   2   8   5   1   4   4   2   2  12  10   6   2   4  14   5   8   0   5   3  0.23 inf
  125 L   -2 -1  1 -1  1  0 -1 -2  1  2  1  1  1  0 -1 -1 -1 -5  0  0    3   3   6   4   3   5   4   3   3  12  15  10   3   4   3   5   3   0   4   7  0.11 inf
  126 N   -1  0  0  0  2  0  0 -1  2  0 -1  0  2  1  0 -1  0  4  1 -1    5   5   5   5   5   5   5   5   5   5   5   5   5   5   5   5   5   5   5   5  0.09 inf
  127 S    0  0  0  0  2  0  0 -1  1  0 -1  0  1  0  0  0  0 -2  1  0    5   5   5   5   5   5   5   5   5   5   5   5   5   5   5   5   5   0   5   5  0.03 inf
  128 I   -1  0  0 -1  1  0 -1 -1 -2  1  0  0  1  2  0 -1  0  2  1  0    4   4   6   4   3   4   3   4   0  13   7   7   3  10   5   4   4   3   5   6  0.05 inf
  129 E   -1  0  1  1 -4  0  1 -1  1 -1 -1  1  0 -1  2  1  0  2  0 -1    5   4   7   6   0   4  11   3   3   4   4   8   3   3  11   9   5   4   3   4  0.13 inf
  130 S    0  0  0  0  2  0  0 -1  1  0 -1  0  1  0  0  0  0 -2  1  0    5   5   5   5   5   5   5   5   5   5   5   5   5   5   5   5   5   0   5   5  0.03 inf
  131 I   -1 -1  1  0  1  0 -1 -1  0  1  0  0  1  0  1  0  0 -3  0  0    5   3   8   6   4   3   4   4   3  12   9   5   4   5   6   6   5   0   4   5  0.03 inf
  132 I   -1  0  0 -1  1  0 -1 -3  1  2  0  0  1  0  0 -1  0  2  0  0    3   4   6   4   3   4   4   0   3  17  10   7   4   4   4   4   5   4   3   7  0.08 inf
  133 N   -1  0  4  1 -4  0 -1 -1 -3  0  0  2 -1  0  1  1 -1 -4 -1 -1    3   3  20   7   0   3   3   3   0   5   8  12   2   4   6  10   4   0   2   3  0.20 inf
  134 T    0  0  0  0  2  0  0 -1  1  0 -1  0  1  0  0  0  0 -2  1  0    5   5   5   5   5   5   5   5   5   5   5   5   5   5   5   5   5   0   5   5  0.03 inf
  135 S    0  0  0  0  2  0  0 -1  1  0 -1  0  1  0  0  0  0 -2  1  0    5   5   5   5   5   5   5   5   5   5   5   5   5   5   5   5   5   0   5   5  0.03 inf
  136 Y   -1  0  0  0 -3  0  0 -1  2  0 -1  0  1  0  0  0  0  3  1  0    5   5   5   5   0   5   5   5   5   5   5   5   5   5   5   5   5   5   5   5  0.06 inf
  137 F   -1 -1  3  2  1  0 -1 -4  1 -1 -2 -1 -3  3  0  1  0 -4  1 -1    3   3  13  12   3   4   3   0   4   5   4   4   0  13   5   9   6   0   4   3  0.20 inf
  138 S    0  0  0  0  2  0  0 -1  1  0 -1  0  1  0  0  0  0  3 -2  0    5   5   5   5   5   5   5   5   5   5   5   5   5   5   5   5   5   5   0   5  0.05 inf
  139 A   -2  1  2  1  1 -1  0  1  1  0 -3 -2  1 -1 -1  0 -1  5  3 -2    4   7   9   6   2   3   5  11   3   6   3   3   3   3   3   8   3   7   8   3  0.22 inf
  140 W    0 -2  1 -2 -2 -1 -2 -2 -2  0  0  0 -1  1  1  0  1  4  2  0    8   0   8   0   0   0   0   1   0   8   8   8   0   8   8   8   8   8   8   8  0.14 inf
  141 L   -1 -2 -2 -3 -2 -2 -2  0 -2  1  1 -2  2  2 -2  0  1  5  2  1    1   0   0   0   0   0   1  10   0  10  10   1   9   9   0  10  10   9   9  10  0.19 inf
  142 V    2  0 -1 -2  0  1 -1 -1 -2  0 -1 -1  0 -2  1  1  0 -3 -2  1   23   4   2   1   3  10   3   3   0   8   5   1   2   0   6  15   6   0   0  10  0.12 inf
  143 G    0 -3 -2 -2 -3 -2 -1  5 -3 -3 -3 -2 -3 -4 -3  1  0 -3 -3 -1    7   1   0   1   0   0   4  60   0   1   1   1   0   0   1  12   5   0   0   6  0.79 inf
  144 F   -3 -3 -3 -4 -3 -3 -3 -4 -2  1  1 -1  1  7 -4 -3 -1 -1  3  0    1   1   0   1   0   0   1   1   0   9  10   4   3  53   1   1   3   0   8   4  0.79 inf
  145 I   -1 -1 -1 -3  0 -2 -3 -3 -3  3  1 -2  1  2 -3  0  2  2  0  1    3   4   2   0   2   0   1   1   0  21  10   0   4  10   0  10  19   3   2   8  0.21 inf
  146 E   -2 -2  0  5 -1  0  4 -3  0 -2 -3 -2 -1 -1 -3  0 -1 -4 -1 -3    2   0   3  35   2   2  31   1   2   2   2   0   2   4   0   5   4   0   2   1  0.64 inf
  147 A    4 -2 -1 -2  0 -2 -1  3 -3 -2 -3 -1  1 -3 -2  1 -1 -4 -3 -1   40   2   2   0   2   0   4  21   0   2   1   2   6   0   0   9   3   0   0   3  0.41 inf
  148 E   -2  0  1  4 -1  1  4 -2  0 -4 -4  2 -3 -4 -1 -1 -2 -4 -2 -2    2   5   5  25   1   3  33   2   1   0   0  11   0   0   3   2   2   0   2   3  0.56 inf
  149 G    0 -3 -2 -1  1 -3 -3  6 -4 -4 -2  0 -3 -4 -4  0 -1 -4 -4 -1    6   0   0   3   4   0   0  62   0   0   3   7   0   0   0   5   2   0   0   6  0.91 inf
  150 C   -1 -2  3 -2  6 -1 -2 -1  0 -3 -3 -1 -1 -1 -3  3  1 -4  0 -3    2   1  16   0  18   1   1   3   3   0   2   3   1   2   0  32   9   0   3   0  0.56 inf
  151 F   -4 -4 -2 -5 -4 -1 -4 -5 -3  1  0 -4  0  8 -5 -4 -4 -2  1 -1    1   1   2   1   0   3   1   1   0   8   5   1   2  69   1   1   1   0   2   3  1.44 inf
  152 S   -1 -2  2 -1  0  1 -1  0  1 -1 -1 -1  0  2 -3  2  1 -1  3 -2    2   1  12   3   2   8   2   6   3   3   4   4   2   9   0  15  10   1  11   2  0.20 inf
  153 V   -2 -3 -3 -5  0 -4 -4 -4 -2  5  1 -4  0  1 -4 -2  0  0  2  3    2   1   1   0   2   0   0   1   1  38  10   0   2   6   0   3   5   1   7  18  0.67 inf
  154 Y   -1  2  1  0 -2 -1 -1 -1  0 -1 -2  2 -2  0 -2  2  0 -1  3 -2    4  11   8   5   1   2   2   4   2   4   2  15   1   4   1  15   4   1  11   3  0.19 inf
  155 K   -1 -1  0 -2 -2  0 -1 -2  0  2  1  1  1  0 -2  0  0  0  1  0    4   3   5   2   1   3   2   2   2  14  11  13   4   5   1   9   6   1   5   6  0.06 inf
  156 L   -1  0  2 -1 -2  1  0 -1 -1  0  0  1  0 -1 -2  1  1 -3 -1  0    5   5  12   2   1   6   4   4   1   5   9  12   2   2   1  10  11   0   2   6  0.08 inf
  157 N   -2  0  4  0 -4 -1 -1  0  2 -3 -3  3 -1 -3 -2  1  0 -4 -2 -3    3   5  23   4   0   2   3   8   4   1   2  21   1   1   2  12   5   0   1   1  0.45 inf
  158 K    0  0  0  0 -3  1  0  0  1  0 -1  0  1  0  1  0  0 -2  1  0    6   6   5   6   0   5   6   6   5   6   6   6   5   5   6   6   6   0   5   6  0.03 inf
  159 D   -1  1  2  0  1  0 -1 -2  1 -1 -1  2  0 -1 -1  1  1  3  0 -2    4   7   9   5   3   4   4   4   4   3   6  11   3   3   4  10   7   4   3   3  0.12 inf
  160 D   -1  0  2  0  0  0 -1  2  0 -2 -2  1 -1 -2  3  0 -1 -4  1 -2    3   5   9   5   2   3   3  15   2   2   3   9   2   2  14   7   4   0   4   4  0.20 inf
  161 D   -2  1  1  0  1  1 -1 -1  1 -1 -1  1  1  1  0  0  0  0  2 -1    4   6   7   5   3   6   4   5   3   4   6  10   3   5   5   6   5   1   8   4  0.09 inf
  162 Y   -2  4  0 -3 -2  2 -1 -2  0  0 -1  2 -1  1 -3  0 -1  0  3 -3    4  18   4   1   1   8   4   4   2   6   6  10   1   5   1   7   4   1   8   2  0.30 inf
  163 L   -3 -2 -2 -4 -2 -3 -2 -4 -1  4  1  0  0  1  0 -1  0  0  1  3    2   3   2   1   1   1   3   2   1  19  15   5   2   6   4   4   5   1   5  16  0.36 inf
  164 I   -2  2 -2 -3 -1  2  0 -1 -2  2 -1  1 -1 -1 -1  0  0  0  0  1    4   9   2   2   1   8   7   5   1  12   6   8   1   2   3   8   6   1   3  11  0.13 inf
  165 A    1 -2 -3 -6  4 -3 -1 -3  4 -1  3 -2  0  1  1 -1 -2  0  0 -1   10   2   2   0   7   1   4   3   9   4  24   2   2   6   7   4   3   1   4   4  0.37 inf
  166 S   -2  1  1 -2  3  1 -1 -1  3  0 -1  0  2 -1  0  0  0  2  1  0    3   7   7   3   6   6   3   4   6   5   5   5   5   3   4   8   5   3   4   7  0.12 inf
  167 F   -2 -1 -1 -7  2  0 -2 -7  1  1  0 -2  1  6 -7 -2 -1  3  2 -1    3   3   3   0   4   4   4   0   3   8   9   3   3  28   0   4   5   4   7   4  0.71 inf
  168 D   -2  0  1 -1  0  2  2 -1  0  0 -1  0 -1 -2 -4  2  0 -4  1 -1    2   5   7   3   2  11  13   4   2   5   6   4   2   2   0  19   4   0   5   5  0.19 inf
  169 I   -3 -1 -2 -6 -5 -2 -5 -6 -5  5  2  0  2  0 -5 -5 -2  2 -1  3    2   3   2   0   0   2   0   0   0  34  17   7   4   3   0   0   3   3   2  16  0.72 inf
  170 A    0 -2 -1  1  0 -1 -1 -1 -4 -1 -2  0 -1 -2 -2  3  3 -5  0  0    8   2   3   7   2   3   3   5   0   4   4   7   2   1   1  21  19   0   3   6  0.24 inf
  171 Q   -4 -3  0 -3 -6  8 -1 -4  0 -1 -1  0 -1 -4 -4 -1 -2 -1  0 -4    1   1   4   1   0  56   3   2   2   3   7   4   2   1   1   4   2   1   4   1  1.28 inf
  172 R   -2  1  3 -2 -6 -1 -2 -4  6 -2 -3  5 -2 -5 -3 -1  0 -6 -1 -2    3   8  13   2   0   3   1   1  17   3   3  30   1   0   1   3   6   0   2   3  0.72 inf
  173 D   -1 -1  2  1 -2  0  0 -1  1  0 -1  1 -1 -1 -2  1  0 -3  1  0    2   3   9   9   1   4   7   3   4   7   7  11   1   2   1  11   5   0   6   6  0.10 inf
  174 G   -3  1  3  5 -6 -1  0 -2  2 -4 -3  1 -2 -3 -5 -1 -1 -6  0 -4    2   9  16  30   0   2   6   3   4   1   4   8   1   1   0   4   4   0   4   1  0.62 inf
  175 D   -3  0  1  3 -3  0  2 -3 -1 -1 -1  3 -1 -1 -1  0 -2  0  1 -3    1   4   7  16   1   4  11   1   2   4   8  19   1   2   3   6   2   1   6   2  0.27 inf
  176 I   -2 -2  0  0 -2 -1  0 -3  1  2  0  0  0  1  0 -1  0 -3  3  0    3   1   6   4   1   2   6   2   3  16   9   7   3   5   4   4   5   0  12   7  0.13 inf
  177 L   -3 -5 -4 -2 -2 -3 -5 -6 -5  3  4 -3  3 -1 -3 -4 -2 -5 -2  3    2   0   1   2   1   1   0   0   0  18  37   1   5   3   1   1   2   0   2  20  0.79 inf
  178 I   -5 -6 -4 -7 -6 -4 -4 -6 -3  2  5 -3  5  0 -4 -5 -4 -6 -2 -1    1   0   1   0   0   1   1   1   1   8  59   2  14   4   1   1   1   0   1   4  1.26 inf
  179 S   -2 -1  3  1 -3  1  4 -4 -1 -1 -2  1 -1 -2 -2  0  0 -2  1 -2    2   3  14   7   1   6  25   1   2   3   5   9   1   1   2   6   6   0   5   2  0.37 inf
  180 A    1 -1  0  0 -1  0  0 -2  1 -1  0  1  0  1 -2  1 -2 -1  1 -1   15   2   4   4   1   5   5   2   4   4  11  10   2   7   2  11   1   1   6   3  0.09 inf
  181 I   -5 -5 -5 -4 -1 -3 -7 -8 -7  7  2 -6  2  2 -7 -5 -4 -6  1 -1    1   1   1   1   1   1   0   0   0  52  19   1   5   7   0   1   1   0   4   4  1.41 inf
  182 R    1  1  0 -3  0  1 -1 -2 -1  0 -2  5 -2 -4 -4  0 -2 -6 -2 -1   11   8   4   1   2   6   3   3   1   5   3  34   1   0   1   8   2   0   1   5  0.48 inf
  183 K   -2 -1  3  2 -3  0  2 -3 -1 -1 -1  2 -1 -2 -4  0  0 -2  1 -1    2   3  14  10   0   4  14   1   1   3   8  12   1   2   0   7   6   1   6   4  0.25 inf
  184 Y   -3 -2 -3 -5 -2 -3 -3 -5 -1  2  2 -3 -1  5 -6 -3 -2 -1  6  1    2   2   2   1   1   1   2   1   1  10  17   2   1  21   0   2   3   1  22   8  0.75 inf
  185 L   -6 -7 -4 -4 -6 -7 -5 -6 -6 -1  4 -3  0  7 -4 -5 -5 -1  0 -3    0   0   1   1   0   0   1   1   0   3  40   2   2  41   1   1   1   1   3   2  1.51 inf
  186 S   -3 -3  4  0 -3 -3 -1  4  2 -3 -2  1 -1 -2 -5 -1 -2 -6 -2 -4    1   1  20   5   1   1   3  33   5   2   5  10   1   2   0   5   2   0   1   1  0.67 inf
  187 F   -2 -4  0 -4  5 -3 -5  3 -3  2  0 -2  1  1 -5 -1  0 -1 -3  0    2   1   5   1  12   1   0  23   0  14   8   2   3   7   0   5   5   1   1   7  0.46 inf
  188 T   -3 -3  4 -3  1 -2 -3  4 -2 -3 -4  2 -2 -3 -1  1  1  0  0 -3    2   1  17   1   3   1   1  28   1   1   2  11   1   1   3   9   8   1   3   2  0.53 inf
  189 T   -2  0  2 -3 -3 -2 -3  2  0  2 -1 -1 -1 -2 -1  1  1 -2 -1  2    2   4  10   1   0   1   1  15   2  13   6   4   1   1   4   9   7   1   2  13  0.20 inf
  190 K   -3 -1  3 -2 -3 -1 -2 -2 -2  0 -1  3 -1 -2 -3  0 -1 -2  3  0    2   3  16   2   1   3   2   4   1   6   6  19   1   1   1   7   4   1  12   7  0.33 inf
  191 V   -1 -1 -1 -4 -3 -3 -2 -2 -3  4  0 -1  0  1 -2 -1  0 -3  1  3    4   4   4   1   0   1   3   3   1  23   9   3   2   7   2   4   6   0   5  18  0.31 inf
  192 Y   -3  3 -1  1 -4 -1 -2 -3  2  1 -2  2 -1  0 -3  0 -1 -4  4 -2    1  14   3   8   0   2   2   2   5   8   5  13   1   3   2   8   3   0  16   3  0.37 inf
  193 L   -2  1  2 -1 -3  0 -1 -3  2  0 -1  2 -1  0 -1  1  0 -2  1 -1    2   8   9   2   1   4   3   1   5   7   6  14   2   5   2  12   5   1   6   4  0.16 inf
  194 D   -2  1  3  2 -3 -1  0 -1  1 -2 -3  2 -4 -4 -1  2  0 -6  0 -3    3   8  12  11   1   2   5   5   3   2   3  14   0   1   3  16   5   0   3   1  0.30 inf
  195 K   -3  1  2 -3 -5  1 -2 -1  1 -2 -5  5 -3 -4 -1  1  0 -3  0 -4    2   7   9   2   0   6   2   4   3   3   1  35   1   1   3  11   5   0   3   1  0.62 inf
  196 T   -3  0  4  1 -6  1 -1 -1  1 -2 -4  3 -3 -3 -1  1  1 -3  0 -3    1   5  18   7   0   6   3   4   3   2   2  16   1   1   4  10  10   0   4   2  0.38 inf
  197 N   -3 -3  5  3 -7 -2  0  3 -3 -4 -4  1 -6 -5  0  1  0 -4 -1 -5    2   1  24  13   0   2   5  18   1   1   2   7   0   1   5  10   5   0   2   1  0.61 inf
  198 C   -1 -2  2 -4  2 -1 -2 -3  1  0 -2 -2  1  2 -4  0  2  0  4  1    6   2   9   1   4   3   3   2   4   5   3   3   4   8   1   7  12   1  16  10  0.33 inf
  199 S   -3 -4 -1 -4  1 -6 -3 -2 -2 -2 -3 -4  0  3 -7  0 -3  5  8  0    2   1   3   1   3   0   2   3   1   2   2   1   2  10   0   7   1   7  42   6  1.29 inf
  200 K   -2  3  0 -1  2  1  1 -4 -1  0 -2  2  0 -2 -4  0  0  0  2 -1    3  14   5   3   4   7   8   1   1   6   3  13   2   2   0   8   5   2   8   4  0.26 inf
  201 L   -6 -5 -4 -9 -3 -5 -6 -9 -6  2  3 -8 -1  3 -6 -4 -4  6  6  1    0   1   1   0   1   0   1   0   0  11  26   0   1  11   1   2   1  10  25   8  1.26 inf
  202 K   -2  2  0  0 -2  0  2 -2 -1  0 -3  1  0 -3 -4  2  1 -1 -1  1    3  10   4   4   1   4  15   3   1   6   2   8   2   1   1  14   9   1   2   9  0.22 inf
  203 V   -2 -5 -3 -7 -1 -6 -6 -7 -8  4 -2 -6  1 -2 -6  1  3 -3 -4  5    4   1   1   0   2   0   0   0   0  22   3   0   3   2   0  10  19   0   1  31  0.96 inf
  204 T   -3  0  1 -3 -1  2 -2 -2 -3 -2 -4  0 -3 -3 -6  3  5 -3  3 -1    2   4   6   1   1   8   2   4   1   2   1   5   1   1   0  19  29   0   8   4  0.60 inf
  205 S   -2  0  5  0 -4 -4 -4  2 -3 -4 -5  2 -7 -3 -5  4 -1 -8 -5 -6    3   4  24   4   0   1   1  13   1   1   1  10   0   1   0  32   3   0   0   0  0.91 inf
  206 V   -2  1 -1 -4 -4 -1 -2 -6 -1  2  2  3 -1  4 -4  0 -2 -5  1  0    2   6   3   0   0   2   2   0   1  11  16  16   1  16   1   7   3   0   4   7  0.39 inf
  207 R   -2  2  2  1 -6  0  1 -3 -2 -2 -3  4 -1 -5 -3  1  0 -4 -4 -5    4  10   8   8   0   4  10   2   1   3   3  24   1   0   2  11   6   0   1   0  0.45 inf
  208 S   -1 -2  3  4 -2 -2  0 -1  1 -2 -3  0 -2 -2 -4  2  1 -7 -3 -2    6   2  13  22   1   1   5   4   3   3   3   5   1   2   0  17   7   0   1   3  0.43 inf
  209 V   -1 -2  1 -7  2 -5 -6 -7  0  5  3 -3  2 -1 -5 -3 -2 -6 -3  1    6   2   6   0   4   0   0   0   2  27  27   2   5   3   0   2   3   0   1  10  0.72 inf
  210 E   -2 -1  3  0 -6  1  3 -4  1  0  1  2 -2 -2 -4 -1  0 -6 -1 -3    3   2  15   4   0   5  16   1   4   7  14  13   1   2   1   4   5   0   2   1  0.33 inf
  211 N   -3  0  4 -1 -6 -2 -3 -4  0  1 -1  4  1  0 -3 -1 -1 -6  1 -2    2   4  22   3   0   2   2   1   2   8   7  24   3   4   1   4   4   0   5   3  0.51 inf
  212 I   -5 -8 -6 -9 -7 -8 -8 -9 -8  6  2 -4  3  1 -6 -6 -4 -1 -4  4    1   0   0   0   0   0   0   0   0  42  20   1   5   6   0   0   1   1   0  21  1.40 inf
  213 I   -4 -3 -3 -7  0 -3 -5 -8 -5  7  2 -3  1  1 -8 -4 -3 -7  1  1    1   2   2   0   2   2   1   0   0  50  15   2   4   4   0   2   2   0   4   7  1.20 inf
  214 K   -3 -3  5  3 -4  0  0 -5  0 -4 -5  0 -4 -3  5  0 -3 -8 -4 -5    2   2  23  16   0   4   6   1   2   1   1   6   0   1  24   7   2   0   1   1  0.85 inf
  215 F   -8 -6 -6-10 -9 -8 -7-10  4 -2 -2 -5 -3  6-10 -8 -6 -5  9 -3    0   0   0   0   0   0   0   0   8   3   5   1   1  26   0   0   0   0  53   2  2.40 inf
  216 L   -8 -9 -5-10  1 -9 -9-10 -8  0  2 -9 -1  9-10 -6 -5 -6  0 -5    0   0   1   0   3   0   0   0   0   6  17   0   2  68   0   1   1   0   2   0  2.42 inf
  217 Q   -4 -2  4  5 -5  0  2 -5  0 -3 -3  3 -2 -4 -6  0  0 -5 -1 -3    1   2  17  26   0   4  11   0   2   2   3  15   1   1   0   7   5   0   2   2  0.69 inf
  218 N   -4  1  4 -1 -7  0  0 -3  1 -2 -2  5 -4 -1 -6  1 -1 -7 -4 -3    1   6  18   3   0   3   6   2   3   3   4  32   0   3   0   9   4   0   1   2  0.68 inf
  219 A   -3 -6  2 -5  0 -5 -6 -6  4 -6 -5 -4 -5  4 -4  0 -1 -2  8 -6    3   0  11   1   2   1   0   1   9   0   1   1   0  14   1   6   5   0  44   0  1.60 inf
  220 P   -3 -1  0 -1 -4 -3 -2 -1 -1 -2 -3  1 -3 -3  7 -1  1 -4 -3 -3    2   3   5   3   0   1   3   5   2   2   3   8   1   1  45   5   9   0   1   2  0.97 inf
  221 V   -1 -1  0 -1 -1 -1 -1 -1  0  2  2 -1  0  2  0  0 -1 -1 -1  1    4   3   5   3   1   2   3   4   2  12  23   4   2   8   4   6   3   1   2   8  0.10 inf
  222 K   -1  2  0 -2 -2  1 -1 -2  3 -1  0  3 -1 -1  0  0 -1  0  0 -2    4  10   5   2   1   6   3   3   7   4   8  22   1   2   4   6   3   1   3   3  0.23 inf
  223 L   -4 -5 -4 -5 -2 -3 -5 -5 -5 -2  5 -5  2  2 -5 -2  2  0 -4 -2    1   1   1   1   1   1   1   1   0   2  55   1   5   9   1   4  14   1   0   2  1.05 inf
  224 L   -3 -1 -1 -4 -3  1 -2 -4 -1  1  3  3  1  2 -3 -2 -3 -4  2 -1    1   2   3   1   0   7   2   1   2   8  26  20   3   8   1   3   1   0   7   3  0.41 inf
  225 G   -2 -4 -2 -3 -5 -4 -4  5 -4 -4 -5  0 -5 -4 -3  3  2 -5 -5 -5    3   1   2   1   0   1   1  45   0   1   1   6   0   1   1  20  14   0   0   1  1.03 inf
  226 N   -1  0  2 -2 -3 -1 -1 -2  1  1 -2  2  2 -1 -3  2  0 -4  2  0    3   4   9   2   0   3   3   3   3   9   4  12   7   2   1  17   5   0   7   7  0.17 inf
  227 K   -7 -3 -4 -7-10 -4 -5 -6 -7 -7 -9  9 -8-10 -8 -7 -7-10 -9 -9    0   1   1   0   0   0   0   1   0   0   0  96   0   0   0   0   0   0   0   0  3.14 inf
  228 K   -1  2 -1 -5 -4  1 -4 -2  2 -4  0  1 -3  0 -6  2 -4  1  5 -3    6  11   3   0   0   5   0   3   5   1  11  10   1   3   0  15   0   2  21   2  0.51 inf
  229 L   -3 -2  0 -2 -5 -1 -1 -5 -2  3  3  1  1  1 -5 -3 -1 -2  1  1    2   2   5   2   0   3   5   1   1  15  30   8   3   4   0   2   4   0   6   9  0.35 inf
  230 Q   -2 -4  2  6 -7  3  3 -6 -2 -5 -5 -3 -7 -4 -6  3 -4 -8 -7 -7    4   1   9  36   0  11  15   0   1   1   1   2   0   1   0  18   1   0   0   0  1.10 inf
  231 Y   -8 -8 -6 -9 -9 -8 -9 -9 -6 -5 -1 -9 -6  7 -9 -5 -8 -5  8 -6    0   0   0   0   0   0   0   0   0   1   7   0   0  43   0   1   0   0  48   0  2.71 inf
  232 L   -2  1  2 -2 -4  0  0 -4 -2  2  2  2  0 -1 -5 -1  0 -3 -1 -2    3   6  11   2   0   4   6   0   1  11  22  15   2   3   0   4   4   0   2   2  0.26 inf
  233 L   -3  0  1  4 -1 -1 -2 -5 -3  2  1  4  0 -4 -5 -2 -2 -4  0 -3    2   5   5  21   1   2   2   0   1  13  13  23   3   0   0   3   2   0   3   2  0.51 inf
  234 W   -9 -9 -9 -7 -4 -9 -6 -9 -8 -5 -5 -9 -7  7 -9 -9 -8 11 -1 -5    0   0   0   0   0   0   1   0   0   1   1   0   0  38   0   0   0  54   2   1  3.55 inf
  235 L   -1  3 -3 -5  5 -1 -2 -5 -3  0  1  4  0 -2 -5  0 -4 -4 -3 -1    5  17   1   0  10   2   2   0   0   6  11  27   2   1   0   6   1   0   1   4  0.62 inf
  236 K   -3  3  1 -2 -7  1  1 -6 -1 -3 -3  6 -2 -3 -4 -1 -3 -7 -1 -4    2  17   5   2   0   6  10   0   1   2   3  40   1   1   1   4   1   0   2   1  0.87 inf
  237 Q    2 -3 -2 -2 -1 -2 -2 -3 -3  3  0 -1 -1 -3 -4  0  0 -5 -1  3   20   1   2   3   1   1   3   2   0  17   6   4   1   1   0   8   5   0   2  22  0.35 inf
  238 L   -1 -4 -5 -7  0 -6 -7 -7 -1  2  3 -6 -1  3 -7 -4 -3 -3  6  1    5   1   1   0   2   0   0   0   2  10  28   0   1  12   0   1   1   0  26  10  1.01 inf
  239 R   -4  2  4  0 -3 -1  0 -4 -1  1  0  1  0  1 -4 -1 -1 -4  1 -1    0   9  20   4   0   1   7   0   1   7  11  11   2   7   1   4   4   0   5   5  0.28 inf
  240 K   -2 -1  0 -4 -3 -2 -2 -5 -5  2  3  4  4 -3 -5  0  0 -3 -2 -3    2   3   5   1   1   1   2   0   0  11  23  26  10   0   0   7   5   0   2   0  0.54 inf
  241 I   -4 -3  0 -5 -5 -4 -4 -5  1  5  1 -3  4 -1 -6 -2 -2 -5  3  1    0   1   5   0   0   1   1   0   3  37  13   2  10   2   0   4   2   0   8   9  0.80 inf
  242 S   -3 -1  2 -2 -5  2  2 -2  0 -1 -2  4 -1 -2 -2  0  0 -5  0 -3    1   3  11   1   0   7  13   2   2   4   4  29   2   2   2   6   6   0   4   2  0.42 inf
  243 R   -3  3  5 -2 -6  1  2  0 -1 -5 -4  4 -5 -6 -5 -1 -3  0 -4 -5    1  15  27   2   0   5  11   7   1   1   1  22   0   0   0   4   1   1   1   1  0.81 inf
  244 Y   -5 -2  3  0 -7 -4 -3  2  0 -6 -5  5 -6  0 -6 -4 -4 -2  5 -5    0   1  15   6   0   0   1  13   2   0   1  34   0   3   0   1   1   1  21   0  1.05 inf
  245 S   -2  0  2 -1 -5  0  3 -1  0 -2 -2  2 -4 -2 -3  1 -2 -4  3 -4    2   4  11   3   0   3  22   4   2   2   4  14   0   2   1  10   2   0  12   0  0.40 inf
  246 E   -4  0  1  0 -7 -1  1 -5  9 -4 -5  1 -3 -5 -4 -2 -3 -1 -2 -6    1   5   6   5   0   3   8   1  53   1   1   8   1   0   1   2   2   1   1   0  1.67 inf
  247 K   -4 -2  1 -3 -5 -2 -3 -6 -1 -2  5  4 -1 -3 -5 -3 -2 -5  0 -3    0   2   6   1   0   1   2   0   1   1  48  27   1   0   0   2   3   0   3   1  0.87 inf
  248 I   -4 -5 -3 -1 -3 -4 -4 -6 -5  2  2 -3  2 -1 -4 -1  5 -5 -2  0    0   0   1   3   0   0   0   0   0  13  21   1   5   2   1   4  42   0   1   5  0.81 inf
  249 K   -4  0  4 -1 -6  1  1 -5 -3 -3 -2  6 -2 -2 -3 -2 -4 -6 -1 -5    0   4  20   3   0   5   8   0   0   1   4  48   1   2   1   1   0   0   2   0  0.98 inf
  250 I   -1 -2  0 -2 -3  0 -1 -4 -3  4  1  1  0 -2 -4  0  1 -4 -3  1    2   0   5   1   0   3   3   0   0  31  16  11   2   0   0   6  10   0   0  10  0.30 inf
  251 P   -2 -4 -4 -3 -4 -2  0 -2 -4  2 -1 -2  2 -3  5 -2 -1  4 -3  1    2   0   0   0   0   1   9   2   0  18   4   2   7   0  36   2   3   6   0   9  0.71 inf
  252 S   -2  4  3  0 -4  2  2 -3 -2 -5 -4  3 -3 -5  0  1 -1 -5 -4 -4    0  22  14   5   0  11  11   0   0   0   0  23   0   0   3   9   2   0   0   0  0.56 inf
  253 N   -3 -2  7  0 -5 -2 -1 -3  1 -1 -5  2 -4 -5 -4 -2 -2 -6 -4 -2    0   0  68   2   0   0   2   0   3   5   0  16   0   0   0   0   1   0   0   2  1.24 inf
  254 Y   -4 -4 -4 -5 -4 -3 -4 -5  0 -3 -2 -4 -2  5 -5 -4 -3  5  8 -3    0   0   0   0   0   0   0   0   0   0   0   0   0  20   0   0   0   9  71   0  1.68 inf

                      K         Lambda
Standard Ungapped    0.1406     0.3217
Standard Gapped      0.0481     0.2670
PSI Ungapped         0.1568     0.3150
PSI Gapped           0.0481     0.2670
