
Last position-specific scoring matrix computed, weighted observed percentages rounded down, information per position, and relative weight of gapless real matches to pseudocounts
           A  R  N  D  C  Q  E  G  H  I  L  K  M  F  P  S  T  W  Y  V   A   R   N   D   C   Q   E   G   H   I   L   K   M   F   P   S   T   W   Y   V
    1 D   -2 -2  1  6 -3  0  1 -1 -1 -3 -3 -1 -3 -3 -1  0 -1 -4 -3 -3    0   0   0   0   0   0   0   0   0   0   0   0   0   0   0   0   0   0   0   0  0.00     0.00
    2 S    1 -1  1  0 -1  0  0  0 -1 -2 -2  0 -1 -2 -1  4  1 -3 -2 -2    0   0   0   0   0   0   0   0   0   0   0   0   0   0   0   0   0   0   0   0  0.00     0.00
    3 N   -1  0  5  1 -3  0  0  0  1 -3 -3  0 -2 -3 -2  1  0 -4 -2 -3    0   0   0   0   0   0   0   0   0   0   0   0   0   0   0   0   0   0   0   0  0.00     0.00
    4 D   -2 -2  1  6 -3  0  1 -1 -1 -3 -3 -1 -3 -3 -1  0 -1 -4 -3 -3    0   0   0   0   0   0   0   0   0   0   0   0   0   0   0   0   0   0   0   0  0.00     0.00
    5 L   -1 -2 -3 -3 -1 -2 -3 -3 -3  1  4 -2  2  0 -3 -2 -1 -2 -1  1    0   0   0   0   0   0   0   0   0   0   0   0   0   0   0   0   0   0   0   0  0.00     0.00
    6 E   -1 -1  1  5 -4  1  4 -2 -1 -3 -3  0 -3 -4 -1  0 -1 -4 -3 -3    0   0   0  50   0   0  50   0   0   0   0   0   0   0   0   0   0   0   0   0  0.69 inf
    7 A    3 -1  0 -1 -1  0 -1  0 -1 -2 -2  0 -1 -2 -1  3  1 -3 -2 -1   50   0   0   0   0   0   0   0   0   0   0   0   0   0   0  50   0   0   0   0  0.35 inf
    8 S    0 -2 -1 -1 -2 -1 -1 -2 -2 -3 -3 -1 -2 -3  7  2  0 -4 -3 -2    0   0   0   0   0   0   0   0   0   0   0   0   0   0  69  31   0   0   0   0  1.30 inf
    9 F   -1 -3 -2 -3 -2 -3 -3  2 -2  0  1 -3  0  5 -3 -2 -2  0  1 -1    0   0   0   0   0   0   0  27   0   0  23   0   0  50   0   0   0   0   0   0  0.36 inf
   10 T   -1  3 -2 -2 -2 -1 -2 -3 -2  0  2  0  1 -1 -2 -1  1 -2 -1  0    0  29   0   0   0   0   0   0   0   0  50   0   0   0   0   0  21   0   0   0  0.21 inf
   11 S    2 -1  0  3 -1 -1  0 -1 -1 -2 -2 -1 -2 -3 -1  2  2 -3 -2 -1   23   0   0  27   0   0   0   0   0   0   0   0   0   0   0  21  29   0   0   0  0.31 inf
   12 R   -1  2  0  0 -3  3  2  2  0 -3 -3  2 -2 -3 -2  0 -1 -3 -2 -3    0  17   0   0   0  24  21  21   0   0   0  18   0   0   0   0   0   0   0   0  0.39 inf
   13 L   -2 -3 -4 -4 -2 -3 -3 -4 -3  4  3 -3  1  0 -3 -3 -1 -2 -1  2    0   0   0   0   0   0   0   0   0  51  49   0   0   0   0   0   0   0   0   0  0.44 inf
   14 P   -1 -3 -2 -2 -3 -2 -2 -3 -3 -3 -3 -1 -3 -4  8 -1 -2 -4 -3 -3    0   0   0   0   0   0   0   0   0   0   0   0   0   0 100   0   0   0   0   0  2.21 inf
   15 P   -1 -2  2  3 -3 -1  1 -2 -2 -3 -4 -1 -3 -4  6  0 -1 -4 -3 -3    0   0  11  24   0   0  11   0   0   0   0   0   0   0  45   9   0   0   0   0  0.91 inf
   16 E   -2 -1  0  4 -4  1  5 -2 -1 -3 -3  0 -3 -2 -2 -1 -1 -2  2 -3    0   0   0  31   0   0  58   0   0   0   0   0   0   0   0   0   0   0  11   0  0.69 inf
   17 I   -1 -3 -3 -3 -1 -2 -3 -3 -3  4  2 -2  1 -1 -3  0 -1 -3 -2  2    0   0   0   0   0   0   0   0   0  47  25   0   0   0   0  14   0   0   0  14  0.31 inf
   18 V   -1  1 -2 -3 -2  1 -2 -3  2  2  3 -1  1 -1 -3 -2 -1 -3 -1  2    0  10   0   0   0   9   0   0   8  20  38   0   0   0   0   0   0   0   0  15  0.21 inf
   19 A    0 -1  3  2 -3  2  4 -2 -1 -3 -3  0 -2 -4 -2  0  0 -3 -2 -3    7   0  18  13   0  12  41   0   0   0   0   0   0   0   0   0   8   0   0   0  0.48 inf
   20 A    1 -1  2  0 -2  0  3 -2  2  1 -1 -1  1 -2 -2 -1 -1 -3 -2 -1   15   0  13   0   0   0  36   0   8  19   0   0   8   0   0   0   0   0   0   0  0.21 inf
   21 L   -2 -2 -3 -3 -2  1 -2 -4 -3  2  4 -2  1  0 -3 -3 -2 -2 -2  1    0   0   0   0   0  13   0   0   0  17  70   0   0   0   0   0   0   0   0   0  0.45 inf
   22 K   -2  4 -1 -2 -3  0  0 -3 -1  0  0  4 -1 -2 -2 -1 -1 -3 -2 -1    0  34   0   0   0   0   0   0   0  12  10  44   0   0   0   0   0   0   0   0  0.43 inf
   23 R    0  3  0  1 -3  0  0 -2 -1 -3 -3  3 -2 -3 -2  1  1 -3 -2 -2    9  23   0  12   0   0   0   0   0   0   0  31   0   0   0  11  13   0   0   0  0.33 inf
   24 K   -1  4 -1 -2 -3  0  0 -2 -1  0 -2  4 -1 -3 -2  1 -1 -3 -2 -2    0  40   0   0   0   0   0   0   0  11   0  36   0   0   0  12   0   0   0   0  0.46 inf
   25 S    1 -2 -1 -2 -1 -1 -2  1 -2  1  0 -1  0 -2 -2  3  0 -3 -2  1    8   0   0   0   0   0   0  13   0  13  12   0   0   0   0  42   0   0   0  11  0.18 inf
   26 S   -1 -1  4  0  3 -1 -1 -1 -1 -2 -3  1 -2 -3 -2  2  2 -3 -2 -2    0   0  31   0  11   0   0   0   0   0   0  13   0   0   0  23  22   0   0   0  0.38 inf
   27 R    2  3 -1 -2 -2  0 -1  1 -1 -3 -3  2 -2 -3 -2  1 -1 -3 -2 -2   24  31   0   0   0   0   0  12   0   0   0  19   0   0   0  13   0   0   0   0  0.34 inf
   28 D    1 -1  2  3 -2 -1  0 -1 -1 -3 -3  1 -2 -3  2  2  1 -4 -3 -2   11   0  13  23   0   0   0   0   0   0   0   8   0   0  13  19  12   0   0   0  0.36 inf
   29 P   -1  2 -1 -1 -3  1  1 -2 -1 -2 -2  1 -2 -3  5  1 -1 -3 -2  0    0  12   0   0   0  10   8   0   0   0   0  13   0   0  32  11   0   0   0  13  0.51 inf
   30 N   -1  2  3  1 -3  2  0 -1 -1 -3 -3  2 -2 -3 -2  2  0 -3 -2 -3    0  11  26   8   0  12   0   0   0   0   0  13   0   0   0  29   0   0   0   0  0.39 inf
   31 S    1 -1 -1 -2 -2  2 -1 -2 -2 -1  1 -1  2 -2 -2  3  0 -3 -2 -1    9   0   0   0   0  13   0   0   0   0  24   0  12   0   0  41   0   0   0   0  0.22 inf
   32 R   -1  4  2 -1 -3  0 -1  1 -1 -2  0  2 -1 -3 -2 -1 -1 -3 -2 -2    0  41  12   0   0   0   0  13   0   0  13  21   0   0   0   0   0   0   0   0  0.37 inf
   33 F   -3 -4 -4 -4 -3 -4 -4 -4 -2 -1  0 -4 -1  8 -5 -3 -3  0  2 -2    0   0   0   0   0   0   0   0   0   0   0   0   0 100   0   0   0   0   0   0  1.35 inf
   34 P    1 -2 -2 -2 -2 -1 -1 -2 -3 -1 -2  1 -2 -3  6 -1 -1 -4 -3  1   21   0   0   0   0   0   0   0   0   0   0  13   0   0  46   0   0   0   0  21  0.78 inf
   35 R   -2  2  1 -1 -3  0  1 -2  3 -2 -2  1 -2  2 -2 -1  1 -1  4 -2    0  17   8   0   0   0  12   0  13   0   0   8   0  10   0   0  11   0  22   0  0.28 inf
   36 K   -2  4 -1 -2 -4  1  0 -2 -1 -3 -3  5 -2 -4 -2 -1 -1 -4 -2 -3    0  26   0   0   0   0   0   0   0   0   0  74   0   0   0   0   0   0   0   0  0.80 inf
   37 L   -2 -3 -4 -4 -2 -3 -3 -4 -3  2  4 -3  1  0 -3 -3 -1 -2 -2  2    0   0   0   0   0   0   0   0   0  13  68   0   0   0   0   0   0   0   0  20  0.51 inf
   38 H   -2 -1 -2 -3 -3 -1 -2 -3  6 -2  0  0 -1  3 -3 -2 -2  7  1 -2    0   0   0   0   0   0   0   0  32   0  11  10   0  21   0   0   0  26   0   0  0.76 inf
   39 M    0 -2 -2 -3 -2 -1 -2 -3  3  2  1 -2  3  0 -3 -1  1 -1  2  1    8   0   0   0   0   0   0   0  13  16  12   0  20   0   0   0  10   0  11   9  0.18 inf
   40 L   -2 -3 -4 -4  6 -3 -4 -4 -3  1  4 -3  3 -1 -3 -2 -2 -2 -2  0    0   0   0   0  24   0   0   0   0   0  64   0  13   0   0   0   0   0   0   0  0.61 inf
   41 L   -2 -3 -4 -4 -2 -3 -4 -4 -4  1  5 -3  2  0 -4 -3 -2 -2 -2  0    0   0   0   0   0   0   0   0   0   0 100   0   0   0   0   0   0   0   0   0  0.77 inf
   42 T   -1  2  2  1 -3  0  2 -2 -1 -3 -3  3 -2 -3 -2  1  1 -3 -2 -2    0  11  13  10   0   0  12   0   0   0   0  29   0   0   0   9  15   0   0   0  0.33 inf
   43 Y   -3 -3 -4 -4 -3 -3 -3 -4 -1 -2 -1 -3 -1  5 -4 -3 -3  8  5 -2    0   0   0   0   0   0   0   0   0   0   0   0   0  39   0   0   0  31  29   0  1.29 inf
   44 L    1 -2 -2 -2 -1 -2 -2 -2 -3  2  1 -2  0 -1 -2  1  1 -3 -2  2   21   0   0   0   0   0   0   0   0  12  15   0   0   0   0  13  11   0   0  27  0.18 inf
   45 A    0  1  0  3 -3  2  1  3 -1 -3 -3  0 -2 -3 -2  1 -1 -3 -3 -3    7  13   0  22   0  11   8  26   0   0   0   0   0   0   0  13   0   0   0   0  0.35 inf
   46 S   -1  1  3  0 -2  0  1 -2 -1 -2 -2  0 -2 -2 -2  2  3 -2  1 -2    0  12  24   0   0   0  10   0   0   0   0   0   0   0   0  15  30   0   8   0  0.31 inf
   47 N   -2 -1  3  4 -4  0  1 -2  6 -4 -4  1 -3 -3 -2 -1 -2 -4 -1 -4    0   0  17  29   0   0   8   0  36   0   0   9   0   0   0   0   0   0   0   0  0.63 inf
   48 P   -1 -2 -2 -1 -4  3  1 -3 -2 -4 -3 -1 -3 -4  7 -1 -2 -4 -3 -3    0   0   0   0   0  21  10   0   0   0   0   0   0   0  69   0   0   0   0   0  1.49 inf
   49 Q    0 -1  3  3 -3  2  2 -2 -1 -2 -2  1  2 -3 -2  0 -1 -3 -2 -2   13   0  18  22   0  15  11   0   0   0   0   8  13   0   0   0   0   0   0   0  0.30 inf
   50 L   -2  3 -1  1 -3  0 -1 -3  0 -1  1  1  1  0 -3 -1 -2 -1  4 -2    0  31   0  13   0   0   0   0   0   0  15   9   8   0   0   0   0   0  24   0  0.28 inf
   51 E    0 -1  1 -1 -3  1  1  1 -1  0 -1  1  2  1 -2 -1 -1 -2 -1 -1    8   0  11   0   0   8  17  13   0   8   0  10  13  12   0   0   0   0   0   0  0.10 inf
   52 E   -2  0  4  3 -4  0  3 -2 -1 -4 -4  2 -3 -4 -2  0 -1 -4 -3 -3    0   0  31  20   0   0  26   0   0   0   0  22   0   0   0   0   0   0   0   0  0.55 inf
   53 E   -1  0  2  0 -3  3  2 -2  3 -2 -1  1 -1 -2 -2  0 -1 -2  1 -2    0   0  13   0   0  24  15   0  13   0   8  10   0   0   0   9   0   0   8   0  0.28 inf
   54 I    0 -3 -3 -4  3 -3 -3 -3 -3  3  1 -3  0  3 -3 -2 -1 -2  0  2    8   0   0   0  10   0   0   0   0  26  13   0   0  21   0   0   0   0   0  22  0.28 inf
   55 G    0 -3 -1 -2 -3 -3 -3  6 -3 -5 -4 -2 -3 -4 -3 -1 -2 -3 -4 -4    0   0   0   0   0   0   0 100   0   0   0   0   0   0   0   0   0   0   0   0  1.40 inf
   56 L    2 -3 -3 -3  6 -2 -3 -2 -3  0  2 -2  0 -1 -3 -1 -1 -3 -2  0   33   0   0   0  30   0   0   0   0   0  37   0   0   0   0   0   0   0   0   0  0.47 inf
   57 S    1  1 -1 -2  3 -1 -2  2 -1  0 -2 -1 -1 -1 -2  1 -1 -2  2 -1    9  13   0   0  11   0   0  24   0  12   0   0   0   0   0  17   0   0  13   0  0.18 inf
   58 W   -4 -4 -5 -6 -4 -3 -4 -4 -4 -4 -3 -4 -3  0 -5 -4 -4 12  1 -4    0   0   0   0   0   0   0   0   0   0   0   0   0   0   0   0   0 100   0   0  3.25 inf
   59 I   -1 -2 -2 -2 -2 -2 -2 -3  3  3  0 -2  0  0 -2  0  1 -2  2  2    0   0   0   0   0   0   0   0  13  32   0   0   0   0   0  12  13   0  11  18  0.20 inf
   60 S    0 -2  2  4 -2 -1  0 -1 -1 -2 -1 -1 -2 -3 -2  3  0 -4 -3 -2    0   0   8  35   0   0   0   0   0   0  11   0   0   0   0  46   0   0   0   0  0.43 inf
   61 D   -2 -2  0  6 -4 -1  1 -2 -2 -4 -4 -1 -3 -4  2  1 -1 -5 -4 -4    0   0   0  74   0   0   0   0   0   0   0   0   0   0  13  13   0   0   0   0  0.95 inf
   62 T   -1  1  4  1 -2 -1 -1  1 -1 -2 -2 -1  2 -3 -2  1  1 -3 -2 -2    0  10  34   9   0   0   0  11   0   0   0   0  13   0   0   8  15   0   0   0  0.29 inf
   63 E   -2 -1  2  2 -4  2  4 -2 -1  0 -3  0 -2 -3 -2 -1 -1 -4 -3 -2    0   0  13  12   0   8  58   0   0  10   0   0   0   0   0   0   0   0   0   0  0.55 inf
   64 F   -3 -4 -4 -4 -3 -4 -4 -4 -2 -1  0 -4 -1  8 -5 -3 -3  0  2 -2    0   0   0   0   0   0   0   0   0   0   0   0   0 100   0   0   0   0   0   0  1.35 inf
   65 K    1  2 -1 -2 -2  0 -1 -2 -1  0  1  1  2 -1 -2  0 -1 -2  1  1   13  16   0   0   0   0   0   0   0   0  11  17  13   0   0  10   0   0   8  12  0.11 inf
   66 M   -1 -3 -3 -4  4 -2 -3 -4 -3  2  2 -3  4 -1 -3 -2 -1 -3 -2  2    0   0   0   0  13   0   0   0   0  16  23   0  25   0   0   0   0   0   0  24  0.38 inf
   67 K   -2 -1  4  3 -3  0  0 -2  4 -3 -3  0 -3 -2 -2 -1 -1 -2  2 -3    0   0  40  23   0   0   0   0  18   0   0   7   0   0   0   0   0   0  12   0  0.55 inf
   68 K   -1  1  0 -1 -3  0  0 -2 -1 -3 -3  5 -2 -3 -2  2  1 -3 -2 -2    0   0   0   0   0   0   0   0   0   0   0  64   0   0   0  24  13   0   0   0  0.52 inf
   69 K    1  0  0  1 -3  0  0  2 -2 -3 -3  3 -2 -3  2  1 -1 -3 -3 -3   10   0   0  12   0   0   0  24   0   0   0  32   0   0   8  13   0   0   0   0  0.34 inf
   70 N    0  3  1 -2 -2  0 -1 -2 -1  0  0  2 -1 -2 -2  0  1 -3 -2 -1   11  29   7   0   0   0   0   0   0   8  13  22   0   0   0   0   9   0   0   0  0.21 inf
   71 V   -2 -3 -4 -4 -2 -3 -3 -4 -2  2  4 -3  1  0 -3 -3 -1 -1  2  2    0   0   0   0   0   0   0   0   0  10  62   0   0   0   0   0   0   0  13  15  0.44 inf
   72 A    3 -2 -2 -2  6 -2 -2  2 -2 -2 -2 -2 -2 -3 -2  2 -1 -3 -3 -1   33   0   0   0  30   0   0  19   0   0   0   0   0   0   0  18   0   0   0   0  0.53 inf
   73 L    1 -1 -1  0 -3  2  4 -2  3 -3 -1  0 -2 -3 -2  0 -1 -3 -2 -2   19   0   0   0   0   9  52   0  12   0   7   0   0   0   0   0   0   0   0   0  0.44 inf
   74 V   -1 -3 -4 -4 -2 -3 -3 -4 -3  3  1 -3  1  3 -3 -3 -1 -2  0  3    0   0   0   0   0   0   0   0   0  30   9   0   0  24   0   0   0   0   0  37  0.41 inf
   75 M   -2 -3 -3 -4  4 -2 -3 -4 -3  2  3 -3  5  0 -3 -2 -1 -2 -2  1    0   0   0   0  13   0   0   0   0  13  42   0  33   0   0   0   0   0   0   0  0.49 inf
   76 G   -1  2  2  3 -4  0  1  1 -1 -4 -3  2 -3 -4 -2 -1 -1 -4 -3 -3    0  12   8  30   0   0   8  15   0   0   0  26   0   0   0   0   0   0   0   0  0.42 inf
   77 I   -1 -2 -2 -3 -2 -2 -2 -3 -3  3  2  0  1 -1 -2  0 -1 -3 -2  2    0   0   0   0   0   0   0   0   0  35  21  13   0   0   0  13   0   0   0  18  0.21 inf
   78 K   -1  1 -1 -1 -4  3  0 -2 -1 -3 -3  6 -2 -4 -2 -1 -1 -4 -3 -3    0   0   0   0   0  13   0   0   0   0   0  87   0   0   0   0   0   0   0   0  0.82 inf
   79 L   -1  1 -2 -2 -2 -1 -1 -3 -2  1  2  1  0 -1  2  0 -1 -3 -2  0    0  12   0   0   0   0   0   0   0   9  41  13   0   0  13  11   0   0   0   0  0.21 inf
   80 N   -2 -1  7  1 -4 -1 -1 -1  0 -4 -4 -1 -3 -4 -3  0 -1 -5 -3 -4    0   0 100   0   0   0   0   0   0   0   0   0   0   0   0   0   0   0   0   0  1.27 inf
   81 T    0 -2  0 -1 -2 -1 -1 -2 -2 -2 -2 -1 -2 -3 -2  3  5 -3 -2 -1    0   0   0   0   0   0   0   0   0   0   0   0   0   0   0  33  67   0   0   0  0.65 inf
   82 L   -2 -3 -4 -4 -2 -3 -4 -4 -4  4  4 -3  1  0 -3 -3 -2 -2 -2  1    0   0   0   0   0   0   0   0   0  37  63   0   0   0   0   0   0   0   0   0  0.57 inf
   83 N   -2 -1  7  1 -4 -1 -1 -1  0 -4 -4 -1 -3 -4 -3  0 -1 -5 -3 -4    0   0 100   0   0   0   0   0   0   0   0   0   0   0   0   0   0   0   0   0  1.27 inf
   84 V   -1  1 -2 -2 -2 -1 -1 -3 -2  1 -1  1  0  2 -2  0  1 -2 -1  3    0  13   0   0   0   0   0   0   0   0   0  12   0  13   0  10  11   0   0  41  0.15 inf
   85 N   -2 -1  7  0 -4  0 -1 -1  0 -4 -4  1 -3 -4 -3  0 -1 -4 -3 -4    0   0  87   0   0   0   0   0   0   0   0  13   0   0   0   0   0   0   0   0  1.02 inf
   86 L   -2 -3 -4 -4 -2 -3 -4 -4 -3  1  4 -3  1  4 -4 -3 -2 -1  0  0    0   0   0   0   0   0   0   0   0   0  76   0   0  24   0   0   0   0   0   0  0.61 inf
   87 R   -2  6  2 -1 -4  0 -1 -3 -1 -4 -3  3 -2 -4 -3 -1 -1 -4 -2 -3    0  70  12   0   0   0   0   0   0   0   0  18   0   0   0   0   0   0   0   0  0.82 inf
   88 D   -1 -1  2  4 -3  0  2 -2 -1 -2 -2  1  2 -3 -2  1  1 -3 -2 -2    0   0  13  33   0   0  11   0   0   0   0   9  12   0   0  13   8   0   0   0  0.34 inf
   89 L   -2 -2 -2  1  4 -2 -2 -3  3  0  3 -2  0  0 -3 -2 -2 -2  2 -1    0   0   0  13  13   0   0   0  11   0  50   0   0   0   0   0   0   0  12   0  0.29 inf
   90 A    0 -1 -1 -1 -3  1  0  5 -2 -4 -4  1 -3 -4 -2 -1 -2 -3 -3 -3    7   0   0   0   0   9   8  62   0   0   0  13   0   0   0   0   0   0   0   0  0.66 inf
   91 F   -3 -4 -4 -4 -3 -4 -4 -4 -2 -1  0 -4 -1  8 -5 -3 -3  0  2 -2    0   0   0   0   0   0   0   0   0   0   0   0   0 100   0   0   0   0   0   0  1.35 inf
   92 E   -1  0  3  0 -3  3  2 -2 -1 -2 -2  1 -1 -3 -2  0  2 -3 -2 -1    0   0  26   0   0  19  16   0   0   0   0  12   0   0   0   0  19   0   0   8  0.32 inf
   93 Q   -1  0 -1 -1 -3  6  1 -3 -1 -2 -2  2 -1 -3 -2 -1 -1 -3 -2  0    0   0   0   0   0  72   0   0   0   0   0  14   0   0   0   0   0   0   0  14  0.64 inf
   94 L    1 -1 -1 -2 -1  1 -1 -2 -2  0  2 -1  0 -1 -2  1  2 -2 -2  0   11   0   0   0   0  14   0   0   0   0  40   0   0   0   0  15  21   0   0   0  0.17 inf
   95 Q   -1  2 -1 -1 -3  4  2 -3 -1 -1  1  2  0 -2 -2 -1 -1 -3 -2 -2    0  10   0   0   0  40  11   0   0   0  25  14   0   0   0   0   0   0   0   0  0.34 inf
   96 H   -1 -1 -1 -1 -2  1 -1  2  4 -2 -2 -1 -2 -2  4  0  1 -2 -1 -2    1   1   1   1   0  10   1  18  20   1   1   1   0   0  30   1  13   0   0   1  0.50 inf
   97 D   -2  3  0  5 -4  0  1 -2 -1 -3 -3  2 -3 -4 -2 -1 -1 -4 -3 -3    0  30   0  58   0   0   0   0   0   0   0  12   0   0   0   0   0   0   0   0  0.68 inf
   98 K   -1  1 -1 -1 -3  0  0 -2 -1 -1 -2  5 -1 -3 -2  0  1 -3 -2  0    0   0   0   0   0   0   0   0   0   0   0  71   0   0   0   0  17   0   0  12  0.41 inf
   99 G    1 -1  3  0 -2  0  1  3 -1 -3 -3 -1 -2 -3 -2  2  0 -3 -2 -2   15   0  24   0   0   0  16  26   0   0   0   0   0   0   0  19   0   0   0   0  0.35 inf
  100 G    0 -2 -1 -1 -3 -1  1  5 -2 -3 -3 -1 -2 -3 -2  0  1 -3 -3 -2    0   0   0   0   0   0  16  65   0   0   0   0   0   0   0   0  19   0   0   0  0.63 inf
  101 W   -2 -2 -3 -4 -3 -2 -3 -3  3  1 -1 -3 -1  1 -4 -3 -2  9  4 -1    0   0   0   0   0   0   0   0  16  16   0   0   0   0   0   0   0  49  19   0  1.18 inf
  102 T    0 -1  0 -1 -1 -1 -1 -2 -2 -1 -2 -1 -1 -3 -1  2  5 -3 -2 -1    0   0   0   0   0   0   0   0   0   0   0   0   0   0   0  16  84   0   0   0  0.57 inf
  103 Q   -2  1 -1 -2 -3  1  1 -3  0 -1 -1 -1 -1  4 -2 -1  1  0  3 -1    0  12   0   0   0  11  12   0   0   0   0   0   0  35   0   0  15   0  16   0  0.27 inf
  104 W   -3 -3 -4 -5 -3 -3 -4 -3 -3 -3 -2 -4 -2  3 -4 -3 -3 11  2 -3    0   0   0   0   0   0   0   0   0   0   0   0   0  16   0   0   0  84   0   0  2.27 inf
  105 K   -1  1 -1 -1  3  2  0 -2 -1 -2 -2  3 -1 -3 -1  0  2 -3 -2 -2    0   0   0   0  12  16   0   0   0   0   0  46   0   0   0   0  27   0   0   0  0.34 inf
  106 R   -2  4  2 -1  5  0 -1 -2  3 -3 -3  1 -2 -3 -3 -1 -1 -3 -1 -3    0  49  16   0  19   0   0   0  16   0   0   0   0   0   0   0   0   0   0   0  0.48 inf
  107 S   -1  0  0  3 -3  1  3 -2 -1 -3 -3  1 -2 -4  3  1 -1 -4 -3 -3    0   0   0  28   0   0  31   0   0   0   0  15   0   0  16  11   0   0   0   0  0.52 inf
  108 G   -1 -1  2 -1 -3 -1 -2  4 -2  0 -2  0 -2 -3 -2 -1 -1 -3 -3 -1    0   0  16   0   0   0   0  57   0  16   0  12   0   0   0   0   0   0   0   0  0.45 inf
  109 F   -2 -3 -3 -4 -2 -3 -4 -4 -2  0  0 -3  0  6 -4 -3 -2  0  2  1    0   0   0   0   0   0   0   0   0   0   0   0   0  84   0   0   0   0   0  16  0.76 inf
  110 T   -1  2  3  0 -2  0 -1 -1 -1 -2 -2  0 -1 -3 -2  2  3 -3 -2 -1    0  16  27   0   0   0   0   0   0   0   0   0   0   0   0  16  42   0   0   0  0.36 inf
  111 R    1  3 -1 -2 -2  0  0 -2 -1  0 -2  3 -1 -3 -2  0 -1 -3 -2 -1   19  25   0   0   0   0   0   0   0  12   0  44   0   0   0   0   0   0   0   0  0.30 inf
  112 N   -1  0  5  1 -3  3  0 -1  0 -3 -3  0 -2 -3 -2  1  2 -3 -2 -2    0   0  59   0   0  23   0   0   0   0   0   0   0   0   0   0  18   0   0   0  0.50 inf
  113 S    1 -1  0  0 -1  0  0 -1 -1 -3 -3  0 -2 -3 -1  5  1 -3 -2 -2    0   0   0   0   0   0   0   0   0   0   0   0   0   0   0 100   0   0   0   0  0.55 inf

                      K         Lambda
Standard Ungapped    0.1305     0.3155
Standard Gapped      0.0409     0.2670
PSI Ungapped         0.1318     0.3033
PSI Gapped           0.0409     0.2670
