
Last position-specific scoring matrix computed, weighted observed percentages rounded down, information per position, and relative weight of gapless real matches to pseudocounts
           A  R  N  D  C  Q  E  G  H  I  L  K  M  F  P  S  T  W  Y  V   A   R   N   D   C   Q   E   G   H   I   L   K   M   F   P   S   T   W   Y   V
    1 M   -2 -3 -4 -4 -3 -2 -3 -4 -3  1  1 -3  9 -1 -4 -3 -2 -3 -2  0    0   0   0   0   0   0   0   0   0   5   1   0  94   0   0   0   0   0   0   0  1.25 inf
    2 N   -2  0  6  0 -4  0 -1 -2  6 -4 -4  1 -3 -3 -3  0 -1 -4 -1 -4    0   1  57   1   0   2   0   0  29   0   0   8   0   0   0   1   0   0   1   0  0.83 inf
    3 L   -2 -3 -4 -5 -2 -3 -4 -5 -4  1  5 -3  1  0 -4 -3 -2 -3 -2  0    0   0   0   0   0   0   0   0   0   1  98   0   0   0   0   0   0   0   0   2  0.82 inf
    4 T    0 -1  1 -1 -2  2 -1 -2 -2 -2 -2 -1 -2 -3 -2  3  4 -3 -2 -2    0   1   6   0   0  14   0   0   0   0   0   0   0   0   0  28  49   0   0   0  0.48 inf
    5 E   -2 -1 -1  4 -5  1  6 -3 -1 -4 -4  0 -3 -4 -2 -1 -2 -4 -3 -4    1   0   0  27   0   1  70   0   0   0   0   0   0   0   0   0   0   0   0   0  0.94 inf
    6 L   -2 -3 -4 -5 -2 -3 -4 -5 -4  1  5 -3  2  0 -4 -3 -2 -3 -2  0    0   0   0   0   0   0   0   0   0   2  97   0   1   0   0   0   0   0   0   0  0.82 inf
    7 K   -2  1 -1 -2 -4  1  0 -3 -2 -4 -4  6 -2 -4 -2 -1 -2 -4 -3 -3    0   0   0   0   0   2   0   0   0   0   0  98   0   0   0   0   0   0   0   0  1.04 inf
    8 N    0  1  2  0 -2  2  0 -1  1 -2 -2  2 -1 -3 -2  1  1 -3 -2 -1    9   7  17   2   0  11   3   1   4   0   4  17   0   0   0  12  10   0   0   2  0.20 inf
    9 T   -1  1 -1 -2 -3  2  0 -3 -2 -1  1  4  2 -2 -2 -1  0 -3 -2 -2    0   1   2   0   0   7   2   0   0   1  15  57   9   0   0   0   6   0   0   0  0.36 inf
   10 P   -1 -1  0 -1 -3  0 -1 -2  4 -3 -3 -1 -2 -3  5  2  1 -4 -2 -3    1   1   3   0   0   3   0   0  19   0   1   2   0   0  32  30   8   0   0   0  0.66 inf
   11 V    1 -3 -3 -3 -2 -2 -2 -3 -3  3  0 -2  0 -2  3 -1  0 -4 -2  3   15   0   1   0   0   0   0   0   0  21   0   0   1   0  18   1   4   0   0  40  0.37 inf
   12 S    2 -1  1 -1 -2  0  0 -1  1 -2 -2 -1 -2 -3  2  3  2 -3 -2 -1   23   0   5   0   0   5   2   2   4   1   1   0   0   0   8  37  12   0   1   1  0.31 inf
   13 E   -1 -1  0  2 -4  2  5 -1 -1 -4 -3  1 -3 -4 -2 -1 -1 -4 -3 -3    5   0   1  10   0   9  66   3   0   0   1   4   0   0   0   1   0   0   0   0  0.69 inf
   14 L   -2 -3 -4 -5 -2 -3 -4 -5 -4  1  5 -3  1  0 -4 -3 -2 -3 -2  0    0   0   0   0   0   0   0   0   0   3  96   0   0   0   0   0   0   0   0   1  0.79 inf
   15 I   -1 -3 -3 -4 -2 -2 -3 -4 -3  3  3 -3  2  0 -3 -2 -1 -3 -2  3    2   0   1   0   0   1   0   0   0  16  44   0   4   1   0   0   1   0   0  30  0.38 inf
   16 T    1  0  0  2 -3  1  3 -1  0 -2 -3  1 -2 -3 -2  1  0 -3 -2 -2   17   1   2  15   0   5  34   1   1   1   0  10   0   0   0   7   4   0   0   2  0.32 inf
   17 L   -2 -3 -3 -4 -2 -2 -3 -4 -3  3  3 -2  4  2 -3 -3 -1 -2  0  1    0   0   0   0   0   1   0   0   0  31  30   1  24   9   0   0   0   0   1   2  0.40 inf
   18 G    5 -2 -2 -2  0 -2 -2  2 -2 -2 -2 -2 -2 -3 -2  1 -1 -3 -3 -1   83   0   0   0   2   0   0  11   0   0   0   0   0   0   0   3   1   0   0   0  0.62 inf
   19 E    0  0  0  1 -3  3  4 -2 -1 -1 -2  1 -1 -2 -2  0  0 -3 -2 -2    6   2   3   3   0  14  47   1   0   5   3   7   1   1   0   3   3   0   1   1  0.37 inf
   20 N    1 -1  0  1 -3  2  4  0 -1 -3 -3  0 -2 -3 -1  2  1 -3 -2 -2   10   1   1   3   0   8  37   5   1   0   0   2   0   0   0  27   6   0   0   0  0.37 inf
   21 M   -1 -2  0 -3 -2 -1 -2 -3  0  1  3 -2  5  0 -3 -2 -1 -2 -1  0    2   0   9   0   0   1   0   0   2   3  39   1  38   2   0   1   1   0   0   1  0.37 inf
   22 G   -1 -1  1  1 -3  0  2  5 -2 -4 -4  0 -3 -4 -2 -1 -2 -3 -3 -3    0   0   6   6   0   3  24  54   0   0   0   6   0   0   0   1   0   0   0   1  0.60 inf
   23 L   -2 -3 -4 -4 -2 -3 -4 -4 -4  4  3 -3  1  0 -3 -3 -1 -3 -2  2    0   0   0   0   0   0   0   0   0  42  40   0   2   0   0   0   0   0   0  16  0.48 inf
   24 E   -2 -1 -1  4 -5  1  6 -3 -1 -4 -4  0 -3 -4 -2 -1 -2 -4 -3 -4    0   0   0  22   0   0  78   0   0   0   0   0   0   0   0   0   0   0   0   0  0.98 inf
   25 N   -1 -2  6  1 -3 -1 -1  3  0 -4 -4 -1 -3 -4 -3  0 -1 -4 -3 -4    2   0  69   4   0   0   0  21   2   0   0   0   0   0   0   3   0   0   0   0  0.80 inf
   26 L    2 -2 -3 -3 -1 -2 -2 -2 -3  1  2 -2  2 -1 -2  0  0 -3 -2  1   37   0   0   0   0   0   0   0   0  11  23   0  11   0   0   1   7   0   0  10  0.21 inf
   27 A    3 -2  2 -1 -2  0 -1  1 -1 -3 -2 -1 -2 -3 -2  2  0 -3 -2 -2   42   0  15   1   0   3   0  11   0   0   1   0   0   0   0  26   1   0   0   0  0.35 inf
   28 R   -2  7 -1 -2 -4  0 -1 -3 -1 -4 -3  1 -2 -4 -3  0  1 -4 -3 -3    1  85   0   0   0   0   0   1   0   0   0   0   0   0   0   3  10   0   0   0  0.94 inf
   29 M    1 -2 -1 -3 -2 -1 -2 -2 -2  0  3 -1  3  0 -2  1  0 -2 -2  0   11   0   2   0   0   1   0   0   0   0  43   2  16   2   0  16   5   0   0   1  0.21 inf
   30 R   -2  7 -1 -2 -4  0 -1 -3  1 -4 -3  2 -2 -4 -2 -1 -2 -4 -2 -3    0  88   0   0   0   0   0   0   3   0   1   6   0   0   0   2   0   0   0   0  1.05 inf
   31 K   -2  2 -1 -2 -4  1  0 -2 -2 -4 -3  6 -2 -4 -2 -1 -1 -4 -3 -3    0   2   0   0   0   0   0   0   0   0   0  98   0   0   0   0   0   0   0   0  0.98 inf
   32 Q   -2  0 -1 -1 -4  7  1 -3  1 -4 -3  1 -1 -4 -2 -1 -2 -3 -2 -3    0   0   0   0   0  91   0   0   2   0   0   6   1   0   0   0   0   0   0   0  1.10 inf
   33 D   -2 -2  0  6 -4  0  4 -2 -2 -4 -4 -1 -4 -4 -2 -1 -2 -5 -4 -4    0   0   0  70   0   0  29   1   0   0   0   0   0   0   0   0   1   0   0   0  1.03 inf
   34 I   -2 -3 -4 -4 -2 -3 -4 -4 -4  4  3 -3  3  0 -3 -3 -1 -3 -2  2    0   0   0   0   0   0   0   0   0  39  42   0   9   0   0   0   1   0   0   9  0.48 inf
   35 I   -2 -3 -4 -4 -2 -3 -4 -4 -4  5  1 -3  4 -1 -4 -3 -1 -3 -2  2    0   0   0   0   0   0   0   0   0  66   3   0  24   0   0   0   0   0   0   8  0.60 inf
   36 F   -3 -4 -4 -5 -3 -4 -4 -4 -2 -1  0 -4 -1  8 -5 -3 -3  0  2 -2    0   0   0   0   0   0   0   0   0   0   0   0   0  99   0   0   0   0   1   0  1.41 inf
   37 A    4 -1  0 -2 -1  0 -1  0 -2 -2 -2 -1 -2 -3 -2  2  0 -3 -2 -1   69   1   5   0   0   2   0   0   0   0   1   1   0   0   0  19   2   0   0   0  0.46 inf
   38 I   -2 -4 -4 -4 -2 -3 -4 -5 -4  6  2 -3  1 -1 -4 -3 -1 -3 -2  2    0   0   0   0   0   0   0   0   0  82  14   0   2   0   0   0   0   0   0   1  0.67 inf
   39 L   -2 -3 -4 -4 -2 -3 -4 -4 -3  1  5 -3  2  1 -4 -3 -2 -2 -1  1    0   0   0   0   0   0   0   0   0   0  90   0   5   3   0   0   0   0   0   2  0.68 inf
   40 K   -2  2  0 -1 -4  1  0 -2 -1 -4 -3  6 -2 -4 -2 -1 -1 -4 -3 -3    0   3   2   0   0   0   1   0   0   0   0  94   0   0   0   0   0   0   0   0  0.91 inf
   41 Q    2  2  1 -1 -2  2  0 -1  1 -2 -2  2 -1 -3 -2  0  0 -3 -2 -2   29  12   8   0   0  17   2   2   3   0   1  21   0   0   0   2   3   0   0   1  0.25 inf
   42 H   -2  2  0 -2 -3  2 -1 -3  7 -2  0  0  0 -2 -3 -1 -2 -3  0 -2    1  13   3   0   0  11   0   0  48   0  14   5   1   1   0   1   0   0   0   0  0.53 inf
   43 A    5 -2 -2 -2 -1 -1 -2 -1 -2 -2 -2 -1 -1 -3 -2  1  0 -3 -3 -1   92   0   0   0   0   1   0   0   0   0   0   0   1   0   0   3   2   0   0   1  0.67 inf
   44 K   -1  3 -1  0 -4  1  1 -2 -1 -3 -3  5 -1 -4 -2  0 -1 -4 -3 -3    4  11   0   4   0   3   7   0   0   0   1  66   1   0   0   2   0   0   0   0  0.56 inf
   45 S    0  1  2  0 -2  2  0  0  0 -3 -3  2 -2 -3 -2  2  0 -1 -2 -2    4   8  15   0   0   9   3   7   1   0   0  16   0   0   0  31   3   1   0   0  0.28 inf
   46 G   -1 -3  0  1 -3 -2 -1  6 -3 -5 -5 -2 -4 -4 -3 -1 -2 -4 -4 -4    0   0   3   9   0   0   3  85   0   0   0   0   0   0   0   0   0   0   0   0  1.09 inf
   47 E   -1 -1 -1  2 -4  1  5 -1 -1 -2 -3  0 -2 -4 -2 -1  0 -4 -3 -1    0   1   1   6   0   1  72   3   0   3   0   0   0   0   0   0   4   0   0   7  0.63 inf
   48 D    0 -1  0  5 -3  1  2 -1 -1 -3 -3 -1 -2 -3  0  1  0 -4 -2 -3    6   0   1  49   0  10   9   2   1   0   0   0   1   0   4  10   4   0   1   0  0.49 inf
   49 I   -2 -4 -4 -4 -2 -4 -4 -5 -4  6  1 -4  0  0 -4 -3 -1 -3 -2  2    0   0   0   0   0   0   0   0   0  92   1   0   0   3   0   0   0   0   0   5  0.77 inf
   50 F   -2 -3 -3 -4 -1 -3 -3 -4  0  0 -1 -3 -1  5 -4 -1 -1  2  6 -1    0   0   0   0   1   0   1   0   1   5   0   0   1  42   0   6   3   2  37   1  0.69 inf
   51 G    0 -3 -1 -2 -1 -3 -3  6 -3 -4 -4 -2 -3 -4 -3 -1 -2 -3 -4 -4    4   0   0   0   1   0   0  94   0   0   0   0   0   0   0   1   1   0   0   0  1.27 inf
   52 D   -1 -2  1  6 -4  0  3  0  0 -3 -4 -1 -3 -4 -2  0 -1 -4 -3 -3    4   0   2  60   0   2  19   7   2   0   0   0   0   0   0   2   1   0   0   0  0.71 inf
   53 G    0 -3 -1 -2 -3 -3 -3  7 -3 -5 -5 -2 -4 -4 -3 -1 -2 -3 -4 -4    1   0   0   0   0   0   0  99   0   0   0   0   0   0   0   0   0   0   0   0  1.41 inf
   54 V    0 -3 -3 -4  0 -3 -3 -3 -4  2  0 -3  0 -2 -3 -1  2 -4 -2  5    4   0   0   0   1   0   0   0   0   1   0   0   0   0   0   0  14   0   0  79  0.51 inf
   55 L   -2 -3 -4 -4 -2 -3 -4 -4 -4  1  5 -3  2  0 -4 -3 -2 -1 -2  1    0   0   0   0   0   0   0   0   0   1  90   0   0   0   0   0   0   1   0   8  0.67 inf
   56 E   -2 -1 -1  1 -5  1  6 -3 -1 -4 -4  0 -3 -4 -2 -1 -2 -4 -3 -3    0   0   0   1   0   1  97   0   0   0   0   1   0   0   0   0   0   0   0   0  1.13 inf
   57 I   -2 -4 -4 -4 -1 -3 -4 -4 -4  5  1 -3  1 -1 -3 -3 -1 -3 -2  3    0   0   0   0   1   0   0   0   0  64   3   0   0   1   0   0   2   0   0  30  0.57 inf
   58 L   -2 -3 -4 -5 -2 -3 -4 -5 -4  1  5 -3  2  0 -4 -3 -2 -2 -2  0    0   0   0   0   0   0   0   0   0   0  99   0   1   0   0   0   0   0   0   0  0.79 inf
   59 Q   -1 -1  0 -1 -4  5  0 -3 -1 -4 -3  0 -2 -4  6  0 -1 -4 -3 -3    0   0   3   0   0  48   0   0   0   0   0   0   0   0  42   6   1   0   0   0  1.00 inf
   60 D   -3 -3  1  7 -5 -1  1 -2 -2 -4 -5 -2 -4 -5 -2 -1 -2 -5 -4 -4    0   0   0  99   0   0   1   0   0   0   0   0   0   0   0   0   0   0   0   0  1.40 inf
   61 G   -1 -3 -1 -2 -3 -3 -3  7 -3 -5 -5 -2 -4 -4 -3 -1 -2 -3 -4 -4    0   0   0   0   0   0   0 100   0   0   0   0   0   0   0   0   0   0   0   0  1.43 inf
   62 F   -3 -4 -4 -5 -3 -4 -4 -4 -2 -1  0 -4 -1  8 -5 -3 -3  0  3 -2    0   0   0   0   0   0   0   0   0   0   0   0   0  93   0   0   0   0   7   0  1.30 inf
   63 G   -1 -3 -1 -2 -3 -3 -3  7 -3 -5 -5 -2 -4 -4 -3 -1 -2 -3 -4 -4    0   0   0   0   0   0   0 100   0   0   0   0   0   0   0   0   0   0   0   0  1.43 inf
   64 F   -3 -4 -4 -5 -3 -4 -4 -4 -2 -1  0 -4 -1  8 -5 -3 -3  0  2 -2    0   0   0   0   0   0   0   0   0   0   0   0   0 100   0   0   0   0   0   0  1.40 inf
   65 L   -2 -3 -4 -5 -2 -3 -4 -5 -4  1  5 -3  2  0 -4 -3 -2 -2 -2  0    0   0   0   0   0   0   0   0   0   0 100   0   0   0   0   0   0   0   0   0  0.80 inf
   66 R   -2  7 -1 -3 -5  0 -1 -3 -1 -4 -3  1 -2 -4 -3 -2 -2 -4 -3 -4    0 100   0   0   0   0   0   0   0   0   0   0   0   0   0   0   0   0   0   0  1.28 inf
   67 S    1 -2  0 -1 -2 -1 -1  0 -2 -3 -3 -1 -2 -3 -2  5  1 -4 -3 -2    7   0   0   0   0   0   0   3   0   0   0   0   0   0   0  87   3   0   0   0  0.70 inf
   68 A    3 -2 -2 -1 -2 -1 -1  0 -2 -3 -3 -1 -2 -3  5  1 -1 -4 -3 -2   41   1   0   1   0   1   1   3   0   0   1   0   0   0  39  11   1   0   0   0  0.74 inf
   69 D   -2 -2  0  6 -4  0  3 -1 -1 -3 -4 -1 -3 -4 -2  0 -1 -4 -3 -3    1   0   1  63   0   1  27   2   0   1   0   0   0   0   0   2   1   0   0   1  0.83 inf
   70 S    2 -2  0 -1  1 -1 -1  1 -2 -2 -2 -1 -2 -3 -2  3  2 -3 -1 -1   23   0   2   1   4   0   2  11   0   1   0   0   0   0   0  39  16   0   2   0  0.32 inf
   71 S    0 -1  3 -1 -2 -1 -1 -1 -1 -3 -4 -1 -2 -3 -2  5  1 -4 -3 -3    0   0  16   0   0   0   0   0   0   0   0   0   0   0   0  84   0   0   0   0  0.71 inf
   72 Y   -3 -3 -3 -4 -4 -3 -3 -4  1 -2 -2 -3 -2  3 -4 -3 -3  1  9 -2    0   0   0   0   0   0   0   0   0   0   0   0   0   3   0   0   0   0  97   0  1.56 inf
   73 L   -2 -3 -4 -4  0 -1 -3 -4 -3  1  5 -3  3  0 -4 -3 -2 -2 -2  0    0   0   0   0   2   3   0   0   0   0  87   0   6   1   0   0   0   0   0   1  0.62 inf
   74 A    5 -2 -2 -3 -1 -2 -2 -1 -2 -2 -2 -1 -2 -3  3  0 -1 -4 -3 -1   84   0   0   0   0   0   0   0   0   0   0   0   0   0  14   1   0   0   0   0  0.69 inf
   75 G    0 -3  0 -2 -3 -2 -2  6 -3 -4 -4 -2 -3 -4 -3  1 -2 -3 -4 -4    0   0   3   0   0   0   0  82   0   0   0   0   0   0   0  15   0   0   0   0  1.06 inf
   76 P   -1 -3 -3 -2 -3 -2 -2 -3 -3 -3 -4 -2 -3 -4  8 -1  1 -5 -4 -3    2   0   0   0   0   0   1   0   0   0   0   0   0   0  84   0  14   0   0   0  1.88 inf
   77 D   -3 -3  1  7 -5 -1  1 -2 -2 -4 -5 -2 -4 -5 -2 -1 -2 -5 -4 -4    0   0   0  98   0   0   1   0   0   0   0   0   0   0   0   1   0   0   0   0  1.39 inf
   78 D   -3 -3  1  7 -5 -1  1 -2 -2 -4 -5 -2 -4 -5 -2 -1 -2 -5 -4 -4    0   0   0 100   0   0   0   0   0   0   0   0   0   0   0   0   0   0   0   0  1.43 inf
   79 I   -2 -4 -4 -4 -2 -4 -4 -5 -4  6  1 -4  1 -1 -4 -3 -1 -4 -2  2    0   0   0   0   0   0   0   0   0  94   2   0   0   0   0   0   1   0   0   3  0.80 inf
   80 Y   -3 -3 -3 -4 -4 -3 -3 -4  1 -2 -2 -3 -2  2 -4 -3 -3  1  9 -2    0   0   0   0   0   0   0   0   0   0   0   0   0   0   0   0   0   0 100   0  1.62 inf
   81 V   -1 -3 -4 -4 -2 -3 -3 -4 -4  3  1 -3  0 -1 -3 -3 -1 -4 -2  5    0   0   0   0   0   0   0   0   0  16   3   0   1   0   0   0   0   0   0  80  0.62 inf
   82 S    1 -2  0 -1 -2 -1 -1 -1 -2 -3 -3 -1 -2 -3 -2  6  1 -4 -3 -3    1   0   0   0   0   0   0   0   0   0   0   0   0   0   0  99   0   0   0   0  0.85 inf
   83 P   -2 -3 -3 -3 -4 -2 -2 -3 -3 -4 -4 -2 -4 -5  8 -2 -2 -5 -4 -3    0   0   0   0   0   1   0   0   0   0   0   0   0   0  99   0   0   0   0   0  2.38 inf
   84 S    0 -2  0 -1 -2 -1 -1 -1 -2 -3 -3 -1 -2 -3 -2  6  1 -4 -3 -3    1   0   2   0   0   0   0   1   0   0   0   0   0   0   0  94   2   0   0   0  0.78 inf
   85 Q   -2  0 -1 -1 -4  7  1 -3 -1 -3 -3  0 -1 -3 -2 -1 -2 -3 -2 -3    0   0   0   0   0  97   0   0   0   1   1   0   0   1   0   0   0   0   0   0  1.18 inf
   86 I   -2 -4 -4 -4 -2 -4 -4 -5 -4  6  1 -4  1 -1 -4 -3 -1 -4 -2  3    0   0   0   0   0   0   0   0   0  91   0   0   1   0   0   0   0   0   0   8  0.77 inf
   87 R   -2  7 -1 -3 -5  0 -1 -3 -1 -4 -3  1 -2 -4 -3 -2 -2 -4 -3 -4    0 100   0   0   0   0   0   0   0   0   0   0   0   0   0   0   0   0   0   0  1.28 inf
   88 R   -2  7 -1 -2 -4  0 -1 -3 -1 -4 -3  2 -2 -4 -3 -2 -2 -4 -3 -4    0  94   0   0   0   0   0   0   0   0   0   6   0   0   0   0   0   0   0   0  1.18 inf
   89 F   -3 -4 -4 -5 -1 -4 -4 -4 -2 -1  0 -4 -1  8 -5 -3 -3  0  2 -2    0   0   0   0   2   0   0   0   0   1   2   0   0  95   0   0   0   0   0   0  1.26 inf
   90 N   -1 -1  6  0 -3 -1 -1  2  0 -4 -4 -1 -3 -4 -3  1 -1 -4 -3 -3    3   0  68   0   0   0   0  16   2   0   0   0   0   0   0  11   0   0   0   0  0.76 inf
   91 L   -2 -3 -4 -5 -2 -3 -4 -5 -4  1  5 -3  2  0 -4 -3 -2 -2 -2  0    0   0   0   0   0   0   0   0   0   0  99   0   1   0   0   0   0   0   0   0  0.78 inf
   92 R   -2  6 -1 -2 -4  1 -1 -3  6 -4 -3  1 -2 -3 -3 -1 -2 -3 -1 -4    0  64   0   0   0   5   0   0  28   0   0   3   0   0   0   0   0   0   0   0  0.88 inf
   93 T   -1 -2  0 -2 -2 -1 -2 -2 -2 -2 -2  0 -2 -3 -2  1  6 -3 -3 -1    0   0   1   0   0   0   0   0   0   0   0   6   0   0   0   1  92   0   0   0  0.83 inf
   94 G   -1 -3 -1 -2 -3 -3 -3  7 -3 -5 -5 -2 -4 -4 -3 -1 -2 -3 -4 -4    0   0   0   0   0   0   0 100   0   0   0   0   0   0   0   0   0   0   0   0  1.43 inf
   95 D   -3 -3  1  7 -5 -1  1 -2 -2 -4 -5 -2 -4 -5 -2 -1 -2 -5 -4 -4    0   0   0 100   0   0   0   0   0   0   0   0   0   0   0   0   0   0   0   0  1.43 inf
   96 T    0 -2  0 -2 -2 -1 -1 -2 -1 -2 -2  0  0 -2 -2  3  5 -3 -1 -1    0   0   0   0   0   0   1   0   2   0   0   3   3   0   0  22  67   0   1   0  0.54 inf
   97 I   -2 -4 -4 -4 -2 -3 -4 -4 -4  5  1 -3  1 -1 -3 -3 -1 -3 -2  4    0   0   0   0   0   0   0   0   0  65   1   0   0   0   0   0   0   0   0  33  0.62 inf
   98 S    1 -1  0  0 -1  1  3 -1 -1 -2 -3  0 -2 -2 -2  2  1 -3 -1 -1   15   0   0   2   1   3  38   1   1   1   0   1   0   1   0  27   6   0   1   3  0.33 inf
   99 G   -1 -3 -1 -2 -3 -3 -3  7 -3 -5 -5 -2 -4 -4 -3 -1 -2 -3 -4 -4    0   0   0   0   0   0   0 100   0   0   0   0   0   0   0   0   0   0   0   0  1.43 inf
  100 K   -1  1 -1  0 -4  2  3 -2  0 -3 -3  4 -1 -4 -1  0  0 -3 -2 -3    0   3   0   0   0  12  22   0   1   1   1  51   1   0   2   2   3   0   0   0  0.49 inf
  101 I   -2 -4 -4 -4 -2 -4 -4 -5 -4  6  1 -3  1 -1 -4 -3 -1 -3 -2  3    1   0   0   0   0   0   0   0   0  82   1   0   0   0   0   0   0   0   0  17  0.70 inf
  102 R   -2  7 -1 -3 -5  0 -1 -3 -1 -4 -3  1 -2 -4 -3 -2 -2 -4 -3 -4    0 100   0   0   0   0   0   0   0   0   0   0   0   0   0   0   0   0   0   0  1.28 inf
  103 P    0 -2 -2 -2 -3 -2 -2 -2 -2 -2 -3 -2 -2 -3  7  1  2 -4 -3 -1    5   0   0   0   0   0   0   2   1   1   0   0   0   1  59   9  18   0   0   5  1.11 inf
  104 P   -2 -3 -3 -3 -4 -2 -2 -3 -3 -4 -4 -2 -4 -5  8 -2 -2 -5 -4 -3    0   0   0   0   0   0   0   0   0   0   0   0   0   0 100   0   0   0   0   0  2.43 inf
  105 K   -2  2 -1 -2 -4  1  0 -2 -2 -4 -3  6 -2 -4 -2 -1 -2 -4 -3 -3    0   0   0   0   0   0   0   0   0   0   0 100   0   0   0   0   0   0   0   0  0.99 inf
  106 E   -2 -2  0  6 -4  0  4 -2 -1 -4 -4 -1 -3 -4 -2 -1 -2 -5 -3 -4    0   0   0  59   0   0  40   0   0   0   0   0   0   0   0   0   0   0   0   0  0.97 inf
  107 G    0 -2  2 -1 -3 -2 -2  6 -2 -4 -4 -2 -3 -4 -3  1 -1 -3 -3 -4    0   0  11   0   0   1   0  72   0   0   0   1   0   0   0  15   0   0   0   0  0.89 inf
  108 E   -2 -1 -1  1 -5  1  7 -3 -1 -4 -4  0 -3 -4 -2 -1 -2 -4 -3 -3    0   0   0   0   0   0 100   0   0   0   0   0   0   0   0   0   0   0   0   0  1.18 inf
  109 R   -2  7 -1 -3 -5  0 -1 -3 -1 -4 -3  2 -2 -4 -3 -2 -2 -4 -3 -4    0  99   0   0   0   0   0   0   0   0   0   1   0   0   0   0   0   0   0   0  1.27 inf
  110 Y   -3 -3 -3 -4 -4 -3 -3 -4  1 -2 -2 -3 -2  2 -4 -3 -3  1  9 -2    0   0   0   0   0   0   0   0   0   0   0   0   0   0   0   0   0   0 100   0  1.62 inf
  111 F   -3 -4 -4 -5 -3 -4 -4 -4 -2 -1  0 -4 -1  8 -5 -3 -3  0  2 -1    0   0   0   0   0   0   0   0   0   0   0   0   0  99   0   0   0   0   0   1  1.36 inf
  112 A    5 -2 -2 -3 -1 -2 -2 -1 -3 -2 -2 -2 -2 -3 -2  1 -1 -3 -3 -1   99   0   0   0   0   0   0   0   0   0   0   0   0   0   0   1   0   0   0   0  0.78 inf
  113 L   -2 -3 -4 -5 -2 -3 -4 -5 -4  1  5 -3  2  0 -4 -3 -2 -2 -2  0    0   0   0   0   0   0   0   0   0   0  94   0   5   0   0   0   0   0   0   1  0.74 inf
  114 L   -1 -3 -4 -4 -2 -3 -3 -4 -3  1  4 -2  1  0 -3 -2 -1 -3 -2  2    1   0   0   0   0   0   0   0   0   1  69   1   0   0   0   1   3   0   0  24  0.47 inf
  115 K   -2  2 -1 -2 -4  1  0 -2  0 -3 -3  6 -2 -4 -2 -1 -2 -4 -2 -3    0   3   0   0   0   1   0   0   1   1   0  93   0   0   0   0   0   0   1   0  0.87 inf
  116 V   -1 -3 -4 -4 -2 -3 -3 -4 -4  3  1 -3  0 -1 -3 -3 -1 -4 -2  5    0   0   0   0   0   0   0   0   0   8   4   0   0   0   0   0   0   0   0  88  0.66 inf
  117 N   -2 -1  4  5 -4  0  1 -1 -1 -4 -4 -1 -3 -4 -2  1 -1 -5 -3 -3    1   1  31  49   0   1   7   1   0   0   0   0   0   0   0   7   1   0   0   0  0.71 inf
  118 E   -1  1  0  1 -3  2  3 -2 -1 -2 -3  2 -2 -3 -2  1  2 -3 -2 -2    1   5   1   7   0   9  23   0   0   1   0  21   0   0   0   9  22   0   0   0  0.32 inf
  119 V   -1 -4 -4 -4 -2 -3 -4 -4 -4  5  1 -3  1 -1 -3 -3 -1 -3 -2  4    0   0   0   0   0   0   0   0   0  60   1   0   0   0   0   0   0   0   0  38  0.61 inf
  120 N   -3 -1  7  0 -4 -1 -1 -1  0 -4 -5 -1 -3 -4 -3  0 -1 -5 -3 -4    0   0 100   0   0   0   0   0   0   0   0   0   0   0   0   0   0   0   0   0  1.32 inf
  121 F   -2 -3 -1 -1 -3 -3 -2  2  0 -2 -1 -2 -1  6 -4 -2 -2  0  4 -2    0   0   2   4   0   0   1  24   2   0   1   1   0  50   0   1   0   0  15   0  0.53 inf
  122 D   -1 -1  0  5 -4  1  4 -2 -1 -3 -2 -1 -2 -3 -2 -1 -1 -4 -3 -2    2   1   1  45   0   2  37   1   0   1   4   0   1   1   0   1   1   0   0   3  0.61 inf
  123 K    0  1 -1  1 -3  0  0 -2 -1 -3 -3  2 -2 -3  4  1  1 -4 -2 -2   11  10   0  10   0   2   4   0   1   0   0  20   0   0  23   7  10   0   0   1  0.39 inf
  124 P   -1 -3 -3 -3 -4 -2 -2 -3 -3 -3 -3 -2 -3 -5  8 -2 -2 -5 -4 -3    2   0   0   0   0   0   0   0   0   1   1   0   0   0  94   0   0   0   0   1  2.19 inf
  125 E   -1 -1 -1  2 -4  1  6 -3 -1 -4 -4  0 -3 -4 -2 -1 -2 -4 -3 -3    3   1   0  11   0   0  85   0   0   0   0   0   0   0   0   0   0   0   0   0  0.95 inf
  126 N   -2  3  4  0 -4  0  0 -2 -1 -4 -3  4 -2 -4 -2  0 -1 -4 -3 -3    0  19  39   0   0   0   1   0   0   0   0  40   0   0   0   1   0   0   0   0  0.61 inf
  127 N   -2  0  5  0 -3  0 -1 -1  6 -4 -4  0 -2 -3 -3  1 -1 -4 -1 -3    1   2  45   2   0   2   0   1  34   0   0   2   0   0   0  10   2   0   0   0  0.67 inf
  128 K   -2  3 -1 -2 -4  1  0 -2 -1 -4 -3  6 -2 -4 -2 -1 -2 -4 -3 -3    0  14   0   0   0   0   0   0   0   0   0  86   0   0   0   0   0   0   0   0  0.87 inf
  129 I   -2 -4 -4 -4 -2 -3 -4 -4 -4  5  1 -3  1 -1 -3 -3 -1 -3 -2  3    0   0   0   0   0   0   0   0   0  71   2   0   2   0   0   0   1   0   0  24  0.61 inf
  130 L   -1 -2  0 -3 -2 -2 -3 -3  1  1  4 -2  3  0 -1 -2 -1 -2 -1  0    3   0   9   0   0   0   0   0   5   1  67   0   9   0   3   2   0   0   0   0  0.35 inf
  131 F   -3 -4 -4 -5 -3 -4 -4 -4 -2 -1  0 -4 -1  8 -5 -3 -3  0  2 -2    0   0   0   0   0   0   0   0   0   0   0   0   0 100   0   0   0   0   0   0  1.40 inf
  132 E   -2 -1 -1  3 -4  1  6 -3 -1 -4 -4  0 -3 -4 -2 -1 -1 -4 -3 -3    0   0   0  17   0   0  81   0   0   0   0   0   0   0   0   2   0   0   0   0  0.95 inf
  133 N   -3 -1  7  1 -4 -1 -1 -1  0 -4 -5 -1 -3 -4 -3  0 -1 -5 -3 -4    0   0  97   3   0   0   0   0   0   0   0   0   0   0   0   0   0   0   0   0  1.27 inf
  134 L   -2 -3 -4 -5 -2 -3 -4 -5 -4  1  5 -3  1  0 -4 -3 -2 -2 -2  0    0   0   0   0   0   0   0   0   0   0  98   0   0   2   0   0   0   0   0   0  0.77 inf
  135 T   -1 -2 -1 -2 -2 -2 -2 -3 -3 -2 -2 -2 -2 -3 -2  1  6 -4 -3 -1    0   0   0   0   0   0   0   0   0   0   0   0   0   0   0   0 100   0   0   0  0.98 inf
  136 P   -2 -3 -3 -3 -4 -2 -2 -3 -3 -4 -4 -2 -4 -5  8 -2 -2 -5 -4 -3    1   0   0   0   0   0   0   0   0   0   0   0   0   0  99   0   0   0   0   0  2.41 inf
  137 L   -2 -3 -4 -4 -2 -3 -3 -5 -4  2  5 -3  1  0 -4 -3 -2 -2 -2  0    0   0   0   0   0   0   1   0   0   4  94   0   0   0   0   0   0   0   0   0  0.71 inf
  138 H   -3 -2 -2 -3 -3 -2 -2 -4  6 -2 -1 -3 -1  6 -4 -2 -3  0  4 -2    0   0   0   0   0   0   0   0  36   0   0   0   0  48   0   0   0   0  15   0  0.89 inf
  139 A    2 -3 -3 -2 -3 -2 -2 -2 -3 -3 -3 -2 -3 -4  7 -1 -1 -4 -3 -2   28   0   0   0   0   0   0   0   0   0   0   0   0   0  71   0   1   0   0   0  1.52 inf
  140 N   -1  0  4  3 -1  1  1 -2 -1 -3 -3  0 -2 -4 -2  0  2 -4 -3 -2    0   3  34  25   1   6   5   0   0   0   0   5   0   0   0   2  18   0   0   0  0.45 inf
  141 S   -1  0 -1  2 -4  2  5 -2 -1 -3 -3  2 -2 -3 -2  1 -1 -3 -1 -2    0   3   0   7   0  10  55   0   0   1   0  11   0   0   0   9   1   0   2   1  0.54 inf
  142 R   -2  6 -1 -2 -2  2 -1 -3  1 -3 -2  2 -1 -3  2 -1 -2 -2 -2 -2    1  64   0   0   1   8   0   0   4   0   1   6   2   0  12   0   0   0   0   2  0.67 inf
  143 L   -2 -3 -4 -4 -1 -3 -3 -4 -3  2  4 -3  3  3 -4 -3 -2 -1  0  0    0   0   0   0   0   0   0   0   0   7  60   0  13  17   0   0   0   0   2   1  0.49 inf
  144 R   -1  3  0 -2 -2  1  0 -2  0 -1 -1  3 -1 -3 -2  0  1 -3 -2  0    0  29   4   0   0   2   1   1   2   4   1  28   1   0   0   5  11   0   0  10  0.26 inf
  145 M   -2 -3 -4 -4 -2 -2 -3 -4 -3  1  4 -3  6  0 -4 -3 -2 -2 -2  0    0   0   0   0   0   0   0   0   0   0  60   0  39   0   0   0   0   0   0   0  0.66 inf
  146 G   -1 -2 -1  0 -4  0  3  5 -2 -4 -4 -1 -3 -4 -2 -1 -2 -3 -3 -4    0   0   0   0   0   0  37  62   0   0   0   0   0   0   0   0   0   0   0   0  0.82 inf
  147 S    1 -1  0 -1 -2 -1 -1  1 -2 -3 -3 -1 -2 -3 -2  4  2 -3 -2 -2    9   0   1   0   0   0   1  10   0   0   1   0   0   0   0  59  19   0   1   0  0.45 inf
  148 T    0  0  0  0 -2  0  2 -2 -2 -2 -2  0 -2 -3 -2  1  4 -3 -2 -1    3   4   3   4   0   1  19   0   0   0   0   5   0   0   0  11  48   0   0   1  0.36 inf
  149 E   -1  0 -1  1 -4  1  6 -3  0 -4 -4  2 -3 -4 -1 -1 -2 -4 -3 -3    1   0   1   1   0   0  82   0   1   0   0  13   0   0   1   0   0   0   0   0  0.89 inf
  150 D   -2 -2  4  6 -4 -1  1 -2 -1 -4 -5 -1 -4 -4 -2 -1 -1 -5 -4 -4    0   0  24  74   0   0   2   0   0   0   0   0   0   0   0   0   0   0   0   0  1.06 inf
  151 L   -2 -2 -2 -4 -2 -3 -3 -4 -3  4  3 -2  2  0 -3 -2 -1 -2 -1  2    0   2   2   0   0   0   0   0   0  42  37   0   5   2   0   0   2   0   2   4  0.36 inf
  152 T    0 -2 -1 -2 -2 -1 -2 -2 -2 -1 -2 -1 -2 -3 -1  2  6 -3 -2 -1    2   0   0   0   0   0   0   0   0   1   0   0   0   0   1  13  83   0   1   0  0.73 inf
  153 A    3 -2 -1 -2 -2 -1 -1  3 -2 -3 -3 -1 -2 -3  1  2  0 -3 -3 -2   43   0   0   0   0   1   0  27   0   0   0   0   1   0   6  16   5   0   0   0  0.42 inf
  154 R   -2  7 -1 -3 -5  0 -1 -3 -1 -4 -3  1 -2 -4 -3 -2 -2 -4 -3 -4    0 100   0   0   0   0   0   0   0   0   0   0   0   0   0   0   0   0   0   0  1.28 inf
  155 V   -1 -3 -4 -4 -2 -3 -3 -4 -4  4  1 -3  1 -1 -3 -2 -1 -3 -2  4    2   0   0   0   0   0   0   0   0  46   3   0   2   0   0   0   2   0   0  45  0.51 inf
  156 L   -2 -3 -4 -4 -2 -3 -4 -5 -4  5  3 -3  1 -1 -4 -3 -1 -3 -2  2    0   0   0   0   0   0   0   0   0  69  24   0   1   0   0   0   0   0   0   5  0.59 inf
  157 D   -3 -2  1  7 -5 -1  1 -2 -2 -4 -5 -2 -4 -5 -2 -1 -2 -5 -4 -4    0   0   0  97   0   0   3   0   0   0   0   0   0   0   0   0   0   0   0   0  1.37 inf
  158 L   -2 -3 -4 -4 -2 -3 -4 -4 -3  2  4 -3  3  0 -4 -3 -2 -2 -2  1    0   0   0   0   0   0   0   0   0  15  72   0  11   0   0   0   0   0   0   1  0.57 inf
  159 A    1 -3 -3 -3  1 -2 -3 -3 -3  3  0 -2  0  0 -3 -1  0 -3 -2  3   21   0   0   0   3   0   0   0   0  27   1   0   1   3   0   1   1   0   0  43  0.30 inf
  160 S    4 -2 -1 -2  0 -1 -1 -1 -2 -2 -2 -1 -2 -3 -1  3  0 -3 -2 -1   69   0   0   0   2   0   0   0   0   0   0   0   0   0   0  29   0   0   0   0  0.55 inf
  161 P   -2 -3 -3 -3 -4 -2 -2 -3 -3 -4 -4 -2 -4 -5  8 -2 -2 -5 -4 -3    0   0   0   0   0   0   0   0   0   0   0   0   0   0 100   0   0   0   0   0  2.43 inf
  162 I   -2 -4 -4 -4 -2 -3 -4 -4 -4  5  2 -3  1  2 -4 -3 -1 -3 -1  2    0   0   0   0   0   1   0   0   0  77   9   0   2   8   0   0   0   0   0   2  0.58 inf
  163 G   -1 -3 -1 -2 -3 -3 -3  7 -3 -5 -5 -2 -4 -4 -3 -1 -2 -3 -4 -4    0   0   0   0   0   0   0 100   0   0   0   0   0   0   0   0   0   0   0   0  1.43 inf
  164 R   -2  3 -1 -2 -2  1  0 -2 -1 -4 -3  6 -2 -3 -2 -1 -1 -4 -2 -3    0   9   0   0   1   0   0   0   0   0   0  88   1   1   0   0   0   0   1   0  0.83 inf
  165 G   -1 -3 -1 -2 -3 -3 -3  7 -3 -5 -5 -2 -4 -4 -3 -1 -2 -3 -4 -4    0   0   0   0   0   0   0 100   0   0   0   0   0   0   0   0   0   0   0   0  1.43 inf
  166 Q   -2  0 -1 -1 -4  7  1 -3  0 -4 -3  0 -1 -4 -2 -1 -2 -3 -3 -3    0   0   0   0   0  99   0   0   0   0   0   0   0   0   0   0   0   0   0   0  1.25 inf
  167 R   -2  7 -1 -3 -5  0 -1 -3 -1 -4 -3  1 -2 -4 -3 -2 -2 -4 -3 -4    0 100   0   0   0   0   0   0   0   0   0   0   0   0   0   0   0   0   0   0  1.28 inf
  168 G    2 -3 -1 -2 -2 -2 -2  6 -3 -4 -4 -2 -3 -4 -2  0 -2 -3 -3 -3   24   0   0   0   0   0   0  72   0   0   0   0   0   0   0   4   0   0   0   0  0.91 inf
  169 L   -2 -3 -4 -5 -2 -3 -4 -5 -4  1  5 -3  2  0 -4 -3 -2 -2 -2  0    0   0   0   0   0   0   0   0   0   2  97   0   1   0   0   0   0   0   0   0  0.76 inf
  170 I   -2 -4 -4 -4 -2 -3 -4 -5 -4  5  2 -3  1 -1 -4 -3 -1 -3 -2  2    0   0   0   0   0   0   0   0   0  74  20   0   0   0   0   0   0   0   0   5  0.63 inf
  171 V   -1 -3 -4 -4 -2 -3 -3 -4 -4  2  0 -3  0 -2 -3 -2 -1 -4 -2  6    0   0   0   0   0   0   0   0   0   2   0   0   0   0   0   0   1   0   0  98  0.75 inf
  172 A    5 -2 -1 -2 -1 -1 -1 -1 -2 -2 -2 -1 -2 -3 -1  3  0 -3 -3 -1   73   0   0   0   0   0   0   0   0   0   0   0   0   0   0  27   0   0   0   0  0.58 inf
  173 P   -1 -3 -2 -2 -4 -1 -2 -3 -3 -4 -4 -2 -3 -5  8  1 -2 -5 -4 -3    1   0   0   0   0   2   0   0   0   0   0   0   0   0  86  11   0   0   0   0  1.95 inf
  174 P   -2 -3 -3 -3 -4 -2 -2 -3 -3 -4 -4 -2 -4 -5  8 -2 -2 -5 -4 -3    0   0   0   0   0   0   0   0   0   0   0   0   0   0 100   0   0   0   0   0  2.43 inf
  175 K   -2  3 -1 -2 -4  1  0 -2 -1 -4 -3  6 -2 -4 -2 -1 -2 -4 -3 -3    0  15   0   0   0   0   0   0   0   0   0  85   0   0   0   0   0   0   0   0  0.86 inf
  176 A    4 -2 -1 -2 -1 -1 -1 -1 -2 -2 -2 -1 -2 -3 -1  3  2 -3 -2 -1   55   0   0   0   0   0   0   1   0   0   0   0   0   0   0  24  21   0   0   0  0.45 inf
  177 G   -1 -3 -1 -2 -3 -3 -3  7 -3 -5 -5 -2 -4 -4 -3 -1 -2 -3 -4 -4    0   0   0   0   0   0   0 100   0   0   0   0   0   0   0   0   0   0   0   0  1.43 inf
  178 K   -2  1 -1 -2 -4  1  0 -2 -2 -4 -3  6 -2 -4 -2 -1 -2 -4 -3 -3    0   0   0   0   0   0   0   0   0   0   0 100   0   0   0   0   0   0   0   0  0.99 inf
  179 T   -1 -2 -1 -2 -2 -2 -2 -3 -3 -2 -2 -2 -2 -3 -2  1  6 -3 -3 -1    0   0   0   0   0   0   0   0   0   0   0   0   0   0   0   0 100   0   0   0  0.97 inf
  180 M   -1 -3 -3 -4 -2 -2 -3 -4 -3  3  2 -3  5 -1 -3 -2 -1 -3 -2  4    0   0   0   0   0   0   0   0   0  11  11   0  31   0   0   0   0   0   0  45  0.47 inf
  181 L   -2 -3 -4 -4 -2 -2 -3 -4 -3  1  3 -3  7  0 -4 -3 -2 -2 -2  0    0   0   0   0   0   0   0   0   0   5  37   0  57   1   0   0   0   0   0   0  0.69 inf
  182 L   -2 -3 -4 -4 -2 -2 -3 -4 -3  1  4 -3  5  0 -4 -3 -2 -2 -2  0    0   0   0   0   0   1   0   0   0   2  72   0  25   0   0   0   0   0   0   0  0.63 inf
  183 Q   -2  0 -1 -1 -4  7  1 -3  0 -4 -3  0 -1 -4 -2 -1 -2 -3 -3 -3    0   0   0   0   0 100   0   0   0   0   0   0   0   0   0   0   0   0   0   0  1.27 inf
  184 N   -2 -1  6  0 -3  0 -1 -1  5 -4 -4 -1 -3 -3 -3  1  0 -4 -2 -4    0   0  69   0   0   4   0   0  18   0   0   0   0   0   0   7   2   0   0   0  0.83 inf
  185 I   -2 -4 -4 -4 -2 -3 -4 -5 -4  6  1 -3  1 -1 -4 -3 -1 -3 -2  2    0   0   0   0   0   0   0   0   0  86   5   0   3   1   0   0   0   0   0   5  0.71 inf
  186 A    6 -2 -2 -3 -1 -2 -2 -1 -3 -2 -2 -2 -2 -3 -2  0 -1 -4 -3 -1  100   0   0   0   0   0   0   0   0   0   0   0   0   0   0   0   0   0   0   0  0.79 inf
  187 Q   -1  0  1 -1 -4  5  0 -2  7 -4 -3  0 -2 -3 -2  0 -1 -3  0 -3    2   1   5   0   0  45   0   0  39   0   0   2   0   0   0   3   2   0   0   0  0.74 inf
  188 S    3 -2  0 -1 -1 -1 -1 -1 -2 -3 -3 -1 -2 -3 -1  4  0 -4 -2 -2   35   0   3   0   0   0   0   0   0   0   0   0   0   0   0  62   0   0   0   0  0.55 inf
  189 I   -2 -4 -4 -4 -2 -4 -4 -5 -4  6  1 -4  1 -1 -4 -3 -2 -4 -2  2    0   0   0   0   0   0   0   0   0  97   3   0   0   0   0   0   0   0   0   1  0.83 inf
  190 A    3 -2 -1 -2 -1 -1 -1 -1 -2 -1 -2 -1 -1 -2 -2  1  4 -3 -1  0   33   0   0   0   0   0   2   1   0   3   0   2   1   0   0   8  43   0   1   5  0.32 inf
  191 Y    2  2 -1 -1 -1  0  0 -1  3 -1 -2  0 -1 -1 -2  1  1 -2  1 -1   28  13   1   0   1   3   5   0  10   3   1   3   1   1   0  11  12   0   7   1  0.16 inf
  192 N   -3 -1  7  1 -4 -1 -1 -1  0 -4 -4  0 -3 -4 -3  0 -1 -5 -3 -4    0   1  96   0   0   0   0   0   0   0   0   2   0   0   0   0   0   0   0   0  1.22 inf
  193 H   -2 -1  3 -1  0 -1 -1 -3  7 -3 -3 -2 -2  0 -3 -1 -2 -2  4 -3    0   0  22   0   3   0   0   0  51   0   0   0   0   1   0   3   0   0  20   0  0.80 inf
  194 P   -2 -3 -3 -3 -4 -2 -2 -3 -3 -4 -4 -2 -4 -5  8 -1 -2 -5 -4 -3    0   0   0   0   0   0   0   0   0   0   0   0   0   0  99   1   0   0   0   0  2.39 inf
  195 D   -2 -1  0  4 -5  1  5 -2 -1 -4 -4  0 -3 -4 -2 -1 -2 -4 -3 -4    0   0   1  32   0   0  67   1   0   0   0   0   0   0   0   0   0   0   0   0  0.91 inf
  196 C    1 -4 -3 -4  8 -3 -3 -3 -4  0 -1 -3 -1 -3 -3 -1 -1 -3 -3  2   13   0   0   0  55   0   0   0   0   1   0   0   0   0   0   2   1   0   0  28  0.88 inf
  197 V   -2 -2 -2 -1 -3 -1  1 -3  4  0 -1 -1 -1  1 -3 -1  0  0  6  1    0   0   0   2   0   1  12   0  12   4   1   1   1   2   0   1   6   0  42  15  0.39 inf
  198 L   -2 -3 -4 -4 -2 -3 -4 -4 -4  1  5 -3  2  0 -4 -3 -2 -2 -2  1    0   0   0   0   0   0   0   0   0   1  92   0   2   0   0   0   1   0   0   4  0.70 inf
  199 M   -2 -4 -4 -4 -2 -3 -4 -5 -4  6  1 -3  3  0 -4 -3 -1 -3 -2  2    0   0   0   0   0   0   0   0   0  83   0   0  13   4   0   0   0   0   0   0  0.68 inf
  200 V   -1 -3 -4 -4 -2 -3 -3 -4 -4  2  0 -3  0 -1 -3 -2 -1 -4 -2  6    1   0   0   0   0   0   0   0   0   1   0   0   1   1   0   0   0   0   0  96  0.72 inf
  201 L   -2 -3 -4 -5 -2 -3 -4 -5 -4  1  5 -3  2  0 -4 -3 -2 -2 -2  0    0   0   0   0   0   0   0   0   0   0  99   0   1   0   0   0   0   0   0   0  0.79 inf
  202 L   -2 -3 -4 -5 -2 -3 -4 -5 -4  1  5 -3  2  0 -4 -3 -2 -2 -2  0    0   0   0   0   0   0   0   0   0   0  99   0   1   0   0   0   0   0   0   0  0.79 inf
  203 I   -2 -4 -4 -4 -2 -4 -4 -5 -4  6  1 -4  0 -1 -4 -3 -1 -4 -2  2    0   0   0   0   0   0   0   0   0  94   0   0   0   0   0   0   0   0   0   6  0.81 inf
  204 D   -3 -3  1  7 -5 -1  1 -2 -2 -4 -5 -2 -4 -5 -2 -1 -2 -5 -4 -4    0   0   1  99   0   0   0   0   0   0   0   0   0   0   0   0   0   0   0   0  1.42 inf
  205 E   -2 -1 -1  1 -5  1  7 -3 -1 -4 -4  0 -3 -4 -2 -1 -2 -4 -3 -3    0   0   0   0   0   0 100   0   0   0   0   0   0   0   0   0   0   0   0   0  1.18 inf
  206 R   -2  7 -1 -3 -5  0 -1 -3 -1 -4 -3  1 -2 -4 -3 -2 -2 -4 -3 -4    0 100   0   0   0   0   0   0   0   0   0   0   0   0   0   0   0   0   0   0  1.28 inf
  207 P   -2 -3 -3 -3 -4 -2 -2 -3 -3 -4 -4 -2 -4 -5  8 -2 -2 -5 -4 -3    0   0   0   0   0   0   0   0   0   0   0   0   0   0 100   0   0   0   0   0  2.43 inf
  208 E   -2 -1 -1  1 -5  1  7 -3 -1 -4 -4  0 -3 -4 -2 -1 -2 -4 -3 -3    0   0   0   0   0   0 100   0   0   0   0   0   0   0   0   0   0   0   0   0  1.18 inf
  209 E   -2 -1 -1  1 -5  1  7 -3 -1 -4 -4  0 -3 -4 -2 -1 -2 -4 -3 -3    0   0   0   0   0   0 100   0   0   0   0   0   0   0   0   0   0   0   0   0  1.18 inf
  210 V   -1 -3 -4 -4 -2 -3 -3 -4 -4  2  0 -3  0 -2 -3 -3 -1 -4 -2  6    0   0   0   0   0   0   0   0   0   0   0   0   0   0   0   0   0   0   0 100  0.78 inf
  211 T   -1 -2 -1 -2 -2 -2 -2 -3 -3 -2 -2 -2 -2 -3 -2  1  6 -4 -3 -1    0   0   0   0   0   0   0   0   0   0   0   0   0   0   0   0 100   0   0   0  0.98 inf
  212 E   -2 -1 -1  4 -5  1  6 -3 -1 -4 -4  0 -3 -4 -2 -1 -2 -4 -3 -4    0   0   0  22   0   0  78   0   0   0   0   0   0   0   0   0   0   0   0   0  0.97 inf
  213 M   -2 -3 -3 -4 -3 -2 -3 -4 -3  0  1 -3  9 -1 -4 -3 -2 -3 -2  0    0   0   0   0   0   0   0   0   0   1   0   0  98   1   0   0   0   0   0   0  1.24 inf
  214 Q    0  1 -1  0 -3  6  1 -2  0 -3 -3  1 -1 -4 -2  1  0 -3 -2 -2    8   6   0   2   0  60   5   0   1   1   0   2   1   0   0   9   5   0   0   0  0.55 inf
  215 R   -2  7 -1 -3 -5  0 -1 -3 -1 -4 -3  1 -2 -4 -3 -2 -2 -4 -3 -4    0 100   0   0   0   0   0   0   0   0   0   0   0   0   0   0   0   0   0   0  1.28 inf
  216 L    0 -2  0 -1  0 -1 -1 -1 -2 -1  0 -1  1 -2 -2  4  3 -3 -2 -1    0   0   0   0   1   0   0   1   0   0  14   0   5   0   0  50  28   0   0   0  0.35 inf
  217 V   -1 -3 -4 -4 -2 -3 -3 -4 -4  2  0 -3  0 -2 -3 -3 -1 -4 -2  6    0   0   0   0   0   0   0   0   0   1   0   0   0   0   0   0   0   0   0  99  0.77 inf
  218 K   -2  5  0 -2 -4  1  0 -3  0 -3 -3  4 -2 -4 -2 -1 -1 -2 -2 -3    1  52   4   0   0   4   0   0   1   1   0  35   0   0   0   1   0   1   0   0  0.68 inf
  219 G    0 -3 -1 -2 -3 -3 -3  6 -3 -5 -5 -2 -4 -4 -3 -1 -2 -3 -4 -4    4   0   0   1   0   0   0  96   0   0   0   0   0   0   0   0   0   0   0   0  1.32 inf
  220 E   -2 -1 -1  1 -5  1  6 -3 -1 -4 -4  0 -3 -4 -2 -1 -2 -4 -3 -3    1   0   0   1   0   0  98   0   0   0   0   0   0   0   0   0   0   0   0   0  1.15 inf
  221 V   -1 -3 -4 -4 -2 -3 -3 -4 -4  2  0 -3  0 -2 -3 -3 -1 -4 -2  6    0   0   0   0   0   0   0   0   0   0   0   0   0   0   0   0   1   0   0  99  0.77 inf
  222 V   -1 -3 -4 -4 -2 -3 -4 -4 -4  4  1 -3  0 -1 -3 -3 -1 -4 -2  4    0   0   0   0   0   0   0   0   0  39   1   0   0   0   0   0   0   0   0  60  0.60 inf
  223 A    4 -2 -1 -2 -1 -1 -1 -1 -2 -2 -3 -1 -2 -3 -1  3  0 -3 -2 -1   62   0   0   0   0   0   0   0   0   0   0   0   0   0   0  38   0   0   0   0  0.55 inf
  224 S    0 -2  0 -1 -2 -1 -1 -1 -2 -3 -3 -1 -2 -3 -2  6  1 -4 -3 -3    1   0   0   0   0   0   0   0   0   0   0   0   0   0   0  99   0   0   0   0  0.85 inf
  225 T   -1 -2 -1 -2 -2 -2 -2 -3 -3 -2 -2 -2 -2 -3 -2  1  6 -4 -3 -1    0   0   0   0   0   0   0   0   0   0   0   0   0   0   0   0 100   0   0   0  0.98 inf
  226 F   -3 -4 -4 -5 -3 -4 -4 -4 -2 -1  0 -4 -1  8 -5 -3 -3  0  2 -2    0   0   0   0   0   0   0   0   0   0   0   0   0 100   0   0   0   0   0   0  1.40 inf
  227 D   -3 -3  1  7 -5 -1  1 -2 -2 -4 -5 -2 -4 -5 -2 -1 -2 -5 -4 -4    0   0   0 100   0   0   0   0   0   0   0   0   0   0   0   0   0   0   0   0  1.43 inf
  228 E   -2 -1 -1  1 -5  1  7 -3 -1 -4 -4  0 -3 -4 -2 -1 -2 -4 -3 -3    0   0   0   0   0   0 100   0   0   0   0   0   0   0   0   0   0   0   0   0  1.18 inf
  229 P   -2 -3 -3 -3 -4 -2 -2 -3 -3 -4 -4 -2 -4 -5  8 -1 -2 -5 -4 -3    0   0   0   0   0   0   0   0   0   0   0   0   0   0  98   1   0   0   0   0  2.37 inf
  230 A    5 -2 -2 -3 -1 -2 -2 -1 -3 -2 -2 -2 -2 -3  4  0 -1 -4 -3 -1   81   0   0   0   0   0   0   0   0   0   0   0   0   0  19   0   0   0   0   0  0.72 inf
  231 S    2 -1  0 -1 -1  0 -1 -1 -1 -1 -1 -1 -1 -3 -2  3  3 -3 -2  0   20   0   3   0   0   6   0   0   0   0   2   0   1   0   0  28  34   0   0   5  0.31 inf
  232 R   -2  7 -1 -3 -5  0 -1 -3 -1 -4 -3  1 -2 -4 -3 -2 -2 -4 -3 -4    0 100   0   0   0   0   0   0   0   0   0   0   0   0   0   0   0   0   0   0  1.28 inf
  233 H   -3 -1  0 -2 -4 -1 -1 -3 10 -5 -4 -2 -3 -2 -3 -2 -3 -4  1 -4    0   0   0   0   0   0   0   0 100   0   0   0   0   0   0   0   0   0   0   0  1.80 inf
  234 V   -1 -3 -4 -4 -2 -3 -3 -4 -4  2  0 -3  0 -2 -3 -3 -1 -4 -2  6    0   0   0   0   0   0   0   0   0   2   0   0   0   0   0   0   1   0   0  97  0.75 inf
  235 Q   -1  0 -1 -1 -4  7  1 -3  0 -4 -3  0 -1 -4 -2 -1 -2 -3 -3 -3    2   0   0   0   0  98   0   0   0   0   0   0   0   0   0   0   0   0   0   0  1.22 inf
  236 V   -1 -3 -4 -4 -2 -3 -3 -4 -4  2  0 -3  0 -2 -3 -3 -1 -4 -2  6    0   0   0   0   0   0   0   0   0   0   1   0   0   0   0   0   0   0   0  99  0.76 inf
  237 A    5 -2 -2 -3 -1 -2 -2 -1 -2 -2 -2 -1 -2 -3 -2  1  0 -3 -3 -1   96   0   0   0   0   0   0   0   0   0   0   0   0   0   0   2   3   0   0   0  0.73 inf
  238 E   -2 -1  0  2 -5  1  6 -3 -1 -4 -4  0 -3 -4 -2 -1 -2 -4 -3 -3    0   0   1   5   0   0  94   0   0   0   0   0   0   0   0   0   0   0   0   0  1.08 inf
  239 M   -2 -3 -3 -4 -3 -2 -3 -4 -3  1  1 -3  9 -1 -4 -3 -2 -3 -2  0    0   0   0   0   0   0   0   0   0   6   0   0  94   0   0   0   0   0   0   0  1.14 inf
  240 V   -1 -3 -4 -4 -2 -3 -3 -4 -4  2  0 -3  0 -2 -3 -3 -1 -4 -2  6    0   0   0   0   0   0   0   0   0   1   0   0   0   0   0   0   0   0   0  99  0.77 inf
  241 I   -2 -4 -4 -4 -2 -4 -4 -5 -4  6  2 -4  1 -1 -4 -3 -1 -3 -2  2    0   0   0   0   0   0   0   0   0  91   7   0   1   0   0   0   0   0   0   0  0.76 inf
  242 E   -2 -1 -1  1 -5  1  6 -3 -1 -4 -4  0 -3 -4 -2 -1 -2 -4 -3 -3    0   0   0   1   0   0  99   0   0   0   0   0   0   0   0   0   0   0   0   0  1.16 inf
  243 K   -2  2 -1 -2 -4  1  0 -2 -2 -4 -3  6 -2 -4 -2 -1 -2 -4 -3 -3    0   6   0   0   0   0   0   0   0   0   0  94   0   0   0   0   0   0   0   0  0.93 inf
  244 A    6 -2 -2 -3 -1 -2 -2 -1 -3 -2 -2 -2 -2 -3 -2  0 -1 -4 -3 -1  100   0   0   0   0   0   0   0   0   0   0   0   0   0   0   0   0   0   0   0  0.79 inf
  245 K   -2  2 -1 -2 -4  1  0 -2 -2 -4 -3  6 -2 -4 -2 -1 -2 -4 -3 -3    0   2   0   0   0   0   0   0   0   0   0  98   0   0   0   0   0   0   0   0  0.96 inf
  246 R   -2  7 -1 -3 -5  0 -1 -3 -1 -4 -3  1 -2 -4 -3 -2 -2 -4 -3 -4    0 100   0   0   0   0   0   0   0   0   0   0   0   0   0   0   0   0   0   0  1.28 inf
  247 L   -2 -3 -4 -4 -2 -3 -4 -4 -4  1  5 -3  2  0 -4 -3 -2 -2 -2  0    1   0   0   0   0   0   0   0   0   0  94   0   4   0   0   1   0   0   0   0  0.70 inf
  248 V    0 -3 -4 -4 -2 -3 -3 -4 -4  2  0 -3  0 -2 -3 -2  0 -4 -2  5    3   0   0   0   0   0   0   0   0   1   0   0   0   0   0   0   3   0   0  93  0.67 inf
  249 E   -2 -1 -1  1 -5  1  7 -3 -1 -4 -4  0 -3 -4 -2 -1 -2 -4 -3 -3    0   0   0   0   0   0 100   0   0   0   0   0   0   0   0   0   0   0   0   0  1.18 inf
  250 H   -3 -1  0 -2 -4  0 -1 -3  9 -3 -1 -2  0 -2 -3 -1 -3 -3  1 -4    0   0   0   0   0   0   0   0  87   0   5   0   4   0   0   2   0   0   0   0  1.37 inf
  251 K   -1  2  0 -2 -4  1  0  0 -2 -4 -3  6 -2 -4 -2 -1 -2 -4 -3 -3    0   1   1   0   0   0   0   7   0   0   0  91   0   0   0   0   0   0   0   0  0.82 inf
  252 K   -2  4 -1 -2 -4  1  0 -3  2 -3 -3  5 -1 -3 -2 -1 -1 -4 -2 -3    0  28   0   0   0   4   0   0   6   0   0  58   1   0   0   0   1   0   0   0  0.65 inf
  253 D   -3 -3  1  7 -5 -1  1 -2 -2 -4 -5 -2 -4 -5 -2 -1 -2 -5 -4 -4    0   0   0 100   0   0   0   0   0   0   0   0   0   0   0   0   0   0   0   0  1.43 inf
  254 V   -1 -3 -4 -4 -2 -3 -3 -4 -4  2  0 -3  0 -2 -3 -3 -1 -4 -2  6    0   0   0   0   0   0   0   0   0   0   0   0   0   0   0   0   0   0   0 100  0.78 inf
  255 I   -1 -3 -4 -4 -2 -3 -3 -4 -4  3  0 -3  0 -1 -3 -3 -1 -4 -2  5    0   0   0   0   0   0   0   0   0  12   0   0   0   0   0   0   0   0   0  87  0.68 inf
  256 I   -2 -4 -4 -4 -2 -4 -4 -5 -4  6  1 -4  0 -1 -4 -3 -2 -4 -2  2    0   0   0   0   0   0   0   0   0  99   0   0   0   0   0   0   0   0   0   1  0.86 inf
  257 L   -2 -3 -4 -5 -2 -3 -4 -5 -4  1  5 -3  2  0 -4 -3 -2 -2 -2  0    0   0   0   0   0   0   0   0   0   1  97   0   2   0   0   0   0   0   0   0  0.76 inf
  258 L   -2 -3 -4 -5  0 -3 -4 -5 -4  1  5 -3  2  0 -4 -3 -2 -2 -2  0    0   0   0   0   2   0   0   0   0   0  97   0   1   0   0   0   0   0   0   0  0.76 inf
  259 D   -3 -3  1  7 -5 -1  1 -2 -2 -4 -5 -2 -4 -5 -2 -1 -2 -5 -4 -4    0   0   0 100   0   0   0   0   0   0   0   0   0   0   0   0   0   0   0   0  1.43 inf
  260 S    0 -2  0 -1 -2 -1 -1 -1 -2 -3 -3 -1 -2 -3 -2  6  1 -4 -3 -3    0   0   0   0   0   0   0   0   0   0   0   0   0   0   0 100   0   0   0   0  0.87 inf
  261 I   -2 -4 -4 -4 -2 -4 -4 -5 -4  6  1 -4  1 -1 -4 -3 -1 -3 -2  2    0   0   0   0   0   0   0   0   0  93   3   0   3   0   0   0   0   0   0   2  0.78 inf
  262 T   -1 -2 -1 -2 -2 -2 -2 -3 -3 -2 -2 -2 -2 -3 -2  1  6 -4 -3 -1    0   0   0   0   0   0   0   0   0   0   0   0   0   0   0   0 100   0   0   0  0.98 inf
  263 R   -2  7 -1 -3 -5  0 -1 -3 -1 -4 -3  1 -2 -4 -3 -2 -2 -4 -3 -4    0 100   0   0   0   0   0   0   0   0   0   0   0   0   0   0   0   0   0   0  1.28 inf
  264 L   -2 -3 -4 -5 -2 -3 -4 -5 -4  1  5 -3  2  0 -4 -3 -2 -2 -2  0    0   0   0   0   0   0   0   0   0   0 100   0   0   0   0   0   0   0   0   0  0.80 inf
  265 A    5 -2 -2 -3 -1 -2 -2  2 -2 -2 -2 -2 -2 -3 -2  0 -1 -3 -3 -1   90   0   0   0   0   0   0  10   0   0   0   0   0   0   0   0   0   0   0   0  0.68 inf
  266 R   -2  7 -1 -3 -5  0 -1 -3 -1 -4 -3  1 -2 -4 -3 -2 -2 -4 -3 -4    0 100   0   0   0   0   0   0   0   0   0   0   0   0   0   0   0   0   0   0  1.28 inf
  267 A    6 -2 -2 -3 -1 -2 -2 -1 -3 -2 -2 -2 -2 -3 -2  0 -1 -4 -3 -1  100   0   0   0   0   0   0   0   0   0   0   0   0   0   0   0   0   0   0   0  0.79 inf
  268 Y   -3 -3 -3 -4 -4 -3 -3 -4  1 -2 -2 -3 -2  2 -4 -3 -3  1  9 -2    0   0   0   0   0   0   0   0   0   0   0   0   0   1   0   0   0   0  99   0  1.59 inf
  269 N   -3 -1  7  0 -4 -1 -1 -1  0 -4 -5 -1 -3 -4 -3  0 -1 -5 -3 -4    0   0 100   0   0   0   0   0   0   0   0   0   0   0   0   0   0   0   0   0  1.32 inf
  270 T   -1 -2  0 -2 -2 -1 -2 -2 -2 -1 -2 -1 -1 -3 -2  1  6 -3 -3 -1    2   0   3   0   0   1   0   0   0   1   0   0   1   0   0   1  92   0   0   0  0.82 inf
  271 V   -1 -3 -4 -4 -2 -3 -3 -4 -4  2  0 -3  0 -2 -3 -2 -1 -4 -2  6    0   0   0   0   0   0   0   0   0   4   0   0   0   0   0   0   1   0   0  96  0.73 inf
  272 V    0 -3 -3 -3 -1 -1 -3 -3 -3  3  1 -2  0 -1 -3 -1  0 -3 -2  4    5   0   0   0   0   4   0   0   0  29   3   0   0   0   0   2   4   0   0  52  0.36 inf
  273 P   -2 -3 -3 -3 -4 -2 -2 -3 -3 -4 -4 -2 -4 -5  8 -2 -2 -5 -4 -3    0   0   0   0   0   0   0   0   0   0   0   0   0   0 100   0   0   0   0   0  2.43 inf
  274 A    2 -1  0 -1 -1 -1 -1 -1 -2 -3 -3  0 -2 -3 -1  5  1 -4 -2 -2   24   0   0   0   0   0   0   0   0   0   0   3   0   0   0  69   4   0   0   0  0.55 inf
  275 V   -1 -3 -4 -4 -2 -3 -3 -4 -4  3  0 -3  0 -1 -3 -3 -1 -4 -2  5    0   0   0   0   0   0   0   0   0  15   1   0   0   0   0   0   0   0   0  85  0.66 inf
  276 L   -2 -3 -4 -5 -2 -3 -4 -5 -4  1  5 -3  2  0 -4 -3 -2 -2 -2  0    0   0   0   0   0   0   0   0   0   0 100   0   0   0   0   0   0   0   0   0  0.80 inf
  277 T   -1 -2 -1 -2 -2 -1 -2 -2 -3 -2 -2 -1 -2 -3 -2  2  6 -3 -3 -1    0   0   0   0   0   0   0   0   0   0   0   0   0   0   0  11  89   0   0   0  0.83 inf
  278 G   -1 -3 -1 -2 -3 -3 -3  7 -3 -5 -5 -2 -4 -4 -3 -1 -2 -3 -4 -4    0   0   0   0   0   0   0 100   0   0   0   0   0   0   0   0   0   0   0   0  1.43 inf
  279 G   -1 -3 -1 -2 -3 -3 -3  7 -3 -5 -5 -2 -4 -4 -3 -1 -2 -3 -4 -4    0   0   0   0   0   0   0 100   0   0   0   0   0   0   0   0   0   0   0   0  1.43 inf
  280 V   -1 -3 -4 -4 -2 -3 -3 -4 -4  2  0 -3  0 -2 -3 -3 -1 -4 -2  6    0   0   0   0   0   0   0   0   0   1   0   0   1   0   0   0   0   0   0  98  0.76 inf
  281 D   -3 -3  1  7 -5 -1  1 -2 -2 -4 -5 -2 -4 -5 -2 -1 -2 -5 -4 -4    0   0   0  99   0   0   1   0   0   0   0   0   0   0   0   0   0   0   0   0  1.41 inf
  282 A    5 -2 -2 -3 -1 -2 -2 -1 -2 -2 -2 -1 -2 -3 -2  1 -1 -3 -3 -1   95   0   0   0   0   0   0   0   0   0   0   0   0   0   0   5   0   0   0   0  0.73 inf
  283 N   -2 -1  7  0 -4 -1 -1 -1  4 -4 -4 -1 -3 -4 -3  0 -1 -5 -2 -4    0   0  85   0   0   0   0   1  12   0   0   0   0   0   0   2   0   0   0   0  1.08 inf
  284 A    6 -2 -2 -3 -1 -2 -2 -1 -3 -2 -2 -2 -2 -3 -2  0 -1 -4 -3 -1  100   0   0   0   0   0   0   0   0   0   0   0   0   0   0   0   0   0   0   0  0.79 inf
  285 L   -2 -3 -4 -5 -2 -3 -4 -5 -4  1  5 -3  2  0 -4 -3 -2 -2 -2  0    0   0   0   0   0   0   0   0   0   0 100   0   0   0   0   0   0   0   0   0  0.80 inf
  286 H   -2  0 -1 -1 -4  5  3 -3  6 -4 -3  0 -2 -3 -2 -1 -2 -3 -1 -3    1   0   0   0   0  51  20   0  28   0   0   0   0   0   0   0   0   0   0   0  0.80 inf
  287 R   -2  6 -1 -2 -4  1 -1 -2 -1 -4 -3  3 -2 -4 -3 -1 -2 -4 -3 -3    0  77   0   0   0   1   0   1   0   0   0  22   0   0   0   0   0   0   0   0  0.96 inf
  288 P   -2 -3 -3 -3 -4 -2 -2 -3 -3 -4 -4 -2 -4 -5  8 -2 -2 -5 -4 -3    0   0   0   0   0   0   0   0   0   0   0   0   0   0 100   0   0   0   0   0  2.43 inf
  289 K   -2  1 -1 -2 -4  1  0 -2 -2 -4 -3  6 -2 -4 -2 -1 -2 -4 -3 -3    0   0   0   0   0   0   0   0   0   0   0 100   0   0   0   0   0   0   0   0  0.99 inf
  290 R   -2  7 -1 -3 -5  0 -1 -3 -1 -4 -3  1 -2 -4 -3 -2 -2 -4 -3 -4    0 100   0   0   0   0   0   0   0   0   0   0   0   0   0   0   0   0   0   0  1.28 inf
  291 F   -3 -4 -4 -5 -3 -4 -4 -4 -2  0  0 -4 -1  8 -5 -3 -3  0  2 -1    0   0   0   0   0   0   0   0   0   4   1   0   0  95   0   0   0   0   0   0  1.27 inf
  292 F   -3 -4 -4 -5 -3 -4 -4 -4 -2 -1  0 -4 -1  8 -5 -3 -3  0  2 -2    0   0   0   0   0   0   0   0   0   0   1   0   0  99   0   0   0   0   1   0  1.38 inf
  293 G   -1 -3 -1 -2 -3 -3 -3  7 -3 -5 -4 -2 -3 -4 -3 -1 -2 -3 -4 -4    0   0   0   0   0   0   0  98   0   0   0   0   0   0   0   0   0   0   0   0  1.36 inf
  294 A    5 -2 -2 -3 -1 -2 -2 -1 -2 -2 -2 -1 -2 -3 -2  0 -1 -3 -3 -1   96   0   0   0   0   0   0   0   0   0   0   0   0   0   0   0   0   0   0   2  0.72 inf
  295 A    5 -2 -2 -3 -1 -2 -2  0 -2 -2 -2 -1 -2 -3 -2  0 -1 -3 -3 -1   97   0   0   0   0   0   0   1   0   0   0   0   0   0   0   0   0   0   0   0  0.74 inf
  296 R   -2  7 -1 -2 -4  0 -1 -3 -1 -4 -3  1 -2 -4 -3 -2 -2 -4 -3 -3    0  98   0   0   0   0   0   0   0   0   0   0   0   0   0   0   0   0   0   0  1.22 inf
  297 N   -2 -1  7  1 -4 -1 -1 -1  0 -4 -4 -1 -3 -4 -3  0 -1 -5 -3 -4    0   0  98   0   0   0   0   0   0   0   0   0   0   0   0   0   0   0   0   0  1.25 inf
  298 V   -1 -3 -3 -4 -2 -3 -3 -4 -4  5  1 -3  1 -1 -3 -2  0 -3 -2  3    0   0   0   0   0   0   0   0   0  56   6   0   1   0   0   0   4   0   0  31  0.48 inf
  299 E   -1 -1 -1  1 -4  1  6 -3 -1 -4 -4  0 -3 -4 -2 -1 -2 -4 -3 -3    1   0   0   0   0   0  96   0   0   0   0   1   0   0   0   0   0   0   0   0  1.07 inf
  300 E   -2 -1 -1  1 -4  1  6 -3  0 -4 -4  0 -3 -4 -2 -1 -2 -4 -3 -3    0   0   1   1   0   1  94   0   1   0   0   0   0   0   0   0   0   0   0   0  1.06 inf
  301 G    0 -3 -1 -2 -3 -3 -3  6 -3 -4 -4 -2 -3 -4 -3 -1 -2 -3 -4 -4    2   0   0   0   0   0   0  96   0   0   0   0   0   0   0   1   0   0   0   0  1.31 inf
  302 G   -1 -3 -1 -2 -3 -3 -3  7 -3 -5 -4 -2 -3 -4 -3 -1 -2 -3 -4 -4    0   0   0   0   0   0   0  98   0   0   0   0   0   0   0   0   0   0   0   0  1.36 inf
  303 S    0 -2  0 -1 -2 -1 -1 -1 -2 -3 -3 -1 -2 -3 -2  6  1 -4 -3 -3    0   0   0   0   0   0   0   0   0   0   0   0   0   0   0  98   0   0   0   0  0.82 inf
  304 L   -2 -3 -4 -4 -2 -3 -4 -4 -4  1  5 -3  1  0 -4 -3 -2 -2 -2  0    0   0   0   0   0   0   0   0   0   0  97   0   0   0   0   0   0   0   0   1  0.73 inf
  305 T   -1 -2 -1 -2 -2 -1 -2 -2 -2 -2 -2 -1 -2 -3 -2  1  6 -3 -2 -1    0   0   0   0   0   0   0   0   0   0   0   0   0   0   0   6  92   0   0   0  0.84 inf
  306 I   -2 -4 -4 -4 -2 -4 -4 -5 -4  6  1 -3  1 -1 -4 -3 -1 -3 -2  2    0   0   0   0   0   0   0   0   0  97   0   0   1   0   0   0   0   0   0   0  0.81 inf
  307 I   -2 -4 -4 -4 -2 -3 -4 -4 -4  5  2 -3  1 -1 -3 -3 -1 -3 -2  2    0   0   0   0   0   0   0   0   0  80  14   0   0   0   0   0   0   0   0   4  0.64 inf
  308 A    5 -2 -2 -2 -1 -1 -2  2 -2 -2 -2 -1 -2 -3 -2  1 -1 -3 -3 -1   82   0   0   0   0   0   0  12   0   0   0   0   0   0   0   4   0   0   0   0  0.59 inf
  309 T   -1 -2 -1 -2 -2 -1 -2 -2 -2 -2 -2 -1 -2 -3 -2  1  6 -3 -2 -1    0   0   0   0   0   0   0   0   0   0   0   0   0   0   0   4  94   0   0   0  0.86 inf
  310 A    5 -2 -2 -2 -1 -2 -2 -1 -2 -2 -2 -1 -2 -3 -2  1  0 -3 -3 -1   96   0   0   0   0   0   0   0   0   0   0   0   0   0   0   1   1   0   0   0  0.72 inf
  311 L   -2 -3 -4 -4 -2 -3 -4 -4 -3  1  5 -3  2  0 -4 -3 -2 -2 -2  0    0   0   0   0   0   0   0   0   0   0  97   0   1   0   0   0   0   0   0   0  0.74 inf
  312 I   -1 -3 -4 -4 -2 -3 -3 -4 -4  4  1 -3  0 -1 -3 -2  0 -3 -2  4    0   0   0   0   0   0   0   0   0  48   0   0   0   0   0   0   2   0   0  47  0.54 inf
  313 D   -2 -2  0  6 -4  0  3 -2 -1 -4 -4 -1 -3 -4 -2 -1 -2 -4 -3 -4    0   0   0  71   0   0  26   0   0   0   0   0   0   0   0   0   0   0   0   0  1.01 inf
  314 T   -1 -2 -1 -2 -2 -2 -2 -2 -3 -2 -2 -2 -2 -3 -2  1  6 -3 -2 -1    0   0   0   0   0   0   0   0   0   0   0   0   0   0   0   0  98   0   0   0  0.92 inf
  315 G   -1 -3 -1 -2 -3 -3 -3  7 -3 -5 -5 -2 -4 -4 -3 -1 -2 -3 -4 -4    0   0   0   0   0   0   0  99   0   0   0   0   0   0   0   0   0   0   0   0  1.42 inf
  316 S    0 -2  0 -1 -2 -1 -1 -1 -2 -3 -3 -1 -2 -3 -2  6  1 -4 -3 -3    0   0   0   0   0   0   0   0   0   0   0   0   0   0   0 100   0   0   0   0  0.87 inf
  317 K   -2  5 -1 -2 -4  1  0 -3 -1 -4 -3  5 -2 -4 -2 -1 -2 -4 -3 -3    0  43   0   0   0   0   0   0   0   0   0  57   0   0   0   0   0   0   0   0  0.82 inf
  318 M   -2 -3 -3 -4 -3 -2 -3 -4 -3  0  1 -3  9 -1 -4 -3 -2 -3 -2  0    0   0   0   0   0   0   0   0   0   0   0   0 100   0   0   0   0   0   0   0  1.28 inf
  319 D   -3 -3  1  7 -5 -1  1 -2 -2 -4 -5 -2 -4 -5 -2 -1 -2 -5 -4 -4    0   0   0 100   0   0   0   0   0   0   0   0   0   0   0   0   0   0   0   0  1.43 inf
  320 E   -2 -1  0  4 -4  1  6 -3 -1 -4 -4  0 -3 -4 -2 -1 -2 -4 -3 -3    0   0   0  25   0   0  74   0   0   0   0   0   0   0   0   1   0   0   0   0  0.93 inf
  321 V   -1 -3 -4 -4 -2 -3 -3 -4 -4  2  0 -3  0 -2 -3 -3 -1 -4 -2  6    0   0   0   0   0   0   0   0   0   1   1   0   0   0   0   0   0   0   0  98  0.76 inf
  322 I   -2 -4 -4 -4 -2 -4 -4 -5 -4  6  1 -4  0 -1 -4 -3 -2 -4 -2  2    0   0   0   0   0   0   0   0   0 100   0   0   0   0   0   0   0   0   0   0  0.88 inf
  323 Y   -3 -3 -3 -4 -3 -3 -3 -4  0 -2 -1 -3 -2  5 -4 -3 -3  1  7 -2    0   0   0   0   0   0   0   0   0   0   0   0   0  30   0   0   0   0  70   0  1.23 inf
  324 E   -2 -1 -1  1 -5  1  7 -3 -1 -4 -4  0 -3 -4 -2 -1 -2 -4 -3 -3    0   0   0   0   0   0 100   0   0   0   0   0   0   0   0   0   0   0   0   0  1.18 inf
  325 E   -2 -1 -1  1 -5  1  7 -3 -1 -4 -4  0 -3 -4 -2 -1 -2 -4 -3 -3    0   0   0   0   0   0 100   0   0   0   0   0   0   0   0   0   0   0   0   0  1.18 inf
  326 F   -3 -4 -4 -5 -3 -4 -4 -4 -2 -1  0 -4 -1  8 -5 -3 -3  0  2 -2    0   0   0   0   0   0   0   0   0   0   0   0   0 100   0   0   0   0   0   0  1.40 inf
  327 K   -2  1 -1 -2 -4  1  0 -2 -2 -4 -3  6 -2 -4 -2 -1 -2 -4 -3 -3    0   0   0   0   0   0   0   0   0   0   0 100   0   0   0   0   0   0   0   0  0.99 inf
  328 G   -1 -3 -1 -2 -3 -3 -3  7 -3 -5 -5 -2 -4 -4 -3 -1 -2 -3 -4 -4    0   0   0   0   0   0   0 100   0   0   0   0   0   0   0   0   0   0   0   0  1.42 inf
  329 T   -1 -2 -1 -2 -2 -2 -2 -3 -3 -2 -2 -2 -2 -3 -2  1  6 -4 -3 -1    0   0   0   0   0   0   0   0   0   0   0   0   0   0   0   0 100   0   0   0  0.98 inf
  330 G   -1 -3 -1 -2 -3 -3 -3  7 -3 -5 -5 -2 -4 -4 -3 -1 -2 -3 -4 -4    0   0   0   0   0   0   0 100   0   0   0   0   0   0   0   0   0   0   0   0  1.43 inf
  331 N   -3 -1  7  0 -4 -1 -1 -1  0 -4 -5 -1 -3 -4 -3  0 -1 -5 -3 -4    0   0 100   0   0   0   0   0   0   0   0   0   0   0   0   0   0   0   0   0  1.32 inf
  332 M   -1 -2 -1 -3  1  0 -2 -3 -2  0  1 -2  7 -1 -3  1 -1 -3 -2 -1    1   0   2   0   4   4   0   0   0   0   3   0  66   0   0  20   0   0   0   0  0.56 inf
  333 E   -2 -1 -1  1 -5  1  7 -3 -1 -4 -4  0 -3 -4 -2 -1 -2 -4 -3 -3    0   0   0   0   0   0 100   0   0   0   0   0   0   0   0   0   0   0   0   0  1.18 inf
  334 L   -1 -3 -4 -4 -2 -3 -4 -4 -4  4  3 -3  1  0 -3 -3 -1 -3 -2  2    2   0   0   0   0   0   0   0   0  40  43   0   0   0   0   0   0   0   0  15  0.47 inf
  335 H   -2 -1  0 -2 -4  0 -1 -3  9  0 -2 -2 -2 -2 -2 -2 -1 -3  1 -1    0   0   0   0   0   1   0   0  80  10   1   0   0   0   1   0   2   0   0   5  1.14 inf
  336 L   -2 -3 -4 -5 -2 -3 -4 -5 -4  1  5 -3  2  0 -4 -3 -2 -2 -2  0    0   0   0   0   0   0   0   0   0   0  97   0   3   0   0   0   0   0   0   0  0.77 inf
  337 S   -1 -2  2  6 -4  0  3 -2 -1 -4 -4 -1 -3 -4 -2  1 -1 -4 -3 -3    0   0   8  58   0   0  18   0   0   0   0   0   0   0   0  16   0   0   0   0  0.76 inf
  338 R   -2  7 -1 -3 -5  0 -1 -3 -1 -4 -3  1 -2 -4 -3 -2 -2 -4 -3 -4    0 100   0   0   0   0   0   0   0   0   0   0   0   0   0   0   0   0   0   0  1.28 inf
  339 K   -2  5 -1 -1 -4  1  0 -3 -1 -4 -3  5 -2 -4 -2 -1 -1 -4 -3 -3    0  43   1   1   0   0   1   0   0   0   0  52   0   0   0   2   0   0   0   0  0.75 inf
  340 I   -1 -3 -4 -4 -2 -3 -3 -4 -3  4  2 -3  3 -1 -3 -3 -1 -3 -2  2    3   0   0   0   0   0   0   0   0  51  23   0  14   0   0   0   0   0   0  10  0.45 inf
  341 A    5 -2 -2 -2 -1 -1 -1 -1 -2 -2 -2 -1 -1 -3 -2  2  0 -3 -3 -1   82   0   0   0   0   0   0   0   0   0   0   0   0   0   0  16   0   0   0   2  0.60 inf
  342 E   -2 -1 -1  3 -5  1  6 -3 -1 -4 -4  0 -3 -4 -2 -1 -2 -4 -3 -3    0   0   0  14   0   0  86   0   0   0   0   0   0   0   0   0   0   0   0   0  1.02 inf
  343 K   -2  3 -1 -2 -4  1  0 -2 -1 -4 -3  6 -2 -4 -2 -1 -2 -4 -3 -3    0   8   0   0   0   0   0   0   0   0   0  92   0   0   0   0   0   0   0   0  0.91 inf
  344 R   -2  7 -1 -3 -5  0 -1 -3 -1 -4 -3  1 -2 -4 -3 -2 -2 -4 -3 -4    0 100   0   0   0   0   0   0   0   0   0   0   0   0   0   0   0   0   0   0  1.28 inf
  345 V   -1 -3 -3 -4 -2 -3 -3 -4 -4  4  1 -3  1 -1 -3 -2  1 -3 -2  4    0   0   0   0   0   0   0   0   0  30   2   0   1   0   0   0  10   0   0  57  0.46 inf
  346 F   -3 -3 -3 -4 -3 -3 -4 -4  0 -1 -1 -3 -1  6 -4 -3 -3  1  7 -2    0   0   0   0   0   0   0   0   0   0   0   0   0  53   0   0   0   0  47   0  1.13 inf
  347 P   -2 -3 -3 -3 -4 -2 -2 -3 -3 -4 -4 -2 -4 -5  8 -2 -2 -5 -4 -3    0   0   0   0   0   0   0   0   0   0   0   0   0   0 100   0   0   0   0   0  2.43 inf
  348 A    5 -2 -2 -2 -1 -2 -2 -1 -2 -2 -2 -1 -2 -3 -2  1 -1 -3 -3 -1   93   0   0   0   0   0   0   0   0   0   0   0   0   0   0   7   0   0   0   0  0.71 inf
  349 I   -2 -4 -4 -4 -2 -4 -4 -5 -4  6  1 -4  2 -1 -4 -3 -2 -3 -2  2    0   0   0   0   0   0   0   0   0  94   1   0   4   0   0   0   0   0   0   1  0.79 inf
  350 D   -2 -2  5  5 -4 -1  0 -2  2 -4 -3 -1 -3 -4 -3  0 -1 -5 -3 -4    1   0  52  38   0   0   0   0   5   0   3   0   0   0   0   2   0   0   0   0  0.77 inf
  351 Y   -2 -3 -4 -4 -2 -3 -4 -4 -3  4  2 -3  1  2 -3 -3 -1 -2  1  2    0   0   0   0   0   0   0   0   0  58  15   0   0  10   0   0   0   0   4  13  0.45 inf
  352 N   -1  2  6  0 -3  0 -1 -1  0 -3 -2  0 -2 -3 -3  0  1 -4 -3 -3    3  13  64   0   0   1   1   1   0   0   3   2   0   0   0   1  12   0   0   0  0.61 inf
  353 R   -2  6 -1 -2 -4  0  0 -3 -1 -4 -3  4 -2 -4 -1 -1 -2 -4 -3 -3    0  70   0   0   0   0   0   0   0   0   0  27   0   0   2   1   0   0   0   0  0.89 inf
  354 S    0 -2  0 -1 -2 -1 -1 -1 -2 -3 -3 -1 -2 -3 -2  6  1 -4 -3 -3    0   0   0   0   0   0   0   0   0   0   0   0   0   0   0 100   0   0   0   0  0.87 inf
  355 G   -1 -3 -1 -2 -3 -3 -3  7 -3 -5 -5 -2 -4 -4 -3 -1 -2 -3 -4 -4    0   0   0   0   0   0   0  99   0   0   0   0   0   0   0   1   0   0   0   0  1.40 inf
  356 T   -1 -2 -1 -2 -2 -2 -2 -3 -3 -2 -2 -2 -2 -3 -2  1  6 -3 -3 -1    0   0   0   0   0   0   0   0   0   0   0   0   0   0   0   0 100   0   0   0  0.97 inf
  357 R   -2  7 -1 -3 -5  0 -1 -3 -1 -4 -3  1 -2 -4 -3 -2 -2 -4 -3 -4    0 100   0   0   0   0   0   0   0   0   0   0   0   0   0   0   0   0   0   0  1.28 inf
  358 K   -2  6 -1 -2 -4  0  0 -3  0 -4 -3  4 -2 -4 -3 -1 -2 -4 -2 -3    0  71   0   0   0   0   0   0   1   0   0  28   0   0   0   0   0   0   0   0  0.93 inf
  359 E   -2 -1 -1  1 -5  1  6 -3 -1 -4 -4  0 -3 -4 -2 -1 -2 -4 -3 -3    0   0   0   2   0   0  98   0   0   0   0   0   0   0   0   0   0   0   0   0  1.16 inf
  360 E   -2 -1 -1  3 -5  1  6 -3 -1 -4 -4  0 -3 -4 -2 -1 -2 -4 -3 -3    0   0   0  18   0   0  82   0   0   0   0   0   0   0   0   0   0   0   0   0  0.99 inf
  361 L   -2 -1 -4 -4 -2 -2 -3 -4 -3  1  5 -2  2  0 -4 -3 -2 -2  0  0    0   3   0   0   0   0   0   0   0   0  91   1   1   1   0   0   0   0   2   0  0.63 inf
  362 L   -2 -3 -4 -5 -2 -3 -4 -5 -4  1  5 -3  2  0 -4 -3 -2 -2 -2  0    0   0   0   0   0   0   0   0   0   2  94   0   4   0   0   0   0   0   0   0  0.73 inf
  363 T    0 -2 -2 -3  0 -2 -2 -3 -3  2  1 -2  2 -1 -2 -1  3 -3 -2  2    5   0   0   0   2   0   0   0   0  18  10   0  12   0   0   0  33   0   0  20  0.25 inf
  364 T    0  0  0  2 -3  0  1 -1 -1 -3 -3  2 -2 -3  2  1  1 -4 -3 -2    6   1   1  17   0   0   6   3   0   0   0  24   0   0  12  16  12   0   0   0  0.31 inf
  365 Q    0  0 -1  0 -3  2  2 -2 -2 -3 -3  1 -2 -4  6  0 -1 -4 -3 -3    9   4   2   2   0  10  17   0   0   1   0   8   0   0  42   6   1   0   0   0  0.76 inf
  366 E   -1 -1  0  5 -4  1  3  0 -1 -4 -4 -1 -3 -4 -1  0 -1 -4 -3 -3    5   1   1  53   0   4  28   5   0   0   0   0   0   0   1   2   1   0   0   0  0.69 inf
  367 E   -1 -1  0  1 -3  1  4 -3 -1  0 -1  0  0 -3 -2  0  1 -3 -2  1    1   1   2   7   0   4  46   0   0   9   4   1   2   0   0   1  10   0   0  13  0.29 inf
  368 L   -2 -3 -4 -4 -2 -3 -4 -5 -2  1  5 -3  2  0 -4 -3 -2 -2 -2  0    0   0   0   0   0   1   0   0   1   2  94   0   2   0   0   0   0   0   0   0  0.71 inf
  369 Q   -1  1  0 -1 -4  7  1 -2  0 -4 -3  1 -1 -4 -2  0 -1 -3 -2 -3    1   3   3   0   0  79   0   0   0   0   0   5   0   0   0   7   1   0   0   0  0.87 inf
  370 K   -2  4  0 -2 -4  1  0 -2 -1 -4 -3  5 -2 -4 -2 -1 -1 -4 -3 -3    0  22   3   0   0   0   0   0   0   0   0  74   0   0   0   1   0   0   0   0  0.77 inf
  371 M   -1 -2 -3 -4 -2 -2 -3 -3 -3  2  1 -2  6 -1 -3 -2  1 -3 -2  2    2   0   0   0   0   0   0   0   0  17   6   0  49   0   0   0  11   0   0  15  0.44 inf
  372 W   -4 -4 -5 -6 -4 -3 -4 -4 -3 -4 -3 -4 -3  1 -5 -4 -4 12  3 -4    0   0   0   0   0   0   0   0   0   0   0   0   0   3   0   0   0  92   6   0  2.96 inf
  373 I   -2 -4 -4 -4 -2 -3 -4 -4 -4  5  1 -3  1 -1 -3 -3 -1 -3 -2  4    0   0   0   0   0   0   0   0   0  67   2   0   1   0   0   0   0   0   0  30  0.62 inf
  374 L   -2 -3 -4 -5 -2 -3 -4 -5 -4  1  5 -3  2  0 -4 -3 -2 -2 -2  0    0   0   0   0   0   0   0   0   0   0 100   0   0   0   0   0   0   0   0   0  0.80 inf
  375 R   -2  7 -1 -3 -5  0 -1 -3 -1 -4 -3  1 -2 -4 -3 -2 -2 -4 -3 -4    0 100   0   0   0   0   0   0   0   0   0   0   0   0   0   0   0   0   0   0  1.27 inf
  376 K   -2  3 -1 -2 -4  1  0 -2 -1 -4 -3  6 -2 -4 -2 -1 -2 -4 -3 -3    0  18   0   0   0   0   0   0   0   0   0  82   0   0   0   0   0   0   0   0  0.84 inf
  377 I   -2 -3 -4 -4 -2 -3 -4 -4 -3  4  3 -3  1  3 -4 -3 -2 -2 -1  2    0   0   0   0   0   0   0   0   0  46  35   0   0  14   0   0   0   0   0   4  0.47 inf
  378 I   -2 -3 -4 -4 -1 -3 -4 -4 -4  2  4 -3  2  0 -4 -3 -2 -2 -2  1    0   0   0   0   0   0   0   0   0  12  80   0   1   0   0   0   0   0   0   7  0.60 inf
  379 H   -1 -1  2  0 -3  1 -1 -2  7 -3 -3 -1  0 -1 -3 -1 -2 -2  3 -3    4   0  13   4   0   9   0   0  48   0   0   0   3   0   0   2   0   0  16   0  0.66 inf
  380 P   -1 -2 -1  2 -3 -1  0  0 -2 -4 -4 -1 -3 -4  7  1 -1 -4 -4 -3    0   0   2  12   0   0   6   6   0   0   0   0   0   0  61  11   1   0   0   0  1.20 inf
  381 M   -2 -3 -3 -4 -3 -2 -3 -4 -3  0  1 -3  9 -1 -4 -3 -2 -3 -2  0    0   0   0   0   0   0   0   0   0   0   1   0  99   0   0   0   0   0   0   0  1.33 inf
  382 G   -1 -2  1  5 -4 -1  2  3 -2 -4 -4 -1 -3 -4 -2  0 -1 -4 -4 -4    0   0   4  54   0   0  14  23   0   0   0   0   0   0   0   5   0   0   0   0  0.70 inf
  383 E   -2 -1  0  4 -4  1  5 -2 -1 -3 -3  0 -3 -4  0 -1  1 -4 -3 -2    0   0   0  26   0   0  56   1   0   0   0   0   0   0   3   0  10   0   0   4  0.65 inf
  384 I   -1 -3 -3 -3 -1 -1 -3 -3 -3  3  2 -2  2 -1 -3 -1  1 -3 -2  3    3   0   0   0   1   3   0   0   0  27  24   0   5   0   0   2   9   0   0  26  0.28 inf
  385 D    2 -1  0  4 -3  2  3 -1 -1 -3 -3  0 -2 -4 -1  0 -1 -4 -3 -2   23   0   0  27   0  11  32   3   0   0   0   0   0   0   2   1   0   0   0   0  0.46 inf
  386 A    5 -2 -2 -2 -1 -2 -2  0 -2 -2 -2 -1 -2 -3 -2  1 -1 -3 -3 -1   89   0   0   0   1   0   0   3   0   0   0   0   0   0   0   7   0   0   0   0  0.69 inf
  387 M   -2 -3 -3 -4 -2 -2 -3 -4 -3  3  1 -2  7 -1 -3 -1  1 -3 -2  1    0   0   0   0   0   0   0   0   0  26   0   0  59   0   0   3   9   0   0   2  0.60 inf
  388 E   -2 -1 -1  1 -5  1  6 -3 -1 -4 -4  0 -3 -4 -2 -1 -2 -4 -3 -4    0   0   1   3   0   1  95   0   0   0   0   0   0   0   0   0   0   0   0   0  1.12 inf
  389 F   -3 -4 -4 -5 -3 -4 -4 -4 -2 -1  0 -4 -1  8 -5 -3 -2  1  2 -2    0   0   0   0   0   0   0   0   0   0   4   0   0  93   0   0   2   1   0   0  1.26 inf
  390 L   -2 -3 -4 -4 -2 -3 -4 -4 -4  2  5 -3  2  0 -4 -3 -2 -2 -2  1    0   0   0   0   0   0   0   0   0   7  83   0   5   0   0   0   0   0   0   4  0.64 inf
  391 I   -2 -3 -4 -4 -2 -2 -3 -4 -3  3  3 -3  2  0 -3 -3 -1 -2 -1  2    0   0   0   0   0   1   0   0   0  35  49   0   4   2   0   0   2   0   0   6  0.45 inf
  392 N   -2 -2  1  6 -4 -1  2  0 -2 -4 -4 -1 -4 -4 -2  0 -2 -5 -4 -4    0   0   5  74   0   0   9   8   0   0   0   0   0   0   0   3   0   0   0   0  0.94 inf
  393 K   -2  4 -1 -2 -4  1  0 -3 -1 -4 -3  6 -2 -4 -2 -1 -2 -4 -3 -3    0  24   0   0   0   2   0   0   0   0   0  74   0   0   0   0   0   0   0   0  0.83 inf
  394 L   -2 -3 -4 -4 -2 -2 -3 -4 -3  2  4 -3  4  0 -4 -3 -2 -2 -2  1    0   0   0   0   0   0   0   0   0   9  68   0  18   1   0   0   0   0   0   4  0.57 inf
  395 A    0  3 -1 -2 -3  1  0 -1 -1 -3 -3  5 -1 -4 -2  1 -1 -4 -2 -2    8  18   0   0   0   3   0   2   0   0   0  58   1   0   0   9   0   0   0   1  0.51 inf
  396 M    1 -1  1  2 -2  2  1 -1  0 -1 -1  0  2 -2 -1  1  0 -3 -1 -1   15   1   7  13   0  13   7   2   2   1   3   3  13   0   1  11   2   0   1   4  0.12 inf
  397 T    0 -2 -1 -2 -1 -1 -2 -2 -1 -2 -2 -1 -1  0 -2  2  6 -3 -2 -1    4   0   0   0   0   0   0   0   1   0   0   0   1   6   0  12  76   0   0   0  0.63 inf
  398 K   -2  2 -1 -2 -4  1  0 -3 -2 -4 -4  6 -2 -4 -2 -1 -1 -4 -3 -3    0   1   0   0   0   0   0   0   0   0   0  98   0   0   0   0   0   0   0   0  1.01 inf
  399 T   -1 -2  3 -1 -2 -1 -1 -1 -1 -2 -3 -1 -2 -3 -2  2  5 -4 -2 -1    1   0  23   0   0   0   0   1   0   0   0   0   0   0   0  15  59   0   0   1  0.57 inf
  400 N   -3 -1  8  0 -4 -1 -1 -1  0 -4 -5 -1 -3 -4 -3  0 -1 -5 -3 -4    0   0 100   0   0   0   0   0   0   0   0   0   0   0   0   0   0   0   0   0  1.37 inf
  401 D    1 -1  2  3 -2  1  2  0 -1 -2 -2 -1 -2 -3 -2  1 -1 -4 -3 -2   22   1  11  28   0   7  12   4   1   2   2   0   0   0   0   7   1   0   0   1  0.29 inf
  402 D   -1 -1  0  4 -4  1  5 -2 -1 -4 -4  0 -3 -4 -2 -1 -2 -4 -3 -3    3   0   0  23   0   2  70   0   0   0   0   0   0   0   0   0   0   0   0   1  0.86 inf
  403 F   -3 -4 -4 -5 -3 -4 -4 -4 -2 -1  0 -4 -1  8 -5 -4 -3  0  2 -2    0   0   0   0   0   0   0   0   0   0   2   0   0  98   0   0   0   0   0   0  1.41 inf
  404 F   -3 -4 -4 -5 -3 -4 -4 -4 -2 -1  0 -4 -1  8 -5 -3 -3  0  3 -2    0   0   0   0   0   0   0   0   0   1   1   0   0  96   0   0   0   0   2   0  1.38 inf
  405 E   -2 -2  1  6 -4  1  3 -2 -1 -3 -3 -1 -2 -4 -2  0 -1 -4 -2 -3    1   0   5  59   0   4  18   1   1   0   3   0   2   0   0   2   3   0   1   0  0.69 inf
  406 M    2 -2 -1 -2 -2  0 -1 -1 -2 -1  0 -1  2 -2 -2  3  0 -3 -2 -1   20   0   0   0   0   4   0   0   0   3   6   0  13   1   0  49   1   0   1   2  0.29 inf
  407 M   -2 -3 -4 -4 -3 -2 -3 -4 -3  0  1 -3  9 -1 -4 -3 -2 -3 -2  0    0   0   0   0   0   0   0   0   0   0   0   0 100   0   0   0   0   0   0   0  1.37 inf
  408 K   -2  4 -1 -2 -4  1  0 -3 -1 -4 -3  5 -2 -4 -2 -1 -1 -4 -3 -3    0  30   0   0   0   0   0   0   0   0   0  70   0   0   0   0   0   0   0   0  0.80 inf

                      K         Lambda
Standard Ungapped    0.1361     0.3186
Standard Gapped      0.0538     0.2670
PSI Ungapped         0.1758     0.3155
PSI Gapped           0.0538     0.2670
