
Last position-specific scoring matrix computed, weighted observed percentages rounded down, information per position, and relative weight of gapless real matches to pseudocounts
           A  R  N  D  C  Q  E  G  H  I  L  K  M  F  P  S  T  W  Y  V   A   R   N   D   C   Q   E   G   H   I   L   K   M   F   P   S   T   W   Y   V
    1 T    1 -1  2  0 -1  0  0 -1 -1 -2 -2  0 -1 -2 -1  3  3 -3 -2 -1   13   0  13   0   0   0   0   0   0   0   0   0   0   0   0  46  28   0   0   0  0.33 inf
    2 W   -3 -3 -4 -5 -3 -3 -3 -3 -3 -3 -2 -4 -2  1 -4 -3 -3 11  2 -3    0   0   0   0   0   0   0   0   0   0   0   0   0   0   0   0   0 100   0   0  2.72 inf
    3 L   -1  0 -3 -3 -2 -1 -2 -3 -3  1  3  0  1  0 -3 -2 -1 -2 -1  2    0   6   0   0   0   0   0   0   0   0  62  11   0   0   0   0   0   0   0  21  0.26 inf
    4 S   -1  1  1  1 -3  3  2 -2  1 -3 -3  2 -1 -3 -1  1  1 -3 -2 -2    0   4   7   5   0  19  14   0   5   0   0  23   0   0   0   8  15   0   0   0  0.30 inf
    5 D    0  3  1  2 -3  2  1 -2 -1 -2 -1  2 -1 -3 -2  0  0 -3 -2 -2    6  24   4  20   0  14   9   0   0   0   6  13   0   0   0   0   5   0   0   0  0.29 inf
    6 F   -3 -3 -3 -4 -3 -3 -4 -4 -1  0  0 -3 -1  6 -4 -3 -2  5  4 -1    0   0   0   0   0   0   0   0   0   6   3   0   0  64   0   0   0  10  17   0  0.86 inf
    7 P   -1 -3 -2 -2 -4 -2 -2  2 -3 -4 -4 -2 -3 -4  7 -1 -2 -4 -4 -3    0   0   0   0   0   0   0  19   0   0   0   0   0   0  79   2   0   0   0   0  1.75 inf
    8 Q   -1  3  0  0 -3  3  1  1 -1 -3 -1  1 -1 -3 -2 -1  0  2 -2 -2    0  27   2   3   0  20  10  16   0   0   5   4   2   0   0   0   7   4   0   0  0.28 inf
    9 A    2 -2  2 -2 -1 -2 -2 -2 -2  1 -1 -2 -1 -2 -2  0  0 -3 -2  3   34   0  19   0   0   0   0   0   0   5   0   0   0   0   0   0   0   0   0  42  0.25 inf
   10 W   -3 -3 -5 -5 -3 -3 -4 -4 -3 -2  1 -4  2  0 -4 -4 -3 11  1 -3    0   0   0   0   0   0   0   0   0   0  15   0   7   0   0   0   0  78   0   0  2.24 inf
   11 A    4 -2 -2 -2 -1 -1 -1 -1 -2 -1  0 -1  1 -2 -1  0 -1 -3 -2  0   74   0   0   0   0   0   1   1   0   0  13   1   7   0   0   1   1   0   0   1  0.38 inf
   12 E   -1 -1 -1  0 -3  1  5 -2 -1 -1 -2  0 -2 -3  0  0  1 -3 -2 -2    1   0   0   0   0   0  63   1   0   7   1   0   0   0   3   5  15   0   0   1  0.49 inf
   13 T    0 -1 -1  1 -2  0  0 -2 -2 -1 -2 -1  0 -3  0  1  5 -3 -2 -1    2   2   0   8   0   3   7   0   0   4   0   1   2   0   3   4  64   0   0   0  0.42 inf
   14 G    1 -2  2  1 -2 -1 -1  3 -2 -1  1 -1  0 -2 -2  0 -1 -3 -2 -1   22   0  17   8   0   0   0  24   0   0  21   3   4   0   0   0   0   0   0   0  0.18 inf
   15 G   -1 -1  0 -2 -3  0 -2  5 -2 -2 -2 -2 -2 -3  2 -1 -2 -3 -3 -2    0   3   3   0   0   6   0  67   0   4   2   0   0   0  12   0   0   0   0   3  0.73 inf
   16 M   -2 -2 -3 -3  1 -2 -3 -3 -2  0  1 -2  6 -1  4 -2 -1 -2  1  0    0   0   0   0   4   0   0   0   0   2   3   0  53   0  27   0   3   0   6   2  0.68 inf
   17 G    0 -2  0 -1 -2 -2 -2  5 -2 -4 -4 -2 -3 -4 -2  3  0 -3 -3 -3    0   0   2   0   0   0   0  61   0   0   0   0   0   0   0  34   4   0   0   0  0.79 inf
   18 L   -2  0 -3 -3 -2  0 -2 -4 -3  0  4  1  1 -1 -3 -2 -2 -2 -2  0    0   5   0   0   0   6   0   0   0   0  76  12   1   0   0   0   0   0   0   0  0.45 inf
   19 A    4 -2  4 -1 -2 -1 -1 -1 -1 -1 -2 -1 -2 -3 -2  1 -1 -4 -2  0   53   0  32   0   0   0   0   0   0   2   0   0   0   0   0   6   0   0   0   6  0.43 inf
   20 V    1  0 -1 -1 -2 -1 -1 -2 -1  0  1  3  0 -1 -2  0  0 -3 -2  1   21   0   2   2   0   0   0   0   1   0  18  33   0   3   0   1   3   0   0  14  0.12 inf
   21 R   -1  1  3  0  1  2  0 -2  0 -3 -2  2 -2 -3  3  0  0 -3 -2 -2    5   6  21   2   4  14   3   0   2   0   3  17   0   0  20   0   3   0   0   0  0.37 inf
   22 Q    1  1 -2 -2 -2  2 -1 -3 -2  2  0 -1  0 -2 -2 -1 -1 -3 -2  3   17  11   0   0   0  21   0   0   0  13   1   0   0   0   0   0   0   0   0  37  0.22 inf
   23 A    2  0 -1 -1 -2  0  2 -1  0 -2 -2 -1 -2 -2  3  0  0 -3 -2 -1   37   6   0   0   0   3  22   0   2   0   0   0   0   2  18   3   3   0   0   4  0.35 inf
   24 P   -1 -3 -3 -3 -4 -2 -2 -3 -3 -4 -4 -2 -4 -5  8 -2 -2 -5 -4 -3    2   0   0   0   0   0   0   0   0   0   0   0   0   0  98   0   0   0   0   0  2.40 inf
   25 L   -1 -3 -3 -3 -2  0 -3 -4 -1  4  1 -3  1 -1 -3 -2 -1 -3 -2  4    0   0   0   0   0   6   0   0   3  40   9   0   2   0   0   0   0   0   0  41  0.43 inf
   26 I   -1  0 -1 -2 -2  1  0 -3  1  1  0  3  0 -2  0 -1  0 -3 -1  1    0   0   0   0   0   9   3   0   5   9   8  36   0   0   3   0   3   0   2  22  0.17 inf
   27 I   -1 -2 -4 -4 -2 -3 -3 -3 -4  4  0 -3  0 -1 -3 -3 -1 -3 -2  4    0   2   0   0   0   0   0   1   0  38   0   0   0   0   0   0   0   0   0  59  0.59 inf
   28 P   -1  0  0  0 -3  3  3 -2 -1 -2 -2  2  0 -3  1  0  2 -3 -2 -2    1   2   3   3   0  18  25   0   0   0   0  17   4   0   5   1  21   0   0   1  0.34 inf
   29 L   -2 -3 -4 -4 -2 -3 -3 -4 -3  1  5 -3  1  0 -3 -3 -1 -2 -2  1    0   0   0   0   0   0   0   0   0   0  89   0   0   0   0   0   2   0   0   7  0.69 inf
   30 K   -2  2 -1 -1 -4  0  0 -3 -2 -3 -2  6 -1 -4 -2 -1 -1 -4 -3 -3    0   2   0   2   0   0   0   0   0   0   4  89   2   0   0   0   2   0   0   0  0.82 inf
   31 A    1 -2 -2  0 -3 -1  1 -2 -2 -3 -3 -1 -3 -4  6  1 -1  0 -3 -3   16   0   0   6   0   0   9   0   0   0   0   0   0   0  57  10   0   2   0   0  1.11 inf
   32 T    0 -2 -1  0 -3 -1 -1  5 -2 -3 -4 -2 -3 -4 -2  1  2 -3 -3 -3    0   0   0   5   0   3   2  60   0   0   0   0   0   0   0  13  17   0   0   0  0.68 inf
   33 S    3  0 -1 -2 -2  0  0 -1 -2 -2 -1  3  0 -3 -2  1 -1 -3 -1 -1   42   0   0   0   0   1   3   0   0   0   2  37   4   0   0   5   0   0   2   3  0.31 inf
   34 T   -1  0  1  4 -3  2  1 -1 -1 -2 -2  0 -1 -3 -2  1  1 -3 -3 -1    4   3   4  38   0  16   2   3   0   0   3   3   1   0   0   9  12   0   0   3  0.34 inf
   35 P   -1 -3 -2 -2 -3 -2 -2  4 -3 -3 -3 -2 -3  0  6  0 -1 -3 -3 -3    0   0   0   0   0   0   0  39   0   0   0   0   0   6  47   5   3   0   0   0  1.05 inf
   36 V   -1 -3 -3 -3 -2 -3 -3 -3 -3  2 -1 -2 -1 -2  6 -2 -1 -4 -3  3    2   0   0   0   0   0   0   0   0  10   0   0   0   0  45   0   0   0   0  43  0.89 inf
   37 S    0  4 -1 -2  0  0  0 -2 -1 -3 -3  4 -2 -3  0  1 -1 -3  0 -3    5  28   0   0   3   0   2   0   0   0   0  40   0   0   2  14   0   0   6   0  0.43 inf
   38 I   -1 -2 -1 -3 -2  1 -2 -4 -3  3  3 -2  1 -1 -3 -2 -1 -3 -2  3    0   0   3   0   0  13   0   0   0  24  33   0   0   0   0   0   0   0   0  27  0.30 inf
   39 K   -2  6 -1 -2 -4  0  0 -3 -1 -4 -3  4 -2 -4 -2 -1 -2 -4 -3 -3    0  61   0   0   0   0   0   0   0   0   0  39   0   0   0   0   0   0   0   0  0.92 inf
   40 Q   -2  0 -1 -1 -4  7  1 -3 -1 -4 -3  1 -2 -4 -2 -1 -2 -3 -3 -3    0   0   0   0   0  94   0   0   0   0   0   6   0   0   0   0   0   0   0   0  1.27 inf
   41 Y   -3 -3 -4 -5 -3 -3 -3 -4  0 -3 -2 -3 -2  1 -4 -2 -3  9  7 -3    0   0   0   0   0   0   0   0   0   0   0   0   0   0   0   2   0  39  58   0  1.75 inf
   42 P   -2 -3 -3 -3 -4 -2 -2 -3 -3 -4 -3 -2 -4 -5  8 -2 -2 -5 -4 -3    0   0   0   0   0   0   0   0   0   0   1   0   0   0  99   0   0   0   0   0  2.43 inf
   43 M   -2 -3 -4 -4 -2 -2 -3 -4 -3  2  4 -3  4  0 -3 -3 -1 -2 -1  1    0   0   0   0   0   0   0   0   0  11  55   0  25   2   0   0   0   0   0   7  0.51 inf
   44 S    0  0  0 -1 -2 -1 -1 -2 -2 -2 -2  1 -2 -3  1  3  4 -3 -2 -1    0   6   0   0   0   0   0   0   0   0   3  12   0   0   7  34  39   0   0   0  0.39 inf
   45 Q   -1  3  0 -1 -3  1  0 -2  0 -1  0  3 -1 -3  2 -1 -1  0 -2 -2    2  19   3   0   0   8   3   0   1   3  11  38   0   0   9   0   0   1   0   0  0.30 inf
   46 E   -2 -1 -1  1 -5  2  6 -3 -1 -4 -4  0 -3 -4 -2 -1 -2 -4 -3 -3    0   0   0   0   0   2  97   0   0   0   0   0   0   0   0   0   0   0   0   0  1.17 inf
   47 A    3  0 -1  0 -2  0  0 -1 -2 -2 -2  3 -2 -3 -2  0 -1 -3 -2 -1   51   0   0   6   0   0   0   0   0   0   0  40   0   0   0   0   0   0   0   3  0.40 inf
   48 R   -2  4 -2 -3 -3 -1 -2 -3  0  3  1  1  0 -1 -3 -2 -1 -3  0  1    0  35   0   0   0   1   0   0   3  39  13   6   0   0   0   0   0   0   3   1  0.29 inf
   49 L   -1  2 -1  0 -4  3  4 -2 -1 -2 -1  1  0 -3 -2 -1 -1 -3 -2 -2    0  10   0   1   0  16  53   1   0   1   6   8   3   0   0   0   2   0   0   1  0.51 inf
   50 G    3 -2 -1 -2 -2 -2 -1  5 -2 -3 -3 -2 -2 -3 -2  0 -1 -3 -3 -2   40   0   0   0   0   0   3  54   0   0   0   0   0   0   0   3   0   0   0   0  0.70 inf
   51 I   -2 -3 -4 -4 -2 -3 -3 -4 -3  4  3 -3  1  0 -3 -3 -1 -3 -2  2    0   0   0   0   0   0   0   0   0  44  46   0   0   0   0   0   0   0   0   4  0.48 inf
   52 K   -1  4 -1 -2 -3  3  0 -2 -1 -3 -3  4 -1 -3 -2 -1  0 -1 -2 -2    5  29   0   0   0  15   0   1   0   0   0  41   2   0   0   0   5   1   0   2  0.49 inf
   53 P   -1 -1 -2  0 -4  1  4 -2 -2 -2 -3  1 -2 -4  5 -1 -1 -4 -3  0    0   0   0   0   0   1  45   2   0   0   0   9   0   0  33   0   0   0   0  10  0.74 inf
   54 H   -2 -2 -1 -3 -2 -2 -2 -3  6  4  0 -1  0 -1  0 -2 -1 -3 -1  0    0   0   1   0   0   0   0   0  34  47   6   3   0   0   4   2   1   0   0   0  0.41 inf
   55 I   -1 -4 -4 -4  7 -3 -4 -4 -4  4  1 -4  0 -2 -3 -2 -1 -3 -2  2    0   0   0   0  40   0   0   0   0  42   7   0   0   0   0   0   0   0   0  11  0.76 inf
   56 Q   -1  2  1  1 -4  3  4 -2 -1 -3 -3  2 -2 -4 -2 -1  0 -3 -2 -3    0  13   5   4   0  18  39   0   0   1   0  14   0   0   0   0   6   0   0   0  0.49 inf
   57 R   -2  4  0  0  2  1  0 -2 -1 -3 -3  4 -2 -4 -2 -1 -1 -3 -2 -3    0  30   3   6   7   3   3   0   0   0   0  46   0   0   0   0   0   0   0   0  0.54 inf
   58 L   -2 -3 -4 -4 -2 -2 -3 -4 -3  1  3 -3  5  3 -4 -3 -2 -2  0  0    0   0   0   0   0   0   0   0   0   0  43   0  38  19   0   0   0   0   0   0  0.59 inf
   59 L   -2  2 -2 -1 -3  0  3 -3 -1  0  2  1  0 -2 -2 -1 -1 -3 -2 -1    0  12   0   0   0   0  39   0   0   6  31   9   2   0   0   0   0   0   0   1  0.28 inf
   60 D    1  1  0  2 -3  3  2 -2 -1 -3 -3  3 -2 -3 -2  0  0 -3 -2 -2   13   6   2  13   0  18  10   0   0   0   0  29   0   0   0   1   7   0   0   0  0.33 inf
   61 Q    0 -1  0  1 -3  3  3 -2 -1 -2 -1  0 -1  1 -2 -1 -1 -2  1 -2    8   0   2   3   0  27  37   0   0   0   9   0   0   7   0   0   0   0   6   0  0.35 inf
   62 G   -1 -1 -1 -1 -3 -2 -2  6 -3 -4 -4 -1 -3 -4 -3 -1 -2 -3 -4 -4    0   3   0   2   0   0   0  90   0   0   0   3   0   0   0   0   0   0   0   0  1.20 inf
   63 I   -2 -1 -2 -2 -2  4 -1 -3 -2  3  1  0  1 -2 -3 -2 -1 -3 -2  1    0   0   0   0   0  37   0   0   0  40  11   3   4   0   0   0   0   0   0   5  0.34 inf
   64 L   -2 -3 -4 -4 -2 -3 -4 -4 -4  2  4 -3  1  0 -4 -3 -2 -2 -2  1    0   0   0   0   0   0   0   0   0  13  82   0   0   0   0   0   0   0   0   6  0.65 inf
   65 V   -1  1 -1 -1 -3  1  3 -3 -1  1 -1  2 -1 -3 -2 -1 -1 -3 -2  2    0   8   0   0   0   3  40   0   0   7   0  14   0   0   0   0   0   0   0  29  0.30 inf
   66 P   -1 -1 -2 -1 -4 -1  2 -1 -1 -4 -4 -1 -3 -4  7 -1 -2 -4 -3 -3    1   4   0   0   0   0  20   3   1   0   0   1   0   0  70   0   0   0   0   0  1.47 inf
   67 C   -1 -4 -3 -3  8 -3 -3 -3 -4 -2 -2 -3 -2 -3  5 -2 -2 -4 -3  0    2   0   0   0  52   0   0   0   0   0   0   0   0   0  38   0   0   0   0   8  1.32 inf
   68 Q   -1  0 -1 -1 -3  4  2 -2  2 -2 -2  0 -1 -3  0  1  3  0 -2 -1    0   4   0   0   0  32  12   0   6   0   0   0   0   0   2   6  34   1   0   2  0.39 inf
   69 S    0 -1  5  0 -2 -1 -1 -1 -1 -3 -4 -1 -3 -3 -1  4  0 -4 -3 -3    0   0  38   0   0   0   0   0   0   0   0   0   0   0   2  60   0   0   0   0  0.67 inf
   70 P    0 -3 -2  0 -4 -2  0 -3 -3 -4 -4 -2 -3 -4  7 -1 -1 -5 -4 -3    5   0   0   6   0   0   6   0   0   0   0   0   0   0  81   0   2   0   0   0  1.77 inf
   71 W   -3 -3 -4 -4  2 -3 -3 -4 -1 -3 -2 -3 -2  2 -4 -3 -3  9  6 -3    0   0   0   0   6   0   0   0   0   0   0   0   0   6   0   0   0  43  43   0  1.56 inf
   72 N   -3 -1  7  0 -4 -1 -1 -1  0 -4 -4 -1 -3 -4 -1  0 -1 -5 -3 -4    0   0  98   0   0   0   0   0   0   0   0   0   0   0   2   0   0   0   0   0  1.31 inf
   73 T   -1 -2 -1 -2 -2 -2 -2 -2 -2 -1 -2 -2 -1 -3 -2  1  6 -3 -1 -1    0   0   0   0   0   0   0   0   0   3   0   0   0   0   0   6  89   0   2   0  0.81 inf
   74 P   -2 -3 -1 -2 -4 -2 -2 -3 -3 -4 -4 -2 -4 -5  8 -2 -2 -5 -4 -3    0   0   2   0   0   0   0   0   0   0   0   0   0   0  98   0   0   0   0   0  2.36 inf
   75 L   -1 -2 -2 -3 -2 -2 -3 -3 -3  2  3 -2  1 -1 -3 -1  3 -3 -2  1    0   0   0   0   0   0   0   0   0  17  43   0   0   0   0   0  36   0   0   4  0.36 inf
   76 L   -2 -3 -4 -4 -2 -3 -4 -4 -3  0  4 -3  1  5 -4 -3 -2 -1  1  0    0   0   0   0   0   0   0   0   0   0  57   0   0  43   0   0   0   0   0   0  0.69 inf
   77 P    3 -3 -2 -2 -2 -2 -2  0 -3 -3 -3 -2 -2 -4  6 -1 -1 -4 -3 -2   39   0   0   0   0   0   0   6   0   0   0   0   0   0  54   0   1   0   0   1  1.13 inf
   78 V   -1 -3 -4 -4 -2 -3 -3 -4 -4  4  1 -3  0 -1 -3 -3 -1 -3 -2  4    0   0   0   0   0   0   0   0   0  43   0   0   0   0   0   0   1   0   0  56  0.62 inf
   79 K   -2  5 -1 -2 -4  1  0 -3 -1 -4 -3  4 -2 -4  1 -1 -2 -4 -3 -3    0  40   0   0   0   2   0   0   0   0   0  50   0   0   7   0   0   0   0   0  0.74 inf
   80 K   -2  2 -1 -1 -4  1  1 -2 -2 -4 -3  6 -2 -4 -2 -1 -2 -4 -3 -3    0   3   0   0   0   0   4   0   0   0   0  93   0   0   0   0   0   0   0   0  0.94 inf
   81 P   -1  0 -2 -2 -4 -1 -1 -3 -2 -3 -3  3 -3 -4  6 -1 -1 -4 -3 -3    4   2   0   0   0   0   0   0   0   0   0  38   0   0  54   0   2   0   0   0  1.16 inf
   82 G   -1 -2  1  4 -3 -1  0  3 -2 -3 -3  0 -3 -3 -2  0 -1 -3 -3 -3    1   0   4  45   0   2   2  35   0   0   1   4   0   0   0   4   0   0   0   1  0.59 inf
   83 T   -1  0  1 -1 -2  0 -1  0 -1 -2 -2  3 -2 -3 -2  1  3 -3 -2 -2    0   0   9   0   0   0   0   7   0   0   0  37   0   0   0   8  37   0   0   0  0.36 inf
   84 N   -1  0  5  0 -3  0 -1  2 -1 -3 -3  1 -2 -3 -2  1  0 -4 -3 -3    0   1  51   0   0   2   1  19   0   0   0  12   0   0   0   8   4   0   0   0  0.52 inf
   85 D   -2  0  0  4 -4  1  2 -2 -1 -3 -3  4 -2 -4 -2  0  0 -4 -3 -3    0   1   1  36   0   7   8   0   0   0   0  41   0   0   0   3   3   0   0   0  0.55 inf
   86 Y   -3 -3 -4 -5 -3 -3 -3 -4  0 -3 -2 -3 -2  1 -4 -3 -3 10  7 -3    0   0   0   0   0   0   0   0   0   0   0   0   0   0   0   0   0  46  54   0  1.88 inf
   87 R   -2  7 -1 -2 -4  1 -1 -3  0 -4 -3  1 -2 -3 -3 -2 -2  2 -2 -3    0  88   0   0   0   3   0   1   2   0   0   0   0   0   0   0   0   4   0   0  1.07 inf
   88 P   -2 -2 -3 -3 -3 -2 -2 -3 -3  0  1 -1  6 -2  5 -2 -2 -3 -2 -1    0   0   0   0   0   0   0   0   0   3  14   3  41   0  38   0   0   0   0   0  0.81 inf
   89 V   -1 -3 -4 -4 -2 -3 -3 -2 -4  2  3 -3  1 -1 -3 -2 -1 -3 -2  4    0   0   0   0   0   0   0   4   0   0  37   0   0   0   0   0   0   0   0  59  0.47 inf
   90 Q   -2 -1 -2 -2 -3  5  0 -3 -1  3 -1  0  0 -2 -3 -2 -1 -3 -2  0    0   0   0   0   0  60   0   0   0  35   0   0   1   0   0   0   0   0   0   4  0.58 inf
   91 D   -3 -3  0  7 -5 -1  1 -2 -2 -4 -5 -2 -4 -5 -2 -1 -2 -5 -4 -4    0   0   0 100   0   0   0   0   0   0   0   0   0   0   0   0   0   0   0   0  1.48 inf
   92 L   -2 -3 -4 -4 -2 -3 -4 -4 -3  0  4 -3  1  5 -4 -3 -2 -1  1  0    0   0   0   0   0   0   0   0   0   0  58   0   0  42   0   0   0   0   0   0  0.69 inf
   93 R   -2  7 -1 -2 -4  0  0 -3 -1 -4 -3  1 -2 -4 -3 -2 -2 -4 -3 -4    0  98   0   0   0   0   2   0   0   0   0   0   0   0   0   0   0   0   0   0  1.28 inf
   94 E    0  0 -1  0 -3  1  5 -3 -1 -1 -1  0 -2 -3 -2 -1 -1 -3 -3 -2   12   2   0   1   0   0  72   0   0   6   7   0   0   0   0   0   0   0   0   0  0.61 inf
   95 V   -1 -3 -4 -4 -2 -3 -3 -2 -4  3  3 -3  1 -1 -3 -3 -1 -3 -2  3    0   0   0   0   0   0   0   2   0  13  40   0   0   0   0   0   0   0   0  44  0.44 inf
   96 N   -2 -1  7  0 -4  0 -1 -1  0 -4 -4  0 -3 -4 -3  0 -1 -5 -3 -4    0   0  94   0   0   2   0   0   0   0   0   4   0   0   0   0   0   0   0   0  1.22 inf
   97 K   -1  3  0 -1 -4  2  1 -2 -1 -3 -3  5 -2 -4 -2 -1 -1 -4 -2 -3    0  11   3   0   0  10   6   0   0   0   0  69   0   0   0   0   0   0   0   0  0.68 inf
   98 R    1  4 -2 -3 -2 -1 -2 -3 -2  2 -1  0 -1 -2 -3 -1 -1 -3 -2  3   13  39   0   0   0   0   0   0   0  13   0   0   0   0   0   0   0   0   0  36  0.32 inf
   99 V   -1 -2 -2 -3 -2 -2 -2 -3 -3  1 -1 -2 -1 -2 -2  0  4 -3 -2  3    0   0   0   0   0   0   0   0   0   3   0   0   0   0   0   0  56   0   0  41  0.52 inf
  100 E   -1  0 -1 -1 -3  5  2 -3 -1 -2 -1  1  0  0 -2 -1 -1 -3 -2  0    2   0   0   0   0  51  18   0   0   0   4   6   3   6   0   2   0   0   0   9  0.44 inf
  101 D   -2 -2  0  6 -4 -1  2 -2 -2 -3 -4 -1 -3 -4  1 -1  1 -5 -4 -3    0   0   0  72   0   0   8   0   0   0   0   0   0   0   6   0  14   0   0   0  0.91 inf
  102 I   -2 -3 -4 -4 -2 -3 -4 -4 -4  5  2 -3  1 -1 -3 -3 -1 -3 -2  3    0   0   0   0   0   0   0   0   0  68  18   0   0   0   0   0   0   0   0  13  0.61 inf
  103 H   -2 -1 -1 -2 -4  5  0 -3  7 -4 -3 -1 -2 -2 -3 -1 -2 -2  3 -3    0   0   0   0   0  40   0   0  48   0   0   0   0   0   0   0   0   0  12   0  0.94 inf
  104 P   -2 -3 -3 -3 -3 -2 -2 -3 -3 -1  3 -2 -1 -2  7 -2 -2 -3 -3 -1    0   0   0   0   0   0   0   0   0   0  40   0   0   0  60   0   0   0   0   0  1.22 inf
  105 T    1 -2 -1 -2 -2 -2 -2  4 -3 -1 -2 -2 -2 -3 -1  0  3 -3 -3  0   11   0   0   0   0   0   0  40   0   0   0   0   0   0   2   0  35   0   0  12  0.44 inf
  106 V   -1 -3 -4 -4 -2 -3 -3 -4 -4  4  1 -3  0 -1 -3 -3 -1 -3 -2  4    0   0   0   0   0   0   0   0   0  40   0   0   0   0   0   0   0   0   0  60  0.63 inf
  107 P    1 -3 -3 -2 -3 -2 -2 -3 -3 -3 -4 -2 -3 -4  8  0 -2 -4 -4 -3   12   0   0   0   0   0   0   0   0   0   0   0   0   0  83   6   0   0   0   0  1.85 inf
  108 N   -2 -1  6  0 -4 -1 -1 -2  7 -4 -4 -1 -3 -3 -3  0 -1 -4 -1 -4    0   0  54   0   0   0   0   0  40   0   0   0   0   0   0   6   0   0   0   0  0.97 inf
  109 P   -2 -3 -3 -3 -4 -2 -2 -3 -3 -4 -2 -2 -3 -4  8 -2 -2 -5 -4 -3    0   0   0   0   0   0   0   0   0   0   3   0   0   0  97   0   0   0   0   0  2.31 inf
  110 Y    3 -2 -3 -3 -2 -2 -2 -2  0 -2 -2 -2 -2  1 -3 -1 -2  0  7 -2   40   0   0   0   0   0   0   0   0   0   0   0   0   0   0   0   0   0  60   0  0.81 inf
  111 N   -1 -2  3 -1 -2 -1 -2  4 -2 -3 -3 -1 -2 -3 -2  0  3 -3 -3 -2    0   1  20   0   0   0   0  39   0   0   0   0   0   0   0   1  38   0   0   0  0.56 inf
  112 L   -2 -3 -4 -5 -2 -3 -4 -5 -4  1  5 -3  1  0 -4 -3 -2 -2 -2  0    0   0   0   0   0   0   0   0   0   0 100   0   0   0   0   0   0   0   0   0  0.83 inf
  113 L   -1 -1 -2 -2 -1 -1 -1 -2 -2  1  3 -1  1  0 -1 -1 -1 -1 -1  0    3   2   2   2   1   2   2   3   1   2  63   2   1   2   2   3   2   1   1   3  0.22 inf
  114 S    0 -1  0 -1  2  0  0  1 -1 -1 -1  0 -1 -2 -1  3  2 -1 -1 -1    3   2   2   2   5   2   3  10   1   2   4   2   1   2   2  39  14   1   1   3  0.18 inf
  115 G    1 -1 -1 -1  1  0 -1  0  0  0  1  0  0 -1 -1  1  1 -1 -1  0   13   2   2   2   4   2   3   6   3   2  23   5   1   2   2  17   8   1   1   3  0.04 inf
  116 L   -1 -1 -2 -2 -1 -1 -1 -2 -2  1  3 -1  1  0 -1 -1 -1 -1 -1  1    3   2   2   2   1   2   3   3   1   8  55   2   1   2   2   3   2   1   1   5  0.17 inf
  117 P    0 -1  1 -1 -2 -1 -1 -1 -1 -1 -1  0 -1 -2  5  0  0 -2 -1 -1    5   2   7   2   1   2   3   3   1   2   6   6   1   2  42   7   6   1   1   3  0.58 inf
  118 P    3 -2 -1 -1 -2 -1  1 -2 -2 -3 -3 -1 -2 -4  6  0 -1 -4 -3 -2   40   0   3   1   0   1  12   0   0   0   0   0   0   0  43   0   0   0   0   0  0.85 inf
  119 S   -1  0  0  2 -3  1  3 -2 -1 -3 -3  3 -2 -3 -2  1  0 -3 -1 -3    0   0   0  10   0   5  28   0   0   0   0  35   0   0   0  12   7   0   2   0  0.42 inf
  120 H   -1  3  0  0 -3  1  0 -2  3 -3 -2  3 -2 -1 -2 -1 -1 -2  1 -2    6  21   2   7   0   3   0   0  13   0   3  33   0   3   0   2   0   0   7   0  0.31 inf
  121 Q   -1  3  0 -1 -2  1  1 -2 -1 -1 -2  2 -1 -3 -1  1  2 -3 -2  0    0  28   1   0   0   4   6   0   0   3   0  19   0   0   1  14  17   0   0   8  0.28 inf
  122 W   -3  4 -3 -4  1 -1 -2 -3 -2 -4 -3 -1 -2 -1 -4 -2 -3 10  0 -4    0  37   0   0   4   0   0   0   0   0   0   0   0   0   0   3   0  56   0   0  1.65 inf
  123 Y   -2 -3 -3 -4  0 -3 -3 -4 -1  3  0 -3  0  4 -4 -3 -2  0  5  1    0   0   0   0   2   0   0   0   0  37   0   0   0  25   0   0   0   0  34   3  0.60 inf
  124 T   -1 -1 -1 -2 -2 -1 -2 -2 -2 -2 -2 -1 -1 -3 -2  2  6 -3 -2 -1    0   3   0   0   0   0   0   0   0   0   0   0   1   0   0  14  81   0   0   0  0.75 inf
  125 V   -1 -3 -4 -4  3 -3 -3 -4 -4  2  0 -3  0 -2 -3 -2  0 -4 -2  5    0   0   0   0   7   0   0   0   0   0   0   0   0   0   0   0   2   0   0  91  0.71 inf
  126 L   -2 -3 -4 -4 -2 -3 -4 -4 -4  1  5 -3  1  0 -4 -3 -2 -2 -2  0    0   0   0   0   0   0   0   0   0   4  96   0   0   0   0   0   0   0   0   0  0.79 inf
  127 D   -3 -3  0  7 -5 -1  1 -2 -2 -4 -5 -2 -4 -5 -2 -1 -2 -5 -4 -4    0   0   0 100   0   0   0   0   0   0   0   0   0   0   0   0   0   0   0   0  1.48 inf
  128 L   -2 -3 -4 -4 -2 -3 -3 -4 -4  2  4 -3  1  0 -3 -3 -1 -3 -2  3    0   0   0   0   0   0   0   0   0  12  60   0   0   0   0   0   0   0   0  28  0.51 inf
  129 K   -1  0 -1 -2 -4  0  0  4 -2 -4 -4  5 -3 -4 -2 -1 -2 -4 -3 -3    0   0   0   0   0   0   1  39   0   0   0  60   0   0   0   0   0   0   0   0  0.69 inf
  130 D   -3 -3  0  7 -5 -1  1 -2 -2 -4 -5 -2 -4 -5 -2 -1 -2 -5 -4 -4    0   0   0 100   0   0   0   0   0   0   0   0   0   0   0   0   0   0   0   0  1.48 inf
  131 A    5 -2 -2 -3 -1 -2 -2 -1 -2 -2 -2 -2 -2 -3 -2  0  0 -3 -3 -1   98   0   0   0   0   0   0   0   0   0   0   0   0   0   0   0   2   0   0   0  0.80 inf
  132 F   -3 -3 -4 -4 -3 -3 -4 -4 -1 -1 -1 -3 -1  6 -4 -3 -3  1  6 -2    0   0   0   0   0   0   0   0   0   0   0   0   0  62   0   0   0   0  38   0  1.17 inf
  133 F   -3 -4 -4 -5 -3 -4 -4 -4 -2 -1  0 -4 -1  8 -5 -3 -3  0  2 -2    0   0   0   0   0   0   0   0   0   0   0   0   0 100   0   0   0   0   0   0  1.46 inf
  134 C    0 -2 -1 -2  8 -2 -2 -2 -2 -3 -3 -2 -2 -3 -2  4  0 -3 -3 -2    1   0   0   0  43   0   0   0   0   0   0   0   0   0   0  54   2   0   0   0  0.90 inf
  135 L   -2 -3 -4 -4 -2 -3 -4 -4 -4  5  3 -3  1 -1 -3 -3 -1 -3 -2  2    0   0   0   0   0   0   0   0   0  61  37   0   0   0   0   0   0   0   0   3  0.60 inf
  136 R   -1  3 -2 -2 -4 -1 -1 -3 -2 -4 -3  0 -3 -4  7 -1 -2 -4 -3 -3    4  24   0   0   0   1   0   0   0   0   0   1   0   0  68   2   0   0   0   0  1.45 inf
  137 L   -2 -3 -4 -4 -2 -3 -4 -4 -3  1  5 -3  1  1 -4 -3 -2 -2 -1  1    0   0   0   0   0   0   0   0   0   0  91   0   0   4   0   0   0   0   0   6  0.71 inf
  138 H    2  0  0  2 -1  0  0 -2  6 -3 -3 -1 -2 -2 -2  0 -1 -3  1 -2   27   6   0  15   1   0   3   0  42   0   0   0   0   0   0   1   2   0   3   0  0.50 inf
  139 P   -1 -1 -2 -1 -1  0  3 -3 -2 -3 -2  1 -1 -4  6 -1 -2 -4 -3 -2    2   0   0   0   2   0  33   0   0   0   5   7   3   0  47   0   0   0   0   1  0.91 inf
  140 T   -1 -1  1  4 -3  1  3 -1 -1 -3 -3  0 -2 -4 -2  0  1 -4 -3 -2    3   0   4  38   0   8  25   3   0   0   0   3   0   0   0   6   9   0   0   2  0.47 inf
  141 S   -1 -1 -1 -2 -2 -2 -2 -2 -2 -2 -2 -2 -1  5 -2  4  0 -1  0 -2    0   3   0   0   0   0   0   0   0   0   0   0   0  40   0  57   0   0   0   0  0.53 inf
  142 Q   -2  5 -1 -2 -4  5  0 -3 -1 -4 -3  1 -2 -4 -2 -1 -2 -3 -2 -3    0  46   0   0   0  53   0   0   0   0   0   2   0   0   0   0   0   0   0   0  0.90 inf
  143 P   -1  0  0 -1 -3  4  1 -2  0 -3 -1  2 -1  0  4 -1 -1 -3 -2 -2    0   0   3   0   0  31  10   0   2   0   6  21   0   6  20   0   1   0   0   0  0.45 inf
  144 L   -2 -3 -3 -4 -2 -3 -3 -4 -1  1  3 -3  0  1 -4 -3 -2  0  5  0    0   0   0   0   0   0   0   0   0  11  46   0   0   1   0   0   0   0  42   0  0.61 inf
  145 F   -2 -3 -2 -3 -2 -3 -3 -3 -2 -1 -1 -3 -1  6 -3 -1  4 -1  1 -1    0   0   0   0   0   0   0   0   0   0   0   0   0  60   0   0  40   0   0   0  0.75 inf
  146 A    5 -2 -2 -3 -1 -2 -2 -1 -3 -2 -2 -2 -2 -3 -2  0 -1 -3 -3 -1  100   0   0   0   0   0   0   0   0   0   0   0   0   0   0   0   0   0   0   0  0.83 inf
  147 F   -3 -4 -4 -5 -3 -4 -4 -4 -2 -1  0 -4 -1  8 -5 -3 -3  0  2 -2    0   0   0   0   0   0   0   0   0   0   0   0   0 100   0   0   0   0   0   0  1.46 inf
  148 E   -1 -1 -1  0 -3  2  4 -3 -1 -3 -3  0 -2 -3 -2  0  4 -3 -3 -2    0   0   0   0   0   7  53   0   0   0   0   0   0   0   0   0  40   0   0   0  0.63 inf
  149 W   -3 -3 -4 -4 -3 -3 -3 -3 -3  0  2 -3  0  0 -4 -3 -2 10  0 -1    0   0   0   0   0   0   0   0   0   7  34   0   0   0   0   0   0  54   0   0  1.45 inf
  150 R   -1  2 -1 -1 -3  0  2 -2  0 -2 -3  0 -2 -3  5 -1  0 -3 -2 -2    0  18   2   0   0   0  19   0   2   2   1   4   0   0  40   2   8   0   0   0  0.72 inf
  151 D   -1 -2  2  5 -3 -1  1 -1 -1 -3 -4 -1 -3 -4 -1  3  0 -4 -3 -3    1   0  11  44   0   0   2   0   0   0   0   0   0   0   1  40   1   0   0   0  0.62 inf
  152 P   -1 -3 -3 -3 -2 -2 -2 -1 -3  1 -1 -2 -1 -3  6 -1  0 -4 -3  2    2   0   0   0   0   0   0   4   0  10   0   0   0   0  50   1   5   0   0  28  0.87 inf
  153 E   -2  0  5  3 -3  1  3  0  0 -3 -3  0 -3 -3 -2  0 -1 -4 -3 -3    0   4  42  14   0   3  27   7   0   0   1   0   0   0   0   0   0   0   0   0  0.54 inf
  154 M    0  0  4  0 -2  0  0  0 -1 -2 -1  0  1 -3 -2  2  1 -3 -2 -2    3   3  39   0   0   0   6   5   0   1   6   2   7   0   0  17  12   0   0   0  0.30 inf
  155 G    2 -2  0 -2 -2 -1 -1  5 -2 -3 -3 -1 -2 -3 -2  0 -1 -3 -3 -2   31   1   6   0   0   2   3  54   0   1   0   0   1   0   0   2   0   0   0   0  0.62 inf
  156 I   -1  2 -1  0 -3  1  3 -3  0  0 -1  0 -1 -2  2 -1  0 -3 -2  0    0  14   2   0   0   4  39   0   2   8   3   0   0   1   9   0   8   0   0  10  0.27 inf
  157 S   -1  0 -1 -2 -2 -1 -1 -1 -2 -2 -3  1 -2 -3  5  1  2 -4 -3 -2    0   3   2   0   0   0   0   2   0   0   0  11   0   0  40  14  26   0   0   2  0.73 inf
  158 G    0 -1 -1 -2 -3 -2 -1  5 -2 -3 -3 -1 -1 -3 -2  0  1 -3 -3 -2    3   3   0   0   0   0   2  69   0   0   0   2   3   0   0   6  10   0   0   2  0.74 inf
  159 Q   -2  5 -1 -2 -4  6  0 -3  1 -4 -3  1 -2 -4 -2 -1 -2 -3 -2 -3    0  40   0   0   0  57   0   0   3   0   0   0   0   0   0   0   0   0   0   0  0.88 inf
  160 L   -2 -3 -3 -4 -3 -3 -3 -4 -1  0  3 -3  0  1 -4 -3 -2  0  6 -1    0   0   0   0   0   0   0   0   0   0  53   0   0   0   0   0   0   0  47   0  0.73 inf
  161 T   -1 -2 -1 -2 -2 -1 -2 -3 -3  3  0 -2  0 -2 -2  0  5 -3 -2  1    0   0   0   0   0   3   0   0   0  32   1   0   1   0   0   0  61   0   0   3  0.49 inf
  162 W   -3 -3 -4 -5 -2 -3 -4 -4 -1 -3 -2 -4 -2  1 -5 -3 -3 10  6 -3    0   0   0   0   1   0   0   0   0   0   0   0   0   0   0   0   0  60  39   0  2.13 inf
  163 T   -1  0  0 -1 -2  0 -1 -2 -2 -2 -2  3 -2 -3 -2  1  5 -3 -2 -1    0   0   3   0   0   0   0   0   0   0   0  35   0   0   0   3  58   0   0   0  0.55 inf
  164 R   -1  4 -2 -3 -2  0 -2 -3 -2  0 -1  0 -1 -2 -3 -2 -1  2 -2  3    0  41   0   0   0   3   0   0   0   0   0   0   0   0   0   0   0   4   0  52  0.44 inf
  165 L   -2 -3 -4 -4 -2 -3 -3 -4 -3  1  5 -3  1  0 -3 -3 -2 -2 -2  0    0   0   0   0   0   0   0   0   0   0  97   0   0   0   0   0   0   0   0   0  0.76 inf
  166 P   -2 -3 -3 -3 -4 -2 -2 -3 -3 -4 -4 -2 -4 -5  8 -2 -2 -5 -4 -3    0   0   0   0   0   0   0   0   0   0   0   0   0   0 100   0   0   0   0   0  2.46 inf
  167 Q   -2  0 -1 -1 -4  7  1 -3 -1 -4 -3  1  1 -4 -2 -1 -2 -3 -2 -3    0   0   0   0   0  94   0   0   0   0   0   2   4   0   0   0   0   0   0   0  1.19 inf
  168 G   -1 -1 -1 -2 -3 -2 -3  6 -3 -5 -5 -2 -4 -4 -3 -1 -2 -3 -4 -4    0   3   0   0   0   0   0  97   0   0   0   0   0   0   0   0   0   0   0   0  1.37 inf
  169 F   -3 -4 -4 -5 -3 -4 -4 -4 -2 -2 -1 -4 -1  6 -5 -3 -3  9  2 -2    0   0   0   0   0   0   0   0   0   0   0   0   0  57   0   0   0  40   2   0  1.61 inf
  170 K   -2  2 -1 -2 -4  1  0 -2 -2 -4 -3  6 -2 -4 -2 -1 -2 -4 -3 -3    0   6   0   0   0   0   0   0   0   0   0  94   0   0   0   0   0   0   0   0  0.97 inf
  171 N   -1 -2  5  1 -3 -1 -1  4 -1 -4 -4 -1 -3 -4 -3  0 -1 -4 -3 -4    0   0  54   6   0   0   0  40   0   0   0   0   0   0   0   0   0   0   0   0  0.84 inf
  172 S    0 -2  0 -1 -2 -1 -1 -1 -2 -3 -3 -1 -2 -1 -2  6  1 -4 -2 -3    0   0   0   0   0   0   0   0   0   0   0   0   0   2   0  98   0   0   0   0  0.85 inf
  173 P   -2 -3 -3 -3 -4 -2 -2 -3 -3 -4 -4 -2 -4 -5  8 -2 -2 -5 -4 -3    0   0   0   0   0   0   0   0   0   0   0   0   0   0 100   0   0   0   0   0  2.46 inf
  174 T    3 -2 -1 -2 -1 -1 -1 -1  1 -2 -2 -1 -1 -3 -2  1  4 -3 -2 -1   41   0   0   0   0   0   0   0   6   0   0   0   0   0   0   0  54   0   0   0  0.51 inf
  175 L   -2 -3 -4 -4 -2 -3 -4 -4 -4  5  3 -3  1 -1 -4 -3 -2 -3 -2  2    0   0   0   0   0   0   0   0   0  63  37   0   0   0   0   0   0   0   0   0  0.62 inf
  176 F   -3 -4 -4 -5 -3 -4 -4 -4 -2 -1  0 -4 -1  8 -5 -3 -3  0  2 -2    0   0   0   0   0   0   0   0   0   0   0   0   0 100   0   0   0   0   0   0  1.46 inf
  177 D   -1 -1  1  4 -4  4  1  3 -1 -4 -4  0 -2 -4 -2 -1 -2 -3 -3 -3    0   0   4  32   0  40   0  25   0   0   0   0   0   0   0   0   0   0   0   0  0.62 inf
  178 E   -2 -1  1  0 -4  2  4 -3  4 -3 -3  0 -2 -1 -2 -1 -2 -1  4 -3    0   0   9   0   0   8  44   0  14   0   0   0   0   0   0   2   0   0  21   0  0.50 inf
  179 A    3 -1 -1 -2 -1  2  0 -1 -2 -2 -2 -1 -1 -3 -2  1  3 -3 -2 -1   45   0   0   0   1  12   4   1   0   1   0   0   1   0   0   4  32   0   0   0  0.35 inf
  180 L   -2 -3 -4 -4 -2 -2 -3 -4 -3  1  4 -3  6  0 -3 -3 -1 -2 -2  0    0   0   0   0   0   0   0   0   0   1  60   0  38   0   0   0   1   0   0   1  0.67 inf
  181 H    2  4  0 -2 -2  0 -1 -1  5 -3 -3  0 -2 -3 -2  0  0 -3 -1 -2   27  34   3   0   0   0   0   2  25   0   0   0   0   0   0   5   3   0   0   0  0.41 inf
  182 R   -2  4  0 -1 -4  4  1 -2  1 -4 -3  3 -2 -4 -2 -1 -1 -3 -2 -3    0  32   2   0   0  36   5   1   5   0   0  18   0   0   0   1   0   0   0   0  0.59 inf
  183 D   -2 -2  0  5 -3 -1  1 -3 -2  2 -1 -2 -1 -2 -2 -1 -1 -4 -3  2    0   0   0  51   0   0   9   0   0  21   0   0   0   0   0   0   0   0   0  19  0.48 inf
  184 L   -2 -3 -4 -5 -2 -3 -4 -5 -4  1  5 -3  1  0 -4 -3 -2 -2 -2  0    0   0   0   0   0   0   0   0   0   0 100   0   0   0   0   0   0   0   0   0  0.83 inf
  185 A    1 -1 -1  1 -3  2  4  0 -1 -3 -2  0 -2 -3 -2  0  0 -3 -1 -2   19   0   0   7   0  12  43   7   0   0   2   0   0   0   0   6   3   0   2   0  0.38 inf
  186 D   -1 -1  0  1 -3  1  1  0  0 -2 -3  0 -2 -4  6  0 -1 -4 -3 -2    0   0   5   8   0   6   8   5   3   3   0   7   0   0  44   7   3   0   0   0  0.73 inf
  187 F   -3 -4 -4 -4  1 -4 -4 -4 -2 -1 -1 -4 -1  7 -4 -3 -3  6  3 -2    0   0   0   0   4   0   0   0   0   0   0   0   0  76   0   0   0  12   8   0  1.17 inf
  188 R   -2  6 -1 -2 -1  0  0 -3 -1 -3 -3  2 -2 -3  1 -1 -1 -3 -2 -3    0  74   0   0   2   0   4   0   0   0   1   6   0   0   7   0   3   0   0   0  0.79 inf
  189 I    1  1 -1 -1 -2  0  0 -2 -1  0 -1  3 -1 -1  0  0  1 -3 -2 -1   12   7   0   0   0   2   3   0   0   8   2  37   0   2   3   0  16   0   0   3  0.18 inf
  190 Q    3  1  0  0 -2  2  0 -1 -1 -2 -2  0 -2 -3  2  1 -1 -3 -2 -2   39  11   2   3   0  17   4   1   0   0   2   0   0   0   9  10   0   0   0   0  0.29 inf
  191 H   -2  0  5  2 -4 -1 -1 -2  6 -4 -4 -1 -3 -2 -1  0 -1 -3  2 -4    0   3  42  10   0   0   0   0  32   0   0   0   0   0   3   3   0   0   7   0  0.67 inf
  192 P   -1 -2 -1 -2 -3  0  0 -3 -3 -2  0 -1 -2 -3  7  0 -1 -4 -3 -2    0   0   2   1   0   4   5   0   0   0  13   1   0   0  67   5   3   0   0   0  1.28 inf
  193 D   -1 -1  1  5 -3  2  2  1 -1 -4 -4 -1 -3 -4 -2  0  0 -4 -3 -3    1   0   3  46   0  13  16  10   0   0   0   0   0   0   0   6   3   0   0   0  0.58 inf
  194 L   -1 -3 -3 -3  2 -2 -3 -1  0  2  1 -3  1 -1 -3 -2  0 -3  0  4    0   0   0   0   7   0   0   6   3   8  10   0   2   0   0   0   7   0   3  54  0.27 inf
  195 I   -1 -2 -2 -3 -2 -2 -2 -3 -3  3  1 -1  0 -1 -2  0  3 -3 -2  2    0   0   0   0   0   0   0   0   0  31   9   3   0   0   0   3  34   0   0  19  0.30 inf
  196 L   -2 -3 -4 -4 -2 -3 -4 -4 -4  3  4 -3  2  0 -4 -3 -2 -2 -2  1    0   0   0   0   0   0   0   0   0  19  75   0   1   0   0   0   0   0   0   6  0.62 inf
  197 L   -2 -3 -4 -4 -2 -3 -3 -4 -3  3  4 -3  1  0 -3 -3 -1 -2  0  1    0   0   0   0   0   0   0   0   0  28  60   0   0   0   0   0   1   0   3   6  0.49 inf
  198 Q   -2  0 -1 -1 -4  7  1 -3  1 -4 -3  0 -2 -4 -2 -1 -2 -3 -2 -3    0   0   0   0   0  96   0   0   4   0   0   0   0   0   0   0   0   0   0   0  1.29 inf
  199 Y   -3 -3 -3 -4 -4 -3 -3 -4  1 -2 -2 -3 -2  2 -4 -3 -3  1  8 -2    0   0   0   0   0   0   0   0   0   0   0   0   0   2   0   0   0   0  98   0  1.69 inf
  200 V   -1 -3 -4 -4 -2 -2 -3 -4 -3  2  1 -3  5 -1 -3 -2 -1 -3 -2  5    0   0   0   0   0   0   0   0   0   0   0   0  30   0   0   0   0   0   0  70  0.66 inf
  201 D   -3 -3  0  7 -5 -1  1 -2 -2 -4 -5 -2 -4 -5 -2 -1 -2 -5 -4 -4    0   0   0 100   0   0   0   0   0   0   0   0   0   0   0   0   0   0   0   0  1.49 inf
  202 D   -3 -3  0  7 -5 -1  1 -2 -2 -4 -5 -2 -4 -5 -2 -1 -2 -5 -4 -4    0   0   0 100   0   0   0   0   0   0   0   0   0   0   0   0   0   0   0   0  1.49 inf
  203 L   -2 -3 -4 -4 -2 -3 -4 -4 -4  4  4 -3  1  0 -4 -3 -2 -3 -2  1    0   0   0   0   0   0   0   0   0  46  54   0   0   0   0   0   0   0   0   0  0.60 inf
  204 L   -2 -3 -4 -4 -2 -3 -4 -4 -3  1  5 -3  2  1 -4 -3 -2 -2  0  0    0   0   0   0   0   0   0   0   0   2  88   0   2   3   0   0   0   0   3   2  0.67 inf
  205 L   -2 -3 -4 -4 -2 -3 -4 -4 -4  4  3 -3  1 -1 -3 -3 -1 -3 -2  2    0   0   0   0   0   0   0   0   0  54  33   0   0   0   0   0   0   0   0  13  0.55 inf
  206 A    5 -2 -2 -2 -1 -2 -2  1 -2 -2 -2 -2 -2 -3 -2  0  0 -3 -3  0   81   0   0   0   0   0   0  11   0   0   0   0   0   0   0   0   2   0   0   6  0.58 inf
  207 A    3 -2 -1 -1 -1 -1 -1  0  2 -2 -3 -1 -2 -3 -2  3  2 -3 -2 -2   32   0   0   0   0   0   0   5   7   0   0   0   0   0   0  43  13   0   0   0  0.42 inf
  208 T    0  1  0  4 -3  0  1 -2 -2 -3 -3 -1 -3 -4  3  0  1 -4 -3 -3   11   9   1  44   0   4   6   0   0   0   0   0   0   0  14   2   9   0   0   0  0.51 inf
  209 S   -1 -2 -1 -1 -2 -1  0 -2 -2 -2 -1 -1 -1 -3 -2  3  5 -3 -2 -1    0   0   0   0   0   0   7   0   0   0   4   0   0   0   0  23  66   0   0   0  0.61 inf
  210 E    0  1  0  4 -3  1  3 -1 -1 -3 -2  2 -2 -3 -2 -1 -1  0 -1 -3    9   8   3  30   0   2  25   3   0   0   2  14   0   0   0   0   1   1   3   0  0.37 inf
  211 L    0 -1 -2 -1 -2  1  1 -1 -2  1  2 -1  0  0 -2 -1  0 -2 -1  0    5   1   0   2   0   6  17   3   0   4  39   3   0   3   0   0   9   0   0   7  0.12 inf
  212 D    1 -1 -1  2 -3  1  4  0 -1 -2 -1  0  0 -3 -2  0  0 -3 -2 -2   12   0   0  13   0   4  43   8   0   0   9   0   3   0   0   3   6   0   0   0  0.32 inf
  213 C   -2 -3 -2 -3  9 -2 -3 -3  7 -3 -3 -3 -3 -3 -4 -2 -2 -3 -1 -3    0   0   0   0  59   0   0   0  41   0   0   0   0   0   0   0   0   0   0   0  1.54 inf
  214 Q    0  0  0  4 -3  1  0 -2  2  0  0  0 -1 -2 -2 -1 -1 -3 -2 -1    8   6   1  36   0   7   2   0   7   6  16   3   0   0   0   2   3   0   0   4  0.21 inf
  215 Q   -1  4  0 -1 -4  4  1 -2 -1 -3 -3  3 -2 -4 -2  0 -1 -3 -2 -3    4  31   1   1   0  26   8   0   0   0   0  25   0   0   0   2   3   0   0   0  0.54 inf
  216 G    1 -1 -2 -3 -2 -2 -2  3 -3  0 -1 -1 -1 -2 -2 -1 -1  3 -2  3   19   3   0   0   0   0   0  26   0   1   3   4   0   0   0   0   0   6   0  38  0.26 inf
  217 T   -1 -2 -2 -2 -2 -2 -2 -3 -3  1 -1 -2 -1 -2  0  0  4 -3 -2  3    0   0   0   0   0   0   0   0   0   4   0   0   0   0   3   0  55   0   0  36  0.50 inf
  218 R   -1  1 -1  0 -2  1  1 -1 -2  1  2  1  0 -1 -2 -1 -1 -3 -2  0    2  11   0   7   0   9   9   4   0   9  32   8   1   0   0   3   1   0   0   4  0.09 inf
  219 A    1  0  0  2 -3  4  2 -1  1 -3 -3  0 -2 -3 -2  1 -1 -3 -2 -2   16   3   0  14   0  37  13   3   3   0   0   2   0   0   0   8   0   0   0   0  0.40 inf
  220 L   -2 -3 -4 -5 -2 -3 -4 -5 -4  1  5 -3  1  0 -4 -3 -2 -3 -2  0    0   0   0   0   0   0   0   0   0   0 100   0   0   0   0   0   0   0   0   0  0.89 inf
  221 L   -2  1 -2 -3 -3 -1 -1 -3 -2  0  3  3  0  0 -3 -2 -2 -3 -2 -1    0   6   0   0   0   0   0   0   0   0  55  36   0   3   0   0   0   0   0   0  0.37 inf
  222 Q   -1  1  2  0 -3  2  4 -2 -1 -2 -2  1 -1 -3 -2  0  0 -3 -2 -1    2   8  14   0   0  13  42   1   0   0   4   4   2   0   0   0   6   0   0   5  0.38 inf
  223 T   -2 -2 -2 -2 -2 -1  1 -3  3  0  2 -2  1  2 -3 -1  1 -2  0 -1    0   0   0   0   0   0  16   0  11   0  37   0   3  15   0   0  18   0   0   0  0.22 inf
  224 L   -2 -3 -4 -5 -2 -3 -4 -5 -4  1  5 -3  1  0 -4 -3 -2 -3 -2  1    0   0   0   0   0   0   0   0   0   0  96   0   0   0   0   0   0   0   0   4  0.83 inf
  225 G   -1 -2  4  0 -3 -1  0  4 -1 -4 -4 -1 -3 -2 -3  1  0  2 -2 -3    2   0  37   0   0   0   7  37   0   0   0   0   0   1   0   7   5   4   0   0  0.55 inf
  226 N   -1  0  1  2 -3  0  1  3 -1 -2 -1  0 -2 -3 -2  0  0 -3 -3 -2    2   4   7  20   0   5   6  27   0   0  10   7   0   0   0   5   7   0   0   0  0.25 inf
  227 L   -1 -2  0 -3  4  0 -2 -3 -2  1  3 -1  2 -1 -3 -2 -1  2 -2  0    3   0   6   0  12   5   0   0   0   3  54   4   7   0   0   0   1   4   0   0  0.31 inf
  228 G   -1 -3 -1 -2 -4 -3 -3  7 -3 -5 -5 -3 -4 -4 -3 -1 -3 -4 -4 -4    0   0   0   0   0   0   0 100   0   0   0   0   0   0   0   0   0   0   0   0  1.53 inf
  229 Y   -3 -3 -3 -2 -3 -3 -3 -4  0 -2 -1 -3 -1  6 -4 -3 -3  1  7 -2    0   0   0   3   0   0   0   0   0   0   0   0   0  41   0   0   0   0  56   0  1.18 inf
  230 R   -1  4 -1 -2 -3  0 -1 -2 -1 -3 -3  2 -2 -2 -2  2  0 -3  0 -3    0  41   0   0   0   0   0   0   0   0   1  18   0   0   0  32   2   0   6   0  0.49 inf
  231 A    2 -2 -2 -3 -1 -2 -2 -2 -3  0 -1 -2 -1 -2 -2  0  4 -3 -2  3   20   0   0   0   0   0   0   0   0   0   0   0   0   0   0   0  41   0   0  39  0.40 inf
  232 S    0 -2 -1 -2 -2 -1 -1 -2 -2 -3 -3 -1 -3 -1  6  4  0 -4 -3 -3    0   0   0   0   0   0   0   0   0   0   0   0   0   3  41  53   3   0   0   0  0.95 inf
  233 A    2  0  0  4 -3  0  1  0 -1 -3 -3  2 -2 -4 -2  0 -1 -4 -3 -2   27   3   0  32   0   3   9   6   0   0   0  19   0   0   0   0   0   0   0   0  0.37 inf
  234 K   -1  2 -1  1 -4  1  4 -2 -1 -4 -3  4 -2 -3  1 -1 -1 -3 -1 -3    0   7   0   3   0   3  36   0   0   0   0  41   0   0   5   2   0   0   3   0  0.54 inf
  235 K   -2  1 -1 -2 -4  0  0 -3 -2 -4 -4  6 -2 -4 -2 -1 -2 -4 -3 -3    0   0   0   0   0   0   0   0   0   0   0 100   0   0   0   0   0   0   0   0  1.11 inf
  236 A    4 -3 -2 -3 -2 -2 -2 -1  1 -2 -1 -2 -1  5 -2  0 -1 -1  0 -1   56   0   0   0   0   0   0   0   4   0   0   0   0  37   0   3   0   0   0   0  0.50 inf
  237 Q   -2  1 -1 -1 -4  7  1 -3  1 -4 -3  0 -2 -4 -2 -1 -2 -3 -2 -3    0   5   0   0   0  91   0   0   3   0   0   0   0   0   0   0   0   0   0   0  1.24 inf
  238 I   -2  0 -2 -3 -2  0 -1 -3 -2  3  2  3  0 -1 -3 -2 -1 -3 -2  0    0   1   0   0   0   2   0   0   0  31  27  39   0   0   0   0   0   0   0   0  0.30 inf
  239 C    0 -2 -1 -1  7 -1 -1 -1 -2  0 -1 -1 -1 -2  0 -1 -1 -2 -1  0    9   2   4   3  43   2   2   3   1   5   4   2   1   2   5   3   2   1   1   6  0.46 inf
  240 Q   -1  2  0  4  1  2  1 -2 -1 -3 -3  1 -2 -3  0  0 -1 -4 -3 -3    0  18   0  38   5  14   4   0   0   0   2   7   0   0   4   7   0   0   0   0  0.44 inf
  241 K   -1  0 -2 -1 -3  3  1 -3 -2 -3 -3  0 -2 -4  6 -1  1 -4 -3 -3    0   4   0   0   0  24  10   0   0   0   0   3   0   0  48   0  10   0   0   0  0.99 inf
  242 Q   -1  0 -1 -1 -3  2  3 -3 -2 -3 -3  0 -2 -4  6  0  0 -4 -3 -3    3   6   0   0   0  12  25   0   0   0   0   3   0   0  42   3   6   0   0   0  0.84 inf
  243 V   -1 -3 -3 -4 -2 -3 -3 -4 -2  2  0 -3  0  4 -3 -2 -1 -1  4  4    2   0   0   0   0   0   0   0   0   6   1   0   0  22   0   0   0   0  18  50  0.48 inf
  244 K   -1  2 -1 -2 -2  3  0 -2  3  0 -2  1 -1 -3 -2  0  3 -3 -2 -1    0  13   0   0   0  21   0   0  10  13   0  12   0   0   0   2  30   0   0   0  0.28 inf
  245 Y   -3 -3 -4 -5 -4 -2 -3 -4  0 -3 -2 -3 -2  1 -4 -3 -3  9  7 -3    0   0   0   0   0   2   0   0   0   0   0   0   0   0   0   0   0  42  56   0  1.83 inf
  246 L   -2 -3 -4 -4 -2 -2 -3 -4 -3  1  4 -3  6  0 -4 -3 -2 -2 -2  0    0   0   0   0   0   0   0   0   0   1  58   0  41   0   0   0   0   0   0   0  0.73 inf
  247 G   -1 -3 -1 -2 -3 -3 -3  7 -3 -5 -5 -2 -4 -4 -3 -1 -3 -3 -4 -4    0   0   0   0   0   0   0 100   0   0   0   0   0   0   0   0   0   0   0   0  1.51 inf
  248 Y   -3 -3 -3 -4  1 -3 -3 -4  0 -2  0 -3 -1  4 -4 -3 -3  1  8 -2    0   0   0   0   4   0   0   0   0   0   6   0   0  14   0   0   0   0  77   0  1.22 inf
  249 L   -1  1 -1  0 -3  1  4 -3 -1 -1 -1  2 -2 -3 -2  0  0 -3 -2 -2    0   7   0   0   0   2  53   0   0   5   6  15   0   0   0   3   9   0   0   0  0.44 inf
  250 L   -2 -3 -4 -4 -2 -3 -4 -4 -4  3  4 -3  1  0 -4 -3 -2 -3 -2  1    0   0   0   0   0   0   0   0   0  22  78   0   0   0   0   0   0   0   0   0  0.67 inf
  251 K   -1  5 -1 -1 -4  2  1 -2 -1 -3 -3  3 -2 -3 -2 -1 -1 -3 -2 -3    0  57   0   0   0   6   4   0   0   0   0  33   0   0   0   0   0   0   0   0  0.67 inf

                      K         Lambda
Standard Ungapped    0.1381     0.3207
Standard Gapped      0.0483     0.2670
PSI Ungapped         0.1569     0.3129
PSI Gapped           0.0483     0.2670
