
Last position-specific scoring matrix computed, weighted observed percentages rounded down, information per position, and relative weight of gapless real matches to pseudocounts
           A  R  N  D  C  Q  E  G  H  I  L  K  M  F  P  S  T  W  Y  V   A   R   N   D   C   Q   E   G   H   I   L   K   M   F   P   S   T   W   Y   V
    1 M   -4 -5 -5 -6 -5 -4 -5 -6 -5 -2  0 -5 11 -3 -6 -5 -4 -5 -4 -2    0   0   0   0   0   0   0   0   0   0   5   0  95   0   0   0   0   0   0   0  2.70 inf
    2 K   -3  1 -2 -2 -6 -1 -2 -4 -2 -5 -4  7 -4 -6  4 -3 -3 -2 -4 -5    1   5   1   2   0   1   0   1   1   0   1  70   0   0  17   0   0   1   0   0  1.36 inf
    3 Y   -4 -1 -4 -6 -4 -4 -4 -6  0 -1  3 -4  0  5 -5 -4 -4  1  7 -3    0   4   1   0   0   0   0   0   2   2  28   1   1  20   0   0   0   2  38   0  1.12 inf
    4 I   -3 -5 -6 -6 -4 -5 -5 -6 -5  5  3 -5 -1  2 -5 -5 -3 -4 -3  3    0   0   0   0   0   0   0   0   0  40  28   0   0   9   0   0   0   0   0  22  1.00 inf
    5 G   -3 -6 -4 -5 -6 -6 -6  8 -6 -8 -8 -5 -6 -7 -6 -4 -5 -6 -7 -7    0   0   0   0   0   0   0 100   0   0   0   0   0   0   0   0   0   0   0   0  2.57 inf
    6 A    7 -5 -5 -5 -1 -4 -4 -2 -5 -5 -5 -4 -4 -4 -2 -1 -3 -6 -4 -3   91   0   0   0   1   0   0   2   0   0   0   0   0   1   2   2   0   0   0   1  1.71 inf
    7 H   -6 -5 -4 -5 -8 -4 -4 -6 11 -8 -7 -5 -6 -6 -7 -5 -6 -7 -2 -8    0   0   0   0   0   0   0   0 100   0   0   0   0   0   0   0   0   0   0   0  3.86 inf
    8 V   -3 -5 -5 -6 -1 -3 -3 -6 -5  2  1 -5  4 -2 -5 -4  0 -5 -4  6    0   0   0   0   1   1   2   0   0   8   9   0  12   1   0   0   6   0   0  60  1.06 inf
    9 S   -2 -4 -2 -4 -5 -4 -4 -2 -3 -6 -6 -4 -5 -5 -2  7 -1 -7 -5 -5    0   0   0   0   0   0   0   2   0   0   0   0   0   0   2  93   1   0   0   0  1.95 inf
   10 A    4 -4 -4 -4 -3 -4 -4 -1 -5  4 -2 -4 -1 -4 -4  0  2 -5 -4  0   41   0   0   0   0   0   0   3   0  32   0   0   1   0   0   7  12   0   0   4  0.76 inf
   11 A    6 -4 -3 -4 -2 -1 -3 -2 -4 -5 -5 -1 -4 -5 -4  4 -2 -6 -5 -3   63   0   0   0   0   2   0   1   0   0   0   3   0   0   0  27   1   0   0   1  1.18 inf
   12 G   -3 -4 -2 -3 -6 -5 -5  7 -5 -7 -7  0 -6 -7 -6 -4 -5 -6 -7 -7    1   1   1   1   0   0   0  90   0   0   0   6   0   0   0   0   0   0   0   0  2.13 inf
   13 G   -3 -6 -3 -5 -6 -5 -5  7 -5 -7 -7 -5 -6 -6 -5 -2 -5 -6 -6 -6    1   0   1   0   0   0   0  95   0   0   0   0   0   0   0   2   0   0   0   0  2.33 inf
   14 L   -2 -5 -5 -6 -2 -5 -5 -6 -5  3  2 -5 -1 -1 -1 -4 -3 -5 -1  5    3   0   0   0   1   0   0   0   0  16  22   0   0   1   3   0   0   0   2  51  0.93 inf
   15 A   -1 -2 -2  2 -2  2  4 -3  5 -5 -4 -2 -4  0 -2  1 -3  2  1 -4    6   0   1  13   1  11  25   2  17   0   0   0   0   5   1  10   0   3   5   0  0.59 inf
   16 N   -4  0  7 -2 -5  2 -2 -3  0 -4 -2  3 -1 -4 -4 -2  0 -6 -3 -4    0   4  51   0   0   9   1   1   2   1   4  17   1   1   0   1   6   0   1   0  1.01 inf
   17 A    6 -4 -4 -4 -3 -4 -4 -3 -3 -1 -2 -4 -4 -5 -4  2 -2 -5 -5 -2   71   0   0   0   0   0   0   1   0   3   4   0   0   0   0  16   1   0   0   2  1.19 inf
   18 A   -2 -4 -5 -5 -2 -1 -3 -5 -5  3  0 -4 -2  2  5 -4 -3 -4 -3  4    2   0   0   0   1   4   1   0   0  16   9   0   0   9  27   0   0   0   0  31  0.78 inf
   19 I    0 -1 -1  0 -3  0  2 -2 -1  1  1 -1  0 -1 -2 -1  1 -2  1  1    7   1   2   5   0   3  15   1   1  12  20   3   1   1   1   3   9   0   5   8  0.09 inf
   20 R   -2  5  6 -1 -6  0  0 -4  0 -6 -5 -1 -3 -6 -5 -2 -3 -3 -4 -5    4  31  46   2   0   3   5   0   2   0   0   2   0   0   0   1   1   1   0   0  1.18 inf
   21 A    6 -4 -4 -4  0 -3 -4  1 -4  0 -3 -4  2 -5 -4  0 -2 -5 -5 -2   66   0   0   0   2   1   0  11   0   5   1   0   6   0   0   6   1   0   0   1  1.01 inf
   22 A    1  1 -1 -1 -3  1  0 -2  3 -1  0  1  1 -1 -3 -1 -1 -3  0  1   16   9   2   2   0   5   8   2  12   2   8   9   5   3   0   3   2   0   3  11  0.12 inf
   23 E    2  1  1  0 -3  1  3 -2  2 -4 -2  2 -2 -4 -3  1 -1 -4 -2 -3   17   6   9   4   0   7  20   2   6   0   3  12   1   0   0  10   2   0   1   1  0.30 inf
   24 I   -2 -5 -5 -4 -3 -4 -4 -6 -3  6  2 -5  0 -1 -5 -4 -1 -3 -1  2    3   0   0   1   0   1   1   0   1  58  15   0   1   2   0   1   2   0   1  12  0.97 inf
   25 D   -2 -3  0 -2 -3 -2 -1  7 -2 -6 -5 -2 -5 -6 -5 -1 -4 -5 -6 -6    2   1   5   2   0   2   3  76   1   0   1   2   0   0   0   4   0   0   0   0  1.49 inf
   26 A    5 -5 -4 -5  6 -4 -4  2 -5 -3 -2 -4 -1 -1 -4 -2 -3 -5 -4 -3   55   0   0   0  19   0   0  17   0   1   3   0   2   2   0   1   0   0   0   0  1.12 inf
   27 T   -3  1  5  1 -4  0  0  0 -1 -4 -4  1 -3 -5 -4  0  3 -5 -3 -4    1   6  33   8   0   4   5   5   1   0   0   9   1   0   0   4  22   0   0   0  0.63 inf
   28 A    6 -4 -4 -4  2 -4 -4 -1 -4 -4 -4 -3 -4 -5 -4  2  3 -5 -5 -1   61   0   0   0   4   0   0   2   0   0   0   0   0   0   0  12  16   0   0   3  1.04 inf
   29 F   -4 -6 -6 -6  3 -6 -6 -6 -5  1  1 -6  0  8 -6 -5 -4 -3  0  1    1   0   0   0   6   0   0   0   0   7   9   0   2  64   0   0   0   0   1   9  1.57 inf
   30 A    6 -4 -4 -4 -4  5 -3 -2 -4 -5 -4 -3 -4 -6 -4  0 -3 -5 -5 -4   62   0   0   0   0  29   0   3   0   0   1   0   0   0   0   5   0   0   0   0  1.32 inf
   31 L   -4 -5 -6 -6  0 -5 -5 -6 -5  4  5 -5  4  2 -5 -5 -4 -4 -3  0    0   0   0   0   2   0   0   0   0  22  54   0  10   8   0   0   0   0   0   4  1.06 inf
   32 F   -6 -7 -7 -5 -6 -7 -7 -7 -5 -4 -3 -7 -4  9 -7 -6 -6 -3 -1 -5    0   0   0   1   0   0   0   0   0   0   0   0   0  98   0   0   0   0   0   0  3.05 inf
   33 T   -3 -4 -4 -5 -4 -4 -4 -5 -5 -2  3 -4 -1 -4 -5 -1  6 -5 -4  1    1   0   0   0   0   0   0   0   0   0  34   0   1   0   0   4  50   0   0   9  1.06 inf
   34 K   -2  3 -3 -4 -6 -1 -3 -2 -2 -6 -6  7 -5 -6 -4 -2 -4 -6 -5 -5    3  16   1   0   0   2   0   3   1   0   0  72   0   0   0   2   0   0   0   0  1.58 inf
   35 N   -4 -4  8 -3 -5 -2 -4 -3 -3 -6 -7 -4 -5 -6 -1  4 -3 -3 -5 -6    0   0  63   0   0   1   0   0   0   0   0   0   0   0   3  32   0   0   0   0  1.78 inf
   36 Q   -1 -3  1 -4 -6  8 -1 -5 -1 -6 -6 -1 -4 -7  2 -1 -3 -6 -5 -6    5   0   6   0   0  71   1   0   1   0   0   2   0   0  10   4   1   0   0   0  1.71 inf
   37 R   -5  8  1 -5 -7 -2 -4 -6 -3 -6 -4  0  1 -6 -6 -2 -4 -6 -5 -6    0  79   8   0   0   0   0   0   0   0   2   4   3   0   0   3   0   0   0   0  1.91 inf
   38 Q   -4  3 -2 -4 -6  7 -2 -1 -3 -6 -5  4 -4 -6 -4 -2  0 -6 -5 -5    0  13   1   0   0  52   0   4   0   0   0  22   0   0   0   2   6   0   0   0  1.32 inf
   39 W   -7 -7 -8 -9 -7 -7 -8 -7 -7 -7 -6 -8 -6  0 -8 -7 -7 13  0 -7    0   0   0   0   0   0   0   0   0   0   0   0   0   4   0   0   0  93   2   0  4.67 inf
   40 R    0  2  1  0 -3  1  1 -2  0 -1 -2  2 -2 -2 -3  0  1 -4 -2  0    9  11   8   6   0   8   7   0   2   2   1  18   0   1   0   6   8   0   1  11  0.20 inf
   41 A    4 -1  1 -3  0 -2 -2  0 -1 -2 -4 -3 -2 -2 -2  3 -1 -3 -2 -2   38   4   8   0   2   1   2   6   2   2   1   0   1   2   2  27   1   0   1   2  0.51 inf
   42 A    1  1 -1 -3 -5 -1 -3 -4 -3 -4 -4  4 -4 -6  5 -2 -1 -6 -5 -3   13   8   3   1   0   1   0   0   0   1   1  33   0   0  33   2   4   0   0   1  0.98 inf
   43 P    1 -5 -5  0 -4 -1 -2 -4 -4 -5 -5 -2 -3 -7  8 -2 -2 -7 -6 -4   11   0   0   5   0   2   2   0   0   0   1   3   1   0  68   3   3   0   0   1  1.78 inf
   44 L   -4 -5 -6 -7 -4 -5 -6 -7 -5  2  6 -5  2  0 -4 -5 -4 -4  1  0    0   0   0   0   0   0   0   0   0  10  73   0   5   2   1   0   0   0   6   4  1.25 inf
   45 T    0 -1 -1  1 -3  1  1 -3 -2 -4 -4  2 -3 -5  0  2  4 -5 -4 -3    5   2   2   8   0   5  10   1   0   0   1  12   0   0   5  18  32   0   0   0  0.50 inf
   46 T    0 -2 -1  4 -5  2  4 -3 -1 -4 -4  0 -3 -4  3  0 -1 -5 -4 -3   10   1   2  24   0   7  25   1   1   1   1   4   0   0  13   5   4   0   0   1  0.59 inf
   47 Q    0 -2 -1  3 -5  1  5 -1 -1 -5 -5  2 -4 -5 -2  1 -1 -5 -2 -4    9   0   1  13   0   4  39   4   1   0   0  14   0   0   1   9   2   0   1   1  0.65 inf
   48 T    1 -3  0  2 -4  0  3 -3  1 -2 -3 -2 -1 -4 -3  2  2 -3 -3  1   11   0   5  10   0   4  22   0   4   2   1   1   2   0   0  16  12   0   0  10  0.32 inf
   49 I    1  0 -5 -5 -1 -3 -4 -5 -5  6 -1 -1 -1 -3 -4 -3 -2 -5 -4  3   15   5   0   0   1   1   0   0   0  54   2   3   0   0   0   1   1   0   0  16  0.93 inf
   50 D    1  0  1  3 -4  1  3 -2 -2 -3 -3  1 -3 -4 -3  1  0 -5 -4 -3   14   4   5  19   0   6  24   1   0   1   2   7   0   0   0  10   4   0   0   1  0.41 inf
   51 E    2  2  0 -1 -3  2  0 -2 -2 -3  1  3 -1 -2 -3  0 -1 -4 -3 -2   20  11   4   3   0  10   4   1   0   0  15  20   1   1   0   5   3   0   0   0  0.26 inf
   52 F   -6 -7 -7 -8 -7 -7 -7 -7 -3 -4 -4 -7 -4  9 -8 -6 -6  4  0 -5    0   0   0   0   0   0   0   0   1   0   0   0   0  93   0   0   0   4   2   0  2.94 inf
   53 K   -2  4 -1 -3 -5  1 -1 -3  2 -2 -3  5 -3 -4 -3 -2 -3 -2 -4 -3    3  24   2   0   0   6   2   1   5   3   3  46   0   0   1   1   1   1   0   2  0.88 inf
   54 A    2  1 -1  0 -4  2  3 -2  0 -3 -3  2 -2 -3 -3  1  0 -4 -3 -2   18   5   2   4   0  11  21   1   2   1   2  15   1   1   0   9   6   0   0   1  0.34 inf
   55 A    3  2  4 -2 -3 -1 -1 -2  0 -3  0  0 -2 -1 -3 -1  0 -1 -3 -2   31  11  21   0   0   2   4   2   2   0  11   4   1   3   1   2   4   1   0   1  0.32 inf
   56 C   -1  0 -5 -6  9 -2 -4 -5 -2  0  2 -4  3 -2 -5 -3 -3  3 -4  0    5   5   0   0  44   2   0   0   1   4  17   1   7   2   0   1   1   4   0   6  1.21 inf
   57 E    1  1  0  0 -3  2  3 -2 -2 -1 -3  3 -2 -4 -3  0 -1 -4 -3 -2   10   7   3   3   1  11  22   2   0   4   2  25   1   0   0   5   2   0   0   2  0.39 inf
   58 K    0  1 -1  1 -4  2  4 -3  0 -3 -3  3 -2 -4 -3  0  0 -4 -3 -3    8   7   2   6   0  11  28   1   2   1   3  20   1   0   0   4   5   0   0   1  0.45 inf
   59 Y    0 -3 -1 -3  0 -2 -2 -2  6 -2  0 -3 -1  2 -3  0  1  2  5 -2    7   0   2   1   2   1   2   2  20   1   8   1   1   9   1   7  11   3  19   1  0.48 inf
   60 H   -1 -2  3 -1 -4 -1 -2  5  1 -5 -5  1 -3 -4 -3  0 -2 -4 -3 -4    3   1  12   2   0   3   2  53   4   0   1   9   0   0   1   7   1   0   1   1  0.84 inf
   61 Y   -4 -4 -3 -3 -4 -4 -4 -5 -1  3  1 -4 -1  5 -5 -4 -3 -1  7 -1    0   0   1   1   0   0   1   1   1  15  13   0   1  24   0   1   1   0  36   3  1.00 inf
   62 T    0 -1  1  3 -1  0  0  1  0 -3 -2 -1 -1 -2  0  2  1 -3 -1 -2    8   3   8  18   1   3   3   8   2   1   3   3   2   1   4  18  11   0   2   1  0.20 inf
   63 S    2 -2 -2 -2 -3 -2 -2 -1 -1 -2 -2 -2 -2 -3  6  0  0 -4 -2 -2   21   2   1   2   0   1   1   3   2   2   3   2   1   1  42   8   4   0   1   3  0.83 inf
   64 A    1  1  0  1 -3  1  2  1  1 -3 -2  2 -2 -3  0  0 -1 -2 -2 -2   13  10   3   8   0   4  16  10   4   1   2  13   1   0   3   5   3   0   1   3  0.19 inf
   65 Q   -2 -1 -1  1 -2  3  0 -3  6 -2 -1 -1  0  0  0 -1 -2 -1  3 -2    3   1   1   9   1  18   4   1  25   2   5   3   2   3   4   2   1   1  10   3  0.47 inf
   66 I   -2 -5 -5 -5  1 -4 -5 -5 -5  6  0 -4  0 -3 -3 -4 -2 -5 -4  4    3   0   0   0   2   0   0   0   0  53   5   1   1   0   1   0   1   0   0  31  1.08 inf
   67 L   -1 -4 -5 -5  0 -4 -5 -5 -5  1  5 -4  3 -1 -5 -3 -2 -4 -3  2    5   0   0   0   2   0   0   0   0   5  62   0   8   1   0   1   1   0   0  14  0.87 inf
   68 P    1 -5 -4 -4 -3 -4 -4 -4 -5 -3 -5 -4 -5 -6  8  1 -3 -6 -5  0   13   0   0   0   0   0   0   0   0   1   0   0   0   0  67  11   1   0   0   6  1.78 inf
   69 H   -6 -4 -3 -5 -7 -4 -4 -6 11 -8 -7 -5 -6 -5 -6 -5 -6 -7 -2 -7    0   0   0   0   0   0   0   0 100   0   0   0   0   0   0   0   0   0   0   0  3.76 inf
   70 D    1 -4  0  5 -4 -3 -2  5 -4 -5 -5 -3 -1 -6 -4 -1 -2 -6 -5 -5   13   0   2  37   0   0   0  40   0   0   0   0   2   0   0   3   2   0   0   0  1.03 inf
   71 S   -1 -4 -1 -3  0 -1 -3 -1 -2 -2 -5 -3 -5 -6 -1  7 -2 -6 -5 -5    3   0   1   0   2   2   0   4   1   2   0   0   0   0   3  83   0   0   0   0  1.44 inf
   72 Y   -6 -6 -6 -7 -6 -5 -6 -7 -2 -5 -5 -6 -5  0 -7 -6 -6 -2 10 -5    0   0   0   0   0   0   0   0   0   0   0   0   0   2   0   0   0   0  98   0  3.25 inf
   73 L   -5 -5 -7 -7 -4 -5 -6 -7 -6 -1  6 -6  0  1 -6 -6 -4 -5 -4 -2    0   0   0   0   0   0   0   0   0   1  94   0   0   5   0   0   0   0   0   0  1.74 inf
   74 I   -4 -6 -4 -6 -4 -5 -6 -7 -6  7  0 -5  1 -3 -3 -4 -3 -6 -4  3    0   0   1   0   0   0   0   0   0  71   5   0   3   0   1   1   0   0   0  18  1.49 inf
   75 N   -5 -4  9 -2 -7 -4 -4 -4 -3 -7 -7 -4 -6 -7 -6 -3 -4 -8 -6 -7    0   0 100   0   0   0   0   0   0   0   0   0   0   0   0   0   0   0   0   0  2.88 inf
   76 L   -3 -5 -6 -6  1 -5 -6 -5 -6  0  6 -5  3 -1 -1 -4 -4 -5 -4 -1    2   0   0   0   3   0   0   0   0   4  79   0   6   1   3   0   0   0   0   1  1.27 inf
   77 G    4 -5 -4 -4  0 -4 -4  6 -5 -5 -5 -4 -5 -6 -4 -2 -4 -6 -5 -4   41   0   0   0   2   0   0  56   0   0   0   0   0   0   0   0   0   0   0   1  1.44 inf
   78 H    1 -2  4 -3 -3  2 -2 -2  6 -5 -5 -3 -4 -5 -4  3 -1 -5 -3 -5   11   1  25   0   0   9   0   2  22   0   0   0   0   0   0  27   3   0   0   0  0.89 inf
   79 P    0 -5 -2 -4 -3 -4  0 -4 -5 -4 -6 -3 -3 -6  8 -1 -1 -6 -4 -4    7   0   2   0   1   0   5   1   0   1   0   1   0   0  73   3   4   0   0   1  1.94 inf
   80 V   -2 -2  1  6 -3 -1  3 -3 -3 -3 -5  1 -4 -5 -2 -2 -2 -6 -5 -2    2   1   6  52   1   2  17   1   0   1   0   9   0   0   2   2   1   0   0   4  0.99 inf
   81 T    1 -1 -1  1 -4  1  2 -2 -2 -3 -3  2 -2 -4  4 -1 -1 -4 -3 -2   15   2   1   9   0   4  18   3   0   1   1  14   1   0  22   2   3   0   0   1  0.45 inf
   82 E    1 -3 -1  4 -5  0  6 -3 -3 -4 -4 -2 -4 -5 -4 -1  0 -5 -4 -3   12   0   1  20   0   2  52   1   0   0   1   1   0   0   0   2   5   0   0   2  0.95 inf
   83 A    0  0 -1 -3 -4  0 -1  0 -2  1  1  5 -1 -3 -3 -1 -1 -4 -3  0    9   2   2   0   0   2   2   6   1   8  13  43   1   0   0   2   4   0   0   5  0.39 inf
   84 L    1  4 -3 -3 -2 -2 -2 -3 -1 -1  3 -1 -1  0 -4 -3 -2  5  0 -1   14  26   0   1   1   0   2   1   1   2  32   2   1   3   0   0   1   8   2   2  0.45 inf
   85 E    0  0  0  2 -5  3  5 -3 -1 -4 -4  2 -2 -5 -3 -1 -1 -5 -3 -4    8   4   3   9   0  13  38   0   1   1   1  16   1   0   0   2   2   0   0   0  0.66 inf
   86 K   -4  2 -2 -4 -6  3 -2 -5 -4 -6 -5  7 -4 -6 -4 -3 -3 -6 -5 -4    0   8   1   0   0  13   0   0   0   0   1  75   0   0   0   0   0   0   0   1  1.62 inf
   87 S    3 -4 -3 -4 -4 -3 -3 -3 -1 -5 -5 -3 -2 -5 -4  6 -1 -6 -5 -4   19   0   0   0   0   0   0   1   2   0   0   0   1   0   0  75   2   0   0   0  1.43 inf
   88 R   -4  5 -4 -5 -1 -1 -3 -5 -2  1  0 -2  0  2 -5 -3 -3  0  6  0    0  33   0   0   2   3   0   0   0   7   8   1   2   7   0   0   1   1  27   7  0.77 inf
   89 D    1 -2  1  3 -4  0  3 -1  0 -1 -2  0 -2 -4 -3  0  0 -4 -2 -1   17   1   8  18   0   3  22   4   2   4   4   5   1   0   0   3   6   0   1   3  0.28 inf
   90 A    5 -4 -1 -4  6 -3 -4 -1 -3 -4 -2 -3 -2 -5 -4  2 -1 -5 -4 -2   55   0   2   0  17   0   0   4   0   0   3   0   1   0   0  13   3   0   0   1  0.95 inf
   91 F   -5 -6 -6 -7 -3 -6 -6 -6 -3 -1  2 -6  2  8 -7 -6 -5 -3  0 -2    0   0   0   0   0   0   0   0   1   2  18   0   5  72   0   0   0   0   1   1  1.88 inf
   92 I    0 -1 -4 -4 -3 -2 -2 -4 -2  3  3 -2  0 -1 -4 -2 -1 -4 -1  2    7   4   0   0   0   2   2   0   1  23  36   2   1   1   0   1   3   0   1  15  0.41 inf
   93 D   -3 -4 -1  7 -3  0  2 -3  0 -3 -6 -3 -5 -4 -4 -2 -3 -7 -4 -3    2   0   1  69   1   3  12   1   3   1   0   1   0   1   0   2   0   0   0   3  1.45 inf
   94 E   -4 -4 -3  5 -7 -2  7 -5 -4 -7 -6 -3 -6 -7 -4 -3 -4 -7 -6 -6    0   0   0  32   0   0  68   0   0   0   0   0   0   0   0   0   0   0   0   0  1.85 inf
   95 M   -3 -5 -6 -6 -1 -4 -5 -6 -5  2  5 -5  6 -2 -5 -5 -3 -4 -2  1    1   0   0   0   1   0   0   0   0  11  55   0  21   0   0   0   0   0   1   9  1.06 inf
   96 Q    0  2  0 -1 -4  4  2 -2  1 -2 -3  3 -2 -4 -3 -1 -1 -4 -2 -2    6  10   3   2   0  25  16   1   3   2   2  21   0   0   0   3   3   0   1   2  0.48 inf
   97 R   -4  8 -3 -2 -7 -2 -3 -6 -4 -6 -5 -1 -5 -5 -6 -3 -4 -6 -5 -6    1  92   1   2   0   0   0   0   0   0   0   1   0   0   0   1   1   0   0   0  2.29 inf
   98 C    1 -7 -6 -7 11 -6 -7 -6 -7 -4 -4 -6 -5 -6 -6 -4 -3 -6 -6 -1   10   0   0   0  84   0   0   0   0   1   1   0   0   0   0   1   1   0   0   3  3.09 inf
   99 E   -1 -1  0  0 -5  1  6 -3  2 -2 -4 -1 -3 -5 -4 -1 -2 -5 -4 -4    6   2   4   4   0   4  61   2   6   3   2   2   1   0   0   3   1   0   0   0  0.96 inf
  100 Q    2  1 -3 -2 -4  6  0 -3 -3 -2 -1  1 -2 -5 -4  0 -1 -5 -3 -3   21   8   0   1   0  40   4   0   0   2   8   8   1   0   0   6   2   0   0   1  0.64 inf
  101 L   -5 -5 -7 -7 -4 -5 -6 -7 -6 -1  7 -6  0 -2 -6 -6 -4 -5 -3 -2    0   0   0   0   0   0   0   0   0   1  98   0   1   1   0   0   0   0   0   0  1.85 inf
  102 G   -3 -5 -1 -2 -6 -4 -4  7 -3 -7 -7 -2 -6 -6 -5 -3 -5 -6 -6 -6    0   0   3   2   0   1   0  90   0   0   0   2   0   0   0   0   0   0   0   0  2.05 inf
  103 L   -3 -5 -6 -6 -4 -5 -6 -6 -6  6  4 -5 -1 -2 -5 -5 -3 -5 -4  1    1   0   0   0   0   0   0   0   0  50  41   0   0   0   0   0   0   0   0   8  1.24 inf
  104 S   -1  1  0  1 -2  0  0  1 -1 -3 -2  2 -2 -4  2  1  2 -4 -3 -2    2   8   4   8   1   1   5  10   1   1   3  16   0   0  12   9  15   0   0   2  0.25 inf
  105 L   -3 -1 -4 -3 -2 -3 -4 -2  0 -1  4 -1  3  1 -5 -3 -3  1  4 -2    1   4   0   1   1   1   0   4   2   0  53   3   6   5   0   1   0   2  15   0  0.63 inf
  106 L   -3 -5 -6 -6 -3 -5 -5 -6 -3  0  4 -5 -1  0 -6 -5 -4 -2  7  1    1   0   0   0   1   0   0   0   0   4  45   0   0   2   0   0   0   0  40   8  1.22 inf
  107 N   -4 -4  8 -2 -5 -4 -4 -4 -3 -1 -5 -4 -4 -6 -5 -3 -2 -7 -5  3    1   0  76   0   0   0   0   0   0   3   0   0   0   0   0   0   1   0   0  19  1.85 inf
  108 F   -4 -5 -6 -6 -2 -5 -6 -6 -2  0  0 -6  3  8 -6 -5  0  0  0 -1    0   0   0   0   1   0   0   0   1   6   8   0   7  68   0   0   5   1   0   3  1.59 inf
  109 H   -6 -4 -3 -5 -7 -4 -4 -6 11 -8 -7 -5 -6 -5 -6 -5 -6 -7 -2 -7    0   0   0   0   0   0   0   0 100   0   0   0   0   0   0   0   0   0   0   0  3.76 inf
  110 P   -4 -5 -5 -5 -6 -5 -5 -5 -5 -4 -5 -4 -3 -7  9 -4 -4 -7 -6 -5    0   0   0   0   0   0   0   0   0   1   1   0   1   0  95   0   0   0   0   0  2.98 inf
  111 G   -3 -5 -3 -4 -5 -5 -5  7 -5 -6 -6 -5 -6 -6 -5 -3 -4 -5 -6 -6    0   0   0   0   0   0   0  96   0   0   0   0   0   0   0   0   1   0   0   0  2.29 inf
  112 S    2 -4  0 -3 -4 -3 -3 -3 -4 -5 -5 -3 -4 -4 -4  6 -1 -5 -4 -4   19   0   5   0   0   0   0   1   0   0   0   0   0   1   0  72   1   0   0   0  1.29 inf
  113 H    1 -3 -1 -1 -3 -2 -3 -4  8 -4 -4 -3 -2 -1 -3  0  3 -5 -1 -3   10   0   2   4   0   0   0   0  47   0   0   0   1   2   1   8  21   0   1   1  1.18 inf
  114 L   -1 -2 -2 -3  0 -2 -3 -1 -3  0  4 -1  1 -1 -3 -2  1 -3 -2  2    4   2   1   1   2   1   1   5   0   2  44   4   2   1   1   3   8   0   0  20  0.34 inf
  115 M   -1  0  3 -1 -3  0 -2  5  0 -3 -3  1 -1 -4 -3 -1 -1 -4 -3 -3    2   4  15   2   0   4   1  44   2   1   2  11   2   1   1   3   3   0   0   1  0.60 inf
  116 Q    0  0  0  2 -3  3  1 -1 -1 -2 -2  3 -1 -3 -2  1 -1 -3 -3 -2    6   3   2  11   0  15   9   4   1   1   4  26   1   0   1  10   2   0   0   3  0.30 inf
  117 I    1 -2 -2 -2  4 -2 -2  0 -2  3  0 -2  0 -2 -1  0  0 -3 -2  0   13   1   2   1   9   1   1   9   1  28   6   1   2   1   3   8   7   0   1   4  0.19 inf
  118 S   -1 -2 -1  2 -3 -2  0  3 -3 -4 -4 -2 -3 -4  1  3  3 -4 -4 -3    2   2   2  14   0   0   4  22   0   1   0   0   0   0   6  25  19   0   0   0  0.50 inf
  119 E   -2  1 -2 -2 -4  0  4 -4  2  1  0  2 -2 -2  0 -2 -1 -4  0  0    2   8   0   0   0   1  33   0   5   9   7  14   1   1   5   1   3   0   4   7  0.33 inf
  120 E    1 -1 -1  3 -5  2  5 -3 -2 -5 -4  1 -4 -5 -2  0 -1 -5 -4 -4   11   1   2  14   0   7  47   1   0   0   0   6   0   0   1   6   2   0   0   1  0.75 inf
  121 D    2 -1 -1  1 -4  0  4 -1 -2 -2 -3  1 -3 -3 -2  0  0 -4 -3 -1   18   2   2   8   0   3  34   5   0   2   1   8   0   1   1   5   6   0   0   4  0.39 inf
  122 C    2 -5 -4 -5  8 -1 -5  4 -5 -4 -5 -4 -4 -5 -5  1 -3 -5 -5 -4   17   0   0   0  39   3   0  30   0   1   0   0   0   0   0  10   0   0   0   0  1.35 inf
  123 L   -4 -4 -5 -6  1 -2 -5 -6 -5  4  5 -5  2 -1 -5 -4 -3 -4  0  0    0   0   0   0   4   2   0   0   0  26  59   0   3   1   0   0   0   0   3   1  0.99 inf
  124 A    2  1  0  3 -3  1  2 -1 -2 -3 -3  2 -2 -4 -3  1  0 -4 -3 -3   20   9   4  16   0   6  12   3   0   1   1  13   1   0   0   9   5   0   0   0  0.33 inf
  125 R   -2  6  2 -3 -5  1 -2 -4  0 -2  1  0 -2 -2 -4 -2 -1 -5 -1 -3    2  50   9   0   0   6   0   0   2   2  15   3   0   1   0   2   4   0   2   0  0.76 inf
  126 I   -3 -5 -6 -6 -3 -5 -5 -6 -6  7  2 -5 -1 -2 -5 -5 -3 -5 -1  3    1   0   0   0   0   0   0   0   0  61  14   0   0   1   0   0   0   0   2  21  1.26 inf
  127 A    6 -3 -4 -4  0 -3 -3 -2 -4  0 -4 -3 -3 -4 -3  1 -2 -5 -4  0   73   1   0   0   2   0   0   2   0   4   0   0   0   0   0   8   1   0   0   7  1.08 inf
  128 E    1  0  0  2 -4  1  5 -2 -1 -4 -4  2 -3 -4 -3  0 -1 -4 -3 -3   12   4   4  11   0   4  39   2   1   0   1  12   0   0   0   7   2   0   1   1  0.56 inf
  129 S    2 -2  2 -2  4  0 -2  0  0 -4 -4 -2 -3 -3 -3  4 -1 -4  0 -3   18   1  11   0   9   5   1   7   2   0   0   0   0   0   0  36   1   0   4   1  0.52 inf
  130 I   -3 -5 -5 -5 -3 -5 -5 -6 -5  6  3 -5  2  1 -5 -4 -3 -4 -2  1    0   0   0   0   0   0   0   0   0  51  32   0   4   5   0   0   0   0   1   5  1.05 inf
  131 N   -4 -2  8  3 -4 -2 -2 -3 -3 -3 -4 -3 -5 -5 -4 -1 -1 -6 -5 -5    1   1  68  15   0   1   2   1   0   2   2   1   0   0   0   3   3   0   0   0  1.51 inf
  132 I   -1  3 -1 -2 -3  1  1 -3 -1  1  0  2  1 -1 -3 -1 -1  0 -1 -1    3  23   2   1   0   6  11   1   1  11  10  13   4   2   0   4   3   2   2   1  0.20 inf
  133 A    5 -4 -4 -4 -3 -3 -3 -2 -4  0 -1 -3  0 -4 -3 -1  0 -5 -4  2   64   0   0   0   0   0   0   1   0   6   6   0   2   0   0   2   5   0   0  14  0.84 inf
  134 L   -4 -3 -2 -4 -4 -3 -3 -5  7  2  4 -4  0  2 -5 -4 -3 -4 -2 -1    0   1   1   0   0   0   1   0  31  12  40   0   2   7   0   0   0   0   0   2  0.95 inf
  135 D    1  1 -1  2 -4  1  3 -2 -1 -4 -4  2 -3 -4 -1  1 -1 -4 -3 -3   15   7   2  12   0   5  25   1   1   0   1  17   0   0   2  10   2   0   0   0  0.42 inf
  136 K    2  2  0  1 -4  3  3 -3  0 -3 -3  2 -1 -3 -2 -1 -2 -4 -3 -2   21  11   3   6   0  13  20   0   1   1   2  15   1   1   1   2   1   0   0   1  0.39 inf
  137 T   -1 -4 -1 -2  0 -3 -2 -3 -4 -2 -3 -3 -3 -4 -4  1  6 -5 -4  2    3   0   2   2   2   0   2   1   0   1   1   1   0   0   0   7  64   0   0  14  1.03 inf
  138 Q    0  0  0  0 -3  2  2 -1  0 -3 -4  3 -3 -4  4  1  0 -4 -3 -2    5   2   4   4   0   8  11   3   3   1   1  19   0   0  19  14   4   0   0   2  0.41 inf
  139 G   -1  0  2  1 -3 -2  0  4 -2 -4 -4 -1 -3  1 -1  1  1 -4 -1 -4    2   5  11  10   0   0   4  32   0   0   0   3   0   8   3  11   9   0   2   0  0.39 inf
  140 V   -2 -5 -6 -5  0 -5 -5 -5 -6  1  0 -4 -1  0 -4 -4 -1 -5 -1  7    3   0   0   1   2   0   0   1   0   3   5   0   1   3   1   0   2   0   2  78  1.28 inf
  141 T   -2  1 -2 -3  1 -1 -2 -3 -3  2 -1  2  1 -3 -3 -1  4 -4 -3  3    1   7   0   0   3   2   1   2   0  16   2  13   3   0   1   1  29   0   0  20  0.39 inf
  142 A    2 -4 -4 -4 -1 -3 -3 -3 -4  4  1 -3 -1 -2  0 -1  2 -4 -3  2   23   0   0   0   1   0   0   0   0  26  12   0   0   0   4   1  12   0   0  17  0.43 inf
  143 V   -2 -5 -5 -4  0 -3 -4 -5 -5  0  3 -4  0 -3 -5 -4 -3 -5 -4  6    1   0   0   1   2   1   1   0   0   1  30   0   1   0   0   0   0   0   0  60  1.06 inf
  144 I   -4 -5 -5 -5 -3 -4 -5 -6 -5  5  5 -5  0 -1 -5 -4 -2 -4 -3  1    0   0   0   0   0   0   0   0   0  36  54   0   0   1   0   0   2   0   0   5  1.09 inf
  145 E   -4 -3 -4 -2 -7 -1  8 -5 -3 -6 -6 -2 -5 -6 -4 -3 -4 -6 -5 -6    0   0   0   0   0   0  97   0   0   0   0   0   0   0   0   0   0   0   0   0  2.28 inf
  146 N   -3 -3  8 -2 -1 -3 -3 -4 -3 -3 -5 -3 -3 -5 -4 -2  4 -6 -5 -4    2   0  66   0   1   0   0   0   0   2   1   0   0   0   0   1  25   0   0   1  1.59 inf
  147 T   -2 -4 -4 -5 -1 -3 -4 -5 -4 -3 -2 -4  8 -4 -4 -2  6 -5 -4 -2    3   0   0   0   1   0   0   0   0   0   0   0  38   0   0   1  53   0   0   1  1.55 inf
  148 A    7 -4 -4 -5  3 -4 -4 -3 -4 -4 -4 -4 -4 -5 -4  0 -2 -5 -5 -3   87   0   0   0   6   0   0   0   0   0   0   0   0   0   0   4   1   0   0   0  1.59 inf
  149 G   -2 -4 -2 -4 -1 -4 -4  7 -4 -6 -6 -4 -5 -5 -5 -3 -3 -5 -5 -6    1   1   1   0   1   0   1  90   0   0   0   1   0   1   0   1   1   0   0   0  2.00 inf
  150 Q    0 -2 -3 -3 -6  8 -1 -3  4 -6 -4 -2 -2 -6 -4  0 -2 -5 -4 -5    7   0   0   1   0  70   1   2   9   0   1   1   1   0   0   5   2   0   0   0  1.56 inf
  151 G   -3 -4 -3 -4 -6 -5 -5  7 -5 -7 -7 -1 -6 -7 -4 -3 -5 -6 -6 -7    0   1   1   0   0   0   0  94   0   0   0   4   0   0   0   0   0   0   0   0  2.19 inf
  152 S   -2 -2  5 -2 -4 -2 -3 -2  0 -5 -5 -2 -4 -4 -4  4  4 -6 -4 -4    0   1  30   0   0   1   0   2   2   0   0   2   0   1   0  36  27   0   0   0  1.01 inf
  153 N   -1 -3  5 -2  2 -2 -3 -2 -3  0  0 -2 -2 -4 -4  1  2 -5 -3  2    4   0  36   0   4   0   0   2   0   5   8   1   1   0   0   9  16   0   1  15  0.52 inf
  154 L   -3 -5 -6 -6 -2 -5 -5 -6 -5  4  4 -5  2 -2 -5 -5 -3 -5 -4  3    0   0   0   0   1   0   0   0   0  29  46   0   4   0   0   0   0   0   0  21  1.02 inf
  155 G   -3 -6 -4 -5  0 -5 -6  8 -6 -7 -7 -5 -6 -7 -6 -4 -5 -6 -7 -7    0   0   0   0   2   0   0  98   0   0   0   0   0   0   0   0   0   0   0   0  2.40 inf
  156 F    0 -1  0 -3  0 -3 -3  2  3 -3 -4 -3 -3  2 -4  3 -1  5  4 -3    6   4   3   0   2   0   0  15   8   1   0   0   0   9   0  25   2   8  17   1  0.53 inf
  157 K   -2  4  0  0 -1  0  0 -3 -1 -4 -4  3 -2 -4 -2  1  2 -5 -2 -3    2  30   4   6   2   3   3   0   1   0   0  18   0   0   1  10  17   0   1   0  0.54 inf
  158 F   -6 -6 -7 -7 -6 -6 -7 -7 -4 -3  1 -6 -2  9 -4 -6 -5  2  0 -4    0   0   0   0   0   0   0   0   0   0  11   0   1  85   1   0   0   2   0   0  2.32 inf
  159 E   -2 -2 -3  0 -4  0  7 -3 -1 -6 -6 -1 -5 -6 -4  1 -2  1 -5 -5    3   1   0   3   0   3  69   1   2   0   0   3   0   0   0  11   2   2   0   0  1.27 inf
  160 H   -4 -3 -2  4 -6  4  4 -4  7 -6 -6 -3 -5 -5 -4 -3 -4 -6 -3 -6    1   0   0  25   0  17  26   1  31   0   0   0   0   0   0   0   0   0   0   0  1.35 inf
  161 L   -4 -5 -6 -7 -4 -5 -6 -7 -6  2  6 -5  0  1 -6 -5 -4 -4 -3 -1    0   0   0   0   0   0   0   0   0  11  83   0   1   5   0   0   0   0   0   1  1.45 inf
  162 A    5  3 -3 -3 -4 -1 -2  1 -2 -4 -4  2 -3 -5 -3 -1 -2 -5 -4 -3   48  20   0   1   0   1   1  10   1   0   0  14   0   0   0   3   0   0   0   0  0.75 inf
  163 A    2 -1 -1  2 -3  1  2  0  1 -3 -3 -1 -2  0 -3  0  0  0  3 -3   18   3   1  16   0   5  16   5   3   0   1   2   1   3   0   4   7   1  14   0  0.27 inf
  164 I   -4 -6 -6 -6 -4 -5 -6 -7 -6  7  2 -6  2 -3 -6 -5 -4 -5 -4  2    0   0   0   0   0   0   0   0   0  73  15   0   4   0   0   0   0   0   0   8  1.55 inf
  165 I   -4 -4 -6 -6 -4 -5 -6 -7 -6  7  2 -3  1  0 -6 -5 -3 -5 -3  1    1   1   0   0   0   0   0   0   0  74  13   2   3   3   0   0   1   0   1   4  1.43 inf
  166 D    1 -1  0  5 -4  0  3 -1 -1 -5 -5  0 -3 -5 -3  1 -2 -5 -4 -4   15   2   4  37   0   3  19   3   1   0   0   5   1   0   0   9   1   0   0   0  0.67 inf
  167 G   -1  2  0 -2 -3  3 -1  1  2 -2  1  2  1 -3 -3 -2 -2 -2 -2 -3    4  14   4   1   0  16   2  13   6   0  20  12   4   0   0   0   1   0   1   0  0.26 inf
  168 V   -2 -5 -4 -5  1 -5 -5 -5 -5  4 -1 -5 -2 -3 -5  0 -2 -5 -4  6    2   0   1   0   2   0   0   0   0  20   3   0   0   0   0   8   1   0   0  62  1.08 inf
  169 E   -2  0 -1  2 -4  1  5 -2  1 -4 -5  3 -4 -4  0 -1 -2 -5 -3 -3    3   5   2  10   0   3  43   2   3   1   0  17   0   0   4   3   2   0   1   1  0.64 inf
  170 D   -3 -2  2  6 -3 -1  1 -3  3 -5 -5 -1 -5 -1 -3 -2 -3 -5  1 -5    2   1  10  56   1   2   8   1   7   0   0   2   0   2   1   1   1   0   6   0  1.07 inf
  171 K   -2  1 -2 -3 -5  0 -1 -3  2 -5 -4  6 -4 -6  2 -2 -3 -6 -4 -4    2   6   1   0   0   3   2   1   6   0   1  64   0   0  11   1   1   0   0   1  1.14 inf
  172 S    0 -1  0  2 -4 -1  2 -2 -1 -2 -3 -1 -3 -4 -1  4  2 -5 -4 -3    4   2   4  13   0   1  11   2   1   3   1   3   0   0   3  40  13   0   0   1  0.48 inf
  173 R   -5  8 -3 -5 -7 -2 -4 -6 -2 -7 -6  0 -5 -6  0 -4 -5 -6 -5 -6    0  91   1   0   0   0   0   0   1   0   0   2   0   0   5   0   0   0   0   0  2.31 inf
  174 V   -3 -5 -5 -6 -3 -5 -5 -6 -5  4  1 -5  1  0 -5 -4 -2  0 -3  5    1   0   0   0   0   0   0   0   0  28  12   0   3   3   0   0   1   2   0  50  1.02 inf
  175 G   -1 -3 -4 -5 -6 -5 -5  7 -5 -7 -7 -4 -6 -7 -5 -3 -4 -6 -6 -6    3   2   0   0   0   0   0  94   0   0   0   0   0   0   0   0   1   0   0   0  2.22 inf
  176 V   -3 -6 -6 -6 -4 -5 -6 -6 -6  2 -2 -5 -2 -2 -6 -5 -3 -6 -3  7    1   0   0   0   0   0   0   0   0  10   1   0   0   2   0   0   1   0   1  85  1.69 inf
  177 C   -4 -8 -7 -8 12 -7 -8 -7 -7 -5 -5 -7 -6 -7 -7 -5 -4 -7 -7 -5    0   0   0   0  99   0   0   0   0   0   0   0   0   0   0   0   1   0   0   0  4.06 inf
  178 I   -4 -5 -6 -6 -4 -5 -5 -6 -5  5  4 -5  0  2 -5 -5 -3 -1 -1  2    0   0   0   0   0   0   0   0   0  37  40   0   1   9   0   0   0   1   1  10  0.96 inf
  179 D   -5 -5 -2  9 -7 -4 -2 -5 -5 -7 -8 -4 -7 -7 -5 -4 -5 -8 -7 -7    0   0   0 100   0   0   0   0   0   0   0   0   0   0   0   0   0   0   0   0  2.75 inf
  180 T   -4 -5 -4 -5 -5 -4 -4 -5 -5 -4 -5 -4 -4 -6 -5 -1  8 -6 -5 -4    0   0   0   0   0   0   0   0   0   0   0   0   0   0   0   2  98   0   0   0  2.34 inf
  181 C   -2 -7 -7 -8 12 -4 -8 -6 -7 -5 -5 -7 -5 -7 -7 -5 -5 -6 -7 -5    4   0   0   0  95   1   0   0   0   0   0   0   0   0   0   0   0   0   0   0  3.79 inf
  182 H   -6 -4 -3 -5 -7 -3 -3 -6 11 -7 -7 -5 -1 -5 -6 -5 -6 -7 -2 -7    0   0   0   0   0   0   1   0  98   0   0   0   2   0   0   0   0   0   0   0  3.60 inf
  183 A    3 -2 -3 -4 -3 -3 -3 -2 -4  2  1 -3  2 -3 -3  0  2 -4 -3  0   31   2   0   0   0   0   0   2   0  13  16   0   6   0   0   6  18   0   0   6  0.38 inf
  184 F   -6 -6 -6 -7 -6 -6 -7 -7 -2 -3 -2 -6 -3  9 -7 -6 -3  2  2 -4    0   0   0   0   0   0   0   0   1   0   3   0   0  87   0   0   2   2   4   0  2.44 inf
  185 A    6 -4 -4 -5  1 -3 -4 -1 -5 -4 -4 -4 -4 -5 -3  1  0 -6 -5 -2   79   0   0   0   2   1   0   4   0   0   0   0   0   0   1   7   4   0   0   2  1.28 inf
  186 A    6 -2 -4 -5 -4 -4 -4  0 -4 -5 -5 -4 -4 -5 -4  1 -3 -5 -2 -3   83   2   0   0   0   0   0   5   0   0   0   0   0   0   0   9   0   0   2   0  1.44 inf
  187 G   -3 -3 -4 -5 -6 -5 -5  8 -5 -7 -7 -5 -6 -6 -5 -4 -5 -6 -6 -6    0   2   0   0   0   0   0  97   0   0   0   0   0   0   0   0   0   0   0   0  2.35 inf
  188 Y   -5 -5 -6 -7 -6 -5 -6 -7  1 -5 -4 -5 -3  1 -6 -3 -5  0 10 -5    0   0   0   0   0   0   0   0   3   0   0   0   1   4   0   2   0   0  90   0  2.79 inf
  189 D   -5 -5  0  8 -7 -3  0 -4 -4 -6 -4 -4 -6 -7 -1 -3 -4 -7 -6 -6    0   0   2  87   0   0   3   1   0   0   2   0   0   0   4   1   0   0   0   0  2.11 inf
  190 L   -4 -5 -6 -6 -4 -5 -5 -6 -5  6  4 -5  1  0 -4 -5 -3 -1 -3  0    0   0   0   0   0   0   0   0   0  44  47   0   2   2   1   0   0   1   0   1  1.16 inf
  191 R   -1  6 -2 -4 -2 -1 -3 -3 -1 -3 -2  1 -3 -5 -4  1  1 -5 -4 -1    6  56   0   0   1   2   0   1   2   1   3   5   0   0   0  11   8   0   0   4  0.91 inf
  192 T   -2 -3  1  1 -4 -3 -2 -3 -2 -4 -4 -2 -4 -5 -3  3  6 -5 -4 -3    1   0   6   7   0   0   1   0   1   0   1   2   0   0   1  22  59   0   0   0  1.08 inf
  193 P    0  1 -2 -1 -4  1  3 -3 -1 -4 -3  3 -3 -2  5 -1 -2 -3 -2 -2    9   7   0   1   0   5  19   1   1   0   2  19   0   2  26   3   2   0   1   3  0.56 inf
  194 A    2 -2  0  2 -4  0  5 -2 -2 -4 -4  0 -4 -5 -1  0 -2 -5 -4 -3   16   1   3  10   0   3  48   2   0   0   1   5   0   0   2   5   2   0   0   1  0.70 inf
  195 E    3 -2 -1  1 -3 -2 -1  4 -3 -4 -3  0 -3 -4 -3  1  0 -4 -4 -3   27   1   3   7   0   1   4  31   0   0   2   6   0   0   0  12   6   0   0   1  0.47 inf
  196 C   -4 -5 -5 -6  5 -5 -5 -6 -3 -3 -2 -5 -3  5 -6 -4 -3  7  7 -2    1   0   0   0  14   0   0   0   0   1   3   0   0  25   0   0   1  13  38   3  1.53 inf
  197 E    1  0  1  3 -4  2  4 -2  0 -4 -3  1 -2 -4 -3 -1 -1 -5 -3 -3   14   5   7  16   0   8  28   1   2   0   2  10   1   0   0   2   4   0   0   1  0.45 inf
  198 K    3  2  0 -1 -3  2  2 -2  0 -4 -4  3 -3 -4 -3  0 -1 -4 -3 -3   27   9   4   2   0   8  17   2   1   0   0  19   0   0   0   5   2   0   0   1  0.41 inf
  199 T   -2 -4 -3 -4 -2 -4 -4 -4 -4 -1 -2 -4  1  3 -4 -1  6 -1 -3  3    1   0   0   0   0   0   0   0   0   2   1   0   3  11   0   1  56   1   0  22  0.98 inf
  200 F   -3 -4 -5 -6 -4 -4 -5 -5 -4  0  2 -4  7  5 -5 -4 -3  6 -1 -1    1   1   0   0   0   0   0   0   0   4  16   0  35  28   0   0   1  10   0   3  1.24 inf
  201 A    1  0  1  3 -3  2  2 -1  0 -4 -4  2 -3 -4 -3  0  0 -4 -3 -3   16   4   6  21   0   8  13   2   2   0   0  16   0   0   0   5   4   0   1   1  0.37 inf
  202 D    0  0 -1  2 -5  2  5 -3  1 -4 -2  1 -3 -5 -3 -1 -2 -5 -4 -4    7   4   2  11   0   8  45   1   3   0   4  10   0   0   0   3   1   0   0   0  0.67 inf
  203 F   -5 -6 -6 -7 -1 -6 -6 -6 -5 -1  0 -6 -3  9 -7 -6 -5 -2  0 -3    0   0   0   0   1   0   0   0   0   3   7   0   0  86   0   0   0   0   1   1  2.31 inf
  204 A   -2 -3  1  7 -6 -2  3 -2 -1 -6 -6 -3 -5 -5 -4 -1 -3 -6 -5 -5    3   0   5  63   0   0  20   3   1   0   0   1   0   0   0   4   0   0   0   0  1.40 inf
  205 R   -1  4  0  2 -4  1  2 -3 -1 -4 -4  2 -3 -5 -3  1 -1 -5 -4 -3    5  27   4  12   0   6  17   1   1   0   0  13   0   0   0  11   2   0   0   1  0.53 inf
  206 T   -2 -2 -3 -3 -3 -2 -1 -4 -1  4  1 -1 -1 -2 -4 -2  2 -3 -2  3    2   1   1   0   0   2   5   0   2  33   8   3   0   1   0   1  14   0   1  26  0.47 inf
  207 V   -3 -5 -6 -6 -4 -5 -5 -6 -6  5  0 -5 -1 -2 -5 -5 -3 -5 -4  6    0   0   0   0   0   0   0   0   0  35   5   0   0   1   0   0   0   0   0  58  1.35 inf
  208 G   -3 -5 -3 -3 -6 -5 -4  7 -5 -7 -7 -5 -6 -6 -5 -3 -5 -6 -6 -6    0   0   0   1   0   0   1  95   0   0   0   0   0   0   0   1   0   0   0   0  2.24 inf
  209 F   -2 -2 -3 -4 -2 -4 -4 -5 -3  1  4 -4  3  4 -4 -3 -3  2  1 -1    3   2   1   0   1   0   0   0   0   8  45   0   7  22   0   1   1   3   3   2  0.67 inf
  210 K   -2  1  1  2 -4  3  3 -1  2 -4 -4  3 -3 -4 -2  1 -1 -4 -3 -4    2   5   6  12   0  13  17   3   5   0   0  22   0   0   1  10   2   0   0   0  0.47 inf
  211 Y   -4  3 -2 -5 -4 -2 -4 -5  0 -4 -3 -1 -2  3 -5 -3 -3  0  8 -4    0  17   1   0   0   1   0   0   2   0   2   3   1   8   0   1   1   0  61   0  1.56 inf
  212 L   -4 -5 -6 -6 -4 -5 -5 -6 -5  1  6 -5 -1 -2 -5 -5 -4 -4 -4  1    0   0   0   0   0   0   0   0   0   6  86   0   0   0   0   0   0   0   0   7  1.45 inf
  213 R   -1  5 -2 -3  0  0 -1 -2  0 -4 -4  5  0 -3 -4  0 -3 -5 -2 -2    3  36   1   0   3   2   2   3   2   0   1  35   2   1   0   7   0   0   1   2  0.81 inf
  214 G    4 -4 -3 -4  2 -4 -4  4 -4 -3 -2 -3 -3 -1 -4 -2 -3 -2 -4 -1   45   0   0   0   5   0   0  37   0   0   3   0   0   3   0   1   0   1   0   5  0.89 inf
  215 M   -3 -4 -5 -6 -4 -4 -5 -5 -4  3  1 -4  7  5 -5 -4 -3  3 -2  1    0   0   0   0   0   0   0   0   0  14  12   0  37  22   0   0   0   5   0   9  1.09 inf
  216 H   -5 -4 -3 -5 -7 -3 -4 -6 11 -7 -6 -4 -5 -5 -6 -5 -5 -6 -2 -7    0   0   0   0   0   0   0   0  98   0   0   0   0   0   0   0   0   0   0   0  3.58 inf
  217 L   -4 -5 -6 -6 -1 -5 -6 -6 -6  2  6 -5  1 -1 -6 -5 -4 -4 -4  1    0   0   0   0   1   0   0   0   0  12  76   0   3   2   0   0   0   0   0   6  1.27 inf
  218 N   -5 -4  9 -2 -6 -4 -4 -4 -3 -7 -7 -4 -6 -7 -6 -3 -4 -7 -6 -7    0   0  99   0   0   0   0   0   0   0   0   0   0   0   0   0   0   0   0   0  2.78 inf
  219 D   -5 -5 -2  8 -7 -4 -2 -3 -5 -7 -7 -4 -7 -7 -5 -4 -4 -8 -7 -7    0   0   0  97   0   0   0   2   0   0   0   0   0   0   0   0   0   0   0   0  2.57 inf
  220 A    2 -4 -3 -3  0 -3 -3 -3 -4 -5 -5 -3 -4 -5 -4  7 -1 -6 -5 -4   16   0   0   0   2   0   0   0   0   0   0   0   0   0   0  80   2   0   0   0  1.50 inf
  221 K   -3  0 -3 -4 -6  0 -2 -5 -4 -3 -3  7  1 -6 -4 -3 -3 -6 -5 -4    1   3   0   0   0   2   1   0   0   2   2  83   4   0   0   1   1   0   0   1  1.63 inf
  222 S    2 -1 -1 -2  0 -1 -1  1 -1 -3 -3  3 -2  0 -1  1  1 -4 -2 -2   20   2   1   0   2   1   3  12   1   1   0  22   1   5   2  11  12   0   1   2  0.24 inf
  223 T    1 -3 -2  2 -4 -1  2  1 -3 -4 -5  0 -4 -5  6 -1 -1 -5 -4 -3   14   1   1  13   0   2  13  10   0   1   0   4   0   0  36   2   3   0   0   1  0.77 inf
  224 F   -4 -1 -5 -6  1 -3 -5 -5 -4 -1  5 -3  0  4 -5 -4 -3 -3 -1 -1    0   4   0   0   4   1   0   0   0   1  64   1   0  21   0   0   1   0   1   1  0.99 inf
  225 G    1 -4  2  0 -5 -3 -4  6 -3 -6 -5 -3 -5 -4 -4 -1 -4 -5 -5 -5   10   0  12   5   0   0   0  69   1   0   0   1   0   1   0   2   0   0   0   0  1.33 inf
  226 S    0 -3 -2 -3  4 -2 -3 -2 -4 -5 -5 -2 -4 -5 -4  6 -1 -6 -5 -4    5   1   0   0   8   2   0   2   0   0   0   2   0   0   0  77   2   0   0   1  1.35 inf
  227 R   -4  6  3 -3 -4 -1 -2 -1  4 -5 -5  3 -3 -5 -4 -3 -3 -5 -3 -5    0  45  16   0   0   1   0   5  12   0   0  20   0   0   0   0   0   0   0   0  1.09 inf
  228 V   -2  4 -4 -4 -4 -2 -3 -4 -4  0  1  3 -2 -3 -4 -3 -3 -5 -3  4    1  23   0   0   0   0   0   1   0   4  12  20   0   0   0   0   0   0   0  38  0.65 inf
  229 D   -5 -5 -2  8 -7 -4 -2 -5 -4 -6 -7 -4 -6 -7 -5 -4 -4 -7 -6 -6    0   0   0  98   0   0   0   0   0   0   0   0   0   0   0   0   0   0   0   0  2.61 inf
  230 R   -4  8 -4 -5 -6 -2 -3 -5 -3 -4  2 -1 -3 -5 -5 -4 -4 -5 -4 -3    0  78   0   0   0   0   0   0   0   0  19   0   0   0   0   0   0   0   0   1  1.74 inf
  231 H   -5 -4 -3 -5 -6 -3 -4 -6 11 -7 -6 -4 -5 -5 -6 -4 -5 -6 -1 -7    0   0   0   0   0   0   0   0  97   0   0   0   0   0   0   0   0   0   0   0  3.50 inf
  232 H    3 -2 -2  1 -4  1  5 -3  4 -5 -5 -2 -4 -5 -3 -2 -2 -5 -3 -4   25   0   1   7   0   6  45   0  12   0   0   0   0   0   0   0   2   0   0   1  0.88 inf
  233 S   -2 -1  5 -1  0 -1 -1 -2  6 -3 -4 -1 -4 -4  0  3 -2 -5 -3 -4    1   2  32   1   2   1   2   1  19   1   1   3   0   0   5  26   1   0   0   1  0.75 inf
  234 L   -4 -5 -6 -6 -4 -5 -5 -6 -3  6  4 -5 -1 -2 -4 -5 -3 -5 -4  0    0   0   0   0   0   0   0   0   1  60  35   0   0   0   1   0   0   0   0   2  1.30 inf
  235 G   -2 -3 -3 -4 -5 -3 -5  7 -5 -6 -6 -4 -5 -6 -5 -3 -4 -5 -6 -6    1   2   0   0   0   1   0  94   0   0   1   0   0   0   0   0   0   0   0   0  2.14 inf
  236 E   -1  1 -1 -1 -3  3  3 -3 -1 -3 -1  3 -1 -3 -3 -1  1 -2  0 -2    4   6   1   2   0  14  19   0   1   1   8  26   1   0   0   1  12   0   3   1  0.39 inf
  237 G   -3 -5 -3 -4 -5 -5 -5  7 -5 -6 -6 -4 -6 -6 -5 -3 -5 -5 -6 -6    0   0   0   0   0   0   0  97   0   0   0   0   0   0   0   0   0   0   0   0  2.31 inf
  238 N   -1 -1  2 -1  2  0  2 -3  2 -2 -1  1  0  4 -3 -2  0 -2  2 -2    4   1  10   1   5   2  14   0   6   1   4  12   3  21   0   1   7   0   6   1  0.27 inf
  239 I   -4 -5 -5 -6 -4 -5 -5 -6 -5  6  4 -5  2 -2 -5 -5 -3 -4 -4  0    0   0   0   0   0   0   0   0   0  53  39   0   5   0   0   0   0   0   0   1  1.22 inf
  240 G   -2 -4 -3 -4 -5 -5 -5  7 -5 -6 -6 -3 -5 -6 -5 -2 -2 -5 -6 -6    1   0   1   0   0   0   0  91   0   0   0   1   0   0   0   2   2   0   0   0  2.07 inf
  241 H   -2 -1 -3 -3 -3 -2 -1 -4  0  1  4  0  2 -1 -4 -2 -1  3 -2 -1    3   3   1   1   0   1   5   0   3   8  49   7   6   1   0   1   4   5   1   1  0.45 inf
  242 D    0  2 -1  3 -5  0  4 -1 -2 -4 -4  0 -4 -4 -1  0  1 -5 -4 -3    9  15   2  14   0   3  35   4   0   0   0   3   0   0   2   4   8   0   0   1  0.53 inf
  243 A    4 -4 -3 -4  3 -3 -3  2 -4 -3 -2 -3 -2  0  2  0  1 -4 -3  1   38   0   0   0   7   0   0  15   0   0   2   0   1   5  11   5   8   0   0  10  0.49 inf
  244 F   -6 -7 -7 -7 -3 -7 -7 -7 -5 -3 -3 -7 -4  9 -8 -6 -6 -3  0 -5    0   0   0   0   1   0   0   0   0   1   0   0   0  98   0   0   0   0   1   0  2.94 inf
  245 R    0  5 -2 -3 -3  0  1 -2  5 -3 -4  2 -3 -3 -4  0 -2  1 -2 -3    7  34   0   0   1   1  11   2  16   1   0  13   0   1   0   9   1   2   0   1  0.66 inf
  246 W   -1  1  2 -2  1 -2 -2 -2  3 -2  0 -2  0  3 -4 -1 -1  4  3 -2    5   9  15   0   3   1   0   3   7   1  11   1   2  16   0   4   2   6  10   2  0.27 inf
  247 I   -3 -5 -6 -6 -4 -5 -6 -6 -6  6  3 -5  1  1 -5 -5 -3 -5 -3  2    1   0   0   0   0   0   0   0   0  52  28   0   2   4   0   0   0   0   0  12  1.13 inf
  248 M    0 -5 -6 -6 -3 -4 -5 -6 -5  1  1 -5  9 -2 -6 -4 -4 -5 -4  2    8   0   0   0   0   0   0   0   0   5  10   0  59   1   0   1   0   0   0  16  1.57 inf
  249 Q   -2  1  7 -2 -3  3 -2 -3  1 -5 -5  1 -4 -6 -4 -1  1 -6 -4 -4    2   8  53   0   1  12   1   1   3   0   0   9   0   0   0   3   8   0   0   0  1.06 inf
  250 D   -3 -4  0  7  2 -3  0 -4  3 -6 -5 -3 -5 -4 -4  0 -3 -6 -2 -5    1   0   3  67   5   0   5   0   8   0   1   0   0   1   0   7   1   0   1   0  1.42 inf
  251 D    0 -1 -2  2 -4 -1  2 -3 -2 -3 -4  1 -3 -5  6  1 -2 -5 -4 -3    8   3   1  11   0   2  13   1   1   1   1   9   0   0  37   9   1   0   0   1  0.76 inf
  252 R   -1  7  0 -3 -6  0 -2 -4  1 -3 -4  0 -4 -2 -1 -3 -3 -5  0 -4    4  68   5   0   0   2   1   1   3   2   1   2   0   1   4   1   0   0   4   1  1.26 inf
  253 F   -4 -5 -6 -6 -2 -5 -6 -6 -4  0  2 -5  1  7 -6 -4  0  3 -1 -2    0   0   0   0   1   0   0   0   0   3  23   0   3  57   0   0   7   3   0   2  1.33 inf
  254 D    0  2  2  4  1  2  1 -2  0 -3 -4  1 -3 -4 -3 -1 -1 -3 -2 -2   11  11   8  28   3   9  10   1   2   1   1   7   0   0   0   3   3   0   1   2  0.41 inf
  255 G   -2 -1  4  3 -5 -2  0  4  2 -5 -4 -1 -2 -5 -4 -1 -1 -5 -4 -5    1   2  26  16   0   0   7  31   6   0   1   3   1   0   0   2   3   0   0   0  0.73 inf
  256 I   -4 -4 -5 -6 -3 -4 -5 -6  0  6  2 -4  4 -2 -5 -4 -1 -5 -4  1    0   1   0   0   0   0   0   0   3  57  18   1  10   0   0   0   3   0   0   7  1.07 inf
  257 P   -3 -6 -6 -5 -7 -5 -5 -6 -6 -4 -7 -5 -6 -8  9 -5 -5 -8 -7 -6    2   0   0   0   0   0   0   0   0   1   0   0   0   0  97   0   0   0   0   0  3.12 inf
  258 L   -2 -4 -5 -5 -4 -3 -4 -2 -5  2  3  1  8 -2 -5 -4 -3 -4 -4 -1    2   0   0   0   0   0   0   4   0  10  32  10  39   1   0   0   0   0   0   2  1.00 inf
  259 I   -3 -5 -6 -6 -4 -5 -6 -6 -3  6 -1 -5 -1 -1 -5 -5 -2 -4  2  4    0   0   0   0   0   0   0   0   1  58   2   0   0   2   0   0   2   0   7  28  1.25 inf
  260 L   -5 -5 -7 -7 -4 -5 -6 -7 -6  1  6 -6  0 -3 -6 -6 -4 -5 -4 -1    0   0   0   0   0   0   0   0   0   6  93   0   1   0   0   0   0   0   0   1  1.70 inf
  261 E   -4 -4 -4 -2 -7 -2  8 -6 -4 -7 -7 -3 -6 -7 -5 -4 -4 -7 -6 -6    0   0   0   0   0   0 100   0   0   0   0   0   0   0   0   0   0   0   0   0  2.45 inf
  262 T   -4 -5 -4 -5 -5 -4 -5 -5 -5 -4 -5 -4 -4 -6 -5 -2  8 -6 -5 -3    0   0   0   0   0   0   0   0   0   0   0   0   0   0   0   0 100   0   0   0  2.38 inf
  263 I   -3 -5 -5 -3 -6 -4 -3 -5 -5  3 -5 -3 -4 -6  8 -4 -2 -7 -6 -2    1   0   0   1   0   0   1   0   0  16   0   1   0   0  74   0   2   0   0   3  2.09 inf
  264 N   -1 -1  3  5 -5  0  1  1 -1 -5 -5  2 -3 -4 -3 -1 -3 -5 -4 -4    3   1  16  36   0   4   7  10   1   0   0  17   0   1   1   2   0   0   0   1  0.67 inf
  265 P   -1 -1 -1  1 -5 -1  2  1 -1 -3 -4  2 -2 -4  5 -1 -2 -5 -1 -4    3   2   1   9   0   1  17  13   1   1   0  13   1   1  30   4   1   0   2   1  0.61 inf
  266 D   -2 -2  0  4 -4  1  4 -2 -2 -4 -5  1 -3 -4 -1  2  0 -5 -4 -4    2   0   2  28   0   6  25   3   0   0   0   8   0   0   3  17   6   0   0   0  0.62 inf
  267 I   -1  0 -1  2 -1 -2 -2  0 -2  3  1 -1  0 -2 -3 -2 -1 -4 -2  2    2   7   2  13   1   1   2   7   1  26  12   3   2   1   0   1   2   0   0  18  0.21 inf
  268 W   -5 -5 -5 -3 -6 -4 -5 -6 -1 -5 -1 -6 -2 -1 -3 -6 -5 12  5 -5    0   0   0   2   0   1   1   0   2   0   7   0   1   1   2   0   0  62  21   0  2.79 inf
  269 A    4 -1 -2 -2 -3  0  0  1 -1 -3 -3  2 -3 -4  1  0 -1 -5 -4 -2   43   2   1   2   0   3   5   9   2   0   1  15   0   0   8   4   4   0   0   1  0.44 inf
  270 E   -1  1  0  3 -5  2  4 -3  0 -5 -4  2 -2 -5 -2 -1 -1 -5 -1 -3    3   7   5  17   0   8  32   1   2   0   0  15   1   0   1   2   3   0   2   1  0.57 inf
  271 E   -4 -3  0  3 -7 -1  7 -5 -3 -7 -6 -2 -4 -7 -4 -3 -4 -6 -5 -6    0   0   4  13   0   1  81   0   0   0   0   0   0   0   0   0   0   0   0   0  1.84 inf
  272 I   -3 -4 -6 -6 -4 -6 -5 -7 -6  7  1 -5 -1 -3 -6 -5 -3 -6 -4  2    1   1   0   0   0   0   0   0   0  80   9   0   1   0   0   0   0   0   0   7  1.63 inf
  273 A    2  2  0  0 -4  2  2 -2 -2 -3 -3  4 -1 -5 -2  0 -2 -5 -4 -3   21   8   4   3   0   8  17   1   0   1   1  28   1   0   1   4   1   0   0   1  0.46 inf
  274 W   -3 -2  1 -4 -4 -1 -4 -5 -3  0  4 -2  3  0 -5 -3 -1  7  0  0    1   2   7   0   0   3   0   0   0   2  43   2   7   4   0   0   3  16   2   6  0.68 inf
  275 L   -5 -5 -7 -7 -4 -5 -6 -7 -6  0  6 -6  2 -2 -6 -6 -4 -5 -3 -2    0   0   0   0   0   0   0   0   0   2  95   0   3   0   0   0   0   0   1   0  1.74 inf
  276 K   -4  5 -2 -3 -6  1  3 -5 -1 -5 -4  3 -4 -3 -4 -3 -3 -3  4 -5    0  36   1   0   0   4  24   0   1   0   0  16   0   0   0   0   0   0  17   0  0.95 inf
  277 A    1 -3 -1 -3 -3 -1  0  1 -3 -5 -4 -1 -4 -4 -3  5 -1  5 -4 -4   12   0   2   0   0   2   4   9   0   0   0   3   0   0   0  59   1   8   0   0  0.87 inf
  278 Q   -4 -4 -5 -5 -4  2 -2 -5 -3 -1  5 -4  2  4 -5 -4 -3 -3 -2 -2    0   0   0   0   0  10   3   0   0   1  60   0   5  20   0   0   0   0   0   0  0.90 inf
  279 Q   -3 -1 -2 -1 -5  6  5 -4  3 -5 -4  0 -3 -5 -3 -2 -3 -4 -3 -4    0   0   0   0   0  43  47   0   8   0   0   3   0   0   0   0   0   0   0   0  1.14 inf

                      K         Lambda
Standard Ungapped    0.1348     0.3209
Standard Gapped      0.0620     0.2670
PSI Ungapped         0.2031     0.3163
PSI Gapped           0.0620     0.2670
