
Last position-specific scoring matrix computed, weighted observed percentages rounded down, information per position, and relative weight of gapless real matches to pseudocounts
           A  R  N  D  C  Q  E  G  H  I  L  K  M  F  P  S  T  W  Y  V   A   R   N   D   C   Q   E   G   H   I   L   K   M   F   P   S   T   W   Y   V
    1 E   -2 -1 -1  2 -5  1  6 -3 -1 -4 -4  2 -3 -4 -2 -1 -2 -4 -3 -3    0   0   0   6   0   0  83   0   0   0   0  11   0   0   0   0   0   0   0   0  0.97 inf
    2 L   -2 -3 -4 -4 -2 -3 -3 -4 -3  1  3 -3  1  2  1 -2 -1 -2  0  2    0   0   0   0   0   0   0   0   0   0  55   0   0   9   9   0   2   0   3  21  0.38 inf
    3 C   -2 -5 -4 -5 11 -5 -5 -4 -5 -3 -3 -5 -3 -4 -4 -2 -2 -4 -4 -2    0   0   0   0 100   0   0   0   0   0   0   0   0   0   0   0   0   0   0   0  2.61 inf
    4 L    1 -1 -3 -3 -2 -1 -2 -3 -3  1  2 -2  1 -1 -3  0  0 -3 -2  3   11   4   0   0   0   3   0   0   0   0  26   0   3   0   0   8   3   0   0  42  0.24 inf
    5 V   -1 -4 -4 -4 -2 -3 -4 -4 -4  2  0 -3  0 -2 -4 -3 -1 -4 -2  6    0   0   0   0   0   0   0   0   0   6   0   0   0   0   0   0   0   0   0  94  0.94 inf
    6 C   -2 -5 -4 -5 11 -5 -5 -4 -5 -3 -3 -5 -3 -4 -4 -2 -2 -4 -4 -2    0   0   0   0 100   0   0   0   0   0   0   0   0   0   0   0   0   0   0   0  2.61 inf
    7 G   -1 -4 -2 -3 -4 -3 -3  7 -3 -5 -5 -3 -4 -4 -3 -1 -3 -4 -4 -4    0   0   0   0   0   0   0 100   0   0   0   0   0   0   0   0   0   0   0   0  1.63 inf
    8 D   -3 -3  0  7 -5 -2  0 -3 -2 -5 -5 -2 -5 -5 -3 -2 -2 -6 -5 -5    0   0   0 100   0   0   0   0   0   0   0   0   0   0   0   0   0   0   0   0  1.70 inf
    9 R   -2  6 -1 -2 -4  1 -1 -3 -1 -4 -3  4 -2 -4 -3 -1 -1 -4 -3 -3    1  55   0   0   0   1   0   0   0   0   0  39   0   0   0   1   1   0   0   0  0.93 inf
   10 A    6 -3 -3 -3 -2 -2 -2  0 -3 -3 -3 -2 -2 -3 -2  0 -1 -4 -3 -1   96   0   0   0   0   0   1   1   0   0   0   0   0   0   0   1   0   0   0   0  0.94 inf
   11 S    0 -2  1 -1 -2 -1 -1 -2 -2 -3 -3 -1 -2 -3 -2  5  4 -4 -3 -2    0   0   4   0   0   0   0   0   0   0   0   0   0   0   0  61  36   0   0   0  0.75 inf
   12 G   -1 -4 -2 -3 -4 -3 -3  7 -3 -5 -5 -3 -4 -4  0 -1 -3 -4 -4 -4    0   0   0   0   0   0   0  96   0   0   0   0   0   0   4   0   0   0   0   0  1.54 inf
   13 Y   -3  1 -3 -4 -4 -3 -3 -4  0 -3 -2 -3 -2  4 -4 -3 -3  1  8 -3    0   9   0   0   0   0   0   0   0   0   0   0   0  15   0   0   0   0  75   0  1.43 inf
   14 H   -3 -2  1 -3 -5 -1 -2 -4 10 -5 -5 -2 -3 -3 -4 -2 -3 -4  0 -5    0   0   4   0   0   0   0   0  96   0   0   0   0   0   0   0   0   0   0   0  2.20 inf
   15 Y   -3 -3 -4 -5 -4 -3 -4 -5  0 -2 -2 -4 -2  5 -5 -3 -3  1  8 -2    0   0   0   0   0   0   0   0   0   0   0   0   0  30   0   0   0   0  70   0  1.55 inf
   16 N   -2  1  5 -1 -4 -1 -1  2  6 -4 -4 -1 -3 -3 -3 -1 -2 -4 -1 -4    2   7  45   0   0   0   0  17  30   0   0   0   0   0   0   0   0   0   0   0  0.83 inf
   17 A    5 -3 -3 -3  3 -2 -2 -1 -3 -1 -2 -2 -2 -3 -2  0 -1 -4 -3  2   72   0   0   0   7   0   0   0   0   0   0   0   0   0   0   0   0   0   0  21  0.65 inf
   18 L   -2 -3 -4 -5 -2 -3 -4 -5 -3  2  5 -3  3  1 -4 -3 -2 -2  0  1    0   0   0   0   0   0   0   0   0  10  74   0   8   3   0   0   0   0   3   3  0.68 inf
   19 T    0 -2 -1 -2 -2 -2 -2 -2 -3 -2 -3 -2 -2 -3 -2  3  6 -4 -3 -2    3   0   0   0   0   0   0   0   0   0   0   0   0   0   0  30  67   0   0   0  0.85 inf
   20 C   -2 -5 -5 -5 11 -5 -6 -4 -5 -3 -3 -5 -3 -4 -5 -3 -3 -4 -4 -3    0   0   0   0 100   0   0   0   0   0   0   0   0   0   0   0   0   0   0   0  2.75 inf
   21 E   -2 -1 -2  0 -5  1  7 -2 -1 -4 -4  0 -3 -4 -2 -1 -2 -4 -3 -4    0   0   0   0   0   0  94   3   0   0   0   0   0   0   0   0   0   0   0   0  1.29 inf
   22 G   -1 -3 -1 -2 -3 -3 -3  6 -3 -5 -4 -3 -4 -4 -3  0 -2 -4 -4 -4    2   0   0   0   0   0   0  92   0   0   0   0   0   0   0   4   0   0   0   0  1.42 inf
   23 C   -2 -5 -4 -5 11 -4 -5 -4 -4 -3 -3 -4 -3 -4 -4 -2 -2 -4 -4 -2    0   0   0   0  96   0   0   0   0   0   0   0   0   0   0   0   0   0   0   0  2.54 inf
   24 K   -2  1 -1 -2 -4  0  0 -3 -2 -4 -4  7 -3 -4 -2 -1 -2 -4 -3 -3    0   0   0   0   0   0   0   0   0   0   0  96   0   0   0   0   0   0   0   0  1.22 inf
   25 G   -1 -3 -2 -2 -3 -3 -3  7 -3 -4 -4 -3 -4 -4 -3 -1 -3 -4 -4 -3    0   0   0   0   0   0   0  93   0   0   0   0   0   0   0   1   0   0   0   3  1.44 inf
   26 F   -4 -4 -5 -5 -4 -5 -5 -5 -3 -2 -1 -5 -1  8 -5 -4 -4  0  2 -2    0   0   0   0   0   0   0   0   0   0   0   0   0 100   0   0   0   0   0   0  1.83 inf
   27 F   -4 -4 -5 -5 -4 -5 -5 -5 -3  0 -1 -5 -1  8 -5 -4 -4  0  2 -2    0   0   0   0   0   0   0   0   0   4   0   0   0  96   0   0   0   0   0   0  1.70 inf
   28 R   -3  7 -2 -3 -5  0 -1 -3 -2 -4 -3  2 -3 -4  0 -2 -2 -4 -3 -4    0  85   0   0   0   1   0   0   0   0   0  10   0   0   4   0   0   0   0   0  1.26 inf
   29 R   -3  7 -2 -3 -5  0 -2 -4 -2 -5 -4  1 -3 -4 -4 -2 -3 -4 -3 -4    0 100   0   0   0   0   0   0   0   0   0   0   0   0   0   0   0   0   0   0  1.64 inf
   30 S    1 -2 -1 -2  0 -1 -1 -2 -2 -3 -3 -1 -2 -3 -2  5  3 -4 -3 -2    6   0   0   0   1   0   0   0   0   0   0   0   0   0   0  64  27   0   0   1  0.70 inf
   31 V    0 -4 -4 -4 -2 -3 -4 -4  0  5  0 -3  0 -1 -3 -3 -1 -4 -2  4    5   0   0   0   0   0   0   0   4  46   0   0   0   2   0   0   0   0   0  43  0.61 inf
   32 T   -1  1  2 -1 -2  2 -1 -2  0  1 -1  0 -1 -3 -2  1  3 -3 -2  0    0   9  16   0   0  11   0   0   1  12   3   1   0   0   0   9  32   0   0   3  0.25 inf
   33 K   -2  3 -1 -2 -4  1  0 -3 -1 -4 -4  6 -3 -4 -2 -1 -2 -4 -3 -4    0  16   1   0   0   4   0   0   1   0   0  78   0   0   0   0   0   0   0   0  0.99 inf
   34 S   -1 -1  4  0 -3  1 -1  3 -1 -4 -4  1 -3 -4 -2  2  0 -4 -2 -3    0   1  33   1   0   6   1  23   0   0   0   9   0   0   0  22   4   0   1   0  0.47 inf
   35 A    2 -2 -1 -2 -1 -1 -2 -1  0  0  1 -2  0 -2  0  0  2 -3  0  0   34   0   1   0   0   1   0   3   3   7  18   0   1   0   3   5  15   0   3   6  0.16 inf
   36 V   -1  1 -1 -1 -2  0 -1  2  2  0 -1  0 -1 -2 -2  0  0 -3 -2  2    2   9   2   2   0   4   3  20   8   2   1   4   0   0   0   5   4   0   0  34  0.14 inf
   37 Y   -3  0 -3 -4 -3 -2 -3 -4  0 -2  1  0 -1  3  0 -3 -3  0  7 -2    0   4   0   0   0   0   0   0   0   0  15   6   0   8   5   0   0   0  63   0  0.92 inf
   38 C    1 -1  0 -2  2  2 -1 -2  1 -1 -2  1 -1 -2 -2  1  3 -3  0  0   13   1   2   0   5  12   0   0   4   3   0   8   0   0   0  11  31   0   3   5  0.22 inf
   39 C   -2 -5 -5 -5 11 -5 -6 -4 -5 -3 -3 -5 -3 -4 -5 -3 -3 -4 -4 -3    0   0   0   0 100   0   0   0   0   0   0   0   0   0   0   0   0   0   0   0  2.75 inf
   40 K   -2  3 -2 -2 -4  0 -1 -3  0 -4 -4  4 -3 -4  5 -1 -1 -4 -3 -3    0  21   0   0   0   0   0   0   2   0   0  44   0   0  28   3   1   0   0   0  0.84 inf
   41 F   -2 -2  1 -3 -3 -2 -3  1  0 -2 -1 -3 -2  5 -4 -1 -1  4  4 -2    1   1   9   0   0   1   0  14   1   1   1   0   0  36   0   6   2   5  22   0  0.52 inf
   42 G    2 -2  1 -1 -2 -1 -1  5 -2 -3 -3 -1 -3 -4 -2  1  1 -3 -3 -2   17   0   7   2   0   1   2  49   0   0   0   1   0   0   0  11   9   0   0   1  0.55 inf
   43 R   -1  1  2  0 -3  0 -1  5 -1 -4 -4  1 -2 -4 -3  0 -1 -4 -3 -3    1   8  13   3   0   4   2  51   1   0   0   8   1   0   0   8   0   0   0   0  0.57 inf
   44 A    0  1  3  1  0  1  0  0  3 -3 -3  1 -2 -3 -2  2  1 -3 -2 -2    4   7  17   5   2   5   3   4  10   0   0   7   0   0   0  26   8   0   0   1  0.27 inf
   45 C   -2 -5 -4 -5 11 -5 -5 -4 -4 -3 -3 -5 -3 -4 -5 -3 -3 -4  0 -3    0   0   0   0  96   0   0   0   0   0   0   0   0   0   0   0   0   0   4   0  2.57 inf
   46 E   -1 -1  0  2 -4  2  5 -3 -1 -2 -3  1 -2 -4  1  0 -1 -4 -3 -1    3   0   2   7   0   8  55   0   0   2   0   5   0   0   7   3   1   0   0   7  0.55 inf
   47 M   -2 -3 -4 -4 -2 -3 -4 -4 -4  4  1 -3  6 -1 -4 -3 -2 -3 -2  3    0   0   0   0   0   0   0   0   0  32   1   0  38   0   0   0   0   0   0  28  0.72 inf
   48 D   -2 -2  2  6 -3 -1  0 -2 -2 -3 -4 -2 -3 -4 -2  2  1 -5 -4 -3    0   0  10  60   0   0   0   0   0   2   0   0   0   0   0  16  12   0   0   0  0.83 inf
   49 M   -1  1 -2 -3 -3 -1 -1 -3 -2 -1  0  4  6 -2 -2 -2  0 -3 -2 -1    3   7   0   0   0   0   0   0   0   0   6  39  37   0   1   0   6   0   0   0  0.51 inf
   50 Y    2 -2 -1 -3 -3 -2 -2 -2  4 -1 -2 -2 -2  2 -3 -1  0  2  6 -1   24   0   2   0   0   0   0   2  11   2   0   0   0   4   0   0   6   2  45   2  0.61 inf
   51 M   -2 -1 -2 -3 -3  4 -1 -3  3  0  0  0  6 -2 -3 -1  1 -3 -1 -1    0   0   0   0   0  24   0   0   8   4   0   6  44   0   0   2  11   0   1   0  0.54 inf
   52 R   -3  7 -2 -3 -5  0 -2 -4 -2 -5 -4  1 -3 -4 -4 -2 -3 -4 -3 -4    0 100   0   0   0   0   0   0   0   0   0   0   0   0   0   0   0   0   0   0  1.64 inf
   53 R   -3  7  3 -2 -5  0 -1 -3 -1 -4 -4  1 -3 -4 -3 -2 -2 -4 -3 -4    0  82  16   0   0   0   0   0   0   0   0   2   0   0   0   0   0   0   0   0  1.24 inf
   54 K   -2  3 -1 -2 -4  2  0 -3  5 -4 -4  5 -2 -4 -2 -1 -2 -4 -2 -4    0  17   0   0   0  11   0   0  22   0   0  50   0   0   0   0   0   0   0   0  0.78 inf
   55 C   -2 -5 -5 -5 11 -5 -6 -4 -5 -3 -3 -5 -3 -4 -5 -3 -3 -4 -4 -3    0   0   0   0 100   0   0   0   0   0   0   0   0   0   0   0   0   0   0   0  2.75 inf
   56 Q   -2 -1 -2 -2 -4  7  0 -3 -1 -4 -4 -1 -2 -5  5 -2 -2 -4 -3 -4    0   0   0   0   0  69   0   0   0   0   0   0   0   0  31   0   0   0   0   0  1.33 inf
   57 E    3 -1 -1  0 -3  2  4 -2  1 -3 -3  0 -2 -1 -2  0 -1 -2  2 -2   36   0   0   4   0   9  35   0   3   0   0   1   0   1   0   1   0   0   9   0  0.41 inf
   58 C   -2 -5 -5 -5 11 -5 -6 -4 -5 -3 -3 -5 -3 -4 -5 -3 -3 -4 -4 -3    0   0   0   0 100   0   0   0   0   0   0   0   0   0   0   0   0   0   0   0  2.75 inf
   59 R   -3  7 -2 -3 -5  0 -2 -4 -2 -5 -4  1 -3 -4 -4 -2 -3 -4 -3 -4    0 100   0   0   0   0   0   0   0   0   0   0   0   0   0   0   0   0   0   0  1.64 inf
   60 L   -3 -3 -4 -5 -2 -3 -4 -5 -3  0  5 -4  1  2 -4 -4 -2 -2  1  0    0   0   0   0   0   0   0   0   0   0  86   0   1   8   0   0   0   0   5   0  0.82 inf
   61 K   -2  4 -1 -1 -4  5  0 -3  0 -4 -3  4 -2 -4 -2 -1 -1 -3 -3 -3    0  23   0   3   0  40   1   0   1   0   0  29   0   0   0   0   1   0   0   0  0.74 inf
   62 K   -2  2 -1 -2 -4  0  0 -3 -2 -4 -3  6 -3 -4 -2  0 -2 -4 -3 -4    0   7   0   0   0   0   0   0   0   0   2  87   0   0   0   4   0   0   0   0  1.06 inf
   63 C   -2 -5 -5 -5 11 -5 -6 -4 -5 -3 -3 -5 -3 -4 -5 -3 -3 -4 -4 -3    0   0   0   0 100   0   0   0   0   0   0   0   0   0   0   0   0   0   0   0  2.75 inf
   64 L   -2  2 -3 -3 -2 -1 -2 -4 -2  1  4  1  1  0 -3 -2 -2 -2  0  0    0  13   0   0   0   2   0   0   0   6  55  15   3   1   0   0   0   0   3   2  0.34 inf
   65 A    2  0  1  3 -2  0  2 -1 -1 -3 -2  0 -1 -3 -2  1  0 -4 -3 -2   34   4   6  18   0   3  15   0   0   0   2   1   2   0   0   9   6   0   0   0  0.29 inf
   66 V    3 -3 -3 -4  0 -2 -3 -2 -3  1  0 -2  1 -1 -3 -1 -1 -3 -2  4   35   0   0   0   2   0   0   0   0   3   3   1   5   1   0   0   0   0   0  51  0.43 inf
   67 G   -1 -4 -2 -3 -4 -3 -3  7 -3 -5 -5 -3 -4 -5 -3 -2 -3 -4 -4 -5    0   0   0   0   0   0   0 100   0   0   0   0   0   0   0   0   0   0   0   0  1.67 inf
   68 M   -3 -3 -4 -5 -3 -2 -4 -4 -3  0  0 -3 10 -2 -4 -3 -2 -3 -3 -1    0   0   0   0   0   0   0   0   0   0   0   0 100   0   0   0   0   0   0   0  1.82 inf
   69 R    0  6 -2 -3 -4  0 -1 -3 -2 -3  0  3 -1 -3 -3 -2 -2 -4 -3 -3    7  61   0   0   0   0   0   0   0   0  13  18   0   0   0   0   0   0   0   0  0.71 inf
   70 P    1  0 -1  0 -3  1  2 -2 -2 -3 -3  3 -2 -4  4  1  0 -4 -3 -2   14   1   0   3   0   4  13   0   0   0   0  29   0   0  22  11   4   0   0   0  0.46 inf
   71 E   -2 -2  0  5 -5  2  5 -3 -1 -4 -4 -1 -3 -4 -2 -1 -2 -5 -3 -4    0   0   0  48   0   6  44   0   1   0   0   0   0   0   0   0   0   0   0   0  1.00 inf
   72 C   -2 -3 -3 -4  8 -3 -4 -3 -3 -1  1 -3  5 -2 -4  0 -1 -3 -3 -1    0   0   0   0  45   0   0   0   0   0  11   0  30   0   0  11   2   0   0   0  0.96 inf
   73 V   -1 -3 -4 -4 -2 -3 -3 -4 -4  4  2 -3  1 -1 -3 -3 -1 -3 -2  4    0   0   0   0   0   0   1   0   0  27  19   0   1   0   0   0   0   0   0  50  0.54 inf
   74 V   -2 -2 -3 -4 -2  1 -3 -4 -3  1  4 -2  2 -1 -3 -3 -2  0 -1  2    0   0   0   0   0   9   0   0   0   5  59   0   7   0   0   0   0   1   1  15  0.44 inf
   75 P    0 -2  0  0  2 -1 -1 -2  1 -3 -3 -1 -2 -3  4  3  2 -4 -3 -2    0   0   3   5   5   1   0   0   4   0   0   0   0   0  22  42  17   0   0   0  0.53 inf
   76 E    1 -1 -1  1 -4  1  5 -2 -1 -4 -4  0 -3 -4  0 -1 -1 -4 -3 -3   17   0   1   4   0   4  64   1   0   0   0   1   0   0   4   1   1   0   0   0  0.68 inf
   77 N    0  1  0  0 -3  1  4 -2 -1  0 -2  0 -2 -2 -1  0  0 -3  0 -1    5  11   5   2   0   2  40   0   0   8   0   1   0   1   1   8   3   0   3   5  0.25 inf
   78 Q    2  0 -1 -1 -3  6  0 -2  0 -3 -3  2 -2 -4 -2  0 -1 -3 -3 -2   25   0   0   2   0  53   0   0   1   0   0  16   0   0   0   1   0   0   0   1  0.66 inf
   79 C   -2  0 -2 -3  7 -3 -3 -4 -3  1  2 -2 -1 -2  2 -1 -2 -3 -3 -1    0   9   2   0  38   0   0   0   0   8  25   1   0   0  13   2   0   0   0   1  0.62 inf
   80 A    2  2  0 -2 -2  1 -1 -2 -2  0 -1  2 -1 -3 -2  0 -1  0 -2  0   35  15   4   0   0   9   0   0   0   8   3  18   0   0   0   1   0   1   0   7  0.21 inf
   81 M    1 -1 -2 -2 -2  0  0 -2 -2  0  2  0  2 -1 -2  1 -1 -3 -2  1   16   1   0   0   0   3   6   1   0   3  26   5   9   0   0  20   0   0   0   9  0.13 inf
   82 K   -2  4 -1  0 -4  0  0 -3 -2 -3 -3  5 -2 -4 -2 -1 -2 -4 -3 -1    0  30   0   6   0   0   2   0   0   0   0  58   0   0   0   0   0   0   0   5  0.76 inf
   83 R   -2  6 -1 -2 -4  0  0 -3 -1 -3 -3  3 -2 -4 -3  0 -2 -4 -3 -3    0  75   0   1   0   0   3   0   0   1   0  13   0   0   0   5   0   0   0   0  1.01 inf
   84 R    2  3 -1 -2 -2  1  1 -2 -1 -1  0  2  0 -2 -1 -1 -1 -3 -2 -1   29  19   2   0   0   4   7   0   1   3  12  18   4   0   1   0   0   0   0   0  0.20 inf
   85 E    0  3 -1  0 -3  2  2 -2 -1 -2 -3  3 -2 -4 -2  1 -1 -3 -2 -3    6  20   0   2   0   7  19   0   0   2   0  33   0   0   0  11   0   0   0   0  0.43 inf
   86 K   -2  3 -1 -1 -4  4  1 -3 -1 -4 -3  5 -2 -4 -2 -1 -2 -4 -3 -3    0  12   0   0   0  29   3   0   0   0   0  56   0   0   0   0   0   0   0   0  0.77 inf

                      K         Lambda
Standard Ungapped    0.1391     0.3305
Standard Gapped      0.0569     0.2670
PSI Ungapped         0.1874     0.3190
PSI Gapped           0.0569     0.2670
