
Last position-specific scoring matrix computed, weighted observed percentages rounded down, information per position, and relative weight of gapless real matches to pseudocounts
           A  R  N  D  C  Q  E  G  H  I  L  K  M  F  P  S  T  W  Y  V   A   R   N   D   C   Q   E   G   H   I   L   K   M   F   P   S   T   W   Y   V
    1 H   -2  0  0 -1 -3  1  0 -2  8 -4 -3 -1 -2 -1 -3 -1 -2 -2  2 -3    0   0   0   0   0   8   0   0  86   0   0   0   0   0   0   0   0   0   6   0  0.87 inf
    2 L   -2 -3 -4 -4 -2 -3 -3 -4 -3  3  3 -3  2  2 -3 -3 -1 -2 -1  2    0   0   0   0   0   0   0   0   0  29  50   0   5   9   0   0   0   0   0   8  0.36 inf
    3 C   -1 -4 -3 -4 10 -4 -5 -3 -4 -2 -2 -4 -2 -3 -4 -2 -1 -3 -3 -1    0   0   0   0 100   0   0   0   0   0   0   0   0   0   0   0   0   0   0   0  1.71 inf
    4 S    3 -2 -1 -2 -1 -1 -1 -1 -2  0 -1 -1  0 -2 -2  2  1 -3 -2  2   38   0   1   0   0   1   0   0   0   2   0   2   3   0   0  24   3   0   0  26  0.20 inf
    5 I   -1 -3 -4 -4 -1 -3 -3 -4 -4  5  1 -3  1 -1 -3 -3 -1 -3 -2  4    0   0   0   0   0   0   0   0   0  64   0   0   0   0   0   0   0   0   0  36  0.48 inf
    6 C   -1 -4 -3 -4 10 -4 -5 -3 -4 -2 -2 -4 -2 -3 -4 -1 -1 -3 -3 -1    0   0   0   0 100   0   0   0   0   0   0   0   0   0   0   0   0   0   0   0  1.69 inf
    7 G    0 -3 -1 -2 -3 -1 -2  6 -2 -4 -4 -2 -3 -4 -3  0 -2 -3 -4 -4    0   0   0   0   0   2   0  96   0   0   0   0   0   0   0   2   0   0   0   0  1.13 inf
    8 D   -2 -2  1  7 -4  0  1 -2 -2 -4 -4 -1 -4 -4 -2 -1 -2 -5 -4 -4    0   0   0  97   0   3   0   0   0   0   0   0   0   0   0   0   0   0   0   0  1.10 inf
    9 R   -2  6 -1 -2 -4  1  0 -3 -1 -3 -3  3 -2 -3 -2 -1 -1 -3 -1 -3    0  72   0   0   0   0   0   0   0   0   0  25   0   0   0   0   0   0   3   0  0.74 inf
   10 A    4 -2 -1 -2 -1 -1 -1  0 -2 -2 -2 -1 -1 -3 -1  3  0 -3 -2 -1   75   0   0   0   0   0   0   0   0   0   0   0   0   0   0  25   0   0   0   0  0.46 inf
   11 S    1 -1  0 -1  1 -1 -1 -1 -2 -2 -2 -1 -2 -3 -1  4  2 -3 -2 -2    0   0   0   0   3   0   0   0   0   0   4   0   0   0   0  79  14   0   0   0  0.46 inf
   12 G    0 -2 -1 -2 -3 -2 -3  6 -3 -4 -4 -2 -3 -4 -3 -1 -2 -3 -4 -4    0   2   0   0   0   0   0  98   0   0   0   0   0   0   0   0   0   0   0   0  1.17 inf
   13 K   -1  4 -1 -1 -4  1  0 -2 -1 -3 -3  5 -2 -4 -2 -1 -1 -4 -2 -3    0  22   0   0   0   0   0   0   0   0   0  78   0   0   0   0   0   0   0   0  0.66 inf
   14 H   -2 -1  0 -2 -4  0 -1 -3  9 -4 -4 -1 -2 -2 -3 -2 -2 -3  1 -4    0   0   0   0   0   0   0   0 100   0   0   0   0   0   0   0   0   0   0   0  1.34 inf
   15 Y   -2 -2 -3 -4 -3 -2 -3 -4  1 -2 -2 -3 -2  3 -4 -2 -2  2  8 -2    0   0   0   0   0   0   0   0   0   0   0   0   0   0   0   0   0   0 100   0  1.24 inf
   16 G    0 -3 -1 -2 -3 -2 -3  7 -3 -4 -4 -2 -3 -4 -3 -1 -2 -3 -4 -4    0   0   0   0   0   0   0 100   0   0   0   0   0   0   0   0   0   0   0   0  1.23 inf
   17 V    2 -2 -3 -3 -1  0 -2 -2 -3  2  0 -2  0 -2 -2 -1  0 -3 -2  4   30   0   0   0   0   5   0   0   0   0   2   0   0   0   0   0   0   0   0  64  0.27 inf
   18 Y   -1 -2 -2 -3 -2 -2 -2 -3  1  1 -1 -1 -1  3 -3  0 -1  1  6  0    0   0   0   0   0   0   0   0   1  16   0   3   0  12   0  14   0   0  49   5  0.41 inf
   19 S    1 -1  0 -1  1 -1 -1 -1 -1 -3 -3 -1 -2 -3 -1  5  2 -3 -2 -2    0   0   0   0   3   0   0   0   0   0   0   0   0   0   0  88  10   0   0   0  0.55 inf
   20 C   -1 -4 -4 -4 10 -4 -5 -3 -4 -2 -2 -4 -2 -3 -4 -2 -2 -3 -3 -1    0   0   0   0 100   0   0   0   0   0   0   0   0   0   0   0   0   0   0   0  1.73 inf
   21 E   -1 -1  0  3 -4  1  6 -3 -1 -4 -4  0 -3 -4 -2 -1 -1 -4 -3 -3    0   0   0  14   0   0  86   0   0   0   0   0   0   0   0   0   0   0   0   0  0.84 inf
   22 G    0 -3 -1 -2 -3 -2 -3  6 -3 -4 -4 -2 -3 -4 -3 -1 -2 -3 -4 -3    0   0   0   0   0   0   0  98   0   0   0   0   0   0   0   0   0   0   0   2  1.16 inf
   23 C   -1 -4 -4 -4 10 -4 -5 -3 -4 -2 -2 -4 -2 -3 -4 -2 -2 -3 -3 -1    0   0   0   0 100   0   0   0   0   0   0   0   0   0   0   0   0   0   0   0  1.73 inf
   24 K   -1  2 -1 -1 -4  1  1 -2 -1 -3 -3  6 -2 -4 -2 -1 -1 -4 -2 -3    0   0   0   0   0   0   4   0   0   0   0  96   0   0   0   0   0   0   0   0  0.70 inf
   25 G    0 -3 -1 -2 -3 -2 -2  6 -2 -4 -4 -2 -3 -4 -3  0 -2 -3 -4 -4    0   0   0   0   0   0   0  93   0   0   0   0   0   0   0   7   0   0   0   0  1.09 inf
   26 F   -3 -4 -4 -4 -3 -4 -4 -4 -2 -1  0 -4  0  8 -4 -3 -3  1  3 -1    0   0   0   0   0   0   0   0   0   0   0   0   0 100   0   0   0   0   0   0  1.06 inf
   27 F   -3 -4 -4 -4 -3 -4 -4 -4 -2 -1  0 -4  0  8 -4 -3 -3  1  3 -1    0   0   0   0   0   0   0   0   0   0   0   0   0 100   0   0   0   0   0   0  1.06 inf
   28 K   -1  3 -1 -1 -4  1  0 -2 -1 -3 -3  5 -2 -4 -2 -1 -1 -4 -2 -3    0  14   0   0   0   0   0   0   0   0   0  86   0   0   0   0   0   0   0   0  0.67 inf
   29 R   -2  7 -1 -2 -4  1 -1 -3 -1 -4 -3  2 -2 -3 -3 -1 -2  1 -2 -3    0  97   0   0   0   0   0   0   0   0   0   0   0   0   0   0   0   3   0   0  0.96 inf
   30 T    0 -1  0 -1 -1 -1 -1 -1 -2 -2 -2 -1 -1 -3 -1  3  5 -3 -2 -1    0   0   0   0   0   0   0   0   0   0   0   0   0   0   0  41  59   0   0   0  0.50 inf
   31 V   -1 -3 -4 -4 -1 -3 -3 -4 -4  3  1 -3  1 -1 -3 -2  0 -3 -2  5    0   0   0   0   0   0   0   0   0  19   0   0   0   0   0   0   0   0   0  81  0.48 inf
   32 R   -2  7 -1 -2 -4  1 -1 -3 -1 -4 -3  2 -2 -4 -3 -1 -2 -3 -2 -3    0 100   0   0   0   0   0   0   0   0   0   0   0   0   0   0   0   0   0   0  1.01 inf
   33 K   -1  3 -1 -1 -4  1  0 -2 -1 -3 -3  6 -2 -4 -2 -1 -1 -4 -2 -3    0   7   0   0   0   0   0   0   0   0   0  93   0   0   0   0   0   0   0   0  0.70 inf
   34 D   -2 -1  4  5 -4  2  1 -1  1 -4 -4  0 -3 -3 -2  0 -1 -4 -2 -3    0   0  32  45   0  12   5   0   2   0   0   3   0   0   0   0   0   0   1   0  0.60 inf
   35 L   -2 -2 -3 -4 -2 -2 -3 -4  3  1  4 -3  2  0 -3 -3 -2 -2 -1  0    0   0   0   0   0   0   0   0  14   0  86   0   0   0   0   0   0   0   0   0  0.47 inf
   36 T    0 -1 -1 -1  0  1 -1  0 -1  0 -1 -1 -1 -2 -2  2  4 -3 -2  1    0   0   0   0   2   7   0   9   1   4   2   1   0   0   0  16  45   0   0  13  0.21 inf
   37 Y   -2 -2 -3 -4 -3 -2 -3 -4  1 -2 -2 -3 -2  3 -4 -2 -2  2  8 -2    0   0   0   0   0   0   0   0   0   0   0   0   0   0   0   0   0   0 100   0  1.24 inf
   38 A    2 -1 -1 -2 -1  0 -1 -1 -2  0 -1 -1 -1 -2 -1  2  3 -3 -2  0   28   0   0   0   0   4   0   0   0   3   3   0   0   0   0  16  40   0   0   6  0.27 inf
   39 C   -1 -4 -4 -4 10 -4 -5 -3 -4 -2 -2 -4 -2 -3 -4 -2 -2 -3 -3 -1    0   0   0   0 100   0   0   0   0   0   0   0   0   0   0   0   0   0   0   0  1.73 inf
   40 R   -2  7 -1 -2 -4  1 -1 -3 -1 -4 -3  2 -2 -4 -3 -1 -2 -3 -2 -3    0 100   0   0   0   0   0   0   0   0   0   0   0   0   0   0   0   0   0   0  1.01 inf
   41 E   -1 -2  0  4 -3  0  3  2 -1 -3 -3 -1 -2  1 -2  0 -1 -3 -1 -3    2   0   0  34   0   0  25  19   0   0   0   0   0  14   0   5   0   0   0   0  0.36 inf
   42 N   -1 -1  4  2 -3  0  2 -1  1 -3 -3  0 -2 -3 -2  2  0 -4 -2 -3    0   0  37  13   0   0  13   0   2   0   0   2   0   0   0  33   1   0   0   0  0.43 inf
   43 R   -1  5 -1 -1 -4  2  0 -1 -1 -3 -3  4 -2 -4 -2 -1 -1 -3 -2 -3    0  45   0   0   0   5   0   5   0   0   0  45   0   0   0   0   0   0   0   0  0.58 inf
   44 N   -1 -1  4  4 -3  2  1 -1  1 -4 -4  0 -2 -4 -2  1 -1 -4 -2 -3    1   1  29  37   0  12   6   2   3   0   0   0   0   0   0   8   0   0   0   0  0.50 inf
   45 C   -1 -4 -4 -4 10 -4 -5 -3 -4 -2 -2 -4 -2 -3 -4 -2 -2 -3 -3 -1    0   0   0   0 100   0   0   0   0   0   0   0   0   0   0   0   0   0   0   0  1.73 inf
   46 I   -1 -2 -2 -1 -2  0 -1 -3 -3  2  1 -2  1 -1  3 -1  0 -3 -2  2    0   0   0   2   0   6   2   0   0  25  15   0   4   0  17   3   8   0   0  19  0.23 inf
   47 I   -1 -3 -4 -4 -1 -3 -3 -4 -4  4  1 -3  1 -1 -3 -3 -1 -3 -2  4    0   0   0   0   0   0   0   0   0  61   0   0   0   0   0   0   0   0   0  39  0.47 inf
   48 D   -2 -2  2  6 -4 -1  1 -2 -1 -3 -4 -1 -3 -4 -2  0  0 -5 -3 -3    0   0  10  80   0   0   0   0   0   2   0   0   0   0   0   0   7   0   0   0  0.85 inf
   49 K   -1  3 -1 -1 -4  2  1 -2 -1 -3 -3  5 -2 -4 -2 -1 -1 -4 -2 -3    0   6   0   0   0   7   0   0   0   0   0  86   0   0   0   0   0   0   0   0  0.65 inf
   50 R   -2  5  0  2 -4  0  0 -3  5 -3 -2  1 -2 -3 -2 -1 -1 -3 -1 -3    0  56   0  14   0   0   0   0  22   0   2   3   0   0   0   0   3   0   0   0  0.53 inf
   51 Q   -1  1  0 -1 -4  5  1 -2  5 -3 -2  2 -1 -3 -2 -1 -1 -3  0 -3    0   0   2   0   0  53   0   0  23   0   2  18   0   0   0   0   0   0   2   0  0.54 inf
   52 R   -2  7 -1 -2 -4  1 -1 -3 -1 -4 -3  2 -2 -4 -3 -1 -2 -3 -2 -3    0 100   0   0   0   0   0   0   0   0   0   0   0   0   0   0   0   0   0   0  1.01 inf
   53 N   -2 -1  7  1 -3  0 -1 -1  0 -4 -4 -1 -3 -4 -3  0  0 -4 -3 -3    0   0  95   0   0   0   0   0   0   0   0   0   0   0   0   0   5   0   0   0  0.93 inf
   54 R   -2  6 -1 -2 -4  3  0 -3  0 -4 -3  2 -2 -4 -2 -1 -1 -3 -2 -3    0  79   0   0   0  21   0   0   0   0   0   0   0   0   0   0   0   0   0   0  0.81 inf
   55 C   -1 -4 -4 -4 10 -4 -5 -3 -4 -2 -2 -4 -2 -3 -4 -2 -2 -3 -3 -1    0   0   0   0 100   0   0   0   0   0   0   0   0   0   0   0   0   0   0   0  1.73 inf
   56 Q   -1  3  0 -1 -4  6  1 -2  0 -4 -3  1 -1 -4 -2 -1 -1 -3 -2 -3    0  14   0   0   0  86   0   0   0   0   0   0   0   0   0   0   0   0   0   0  0.82 inf
   57 Y   -2 -2 -3 -4 -3 -2 -3 -4  3 -2 -1 -3 -1  4 -4 -2 -2  2  8 -2    0   0   0   0   0   0   0   0   5   0   0   0   0  13   0   0   0   0  82   0  1.02 inf
   58 C   -1 -4 -4 -4 10 -4 -5 -3 -4 -2 -2 -4 -2 -3 -4 -2 -2 -3 -3 -1    0   0   0   0 100   0   0   0   0   0   0   0   0   0   0   0   0   0   0   0  1.73 inf
   59 R   -2  7 -1 -2 -4  1 -1 -3 -1 -4 -3  2 -2 -4 -3 -1 -2 -3 -2 -3    0 100   0   0   0   0   0   0   0   0   0   0   0   0   0   0   0   0   0   0  1.01 inf
   60 Y   -2 -2 -3 -4 -2 -2 -3 -4  0  0  2 -3  0  3 -4 -3 -2  1  6 -1    0   0   0   0   0   0   0   0   0   0  38   0   0   8   0   0   0   0  55   0  0.60 inf
   61 Q   -1  3  0 -1 -4  5  2 -2  0 -3 -2  2  0 -4 -2 -1 -1 -3 -2 -3    0  19   2   0   0  63   5   0   0   0   0   9   4   0   0   0   0   0   0   0  0.59 inf
   62 K   -1  2 -1 -1 -4  2  1 -2 -1 -3 -3  6 -2 -4 -2 -1 -1 -4 -2 -3    0   2   0   0   0   5   0   0   0   0   0  93   0   0   0   0   0   0   0   0  0.69 inf
   63 C   -1 -4 -4 -4 10 -4 -5 -3 -4 -2 -2 -4 -2 -3 -4 -2 -2 -3 -3 -1    0   0   0   0 100   0   0   0   0   0   0   0   0   0   0   0   0   0   0   0  1.73 inf
   64 L   -2 -3 -4 -4 -2 -2 -3 -4 -3  2  4 -3  2  2 -3 -3 -2 -2  0  1    0   0   0   0   0   3   0   0   0   5  74   0   2  14   0   0   0   0   0   3  0.43 inf
   65 T    2  1  0 -1 -2  0  0  0 -1 -2 -1  1 -1 -3 -2  1  0 -3 -2 -1   38  11   4   2   0   4   2   6   0   1   4  13   0   0   0   7   6   0   0   2  0.17 inf
   66 C    1 -2 -2 -3  2 -1 -2 -2 -2  1  1 -1  6  0 -3 -1  0 -2 -2  1   17   0   0   0   5   0   0   0   0   0   0   5  54   2   0   0   5   0   0  12  0.28 inf
   67 G    0 -3 -1 -2 -3 -2 -3  7 -3 -5 -4 -2 -3 -4 -3 -1 -2 -3 -4 -4    0   0   0   0   0   0   0 100   0   0   0   0   0   0   0   0   0   0   0   0  1.27 inf
   68 M   -2 -2 -3 -4 -2 -1 -3 -4 -2  1  2 -2  8 -1 -3 -2 -1 -2 -2  0    0   0   0   0   0   0   0   0   0   0   0   0 100   0   0   0   0   0   0   0  0.88 inf
   69 K   -1  4 -1 -1 -4  1  0 -2 -1 -3 -3  5 -2 -4 -2 -1 -1 -4 -2 -3    0  22   0   0   0   0   0   0   0   0   0  78   0   0   0   0   0   0   0   0  0.69 inf
   70 R   -1  5 -1 -2 -3  1  0 -2 -1 -3 -3  3 -1 -3 -2  1  0 -3 -2 -3    2  56   0   0   0   5   0   0   0   0   0  19   2   0   0  13   2   0   0   0  0.53 inf
   71 E   -2 -1 -1  3 -4  1  6 -3 -1 -4 -4  0 -3 -4 -2 -1 -1 -4 -3 -3    0   0   0  10   0   0  90   0   0   0   0   0   0   0   0   0   0   0   0   0  0.91 inf
   72 A    4 -2 -1 -1 -1 -1 -1  1 -2 -2 -2 -1 -2 -3 -1  2  0 -3 -2 -1   71   0   0   1   0   0   0   4   0   0   0   0   0   0   0  22   0   0   0   1  0.43 inf
   73 V   -1 -3 -4 -4 -1 -3 -3 -4 -4  2  0 -3  1 -1 -3 -2 -1  0 -2  5    0   0   0   0   0   0   0   0   0   3   0   0   3   0   0   0   0   2   0  93  0.53 inf
   74 Q   -1  1  0 -1 -4  7  2 -2  0 -4 -3  1 -1 -4 -2 -1 -1 -3 -2 -3    0   2   2   0   0  93   2   0   0   0   0   2   0   0   0   0   0   0   0   0  0.92 inf
   75 E   -1 -1  2  1  4  1  4 -1  1 -3 -3  0 -2 -3 -2  0 -1 -3 -2 -3    2   0  15   5  13   4  50   2   4   0   0   0   0   0   0   5   0   0   0   0  0.43 inf
   76 E   -1  0 -1  1 -4  2  6 -3 -1 -4 -4  0 -3 -4 -2 -1 -1 -4 -3 -3    0   0   0   0   0   6  94   0   0   0   0   0   0   0   0   0   0   0   0   0  0.92 inf

                      K         Lambda
Standard Ungapped    0.1397     0.3283
Standard Gapped      0.0493     0.2670
PSI Ungapped         0.1623     0.3205
PSI Gapped           0.0493     0.2670
