
Last position-specific scoring matrix computed, weighted observed percentages rounded down, information per position, and relative weight of gapless real matches to pseudocounts
           A  R  N  D  C  Q  E  G  H  I  L  K  M  F  P  S  T  W  Y  V   A   R   N   D   C   Q   E   G   H   I   L   K   M   F   P   S   T   W   Y   V
    1 P   -1 -2 -2 -2 -3 -2 -1 -3 -3 -3 -3 -1 -3 -4  8 -1 -1 -4 -3 -3    0   0   0   0   0   0   0   0   0   0   0   0   0   0 100   0   0   0   0   0  2.11 inf
    2 Q    0  2  1 -1 -3  4  1 -2  1 -3 -3  2 -1 -3  0  1 -1 -3 -2 -2    6  10   9   0   0  52   0   0   3   0   0   8   0   0   3   8   0   0   0   0  0.40 inf
    3 K   -1  5  0 -1 -4  1  0 -2 -1 -3 -3  4 -2 -3 -2 -1 -1 -3 -2 -3    0  41   0   0   0   0   0   0   0   0   0  59   0   0   0   0   0   0   0   0  0.60 inf
    4 T   -1 -2 -2 -3 -2 -2 -2 -3 -1  1  1 -2  1  1  2 -1  2 -1  2  1    3   0   0   0   0   0   0   0   0  11  22   0   4   3   9   0  21   0  15  12  0.17 inf
    5 C   -1 -4 -3 -4 10 -4 -4 -3 -4 -2 -2 -4 -2 -3 -3 -1 -1 -3 -3 -1    0   0   0   0 100   0   0   0   0   0   0   0   0   0   0   0   0   0   0   0  1.54 inf
    6 L    0 -2 -3 -3 -1  0 -2 -3 -2  1  4 -2  3  0 -3 -2 -1 -2 -1  0   14   0   0   0   0   6   0   0   0   0  69   0  11   0   0   0   0   0   0   0  0.29 inf
    7 I   -1 -3 -3 -3 -1 -3 -3 -4 -3  4  1 -3  1 -1 -3 -1  0 -3 -2  4    0   0   0   0   0   0   0   0   0  43   0   0   0   0   0   4   0   0   0  52  0.36 inf
    8 C   -1 -4 -3 -4 10 -4 -4 -3 -4 -2 -2 -4 -2 -3 -3 -1 -1 -3 -3 -1    0   0   0   0 100   0   0   0   0   0   0   0   0   0   0   0   0   0   0   0  1.49 inf
    9 G    1 -2  1 -1 -2 -1  0  4  1 -3 -3 -1 -2 -3 -2  2  0 -3 -2 -3    3   0   4   0   0   0   4  45   5   0   0   0   0   0   0  39   0   0   0   0  0.46 inf
   10 D   -2 -2  1  7 -4 -1  1 -2 -1 -4 -4 -1 -4 -4 -2 -1 -1 -5 -4 -4    0   0   0 100   0   0   0   0   0   0   0   0   0   0   0   0   0   0   0   0  1.06 inf
   11 E   -1 -1  1  2 -4  1  5 -2  0 -3 -3  0 -2  0 -2  0 -1 -2  1 -3    0   0  10   6   0   0  71   0   0   0   0   0   0   5   0   0   0   0   8   0  0.51 inf
   12 A    5 -2 -2 -2 -1 -1 -1  0 -2 -2 -2 -1 -1 -3 -1  1  0 -3 -2  0  100   0   0   0   0   0   0   0   0   0   0   0   0   0   0   0   0   0   0   0  0.49 inf
   13 S    1 -1  0  0 -1  0  0 -1 -1 -3 -3  0 -2 -3 -1  5  1 -3 -2 -2    0   0   0   0   0   0   0   0   0   0   0   0   0   0   0 100   0   0   0   0  0.54 inf
   14 G    0 -3 -1 -2 -3 -2 -3  6 -2 -4 -4 -2 -3 -4 -3 -1 -2 -3 -4 -4    0   0   0   0   0   0   0 100   0   0   0   0   0   0   0   0   0   0   0   0  1.13 inf
   15 A   -1 -3 -3 -4  9 -3 -4 -3 -2 -2 -1 -3 -2  1 -3 -1 -1 -1  3 -1    3   0   0   0  73   0   0   0   0   0   0   0   0   5   0   0   0   0  18   0  0.96 inf
   16 H   -2 -1  0 -2 -4  0  0 -3  9 -4 -3 -1 -2 -2 -3 -1 -2 -3  2 -4    0   0   0   0   0   0   0   0 100   0   0   0   0   0   0   0   0   0   0   0  1.11 inf
   17 Y   -2 -2 -3 -4 -3 -2 -2 -4  2 -2 -1 -2 -1  3 -3 -2 -2  2  8 -2    0   0   0   0   0   0   0   0   0   0   0   0   0   0   0   0   0   0 100   0  1.06 inf
   18 G    0 -3 -1 -1 -3 -2 -1  6 -2 -4 -4 -2 -3 -4 -2  0 -2 -3 -3 -4    0   0   0   0   0   0   3  97   0   0   0   0   0   0   0   0   0   0   0   0  1.07 inf
   19 A    2 -2 -3 -3 -1 -2 -2 -2 -3  2  0 -2  0 -2 -2 -1  0 -3 -2  4   35   0   0   0   0   0   0   0   0   0   0   0   0   0   0   0   0   0   0  65  0.26 inf
   20 L   -2 -3 -4 -4 -2 -2 -3 -4 -3  1  3 -3  1  0 -3 -3 -1  7  0  1    0   0   0   0   0   0   0   0   0   3  60   0   0   0   0   0   0  24   0  13  0.58 inf
   21 T    0 -1  0 -1 -1 -1 -1 -2 -2 -1 -2 -1 -1 -3 -1  3  5 -3 -2 -1    0   0   0   0   0   0   0   0   0   0   0   0   0   0   0  24  76   0   0   0  0.48 inf
   22 C   -1 -4 -3 -4 10 -3 -4 -3 -4 -2 -2 -4 -2 -3 -3 -1 -1 -3 -3 -1    0   0   0   0 100   0   0   0   0   0   0   0   0   0   0   0   0   0   0   0  1.48 inf
   23 G    0 -2 -1  0 -3  0  2  5 -2 -4 -4 -1 -3 -4 -2  0 -2 -3 -3 -3    0   0   0   0   0   0  29  71   0   0   0   0   0   0   0   0   0   0   0   0  0.73 inf
   24 S    1 -1  0 -1 -2 -1 -1  3 -1 -3 -3 -1 -2 -3 -1  4  1 -3 -2 -2    0   0   0   0   0   0   0  29   0   0   0   0   0   0   0  71   0   0   0   0  0.48 inf
   25 C   -1 -4 -3 -4 10 -3 -4 -3 -4 -2 -2 -4 -2 -3 -3 -1 -1 -3 -3 -1    0   0   0   0 100   0   0   0   0   0   0   0   0   0   0   0   0   0   0   0  1.48 inf
   26 K   -1  2  0 -1 -4  1  1 -2 -1 -3 -3  5 -2 -4 -1  0 -1 -3 -2 -3    0   0   0   0   0   0   0   0   0   0   0 100   0   0   0   0   0   0   0   0  0.63 inf
   27 V    2 -2 -3 -3 -1 -2 -2 -2 -3  2  0 -2  0 -1 -2 -1  0 -3 -2  4   29   0   0   0   0   0   0   0   0   0   0   0   0   0   0   0   0   0   0  71  0.28 inf
   28 F   -2 -3 -3 -4 -3 -4 -4 -3 -2  0  0 -3  0  7 -4 -2 -2  1  3 -1    0   0   0   0   0   0   0   0   0   0   0   0   0  97   0   3   0   0   0   0  0.84 inf
   29 F   -3 -3 -3 -4 -3 -4 -4 -4 -1  0  0 -4  0  7 -4 -3 -3  1  3 -1    0   0   0   0   0   0   0   0   0   0   0   0   0  97   0   0   0   0   3   0  0.88 inf
   30 K   -1  2  0 -1 -4  1  1 -2 -1 -3 -3  5 -2 -4 -1  0 -1 -3 -2 -3    0   0   0   0   0   0   0   0   0   0   0 100   0   0   0   0   0   0   0   0  0.63 inf
   31 R   -2  6 -1 -2 -4  1  0 -3  0 -4 -3  2 -2 -3 -3 -1 -1 -3 -2 -3    0 100   0   0   0   0   0   0   0   0   0   0   0   0   0   0   0   0   0   0  0.88 inf
   32 A    4 -2 -1 -2 -1 -1 -1  0 -2 -2 -2 -1 -1 -3 -1  2  0 -3 -2 -1   76   0   0   0   0   0   0   0   0   0   0   0   0   0   0  24   0   0   0   0  0.41 inf
   33 A    2 -2 -3 -3 -1 -2 -2 -2 -3  3  0 -2  1 -1 -2  0  0 -3 -2  3   32   0   0   0   0   0   0   0   0  27   0   0   5   0   0   3   0   0   0  33  0.20 inf
   34 E    0  0  0  1 -4  4  5 -2  0 -3 -3  1 -2 -4 -1  0 -1 -3 -2 -3    6   0   0   0   0  24  71   0   0   0   0   0   0   0   0   0   0   0   0   0  0.64 inf
   35 G    0 -3 -1 -2 -3 -2 -3  6 -2 -4 -4 -2 -3 -4 -3 -1 -2 -3 -4 -4    0   0   0   0   0   0   0 100   0   0   0   0   0   0   0   0   0   0   0   0  1.13 inf
   36 K   -1  1  1 -1 -3  4  1 -2  5 -3 -3  3 -1 -3  1 -1 -1 -3  0 -3    0   0   3   0   0  33   0   0  30   0   0  28   0   0   5   0   0   0   0   0  0.45 inf
   37 Q   -1  0  2 -1 -3  4  0 -2  6 -1 -2  0 -1 -2 -2 -1 -1 -3  0 -1    0   0  17   0   0  35   0   0  38   5   0   0   0   0   0   0   0   0   0   5  0.42 inf
   38 K   -1  0  4  3 -3  0  0 -1  0 -3 -4  2 -2 -4 -2  1  0 -4 -3 -3    0   0  44  24   0   0   0   0   0   0   0  26   0   0   0   6   0   0   0   0  0.48 inf
   39 Y   -2 -2 -2 -3 -3 -2 -2 -4  3 -2 -1 -2 -1  3 -3 -2 -2  2  8 -2    0   0   0   0   0   0   0   0   6   0   0   0   0   3   0   0   0   0  91   0  0.96 inf
   40 L   -2 -2 -4 -4 -2 -2 -3 -4 -3  2  4 -3  3  0 -3 -3 -1 -2 -1  1    0   0   0   0   0   0   0   0   0   4  76   0  14   0   0   0   0   0   0   5  0.43 inf
   41 C   -1 -4 -3 -4 10 -3 -4 -3 -4 -2 -2 -4 -2 -3 -3 -1 -1 -3 -3 -1    0   0   0   0 100   0   0   0   0   0   0   0   0   0   0   0   0   0   0   0  1.48 inf
   42 A    4 -1 -2 -2 -1 -1 -1  0 -2 -2 -2  0 -2 -3  4  1  0 -3 -2 -1   71   0   0   0   0   0   0   0   0   0   0   5   0   0  24   0   0   0   0   0  0.52 inf
   43 S    2 -2  0 -1 -2 -1 -1  4 -1 -3 -3 -1 -2 -2 -2  2  0 -2  0 -2   24   0   0   0   0   0   0  39   0   0   0   0   0   0   0  32   0   0   5   0  0.40 inf
   44 R   -1  5 -1 -1 -3  1  0 -2 -1 -3 -2  2 -1 -3 -2  0  2 -3 -2 -2    0  68   0   0   0   0   5   0   0   0   0   3   0   0   0   0  24   0   0   0  0.53 inf
   45 N   -2 -1  7  1 -3  0 -1  0  0 -4 -4  0 -3 -4 -2  0  0 -4 -3 -3    0   0  95   0   0   0   0   5   0   0   0   0   0   0   0   0   0   0   0   0  0.81 inf
   46 D   -2 -1  1  6 -4  2  2 -2 -1 -3 -4  0 -3 -4 -2  0  0 -4 -3 -3    0   0   0  71   0  14   5   0   0   0   0   5   0   0   0   0   5   0   0   0  0.69 inf
   47 C   -1 -4 -3 -4 10 -3 -4 -3 -4 -2 -2 -4 -2 -3 -3 -1 -1 -3 -3 -1    0   0   0   0 100   0   0   0   0   0   0   0   0   0   0   0   0   0   0   0  1.48 inf
   48 T   -1 -2 -1 -2 -1 -2 -2 -3 -3  3  0 -2  0 -1 -2  0  4 -3 -2  1    0   0   0   0   0   0   0   0   0  44   0   0   0   0   0   0  56   0   0   0  0.30 inf
   49 I   -1 -3 -3 -4 -1 -3 -3 -2 -4  4  1 -3  2  0 -3 -2 -1 -3 -2  3    0   0   0   0   0   0   0   3   0  79   0   0   5   0   0   0   0   0   0  13  0.38 inf
   50 D   -2 -2  1  7 -4 -1  1 -2 -1 -4 -4 -1 -4 -4 -2 -1 -1 -5 -4 -4    0   0   0 100   0   0   0   0   0   0   0   0   0   0   0   0   0   0   0   0  1.05 inf
   51 K   -1  3  0 -1 -4  1  1 -2 -1 -3 -3  5 -2 -4 -1  0 -1 -3 -2 -3    0   5   0   0   0   0   0   0   0   0   0  95   0   0   0   0   0   0   0   0  0.61 inf
   52 F   -2 -2  1 -2 -2 -2 -2 -3  2  3  1 -2  1  2 -3 -2 -1 -2  0  1    0   0  14   0   0   0   0   0  10  41  14   0   3  15   0   0   0   0   0   3  0.16 inf
   53 R   -2  6 -1 -2 -4  1  0 -3  0 -4 -3  2 -2 -3 -3 -1 -1 -3 -2 -3    0 100   0   0   0   0   0   0   0   0   0   0   0   0   0   0   0   0   0   0  0.88 inf
   54 R   -2  6 -1 -2 -4  1  0 -3  0 -4 -3  2 -2 -3 -3 -1 -1 -3 -2 -3    0 100   0   0   0   0   0   0   0   0   0   0   0   0   0   0   0   0   0   0  0.88 inf
   55 K   -1  2  0 -1 -4  1  1 -2 -1 -3 -3  5 -2 -4 -1  0 -1 -3 -2 -3    0   0   0   0   0   0   0   0   0   0   0 100   0   0   0   0   0   0   0   0  0.63 inf
   56 N   -1 -1  6  1 -3  0  0 -1  0 -3 -4  0 -2 -3 -2  2  0 -4 -2 -3    0   0  76   0   0   0   0   0   0   0   0   0   0   0   0  24   0   0   0   0  0.64 inf
   57 C   -1 -4 -3 -4 10 -3 -4 -3 -4 -2 -2 -4 -2 -3 -3 -1 -1 -3 -3 -1    0   0   0   0 100   0   0   0   0   0   0   0   0   0   0   0   0   0   0   0  1.48 inf
   58 P    0 -1 -2 -1 -3  2  0 -2 -2 -3 -3  0 -2 -4  7 -1 -1 -4 -3 -3    6   0   0   0   0  24   0   0   0   0   0   0   0   0  71   0   0   0   0   0  1.36 inf
   59 S    4 -1 -1 -1 -1 -1 -1  0 -2 -2 -2 -1 -1 -3 -1  3  0 -3 -2 -1   65   0   0   0   0   0   0   0   0   0   0   0   0   0   0  35   0   0   0   0  0.39 inf
   60 C   -1 -4 -3 -4 10 -3 -4 -3 -4 -2 -2 -4 -2 -3 -3 -1 -1 -3 -3 -1    0   0   0   0 100   0   0   0   0   0   0   0   0   0   0   0   0   0   0   0  1.48 inf
   61 R   -2  6 -1 -2 -4  1  0 -3  0 -4 -3  2 -2 -3 -3 -1 -1 -3 -2 -3    0 100   0   0   0   0   0   0   0   0   0   0   0   0   0   0   0   0   0   0  0.88 inf
   62 L   -2 -3 -4 -4 -2 -2 -3 -4 -2  1  4 -3  2  2 -3 -3 -1 -1  1  1    0   0   0   0   0   0   0   0   0   0  83   0   0   7   0   0   0   0   7   3  0.42 inf
   63 R   -2  6 -1 -2 -4  2  0 -3  0 -3 -3  3 -2 -3 -2 -1 -1 -3 -2 -3    0  84   0   0   0   5   0   0   0   0   0  11   0   0   0   0   0   0   0   0  0.75 inf
   64 K   -1  3  0 -1 -4  1  1 -2 -1 -3 -3  5 -2 -4 -1  0 -1 -3 -2 -3    0   8   0   0   0   0   0   0   0   0   0  92   0   0   0   0   0   0   0   0  0.60 inf
   65 C   -1 -4 -3 -4 10 -3 -4 -3 -4 -2 -2 -4 -2 -3 -3 -1 -1  2 -3 -1    0   0   0   0  97   0   0   0   0   0   0   0   0   0   0   0   0   3   0   0  1.41 inf
   66 Y   -2 -3 -3 -4  3 -2 -3 -4  0  0  2 -3  0  3 -3 -2 -2  1  5  0    0   0   0   0  11   0   0   0   0   2  27   0   0  17   0   0   0   0  42   0  0.44 inf
   67 E   -1  0  0  0 -3  4  4 -2  1 -3 -2  1  1 -3 -2  0 -1 -3 -2 -2    3   0   3   0   0  35  44   0   3   0   0   3   8   0   0   0   0   0   0   0  0.46 inf
   68 A    4 -2 -2 -2 -1 -1 -1 -1 -2  0 -1 -1 -1 -2 -1  1  0 -3 -2  2   68   0   0   0   0   0   0   0   0   0   0   0   0   0   0   6   0   0   0  27  0.28 inf
   69 G    0 -3 -1 -2 -3 -2 -3  6 -2 -4 -4 -2 -3 -4 -3 -1 -2 -3 -4 -4    0   0   0   0   0   0   0 100   0   0   0   0   0   0   0   0   0   0   0   0  1.13 inf
   70 M   -1 -2 -3 -4 -2 -1 -3 -3 -2  1  2 -2  7  0 -3 -2 -1 -2 -1  1    0   0   0   0   0   0   0   0   0   3   0   0  97   0   0   0   0   0   0   0  0.54 inf
   71 T   -1 -1  3 -1 -2 -1 -1 -2 -1  0 -1 -1  2 -2 -2  1  3 -3 -2  1    0   0  29   0   0   0   0   0   0   0   0   0  15   0   0   6  33   0   0  17  0.21 inf
   72 L   -2 -1 -3 -3 -2 -1 -2 -3 -2  1  4  2  1  0 -3 -2 -1 -2 -1  0    0   0   0   0   0   0   0   0   0   0  75  25   0   0   0   0   0   0   0   0  0.29 inf
   73 G    0 -2 -1  0  1 -1  1  5 -2 -4 -4  0 -3 -4 -2  0 -2 -3 -3 -3    0   0   0   3   5   0  13  74   0   0   0   6   0   0   0   0   0   0   0   0  0.70 inf
   74 A    3 -2 -1 -2 -1 -1 -1  4 -2 -2 -3 -1 -2 -3 -2  1 -1 -3 -3 -1   54   0   0   0   0   0   0  40   0   0   0   0   0   0   0   6   0   0   0   0  0.48 inf

                      K         Lambda
Standard Ungapped    0.1371     0.3254
Standard Gapped      0.0451     0.2670
PSI Ungapped         0.1476     0.3181
PSI Gapped           0.0451     0.2670
