
Last position-specific scoring matrix computed, weighted observed percentages rounded down, information per position, and relative weight of gapless real matches to pseudocounts
           A  R  N  D  C  Q  E  G  H  I  L  K  M  F  P  S  T  W  Y  V   A   R   N   D   C   Q   E   G   H   I   L   K   M   F   P   S   T   W   Y   V
    1 M   -1 -3 -3 -4 -2 -2 -3 -3 -2  1  2 -3  3  4 -3 -2 -1 -1  1  2    0   0   0   0   0   0   0   0   0   0  14   0  23  37   0   0   0   0   0  26  0.31 inf
    2 K   -1  2 -1 -1 -3  1  0 -2 -1 -3 -2  2 -2 -3  6  0 -1 -3 -2 -2    0  13   0   0   0   5   0   0   0   0   5  26   0   0  44   7   0   0   0   0  0.75 inf
    3 P   -1 -2 -1  1 -3 -1  1 -2 -2 -3 -3 -1 -3 -4  7  1 -1 -4 -3 -3    2   0   0   6   0   0  15   0   0   0   0   0   0   0  65  11   2   0   0   0  1.25 inf
    4 A    0  2  0 -1 -3  3  2 -2  1 -2 -2  1 -1 -3  0  0  1 -3 -2 -2   10  11   2   0   0  31  11   0   5   2   0   8   2   0   2   4  11   0   0   0  0.28 inf
    5 R   -1  4 -1 -1 -4  2  2 -2  1 -3 -3  4 -2 -3 -2 -1 -1 -3 -2 -3    0  42   0   0   0   5  11   0   4   0   0  38   0   0   0   0   0   0   0   0  0.56 inf
    6 P   -1 -2 -3 -3 -2 -2 -3 -3 -2  2  2 -2  1  2  1 -1  1 -1  1  1    2   0   0   0   0   0   0   0   0  10  35   0   3  10   6   0  14   0   6  13  0.20 inf
    7 C   -1 -4 -4 -4 10 -4 -5 -3 -4 -2 -2 -4 -2 -3 -4 -2 -2 -3 -3 -2    0   0   0   0 100   0   0   0   0   0   0   0   0   0   0   0   0   0   0   0  1.83 inf
    8 L    0 -2 -3 -3 -2 -1 -2 -3 -3  1  3 -2  2 -1  2 -1 -1 -2 -2  0   12   0   0   0   0   4   0   0   0   0  58   0   8   0  11   3   0   0   0   4  0.27 inf
    9 V   -1 -3 -3 -4 -1 -3 -3 -4 -4  4  1 -3  1 -1 -3 -2 -1 -3 -2  4    0   0   0   0   0   0   0   0   0  32   0   0   0   0   0   3   0   0   0  66  0.44 inf
   10 C   -1 -4 -4 -4 10 -4 -5 -3 -4 -2 -2 -4 -2 -3 -4 -2 -2 -3 -3 -1    0   0   0   0 100   0   0   0   0   0   0   0   0   0   0   0   0   0   0   0  1.79 inf
   11 S    1 -1  1 -1 -1 -1 -1  5 -2 -4 -4 -1 -3 -3 -2  2  0 -3 -3 -3    4   1   4   0   1   0   2  54   0   0   0   0   0   0   0  33   0   0   0   0  0.58 inf
   12 D   -2 -2  1  7 -4 -1  1 -2 -2 -4 -4 -1 -4 -4 -2 -1 -2 -5 -4 -4    0   0   0  98   0   0   2   0   0   0   0   0   0   0   0   0   0   0   0   0  1.18 inf
   13 E   -1  0  0  1 -3  1  4 -2  0 -2 -2  1 -2  1 -2 -1 -1 -2  2 -1    0   0   5   5   0   0  51   0   0   0   0  11   0   7   0   0   2   0  13   5  0.35 inf
   14 A    5 -2 -2 -2 -1 -1 -1  0 -2 -1 -2 -1 -1 -3 -1  1  0 -3 -2  1   85   0   0   0   0   0   0   0   0   0   0   0   0   0   0   3   0   0   0  11  0.45 inf
   15 S    1 -1  0 -1 -1 -1 -1 -1 -1 -3 -3 -1 -2 -3 -1  5  1 -3 -2 -2    0   0   0   0   0   0   0   0   0   0   0   0   0   0   0 100   0   0   0   0  0.65 inf
   16 G    0 -3 -1 -2 -3 -2 -3  6 -3 -4 -4 -2 -3 -4 -3 -1 -2 -3 -4 -4    0   0   0   0   0   0   0 100   0   0   0   0   0   0   0   0   0   0   0   0  1.24 inf
   17 C   -1 -3 -3 -4  8 -3 -4 -3 -1 -2 -2 -3 -2  2 -4 -2 -2  0  5 -1    0   0   0   0  57   0   0   0   0   0   0   0   0   6   0   0   0   0  37   0  0.97 inf
   18 H   -2 -1  0 -2 -4  0 -1 -3  9 -4 -4 -1 -2 -2 -3 -2 -2 -3  1 -4    0   0   0   0   0   0   0   0 100   0   0   0   0   0   0   0   0   0   0   0  1.36 inf
   19 Y   -2 -2 -3 -4 -3 -2 -3 -4  1 -2 -2 -3 -2  3 -4 -2 -2  2  8 -2    0   0   0   0   0   0   0   0   0   0   0   0   0   0   0   0   0   0 100   0  1.26 inf
   20 G    0 -3 -1 -2 -3 -2 -2  6 -3 -4 -4 -2 -3 -4 -3 -1 -2 -3 -4 -4    0   0   0   0   0   0   2  98   0   0   0   0   0   0   0   0   0   0   0   0  1.20 inf
   21 V    2 -3 -3 -3 -1 -2 -2 -2 -3  2  1 -2  0 -1 -2 -1  0 -3 -2  4   26   0   0   0   0   0   0   0   0   0  11   0   0   0   0   0   0   0   0  63  0.29 inf
   22 L    0 -3 -4 -4 -2 -2 -3 -3 -3  1  3 -3  1  0 -3 -2 -1  7  0  1   11   0   0   0   0   0   0   0   0   2  57   0   0   0   0   0   0  21   0   9  0.51 inf
   23 T    0 -1  0 -1 -1 -1 -1 -2 -2 -2 -2 -1 -1 -3 -1  3  5 -3 -2 -1    0   0   0   0   0   0   0   0   0   0   0   0   0   0   0  29  71   0   0   0  0.54 inf
   24 C   -1 -4 -3 -4 10 -4 -5 -3 -4 -2 -2 -4 -2 -3 -4 -2 -2 -3 -3 -1    0   0   0   0 100   0   0   0   0   0   0   0   0   0   0   0   0   0   0   0  1.75 inf
   25 G   -1 -1 -1  0 -4  0  4  5 -1 -4 -4 -1 -3 -4 -2 -1 -2 -3 -3 -3    0   0   0   0   0   0  46  54   0   0   0   0   0   0   0   0   0   0   0   0  0.68 inf
   26 S    1 -2  0 -1 -1 -1 -1  3 -2 -3 -3 -1 -2 -3 -1  4  1 -3 -2 -2   11   0   0   0   0   0   0  24   0   0   0   0   0   0   0  62   0   0   0   0  0.43 inf
   27 C   -1 -4 -3 -4 10 -4 -4 -3 -4 -2 -2 -4 -2 -3 -3 -1 -1 -3 -3 -1    0   0   0   0  97   0   0   0   0   0   0   0   0   0   0   3   0   0   0   0  1.64 inf
   28 K   -1  2  0 -1 -4  1  0 -2 -1 -3 -3  6 -2 -4 -2 -1 -1 -4 -2 -3    0   0   3   0   0   0   0   0   0   0   0  97   0   0   0   0   0   0   0   0  0.71 inf
   29 V    2 -2 -2 -3 -1 -2 -2  1 -3  1  0 -2  0 -2 -2 -1  0 -3 -2  3   34   0   0   0   0   0   0  11   0   0   0   0   0   0   0   0   0   0   0  54  0.25 inf
   30 F   -3 -3 -4 -4 -3 -4 -4 -4 -2 -1  0 -4  0  7 -4 -2 -3  1  3 -1    0   0   0   0   0   0   0   0   0   0   0   0   0  98   0   2   0   0   0   0  1.03 inf
   31 F   -3 -3 -4 -4 -3 -4 -4 -4 -2 -1  0 -4  0  7 -4 -3 -3  1  3 -1    0   0   0   0   0   0   0   0   0   0   0   0   0  98   0   0   0   0   2   0  1.06 inf
   32 K   -1  2 -1 -1 -4  1  0 -2 -1 -3 -3  6 -2 -4 -2 -1 -1 -4 -2 -3    0   0   0   0   0   0   0   0   0   0   0 100   0   0   0   0   0   0   0   0  0.75 inf
   33 R   -2  7 -1 -2 -4  1 -1 -3 -1 -4 -3  2 -2 -3 -3 -1 -2 -3 -2 -3    0 100   0   0   0   0   0   0   0   0   0   0   0   0   0   0   0   0   0   0  1.02 inf
   34 A    4 -2 -1 -2 -1 -1 -1 -1 -2 -2 -2 -1 -1 -3 -1  2  2 -3 -2 -1   57   0   0   0   0   0   0   0   0   0   0   0   0   0   0  21  22   0   0   0  0.38 inf
   35 V    2 -3 -3 -3 -1 -2 -2 -2 -3  3  1 -2  1 -1 -2 -1  0 -3 -2  3   24   0   0   0   0   0   0   0   0  28   0   0   3   0   0   2   2   0   0  41  0.25 inf
   36 E    0  0 -1  0 -4  5  5 -2  0 -3 -3  1 -2 -4 -2  0 -1 -3 -2 -3    4   0   0   0   0  43  52   0   0   0   0   0   0   0   0   0   0   0   0   0  0.68 inf
   37 G    0 -3  2 -1 -3 -2 -2  6 -2 -4 -4 -2 -3 -4 -3 -1 -2 -3 -4 -4    0   0  11   0   0   0   0  89   0   0   0   0   0   0   0   0   0   0   0   0  1.05 inf
   38 Q   -1  1  3  0 -3  3  1 -2  5 -3 -3  3 -2 -3  0  0 -1 -3 -1 -3    0   0  20   0   0  28   0   0  23   0   0  25   0   0   4   0   0   0   0   0  0.44 inf
   39 H   -1  0  2 -1 -3  3  0 -2  5  0 -2  1 -1 -2 -2 -1 -1 -3  0 -1    0   0  18   0   0  24   0   0  28  12   0  11   0   0   0   0   0   0   0   4  0.28 inf
   40 N   -1  2  4  3 -3  0  2 -1  0 -4 -3  2 -2 -4 -2  0 -1 -4 -2 -3    0  11  37  18   0   0  11   0   0   0   0  20   0   0   0   3   0   0   0   0  0.45 inf
   41 Y   -2 -2 -3 -4 -3 -2 -3 -4  3 -2 -2 -2 -2  3 -4 -2 -2  2  8 -2    0   0   0   0   0   0   0   0   4   0   0   0   0   5   0   0   0   0  91   0  1.12 inf
   42 L   -1 -2 -2 -3 -1 -2 -2 -3 -3  1  3 -2  2  0 -3 -1  1 -2 -1  1    0   0   0   0   0   0   0   0   0   5  57   0  10   0   0   6  16   0   0   7  0.28 inf
   43 C   -1 -4 -3 -4 10 -4 -5 -3 -4 -2 -2 -4 -2 -3 -4 -2 -2 -3 -3 -1    0   0   0   0 100   0   0   0   0   0   0   0   0   0   0   0   0   0   0   0  1.75 inf
   44 A    3 -2 -1 -2 -2 -1 -1 -1 -2 -1 -2 -1 -2 -3  5  0 -1 -3 -3 -1   57   0   4   0   0   0   0   0   0   4   0   3   0   0  32   0   0   0   0   0  0.60 inf
   45 G    2 -2 -1 -1 -2  0  0  3 -1 -2 -2 -1 -2 -2 -2  2  0 -3 -1 -1   26   0   0   0   0   4   7  30   0   0   0   0   0   0   0  24   0   0   3   6  0.29 inf
   46 R   -1  4  2 -1 -3  0  0 -2 -1 -2 -2  1 -1 -3 -2  0  2 -3 -2 -1    0  47  16   0   0   0   3   0   0   1   0   5   2   0   0   0  21   0   0   4  0.37 inf
   47 N   -2 -1  6  1 -3  2  0  0  0 -4 -4  0 -2 -4 -2  0 -1 -4 -3 -3    0   0  86   0   0  11   0   3   0   0   0   0   0   0   0   0   0   0   0   0  0.83 inf
   48 D   -2 -1  2  6 -4  2  2 -2  1 -4 -4  0 -3 -4 -2  0 -1 -4 -3 -3    0   0   6  67   0  13   7   0   3   0   0   3   0   0   0   0   2   0   0   0  0.72 inf
   49 C   -1 -4 -3 -4 10 -4 -5 -3 -4 -2 -2 -4 -2 -3 -4 -2 -2 -3 -3 -1    0   0   0   0 100   0   0   0   0   0   0   0   0   0   0   0   0   0   0   0  1.75 inf
   50 I   -1 -2 -1 -1 -2  0  1 -1 -2  3  0 -1  0 -2 -2  0  3 -3 -2  1    0   0   0   0   0   4  11   4   0  36   0   0   0   0   0   0  45   0   0   0  0.21 inf
   51 I   -2 -4 -4 -4 -2 -3 -4 -3 -4  5  1 -3  1 -1 -3 -3 -1 -3 -2  3    0   0   0   0   0   0   0   2   0  88   0   0   0   0   0   0   0   0   0  10  0.53 inf
   52 D   -2 -2  2  6 -4 -1  1 -2 -2 -4 -4 -1 -3 -4 -2  0  0 -5 -4 -3    0   0   5  89   0   0   0   0   0   0   0   0   0   0   0   0   6   0   0   0  1.00 inf
   53 K   -1  2 -1 -1 -4  1  0 -2 -1 -3 -3  6 -2 -4 -2 -1 -1 -4 -2 -3    0   5   0   0   0   0   0   0   0   0   0  95   0   0   0   0   0   0   0   0  0.72 inf
   54 I   -1  1  1 -2 -2 -1 -2 -3  1  2  1 -1  1  1 -3 -1  1 -2 -1  1    0  11  13   0   0   0   0   0   5  31  15   0   2   8   0   0  15   0   0   1  0.09 inf
   55 R   -2  6 -1 -2 -4  2  0 -3 -1 -4 -3  2 -2 -3 -3 -1 -2 -3 -2 -3    0  89   0   0   0  11   0   0   0   0   0   0   0   0   0   0   0   0   0   0  0.89 inf
   56 R   -2  7 -1 -2 -4  1 -1 -3 -1 -4 -3  2 -2 -3 -3 -1 -2 -3 -2 -3    0 100   0   0   0   0   0   0   0   0   0   0   0   0   0   0   0   0   0   0  1.02 inf
   57 K   -1  2 -1 -1 -4  1  0 -2 -1 -3 -3  6 -2 -4 -2 -1 -1 -4 -2 -3    0   3   0   0   0   0   0   0   0   0   0  97   0   0   0   0   0   0   0   0  0.73 inf
   58 N    0  2  5  0 -3  0 -1 -1  0 -3 -3  0 -2 -3 -2  2  0 -4 -2 -3    7  15  57   0   0   0   0   0   0   0   0   0   0   0   0  22   0   0   0   0  0.50 inf
   59 C   -1 -4 -3 -4 10 -4 -5 -3 -4 -2 -2 -4 -2 -3 -4 -2 -2 -3 -3 -1    0   0   0   0 100   0   0   0   0   0   0   0   0   0   0   0   0   0   0   0  1.75 inf
   60 P    0 -1 -2 -2 -3  3  0 -2 -1 -3 -3  0 -2 -4  7 -1 -1 -4 -3 -3    4   0   0   0   0  32   0   0   0   0   0   0   0   0  64   0   0   0   0   0  1.29 inf
   61 A    4 -2 -1 -2 -1 -1 -1  0 -2 -2 -2 -1 -1  0 -1  2  0 -2  0 -1   62   0   0   0   0   0   0   0   0   0   0   0   0   7   0  27   0   0   4   0  0.34 inf
   62 C   -1 -4 -3 -4 10 -4 -5 -3 -4 -2 -2 -4 -2 -3 -4 -2 -2 -3 -3 -1    0   0   0   0 100   0   0   0   0   0   0   0   0   0   0   0   0   0   0   0  1.75 inf
   63 R   -2  7 -1 -2 -4  1 -1 -3  0 -4 -3  2 -2 -3 -3 -1 -2 -3 -2 -3    0  98   0   0   0   0   0   0   2   0   0   0   0   0   0   0   0   0   0   0  0.99 inf
   64 Y   -2 -3 -4 -4 -2 -3 -3 -4 -2  1  4 -3  1  4 -4 -3 -2 -1  2  0    0   0   0   0   0   0   0   0   0   0  64   0   0  28   0   0   0   0   6   1  0.46 inf
   65 R   -2  6 -1 -2 -4  3  0 -3 -1 -3 -3  3 -2 -3 -2 -1 -1 -3 -2 -3    0  70   0   0   0  17   0   0   0   0   0  14   0   0   0   0   0   0   0   0  0.73 inf
   66 K   -1  3 -1 -1 -4  1  0 -2 -1 -3 -3  6 -2 -4 -2 -1 -1 -4 -2 -3    0   8   0   0   0   0   0   0   0   0   0  92   0   0   0   0   0   0   0   0  0.70 inf
   67 C   -1 -4 -3 -4 10 -4 -4 -3 -4 -2 -2 -4 -2 -3 -4 -2 -2  0 -3 -1    0   0   0   0  98   0   0   0   0   0   0   0   0   0   0   0   0   2   0   0  1.70 inf
   68 L   -2 -3 -3 -4  2 -3 -3 -4 -1  1  2 -3  1  3 -3 -2 -2  0  5  0    0   0   0   0   7   0   0   0   0   6  37   0   0  17   0   0   0   0  33   0  0.42 inf
   69 Q   -1  1  1  1 -3  3  3 -2  0 -3 -2  1  1 -3 -2  0 -1 -3 -2 -2    3   3   7   5   0  28  35   0   2   0   0   3   9   0   0   4   0   0   0   0  0.39 inf
   70 A    4 -2 -2 -2 -1 -1 -2 -1 -2  0 -1 -1  0 -2 -2  1  0 -3 -2  2   59   0   0   0   0   0   0   0   0   0   0   0   2   0   0   4   2   0   0  32  0.28 inf
   71 G    0 -3 -1 -2 -3 -2 -3  6 -3 -4 -4 -2 -3 -4 -3 -1 -2 -3 -4 -4    0   0   0   0   0   0   0 100   0   0   0   0   0   0   0   0   0   0   0   0  1.24 inf
   72 M   -2 -2 -3 -4 -2 -1 -3 -3 -2  1  2 -2  8 -1 -3 -2 -1 -2 -2  0    0   0   0   0   0   0   0   0   0   2   0   0  98   0   0   0   0   0   0   0  0.78 inf
   73 N   -1  0  2 -1 -2 -1 -1 -2 -1  0  0  0  3 -2 -2  0  2 -3 -2  1    0   7  22   0   0   0   0   0   0   6   5   4  22   0   0   5  19   0   0  11  0.14 inf
   74 L   -2  1 -2 -3 -2 -1 -2 -3 -2  0  4  2  1 -1 -3 -2 -1 -2 -2  0    0   8   0   0   0   0   0   0   0   0  67  25   0   0   0   0   0   0   0   0  0.29 inf
   75 E   -1 -1 -1  1 -1  0  3  5 -2 -4 -4  0 -3 -4 -2 -1 -2 -3 -3 -3    0   0   0   6   2   0  33  55   0   0   0   5   0   0   0   0   0   0   0   0  0.60 inf
   76 A    3 -2 -1 -1 -2 -1 -1  4 -2 -2 -3 -1 -2 -3 -2  1 -1 -3 -3 -1   37   0   0   4   0   0   1  49   0   0   0   0   0   0   0   5   1   0   0   3  0.50 inf
   77 R   -1  5 -1 -2 -3  1 -1 -3  0 -1 -2  1 -1 -2 -3 -1 -1 -3 -1  1    0  69   0   0   0   4   0   0   2   0   0   1   0   1   0   2   1   0   2  18  0.51 inf
   78 K   -1  5 -1 -2 -4  1  0 -2 -1 -3 -3  4 -2 -4 -2 -1 -1 -3 -2 -3    5  40   0   0   0   0   0   0   0   0   0  55   0   0   0   0   0   0   0   0  0.63 inf
   79 T    0 -2  0  0 -2 -1 -1 -2 -1  1  3 -2  2  1 -2  0  0 -2 -1  0    6   0   5   8   0   0   3   0   1   6  43   0   8   5   0   8   7   0   0   0  0.11 inf
   80 K   -1  3 -1 -1 -4  1  1 -2 -1 -3 -3  5 -2 -4 -2 -1 -1 -3 -2 -3    0  19   0   0   0   0   7   0   0   0   0  73   0   0   0   0   0   0   0   0  0.59 inf

                      K         Lambda
Standard Ungapped    0.1393     0.3280
Standard Gapped      0.0471     0.2670
PSI Ungapped         0.1544     0.3169
PSI Gapped           0.0471     0.2670
