
Last position-specific scoring matrix computed, weighted observed percentages rounded down, information per position, and relative weight of gapless real matches to pseudocounts
           A  R  N  D  C  Q  E  G  H  I  L  K  M  F  P  S  T  W  Y  V   A   R   N   D   C   Q   E   G   H   I   L   K   M   F   P   S   T   W   Y   V
    1 M   -4 -4 -5 -6 -4 -3 -5 -6 -5 -2 -1 -4 11 -3 -6 -4 -4 -4 -4 -2    0   0   0   0   0   0   0   0   0   0   0   0 100   0   0   0   0   0   0   0  2.74 inf
    2 K    0 -1 -1  0 -3  0  4  1  1 -3 -1  1 -1 -3 -1  1  0 -4 -3 -3    8   1   1   2   0   2  35  12   4   0   8   8   1   0   1  12   3   0   0   0  0.31 inf
    3 Y   -4 -4 -5 -6 -3 -4 -5 -6  2 -3 -2 -4  6  0 -6 -4 -4  3  8 -3    0   0   0   0   0   0   0   0   4   0   3   0  21   1   0   0   0   3  67   0  1.86 inf
    4 Q   -2 -1 -2 -3 -3  0 -3 -3 -2 -4 -4  1 -3 -4 -2  2  6 -5 -4 -3    1   2   1   0   0   4   0   0   1   0   0   9   0   0   1  17  63   0   0   0  1.00 inf
    5 V   -3 -5 -6 -6 -3 -5 -5 -6 -6  4 -1 -5 -2 -3 -5 -4 -2 -5 -4  6    1   0   0   0   0   0   0   0   0  22   0   0   0   0   0   0   1   0   0  76  1.46 inf
    6 K   -2  0  2 -2 -5  2 -1  2  3 -5 -4  5 -3 -5 -3  0 -3 -5 -3 -4    1   3  10   0   0  11   0  19   7   0   0  45   0   0   0   4   0   0   0   0  0.74 inf
    7 Q   -1  0 -2  0 -5  5  5 -3 -1 -5 -5  3 -3 -5 -3 -2 -3 -5 -4 -4    3   3   0   4   0  29  43   1   0   0   0  16   0   0   0   1   0   0   0   0  1.00 inf
    8 V   -1 -4 -5 -5 -3 -4 -5 -5 -5  2  3 -4  2 -1 -5 -4 -2 -4 -3  5    3   0   0   0   0   0   0   0   0   5  30   0   4   1   0   0   1   0   0  55  0.89 inf
    9 A    5 -4 -3 -4 -3 -3 -3 -1 -4 -4 -4 -3 -3 -5 -3  4 -2 -5 -4 -2   65   0   0   0   0   0   0   4   0   0   0   0   0   0   0  29   0   0   0   2  1.09 inf
   10 E    0  2  1  2 -4  2  3  0  0 -4 -4  3 -3 -4 -3 -1 -2 -4 -3 -3    6  14   5  11   0   9  20   7   2   0   0  21   0   0   0   2   1   0   0   0  0.44 inf
   11 I   -3 -3 -5 -6 -3 -3 -5 -6 -5  2  5 -4  3  2 -5 -4 -3 -2 -2 -1    1   1   0   0   0   0   0   0   0  12  65   0   9   9   0   0   0   0   1   1  0.96 inf
   12 S    4 -3 -2 -3 -2 -3 -3 -3 -4 -3 -4 -3 -3 -3 -3  3  4 -5 -4  0   39   0   0   0   0   0   0   0   0   0   0   0   0   0   0  27  27   0   0   6  0.78 inf
   13 G   -3 -4 -1 -2 -5 -4 -4  7 -2 -7 -7 -2 -5 -6 -5 -2 -4 -5 -6 -6    0   1   3   2   0   0   0  91   1   0   0   2   0   0   0   1   0   0   0   0  1.95 inf
   14 V   -3 -5 -5 -6  0 -3 -5 -6 -6  5 -1 -5 -1 -3 -5 -4 -2 -5 -4  6    0   0   0   0   2   1   0   0   0  30   2   0   0   0   0   0   1   0   0  64  1.26 inf
   15 S   -2 -4 -2 -3 -4 -3 -3 -3 -4 -5 -5 -3 -4 -5 -4  6  5 -6 -5 -4    0   0   0   0   0   0   0   0   0   0   0   0   0   0   0  68  32   0   0   0  1.45 inf
   16 I    0 -4 -3 -4 -3 -4 -3 -4 -5  3 -1 -3 -2 -3 -1 -1  2 -5 -3  5    6   0   1   0   0   0   1   1   0  17   0   0   0   0   4   3  14   0   0  53  0.73 inf
   17 R   -5  8 -4 -5 -7 -2 -3 -6 -3 -6 -5  2 -5 -6 -5 -4 -4 -6 -5 -6    0  92   0   0   0   0   0   0   0   0   0   8   0   0   0   0   0   0   0   0  2.31 inf
   18 T    1 -4 -3 -4 -4 -4 -4 -4 -5 -4 -4 -4  1 -5 -4 -1  7 -6 -5 -3   10   0   0   0   0   0   0   0   0   0   1   0   3   0   0   1  85   0   0   0  1.72 inf
   19 L   -4 -5 -6 -7 -4 -5 -6 -7 -6 -1  7 -5 -1 -2 -6 -5 -4 -5 -4 -2    0   0   0   0   0   0   0   0   0   1  99   0   0   0   0   0   0   0   0   0  1.78 inf
   20 H   -5  5 -3 -4 -6  1 -3 -5 10 -6 -6 -2 -5 -5 -5 -4 -5 -5  0 -6    0  28   0   0   0   7   0   0  63   0   0   0   0   0   0   0   0   0   2   0  2.15 inf
   21 H   -5 -4 -4 -5 -6 -3 -4 -6  9 -5 -4 -4 -4  1 -6 -4 -5  3  7 -4    0   0   0   0   0   0   0   0  47   0   1   0   0   5   0   0   0   3  44   0  2.18 inf
   22 Y   -5 -5 -6 -7 -6 -5 -6 -7 -2 -5 -5 -6 -5  0 -7 -5 -5  1 10 -5    0   0   0   0   0   0   0   0   0   0   0   0   0   0   0   0   0   1  99   0  3.15 inf
   23 D   -5 -5 -2  8 -7 -2 -1 -4  2 -6 -7 -4 -6 -7 -5 -3 -4 -7 -6 -6    0   0   0  93   0   1   1   1   5   0   0   0   0   0   0   0   0   0   0   0  2.32 inf
   24 N   -1  1 -1  0 -5  2  6 -3 -1 -5 -5  3 -4 -5 -3 -2 -2 -5 -4 -5    5   6   2   2   0  10  54   1   1   0   0  16   0   0   0   1   1   0   0   0  0.96 inf
   25 I   -3 -3 -6 -6 -4 -5 -5 -7 -6  8  0 -5  0 -2 -6 -5 -2 -5 -4  0    1   1   0   0   0   0   0   0   0  87   4   0   2   0   0   0   2   0   0   1  1.72 inf
   26 E   -2 -5  0  0 -5 -3 -3  7 -2 -7 -6 -4 -5 -6 -5 -2 -4 -5 -6 -6    1   0   4   6   0   1   1  85   1   0   0   0   0   0   0   1   0   0   0   0  1.78 inf
   27 L   -4 -5 -6 -6 -4 -5 -6 -7 -6  1  6 -5 -1 -2 -6 -5 -4 -4 -4 -1    0   0   0   0   0   0   0   0   0   6  92   0   0   0   0   0   0   0   0   2  1.59 inf
   28 L   -4 -5 -6 -6 -4 -5 -6 -6 -6 -1  6 -5  0  0 -6 -5 -4 -4 -4  1    0   0   0   0   0   0   0   0   0   0  91   0   1   3   0   0   0   0   0   6  1.52 inf
   29 N   -2  2 -1 -3 -1  0 -1 -4 -1 -2 -3  5 -1 -4  0  1  0 -5 -3  0    1  10   1   0   1   1   2   0   1   2   1  49   2   0   4   9   5   0   0   9  0.59 inf
   30 P   -3 -5 -5 -5 -6 -5 -4 -5 -6 -6 -6 -4 -6 -7  9 -4 -4 -7 -6 -6    1   0   0   0   0   0   0   0   0   0   0   0   0   0  98   0   0   0   0   0  3.09 inf
   31 S    3 -1 -1  0  1  0  0  0 -1 -3 -2 -1 -3 -3 -3  3  2 -4 -3 -2   28   3   1   4   3   3   5   5   1   0   2   2   0   0   0  30  11   0   0   1  0.38 inf
   32 A    0  4 -1  0 -2  1  2  1 -1 -2 -2  2 -2 -1 -3 -1 -1 -4 -1 -2    7  26   1   3   1   4  17  10   1   2   2  12   1   3   0   3   3   0   3   2  0.30 inf
   33 L   -2  4 -2 -3 -2 -2 -3 -4 -1  3  0  0 -1 -2 -4 -3  0 -3  1  3    1  25   2   1   0   1   0   0   1  25   4   4   1   1   0   0   5   0   4  25  0.43 inf
   34 T    0 -3  4 -1 -3 -2 -2  0 -3 -4 -4 -2 -3 -5 -3  3  5 -5 -3 -3    7   0  20   2   0   0   1   7   0   0   0   1   0   0   1  21  40   0   0   0  0.73 inf
   35 D    1 -1 -1  2 -4  0  4 -2  1 -4 -4 -1 -3 -4  1  2 -1 -1 -3 -3   11   1   2  12   0   1  37   2   3   0   1   2   0   0   7  18   1   1   1   1  0.53 inf
   36 A    4 -3  4 -3 -3 -2 -3 -2 -3 -4 -4 -1 -3 -5 -3  4  0 -5 -4 -2   43   0  19   0   0   1   0   1   0   0   0   2   0   0   0  29   3   0   0   2  0.81 inf
   37 G   -3 -2 -1 -4 -5 -3 -5  7 -5 -7 -6 -1 -5 -6 -5 -3 -4 -5 -6 -6    0   2   2   0   0   1   0  89   0   0   0   4   0   0   0   1   0   0   0   0  1.91 inf
   38 Y   -5 -5 -5 -6 -1 -5 -5 -7  4 -5 -5 -5 -2  0 -6 -5 -5 -1 10 -5    0   0   0   0   1   0   0   0   7   0   0   0   1   0   0   0   0   0  91   0  2.80 inf
   39 R   -5  8 -4 -5 -7 -2 -3 -6 -1 -7 -6 -1 -5 -6 -6 -4 -4 -6 -5 -6    0  99   0   0   0   0   0   0   1   0   0   0   0   0   0   0   0   0   0   0  2.53 inf
   40 L   -3  1 -4 -4 -2 -2 -3 -5 -2  3  3 -3  1  1 -4 -3 -2 -2  3  0    1  11   0   0   1   1   2   0   0  19  40   0   2   4   0   1   1   0  14   3  0.49 inf
   41 Y   -5 -5 -6 -7 -6 -5 -6 -7 -2 -5 -5 -6 -5  0 -7 -5 -5 -1 10 -5    0   0   0   0   0   0   0   0   0   0   0   0   0   0   0   0   0   0 100   0  3.20 inf
   42 S   -1 -3  0  4 -3 -2  0  4 -2 -5 -5 -2 -4 -5 -3  3  1 -5 -4 -4    1   0   2  26   0   0   5  32   1   0   0   1   0   0   0  22   8   0   0   0  0.72 inf
   43 D   -2 -1  0  5 -5  3  4 -2 -1 -4 -5  0 -2 -5 -1 -1 -1 -5 -4 -4    3   3   3  36   0  13  27   2   1   0   0   5   1   0   3   1   2   0   0   0  0.76 inf
   44 A    3  0  1  1 -3  1  3 -1 -1 -4 -4  2 -2 -4 -2  0  0 -3 -3 -3   27   3   5   7   0   4  21   3   1   0   0  17   0   0   1   3   5   0   0   1  0.37 inf
   45 D    1 -3  1  5 -5  1  4 -3 -2 -5 -5 -2 -4 -5 -3  0 -2 -5 -4 -4   15   0   7  35   0   6  32   0   0   0   0   0   0   0   0   4   0   0   0   1  0.87 inf
   46 L   -3 -4 -6 -6 -2 -4 -5 -6 -5  1  5 -5  0 -2 -5 -4 -3 -4 -3  3    0   0   0   0   0   0   0   0   0   6  65   0   1   1   0   0   0   0   0  26  1.06 inf
   47 E   -1 -2  1  5 -1  0  4 -3 -2 -3 -1  0 -2 -4 -3 -1 -2 -5 -4 -2    5   1   5  32   2   3  32   0   0   1   8   5   0   0   0   2   1   0   0   2  0.61 inf
   48 R   -3  7 -3 -4 -3  0 -2 -5 -2 -2  0  2  1 -4 -4 -3  1 -5 -4 -3    1  61   0   0   0   3   0   0   0   2   9  10   3   0   0   0   9   0   0   1  1.04 inf
   49 L   -4 -5 -6 -7 -4 -5 -6 -7 -6 -1  6 -5  0 -2 -6 -5 -4 -5 -4 -2    0   0   0   0   0   0   0   0   0   1  98   0   1   0   0   0   0   0   0   0  1.76 inf
   50 Q   -4  0 -3 -4 -6  9 -1 -5  2 -6 -5 -2 -4 -6 -5 -3 -4 -5 -2 -6    0   3   0   0   0  90   0   0   5   0   0   0   0   0   0   0   0   0   1   0  2.28 inf
   51 Q   -4  1 -2 -1 -4  8  1 -5  2 -4 -4 -1 -2 -6 -4 -2 -3 -5 -3 -4    0   6   1   3   0  73   8   0   5   1   1   0   1   0   0   1   1   0   1   1  1.58 inf
   52 I   -4 -6 -6 -6 -4 -6 -6 -7 -6  8 -1 -6 -2 -3 -6 -5 -4 -6 -4  2    0   0   0   0   0   0   0   0   0  88   1   0   0   0   0   0   0   0   0  11  1.92 inf
   53 L   -4 -2 -6 -6 -4 -5 -6 -7 -6 -1  6 -5  2 -2 -6 -5 -4 -4 -4 -2    0   2   0   0   0   0   0   0   0   1  93   0   3   0   0   0   0   0   0   0  1.59 inf
   54 F   -4 -5 -6 -6 -3 -6 -6 -5 -4 -1  2 -6 -1  8 -5 -5 -1 -2  1 -2    0   0   0   0   0   0   0   1   0   1  15   0   1  73   0   0   4   0   3   1  1.70 inf
   55 F   -5 -5 -5 -6 -6 -5 -6 -6  0 -4 -2 -5 -2  7 -6 -5 -5 -1  8 -4    0   0   0   0   0   0   0   0   2   0   2   0   0  40   0   0   0   0  56   0  2.14 inf
   56 K   -4  7 -3 -4 -6 -1 -2 -5 -3 -6 -5  4 -4 -6 -5 -4 -4 -6 -5 -5    0  75   0   0   0   1   1   0   0   0   0  23   0   0   0   0   0   0   0   0  1.89 inf
   57 E   -2 -2 -3 -1 -6  0  7 -5 -3 -6 -6 -2 -5 -6 -4 -1 -3 -6 -1 -5    3   1   0   1   0   1  87   0   0   0   0   0   0   0   0   3   1   0   2   0  1.76 inf
   58 I   -3 -2 -6 -6  0 -4 -5 -6 -3  0  6 -5  2  0 -5 -5 -4 -4 -3 -1    1   2   0   0   2   0   0   0   1   2  84   0   3   2   0   0   0   0   0   3  1.26 inf
   59 G   -2 -3  0  5 -5 -1  2  5 -4 -6 -6 -2 -5 -6 -4 -2 -3 -5 -5 -5    1   1   3  30   0   2  13  49   0   0   0   1   0   0   0   0   0   0   0   0  1.12 inf
   60 F   -4 -5 -6 -6 -4 -5 -6 -6 -4  1  1 -5  3  8 -6 -5 -3 -2  0  1    0   0   0   0   0   0   0   0   0   8  10   0   7  64   0   0   1   0   0  10  1.45 inf
   61 R   -1 -1 -1 -2 -3 -2 -1  0 -2 -5 -5  0 -4 -5  6  3 -1 -6 -5 -4    4   2   2   2   0   1   3   6   1   0   0   6   0   0  47  23   3   0   0   0  1.08 inf
   62 L   -4 -5 -6 -7 -4 -5 -6 -7 -6  0  7 -5 -1 -2 -6 -5 -4 -5 -4 -2    0   0   0   0   0   0   0   0   0   1  99   0   0   0   0   0   0   0   0   0  1.78 inf
   63 D   -1  0  0  3 -5  0  4 -3 -2 -4 -4  4 -3 -5 -3 -1 -2 -5 -4 -4    4   3   4  18   0   2  25   1   0   0   0  37   0   0   0   3   1   0   0   0  0.72 inf
   64 E   -2  0 -1  3 -4  2  5 -3 -2 -5 -5  1 -4 -5 -3 -1  0 -5 -4 -2    2   4   2  19   0   9  43   1   0   0   0  10   0   0   0   2   7   0   0   2  0.75 inf
   65 I   -4 -6 -6 -6 -4 -6 -6 -7 -6  8 -1 -6 -2 -3 -6 -5 -4 -6 -4  2    0   0   0   0   0   0   0   0   0  90   0   0   0   0   0   0   0   0   0  10  1.98 inf
   66 K    2  2 -2 -3 -4  2 -2 -1 -2 -3 -4  6 -2 -5 -3 -1 -3 -5 -4 -3   21   9   1   1   0   8   0   3   0   2   1  52   0   0   0   2   0   0   0   0  0.81 inf
   67 E    1  1  0  0 -3  2  3 -2 -2 -2 -3  2 -3 -4 -3  0  1 -4 -3 -1   15   6   4   4   0   8  28   1   0   1   1  13   0   0   0   5   8   0   0   5  0.34 inf
   68 M   -2 -5 -5 -6 -2 -5 -5 -6 -5  6  3 -5  2 -1 -5 -4 -3 -4 -3  1    3   0   0   0   1   0   0   0   0  56  28   0   4   1   0   0   0   0   0   6  1.05 inf
   69 L   -3 -4 -5 -6 -3 -4 -4 -6 -5  3  5 -4  5 -1 -3 -4 -3 -4 -3  1    0   0   0   0   0   0   0   0   0  16  57   0  15   1   1   0   0   0   0  10  0.99 inf
   70 D   -1 -2  2  5 -4  0  1 -1  0 -4 -3 -1 -2 -4 -3  1  0 -5 -2 -4    5   1  11  39   0   4   9   4   3   0   2   3   1   0   0  10   7   0   1   0  0.57 inf
   71 H    0 -1  3  5 -2  2  0 -1  0 -4 -5 -1 -4 -4 -4  3 -1 -5 -4 -4    7   2  15  31   1   8   3   3   3   0   0   1   0   0   0  23   2   0   0   0  0.65 inf
   72 P   -3 -4 -3 -1 -6 -3  0 -5 -5 -6 -6 -2 -5 -6  8 -1 -3 -6 -6 -5    1   1   1   4   0   1   7   0   0   0   0   3   0   0  75   5   1   0   0   0  2.08 inf
   73 N    0 -1  2  4 -2  0  1  0  1 -4 -4 -1 -3 -4  0  2  0 -4 -1 -3    8   2  11  23   1   4   7   8   4   0   1   1   0   0   4  18   4   0   2   0  0.36 inf
   74 F    1 -4 -4 -4 -4 -2 -3 -3 -3 -2 -1 -4 -3  7 -5 -3 -1 -2  4 -2   13   0   0   1   0   2   1   1   0   1   4   0   0  55   0   1   5   0  13   2  1.17 inf
   75 D   -4 -4  3  7 -6 -2 -1 -3 -2 -6 -7 -3 -6 -7 -5 -1 -4 -7 -6 -5    1   0  14  75   0   1   2   1   1   0   0   1   0   0   0   3   0   0   0   1  1.82 inf
   76 R    1  4 -2 -2 -2  1  0 -2  0 -2 -1  2 -3 -4  2 -1 -1 -4 -3 -1   12  32   1   1   1   5   4   2   2   3   5  16   0   0  10   2   2   0   1   3  0.42 inf
   77 K    0  1  0 -1 -1  1  0 -2 -1  1  1  1  2 -1 -3 -1  0 -2 -1  0    8   8   5   3   1   6   6   1   1   7  21   9   6   1   0   3   6   0   2   7  0.07 inf
   78 A    1  0 -1  0 -3  2  3 -2  0 -3 -2  2 -2 -4 -1  0  0 -4 -3 -2   16   3   2   5   0  11  26   1   2   0   3  15   1   0   2   5   7   0   0   2  0.35 inf
   79 A    5 -3 -4 -4  1 -2 -3 -3  6 -1 -4 -4 -3 -5 -4 -1 -1 -5 -3 -1   62   1   0   0   3   2   0   0  19   4   1   0   0   0   0   2   2   0   0   4  1.08 inf
   80 L   -5 -5 -7 -7 -5 -5 -6 -7 -6 -1  6 -6  0  1 -6 -6 -4 -5 -2 -2    0   0   0   0   0   0   0   0   0   1  92   0   1   6   0   0   0   0   1   0  1.73 inf
   81 Q   -1  4  0 -1 -2  2  3 -3 -1 -1 -2  3 -2 -4 -3 -1  0 -3 -2 -2    6  25   3   1   1   9  19   1   1   4   2  17   0   0   0   3   4   0   1   1  0.45 inf
   82 S    0  3  1  1 -3  2  2 -2 -1 -3 -1  1  0 -3 -3  0 -1 -3 -3 -2    7  17   7   6   0  11  17   2   1   0   6  10   3   0   0   8   3   0   0   1  0.29 inf
   83 Q   -5  0 -3 -4 -7  7 -2 -6  8 -7 -5 -3 -4 -6 -5 -4 -5 -6 -3 -6    0   3   0   0   0  56   0   0  40   0   1   0   0   0   0   0   0   0   0   0  2.23 inf
   84 K   -3  4 -3 -4 -5  1 -1 -4  5  1  0  3 -2 -3 -4 -2 -3 -4  1 -2    0  28   0   0   0   6   2   0  14   9  12  22   0   0   0   1   0   0   4   1  0.63 inf
   85 E    0  2 -1  1 -3  2  4 -2  0 -2 -3  2 -2 -4 -3  0 -1 -4 -2 -3    8  11   2   6   0  11  27   2   2   3   1  15   1   0   0   6   2   0   1   1  0.41 inf
   86 I   -1  0 -2 -4 -2  1 -1 -4 -1  1  4  0  3 -1 -4 -3 -3 -1 -2 -1    6   4   1   0   0   7   3   1   1   5  47   8  10   2   0   1   0   1   1   2  0.45 inf
   87 L   -5 -6 -7 -7 -5 -6 -6 -7 -6  1  6 -6  0 -2 -6 -6 -4 -5 -4 -1    0   0   0   0   0   0   0   0   0   4  92   0   1   1   0   0   0   0   0   2  1.77 inf
   88 M   -1 -1 -2 -2 -3  1  2 -4 -1  2  3  0  1 -2 -3 -1  1 -4 -2  0    3   4   2   1   0   6  17   0   1  11  31   5   3   1   0   3  10   0   1   5  0.24 inf
   89 K    2 -1 -1  1 -3  1  3 -1 -1 -2  1  1  0 -3 -3  0 -2 -4 -3 -2   21   2   1   7   0   6  24   4   1   2  16   7   2   0   0   4   1   0   0   1  0.26 inf
   90 K   -4  5 -2 -3 -6  2  2 -4 -3 -6 -5  6 -4 -6 -4 -3 -4 -6 -5 -5    0  31   1   0   0   8  11   1   0   0   0  47   0   0   0   1   0   0   0   0  1.31 inf
   91 K   -1  6 -3 -4 -4  1 -2 -4 -3  3 -2  4 -2 -4 -4 -3 -3 -3 -4 -3    4  42   0   0   0   6   2   0   0  17   3  23   1   0   0   0   0   0   0   1  0.90 inf
   92 Q    1  0  2  2 -4  2  4 -1 -1 -3 -4  2 -3 -4 -3  0 -1 -5 -3 -3   11   5   8  13   0  11  26   3   1   1   1  13   0   0   0   4   2   0   0   1  0.45 inf
   93 R   -5  7 -3 -4 -7  3 -1 -5  5 -6 -6  1 -5 -6 -5 -3 -4 -6 -4 -5    0  64   0   0   0  14   3   0  12   0   0   6   0   0   0   1   0   0   0   0  1.64 inf
   94 M   -4 -5 -5 -6 -4 -5 -6 -6 -5  3  5 -4  2 -2 -6 -5  0 -5 -2 -1    1   0   0   0   0   0   0   0   0  19  67   1   3   1   0   0   6   0   1   1  1.16 inf
   95 D   -1  0  2  5 -5  2  3 -3  1 -5 -3 -1 -4 -5 -4 -1 -1 -6 -4 -5    4   5  11  34   0   9  22   1   4   0   2   2   0   0   0   3   3   0   0   0  0.76 inf
   96 E    1  3  1 -1 -1  2  0  0  0 -2 -2  2 -1 -4 -3  0  1 -4 -3 -2   12  17   7   3   1   9   6   7   2   2   4  15   1   0   0   3  10   0   0   2  0.23 inf
   97 M   -4 -5 -6 -7 -4 -5 -6 -7 -6  2  5 -5  7 -3 -6 -5 -3 -5 -4 -1    0   0   0   0   0   0   0   0   0  10  61   0  26   0   0   0   0   0   0   3  1.45 inf
   98 I    0 -5 -6 -6 -4 -5 -5 -6 -6  6  2 -5  0 -3 -5 -4 -3 -5 -4  2    9   0   0   0   0   0   0   0   0  57  18   0   2   0   0   1   0   0   0  12  1.14 inf
   99 Q    3  1 -1  0 -1  2  2 -1 -1 -3 -3  0 -2 -4 -3  1  0 -4 -3 -2   28   6   2   6   1  12  16   2   1   0   2   6   1   0   0   8   6   0   0   2  0.32 inf
  100 T    2 -4  2 -3 -3 -2 -3 -3 -2 -2  1 -3 -2 -3 -4  1  5 -5 -4 -1   17   0  12   0   0   1   0   0   1   1  16   0   0   0   0   9  39   0   0   4  0.60 inf
  101 I   -1 -5 -6 -6 -4 -5 -5 -6 -6  5  2 -5  0 -3 -5 -4 -2 -5 -4  5    5   0   0   0   0   0   0   0   0  32  16   0   1   0   0   0   2   0   0  44  1.05 inf
  102 D   -3  0  1  5 -6  1  5 -3 -3 -6 -5  1 -5 -6 -4 -2 -2 -6 -5 -5    1   3   6  33   0   6  41   1   0   0   0   7   0   0   0   1   1   0   0   0  1.08 inf
  103 R   -2  3  1  1 -3  2  1 -4  2 -5 -3  5 -4 -4 -4 -2 -3 -5 -4 -4    2  15   6   6   1  10   7   0   5   0   2  44   0   1   0   1   0   0   0   0  0.79 inf
  104 T    1 -3 -3 -4 -4 -2 -1 -4 -4 -1 -2 -3  2 -4 -4  1  6 -5 -4 -1   13   1   0   0   0   1   5   0   0   4   3   0   5   0   0   8  57   0   0   3  0.91 inf
  105 L   -4 -5 -6 -6 -4 -5 -6 -6 -6  6  3 -5  6 -2 -6 -5 -3 -5 -4  0    0   0   0   0   0   0   0   0   0  52  26   0  19   0   0   0   1   0   0   2  1.37 inf
  106 L    2  1  0 -1 -4  2  3 -2 -1 -3 -2  2 -3 -4 -3  0 -1 -4 -3 -3   20   6   5   2   0  10  25   1   1   1   4  17   0   0   0   6   2   0   1   1  0.41 inf
  107 S    3 -2 -1 -1  0 -1 -2  3  5 -4 -3 -2 -3 -4 -3  2  0 -5 -3 -3   29   1   2   4   2   1   1  20  17   0   1   1   0   0   0  16   5   0   0   1  0.53 inf
  108 V    0 -1 -2 -2 -3 -1  1 -3  0  1  2  0  4 -2 -3 -1  0 -3  1  0    6   2   1   1   0   2  14   0   2  10  23   7  14   0   0   3   6   0   5   5  0.18 inf
  109 D   -3 -3  3  2 -6  1  7 -4 -2 -6 -5 -2 -4 -6 -4 -2 -3 -6 -5 -5    0   0  16   9   0   3  73   0   0   0   0   0   0   0   0   0   0   0   0   0  1.43 inf

                      K         Lambda
Standard Ungapped    0.1363     0.3208
Standard Gapped      0.0642     0.2670
PSI Ungapped         0.2097     0.3183
PSI Gapped           0.0642     0.2670
