
Last position-specific scoring matrix computed, weighted observed percentages rounded down, information per position, and relative weight of gapless real matches to pseudocounts
           A  R  N  D  C  Q  E  G  H  I  L  K  M  F  P  S  T  W  Y  V   A   R   N   D   C   Q   E   G   H   I   L   K   M   F   P   S   T   W   Y   V
    1 M   -4 -4 -5 -6 -4 -4 -5 -6 -5  3  1 -4 10 -3 -6 -5 -4 -4 -4 -2    0   0   0   0   0   0   0   0   0  13   6   0  81   0   0   0   0   0   0   0  2.20 inf
    2 K   -2  2  3  0 -5  1  2 -3 -1 -5 -4  5 -2 -5 -3  0 -2 -5 -4 -4    1   9  15   5   0   6  11   0   1   0   1  43   1   0   0   7   0   0   0   1  0.73 inf
    3 M   -2  0  4  2 -3  0  1 -3  0 -3 -3  2  3 -4 -2  1 -1 -5 -4 -3    2   3  26  11   0   3   8   0   2   1   2  16   9   0   2  13   2   0   0   0  0.46 inf
    4 L   -3 -5 -5 -6 -4 -3 -5 -6 -5  3  5 -5  4  1 -5 -3 -3 -4 -1  0    1   0   0   0   0   1   0   0   0  18  54   0  10   6   0   2   1   0   2   4  0.94 inf
    5 E   -1  0  2  1 -4  1  3 -2  0 -3 -3  2 -2 -5 -1  1  0 -5 -4 -2    5   4  11   7   0   5  25   1   3   1   1  16   1   0   2  11   4   0   0   2  0.39 inf
    6 Q   -1  4  0  0 -5  2  4 -3 -2 -3 -3  2 -3 -5 -3 -1 -1 -5 -3 -3    4  22   4   5   0   8  34   1   0   2   2  10   0   0   1   3   3   0   0   2  0.62 inf
    7 L   -5 -6 -7 -7 -5 -6 -6 -7 -6  0  6 -6 -1  4 -6 -6 -5 -4 -3 -1    0   0   0   0   0   0   0   0   0   3  80   0   0  15   0   0   0   0   0   2  1.59 inf
    8 E   -2 -3 -3 -2  1  5  6 -5 -2 -4 -4 -2 -1 -5 -3 -1 -3 -6 -1 -4    2   0   0   0   4  28  53   0   1   1   2   0   1   0   1   4   1   0   2   1  1.28 inf
    9 K   -2  4  1  0 -5  2  3 -2  0 -4 -4  4 -3 -5 -3 -1 -2 -5 -3 -5    3  20   6   4   0   8  18   2   1   1   0  30   0   0   0   3   2   0   1   0  0.67 inf
   10 K   -1  4  0 -3 -2  0 -1 -3 -2  0 -2  5 -2 -5 -4 -1  0 -5 -3 -2    4  21   4   0   1   3   1   1   1   7   3  42   1   0   0   3   5   0   1   3  0.66 inf
   11 L   -4 -6 -7 -7 -4 -6 -6 -7 -6  6  4 -6 -1 -3 -6 -6 -2 -5 -4 -1    0   0   0   0   0   0   0   0   0  52  45   0   0   0   0   0   1   0   0   1  1.50 inf
   12 G   -3 -4  2  0 -5 -2 -3  7 -1 -7 -7 -2 -6 -6 -5 -2 -4 -6 -6 -6    0   0   8   5   0   2   2  76   2   0   0   2   0   0   0   2   0   0   0   0  1.66 inf
   13 Y   -6 -6 -5 -7 -7 -6 -6 -7  2 -1 -5 -6 -5 -1 -7 -6 -5 -2 10 -1    0   0   0   0   0   0   0   0   5   4   0   0   0   1   0   0   0   0  86   4  2.81 inf
   14 T   -2  1  0 -1 -1  3  1 -4  3 -3 -4  1 -3 -2 -3  0  3 -4 -1 -1    2   8   3   2   1  17  10   0   7   1   0   9   0   2   0   6  26   0   2   3  0.42 inf
   15 F   -7 -7 -7 -8 -4 -8 -8 -8 -5 -4 -4 -8 -4  9 -8 -7 -6 -1  0 -5    0   0   0   0   0   0   0   0   0   0   0   0   0  98   0   0   0   0   2   0  3.19 inf
   16 K   -1  1  3 -1 -5  3 -1 -3  1 -4 -5  5 -4 -5 -4  0  0 -5 -4 -4    4   7  15   2   0  15   3   0   3   1   0  39   0   0   0   6   5   0   0   0  0.76 inf
   17 D   -4 -3  6  6 -4  2  0 -4  0 -6 -7 -2 -5 -6 -5 -2 -3 -7 -5 -6    1   1  33  46   0   8   4   0   2   0   0   2   0   0   0   2   1   0   0   0  1.40 inf
   18 K   -1  1 -2 -2 -4  2  1 -3 -1  1  0  4 -2 -1  2 -2 -1 -3 -2 -1    3   5   0   2   0  10   7   1   1   9   8  32   0   3  12   2   2   0   1   3  0.38 inf
   19 S    0  0  2  2 -4  1  3  0  0 -4 -4  2 -3 -5 -3  2  0 -5 -4 -3    9   4   8  14   0   4  20   5   2   1   0  12   0   0   0  16   4   0   0   1  0.39 inf
   20 L   -5 -2 -3 -7 -5 -4 -6 -7 -2 -1  6 -5 -1 -1 -6 -5 -4 -3  2 -2    0   2   2   0   0   1   0   0   1   2  83   0   0   2   0   0   1   0   6   0  1.47 inf
   21 L   -5 -6 -7 -7 -5 -6 -6 -7 -6  2  6 -6  2 -1 -6 -6 -4 -5 -4 -1    0   0   0   0   0   0   0   0   0   8  85   0   4   2   0   0   0   0   0   2  1.67 inf
   22 E   -2  0  0 -1 -2  2  3 -4  1  0  0  3 -1 -2 -3 -2  0 -3 -2 -1    2   4   4   1   1   9  23   0   3   7   8  22   1   1   0   1   6   0   1   5  0.31 inf
   23 K   -2  0  1 -2 -4  5  2 -4  0 -2  1  1 -1 -4 -4 -2  1 -3 -3 -3    2   5   6   0   0  29  16   0   2   2  18   8   1   0   0   0   8   0   0   1  0.49 inf
   24 A    7 -5 -5 -6 -4 -5 -5 -3 -6 -5 -5 -5 -5 -6 -5 -2 -4 -7 -6 -4   98   0   0   0   0   0   0   0   0   0   0   0   0   0   0   2   0   0   0   0  2.18 inf
   25 L   -5 -6 -7 -7 -3 -5 -6 -7 -6  0  6 -6  3  0 -6 -6 -3 -5 -4 -1    0   0   0   0   0   0   0   0   0   3  83   0   8   3   0   0   1   0   0   2  1.60 inf
   26 T   -3 -2 -3 -5 -3 -4 -5 -5 -5 -1 -4 -4  0 -6 -5  0  8 -6 -3 -3    0   2   1   0   0   0   0   0   0   4   0   0   2   0   0   4  85   0   1   1  1.94 inf
   27 H   -6 -5 -4 -6 -8 -4 -5 -7 11 -8 -8 -5 -6 -6 -7 -6 -6 -7 -3 -8    0   0   0   0   0   0   0   0 100   0   0   0   0   0   0   0   0   0   0   0  4.05 inf
   28 V   -3  6 -3 -4 -5 -3 -3 -4 -4 -4 -5  2 -4 -6 -2  4  0 -6 -5 -2    0  40   0   0   0   0   0   0   0   1   0  12   0   0   1  39   4   0   0   2  1.17 inf
   29 S   -3 -5 -3 -4 -5 -4 -4 -4 -5 -6 -7 -4 -6 -6 -5  8 -3 -7 -6 -6    0   0   0   0   0   0   0   0   0   0   0   0   0   0   0  99   0   0   0   0  2.36 inf
   30 Y    1 -3 -4 -5  1 -4 -4 -4  0 -3 -3 -4 -2  5 -4 -3 -3  1  8 -1   10   1   0   1   3   0   1   1   2   0   1   1   1  20   1   1   1   1  50   4  1.34 inf
   31 S    5 -3 -3 -3 -3 -2 -3  1 -4 -3 -4  1 -4 -4 -3  2 -1 -5 -4 -1   56   1   0   0   0   1   1   8   0   1   1   8   0   0   1  16   3   0   0   3  0.82 inf
   32 K   -2 -2  7 -2 -5 -1 -3  1  2 -5 -4  2 -4 -4 -5  0 -3 -5 -1 -4    3   1  53   0   0   2   0  11   5   0   1  11   0   0   0   7   0   0   3   1  1.08 inf
   33 K   -2  1 -2 -1 -5  0  6  0 -2 -4 -5  2 -3 -5  1 -1 -2 -5 -4 -4    3   6   1   2   0   2  52   7   1   1   0  13   1   0   6   4   2   0   0   0  0.85 inf
   34 E   -1  1  2 -1 -3  2  1 -2  5 -3 -2  3 -2 -1 -3 -1 -1 -3  2 -2    3   5   9   2   0   9   8   2  15   1   3  21   1   2   1   4   2   0   8   2  0.36 inf
   35 H   -4 -1  6  1 -4 -2 -3 -4  8 -6 -6 -2 -5 -5 -5  1 -4 -6  1 -6    0   4  34   8   0   1   0   0  36   0   0   2   0   0   0  10   0   0   4   0  1.48 inf
   36 Y   -6 -5  9 -3 -7 -4 -5 -5 -3 -7 -7 -4 -6 -5 -6 -4 -4 -6  3 -7    0   0  88   0   0   0   0   0   0   0   0   0   0   0   0   0   0   0  12   0  2.65 inf
   37 E   -5 -4 -4 -3 -8 -1  8 -6 -4 -8 -7 -3 -6 -8 -5 -4 -5 -7 -6 -7    0   0   0   0   0   2  98   0   0   0   0   0   0   0   0   0   0   0   0   0  2.61 inf
   38 T   -5  8 -4 -6 -7 -3 -4 -6 -4 -5 -6  0 -5 -7 -6 -5 -2 -7 -6 -3    0  92   0   0   0   0   0   0   0   1   0   3   0   0   0   0   2   0   0   2  2.49 inf
   39 L   -5 -6 -7 -7 -5 -4 -7 -7 -7 -2  7 -6 -1 -2 -7 -6 -5 -5 -5 -2    0   0   0   0   0   1   0   0   0   1  97   0   1   0   0   0   0   0   0   0  2.01 inf
   40 E   -5 -4 -4 -3 -8 -2  8 -6 -4 -8 -7 -3 -6 -8 -5 -4 -5 -7 -6 -7    0   0   0   0   0   0 100   0   0   0   0   0   0   0   0   0   0   0   0   0  2.68 inf
   41 F   -7 -7 -7 -8 -7 -8 -8 -8 -5 -4 -3 -7 -4  9 -8 -7 -6 -3  0 -5    0   0   0   0   0   0   0   0   0   0   1   0   0  98   0   0   0   0   2   0  3.17 inf
   42 L   -5 -6 -7 -8 -5 -6 -7 -8 -7 -2  7 -6 -2 -3 -7 -6 -5 -5 -5 -3    0   0   0   0   0   0   0   0   0   0 100   0   0   0   0   0   0   0   0   0  2.15 inf
   43 G   -4 -6 -4 -5 -7 -6 -6  8 -6 -8 -8 -6 -7 -7 -6 -4 -6 -7 -7 -7    0   0   0   0   0   0   0 100   0   0   0   0   0   0   0   0   0   0   0   0  2.69 inf
   44 D   -6 -6 -3  9 -8 -5 -3 -6 -5 -8 -8 -5 -7 -8 -6 -4 -5 -9 -7 -8    0   0   0 100   0   0   0   0   0   0   0   0   0   0   0   0   0   0   0   0  2.97 inf
   45 A    5 -5 -4 -4 -4 -4 -4 -3 -5 -5 -5 -4 -5 -6 -4  5 -2 -6 -5 -4   50   0   0   0   0   0   0   1   0   0   0   0   0   0   0  48   1   0   0   0  1.48 inf
   46 L   -3 -6 -6 -7 -4 -6 -6 -7 -7  5  0 -6 -2 -4 -6 -5 -4 -6 -5  6    0   0   0   0   0   0   0   0   0  33   7   0   0   0   0   0   0   0   0  60  1.56 inf
   47 V   -5 -6 -7 -7 -5 -5 -6 -7 -6  0  6 -6  1 -3 -6 -6 -5 -5 -5  1    0   0   0   0   0   0   0   0   0   2  89   0   2   0   0   0   0   0   0   7  1.75 inf
   48 N   -3 -3  4  2 -5  0  3  3 -3 -6 -6 -3 -5 -6 -4  3 -3 -6 -5 -5    0   0  23  10   0   3  21  19   0   0   0   0   0   0   0  24   0   0   0   0  0.83 inf
   49 F   -4 -5 -6 -6 -2 -5 -6 -6 -5  3  4 -5  3  5 -6 -4 -4 -2  1  0    0   0   0   0   1   0   0   0   0  13  41   0   8  27   0   1   0   0   4   5  1.03 inf
   50 F   -2 -5 -6 -6  0 -5 -5 -6 -6  4 -1 -5 -1 -1 -5 -3  1 -6 -4  6    3   0   0   0   2   0   0   0   0  27   2   0   1   2   0   1   8   0   0  55  1.18 inf
   51 I   -2 -5 -5 -5 -3 -5 -5 -5 -5  6 -2 -5 -1 -4 -5  2  1 -6 -4  4    3   0   0   0   0   0   0   0   0  45   0   0   1   0   0  17   7   0   0  27  1.03 inf
   52 V    4 -4 -3 -4 -4 -4 -4  2 -4 -5 -5 -4 -4 -5 -4  5  0 -6 -5 -1   38   0   0   0   0   0   0  14   0   0   0   0   0   0   0  40   5   0   0   4  0.99 inf
   53 D   -4 -2  2  5 -6 -1  6 -5  0 -4 -6 -1 -5 -6 -4 -3 -2 -6 -4 -6    1   1   9  29   0   1  49   0   2   1   0   3   0   0   0   1   2   0   1   0  1.26 inf
   54 L    2 -4 -3 -1 -4 -2 -2 -4  2 -1 -2 -4 -2  4 -5 -3 -3  0  7 -3   20   0   1   4   0   2   3   0   4   4   4   0   0  17   0   0   1   1  38   1  0.95 inf
   55 L   -5 -6 -7 -7 -5 -6 -6 -7 -6  2  6 -6  1 -1 -6 -6 -5 -5 -4 -2    0   0   0   0   0   0   0   0   0   9  86   0   2   2   0   0   0   0   0   1  1.71 inf
   56 V   -5 -6 -6 -7 -6 -6 -6 -7 -3 -1 -3 -6 -1  7 -7 -6 -5 -2  8 -2    0   0   0   0   0   0   0   0   0   3   1   0   2  44   0   0   0   0  47   3  2.18 inf
   57 Q   -1  2  1  0 -2  2  1 -3  6 -3 -2  2 -3 -2 -4 -1 -1 -4 -1 -4    3  12   7   3   1  12  10   1  22   1   4  15   0   2   0   3   2   0   1   0  0.52 inf
   58 Y   -1  4  2 -2 -4  2  1 -3  3 -4 -2  4 -1 -3 -4 -2  0 -5 -1 -3    4  22  11   1   0  10   8   1   7   0   3  24   1   1   0   1   4   0   2   1  0.53 inf
   59 S   -5 -2 -1 -5  0 -4 -3 -6  3 -4 -2 -4 -3  7 -6 -3 -5  0  6 -4    0   2   3   0   2   0   2   0   6   0   2   1   0  56   0   2   0   1  23   0  1.65 inf
   60 P   -2 -2 -4 -5 -5 -3 -1 -4 -5 -5 -6  1 -6 -7  8 -1 -1 -7 -3 -6    2   2   1   0   0   1   3   1   0   1   0   8   0   0  72   3   4   0   1   0  1.97 inf
   61 N   -3  0  3  3 -4  3  2 -2  3 -5 -5  3 -4 -5 -4 -1 -1 -5 -2 -5    1   5  13  19   0  12  11   2   7   0   0  23   0   0   0   3   3   0   1   0  0.60 inf
   62 K    1 -1 -2 -3  1 -1  0 -3 -1  0  1  1  3 -1 -3  0 -1 -2  0  1   17   2   1   1   3   1   5   0   2   4  18  11  11   2   0   5   1   0   4  13  0.17 inf
   63 R   -1  2  3  1 -5 -1 -2 -3 -2 -5 -5  1 -4 -6  6  0  0 -6 -5 -4    4  12  14   9   0   2   1   1   0   0   0   8   0   0  36   7   4   0   0   0  0.88 inf
   64 E   -5 -4 -4 -3 -8 -2  8 -6 -4 -8 -7 -3 -6 -8 -5 -4 -5 -7 -6 -7    0   0   0   0   0   0 100   0   0   0   0   0   0   0   0   0   0   0   0   0  2.68 inf
   65 G   -4 -6 -4 -5 -7 -6 -6  8 -6 -8 -8 -6 -7 -7 -6 -4 -6 -7 -7 -7    0   0   0   0   0   0   0 100   0   0   0   0   0   0   0   0   0   0   0   0  2.69 inf
   66 F   -3  0 -2  5 -6  2  5 -4 -1 -4 -5  1 -5 -2 -4 -2 -3 -3 -4 -3    1   4   1  30   0  10  38   1   1   1   0   8   0   2   0   1   0   0   0   2  0.99 inf
   67 L   -5 -6 -7 -7 -5 -5 -6 -7 -6 -2  6 -6  5 -3 -7 -6 -5 -5 -5 -3    0   0   0   0   0   0   0   0   0   0  85   0  15   0   0   0   0   0   0   0  1.89 inf
   68 S    0 -4 -3 -4 -4 -4 -4 -4 -5 -5 -5 -4 -5 -6 -4  5  6 -6 -5 -4    5   0   0   0   0   0   0   0   0   0   0   0   0   0   0  50  45   0   0   0  1.54 inf
   69 P   -4  6 -4 -5 -7  0 -3 -5 -4 -6 -6  6 -5 -7 -1 -3 -4 -6 -5 -4    0  45   0   0   0   3   0   0   0   0   0  47   0   0   3   1   0   0   0   1  1.68 inf
   70 L   -2 -3 -4 -6 -4 -4 -5 -6 -5  3  4 -2  7 -1 -5 -4  0 -2 -1 -1    3   1   0   0   0   0   0   0   0  14  37   3  30   1   0   0   6   1   2   3  0.96 inf
   71 K   -5  8 -4 -6 -8 -3 -4 -6 -4 -7 -6  1 -5 -7 -6 -5 -5 -7 -6 -7    0  93   0   0   0   0   0   0   0   0   0   7   0   0   0   0   0   0   0   0  2.64 inf
   72 A    7 -5 -5 -5 -4 -4 -4 -3 -5 -5 -5 -4 -5 -6 -4  3 -3 -6 -5 -4   82   0   0   0   0   0   0   1   0   0   0   0   0   0   0  17   0   0   0   0  1.75 inf
   73 Y    1  1  0 -2 -3 -1 -2 -3 -1 -3 -2 -2 -2 -2 -3  4  4 -4  0 -2   13   7   3   1   0   3   1   1   1   0   3   1   1   2   0  32  24   0   4   2  0.49 inf
   74 L   -3 -5 -6 -6 -4 -5 -6 -6 -6  4  5 -5  4 -1 -6 -4 -4 -2 -3  1    1   0   0   0   0   0   0   0   0  19  60   0   9   2   0   0   0   0   1   8  1.17 inf
   75 I   -4 -7 -7 -7 -5 -6 -6 -7 -7  1 -3 -6 -3 -5 -6 -6 -4 -7 -5  8    0   0   0   0   0   0   0   0   0   5   0   0   0   0   0   0   0   0   0  95  2.27 inf
   76 S   -4  3  2 -5  9 -4 -4 -5 -5 -5 -5  2 -5 -6 -5  2 -4 -6 -5 -5    0  19  10   0  45   0   0   0   0   0   0  13   0   0   0  13   0   0   0   0  1.65 inf
   77 E   -2 -3 -4 -2 -7  0  7  3 -4 -7 -6 -2 -6 -7 -5 -3 -3 -6 -6 -6    2   1   0   0   0   3  67  24   0   0   0   1   0   0   0   1   1   0   0   0  1.54 inf
   78 E   -1 -1  2  1 -5  2  2 -2  0 -4 -4  2 -3 -5  4 -1 -1 -5 -3 -2    5   2  10   6   0   8  17   2   3   0   0  14   0   0  25   3   4   0   1   2  0.57 inf
   79 F    1 -4 -2 -4 -4 -3 -3 -1 -3 -2 -4 -3 -1  0 -4  4  5 -5 -2 -2   12   0   1   0   0   0   0   4   0   2   0   0   1   4   0  32  40   0   1   2  0.87 inf
   80 F   -5 -6 -7 -7 -5 -6 -7 -7 -6 -2  6 -6 -2  3 -7 -6 -5 -5 -4 -3    0   0   0   0   0   0   0   0   0   0  88   0   0  12   0   0   0   0   0   0  1.83 inf
   81 N    5 -4 -1 -3 -1 -2 -3 -1  1 -4 -4 -3 -3 -1 -4  1 -1 -3  1 -2   62   0   3   1   1   1   1   4   3   0   0   0   0   3   0  10   3   0   5   1  0.90 inf
   82 L   -2  1 -1  0 -3  1  4 -2 -2 -1 -1  2 -1  1 -3 -1 -2 -4  1 -1    2   6   2   3   0   4  32   3   0   4   7  15   2   6   0   4   1   0   5   4  0.30 inf
   83 L   -3 -3 -5 -6  6 -4 -5 -6 -4  4  3 -3  1  2 -5 -4 -3 -2 -2  1    1   1   0   0  19   0   0   0   0  23  31   1   2   8   0   0   0   1   1  10  0.84 inf
   84 A    7 -5 -5 -5 -4 -4 -4  1 -5 -5 -5 -4 -5 -6 -4  0 -2 -6 -5 -3   84   0   0   0   0   0   0   8   0   0   0   0   0   0   0   6   2   0   0   0  1.67 inf
   85 Q   -3  6  1 -3 -6  2 -1 -3 -2 -4 -3  3 -4 -4 -5 -2 -2 -6 -3 -3    1  54   6   1   0   9   2   2   1   1   2  15   0   0   0   2   2   0   1   1  1.10 inf
   86 K   -1  0  0  2 -3  2  5 -2 -1 -5 -4  2 -3 -4 -3  0 -1 -5 -2 -4    5   4   4  13   1   8  37   3   1   0   1  12   0   0   0   5   3   0   1   0  0.60 inf
   87 L   -4 -5 -6 -6 -4 -5 -6 -6 -1  5  4 -5  1  5 -6 -5 -4 -1 -2 -1    1   0   0   0   0   0   0   0   2  31  36   0   2  27   0   0   0   1   0   1  1.13 inf
   88 E   -2 -1  3  3 -3  0  3  1  2 -5 -5  1 -4 -5 -3  0 -2 -5 -3 -4    1   2  13  18   1   4  24  12   6   0   0   9   0   0   0   7   1   0   1   0  0.56 inf
   89 L   -4 -6 -7 -7 -5 -6 -6 -7 -6  1  6 -6  0  1 -6 -6 -5 -5 -4 -1    0   0   0   0   0   0   0   0   0   6  87   0   1   4   0   0   0   0   0   2  1.67 inf
   90 H   -3 -5 -3 -3 -6 -2 -3  7  0 -7 -7 -4 -6 -7 -2  0 -5 -6 -6 -7    0   0   0   1   0   2   1  83   2   0   0   0   0   0   2   7   0   0   0   0  1.91 inf
   91 K   -3  1  0  4 -6  1  4 -3 -3 -5 -5  2 -4 -5 -4  0 -2 -6 -5 -5    1   7   4  28   0   6  27   1   0   0   0  15   0   0   0   7   1   0   0   0  0.80 inf
   92 F   -4 -5 -3 -6  4 -3 -5 -6  2 -4 -3 -6 -4  5 -7 -3 -5 -1  8 -4    1   0   1   0   8   1   1   0   4   0   2   0   0  20   0   2   0   0  59   1  1.92 inf
   93 I   -5 -5 -7 -7 -4 -5 -4 -7 -6  4  6 -6  2 -3 -6 -6 -4 -5 -4 -1    0   0   0   0   0   0   1   0   0  21  71   0   5   0   0   0   0   0   0   2  1.45 inf
   94 R   -3  4 -2 -4 -3 -1 -2 -5 -1  1  3  1  0  2 -4 -2 -3 -3  2 -2    0  24   2   0   0   2   1   0   1   7  30  10   2   9   0   2   0   0   8   1  0.48 inf
   95 I   -5 -5 -7 -7 -5 -5 -6 -7 -4  2  6 -6  4 -2 -6 -6 -4 -5 -4 -2    0   0   0   0   0   0   0   0   0   8  82   0   8   1   0   0   0   0   0   1  1.62 inf
   96 K   -3 -5 -4 -5 -6 -5 -5  7 -5 -7 -7 -3 -6 -7 -5  3 -4 -6 -6 -6    0   0   0   0   0   0   0  75   0   0   0   2   0   0   0  23   0   0   0   0  1.86 inf
   97 R   -2  2  0 -3 -5  0 -1 -1  1 -5 -4  5 -2 -5  3  0 -1 -5 -4 -4    2  11   5   0   0   2   2   5   3   0   1  40   1   0  15   8   4   0   0   0  0.69 inf
   98 G   -4 -6 -4 -5 -7 -6 -6  8 -6 -8 -8 -6 -7 -7 -6 -3 -6 -7 -7 -7    0   0   0   0   0   0   0  99   0   0   0   0   0   0   0   1   0   0   0   0  2.62 inf
   99 K   -5  5 -3 -3 -7 -2  7 -6 -4 -7 -6  0 -5 -5 -5 -4 -5 -7 -6 -6    0  28   1   0   0   0  67   0   0   0   0   4   0   0   0   0   0   0   0   0  1.81 inf
  100 I   -3 -2 -2  1 -3 -2  5 -5 -4 -1  3  0  0 -3 -4 -3 -2 -5 -4 -3    1   1   2   6   0   1  42   0   0   3  33   5   2   1   0   0   2   0   0   0  0.75 inf
  101 N   -4  6 -1 -5 -7 -2 -3 -5 -4 -7 -6  6 -5 -7 -5 -4 -4 -7 -5 -6    0  46   3   0   0   0   0   0   0   0   0  51   0   0   0   0   0   0   0   0  1.84 inf
  102 E   -1 -2  0  4 -5 -2  4 -4 -1 -2 -4  0 -3 -5  4  0 -2 -6 -5 -2    4   2   4  26   0   0  25   0   1   3   1   4   0   0  18   8   2   0   0   4  0.68 inf
  103 T   -2 -5 -3 -4 -5 -4 -4 -3 -5 -6 -7 -4 -6 -7 -5  7 -1 -7 -6 -6    1   0   0   0   0   0   0   1   0   0   0   0   0   0   0  95   2   0   0   0  2.19 inf
  104 I   -5 -7 -4 -7 -5 -6 -7 -7 -7  8  0 -6 -2 -4 -6 -6 -2 -6 -5  1    0   0   1   0   0   0   0   0   0  85   8   0   0   0   0   0   2   0   0   5  2.02 inf
  105 I   -4 -5 -6 -7 -4 -2 -6 -7 -6  1  6 -5 -1 -3 -6 -5  0 -5 -4  1    0   0   0   0   0   2   0   0   0   5  80   0   0   0   0   0   5   0   0   8  1.42 inf
  106 G    5 -4 -4 -4  1 -4 -2  0 -5 -5 -5 -4 -4 -6 -4  4 -3 -6 -5 -4   56   0   0   0   2   0   3   5   0   0   0   0   0   0   0  34   0   0   0   0  1.24 inf
  107 D   -6 -6  1  8 -2 -4 -2 -5 -5 -7 -8 -5 -7 -8 -6 -3 -5 -8 -7 -7    0   0   5  93   1   0   0   0   0   0   0   0   0   0   0   1   0   0   0   0  2.62 inf
  108 V    6 -5 -5 -5  3 -4 -4 -2 -5 -4 -4 -4 -3 -5 -4 -1  2 -6 -5  1   69   0   0   0   6   0   0   2   0   0   0   0   0   0   0   3  12   0   0   8  1.25 inf
  109 F   -4 -5 -6 -6 -2 -5 -6 -6 -5  0  1 -5  5  6 -6 -5 -1 -4 -2  4    0   0   0   0   1   0   0   0   0   2  13   0  14  36   0   0   4   0   0  31  1.15 inf
  110 K   -5 -4 -4 -3 -8 -2  8 -6 -4 -8 -7 -2 -6 -8 -5 -4 -5 -7 -6 -7    0   0   0   0   0   0  99   0   0   0   0   1   0   0   0   0   0   0   0   0  2.63 inf
  111 A    7 -5 -5 -5 -4 -5 -5 -3 -5 -5 -5 -4 -5 -6 -5  0 -4 -6 -6 -4   93   0   0   0   0   0   0   1   0   0   0   0   0   0   0   7   0   0   0   0  2.00 inf
  112 L   -4 -5 -6 -6 -4 -5 -6 -6 -6  4  4 -5  0 -1 -5 -5 -2 -5 -4  4    0   0   0   0   0   0   0   0   0  28  35   0   1   2   0   0   1   0   0  33  1.09 inf
  113 W   -5 -6 -7 -7 -5 -6 -7 -7 -6  7  0 -6  2  1 -6 -6 -3  3 -4  0    0   0   0   0   0   0   0   0   0  74   7   0   5   5   0   0   1   4   0   4  1.69 inf
  114 A    3 -6 -4 -5 -5 -5 -5  7 -5 -6 -6 -5 -6 -6 -5 -3 -5 -6 -6 -6   28   0   0   0   0   0   0  72   0   0   0   0   0   0   0   0   0   0   0   0  1.86 inf
  115 A    7 -5 -5 -6 -4 -5 -5 -1 -5 -5 -5 -5 -5 -6 -5 -1 -4 -6 -6 -4   93   0   0   0   0   0   0   4   0   0   0   0   0   0   0   4   0   0   0   0  1.96 inf
  116 V   -4 -6 -6 -7 -3 -6 -6 -7 -7  7  0 -6  2 -4 -6 -4 -4 -6 -5  3    0   0   0   0   0   0   0   0   0  68   5   0   4   0   0   1   0   0   0  22  1.66 inf
  117 Y   -5 -6 -6 -7 -2 -6 -6 -7 -1 -5 -5 -6 -5  4 -7 -3 -6 -2  9 -5    0   0   0   0   1   0   0   0   1   0   0   0   0  12   0   2   0   0  83   0  2.84 inf
  118 I   -5 -4 -7 -7 -5 -3 -6 -7 -6  2  6 -4  1 -3 -6 -6 -3 -5 -4 -1    0   0   0   0   0   1   0   0   0   9  82   1   2   0   0   0   1   0   0   2  1.53 inf
  119 D   -6 -5 -3  8 -8 -4  2 -5 -5 -7 -8 -4 -7 -8 -5 -4 -5 -8 -7 -7    0   0   0  89   0   0  11   0   0   0   0   0   0   0   0   0   0   0   0   0  2.56 inf
  120 S    1 -3 -3 -4  1  0 -4  5 -3 -5 -5 -1 -5 -6 -4  4 -1 -5 -5 -5   12   1   0   0   2   4   0  43   0   0   0   3   0   0   0  32   3   0   0   0  0.96 inf
  121 G   -2 -4  0  0 -5 -3 -4  7 -4 -5 -5 -3 -5 -5 -4 -2 -4 -5 -5 -5    2   1   5   5   0   1   1  79   0   1   1   1   0   0   1   2   1   0   0   1  1.66 inf
  122 R   -3 -1 -3 -4 -3 -3 -3 -4 -3  2  2 -3  5  5 -4 -3 -3  0  1 -1    1   4   1   1   0   1   1   1   0  14  21   1  15  30   1   1   1   1   3   1  0.72 inf
  123 D   -2 -2  0  5 -4  1  5 -2 -2 -3 -3 -1 -3 -4 -2 -1 -2 -4 -3 -3    3   1   3  33   0   4  35   2   1   1   2   2   0   1   2   4   2   0   1   2  0.80 inf
  124 A    2 -1 -1 -1  1  0  0 -1 -1  0  0  1  0 -1  1  0  0 -2 -1  0   21   2   2   2   3   2   5   2   1   8   8  12   2   2   7   5   5   0   2   7  0.08 inf
  125 N    2 -1  1  0  0  0  0  0 -1 -1 -1  0 -1 -1  0  0  0 -1 -1 -1   26   3   8   4   2   4   6   6   1   3   5   5   1   2   4   5   6   1   2   5  0.09 inf
  126 F   -1  0  2 -1 -1  0  0 -1  0  0 -1  0  0  1 -1  0  2 -1  0  0    3   5  11   2   1   5   4   3   1   5   6   7   3   8   2   8  17   0   3   6  0.07 inf
  127 T    5 -4 -3 -4  3 -2 -2 -3 -4  0 -1 -3 -3 -4 -2 -1  1 -4 -4  2   49   0   0   1   7   1   2   1   0   3   4   1   0   0   1   1  10   0   0  17  0.67 inf
  128 R   -1  5 -2 -2 -1  1  1 -3 -1 -3 -3  4 -2 -4 -3 -1 -1 -4 -3 -4    3  35   1   1   1   4   7   2   2   1   2  30   1   0   1   5   3   0   1   1  0.74 inf
  129 E   -1  1  1  2 -2  1  4 -1 -1 -3 -3  3 -3 -3 -1  0 -1 -4 -3 -3    5   7   5   9   1   5  29   3   1   1   1  17   0   1   2   6   4   0   0   1  0.40 inf
  130 L   -3  0 -4 -4 -2 -2 -3 -4  0  3  2 -3 -1  6 -4 -3 -2 -1  1  1    2   5   0   1   1   1   1   1   2  18  18   2   1  34   1   1   1   0   4   7  0.61 inf
  131 F   -1 -5 -5 -5 -3 -4 -5 -5 -5  6  0 -4 -1  1 -5 -2 -2 -4 -1  4    4   0   0   0   0   0   0   1   0  45   4   0   0   7   0   2   2   0   1  31  0.98 inf
  132 Y   -3 -3 -1 -2 -3 -2 -2 -5  3  1  4 -3  2 -1 -4 -3 -2 -3  0  0    1   1   3   2   0   1   3   0   9   7  52   1   4   1   0   1   1   0   3   5  0.59 inf
  133 K    0  4  2  0 -4  0  0 -1  1 -4 -2  3 -2 -4 -2  1 -1 -4 -3 -4    6  25   8   6   0   3   4   5   4   0   3  22   0   0   1  10   2   0   1   0  0.42 inf
  134 L   -4 -3  1 -5 -2 -2 -3 -5  1 -2  2 -3 -1  5 -5 -4 -3  9  1 -2    1   1   7   0   1   2   1   0   3   1  21   1   1  23   0   1   1  28   3   1  1.16 inf
  135 F   -3 -3 -3 -4 -3 -3 -3 -4 -1  1  2 -3  1  4 -3 -3 -2  3  5  0    2   1   1   1   0   1   1   1   1   7  23   1   4  19   1   1   1   4  26   5  0.69 inf
  136 K    0  1  0  0 -2  1  1 -1  0 -1  0  2  0 -1  0  0  0 -2  0 -1    9   5   2   5   0   8  10   4   3   5   8  15   3   2   4   5   4   0   4   3  0.07 inf
  137 E   -1 -1  0  2 -2  1  3 -1 -1 -3 -3  1 -2 -3  1  1  0 -3 -3 -2    4   3   5   9   1   5  27   3   1   1   1  10   1   1   8  10   7   0   1   3  0.33 inf
  138 D   -1  3  0  1 -3  0  1 -2  1 -1 -2  1 -1  0  0  0  0 -2  0 -1    3  21   4  10   0   4  10   2   4   5   2   9   1   4   4   5   5   0   3   3  0.18 inf
  139 I   -1  0 -3 -3  0 -2 -2 -3 -3  5  1 -2  0  0 -2 -2 -2  0  1  2    3   5   1   1   2   2   2   1   0  38  15   2   1   3   1   2   1   1   5  12  0.39 inf
  140 L   -2 -2 -2 -2 -3 -2  0 -4 -1  1  4 -2  1  0 -3 -3 -2 -1  1 -1    2   2   2   2   0   1   9   1   2   8  54   2   2   2   1   1   2   1   4   1  0.51 inf
  141 S    0 -1  3  2 -2  1  2 -2 -1 -4 -3  2 -3 -4  1  0  0 -5 -3 -3    8   2  16  14   1   4  16   1   1   0   2  14   0   0   6   8   5   0   0   1  0.35 inf
  142 A    1 -1  0  3 -4  0  2 -2  2 -2 -2  1  0 -4 -3  0  0 -4 -3 -2   16   3   4  22   0   3  14   2   6   2   3   7   3   0   0   7   5   0   0   1  0.30 inf
  143 I   -2 -4 -4 -4 -2 -4 -3 -5 -5  6  2 -4  1 -1 -4 -3  0 -3 -2  2    3   1   0   1   1   0   2   0   0  50  19   1   3   2   0   2   5   0   1  11  0.81 inf
  144 K   -1  0  2  3 -4  1  4 -3 -2 -2 -3  2 -2 -4 -1  1  0 -5 -4 -2    3   4   8  14   0   5  28   0   0   2   2  13   1   0   2  10   6   0   0   2  0.44 inf
  145 E   -2 -1  1  0 -4 -1  1 -2  3 -3  0  0 -1 -2  5  0 -1 -4 -2 -2    2   4   8   6   0   2   8   2   8   1  13   5   1   1  27   6   3   0   1   2  0.42 inf
  146 G   -1 -1  1  0 -4  0  0  4  0 -2 -4  3 -3 -3 -2 -1 -1 -4 -3 -1    3   2   5   5   0   4   6  33   3   2   1  23   0   1   2   2   4   0   0   4  0.45 inf
  147 R   -1  1  1  3 -4  1  2 -2  1  0 -2  2 -2 -2 -2  0 -1 -4 -2  0    5   7   5  18   0   7  12   1   3   6   3  12   0   2   1   7   2   0   1   9  0.21 inf
  148 V   -1 -1  1 -2 -3  0 -1 -1  0  1  2  0  0 -1 -2  0  0 -3 -1  0    5   4   8   1   0   4   3   4   3  10  29   5   1   1   1   7   7   0   2   6  0.10 inf
  149 K   -3 -1  0 -2 -4  4 -2 -4  0  0  0 -1 -1  5 -2 -2 -2 -3  1 -1    1   3   5   2   0  22   2   1   2   5   6   4   1  33   2   2   2   0   3   4  0.54 inf
  150 K   -2  2 -2 -4 -5  0 -2 -3 -1 -3 -2  6 -1  0 -4 -2 -2 -4  4 -4    2  10   1   0   0   2   1   1   1   1   4  51   1   4   0   1   2   0  14   1  0.87 inf
  151 D   -6 -6 -3  9 -8 -5 -3 -6 -5 -8 -8 -5 -7 -8 -6 -4 -5 -9 -7 -8    0   0   0 100   0   0   0   0   0   0   0   0   0   0   0   0   0   0   0   0  2.97 inf
  152 Y   -1 -5 -3 -4 -2 -4 -5 -5 -1 -5 -5 -5 -5  1  5  2 -4 -3  7 -5    5   0   1   0   1   0   0   0   1   0   0   0   0   5  28  18   0   0  41   0  1.44 inf
  153 K   -5 -2 -4 -5 -7 -3 -3 -6 -5 -7 -7  8 -6 -7 -5 -4 -5 -7 -6 -7    0   0   0   0   0   0   0   0   0   0   0 100   0   0   0   0   0   0   0   0  2.67 inf
  154 T   -4 -5 -4 -5 -5 -5 -5 -6 -6 -5 -5 -5 -5 -6 -5  1  8 -7 -6 -4    0   0   0   0   0   0   0   0   0   0   0   0   0   0   0  10  90   0   0   0  2.30 inf
  155 I    0  4 -2 -3 -3  1 -1 -4  0  3  0  0  0 -2 -4 -2  0 -3 -1  0    9  29   1   0   0   7   2   0   3  20   9   5   2   1   0   2   5   0   1   4  0.37 inf
  156 L   -5 -6 -7 -8 -5 -6 -7 -8 -7 -2  7 -6 -2 -2 -7 -6 -5 -5 -5 -2    0   0   0   0   0   0   0   0   0   0  99   0   0   0   0   0   0   0   0   1  2.09 inf
  157 Q   -5 -3 -4 -5 -8  9 -2 -6 -1 -7 -7 -3 -5 -8 -6 -5 -5 -7 -6 -7    0   0   0   0   0  99   0   0   1   0   0   0   0   0   0   0   0   0   0   0  3.08 inf
  158 E   -5 -4 -4 -3 -8 -2  8 -6 -4 -4 -7 -3 -6 -7 -5 -4 -5 -7 -6 -7    0   0   0   0   0   0  99   0   0   1   0   0   0   0   0   0   0   0   0   0  2.61 inf
  159 I   -3 -3 -5 -5 -2 -4 -3 -6 -1  4  2 -3  2  3 -5 -4 -3  1  5  1    0   1   0   0   1   0   2   0   2  26  16   1   4  12   0   0   0   2  22  10  0.71 inf
  160 T   -3 -5 -5 -6  0 -5 -5 -6 -5  2  4 -5  0 -2 -5 -3  2 -5 -3  4    0   0   0   0   2   0   0   0   0  11  42   0   1   0   0   1  15   0   0  28  0.85 inf
  161 Q   -5 -3 -4 -5 -8  9 -2 -6 -4 -7 -7 -3 -5 -8 -6 -5 -5 -7 -6 -7    0   0   0   0   0 100   0   0   0   0   0   0   0   0   0   0   0   0   0   0  3.13 inf
  162 K    2  2 -3 -3 -4  1 -1  3 -3 -4 -5  3 -4 -5 -4  2 -2 -5 -4 -4   21   9   0   0   0   6   3  20   0   0   0  21   0   0   0  17   1   0   0   0  0.58 inf
  163 R   -3  5  3  0 -4  1  0 -2  3 -3 -3  3 -1 -3 -4 -2 -2 -5 -3 -4    1  32  17   5   0   4   5   2   6   1   2  17   2   1   0   2   2   0   0   0  0.65 inf
  164 W   -1  1 -1 -2 -3  1 -2  1  3 -3 -2  2 -1  2  1 -1 -2  3  2 -3    3   9   3   1   0   5   1  13  10   1   3  15   2   9   8   5   2   4   8   1  0.25 inf
  165 K   -1  0  0  1  1  0  2  1  0 -1  1  3  0 -2 -2 -1 -1 -4 -3 -2    3   3   4   8   3   3  14  13   2   2  15  21   2   2   1   3   1   0   0   1  0.16 inf
  166 E    0 -2 -1  0  0  1  3 -1 -2 -1 -3  0 -3 -4  4  0 -2 -5 -3  0    8   1   2   3   2   7  24   4   1   4   1   5   0   0  22   5   2   0   0   8  0.43 inf
  167 R   -2  1 -2 -2 -3 -1 -1 -3 -2  1  3  1  0 -2  0 -1  1 -4 -3  0    2   8   2   1   0   3   4   2   1   6  39   9   2   0   4   4   9   0   0   6  0.25 inf
  168 P   -4 -5 -6 -5 -5 -5 -5 -6 -6  3  1 -5 -3 -3  7 -4 -4 -6 -5  1    0   0   0   0   0   0   0   0   0  17  15   0   0   1  58   0   0   0   0   8  1.63 inf
  169 E   -1  1  0  0 -2  1  3 -2  1 -1 -2  1 -3 -4 -3  1  2 -1 -2  0    3   6   4   3   1   6  22   1   4   3   2   6   0   0   0  12  17   1   1   9  0.27 inf
  170 Y   -6 -6 -7 -8 -7 -6 -7 -8 -3 -6 -6 -6 -6 -1 -8 -6 -6 -2 10 -6    0   0   0   0   0   0   0   0   0   0   0   0   0   0   0   0   0   0 100   0  3.59 inf
  171 R   -2  2  0  0 -2  1  4 -4  0 -1 -2  1 -3 -2 -4 -2  1 -5 -3  1    2  12   4   3   1   5  31   0   2   2   3   8   0   1   0   1  10   0   0  13  0.39 inf
  172 L   -4 -5 -6 -6 -4 -5 -6 -6 -6  2  4 -5  1 -3 -4 -5 -2 -5 -4  5    0   0   0   0   0   0   0   0   0  10  41   0   2   0   1   0   2   0   0  44  1.15 inf
  173 I   -1 -5 -4 -4 -3 -4 -2 -5 -5  4  2 -3  0 -3 -5 -3  2 -5 -4  4    3   0   0   0   0   0   3   0   0  28  15   1   1   0   0   1  12   0   0  35  0.75 inf
  174 S    0  0  1  3 -4  1  1  2 -1 -5 -4  2 -3 -5 -3  2 -2 -5 -4 -4    5   4   8  16   0   5   8  19   1   0   1  16   0   0   0  15   1   0   0   0  0.44 inf
  175 V   -1 -4 -4 -3 -5  0  5 -5 -3  3 -3 -3 -3 -3 -4  0  0 -5 -2  2    3   0   0   0   0   3  45   0   0  18   1   0   0   1   0   6   5   0   1  16  0.77 inf
  176 E   -2  1 -2 -1 -4  2  4 -3 -1 -3 -3  3 -3 -1 -3  2  0 -3  0 -3    1   5   1   3   0   8  27   0   1   2   1  16   0   3   0  21   5   0   3   1  0.48 inf
  177 G   -4 -6 -4 -5 -7 -6 -6  8 -6 -8 -8 -6 -7 -7 -6 -4 -6 -7 -7 -7    0   0   0   0   0   0   0 100   0   0   0   0   0   0   0   0   0   0   0   0  2.69 inf
  178 P   -5 -4 -5  0 -7  0  4 -6 -5 -7 -6 -2 -6 -7  7 -4 -4 -7 -6 -6    0   0   0   4   0   3  26   0   0   0   0   2   0   0  64   0   0   0   0   0  2.03 inf
  179 H    3 -5 -3  7 -5 -3  0 -4 -1 -6 -6 -4 -5 -6  1 -2 -4 -7 -6 -5   28   0   0  56   0   1   6   0   2   0   0   0   0   0   6   1   0   0   0   0  1.38 inf
  180 H   -6 -5 -3 -6 -8 -4 -5 -7 11 -8 -8 -5 -6 -6 -1 -5 -6 -7 -3 -8    0   0   0   0   0   0   0   0  97   0   0   0   0   0   3   0   0   0   0   0  3.81 inf
  181 K    0  0  5  4  2  0 -1 -3  0 -5 -4  1 -5 -6 -4 -1 -3 -6 -5 -5    9   5  36  26   5   4   2   1   2   0   1   8   0   0   0   2   0   0   0   0  0.88 inf
  182 K   -4  1 -4 -4 -7  6 -2 -5 -4 -7 -6  7 -5 -7 -5 -4 -4 -6 -5 -6    0   7   0   0   0  32   0   0   0   0   0  61   0   0   0   0   0   0   0   0  1.83 inf
  183 K   -2  0 -2 -2 -4  1  2 -4  3  0 -1  1 -1 -4 -3  0  4 -5 -3  1    1   6   1   0   0   5  18   0   7   6   4   8   1   0   0   7  27   0   0   9  0.37 inf
  184 F   -7 -7 -7 -8 -7 -8 -8 -8 -6 -4 -4 -8 -4  9 -8 -7 -6 -3  0 -5    0   0   0   0   0   0   0   0   0   0   0   0   0  99   0   0   0   0   1   0  3.24 inf
  185 I   -2 -2 -3 -2 -1  0  3 -4  1  0 -2  0 -2  0 -4 -1  4 -2  0  1    1   1   0   1   1   3  23   0   3   5   2   6   0   4   0   3  31   1   4  11  0.42 inf
  186 V    0 -6 -6 -6 -2 -5 -5 -6 -6  3 -2 -5  2 -3 -5 -3  0 -6 -4  6    6   0   0   0   1   0   0   0   0  15   0   0   6   1   0   1   4   0   0  66  1.31 inf
  187 E    1 -1  0  0 -1  2  5 -2  2 -4 -5 -1 -4 -5 -4  1 -2 -5 -4 -3   14   3   3   3   2   7  46   3   6   1   0   1   0   0   0   8   2   0   0   2  0.72 inf
  188 A    1 -6 -6 -6  9 -6 -6 -6 -6  0  0 -6 -3 -5 -6 -3 -3 -6 -5  5   10   0   0   0  38   0   0   0   0   3   6   0   0   0   0   1   0   0   0  42  1.61 inf
  189 K   -1  1  0 -1  1  1  0 -3  2  0  0  1  0  0 -3  0  0  1  1  0    2   9   3   2   3   8   6   1   8   4  10  12   3   4   0   7   6   2   5   5  0.10 inf
  190 I   -3 -5 -5 -5 -2 -5 -5 -6 -3  5  3 -5 -1  0 -5 -4 -3  0 -3  4    0   0   0   0   1   0   0   0   1  34  23   0   1   3   0   0   0   1   0  34  1.03 inf
  191 K   -1 -1  5  2 -3  1  2  1 -2 -4 -5  1 -4 -4 -2  0 -1 -5 -4 -4    4   2  30  13   0   4  16  10   0   1   0   9   0   0   1   6   2   0   0   0  0.60 inf
  192 E   -3 -3  3  4 -5 -1  2  3 -3 -6 -6  1 -5 -6 -4 -1 -2 -6 -5 -5    1   0  16  24   0   2  15  27   0   0   0   9   0   0   0   4   2   0   0   0  0.78 inf
  193 Y   -2  0 -1 -2 -1  0  1 -4 -2  2  1  2  0 -1 -3 -2 -1 -4 -1  3    1   4   2   2   1   5   9   0   1  11  17  15   2   2   0   1   4   0   2  23  0.22 inf
  194 R   -1  1 -2 -2 -3 -1  0 -4  0  2  0  1  0 -1  3  0 -1 -3  2  0    2   7   1   1   0   2   8   0   2  14  11  12   2   2  14   5   3   0   8   4  0.19 inf
  195 T    1 -4 -3 -4 -2 -3 -2  5 -4  0 -3 -3 -3  0 -4  0  2 -5 -4  1   13   0   0   0   1   0   2  43   0   4   1   0   0   4   0   6  12   0   0  12  0.64 inf
  196 L   -1  2 -1 -3 -2  0  1 -4  0  2 -1  2  0 -2 -3  0  2 -4 -2  1    2  12   2   0   0   4   8   0   2  16   4  13   1   1   0   5  14   0   1  12  0.21 inf
  197 G    2 -6 -4 -5 -6 -5 -6  7 -6 -7 -7 -5 -6 -7 -6 -2 -5 -6 -7 -6   14   0   0   0   0   0   0  84   0   0   0   0   0   0   0   2   0   0   0   0  2.07 inf
  198 E   -1  0 -1 -2  0  1  2 -2 -2  1 -2  3 -1 -3 -3  1  2 -3 -2  1    3   3   1   0   2   7  14   2   1   9   1  21   1   0   0   9  14   0   1  11  0.25 inf
  199 G   -2 -6 -4 -5 -6 -6 -6  8 -6 -8 -8 -5 -7 -7 -6 -4 -5 -7 -7 -7    3   0   0   0   0   0   0  97   0   0   0   0   0   0   0   0   0   0   0   0  2.53 inf
  200 K   -2  4  0 -3 -4 -1 -2 -1  3 -5 -4  3 -4 -3 -2  3  1 -5  0 -3    2  21   4   0   0   1   1   3   9   0   0  23   0   1   1  21  10   0   3   2  0.57 inf
  201 S   -3 -5  0 -4 -5 -4 -4 -4 -5 -6 -6 -4 -5 -6 -5  7  3 -7 -6 -5    0   0   4   0   0   0   0   0   0   0   0   0   0   0   0  80  16   0   0   0  1.80 inf
  202 K   -5  6 -4 -5 -7 -2 -3 -6 -4 -7 -6  7 -5 -7 -5 -4 -5 -7 -6 -6    0  36   0   0   0   0   0   0   0   0   0  64   0   0   0   0   0   0   0   0  1.99 inf
  203 K   -5  6 -4 -5 -7 -2 -3 -6 -4 -7 -6  7 -5 -7 -5 -4 -4 -7 -6 -6    0  36   0   0   0   0   0   0   0   0   0  63   0   0   0   0   0   0   0   0  1.98 inf
  204 E    1  0 -1 -1 -4  0  4 -3  0  0 -3  3 -3 -1 -3  0 -2 -5 -2 -2   12   4   2   2   0   3  33   1   2   7   2  22   0   3   0   5   1   0   1   2  0.45 inf
  205 A    7 -5 -5 -5 -4 -5 -5 -4 -5 -5 -5 -4 -5 -6 -5 -1 -4 -6 -6 -4   96   0   0   0   0   0   0   0   0   0   0   0   0   0   0   4   0   0   0   0  2.08 inf
  206 E   -5 -4 -4 -2 -8  2  8 -5 -4 -7 -7 -3 -6 -7 -5 -4 -5 -7 -6 -6    0   0   0   0   0   9  90   1   0   0   0   0   0   0   0   0   0   0   0   0  2.30 inf
  207 Q   -5 -3 -4 -5 -7  9 -2 -6 -4 -7 -6 -1  1 -7 -6 -4 -4 -6 -6 -6    0   0   0   0   0  93   0   0   0   0   0   3   3   0   0   0   1   0   0   0  2.70 inf
  208 R    1  0  2  1 -3  3  2 -3  1 -1 -1  1  2 -4 -3  0 -1 -4 -2 -1   12   3  12   6   0  14  16   1   4   3   4   8   6   0   0   5   1   0   1   4  0.25 inf
  209 A    7 -5 -5 -5  1 -4 -5 -3 -5 -5 -5 -4 -5 -6 -4 -1 -4 -6 -5 -2   93   0   0   0   3   0   0   1   0   0   0   0   0   0   0   2   0   0   0   2  1.91 inf
  210 A    7 -5 -5 -6 -4 -5 -5 -4 -5 -5 -5 -5 -5 -6 -5 -3 -4 -6 -6 -4  100   0   0   0   0   0   0   0   0   0   0   0   0   0   0   0   0   0   0   0  2.21 inf
  211 E    0  2 -2 -2 -4  1  3 -4 -1 -5 -3  4 -2 -3 -4 -2 -2 -2  4 -4    8  12   1   0   0   5  18   0   1   0   1  34   1   0   0   1   1   0  16   0  0.70 inf
  212 E   -1  1  1  0 -1  3  3 -3  1  0 -1  2  0 -4 -3 -1 -1 -4 -3 -2    5   5   7   5   1  17  23   0   3   7   5  12   2   0   0   3   3   0   0   1  0.34 inf
  213 L    6 -4 -4 -5 -3 -4 -4 -1 -5  1 -1 -4  1 -3 -4 -1  0 -5 -4  0   67   0   0   0   0   0   0   3   0   8   4   0   4   1   0   2   4   0   0   6  0.99 inf
  214 I   -4 -5 -6 -7 -1 -5 -6 -7 -6  3  6 -6  1 -1 -6 -5 -4 -5 -2  0    0   0   0   0   1   0   0   0   0  18  74   0   2   2   0   0   0   0   1   3  1.37 inf
  215 K   -1  0  0  0 -2  1  4 -3 -2 -1  0  3 -1 -3 -3 -1 -1 -4 -4 -2    5   3   3   4   1   5  29   1   0   3  11  24   1   1   0   4   2   0   0   1  0.38 inf
  216 L    0  1  0 -2 -4  1  0 -3 -1  1  2  3  0 -2 -3 -2 -1 -4 -2 -1    6   5   5   0   0   8   5   1   1   7  24  27   2   1   0   1   2   0   1   2  0.27 inf
  217 L   -4 -5 -6 -7 -4 -5 -6 -7 -4  3  5 -5  5 -2 -6 -5 -4 -5 -3 -1    0   0   0   0   0   0   0   0   0  13  68   0  16   1   0   0   0   0   0   1  1.39 inf
  218 E   -3  2  1  0 -5  2  3  0  0 -4 -5  5 -3 -5 -3 -2 -2 -5 -4 -4    0   8   6   3   0   8  24   7   2   1   0  39   1   0   0   0   1   0   0   0  0.74 inf
  219 E   -3 -1  2  2 -5  3  3 -4 -2 -5 -5  5 -4 -5 -3 -2 -2 -5 -4 -5    0   1  10   9   0  12  22   0   0   0   0  45   0   0   0   0   1   0   0   0  0.92 inf
  220 S    1 -2  4 -1 -2 -1 -1 -1 -2 -3 -3 -1 -2 -4 -2  4  3 -4 -3 -2   14   0  28   0   0   0   0   0   0   0   0   0   0   0   0  40  19   0   0   0  0.59 inf

                      K         Lambda
Standard Ungapped    0.1367     0.3182
Standard Gapped      0.0662     0.2670
PSI Ungapped         0.2167     0.3160
PSI Gapped           0.0662     0.2670
