
Last position-specific scoring matrix computed, weighted observed percentages rounded down, information per position, and relative weight of gapless real matches to pseudocounts
           A  R  N  D  C  Q  E  G  H  I  L  K  M  F  P  S  T  W  Y  V   A   R   N   D   C   Q   E   G   H   I   L   K   M   F   P   S   T   W   Y   V
    1 S   -2 -4  6 -2 -4 -3 -3 -3 -3 -5 -6 -3 -5 -6 -4  5  1 -6 -5 -5    2   0  36   0   0   0   0   0   0   0   0   0   0   0   0  54   9   0   0   0  1.35 inf
    2 P   -3  4  0  1 -5  0  3 -4 -3 -3 -3  3 -3 -5  2 -1 -3 -5 -3 -2    0  23   4   6   0   3  19   0   0   1   1  20   0   0  12   5   0   0   1   3  0.60 inf
    3 R   -3  1  1 -3 -5  0 -1 -5 -1  0  4  3  0 -3 -5 -2 -2 -5 -3 -2    1   7   8   1   0   4   3   0   2   4  44  20   1   0   0   2   2   0   1   1  0.54 inf
    4 I   -5 -7 -8 -8 -5 -7 -7 -8 -8  5  0 -7 -3 -5 -7 -6 -5 -7 -6  6    0   0   0   0   0   0   0   0   0  31   8   0   0   0   0   0   0   0   0  61  1.88 inf
    5 V   -1  0 -3 -5 -2 -1 -5 -6 -3  1 -3 -1  2 -2 -5 -1  2  0  0  5    5   5   1   0   1   2   0   0   0   7   1   4   5   1   0   4  14   1   4  44  0.68 inf
    6 Q   -5 -3 -5 -5 -8  6  1 -6 -2 -3 -3  6  3 -4 -6 -5 -5 -7 -6 -5    0   0   0   0   0  33   9   0   1   2   2  46   6   1   0   0   0   0   0   0  1.58 inf
    7 S    1 -5  0  3 -6  0 -3 -1  5 -7 -7 -4 -6 -6 -4  5 -2 -7 -5 -6   13   0   4  15   0   4   0   4  15   0   0   0   0   0   1  42   2   0   0   0  1.06 inf
    8 N   -7 -4  9 -3 -8 -6 -6 -6 -2 -9 -7 -4 -8 -8 -6 -5 -6 -9  1 -8    0   1  91   1   0   0   0   0   1   0   1   1   0   0   0   0   0   0   5   0  2.99 inf
    9 D    2  1  0  2 -4  0  1 -3 -2  0 -3  1 -2 -4 -2  1  0 -5 -1 -1   23   8   5  12   0   3   9   1   1   5   1   8   0   0   2  10   5   0   2   3  0.24 inf
   10 L   -6 -7 -8 -8 -6 -7 -7 -8 -7  2  6 -7  1  1 -7 -7 -6 -6 -5  0    0   0   0   0   0   0   0   0   0  10  77   0   3   6   0   0   0   0   0   5  1.74 inf
   11 T   -3 -6 -2 -6 -5 -3 -6 -7 -7  6 -1 -6 -1 -5 -6 -3  3 -7 -6  3    2   0   2   0   0   1   0   0   0  49   4   0   1   0   0   1  21   0   0  19  1.33 inf
   12 E   -3  0  3  0 -6  2  5 -3  0 -5 -4 -1 -2 -6 -5 -1  3 -6  0 -3    1   6  12   3   0   7  34   1   2   0   1   4   1   0   0   4  18   0   4   2  0.70 inf
   13 A    6 -5 -5 -6  1 -5 -5  0 -6 -6 -5 -4 -4 -7 -5  3 -2 -7 -6 -4   68   0   0   0   3   0   0   6   0   0   1   0   0   0   0  18   2   0   0   1  1.52 inf
   14 A    1  3 -1 -4 -3  0 -3 -2 -2  0 -3  2 -2  0 -3  3 -1 -5 -3  0   11  18   2   0   1   3   0   3   1   6   1  14   1   4   1  26   2   0   1   6  0.41 inf
   15 Y    0 -3 -5 -5 -7  2 -6 -7  2 -6 -5 -2 -2  0 -7 -2 -4 -2  9 -6    9   1   0   0   0   8   0   0   4   0   0   3   1   3   0   3   1   0  65   0  2.10 inf
   16 S   -2  2  3  3 -5 -1  0 -1  1 -4 -6  3 -3 -6 -3  2  0 -6 -2 -4    2   9  14  17   0   2   6   4   3   1   0  20   0   0   1  14   6   0   1   0  0.55 inf
   17 L   -5 -6 -7 -8 -6 -6 -7 -8 -6  0  5 -7  6  2 -7 -6 -3 -3  0 -2    0   0   0   0   0   0   0   0   0   3  59   0  21   9   0   0   1   0   4   1  1.58 inf
   18 S   -4 -5  2  3 -6 -1 -1 -2 -5 -6 -6 -3 -5 -7 -3  4  5 -7 -6 -5    0   0  10  15   0   3   4   3   0   0   0   1   0   0   1  27  35   0   0   0  1.04 inf
   19 R    1  0 -5 -5 -3 -2 -1 -4 -5  1  4  1 -1 -4 -3 -2  0 -5 -4  1   11   4   0   0   0   1   4   1   0   6  42  10   1   0   1   2   7   0   0   9  0.49 inf
   20 D    0 -2  2  1  0  1 -1 -3 -1  0 -1 -1  0 -3 -3 -1  2  1  1  1    7   2  13  10   2   6   2   1   2   6   6   3   2   0   1   4  13   2   5  13  0.16 inf
   21 Q    0 -5 -5 -4 -8  1  7 -4 -5 -8 -8 -4 -3 -8  1 -4 -6 -8 -7 -7    7   0   0   0   0   6  77   1   0   0   0   0   1   0   7   1   0   0   0   0  2.06 inf
   22 K   -4 -1  0 -4 -6  6 -3 -5  1 -1  2  4  3 -3 -5 -4 -1 -6 -3 -4    1   2   4   0   0  31   0   0   3   3  17  24   6   1   0   1   4   0   1   1  0.86 inf
   23 R   -6  7 -1 -1 -8 -3 -4 -7 -3 -6 -6  5 -6 -8 -7 -5 -6 -8 -4 -7    0  63   3   4   0   0   0   0   1   1   0  28   0   0   0   0   0   0   1   0  2.08 inf
   24 M   -4 -6 -7 -7 -1 -6 -7 -8 -7  5  4 -6  4  1 -7 -6 -3 -6 -5  2    1   0   0   0   1   0   0   0   0  33  39   0   9   5   0   0   1   0   0  12  1.27 inf
   25 L   -5 -7 -7 -7 -5 -6 -7 -8 -6  5  3 -7  3  5 -7 -6 -4 -5 -3  1    1   0   0   0   0   0   0   0   0  29  29   0   7  24   0   0   0   0   0  10  1.30 inf
   26 Y   -1 -2 -2 -2 -2 -1  1 -4 -3  0  4 -4  2  1 -5 -3 -3  2  4 -2    5   2   2   3   1   3  10   1   0   5  35   0   4   6   0   2   1   2  17   2  0.54 inf
   27 L    0  0 -4 -6  2 -2 -5 -5 -2  0  4 -3  4  0 -6 -2 -1  0  2 -2   10   6   0   0   4   1   0   0   1   5  42   1   9   4   0   3   3   1   7   2  0.60 inf
   28 F    5 -6 -6 -6  4 -5 -5 -2 -6  1  1 -5  1 -2 -5 -2 -1 -6 -4  1   42   0   0   0   9   0   0   2   0   8  16   0   3   2   0   3   4   0   0  10  0.80 inf
   29 V    0 -6 -7 -7 -3 -6 -6 -7 -7  6  2 -6  1 -3 -6 -2 -2 -6 -5  4    8   0   0   0   0   0   0   0   0  40  21   0   2   1   0   3   2   0   0  23  1.13 inf
   30 D    2 -2 -2 -2 -2 -1  0  0 -3  0 -3 -2  0 -4 -1  4  0 -5  0  0   16   2   1   2   1   2   5   6   0   6   2   2   3   0   3  34   4   0   4   7  0.38 inf
   31 Q   -3  1  1  0  4  4  1 -4 -2 -2  0  4  2 -3 -5 -2 -1 -6 -4 -3    1   5   6   4   9  17   9   1   1   2   9  23   5   1   0   2   4   0   0   1  0.50 inf
   32 I    2 -6 -5 -7 -1 -6 -6 -6 -4  6  2 -6  2 -2 -5 -4 -3 -2 -5  2   19   0   1   0   1   0   0   0   0  41  17   0   4   1   0   0   1   1   0  12  1.02 inf
   33 R   -4  5  4  3 -7  3  0 -4  0 -6 -5  1 -5 -4 -3 -1 -3 -6 -2 -5    1  29  17  14   0  12   6   1   2   0   0   8   0   1   1   4   1   0   1   1  0.85 inf
   34 K   -2  1 -2 -1 -4  0  2 -2 -3 -4 -4  3 -4 -3  5  1  0 -6 -3 -4    2   7   2   3   0   4  14   3   0   1   1  19   0   1  25  10   6   0   1   1  0.61 inf
   35 S   -2 -1  1  2 -4  0  2 -1  0 -2 -2  0 -2 -2  2  1  2 -2 -2 -3    2   3   8  12   0   4  14   3   2   2   4   6   1   2   9  12  13   1   1   1  0.25 inf
   36 H   -2 -2  1  4 -2  1  1  1  1 -2 -3  3 -2 -5 -1  0 -2 -5 -1 -3    2   1   7  25   1   5   8  12   3   3   2  17   1   0   2   5   1   0   3   2  0.43 inf
   37 D   -2 -2  2  5 -6  2  2 -3 -3 -4 -5  3 -4 -5  0 -2 -1 -7 -6 -4    2   2  11  33   0   8  13   1   0   1   1  17   0   0   5   2   4   0   0   1  0.80 inf
   38 G   -1  0  2  2 -5  0  0  3 -1 -4 -2  2 -3 -3  0  0 -1 -1 -3 -3    3   5   8  13   0   4   6  24   2   1   4  13   0   1   4   5   4   1   0   2  0.31 inf
   39 I   -2 -2 -1 -1 -2 -2  0 -3 -2  3  0  0 -1  4  0 -1  2 -4 -1  1    3   2   2   4   1   1   8   1   1  17   8   6   1  17   4   3  12   0   1   9  0.22 inf
   40 C   -3 -4 -2 -2  3 -3 -4 -3 -1  2  1 -2  0  3 -3 -3 -3 -3  5  2    1   0   2   2   6   1   1   2   1  13  13   3   2  13   1   1   1   0  22  13  0.57 inf
   41 E   -4  2 -1 -1 -5  1  3 -5 -1 -2 -3  2 -3  0 -3 -1  3 -3  2 -1    0  11   3   3   0   4  23   0   1   3   2  11   0   4   1   5  17   0   9   4  0.43 inf
   42 I   -3 -6 -6 -6 -2 -5 -2 -7 -6  6  2 -4  0  3 -4 -4 -4 -5 -2  3    2   0   0   0   1   0   3   0   0  40  19   1   2  11   1   1   0   0   1  19  1.02 inf
   43 H   -3  0  0 -1  0 -2 -2 -4  5 -2 -3  1 -3 -2  0  3  3 -5  1 -3    1   4   4   3   2   1   2   1  16   2   2   8   0   1   4  26  16   0   4   2  0.54 inf
   44 V    3 -3 -2 -5 -2 -3 -1 -4  1  3 -2  1 -3 -2 -2 -2  0 -5  0  3   31   0   1   0   1   1   3   0   3  15   1   9   0   1   2   2   5   0   4  20  0.48 inf
   45 A    0  1  1  0 -1  1  2 -2  0 -1 -2  2  0 -3 -2  2  0 -5 -3 -2    9   7   5   5   1   6  12   2   2   4   3  15   2   1   1  17   4   0   0   2  0.20 inf
   46 K   -3 -2 -1  5 -6  1  5 -4 -1 -5 -3 -1 -1 -5  0  0 -2 -2 -6 -3    1   2   2  28   0   6  35   1   2   0   2   4   2   0   4   6   2   1   0   2  0.87 inf
   47 Y   -4 -5 -5 -4 -6 -3 -5 -7 -4  1  2 -4  1  5 -3 -5 -4 -2  7 -1    1   0   0   1   0   1   1   0   0   8  19   1   3  25   2   0   0   0  32   5  1.21 inf
   48 A    4  0 -3 -4  0  0  0 -2 -1  1 -2  0  1  2 -4  0 -1 -4 -2 -1   34   5   1   0   2   4   5   2   2   9   3   7   4  10   0   8   2   0   1   4  0.33 inf
   49 E    0  0  2  3 -5  1  4 -4 -1 -4 -5  3 -4 -6 -4  0  0 -6 -5 -5    7   5  11  14   0   5  25   1   1   1   0  16   0   0   0   7   5   0   0   0  0.62 inf
   50 I    0 -1 -3 -2 -1  1  0 -5  0  3  2 -2  2  3 -4 -2  0 -4 -2  0    7   3   1   2   1   6   6   0   2  19  20   1   4  13   0   3   6   0   1   6  0.28 inf
   51 F   -4 -6 -5 -7  2 -5 -5 -6 -3  1  1 -4  2  7 -4 -3 -1  0  3 -3    1   0   0   0   5   0   1   0   0   7  13   1   5  48   1   2   5   1   9   1  1.27 inf
   52 G   -3 -3  3  1 -3 -1  0  5 -1 -7 -6  2 -3 -7 -3 -1 -4 -6 -5 -4    1   1  15   9   1   2   5  44   1   0   1  14   1   0   1   3   0   0   0   1  0.92 inf
   53 L   -2 -2 -1 -2 -2 -3 -2 -2 -3  3  1 -2  2 -1 -4 -1  0 -5 -2  4    2   2   3   3   1   1   3   3   0  15  15   3   4   2   0   4   5   0   1  33  0.41 inf
   54 T   -2 -2  1  3 -2  0  2 -1  1 -5 -4  2 -2 -5  0  3  1 -5 -4 -4    2   2   7  15   1   3  11   5   4   0   1  11   1   0   4  21  10   0   0   1  0.41 inf
   55 S   -2  2  1  2 -4  0  1  0 -1 -1 -1  2 -1 -4 -1  2 -1 -1 -2 -1    2  13   6  12   0   2   7   6   1   4   5  12   1   0   3  15   3   1   1   4  0.19 inf
   56 A   -1  0  3  2 -5  1  1 -1  2 -4 -4  3 -4 -5 -4  1  0 -6 -2 -4    5   4  16  13   0   7   7   4   5   1   1  19   0   0   0  12   5   0   2   0  0.46 inf
   57 E   -1  0  4  1 -5  1  0 -1  1 -4 -3  0 -4 -4 -3  1  3  0 -2 -3    5   5  21   7   0   5   5   4   4   1   2   5   0   0   1  12  18   2   1   2  0.39 inf
   58 A    4 -3  2 -3 -3 -3 -2 -2 -1  0 -2  2 -2 -4 -4  0  0 -6 -2  0   43   0  10   1   0   0   2   3   2   4   3  13   1   1   0   6   4   0   2   6  0.56 inf
   59 S   -5 -5 -5 -7 -7 -4 -3 -5  5 -2 -5 -4 -3  0 -4 -1 -5 -1  9 -3    1   1   1   0   0   1   2   1  13   3   1   1   1   3   1   6   1   1  63   2  2.04 inf
   60 K   -1  2  0  0 -5  2  2 -2  0 -3 -3  2 -2 -2 -3  1  2 -5 -4 -3    5  13   4   5   0   8  16   3   2   1   2  13   1   2   0   9  16   0   0   1  0.37 inf
   61 D    1  2  0  2 -3  4  2 -2 -1 -3 -4  0 -2 -3 -3 -1 -1 -2  1 -2   14  13   4  13   1  17  11   2   1   2   1   4   1   1   1   3   3   0   6   3  0.35 inf
   62 I   -2 -6 -7 -7 -5 -6 -7 -6 -6  4  5 -6  2  2 -7 -6 -5 -5 -2  1    3   0   0   0   0   0   0   0   0  24  48   0   5   9   0   0   0   0   1   9  1.17 inf
   63 R   -2  3 -1 -1 -7  2  0 -5 -2 -4 -3  6 -5 -7 -3 -1 -4 -7 -3 -4    2  14   2   3   0   8   6   1   1   1   2  51   0   0   1   5   1   0   1   1  1.09 inf
   64 Q   -1 -1  2  2 -6  2  4 -3 -4 -4 -4  3 -3 -6 -5  0 -2 -6 -5 -4    5   3  10  12   0   8  27   2   0   1   1  20   1   0   0   8   2   0   0   1  0.68 inf
   65 A    6 -6 -5 -6 -5 -3 -4 -1 -6  2 -1 -5 -2 -4 -5 -1 -2 -6 -3 -1   65   0   0   0   0   1   1   4   0   9   7   0   1   1   0   3   3   0   1   4  1.19 inf
   66 L    1 -3 -3 -4  4 -3 -1 -3 -5  2  1 -2  0  0 -4  1  2 -5 -4  2   15   1   1   0  11   1   3   1   0  13  11   2   2   3   0   9  12   0   0  15  0.37 inf
   67 K   -2  1  2  3 -6  0  3 -3 -1 -3 -2  3 -2 -3 -4 -1 -1 -6 -3 -3    3   7   9  14   0   3  23   1   1   1   4  21   1   1   0   5   4   0   1   2  0.52 inf
   68 S    0  3  2  0 -5  0  1  0 -1 -4 -4  2 -3 -3 -4  2  1 -5 -3 -3    6  15  11   5   0   2   8   7   1   1   1  13   0   1   0  20   7   0   0   1  0.38 inf
   69 F   -5 -7 -8 -8 -6 -7 -5 -8 -7  1  6 -7  4  0 -8 -7 -6 -6 -3 -4    1   0   0   0   0   0   1   0   0   6  77   0  11   3   0   0   0   0   1   0  1.81 inf
   70 A   -1  0 -1 -5 -5  3 -3 -1 -1 -1 -1 -1  4  5 -5  0 -2  2  3 -2    5   6   3   0   0  12   0   5   1   3   6   4  11  24   0   7   1   2   8   3  0.47 inf
   71 G   -2  1  3  2 -5  1  2  0 -2 -4 -5  3 -4 -6 -4  2  0 -6 -5 -3    2   7  13  10   0   6  15   6   1   1   1  20   0   0   0  13   6   0   0   1  0.50 inf
   72 K   -3  7 -3 -4 -4  2 -2 -4 -5 -5 -7  5 -6 -7 -5 -2 -3 -7 -6 -7    2  48   1   1   0   8   2   1   0   1   0  31   0   0   0   3   2   0   0   0  1.55 inf
   73 E    0  0 -1  0 -4  2  2 -2  0 -1 -3  0  0 -1  1  2  0  1  2  0    6   5   1   4   0  10  12   2   2   3   1   5   2   2   6  15   6   2   8   7  0.16 inf
   74 V   -4 -7 -2 -5 -6 -6 -4 -6 -6  5  0 -5 -2  6 -7 -6 -4 -5 -1  3    1   0   2   0   0   0   2   0   0  33   6   0   0  32   0   0   0   0   2  21  1.33 inf
   75 V   -2  0 -2 -2 -2 -1  3 -3 -1  0 -2  1 -3  1 -3  2  2  0  1  0    1   5   1   0   1   2  20   1   1   6   2   9   0   6   0  15  14   1   4   9  0.28 inf
   76 F   -5 -4 -3 -4 -5 -2 -1 -6 -3  5  0 -3 -1  4 -4 -3  0  1  5 -1    0   1   1   1   0   2   5   0   0  30   9   1   1  18   1   1   6   2  19   3  0.83 inf
   77 Y   -3  1 -1 -1 -3  1  1 -3  1  2 -2  1  0  1 -2 -2  0  3  3  0    0   8   2   2   1   8  10   1   4  13   2   8   2   7   2   2   6   4  12   5  0.22 inf
   78 E   -3  2  1  4 -5 -1  4 -4 -2 -1 -2  1 -4 -4  0 -1  0  0 -2 -2    1  10   5  20   0   1  24   1   1   5   3  10   0   0   4   3   6   1   2   3  0.45 inf
   79 S   -1  1 -1  0 -5  2  3 -1 -3  0 -3  4 -3 -5 -1  1 -1 -2 -1 -1    3   5   2   6   0   9  16   5   0   6   1  25   0   0   3   9   4   0   2   4  0.35 inf
   80 F   -2  0  1 -1 -2 -2 -1 -3 -2  2 -1 -1  2  3 -4  0  0 -3  3  1    3   5   7   3   1   1   3   1   0  15   5   4   7  12   0   8   7   0  11   8  0.22 inf
   81 P   -1  5  3 -3 -6 -1 -2 -2 -1 -3 -5 -2 -3 -4  4  1  0  0 -3 -2    4  33  12   1   0   2   2   4   1   2   1   0   0   0  19   9   5   1   1   3  0.71 inf
   82 W   -6 -6 -6 -9 -4 -8 -7 -6 -8  0 -1 -8 -2  1 -4 -6 -5 12  1 -4    1   1   0   0   0   0   0   1   0   5   7   0   1   6   1   0   1  70   4   1  3.34 inf
   83 F   -5 -6 -7 -7 -3 -6 -7 -7 -6  5  1 -6  0  4 -7 -6 -2 -5 -2  5    0   0   0   0   1   0   0   0   0  26  14   0   2  17   0   0   3   0   1  36  1.21 inf
   84 I    0 -2  1  0 -5  3  0 -1 -1  0 -4 -1 -4 -3 -3  4  1 -1  0 -3    6   1   6   4   0  16   6   5   1   7   1   4   0   1   1  29   8   1   3   1  0.40 inf
   85 K   -1  2 -1  0 -5  0  1  0  1 -4 -3  3 -1 -1 -4  2 -1  4  1 -3    3  12   2   5   0   3  11   6   3   0   2  18   2   2   0  15   3   6   5   1  0.32 inf
   86 P    2  0 -2 -3  1 -2 -4 -3 -4  3 -1 -2 -1  0 -1 -1  0 -1  0  2   21   6   2   1   3   2   0   1   0  20   4   2   1   3   4   3   5   1   3  18  0.29 inf
   87 A    1  1  0  1 -4  1  2  0 -2 -1 -3  2 -1 -3 -2  0  1 -4 -2 -2   10   6   3   8   0   6  16   7   1   5   1  17   1   1   1   6   8   0   1   2  0.23 inf
   88 H   -5 -5 -5 -5 -7 -4 -4 -5  2 -1 -5 -3 -4  1 -7 -6 -4  1  9 -2    1   1   0   1   0   1   1   1   4   4   1   2   0   5   0   0   1   2  73   3  2.36 inf
   89 S   -1  1  2  1 -3  0  0 -2  2  1 -1  1 -1  0 -3  0 -1 -2 -1  1    4   7  14   9   0   3   5   2   5  10   6  10   1   4   0   5   2   1   1  10  0.10 inf
   90 P   -2 -1 -1  4 -3 -1  3 -3  1 -5 -5  4 -2 -6  2 -1 -3 -6 -5 -3    3   3   2  27   1   2  16   1   3   0   0  25   1   0  10   3   1   0   0   2  0.74 inf
   91 S   -2  0  2  2 -5  0  1  4 -1 -4 -4  2 -3 -5 -4  0 -3 -3 -2 -4    3   5  12  10   0   3   9  28   2   1   1  15   1   0   0   8   1   0   2   1  0.50 inf
   92 R   -1  1  1  1 -3  2  4 -1 -1 -3 -2  2 -2 -4 -3  1  0 -2 -3 -3    5   7   6   5   0   7  27   3   1   1   4  12   1   1   0  10   6   1   1   1  0.37 inf
   93 G    1 -3 -2 -2 -5 -1 -2  6 -4 -3 -5 -1 -5 -5 -4  1 -4 -5 -5 -4   13   1   1   2   0   3   3  59   0   2   1   4   0   0   0  10   0   0   0   1  1.14 inf
   94 L    0  1 -2 -2  1 -1 -1 -2  0  1  0  0  0  0 -3  0  2  1  1  1    7   9   1   1   3   2   4   3   2  10   7   6   2   4   0   7  14   2   6   9  0.08 inf
   95 Y   -2 -6 -6 -6 -4 -6 -6 -6 -6  5  1 -6 -1  2 -6 -4 -2  0  0  5    3   0   0   0   0   0   0   0   0  30  11   0   1  10   0   1   2   2   4  37  1.03 inf
   96 S   -2  0 -1 -1 -2  0  4 -2 -1  0 -2  1 -1 -3 -4  0  2 -1  0 -1    2   5   2   3   1   3  28   3   1   6   3   9   1   1   0   8  13   1   4   5  0.28 inf
   97 V   -3 -6 -6 -6  0 -5 -6 -7 -5  5  3 -6  2  3 -6 -5 -3 -1  0  2    1   0   0   0   2   0   0   0   0  31  31   0   5  12   0   0   1   1   3  15  0.97 inf
   98 H   -1  3 -2 -1  0  2  2 -3  1 -1 -3  1 -1 -1 -4  1  2 -3  0  0    3  15   1   2   2  11  16   1   3   3   1   7   1   2   0   9  12   0   4   6  0.26 inf
   99 I   -3 -7 -7 -7 -2 -7 -7 -7 -6  1  2 -7 -1  8 -7 -5 -4  2 -2 -1    2   0   0   0   1   0   0   0   0   8  19   0   1  61   0   1   1   2   0   4  1.70 inf
  100 N    1 -4  4  1 -3 -2 -3 -1  3 -5 -4 -3 -3 -3  0  4  2  0 -4 -4   10   0  18   7   0   1   1   3   7   0   1   0   1   1   4  30  14   1   0   1  0.61 inf
  101 P   -1  0  0  2 -1  1  1 -4  0 -2 -4  1 -3 -5  5 -1 -2 -2 -1 -3    4   5   4  14   1   7  10   0   2   2   1  10   0   0  29   4   1   1   2   1  0.61 inf
  102 Y    0  1 -1  3 -2  0  2 -2  1 -2 -3  1 -2 -2 -2 -1  0 -4  1 -2    9   6   2  22   1   3  16   1   4   3   2  10   0   2   1   4   5   0   6   2  0.30 inf
  103 L   -2 -6 -6 -7 -4 -5 -6 -7 -6  5  3 -6  2 -2 -6 -5 -3 -6 -4  4    3   0   0   0   0   0   0   0   0  29  31   0   4   1   0   0   1   0   0  31  1.12 inf
  104 I   -2  0 -4 -3 -2 -2 -2 -5  0  3  2  3  5 -2 -5 -3 -2  3  0  1    3   4   0   1   1   1   2   0   2  16  16  18  15   1   0   1   1   4   3  11  0.43 inf
  105 P   -2 -1 -2  0 -7 -1  0 -6 -5 -6 -3 -1 -6 -7  7 -1 -1 -7 -4 -4    2   4   2   6   0   3   5   0   0   0   3   4   0   0  63   4   3   0   1   1  1.62 inf
  106 F   -3 -3 -5 -6  1 -3 -4 -5  3 -3  2 -4  2  4 -6 -4 -4 -3  7 -3    2   2   0   0   3   1   1   0   6   1  20   1   5  19   0   1   1   0  36   1  1.15 inf
  107 F   -3 -6 -7 -7 -1 -6 -6 -7 -6  4  5 -6  0  2 -6 -6 -4 -5  0 -1    2   0   0   0   1   0   0   0   0  25  57   0   1   8   0   0   0   0   2   3  1.25 inf
  108 I   -2 -2 -2 -1 -1 -2 -2 -2 -2  2  2 -2  0  2 -4  0  3 -3  0  0    2   2   1   4   1   1   1   2   1  12  26   3   1   9   0   7  20   0   3   4  0.26 inf
  109 G   -2  2  2  3 -5  3  3  1 -2 -4 -4  0  0 -4 -4 -2 -2 -5 -2 -2    2  11  12  14   0  14  18  13   1   1   1   5   3   0   0   1   1   0   1   3  0.46 inf
  110 L   -4 -6 -7 -7 -5 -4 -6 -7 -6  1  6 -4  1  3 -6 -4 -5 -5 -4 -1    1   0   0   0   0   1   0   0   0   6  71   1   3  13   0   1   0   0   0   3  1.41 inf
  111 Q   -2  0  0  2 -5  2  2 -3 -1 -4 -5  5 -4 -4 -3  0  0 -5 -1 -4    2   4   4  10   0   8  14   1   1   0   0  38   0   1   1   8   5   0   2   1  0.67 inf
  112 N   -1  0  2  0 -5  1  2  1 -3 -3 -4  4 -2 -4 -4  1  1 -5 -4 -3    4   4  10   3   0   5  16  11   0   1   0  25   1   1   0   9   8   0   0   1  0.43 inf
  113 R   -3  2  4 -1 -2  2  1  1  2 -3 -4  1 -2 -1  1 -1 -2 -2  0 -4    1  12  19   3   1   9   8  13   5   1   0   9   1   4   7   2   1   1   4   0  0.36 inf
  114 F   -7 -7 -7 -8 -7 -7 -7 -8 -1 -2 -2 -7 -4  9 -8 -7 -6 -3  6 -4    0   0   0   0   0   0   0   0   1   2   3   0   0  70   0   0   0   0  22   1  2.53 inf
  115 T   -4  0 -4 -5 -2 -5 -5 -6 -6 -2 -3 -3 -5 -6 -5 -2  8 -7 -6 -3    0   5   0   0   1   0   0   0   0   3   2   1   0   0   0   2  84   0   0   1  2.07 inf
  116 Q   -2  2 -3 -4 -5  4 -1 -3 -3 -4 -3  4 -2 -5  0  2  0 -1  0 -3    1   8   0   0   0  20   2   1   0   1   2  27   1   0   5  19   6   1   3   2  0.62 inf
  117 F   -3 -6 -6 -7 -6 -6 -6 -7  1  1 -1 -6  1  2 -7 -6 -3 -3  9 -2    2   0   0   0   0   0   0   0   2   6   7   0   3   5   0   0   2   0  69   3  2.11 inf
  118 R    0  0  2  1 -4  3  2 -3  2 -3 -1  2 -2 -2 -1  0 -2 -4  0 -2    6   5  12   7   0  13  17   1   5   1   5  13   0   2   3   5   1   0   3   2  0.29 inf
  119 L   -4 -2 -5 -7 -5 -5 -6 -7 -6  2  6 -2  1  1 -6 -4 -4 -5 -3 -1    1   2   1   0   0   0   0   0   0  12  68   3   2   6   0   1   0   0   1   3  1.21 inf
  120 S    0  1 -1  1 -4  2  2 -2  0 -2 -3  3 -1 -2 -3  1 -1 -2 -1 -2    7   7   2   6   0  10  15   3   2   3   1  20   1   1   0  14   2   1   2   3  0.30 inf
  121 E   -1 -1  4  2 -1  3  1 -4  2  0 -3 -1 -1 -1 -4 -1  0 -2  0 -1    5   3  19  11   1  18   7   0   6   5   1   2   2   2   0   4   5   1   4   5  0.36 inf
  122 T    1 -5 -5 -6  0 -5 -5 -5 -6  4  1 -3  0  0 -4 -4  1 -1 -4  4   14   0   0   0   2   0   0   0   0  28  10   1   1   3   0   0  11   1   0  28  0.73 inf
  123 K    2 -2 -3 -4 -1 -1 -3 -1 -1  0  2  0  3  0 -3  2 -1 -2 -2  1   19   2   0   0   1   3   0   5   1   6  18   5  10   5   0  15   1   1   0   8  0.22 inf
  124 E    0  2  2  0 -2  1  1  1  1 -5 -4  2 -4 -3  0  2 -1 -5 -2 -3    7   9  10   3   1   7  10   9   3   0   0  14   0   1   4  17   1   0   2   1  0.30 inf
  125 I   -5 -6 -7 -7 -1 -6 -7 -7 -6  1  5 -6  4  4 -7 -6 -5 -5 -4 -2    0   0   0   0   1   0   0   0   0   6  64   0  11  18   0   0   0   0   0   1  1.52 inf
  126 T   -3  3  4  1 -5  0 -1 -2 -3 -4 -5  4 -4 -5 -3  1  2 -6 -5 -5    0  14  18   6   0   3   4   3   0   1   0  26   0   0   1  10  14   0   0   0  0.65 inf
  127 N   -3 -3  3 -4 -2 -4 -4 -1 -3 -7 -5 -1 -6 -7 -5  7 -1 -7 -6 -5    0   1  11   0   1   0   0   4   0   0   1   3   0   0   0  75   3   0   0   1  1.62 inf
  128 P    0 -1 -2 -1 -1  0 -1 -1 -2  0 -2  3 -1 -1  2  0  1 -4 -1  1    8   2   1   3   2   4   1   5   1   6   2  21   1   2   9   8   8   0   3  14  0.16 inf
  129 Y   -4 -3 -2 -8 -7 -6 -7 -8  4 -6 -6 -6 -6  1 -8 -5 -4 -1  9 -6    1   2   2   0   0   0   0   0   9   0   0   0   0   5   0   1   1   1  79   0  2.82 inf
  130 A    4 -5 -4 -5 -5 -4 -4 -1 -5 -5 -6 -4 -5 -6 -4  6  0 -7 -4 -4   37   0   0   0   0   0   0   4   0   1   0   0   0   0   0  53   4   0   0   1  1.38 inf
  131 M   -3 -4 -4 -5 -4  1 -4 -3 -2  5  0 -1  4  2 -4 -4 -2  4 -2  1    1   0   0   0   0   6   1   2   1  38   7   5  11   8   1   1   2   6   1  10  0.72 inf
  132 R   -6  8 -5 -1 -8 -3 -5 -4 -5  1 -4 -1 -6 -7 -7 -4 -4 -7 -6 -5    0  83   0   3   0   0   0   1   0   8   1   2   0   0   0   1   1   0   0   0  2.27 inf
  133 L   -5 -6 -7 -7 -5 -6 -7 -7 -6  4  5 -6  3  3 -7 -6 -3 -5 -4 -1    0   0   0   0   0   0   0   0   0  21  58   0   6  11   0   0   1   0   0   2  1.36 inf
  134 Y   -7 -7 -7 -8 -8 -7 -7 -8 -4 -6 -2 -7 -6  3 -8 -7 -7 -3 10 -6    0   0   0   0   0   0   0   0   0   0   5   0   0   8   0   0   0   0  88   0  3.24 inf
  135 E   -3 -1 -3  0 -7  1  7 -5  1 -4 -5  0 -2 -5 -5 -2 -3 -3 -3 -6    2   4   1   4   0   5  68   0   3   1   1   4   1   0   0   2   2   0   1   0  1.44 inf
  136 S   -5 -6 -5 -7 -2 -4 -6 -7 -6  2  5 -6  3  0 -6 -1 -5  6 -2 -2    0   0   0   0   1   0   0   0   0  10  59   0   8   3   0   6   0  10   1   1  1.25 inf
  137 L   -1 -6 -7 -7  2 -6 -6 -7 -6  1  6 -6  3  0 -6 -5 -5 -5 -4 -2    6   0   0   0   4   0   0   0   0   8  69   0   7   4   0   0   0   0   0   2  1.35 inf
  138 C   -1  1 -2 -4  4  0 -2 -4 -3  2 -1  3  4 -4 -4  1 -1 -4 -2  0    4   7   2   0   9   5   2   0   0  14   5  20  13   0   0  11   3   0   1   6  0.39 inf
  139 Q   -1  1  0 -3  1  6 -1 -2 -2 -4 -2  1  1 -5 -4  2 -3 -5 -2 -4    5   6   5   1   3  42   2   3   1   1   4   8   3   0   0  14   0   0   2   1  0.78 inf
  140 Y   -3 -5 -4 -5  1  0 -1 -5  0 -5 -4 -3 -1  4 -5 -4 -5  9  7 -3    2   0   1   0   3   4   5   0   2   0   1   2   2  13   1   1   0  29  33   2  1.72 inf
  141 R   -2  5  2 -2 -4  1  0 -3 -2 -2 -1  3 -1 -4 -3  0 -2 -2 -1 -3    2  29   8   2   0   7   6   1   1   2   6  21   2   0   1   6   2   1   2   2  0.51 inf
  142 K   -1  0  3  1 -4  1  0  0  1 -3 -3  3 -2 -3 -2  2  0 -4 -2 -3    3   5  14   7   0   7   6   5   3   1   2  19   1   1   1  18   5   0   1   1  0.32 inf
  143 P    0 -1  0 -1 -2  1 -1 -2  0  0  0 -1  1  0  0  0  1 -1  2  0    7   2   4   3   1   9   2   3   3   5  10   4   4   3   5   6  11   1   8   9  0.06 inf
  144 D   -1 -1  1  1 -2  1  2  3  0 -3 -2  2 -2 -2 -2 -1 -1 -3 -1 -3    4   2   6   7   1   5  14  21   3   1   4  17   1   2   1   4   2   0   2   2  0.25 inf
  145 G   -1  1  1  0 -3  1  0  1  3 -1 -2  3 -2 -1 -2  0  0 -1 -1 -2    4   8   6   4   0   5   5  11   8   4   3  21   1   3   1   6   6   1   2   3  0.17 inf
  146 S   -1  0  1 -2 -3 -1 -2 -2 -2  1 -1  2  0 -2 -3  0  4 -2  3 -2    3   5   6   1   0   3   1   2   1   7   4  15   2   1   1   7  27   0  10   2  0.32 inf
  147 G   -1 -1  0 -2 -4 -2 -1  4 -1 -3 -4  1 -4 -2  3  1  0 -4 -3 -3    3   3   4   1   0   2   4  38   1   1   1   8   0   2  15  10   5   0   1   2  0.58 inf
  148 I   -2 -1  0 -2 -3 -1  0 -2 -2  2  0  1  0  1 -2 -1  0  4  1  2    2   2   4   2   0   2   7   3   1  14   6  11   2   6   1   3   7   7   4  17  0.17 inf
  149 V   -1  3 -3 -2 -3 -2 -2 -3 -3  2  0  1 -1  3  0 -2 -1  2  0  0    5  21   0   2   0   1   1   1   0  13   9   9   1  13   5   2   3   3   2   8  0.27 inf
  150 S   -2  1  1  0 -4  1  3  0 -1  0 -2  1 -2 -2 -3  1  1 -4  0  0    2   7   6   3   0   4  23   6   1   7   2   7   0   1   0  10  11   0   3   6  0.22 inf
  151 L   -3 -5 -4 -3 -2 -3 -4 -1 -4  5  2 -4  2  3 -2 -4 -2 -3  3  1    1   0   1   1   1   1   1   5   0  31  19   1   5  13   2   1   3   0   9   6  0.61 inf
  152 K   -1  1  1  1 -4  0  2 -2 -2 -4 -3  1 -3 -4 -2  3  3 -5 -2 -4    5   6   6   7   0   3  13   3   1   1   2   9   0   1   1  23  18   0   1   0  0.39 inf
  153 I   -3  0 -4 -5 -4 -3 -4 -5 -1  5  3 -3  1 -1 -3 -4 -2 -2 -1  3    1   5   0   0   0   1   1   1   1  30  30   1   3   2   1   1   1   1   2  17  0.69 inf
  154 D   -1 -2  0  5 -6 -1  5 -4 -3 -2 -3  0 -3 -5 -2 -1 -2 -6 -4 -4    6   1   4  30   0   2  33   1   0   3   3   6   1   0   2   3   3   0   1   1  0.80 inf
  155 W   -4 -2 -1  4 -6  0  5 -4 -1 -3 -5 -1 -5  1 -5 -3 -3  6  0 -3    1   1   3  22   0   3  35   1   2   1   1   3   0   6   0   1   1  11   4   1  0.94 inf
  156 I   -5  0 -6 -4 -5  0 -4 -6 -5  1  5 -5  3  4 -6 -5 -5 -4 -1 -2    0   7   0   1   0   5   1   0   0   8  50   0   7  19   0   0   0   0   1   1  1.03 inf
  157 I   -3  6 -3 -2 -2  1 -3 -5  0  0 -3  4 -3 -2 -4 -2 -4 -2 -3 -1    1  41   1   2   1   6   0   1   2   6   3  26   1   2   0   2   0   1   1   5  0.95 inf
  158 E   -2  0  1  1 -5  1  4 -2  1 -3 -3  1 -1  0 -4  0 -1 -5  0 -2    2   5   6   7   0   7  33   2   3   2   2  10   1   4   0   6   4   0   3   2  0.43 inf
  159 R    0  2 -3 -3 -1  0 -2 -4 -2  1  1  2  5 -2 -3 -1 -2  2 -1 -1    9  13   0   1   1   4   2   0   1   9  13  12  19   1   1   4   1   3   2   3  0.35 inf
  160 Y   -3 -5 -6 -6 -2 -5 -4  0 -5 -1  4 -3  3  4 -6 -4  0 -4  3 -2    1   0   0   0   1   0   1   7   0   1  48   1   7  16   0   0   5   0   8   1  0.88 inf
  161 Q   -2  0  1  2  1  2  1  4 -3 -3 -2 -1  2 -2 -4 -1 -2 -5 -2 -1    1   5   5  11   3   9   8  32   0   1   4   3   5   1   0   3   1   0   1   6  0.38 inf
  162 L    0 -5  0 -4  3 -4 -3 -3 -4  3  4 -4 -1 -1 -5 -3  0 -5 -3  2    7   0   5   0   6   0   1   2   0  16  38   1   0   2   0   1   5   0   1  15  0.55 inf
  163 P   -1 -3 -1  2 -5 -1  3 -1 -4 -1 -5  0 -3 -6  5  0 -1 -6 -5 -2    4   1   2  11   0   3  21   6   0   4   1   4   0   0  31   6   3   0   0   3  0.72 inf
  164 Q   -2 -2  3  5 -6  0  3  0  0 -5 -6  2 -5 -4 -2 -1  0 -6 -5 -5    2   1  16  29   0   4  17   6   2   0   0  12   0   1   2   3   5   0   0   0  0.71 inf
  165 S   -2 -1  0 -1 -5  1  3 -3 -2 -3 -4  4 -4 -6 -4  3  0 -6 -5 -4    2   2   4   3   0   5  23   1   1   1   1  26   0   0   0  25   5   0   0   0  0.72 inf
  166 Y   -7 -7 -7 -8  0 -1 -7 -8 -1 -5 -2 -4 -3  0 -8 -7 -7 -3 10 -6    0   0   0   0   2   3   0   0   1   0   3   1   1   2   0   0   0   0  87   0  3.08 inf
  167 Q   -1  1 -2 -1 -5  3  1 -3 -2 -4 -3  4 -3 -5  3  0  0 -5 -1 -4    5   6   1   3   0  12   7   1   1   1   3  30   0   0  16   7   5   0   2   1  0.56 inf
  168 R   -1  4  2  1 -5  1  0 -4 -1 -2  0  2 -2 -5 -3 -2  0 -5 -4 -2    6  29  11   7   0   6   6   1   1   1  11  10   0   0   1   2   5   0   0   3  0.43 inf
  169 M   -5 -6 -4 -7 -6 -5 -6 -6 -4  1 -1 -6  6  6 -7 -4 -1  5  6 -2    1   0   1   0   0   0   0   0   0   7   5   0  19  29   0   1   4   7  24   3  1.38 inf
  170 P    1  0  2  0  0 -1 -1  2  0 -3 -4  2 -3 -1  0  2  0 -3 -1 -3   14   4  11   5   2   2   2  14   2   1   0  12   0   3   3  16   6   0   2   0  0.26 inf
  171 D   -3 -1  5  5 -6  0  0 -5  3 -5 -4 -2 -2 -4 -5 -1 -3 -3 -4 -4    2   3  31  37   0   3   5   0   6   1   2   1   1   1   0   3   1   0   0   1  1.12 inf
  172 F   -6 -7 -8 -8 -4 -7 -8 -8 -6 -1  3 -7  0  8 -8 -7 -5 -2 -2 -3    0   0   0   0   0   0   0   0   0   2  25   0   2  68   0   0   0   0   0   2  2.21 inf
  173 R   -4  4  1 -3 -7 -1  0 -6 -4 -3 -6  7 -3 -4 -5 -3 -2 -7 -4 -5    1  18   6   1   0   2   6   0   0   2   0  60   0   1   0   1   2   0   1   0  1.43 inf
  174 R   -1  5  1 -1 -4  2 -1 -4 -3 -3 -3  4 -3 -4 -5  0 -1 -6 -5 -1    4  33   5   3   0  11   3   1   0   2   2  21   0   0   0   6   4   0   0   4  0.70 inf
  175 R   -4  6  1 -2 -5 -2 -4 -4 -2 -4 -5  3 -3  0 -6 -3 -2  5  2 -5    1  50   6   2   0   0   0   1   1   1   0  16   1   4   0   2   2   7   6   0  1.23 inf
  176 F   -4 -7 -7 -8 -5 -7 -7 -8 -7  3 -2 -7 -1  1 -7 -4 -4 -7 -5  7    1   0   0   0   0   0   0   0   0  14   3   0   1   6   0   1   0   0   0  74  1.82 inf
  177 L   -5 -5 -8 -8 -5 -6 -7 -8 -7  5  5 -7 -1 -3 -7 -7 -4 -6 -5 -1    0   1   0   0   0   0   0   0   0  36  60   0   0   0   0   0   0   0   0   2  1.69 inf
  178 Q   -4 -3  1  5 -6  0  4 -5 -1 -2 -2  3 -3 -5 -5 -3 -2 -6 -4 -2    1   0   7  28   0   3  27   0   2   3   5  16   0   0   0   1   2   0   0   4  0.75 inf
  179 V   -2 -2 -1 -3 -3  0 -2 -5 -3  0 -2  2 -1 -3  6 -2 -1 -6 -5  1    3   2   3   1   1   4   2   0   1   6   5  11   1   1  44   2   4   0   0   9  0.93 inf
  180 C    6 -5 -5 -6  1 -5 -5 -3 -6 -4 -4 -5 -5 -6  1  2 -1 -7 -6 -2   68   0   0   0   2   0   0   1   0   1   1   0   0   0   6  17   3   0   0   2  1.40 inf
  181 V   -3 -2 -5 -5 -3  2 -3 -5 -5  4  2  0  0 -3 -5 -4 -2 -5 -4  3    2   1   0   0   0  11   2   0   0  29  20   7   2   0   0   1   1   0   0  24  0.72 inf
  182 N   -1  1  2  2 -6  1  3 -4 -2 -5 -5  6 -4 -6 -5 -1 -1 -6 -5 -4    4   5   9   9   0   4  16   0   1   1   0  45   0   0   0   4   3   0   0   1  0.91 inf
  183 E   -4 -2 -4  1 -8  5  7 -6 -3 -5 -7 -1 -6 -7 -5 -4 -4 -7 -6 -5    1   1   0   8   0  21  63   0   0   1   0   2   0   0   0   0   1   0   0   1  1.73 inf
  184 I   -6 -7 -8 -8 -5 -7 -7 -8 -7  7  3 -7 -1 -3 -7 -7 -5 -7 -5  0    0   0   0   0   0   0   0   0   0  69  26   0   1   1   0   0   0   0   0   5  1.94 inf
  185 N   -3 -2  8  0 -4 -2 -1 -4 -1 -5 -7 -1 -3 -7 -6 -1  0 -4 -6 -6    2   2  71   4   0   1   3   1   1   0   0   4   1   0   0   3   5   0   0   0  1.82 inf
  186 S    2 -1  0  1 -4  1  5 -2 -2 -4 -4  2 -3 -5 -4 -1  0 -6 -5 -4   16   3   4   6   0   5  36   3   1   0   1  14   1   0   0   3   6   0   0   0  0.61 inf
  187 R   -3  0  3 -4 -3 -1 -2 -4  6 -3 -2  4 -3  0 -5 -1  0 -4  2 -3    1   3  12   0   0   2   1   1  23   1   5  28   0   4   0   4   5   0   8   2  0.78 inf
  188 T   -2 -5 -2 -1 -1 -5 -3 -2 -6 -6 -6 -4 -5 -7 -5  3  7 -7 -6 -5    2   0   1   4   1   0   1   3   0   0   0   0   0   0   0  24  63   0   0   0  1.60 inf
  189 P   -5 -4  2  7 -4 -3 -1 -2  1 -7 -7 -4 -4 -4  2  0 -2 -7 -1 -5    0   0  10  57   0   0   3   4   3   0   0   0   0   1  10   6   2   0   2   1  1.35 inf
  190 M   -5 -6 -7 -7 -5 -6 -6 -7 -4  5  3 -6  3  4 -7 -6 -5  3  2 -1    0   0   0   0   0   0   0   0   0  37  29   0   7  16   0   0   0   3   6   2  1.20 inf
  191 R   -1  0  3  0 -1  0  0 -3  0  0 -1  1 -1 -1 -3  1  2  1  0 -1    3   5  14   4   2   5   6   0   2   5   5  10   1   3   0  13  14   2   3   5  0.16 inf
  192 L    0 -6 -6 -7 -3 -6 -6 -6 -6  4  0 -6 -2  4 -6 -5 -3 -5 -3  5    7   0   0   0   0   0   0   0   0  21   9   0   0  19   0   0   1   0   0  43  1.16 inf
  193 S   -2 -1  1  3 -4  0  3 -4 -1 -3 -5  1 -4 -4 -4  2  3 -3 -5 -2    2   3   6  15   0   3  18   0   1   2   0  10   0   0   0  16  22   0   0   2  0.54 inf
  194 Y   -3 -6 -7 -6  0 -6 -5 -7 -3  0 -3 -5 -2  4 -6 -6 -6  6  8  0    2   0   0   0   2   0   0   0   0   6   1   0   1  17   0   0   0   9  53   8  1.86 inf
  195 I   -3  0 -3  2 -6  1  6 -4 -3 -1 -5  2 -5 -4 -4 -1  1 -6 -5 -3    1   4   0   9   0   4  47   1   0   5   1  14   0   1   0   5   7   0   0   2  0.88 inf
  196 E   -1 -2 -1 -3 -5  4  3 -4 -3 -3 -2  1 -4 -2  4 -2  1 -5  0 -2    4   1   3   0   0  23  20   0   0   1   4  10   0   2  17   1   8   0   3   3  0.61 inf
  197 K   -3  0  0 -3 -4 -1 -1 -4  5  4 -1  1 -1 -2 -4 -3 -2 -5  0  2    0   5   5   1   0   3   4   1  14  29   4  10   1   1   0   0   2   0   3  17  0.50 inf
  198 K   -5  2 -3 -4 -8 -3 -3 -3 -5 -7 -7  8 -4 -8 -6 -3 -3 -7 -6 -7    0   9   1   1   0   0   1   2   0   0   0  83   1   0   0   2   2   0   0   0  2.14 inf
  199 K   -1  2  0 -2 -5  1  2 -4 -1 -1 -3  4 -1 -2 -4  0  2 -5 -2 -1    5  10   3   2   0   6  12   0   1   3   1  28   1   1   0   7  13   0   1   4  0.39 inf
  200 G   -3 -3 -4 -6 -7 -4 -6  7 -4 -8 -8 -3 -7 -8 -7 -2 -6 -7 -7 -5    1   1   0   0   0   1   0  90   0   0   0   2   0   0   0   3   0   0   0   1  2.36 inf
  201 R   -6  8 -1 -5 -8 -1 -4 -6 -5 -7 -7  2 -6 -7 -7 -5 -5 -7 -6 -6    0  82   2   0   0   2   0   0   0   0   0  11   0   0   0   0   0   0   0   1  2.40 inf
  202 Q   -1  1 -1 -4 -1 -1 -2 -4 -4 -3 -4  5 -3 -4 -2  3  1 -4 -5 -2    4   6   2   0   1   2   1   0   0   1   1  43   0   1   1  21  10   0   0   3  0.79 inf
  203 T   -3 -6 -6 -5 -5 -6 -6 -7 -5  6 -2 -5 -3  1 -4 -5 -1 -6 -2  5    1   0   0   0   0   0   0   0   0  42   1   1   0   5   1   0   4   0   1  43  1.40 inf
  204 T   -1 -2 -1  2 -4 -1 -1 -4  1  0 -3 -1 -3 -2 -4  1  4 -3 -1  3    3   1   2  13   0   2   4   1   3   5   1   3   0   1   0   8  26   0   2  23  0.41 inf
  205 H    2  0 -1 -1 -4 -2  0  3  3 -4 -4  0 -3 -4 -3  3 -1 -1 -2 -4   16   4   2   3   0   1   5  26   8   0   1   6   0   0   1  22   3   1   1   0  0.48 inf
  206 I   -5 -6 -7 -7 -5 -6 -7 -7 -6  6  3 -6 -2  5 -7 -6 -4 -1 -1  1    0   0   0   0   0   0   0   0   0  44  25   0   0  21   0   0   0   1   2   7  1.36 inf
  207 V   -1  1  0  0 -2  1  1 -3  1  0 -2  3 -2 -4 -3  1  1 -3 -2  1    2   8   3   4   1   5  10   0   3   5   3  18   0   0   0  13   8   0   1  14  0.22 inf
  208 F   -7 -8 -8 -9 -4 -8 -9 -8 -6 -2 -3 -8 -5 10 -9 -8 -7 -4 -2 -6    0   0   0   0   0   0   0   0   0   2   2   0   0  95   0   0   0   0   0   0  3.30 inf
  209 S   -2  1  0 -2 -4 -1  0 -4  4  0 -2  1 -1  0 -4  2  3 -1  2 -1    2   6   3   2   0   2   4   0  12   7   3  10   1   3   0  14  19   1   7   3  0.31 inf
  210 F   -5 -7 -7 -7 -5 -7 -7 -7 -5  5 -2 -7 -1  7 -4 -6 -5  2  2  2    1   0   0   0   0   0   0   0   0  37   1   0   1  40   1   0   0   3   6  12  1.55 inf
  211 R   -4  2 -2 -3 -3  1  2 -4 -1 -3 -3  6 -3 -3 -4 -2 -2 -5 -1 -1    0  10   1   0   1   5  15   1   1   1   2  51   0   1   0   2   2   0   2   5  0.92 inf
  212 D   -3 -1  1  4 -5  4  4 -4 -2 -4 -4  2 -4 -5 -1  0 -2 -5 -2 -4    0   2   6  23   0  19  24   0   0   1   1  11   0   0   3   6   2   0   1   0  0.71 inf
  213 I   -3  1 -2 -4 -5 -1 -1 -4 -4  0  0  6 -3 -4 -4 -1 -2 -5 -4 -2    1   6   1   0   0   1   2   0   0   7   9  65   0   0   0   4   1   0   0   3  1.01 inf
  214 T   -1 -3 -2 -3 -3 -2 -2 -3 -3 -3 -4 -2 -3 -4 -3  5  6 -5 -4 -3    0   0   0   0   0   0   0   0   0   0   0   0   0   0   0  47  53   0   0   0  1.16 inf

                      K         Lambda
Standard Ungapped    0.1380     0.3242
Standard Gapped      0.0504     0.2670
PSI Ungapped         0.1634     0.3125
PSI Gapped           0.0504     0.2670
