
Last position-specific scoring matrix computed, weighted observed percentages rounded down, information per position, and relative weight of gapless real matches to pseudocounts
           A  R  N  D  C  Q  E  G  H  I  L  K  M  F  P  S  T  W  Y  V   A   R   N   D   C   Q   E   G   H   I   L   K   M   F   P   S   T   W   Y   V
    1 C    0 -4 -3 -4  9 -3 -4 -3 -3 -1 -1 -3 -2 -3 -3 -1 -1 -3 -3 -1    0   0   0   0 100   0   0   0   0   0   0   0   0   0   0   0   0   0   0   0  1.24 inf
    2 T   -1 -1  4  3 -2  0  0 -1 -1 -2 -3 -1 -2 -3 -2  2  3 -3 -2 -2    0   0  30  20   0   0   0   0   0   0   0   0   0   0   0  20  30   0   0   0  0.38 inf
    3 V   -1 -3 -3 -4  5 -2 -3 -3 -1  2  0 -3  0  1 -3 -2 -1  0  4  2    0   0   0   0  20   0   0   0   0  20   0   0   0   0   0   0   0   0  30  30  0.32 inf
    4 N    0 -1  4  4 -2  0  0 -1 -1 -3 -3 -1 -2 -3 -2  3  0 -4 -2 -3    0   0  32  30   0   0   0   0   0   0   0   0   0   0   0  38   0   0   0   0  0.49 inf
    5 D   -1 -1  3  5 -3  0  2 -2 -1 -3 -3 -1 -3 -3 -2  0  1 -4 -3 -3    0   0  15  55   0   0  13   0   0   0   0   0   0   0   0   0  17   0   0   0  0.58 inf
    6 A    1 -1 -1 -1 -1  0  1 -2 -2  0  0 -1  3 -2 -2  1  0 -3 -2  1   20   0   0   0   0   0  15   0   0   0   0   0  23   0   0  17   0   0   0  24  0.12 inf
    7 E   -1  0  0  5 -4  1  4 -2 -1 -4 -4  1 -3 -4 -2  0 -1 -4 -3 -3    0   0   0  45   0   0  43   0   0   0   0  12   0   0   0   0   0   0   0   0  0.66 inf
    8 I   -1 -3 -2 -3 -1 -2 -2 -3 -3  4  1 -2  1 -1 -2  0  1 -3 -2  2    0   0   0   0   0   0   0   0   0  60   0   0   0   0   0  13  12   0   0  15  0.26 inf
    9 F   -1 -2 -1 -2 -2 -2 -2 -2  0 -1 -1 -2 -1  4 -2  1  2  0  4 -1    0   0   0   0   0   0   0   0   0   0   0   0   0  32   0  17  23   0  28   0  0.36 inf
   10 S    0  0  0  0 -2  1  3 -1 -1 -3 -3  2 -2 -3 -1  3  0 -3 -2 -2    0   0   0   0   0   0  30   0   0   0   0  23   0   0   0  48   0   0   0   0  0.38 inf
   11 L   -2 -3 -4 -4 -2 -3 -3 -4 -3  2  4 -3  2  0 -3 -3 -1 -2 -1  1    0   0   0   0   0   0   0   0   0  17  83   0   0   0   0   0   0   0   0   0  0.48 inf
   12 V   -1 -3 -3 -4 -1 -3 -3 -4 -4  3  1 -3  1 -1 -3 -2  0 -3 -2  4    0   0   0   0   0   0   0   0   0  17   0   0   0   0   0   0   0   0   0  83  0.43 inf
   13 K   -1  2  3  0 -3  1  0 -1 -1 -3 -3  4 -2 -4 -2  0 -1 -4 -2 -3    0   0  28   0   0   0   0   0   0   0   0  72   0   0   0   0   0   0   0   0  0.51 inf
   14 K   -1  0  2  3 -3  2  1  2 -1 -3 -3  3 -2 -4 -2  0 -1 -3 -2 -3    0   0  12  23   0  15   0  17   0   0   0  33   0   0   0   0   0   0   0   0  0.36 inf
   15 E   -1 -1 -2  0 -2  0  3 -3 -1  2  0 -1  2 -1 -2 -1 -1 -3 -2  1    0   0   0   0   0   0  48   0   0  40   0   0  13   0   0   0   0   0   0   0  0.25 inf
   16 V   -1 -3 -3 -4 -1 -2 -3 -4 -3  3  1 -3  3 -1 -3 -2 -1 -3 -1  4    0   0   0   0   0   0   0   0   0  33   0   0  16   0   0   0   0   0   0  51  0.38 inf
   17 L   -1 -1  3  2 -2 -1 -1 -2 -1 -1  1 -1  1 -2 -2  0  3 -3 -2 -1    0   0  24  13   0   0   0   0   0   0  18   0  10   0   0   0  35   0   0   0  0.21 inf
   18 S    0 -1  4  0 -2  0 -1 -1  3 -2 -2 -1  1 -2 -2  3  0 -3 -1 -2    0   0  29   0   0   0   0   0  14   0   0   0  10   0   0  47   0   0   0   0  0.35 inf
   19 L   -2 -3 -4 -4 -2 -3 -3 -4 -3  2  4 -3  2  0 -3 -3 -1 -2 -1  2    0   0   0   0   0   0   0   0   0   0  84   0   0   0   0   0   0   0   0  16  0.48 inf
   20 N   -1 -2  3  0 -3 -1 -1 -1 -1 -3 -3 -1 -3 -4  6  2  0 -4 -3 -3    0   0  28   0   0   0   0   0   0   0   0   0   0   0  48  24   0   0   0   0  0.91 inf
   21 T   -1 -2  2 -1 -2 -1  0 -3 -2  2  1 -1  0 -1 -2 -1  1 -3 -2  2    0   0  16   0   0   0  10   0   0  14  19   0   0   0   0   0  18   0   0  23  0.12 inf
   22 N   -1 -2  3  3 -3 -1  0  4 -1 -4 -4 -1 -3 -4 -2  1 -1 -4 -3 -3    0   0  18  26   0   0   0  46   0   0   0   0   0   0   0  10   0   0   0   0  0.56 inf
   23 D   -2  2  2  3 -3  1  3 -2 -1 -2  0  0 -1 -3 -2 -1 -1 -3 -2 -2    0  19  13  18   0   0  34   0   0   0  16   0   0   0   0   0   0   0   0   0  0.31 inf
   24 Y   -1 -2 -1 -2 -3 -1 -2  1  4 -2 -2 -2 -1  4 -3  0 -1  0  4 -2    0   0   0   0   0   0   0  16  19   0   0   0   0  23   0  14   0   0  28   0  0.36 inf
   25 T   -1 -2 -2 -2 -1 -2 -2 -3 -3  3  1 -2  1 -1 -2  0  3 -3 -2  1    0   0   0   0   0   0   0   0   0  42  16   0   0   0   0   0  42   0   0   0  0.28 inf
   26 T    0 -2  0 -1 -1 -1 -1 -2 -2 -1 -2 -1 -1 -3 -2  1  6 -3 -2  0    0   0   0   0   0   0   0   0   0   0   0   0   0   0   0   0 100   0   0   0  0.67 inf
   27 A    5 -2 -2 -2 -1 -1 -1  0 -2 -2 -2 -1 -1 -3 -1  2  0 -3 -2 -1   90   0   0   0   0   0   0   0   0   0   0   0   0   0   0  10   0   0   0   0  0.49 inf
   28 I    1 -3 -3 -3 -1 -2 -3 -3 -3  3  2 -2  1  0 -3 -2 -1 -3 -2  2   16   0   0   0   0   0   0   0   0  38  33   0   0   0   0   0   0   0   0  13  0.27 inf
   29 S   -1 -1  0  2 -3  2  4 -2  0 -3 -3  0 -2 -1 -2  1 -1 -1  2 -2    0   0   0  10   0  14  42   0   0   0   0   0   0   0   0  18   0   0  16   0  0.39 inf
   30 L   -2 -3 -4 -4 -2 -3 -4 -4 -4  5  2 -3  1  0 -3 -3 -1 -3 -2  2    0   0   0   0   0   0   0   0   0  82  18   0   0   0   0   0   0   0   0   0  0.48 inf
   31 S    3 -1  0 -1 -1 -1 -1  0 -1 -2 -2 -1 -2 -3 -1  4  1 -3 -2 -1   35   0   0   0   0   0   0   0   0   0   0   0   0   0   0  65   0   0   0   0  0.44 inf
   32 N   -2  4  3 -1 -4  1  0 -2  0 -3 -3  3 -2 -3 -2  0 -1 -3 -2 -3    0  45  28   0   0   0   0   0   0   0   0  27   0   0   0   0   0   0   0   0  0.54 inf
   33 R   -1  3  0  2  4  2  0 -2 -1 -3 -3  3 -2 -3 -2 -1 -1 -3 -2 -2    0  18   0  14  16   9   0   0   0   0   0  42   0   0   0   0   0   0   0   0  0.39 inf
   34 L   -2 -3 -4 -4 -2 -3 -3 -4 -3  2  4 -3  2  0 -3 -3 -1 -2 -1  1    0   0   0   0   0   0   0   0   0  13  87   0   0   0   0   0   0   0   0   0  0.51 inf
   35 K   -1  0  3  0 -3  0  1  3 -1 -4 -3  2 -2 -3 -2  0 -1 -3 -3 -3    0   0  29   0   0   0  13  30   0   0   0  28   0   0   0   0   0   0   0   0  0.41 inf
   36 I   -1 -2 -3 -3 -2 -2 -2 -4 -3  4  1  0  1 -1 -3 -2 -1 -3 -2  3    0   0   0   0   0   0   0   0   0  61   0  13   0   0   0   0   0   0   0  25  0.31 inf
   37 N   -1 -1  3  2 -3  1  3  1 -1 -3 -3  0 -2 -3 -2  0  1 -3 -2 -2    0   0  19   9   0   0  42  14   0   0   0   0   0   0   0   0  16   0   0   0  0.39 inf
   38 K   -1  2 -1 -1 -4  1  1 -2 -1 -3 -3  6 -2 -4 -1 -1 -1 -4 -2 -3    0   0   0   0   0   0   0   0   0   0   0 100   0   0   0   0   0   0   0   0  0.70 inf
   39 K    0  2  0 -1 -2  0  0 -1 -1 -3 -3  3 -2 -3 -1  3  0 -3 -2 -2    0  16   0   0   0   0   0   0   0   0   0  28   0   0   0  56   0   0   0   0  0.39 inf
   40 K   -1  0  2  2 -3  0  0 -2  2 -3 -3  2 -2 -2 -2  1  1 -2  1 -2    0   0  10  16   0   0   0   0   9   0   0  28   0   0   0  13  14   0   9   0  0.23 inf
   41 I   -1 -3 -4 -4 -1 -3 -3 -4 -4  5  1 -3  1 -1 -3 -3 -1 -3 -2  3    0   0   0   0   0   0   0   0   0  76   0   0   0   0   0   0   0   0   0  24  0.48 inf
   42 N   -2 -1  7  1 -3  0 -1 -1  0 -4 -4 -1 -3 -4 -3  0  0 -4 -3 -3    0   0 100   0   0   0   0   0   0   0   0   0   0   0   0   0   0   0   0   0  0.96 inf
   43 Q   -1  5  0 -1 -4  3  0 -2  0 -3 -3  4 -1 -3 -2 -1 -1 -3 -2 -3    0  48   0   0   0  18   0   0   0   0   0  34   0   0   0   0   0   0   0   0  0.60 inf
   44 Q   -1  0 -1 -1 -3  6  1 -2  0 -3 -2  1 -1 -2 -2 -1 -1 -1  2 -3    0   0   0   0   0  86   0   0   0   0   0   0   0   0   0   0   0   0  14   0  0.71 inf
   45 L   -2 -3 -4 -4 -2 -3 -3 -4 -3  1  5 -3  2  0 -3 -3 -2 -2 -1  1    0   0   0   0   0   0   0   0   0   0 100   0   0   0   0   0   0   0   0   0  0.58 inf
   46 Y   -2 -2 -3 -4 -3 -2 -3 -4  1 -2 -2 -2 -1  3 -4 -2 -2  2  8 -2    0   0   0   0   0   0   0   0   0   0   0   0   0   0   0   0   0   0 100   0  1.18 inf
   47 K    1  1  0 -1 -3  1  0 -1 -1 -3 -3  5 -2 -3 -1  1  0 -3 -2 -2   13   0   0   0   0   0   0   0   0   0   0  71   0   0   0  16   0   0   0   0  0.43 inf
   48 L   -2 -2 -4 -4 -2 -2 -3 -4 -3  1  4 -3  3  0 -3 -3 -1 -2 -1  1    0   0   0   0   0   0   0   0   0   0  84   0  16   0   0   0   0   0   0   0  0.51 inf
   49 Q   -2  0 -1 -2 -3  2  0 -3  5 -3 -2  1 -1  1 -3 -1 -2  6  5 -3    0   0   0   0   0  19   0   0  24   0   0   9   0   0   0   0   0  16  32   0  0.59 inf
   50 K   -1  1  2  0 -3  2  2 -2  4 -3 -3  3 -2 -3 -2  0 -1 -3 -1 -3    0   0  10   0   0  13  16   0  19   0   0  42   0   0   0   0   0   0   0   0  0.42 inf
   51 E   -1 -1  0  3  4  2  4 -2 -1 -3 -3  0 -2 -4 -2  0 -1 -3 -3 -3    0   0   0  24  16  13  47   0   0   0   0   0   0   0   0   0   0   0   0   0  0.54 inf
   52 D    0 -3  0  2 -3 -2 -1  6 -2 -4 -4 -2 -3 -4 -2 -1 -2 -3 -4 -4    0   0   0  18   0   0   0  82   0   0   0   0   0   0   0   0   0   0   0   0  0.92 inf
   53 T   -1 -2 -2 -3 -2 -2 -2 -3 -1  1  1 -2  0  2 -3  0  1  0  4  1    0   0   0   0   0   0   0   0   0  14   9   0   0  10   0   9  18   0  29  10  0.22 inf
   54 V   -1 -3 -4 -4 -1 -3 -3 -4 -3  3  2 -3  1  0 -3 -2 -1 -3 -1  3    0   0   0   0   0   0   0   0   0  37  29   0   0   0   0   0   0   0   0  34  0.38 inf
   55 K   -2  0  3  3 -3  0  1 -2 -1 -3 -3  3 -2  1 -2  0 -1 -3 -1 -3    0   0  19  29   0   0   0   0   0   0   0  42   0  10   0   0   0   0   0   0  0.37 inf
   56 M   -1 -2 -3 -4  4 -1 -3 -3 -2  1  1 -2  6 -1 -3 -2 -1 -2 -2  2    0   0   0   0  16   0   0   0   0   0   0   0  65   0   0   0   0   0   0  19  0.45 inf
   57 V   -1 -2 -3 -2 -1 -1  0 -4 -3  3  1 -2  1 -1 -3 -2 -1 -3 -2  4    0   0   0   0   0   0  14   0   0  20   9   0   0   0   0   0   0   0   0  57  0.27 inf
   58 P   -1  3  2 -1 -3 -1 -1 -2 -1 -3 -3  0 -3 -4  7 -1 -1 -4 -3 -3    0  26  14   0   0   0   0   0   0   0   0   0   0   0  60   0   0   0   0   0  1.15 inf
   59 S    2 -1  0 -1 -1 -1 -1 -1 -2 -1 -2 -1 -1 -2 -1  3  2 -3 -2  1   13   0   0   0   0   0   0   0   0   0   0   0   0   0   0  54  19   0   0  14  0.30 inf
   60 N   -2 -1  6  0  4 -1 -1 -1  0  0 -2 -1 -2 -3 -3  0 -1 -4 -2 -1    0   0  73   0  13   0   0   0   0  14   0   0   0   0   0   0   0   0   0   0  0.54 inf
   61 P   -1 -3 -3 -2 -3 -2 -2 -3 -3 -3 -3 -1 -3 -4  8 -1 -2 -4 -4 -3    0   0   0   0   0   0   0   0   0   0   0   0   0   0 100   0   0   0   0   0  2.20 inf
   62 P   -1 -3 -3 -2 -3 -2 -2 -3 -3 -3 -3 -1 -3 -4  8 -1 -2 -4 -4 -3    0   0   0   0   0   0   0   0   0   0   0   0   0   0 100   0   0   0   0   0  2.20 inf
   63 K   -1  4 -1 -1 -4  1  0 -2 -1 -3 -3  5 -2 -3 -2 -1 -1 -3 -2 -3    0  33   0   0   0   0   0   0   0   0   0  67   0   0   0   0   0   0   0   0  0.63 inf
   64 W   -3 -3 -5 -5 -3 -3 -4 -3 -3 -3 -2 -4 -2  0 -4 -4 -3 12  2 -4    0   0   0   0   0   0   0   0   0   0   0   0   0   0   0   0   0 100   0   0  2.77 inf
   65 F   -2 -3 -2 -3 -3 -3 -3 -3 -1 -1  0 -3 -1  6 -3  0 -2  1  4 -1    0   0   0   0   0   0   0   0   0   0   0   0   0  73   0  14   0   0  13   0  0.65 inf
   66 K   -1  2  0 -1 -4  1  1 -2 -1 -3 -3  5 -2 -4 -1  0 -1 -3 -2 -3    0   0   0   0   0   0   0   0   0   0   0 100   0   0   0   0   0   0   0   0  0.65 inf
   67 N   -2 -1  6  1 -3  0  0 -1  1 -4 -4  0 -2 -3 -2  1  0 -4 -2 -3    0   0 100   0   0   0   0   0   0   0   0   0   0   0   0   0   0   0   0   0  0.75 inf
   68 Y   -1 -2 -2 -3  6 -2 -3 -3  1 -1 -1 -2 -1  2 -3 -1 -1  1  6 -1    0   0   0   0  37   0   0   0   0   0   0   0   0   0   0   0   0   0  63   0  0.66 inf
   69 N   -2  0  6  1 -3  0  0  0  1 -3 -4  0 -2 -3 -2  1  0 -4 -2 -3    0   0 100   0   0   0   0   0   0   0   0   0   0   0   0   0   0   0   0   0  0.72 inf
   70 C    0 -4 -3 -4  9 -3 -4 -3 -3 -1 -1 -3 -2 -3 -3 -1 -1 -3 -3 -1    0   0   0   0 100   0   0   0   0   0   0   0   0   0   0   0   0   0   0   0  1.20 inf

                      K         Lambda
Standard Ungapped    0.1280     0.3131
Standard Gapped      0.0425     0.2670
PSI Ungapped         0.1383     0.3133
PSI Gapped           0.0425     0.2670
