
Last position-specific scoring matrix computed, weighted observed percentages rounded down, information per position, and relative weight of gapless real matches to pseudocounts
           A  R  N  D  C  Q  E  G  H  I  L  K  M  F  P  S  T  W  Y  V   A   R   N   D   C   Q   E   G   H   I   L   K   M   F   P   S   T   W   Y   V
    1 P   -3 -5 -5 -4 -6 -4 -4 -5 -5 -5 -6 -4 -5 -6  9 -3 -4 -6 -6 -5    0   0   0   0   0   0   0   0   0   0   0   0   0   0 100   0   0   0   0   0  2.98 inf
    2 Y   -3  0 -2 -3  1 -1 -2 -4  3 -3 -3  2 -3  2 -4 -1 -3  2  7 -3    1   4   1   0   4   2   1   0   8   0   0  15   0   8   0   4   0   2  49   1  0.95 inf
    3 L   -2 -4 -5 -5  0 -4 -5 -5 -5  4  4 -4  1 -1 -4 -4 -2 -4 -3  3    1   0   0   0   2   0   0   0   0  23  53   0   1   0   0   0   1   0   0  19  0.79 inf
    4 Q   -2  2 -1 -1 -3  2  3 -3 -1 -1 -2  2  1 -3 -3  0  0 -4 -3  1    0  15   1   1   0   9  20   0   1   1   1  17   4   0   0   5   7   0   0  17  0.31 inf
    5 I   -4 -5 -6 -6 -4 -5 -6 -6 -6  7  0 -5 -1 -2 -5 -5 -3 -5 -4  2    0   0   0   0   0   0   0   0   0  91   3   0   0   0   0   0   0   0   0   6  1.69 inf
    6 L   -2 -3 -3 -4 -1 -3 -1 -4 -4  3  2 -3  0  0 -4 -2  2 -4 -2  3    1   0   0   0   1   0   5   0   0  17  25   0   1   2   0   1  17   0   0  30  0.43 inf
    7 E   -2 -1 -2 -1 -1  0  6 -4 -3 -3 -4 -1 -4 -5 -4 -2 -2 -5 -4  1    1   3   1   0   2   1  75   0   0   1   0   1   0   0   0   0   1   0   0  14  1.20 inf
    8 Q   -3 -2 -2 -2 -6  8  3 -4  1 -6 -5 -1 -3 -6 -4 -3 -3 -5 -4 -5    0   0   1   0   0  82  15   0   2   0   0   0   0   0   0   0   0   0   0   0  1.84 inf
    9 P   -4 -5 -5 -4 -6 -4 -4 -5 -5 -6 -6 -4 -5 -7  9 -4 -4 -7 -6 -5    0   0   0   0   0   0   0   0   0   0   0   0   0   0 100   0   0   0   0   0  3.07 inf
   10 K    1  1 -1 -2 -3  2  0 -1  0 -1 -2  3  0 -3 -2  0  0 -3 -2  0   17   8   0   0   0  10   5   3   2   2   1  25   4   0   0   5   7   0   0   9  0.21 inf
   11 Q    0 -1  1  2 -4  4  2 -1 -2 -4 -4  0 -3 -4 -1  3 -1 -4 -3 -4    4   1   7  10   0  26  14   4   0   0   0   5   0   0   3  26   0   0   0   0  0.51 inf
   12 R   -2  5  0 -2 -4  0 -1 -3 -2 -4 -3  4 -3 -1 -3  0  0 -4 -1 -3    1  44   4   0   0   3   0   1   0   0   1  29   0   3   0   5   5   0   3   1  0.79 inf
   13 G    1 -1  0 -1 -2  1  0  3  1 -1 -2 -1  0 -2 -1  0  0 -2 -1 -1   13   1   4   3   0   7   5  32   5   4   3   1   3   1   2   3   7   0   1   2  0.24 inf
   14 F   -3 -3 -3 -3 -1 -2  0 -4  4  0  1 -3  3  5 -3 -3 -2 -2  2 -1    1   0   0   0   1   1   7   1  14   4  15   1  12  32   0   1   2   0   5   3  0.51 inf
   15 R   -4  8 -3 -5 -6 -2 -3 -5 -3 -6 -5 -1 -4 -6 -5 -4 -4 -6 -5 -6    0 100   0   0   0   0   0   0   0   0   0   0   0   0   0   0   0   0   0   0  2.37 inf
   16 F    1 -5 -5 -6 -4 -5 -5 -5 -4  0 -2 -5 -2  8 -6 -4 -4 -2  3 -3   14   0   0   0   0   0   0   0   0   6   0   0   0  73   0   0   0   0   7   0  1.65 inf
   17 R   -4  8 -3 -4 -6 -2 -3 -1  1 -6 -5 -1 -4 -6 -5 -3 -4 -6 -4 -5    0  91   0   0   0   0   0   4   3   0   0   0   0   0   0   1   0   0   0   0  2.05 inf
   18 Y   -4 -4 -5 -6 -5 -4 -5 -6 -1 -4 -1 -4 -3  0 -5 -4 -4 -1  9 -4    0   0   0   0   0   0   0   0   0   0   7   0   0   0   0   0   0   0  89   0  2.47 inf
   19 V   -1  0 -2 -1 -4  2  3 -1 -1 -2 -1  3  0 -4 -1 -2 -2 -4 -3  1    2   1   0   2   0  11  27   3   1   1   4  27   2   0   3   0   1   0   0  13  0.40 inf
   20 A   -2 -4 -3 -1  9 -3 -1 -4 -4 -4 -4 -1 -4 -5 -4  4  2 -5 -4 -2    1   0   0   3  45   0   3   0   0   0   0   3   0   0   0  33  11   0   0   1  1.36 inf
   21 E   -2  0 -3 -1 -6 -1  7 -3 -3 -6 -6 -2 -5 -6 -4 -3 -4 -6 -5 -5    3   5   0   0   0   0  90   1   0   0   0   0   0   0   0   0   0   0   0   0  1.83 inf
   22 G   -2 -4 -3 -4 -4  0 -4  6 -4 -2 -3 -2  5 -4 -4 -1 -3 -4 -4 -4    0   0   0   0   0   5   0  66   0   3   0   2  19   0   0   3   0   0   0   0  1.24 inf
   23 P   -2  5 -2 -3  0 -1 -2  3 -3 -4 -4  0 -4 -5  3  1 -3 -5 -4 -3    0  42   1   0   2   1   0  22   0   0   0   4   0   0  14  10   0   0   0   2  0.76 inf
   24 S   -2  1 -2 -3  0 -1 -1 -3 -3 -2 -4 -2 -3 -1 -1  4  4 -4  0 -3    0   9   0   0   2   1   2   0   0   3   0   0   0   3   2  40  33   0   4   0  0.68 inf
   25 H    3  0 -2 -3 -3 -2 -2 -3  8 -4 -3 -2 -3 -3 -1 -2 -2 -4 -1 -2   33   5   1   1   0   1   1   1  46   1   1   1   0   0   3   1   2   0   0   3  1.14 inf
   26 G   -1 -3 -2 -3 -4 -3 -3  7 -3 -4 -4 -3 -4 -4 -3 -2 -3 -4 -4 -1    3   1   1   1   0   1   1  80   0   1   1   1   0   1   1   1   1   0   0   6  1.44 inf
   27 G    1 -2  0 -2  2  0 -1  2  0 -4 -4 -2 -3 -4 -1  4  1 -4 -3 -3    9   1   3   1   4   4   2  17   2   1   1   1   0   0   2  46   6   0   0   1  0.56 inf
   28 L   -3 -3 -4 -4 -3 -3 -4 -4 -4  4  4 -3  0 -1 -3 -3 -2 -3 -2  1    1   1   1   1   0   1   1   1   0  33  50   1   0   1   1   1   1   0   0   5  0.78 inf
   29 P   -1 -2 -1 -3 -1  0 -2 -1 -3 -1  2  0  1 -3  5 -2 -1 -3 -3 -1    4   1   3   1   1   4   1   5   0   2  23   6   4   1  35   1   2   0   0   5  0.58 inf
   30 G    0 -5 -3 -4  0 -4 -4  7 -4 -5 -5 -4 -5 -1  0 -3 -4 -5 -5 -5    7   0   0   0   2   0   0  79   0   0   1   0   0   4   4   0   0   0   0   0  1.59 inf
   31 A    2  0 -2  0 -3  0  3 -2 -2  0 -1  0  0 -3 -1  0 -1 -4 -3  1   26   4   0   4   0   4  21   1   0   4   4   4   2   0   2   8   2   0   0  15  0.23 inf
   32 S   -1  1  3 -2 -3  0 -2 -1  2 -3 -4  0 -3 -1 -3  4 -1  2 -3  0    4   9  16   1   0   3   0   4   5   0   0   4   0   2   0  37   1   3   0   9  0.43 inf
   33 S    0 -1  2 -3 -4 -2 -1 -1 -3 -4 -4  2 -4 -1  0  5  0 -4 -1 -4    4   2   8   0   0   0   2   4   0   0   0  11   0   3   4  54   5   0   2   0  0.70 inf
   34 E   -1 -2  1  2  0 -1  2 -3 -3 -2 -3  0 -2 -1 -1  0  4  2 -3 -3    4   2   7  13   2   1  18   1   0   2   1   4   1   2   2   5  32   3   0   0  0.42 inf
   35 K    0  2  1  1 -3  1  1 -1  0 -2 -2  2 -2 -2  2  1 -1 -4 -3 -2    6  14   5   6   0   4   9   4   2   2   4  18   0   1  10  10   2   0   0   2  0.23 inf
   36 N    0  1  3  1 -3  0  1  0  0 -3 -3 -1 -3 -3 -2  2  2 -4 -2 -3    9   6  19   6   0   3  11   7   2   1   1   2   0   0   0  15  15   0   1   0  0.30 inf
   37 K    0  3  1 -1 -1  2 -1 -1  1 -3 -2  3 -1 -3 -1  1  0 -4 -3 -3    7  23   9   2   1   8   2   4   3   0   5  19   1   0   2   8   4   0   0   0  0.30 inf
   38 K   -2  3  2 -1 -4  0 -1 -1  0 -4 -4  5  0 -4  0 -1 -1 -4 -3 -4    2  12   9   2   0   4   2   4   2   0   1  46   2   0   4   4   4   0   0   0  0.62 inf
   39 S   -1 -3  0 -3 -3 -2 -1  1 -3 -1 -1  0 -2 -3 -1  2  5 -4 -3  0    4   0   3   0   0   0   3   9   0   2   6   5   0   0   2  13  44   0   0   7  0.48 inf
   40 Y    0 -2  1 -2  1  0 -2 -1  2 -2 -1 -2 -1  2  0  0  1  2  3  0    9   0   9   0   4   4   1   4   7   0   5   0   0  10   4   9   9   3  13   9  0.15 inf
   41 P    0 -3 -3 -3  3 -3 -3  0 -3  0 -1  0 -3  1  6  0 -2 -4 -3 -3    7   0   0   0   6   0   1   7   0   5   6   6   0   9  44   6   0   0   0   1  0.83 inf
   42 Q    0  0 -1 -1 -2  1  1 -1 -2 -2 -1  1 -2 -3  1  2  2  2 -2 -1    9   3   0   0   0   5  12   3   0   0   5  10   0   0   7  18  19   4   0   3  0.22 inf
   43 V   -1  0 -3 -3  2 -2 -3 -3 -3  3  2 -2  0 -1 -3 -2 -1 -2  1  3    5   6   1   1   5   1   1   1   0  23  16   1   0   0   1   1   1   0   8  30  0.32 inf
   44 K    0  1  1 -1 -2  1  1 -2  2  0  0  1  2 -2 -2  0  1 -3 -2 -1    8   8   8   0   0   8   8   1   8   8   8   8   8   0   0   8   8   0   0   0  0.11 inf
   45 I   -1  1  1  1 -2 -1 -1 -2 -1  1  0 -1  0 -2  2 -1 -1 -3 -2  1    1  13  13  13   0   1   1   1   0  13  14   1   0   0  13   1   1   0   0  13  0.14 inf
   46 C    1  0  0 -3  6  0 -1 -3  2  0  0 -1  1  0 -3 -1 -1 -3  0  1   10   6   5   1  18   4   4   1   6   4   6   4   4   3   0   4   4   0   3  12  0.22 inf
   47 N   -3 -3  6  0 -5 -1 -3  4 -1 -4 -5 -1 -4 -5 -4  0 -3 -5 -4 -5    0   0  47   3   0   2   0  31   1   1   1   3   0   0   0   8   0   0   0   0  1.14 inf
   48 Y   -3 -1 -4 -5  4 -4 -4 -3  1 -2 -1 -3 -3  2 -1 -3 -4  3  8 -1    1   4   0   0   8   0   0   2   2   1   5   1   0   8   3   1   0   3  54   5  1.25 inf
   49 V   -1  1  3  1 -2  1  0 -1  0 -1 -1  1 -2 -2 -1  0  0 -3  0  0    2   8  17   6   0   8   4   3   2   3   6   8   0   1   3   7   7   0   4  11  0.11 inf
   50 G   -2  0 -1  0 -4 -1  1  5 -3 -4 -4 -1 -4 -4  0 -2 -2 -4 -4 -2    1   5   3   5   0   3  11  56   0   0   1   4   0   0   5   1   2   0   0   3  0.83 inf
   51 P   -2  2 -1  0 -4  0  1 -4 -2 -3 -3  1 -1 -4  6  0 -1 -4 -2 -3    2  13   3   4   0   3   8   0   1   1   2   9   2   0  39   6   4   0   1   2  0.77 inf
   52 A    5 -3 -3 -3 -1 -1 -1 -1 -3 -2 -3 -3 -2 -2 -3  1  0 -4 -3  2   56   0   0   0   1   3   3   4   0   1   1   0   0   2   0   8   4   0   0  16  0.65 inf
   53 K   -2  2 -2 -3 -3  0 -1 -3 -2  1  1  2  0 -2 -2 -1  0  2 -2  2    1  14   1   0   0   3   3   0   1  11  11  17   2   1   1   2   7   3   1  19  0.20 inf
   54 V   -1 -4 -4 -2 -3 -4 -4 -5 -5  5  1 -4 -1 -3 -4 -4  0 -5 -3  5    3   0   0   3   0   0   0   0   0  34  11   0   1   0   0   0   5   0   0  41  0.86 inf
   55 I   -2  4 -3 -1 -3  1 -1 -1 -3  1 -2  0 -1 -1 -4 -2  1 -4 -3  3    1  26   0   3   0   7   4   5   0   6   1   3   1   3   0   0  11   0   0  29  0.38 inf
   56 V    1 -4 -4 -5  6 -4 -4 -1 -4  1  0 -4 -2 -3 -4 -3 -2 -4  0  5   10   0   0   0  19   0   0   6   0   6   9   0   0   0   0   0   1   0   3  43  0.78 inf
   57 Q   -2  0 -2 -2  3  3 -2 -1  1 -1 -3 -2 -1  1 -3  3  2  1 -2 -2    0   5   0   2   7  19   0   3   3   3   0   1   1   7   0  31  12   2   1   2  0.43 inf
   58 L   -3 -5 -5 -5  5 -4 -3 -2 -5  1  5 -5 -1  0 -5 -4 -3 -4 -3  1    0   0   0   0  15   0   2   3   0   7  60   0   0   2   0   0   0   0   0  10  0.94 inf
   59 V    0 -4 -4 -5 -3 -1 -4  0 -4  0 -1 -4 -1  2 -4 -2 -2 -3  2  5    8   0   0   0   0   3   0   7   0   3   4   0   1  11   0   3   0   0   6  53  0.65 inf
   60 T   -1 -3 -1 -4  3  3 -3 -4 -4 -3 -4 -3 -3 -4 -4  0  6  4 -4 -1    3   0   2   0   5  14   0   0   0   0   0   0   0   0   0   6  56   7   0   5  1.04 inf
   61 N    0  1  2  1 -4 -1  1 -1  2 -2 -4  4 -2 -4 -3  1  0 -4 -3 -1    7   5  12   9   0   0   7   2   5   2   0  28   0   0   0   9   7   0   0   5  0.34 inf
   62 G   -1 -3  3  4 -4 -2  1  1  2 -3 -2 -2 -1 -4 -1  0 -1 -4 -1 -2    5   0  13  32   0   0   8  10   6   0   3   1   2   0   3   6   3   0   2   4  0.43 inf
   63 K   -1 -1 -1  3  0  0  2  1 -2 -3 -2  2 -2 -3  2 -1 -2  2 -3 -2    3   2   2  20   3   2  17   9   1   0   5  13   0   0  12   3   1   3   0   3  0.32 inf
   64 N   -2  1  3  1 -5  0  0 -2  2 -3 -5  0 -4 -5  5  1 -1 -5 -3 -3    2   9  14   7   0   4   4   1   5   1   0   6   0   0  34   9   2   0   1   1  0.70 inf
   65 I   -1  1 -3 -3 -2  0 -1 -1  3 -1 -1 -2 -2 -1  4 -2  0 -3  3  0    4  11   0   0   1   3   5   4   7   2   5   1   0   2  26   0   7   0  13   9  0.42 inf
   66 H    0  4 -2 -1  0 -1 -1 -2  4 -3 -3  2  1 -4 -3 -1  1 -4 -2 -2    7  32   0   3   2   1   3   2  13   1   1  13   4   0   0   4  11   0   1   2  0.46 inf
   67 L    0  0 -4 -4 -1 -1 -1 -4 -4 -2  0 -3  0 -4  6 -1 -2 -5 -2  0    9   5   0   0   1   2   5   0   0   1   9   0   3   0  49   3   2   0   2   9  0.95 inf
   68 H   -5  1 -3 -5 -7 -3 -3 -6 11 -7 -6  0 -5 -5 -6 -2 -5 -6 -2 -7    0   6   0   0   0   0   0   0  86   0   0   5   0   0   0   3   0   0   0   0  2.87 inf
   69 A    3 -3 -3 -3 -3 -3 -3 -1 -3 -1 -3 -3 -3 -1  6  0 -1  1 -3 -1   24   0   0   0   0   0   1   4   0   4   1   1   0   3  44   8   2   2   0   5  0.94 inf
   70 H   -4 -1 -2 -4  3 -2 -3 -4 10 -4 -2 -3 -4 -2 -4 -1 -4 -4  1 -4    1   3   0   1   7   0   1   1  71   1   4   1   0   2   1   4   1   0   3   1  2.01 inf
   71 S   -1  2  1 -1  2  2  0 -1  2 -3 -2  2 -2 -3 -2  2 -1  1 -1 -3    2  15   8   2   5   9   5   3   5   1   3  15   0   1   1  21   1   2   1   1  0.26 inf
   72 L   -3 -3 -4 -4 -3 -3 -4 -4 -4  1  5 -4  2 -2 -4 -2 -3 -3 -3  0    1   1   1   1   0   0   1   1   0   4  75   1   3   0   1   4   1   0   0   5  0.97 inf
   73 V   -1 -4 -4 -4 -3 -3 -4 -2 -4  1  0 -3  1  1 -4 -1 -1 -3  1  5    5   0   0   0   0   0   0   3   0   6   8   0   3   7   0   4   4   0   4  53  0.60 inf
   74 G   -2  1  0 -1 -4 -2  0  5 -1 -1 -4 -1 -3  0 -3 -1 -3 -4 -1 -1    1   8   5   2   0   0   7  51   2   4   1   2   0   4   0   2   0   0   2   6  0.63 inf
   75 K   -2  3 -2  0 -4  1  1 -1 -2 -4 -3  5 -3 -4 -3  0 -1 -4 -4 -4    1  17   0   6   0   4   8   6   0   0   3  45   0   0   0   6   2   0   0   0  0.69 inf
   76 H    0 -2  2  3 -3  1  1  0  2 -2 -2  0 -2 -2 -2  0  0 -3 -1 -2    9   0  12  19   0   5  11   7   7   2   5   5   0   1   0   7   4   0   1   3  0.22 inf
   77 C   -2 -4  0  3  8  1 -1 -1 -3 -1 -2 -3 -3 -4  0 -2 -1 -4 -4 -1    2   0   5  16  40   6   4   5   0   4   3   0   0   0   5   2   3   0   0   4  0.89 inf
   78 E   -1  1  0  2 -1  0  2 -2 -1 -2 -3  3 -2 -3 -1  1  1 -3  0 -2    2   7   5  12   1   2  14   2   1   3   1  23   0   0   2   8   8   0   4   3  0.25 inf
   79 D   -2  2  2  4 -4  0  2 -1  1 -2 -2  1 -3 -4 -3  0 -1 -4 -2 -3    2  11  10  29   0   3  12   4   4   2   4   9   0   0   1   4   2   0   1   1  0.42 inf
   80 G   -2 -1 -2  3 -4 -3 -2  6 -4 -5 -5 -3  0 -5  1 -2 -3 -4 -4 -4    1   3   0  19   0   0   3  59   0   1   1   1   3   0   6   2   1   0   0   1  1.11 inf
   81 I   -2 -2 -1 -3 -3 -3 -3 -4  2  3  0 -3  1  0  0 -1 -1 -3  0  4    1   2   3   1   0   0   1   1   6  20   7   1   3   4   5   4   2   0   4  35  0.39 inf
   82 C   -2 -4 -2 -1  9 -4 -4 -4  4 -1 -3 -4 -1 -2 -2 -1 -1 -3  4 -2    3   0   2   4  43   0   1   1  11   3   1   1   2   1   2   4   3   0  16   2  1.26 inf
   83 T   -1  0 -1  1  0  0  2 -3  2  0 -1  0  0 -2 -2  0  3 -3  0  0    3   4   0   7   2   4  14   1   7   7   3   5   2   1   0   8  21   0   3   7  0.17 inf
   84 V    1 -1 -2 -3 -2 -2 -1 -2 -3  2  1 -1  2 -1 -2 -2 -1  0 -2  4   12   4   2   0   0   1   5   2   0  12   9   4   6   2   2   1   1   1   0  35  0.27 inf
   85 T   -1  1  0  1 -2  0  2 -3 -1 -1 -1  2 -1 -3  0  0  1 -3 -1  1    2   7   3   8   1   4  14   1   1   2   3  13   1   0   5   5  10   0   3  17  0.15 inf
   86 A    0 -1 -2 -2 -1 -2 -1 -2 -3  2  2 -2  0  0  0  0 -1 -3 -1  3    7   3   2   2   1   0   3   2   0  11  21   0   2   3   5  10   1   0   1  25  0.18 inf
   87 G   -1  0  2  2  0  0  1  3  1 -4 -4  1 -3 -4  0  1  0 -4 -3 -3    4   4   9  11   3   3   7  23   4   0   1   9   0   0   5  12   4   0   0   0  0.30 inf
   88 P   -1 -1 -1  1 -4  1  1 -2 -3 -4 -4  0 -4 -5  6  0 -2 -5 -4 -4    4   3   3   9   0   8   8   3   0   0   1   5   0   0  45   6   2   0   0   1  0.96 inf
   89 K   -2 -1  2  1  1  0  2  1  4 -4 -3  1 -3 -4  0  0  0 -4 -2 -2    1   3  12   6   4   3  14  13  12   0   1  10   0   0   5   5   7   0   0   2  0.29 inf
   90 D   -2  2  3  4 -4  0  1  0 -1 -3 -3  0 -3 -4 -1  1  0 -4 -4 -3    1  10  14  29   0   4   7   6   1   2   1   4   0   0   2  13   6   0   0   1  0.46 inf
   91 M   -1  2  0 -1  3  0 -1 -2 -3 -2 -1 -1  5  0  1  0 -1  1  1 -2    4  12   4   3   7   4   3   2   0   0   4   3  21   3   8   7   3   2   6   2  0.28 inf
   92 V   -1  1 -1 -1  0  0 -1 -3 -3  1 -1  0  1 -3  0  0  2 -4 -1  3    3   9   2   3   2   4   4   0   0   8   3   6   4   0   6   5  14   0   2  23  0.18 inf
   93 V    0 -2 -2 -2  3  1 -1 -2  3  1  0 -1  0 -1 -2 -1  1 -2  2  1   11   1   0   1  10  10   1   1  10  11  11   1   0   0   1   1  11   0  10  11  0.13 inf
   94 G    0  0  0 -2  1  1  0  1  1 -1 -2  0  0  0 -2  2  1 -3 -2  0    5   4   4   0   4   7   4  11   4   4   1   4   4   4   0  22  11   0   0   8  0.13 inf
   95 F   -3 -3  0 -3 -3 -3  0  0 -3  1  0 -3 -2  6 -4  0  0 -2  0  0    1   0   6   0   0   0   6   7   0   7   6   0   0  45   0   7   6   0   0   7  0.63 inf
   96 A    0  1  1  0  1  2  1 -1  3 -1 -3  2 -2 -3  0  0  0 -3 -2 -1   10   8   7   4   3  10  11   4  10   4   1  12   0   0   4   4   4   0   0   4  0.19 inf
   97 N   -2 -1  5  1  0  0  1  1  0 -4 -4  1 -3 -3 -3  0  1 -4 -1 -3    1   0  39   7   3   1   9  11   2   0   1  11   0   0   0   4   9   0   2   0  0.46 inf
   98 L   -2 -3 -3 -3 -2 -2 -1 -4 -3  2  3 -3  3 -1  2 -2  0 -2  2  1    1   0   0   0   0   0   4   1   0  11  40   0  10   0  10   0   5   0   8   8  0.35 inf
   99 G    0 -2 -1  0  0 -2  0  4 -2 -2 -2 -2 -2  0 -2 -1  0 -2  0  0    5   1   0   7   3   0   9  45   0   1   1   1   0   5   1   1   7   0   4  12  0.35 inf
  100 I    0 -3 -2 -3 -2 -2 -2  0  3  4  0 -2  0 -1 -3 -1 -1 -3 -1  2   10   1   0   1   0   0   1   7  11  43   5   1   0   0   1   6   1   0   0  13  0.27 inf
  101 L   -1  0 -1 -1 -2  2  1 -2 -1  1  0  0  0 -2  1  1  1 -2 -2  1    1   3   1   1   0  15  10   1   0   8  12   3   2   0   8  10  14   0   0  11  0.13 inf
  102 H    0 -1 -1 -2  6 -1 -2  0  5 -2 -2  0 -2 -1 -2  1 -1 -3 -1  0    9   3   0   1  23   0   1   6  23   1   1   7   0   3   1  11   1   0   0  10  0.39 inf
  103 V    1 -1 -4 -4  0 -3 -4 -4 -4  0 -2 -3 -2 -3  0 -3  3 -4 -3  5   11   4   0   0   2   0   0   1   0   3   2   0   0   0   5   1  17   0   0  51  0.73 inf
  104 T    1  2 -1 -2  0  0 -2 -2 -2  0 -2  3 -1 -3  0  1  2 -4 -3 -1   15  10   2   0   3   4   0   2   0   7   1  22   1   0   5   8  16   0   0   3  0.26 inf
  105 K   -3  4 -1 -3  3  0 -1 -3 -3 -4 -4  5  0 -4 -1 -2  0 -4 -4 -3    1  21   2   0   7   4   3   1   0   0   1  44   3   0   3   1   6   0   0   2  0.82 inf
  106 K   -1  3  1 -3 -4 -1  0 -4  0 -4 -2  5 -3 -4 -3 -2 -1  3 -3 -4    5  17   5   0   0   0   6   1   2   0   5  48   0   0   0   1   3   5   0   0  0.80 inf
  107 K    0  0  1  4 -4  0  3 -2  2 -4 -4  1 -3 -2 -3  0 -2 -4 -1 -4    6   3   7  26   0   4  23   3   4   0   1   9   0   2   0   6   1   0   2   0  0.50 inf
  108 V   -2  0 -4 -4 -1 -2 -4 -4 -4  3  2 -3  2  0 -4 -1  0 -4 -3  4    2   6   0   0   1   1   0   0   0  20  15   0   5   3   0   5   5   0   0  32  0.46 inf
  109 F    0  0 -1  1 -3  0  2 -2 -2 -1 -1  1  1  1 -1  0 -1  3  2  0    6   5   2   9   0   2  15   2   0   3   4  12   5   6   2   5   3   4  11   6  0.14 inf
  110 E   -1 -1  0  3 -4  0  4 -1 -2 -1 -2 -1 -2 -4  1 -1  0 -4 -3 -2    6   3   3  18   0   3  33   4   0   5   4   3   1   0   7   2   6   0   0   1  0.42 inf
  111 T    1  1  0 -1 -3  0  1 -2 -1  0 -2 -1 -2 -3  1  2  1 -1 -3  0   16   9   3   3   0   3  12   1   1   7   2   0   0   0   8  16   9   1   0   7  0.18 inf
  112 L   -1 -3 -3 -4 -3 -3 -1  0 -4  2  4  1  1 -2  1 -3 -2 -3 -3  0    3   0   0   0   0   0   5   8   0  12  45  10   3   0   8   1   0   0   0   4  0.41 inf
  113 E   -1  2  1  0 -1  0  3 -3 -1  0 -1  1 -1 -1 -3 -1  1 -3  0 -1    4  12   7   3   1   4  22   0   1   6   5  11   2   2   0   2  11   0   4   3  0.20 inf
  114 A   -1  0 -1 -1 -1  2  2 -2 -1  0  0  2  0  0  1 -1  2 -3 -1 -1    4   4   1   2   1  11  13   1   1   7   7  14   3   4   6   1  14   0   1   4  0.14 inf
  115 R   -3  6 -3 -4 -5 -2 -3 -4  2 -4 -2  3 -3 -4 -1 -1 -3  2  1 -1    1  51   0   0   0   0   0   1   4   0   4  17   0   0   3   3   0   3   5   5  0.98 inf
  116 M   -1  1  0 -2 -2  0  0 -3 -2  2  0  1  3  0  0 -1 -1 -2  1  0    5   7   4   1   0   4   7   1   0  15   9   9  11   4   4   4   1   0   6   6  0.09 inf
  117 T   -1  1  0 -2 -3  2  0 -1  1  0  0  1  1 -1 -2  0  1 -3 -2  0    4  10   4   0   0  13   6   4   4   8   9   8   4   3   0   7   9   0   0   6  0.09 inf
  118 E   -1  1  0  1  0  2  4 -3 -2  0 -2  2 -2 -3 -2 -1  0 -4 -3  0    4   7   4   9   2   8  27   1   0   8   2  11   0   1   1   4   4   0   0   6  0.31 inf
  119 A    1  1  0  0 -2  1  1 -1  0  1  0  0  0 -2  0  0 -1 -3 -2  0   12   7   6   6   0   9  10   5   2  12  10   4   2   1   3   4   1   0   0   4  0.07 inf
  120 C   -1  2  0 -1  3  0 -2 -1 -1 -1  1  0  0  0 -1 -1  0 -2 -1 -1    3  16   6   4   9   3   1   5   2   3  19   5   1   4   2   5   4   0   2   3  0.10 inf
  121 I   -1  1 -1 -1 -2 -1  0 -2  0  1  1  0  1  0 -2 -1 -1 -2 -1  2    3   9   3   4   0   2   5   1   3  10  14   5   4   5   1   4   3   0   1  21  0.10 inf
  122 R   -1  2  0  3  0  1  0 -1  1 -2 -1  1  0 -1  1 -1  0 -3 -2 -2    3  15   4  20   3   5   5   3   3   1   5   7   3   4   8   3   5   0   0   3  0.20 inf
  123 G   -1 -1  0  0 -3 -1  1  2 -1 -1 -3  0 -2 -1  4  1 -1 -3  0 -1    3   4   4   4   0   2   8  17   1   4   2   6   0   3  21  12   2   0   4   4  0.29 inf
  124 Y   -1  0  1 -2 -1  0 -1 -2  0  0  0  0  2  3 -1  0 -1 -1  3 -1    4   5   7   1   1   3   3   1   2   6   9   7   6  14   4   7   3   0  14   2  0.15 inf
  125 N   -2  1  6  1 -3  0 -2  0  0 -3 -3  2 -1 -3  0  0 -1 -3 -1 -3    2   7  37   6   0   4   1   7   1   1   2  13   1   1   4   5   2   0   2   1  0.56 inf
  126 P    0  0  0  0  1  0  1 -2  1 -2 -1 -1  2 -2  3 -1  1  1  1 -1    9   5   4   4   4   4   8   2   3   1   4   1   8   1  15   3  12   2   5   2  0.18 inf
  127 G    0  0  0 -2 -2  0 -1  4 -2 -2 -2 -1  1  1  1 -1  1 -2  0 -2    6   5   3   2   1   3   4  31   1   2   3   4   5   8   6   3  10   0   3   2  0.26 inf
  128 L   -1  1  1 -1 -2 -1  0 -1 -1  1  1  0  0  1 -2 -1 -1 -2  0  0    5   9   9   3   1   1   8   4   1   8  20   5   1   8   2   3   2   0   2   8  0.04 inf
  129 L    1  0  0  0  0 -1 -1  0 -1  0  0  0  0  0 -1  0  0 -1 -1  0   11   5   3   4   3   1   3   7   1   7  14   7   1   7   3   7   8   0   1   6  0.01 inf
  130 V   -1 -1 -1  1  0  1 -1 -2  1  2 -1 -1 -1 -1  1  0  0 -2 -1  2    4   4   1   8   2   7   3   2   4  13   3   3   1   3   6   6   5   0   1  25  0.11 inf
  131 H   -1 -1  0  2  1  0  1  0  5 -1 -2  1  1 -2 -1 -1 -1 -3 -1 -2    3   3   2  14   3   4   9   7  21   3   4   9   4   1   3   3   4   0   1   2  0.27 inf
  132 P   -2  1 -1 -1  2 -1  1 -1 -2 -1  0 -1 -1 -2  5 -1  0 -3  0  0    2   7   3   4   5   2  10   4   0   3   9   3   1   1  27   2   7   0   3   7  0.34 inf
  133 D   -2 -2  1  4 -3  0  1 -2  2 -1  0  0  1  1 -2 -1  0 -3 -1  0    2   1   6  25   0   3  11   2   6   3   8   5   5   8   1   1   4   0   1   7  0.23 inf
  134 L   -1  1 -1 -1  0  0 -1  0  0  1  2  0  0  0 -2 -1 -1 -2  0  0    2  12   1   4   2   4   2   9   2  10  23   8   2   3   1   4   4   0   3   5  0.05 inf
  135 A    1  0  0  1  2  0  1 -1 -1  0 -1  1  0 -2  1  0  0  0 -2 -1   12   4   4   9   5   2  10   5   1   6   7   9   4   1   6   6   4   1   1   4  0.06 inf
  136 Y    0  0  0 -1 -2  1  0 -1 -1  0  1  0 -1  0 -2 -1  0 -1  2  0    6   7   5   3   0   7   8   6   1   4  19   4   1   2   1   3   6   0  12   5  0.06 inf
  137 L   -1  1 -1 -2 -2  0  0 -2 -2  1  2  1  0  1 -2 -2 -1 -2 -1  1    2  10   2   1   0   3   5   2   1   5  28  11   2   5   1   2   4   0   1  15  0.15 inf
  138 Q    0  1  1  2 -2  2  1 -1 -1 -1 -1  1  0 -2 -1 -1 -1 -2  0 -1   11   8   7  11   0  13   9   4   0   3   8   8   3   1   2   1   1   0   4   5  0.11 inf
  139 A    1  1  2  1  1 -1 -1  1 -2 -1 -2  0  1 -1 -2  0 -1 -3 -2  0   17  11  11   7   3   1   1  11   0   3   2   6   6   3   1   7   3   0   1   7  0.11 inf
  140 E   -1  1  2  0 -3  1  2 -2 -1 -2  0 -1 -2 -2  1 -1 -2  3  1  0    5  11  15   5   0   5  18   1   0   1  11   1   0   0   6   4   1   4   6   8  0.19 inf
  141 G    0  0  0  0 -2  0  1  1  1 -2 -1  0  0 -2 -2  1  1 -2  1 -1    5   4   5   6   0   3   9  12   3   1   8   4   3   1   1  12   8   0   6   5  0.05 inf
  142 G    0  1  2  2 -1 -1  0  2  0  0 -2 -1  1 -2  0  0 -1 -3 -2 -1    5   8  13  12   2   0   4  16   3   8   1   1   5   2   5   7   2   0   0   4  0.11 inf
  143 G    0  0  0 -2 -2 -1 -1  2 -2  0 -1 -1  0  1  1  0  0 -2 -2  1    7   4   6   1   0   2   3  17   0   7   4   2   3   7   7   5   5   0   0  14  0.05 inf
  144 D   -1  2  1  1 -2  1  1 -1  1 -1 -1  0 -1 -2  2  0 -1 -2 -1 -1    3  12   9   8   1   5  12   4   3   4   6   5   2   2  10   4   4   1   1   3  0.13 inf
  145 R    1  2  0  0  0  0  0 -1  0  0  0  0  0 -1  0  0  0 -2 -1  0   11  19   3   4   3   3   5   4   2   5   7   5   3   2   3   5   5   1   2   8  0.05 inf
  146 Q   -1  2  0  0 -2  1  1 -1  1 -1 -1  0 -1 -2  1  1  0 -1 -1 -1    4  12   4   5   1   8  12   5   4   3   5   5   1   2   8   9   7   1   2   3  0.11 inf
  147 L   -1 -1  1 -1 -1 -1 -1 -1 -1  1  2 -1  0  0 -1 -1  0  1 -1  0    4   4   9   2   1   2   3   4   1  13  26   5   2   5   3   4   4   2   1   4  0.06 inf
  148 G    0 -1  0 -1 -1 -1 -1  1 -1 -1 -1 -1 -1 -2 -1  1  3  3 -1  0    8   3   4   2   1   2   4  13   1   2   5   3   2   2   2  12  24   4   1   5  0.17 inf
  149 D    0  0  0  1 -1  1  2 -1 -1 -1 -1  0 -1 -1  0  0  1 -2 -1  0    6   5   5  10   1   5  17   3   1   4   6   4   1   2   3   7  10   1   1   7  0.09 inf
  150 R    1  2  0  0  0  0  0  0  0 -1 -1  1 -1 -1  0  0  0 -1 -1  0   16  13   3   4   2   3   6   5   2   3   7   9   1   3   3   7   4   1   1   6  0.06 inf
  151 E   -1 -1  2  2 -2  1  3  0 -1 -2 -1 -1 -2 -2  0  0 -1 -2 -2 -2    6   3  10  15   1   5  23   7   1   2   6   2   1   1   5   5   2   1   1   2  0.23 inf
  152 K   -1  1  1  0 -2  0  2  0 -1 -1 -1  1 -1 -2 -1  1  0 -2 -1 -1    4   7   7   5   1   2  14   5   1   5   6  13   2   2   3  10   5   1   2   5  0.09 inf
  153 E    0  1  1  1 -1  1  1  0  0 -1 -1  2 -1 -2  0  0 -1 -2 -1 -1    7   7   5   9   1   7  11   6   1   4   4  13   2   1   5   5   3   1   3   4  0.10 inf
  154 L    0  0 -1  0 -2  1  1 -1  0 -1  0  1 -1 -2  2  0 -1 -2 -1 -1    7   4   2   4   1   8  11   5   2   4  10  13   1   1  11   4   3   0   3   4  0.11 inf
  155 I    0  0 -2 -1 -2 -1 -1 -2 -2  2  1  0  1  2 -2  0 -1 -2  0  1    7   6   1   3   1   2   2   3   1  17  17   7   4  10   2   7   2   0   2   6  0.08 inf
  156 R   -1  1  1  0 -2  2  1 -1  1 -2 -1  2  0 -2  0  0  1 -2 -2 -1    3   7   6   5   1   9   8   4   3   2   6  17   2   1   4   7   8   0   1   3  0.12 inf
  157 Q    0  1 -1  0 -2  2  1  0  0 -1 -1  2 -1 -2 -1  0  0 -2 -1  0    8   9   2   3   1  11   7   6   2   2   4  13   1   2   2   7   7   0   2   8  0.08 inf
  158 A    0  0 -1  1  0  1  3  1 -1 -2 -1  0 -2 -3  0  0 -2 -3 -2 -2    6   4   2   9   3   7  20  14   1   3   6   6   0   1   5   5   1   0   1   3  0.15 inf
  159 A    3 -2  0 -2  1  1 -2 -2  5  0 -2 -1 -1 -2 -1  0  0 -3 -2 -1   31   1   4   2   3   6   1   1  18   6   3   3   1   1   2   7   4   0   0   4  0.37 inf
  160 L    0  0 -1  1 -3  0  3 -3 -2 -2  0  3  0 -3 -1 -1 -1 -1 -3 -2    8   5   1   6   0   3  26   1   0   1  12  19   3   0   2   4   3   1   0   2  0.27 inf
  161 Q   -1  1  1  1 -3  1  2 -1 -1 -2 -1  2 -2 -2  0  0 -1 -3 -2 -1    4   8   7  10   0   7  14   4   1   1   6  13   0   2   4   6   3   0   1   4  0.15 inf
  162 Q   -1  1  2  0 -3  3  2 -2  0 -2  0  0  2 -3 -1 -1 -2  0  0 -1    5   7   9   5   0  20  12   3   2   2   9   3   6   0   3   4   1   2   4   3  0.21 inf
  163 T    2 -1 -2 -3 -3  0 -1  0  2  1 -1  0  1 -3  2  0  1 -3 -2  0   21   3   1   0   0   5   2   5   6  13   4   6   5   0   9   6  10   0   0   4  0.16 inf
  164 K   -1  1  0  0 -4  2  2  0 -1 -3 -4  4 -3 -4 -3  0 -1  3 -3 -3    5   7   5   5   0   7  12   8   1   1   1  31   0   0   0   6   4   4   0   1  0.41 inf
  165 E   -2  0  1  3 -1  0  3 -1  0 -3 -4  1 -3 -2 -3  2  1 -1 -2 -1    1   4   7  20   1   2  18   3   2   1   1  10   0   1   0  15   8   1   1   4  0.34 inf
  166 M   -3 -4 -4 -4  1 -3 -4 -3 -4  5  0 -1  6  0 -4 -4 -1 -3  3  1    1   0   0   0   3   0   1   3   0  30   4   5  27   2   0   1   3   0  11   9  0.81 inf
  167 D   -4 -4  4  7 -5 -1  0 -2 -3 -5 -5 -1 -5 -5 -4 -1 -3 -6 -5 -5    1   0  21  58   0   2   5   2   0   0   1   3   0   0   0   3   0   0   0   0  1.47 inf
  168 L   -3  1 -2 -4 -2 -2 -4 -5 -4  0  5 -2  3 -2 -4 -4 -2 -4 -3 -1    1   8   2   1   1   2   1   1   0   2  64   3   8   1   1   1   2   0   0   3  0.89 inf
  169 S   -3 -1  7 -1 -2 -3 -3 -3  0 -5 -5  1 -4 -4 -4  2 -2 -5  0 -4    2   4  57   2   1   0   1   1   2   1   1   8   0   0   1  14   2   0   4   1  1.23 inf
  170 V    2 -2 -2 -3  1  1  1 -3 -3  1 -2  0 -1 -1 -3  1  0 -4 -3  3   17   1   0   1   4   7   9   1   0  10   2   5   1   2   1  13   4   0   0  23  0.23 inf
  171 V    0 -4 -5 -5 -3 -4 -4 -5 -5  0  0 -4 -2 -3 -4 -2 -3 -5 -4  7    6   1   0   1   0   0   1   1   0   3   6   1   0   0   1   2   1   0   0  75  1.37 inf
  172 R   -2  8 -4 -5  2 -3 -4 -5 -4 -5 -5  1 -4 -6 -5 -2 -3 -6 -5 -1    3  76   0   0   4   0   0   0   0   0   0   6   0   0   0   2   1   0   0   5  1.81 inf
  173 L   -4 -5 -6 -6 -1 -5 -5 -6 -5  2  6 -5  2 -3 -5 -5 -4 -5 -4 -2    0   0   0   0   1   0   0   0   0   9  80   0   5   0   0   0   0   0   0   1  1.52 inf
  174 M    0  0 -5 -6 10 -3 -5 -5 -5 -3 -3  0  2 -3 -5 -3 -4 -5 -2  0    7   5   0   0  58   1   0   1   0   1   2   6   5   1   0   1   0   0   2   8  1.86 inf
  175 F   -6 -6 -6 -7 -6 -6 -6 -6 -5 -3 -3 -6 -4  9 -7 -6 -6 -3  1 -5    0   0   0   0   0   0   0   0   0   1   1   0   0  90   0   0   0   0   4   0  2.80 inf
  176 T   -4  2 -3 -2 -5  7  2 -5  1 -4 -4 -2 -1 -5 -4  0  0 -5 -4 -5    0  10   0   1   0  55  12   0   3   1   1   0   1   0   0   6   6   0   0   0  1.29 inf
  177 A    5 -4 -5 -5  1 -4 -4 -1 -5 -2 -1 -4 -3 -2 -4 -3  0 -5 -4  4   47   0   0   0   3   0   0   4   0   1   4   0   0   2   0   0   4   0   0  34  0.92 inf
  178 F   -4 -4 -1 -2 -5 -4 -1 -5  2 -2 -1 -4 -3  7 -5  1  0  2  4 -2    0   0   3   2   0   0   4   0   5   1   4   0   0  47   0  10   5   3  13   2  1.06 inf
  179 L   -2 -1 -4 -2  0 -2 -4 -5 -2  4  4 -2  0  0 -4 -4 -3 -3  1  1    2   3   0   2   2   2   0   0   1  26  39   3   1   3   0   0   0   0   5   9  0.57 inf
  180 P   -2  2 -2 -2 -2  2  2 -3 -2  0 -2  0 -3 -1  5 -2  0 -4 -1 -1    2  11   1   1   1   8  18   1   0   5   4   5   0   3  26   1   5   0   2   5  0.46 inf
  181 D   -1 -2  0  5 -4  0  1  1  2 -4 -3 -2 -3 -4 -1  0 -2  0 -3 -3    5   2   3  42   0   3  10  12   4   1   3   1   0   1   3   5   2   2   0   2  0.63 inf
  182 S    0 -1  0  1 -1  2  2 -2 -2 -3 -4  1 -2 -2  2  2  0 -4 -2 -3    7   1   3   7   1  10  16   3   0   1   0   6   1   2  10  21   6   0   2   1  0.33 inf
  183 T   -1 -2  4  3 -1  2 -1 -1  2 -4 -4  0 -2 -3 -1  1  0 -5 -3 -1    3   1  22  19   1   9   2   4   6   0   1   7   1   1   3   9   7   0   0   4  0.41 inf
  184 G   -1 -4 -1 -1 -5 -2 -3  6 -4 -1 -5 -2 -5 -5 -3 -2  0 -5 -5 -4    4   1   3   3   0   1   2  70   0   4   1   2   0   0   1   1   6   0   0   1  1.32 inf
  185 S   -1  2  2 -1 -3  2  0  1  2 -1 -1  1 -1 -2 -3  1  0 -3 -2 -1    2  13  10   3   0  11   3  10   7   4   5  10   1   1   0  10   4   0   0   4  0.18 inf
  186 F   -2 -1 -1 -3  0 -2 -2 -2 -1  0  0 -2  2  5 -2  0 -1  3  3 -1    1   3   2   1   2   1   2   3   1   4   9   2   6  30   2   8   4   4   8   5  0.37 inf
  187 T   -2  1  0 -1 -1 -1 -1 -1  0  0 -1  0 -2 -2  0  0  4  1  1 -1    1   7   4   4   1   2   3   4   2   6   4   5   1   1   4   7  32   2   5   4  0.23 inf
  188 R   -2  3 -2 -1 -4  0  1 -3 -1  0  0  0  0 -1  2 -1  0 -4  0  1    0  24   1   2   0   4  12   2   1   6   7   3   2   2  13   2   6   0   3  10  0.26 inf
  189 R    0  1 -2 -2 -1  0  0 -3  0  2 -1  0  0 -3  4 -1  0 -4 -2  0    8   8   1   1   1   4   5   1   3  17   5   5   2   1  24   3   5   0   1   5  0.33 inf
  190 L   -2 -4 -5 -5  4 -1 -5 -5 -3  1  5 -4  1 -3 -5 -3  0 -4 -4  0    4   0   0   0   9   3   0   0   1   5  62   0   2   0   0   2   6   0   0   6  0.90 inf
  191 E    0 -1 -1  2  1  2  2 -3 -1 -3 -2  0 -3 -4  4  0  1 -4 -2 -2    7   2   3  10   3   9  12   0   1   0   3   6   0   0  22   7  10   0   2   1  0.40 inf
  192 P   -2 -4 -4 -4 -1 -2 -2 -4 -4 -4 -3 -2 -4 -3  8 -3 -2 -5 -4 -4    3   1   1   1   1   2   3   1   0   1   2   2   0   1  76   1   2   0   0   1  2.05 inf
  193 V    0 -4 -5 -5 -4 -3 -5 -5 -5  2 -2 -5 -2 -4 -5 -4 -3 -5 -4  7    6   1   0   0   0   1   0   0   0  10   1   0   0   0   0   0   0   0   0  77  1.50 inf
  194 V   -1 -4 -4 -3  3 -4 -4 -5 -3  2  2 -4 -2  1 -3 -3 -2 -3  4  4    3   0   0   2   6   0   0   0   0   8  17   0   0   5   1   1   1   0  17  37  0.66 inf
  195 S   -3 -4 -3 -4 -5 -4 -4 -4 -5 -6 -6 -2 -5 -6 -5  7  0 -6 -5 -5    0   0   0   0   0   0   0   0   0   0   0   2   0   0   0  93   3   0   0   0  2.08 inf
  196 D   -3  0  3  3 -5  3  3 -3  3 -4 -4 -1 -4 -5 -4  1  1 -5 -4 -2    0   5  17  17   0  14  17   0   7   0   1   2   0   0   0   9   9   0   0   2  0.58 inf
  197 A    1 -2 -2 -5 -3 -2 -4 -4 -5 -1 -4 -2 -5 -6  8 -3 -2 -2 -5 -1   11   2   2   0   1   2   0   1   0   4   1   2   0   0  65   1   3   1   0   4  1.65 inf
  198 I   -3 -4 -4 -4 -3 -4 -4 -4 -4  6  1 -4  0 -2 -4 -3 -2 -4 -3  3    1   0   0   1   0   0   1   1   0  72   7   1   0   0   0   1   1   0   0  13  1.04 inf
  199 Y   -1 -2  1 -2 -3 -1 -2 -1  3  0 -1 -1 -2  3 -3 -2 -1  0  6  0    4   1   9   1   0   3   1   4   9   4   3   3   0  14   1   1   3   0  33   6  0.45 inf
  200 D   -2 -2  4  5  3  1  0 -1 -2 -4 -4 -2 -3 -4 -3  0 -2 -4 -3 -4    1   1  26  40   7   8   4   4   0   1   1   1   0   0   1   4   1   0   0   1  0.74 inf
  201 S    0  2  0 -2  4  0 -1 -2  0 -2  0  2  1 -3 -2  1  1 -3 -2 -2    4  12   4   0  12   4   0   2   2   0  14  18   4   0   0  11  12   0   0   0  0.21 inf
  202 K   -1  1  1 -1  3  2  1 -2  3  0 -2  1 -1 -3 -2  1  1 -3 -2 -1    1  10   9   0   9   9  10   1   9  10   1  10   0   0   0  10  10   0   0   1  0.18 inf
  203 A    3 -2  1 -1  1  0 -2 -2 -2 -3 -3 -1 -2 -3  0  3  2 -3 -1 -2   29   1   6   2   3   5   1   1   0   1   1   3   0   0   5  27  14   0   2   1  0.40 inf
  204 P    0  1 -1 -1 -2  2  1  0 -2 -2 -2  2 -2 -1  4  0  0 -2 -2 -1   10   6   1   1   0   9   7   6   1   2   4  15   1   3  20   4   7   0   1   3  0.27 inf
  205 N    0  0  3  0 -1  0  0  1  0 -1 -1  1 -1 -2  1  1  0 -2 -2 -2    9   5  19   3   2   3   3  10   3   3   7   9   1   1   8   8   4   0   1   2  0.13 inf
  206 A    2 -2 -1 -2 -2 -1 -1  0 -2  0 -1 -2  3 -2 -2  0  3 -3 -2  0   26   1   3   1   0   3   3   7   0   6   5   1  10   1   1   5  22   0   0   5  0.25 inf
  207 S    1 -2  1 -2  3  0 -2  2 -2 -3 -3 -2 -3 -3  3  3  1 -3 -3 -3    8   1   6   1   6   5   1  15   0   1   1   1   0   0  17  28   7   0   0   1  0.42 inf
  208 N   -2 -2  1  3 -3  0  4 -3 -2 -2 -2 -1 -1  1 -3 -1 -1  5  0 -1    3   1   5  19   0   2  30   1   0   2   3   2   2   9   1   3   3   9   2   4  0.41 inf
  209 L   -3 -3 -3 -4 -3  1 -3 -4 -3  2  4 -3  0 -1  2 -3 -2 -3  0 -1    1   1   1   1   0   9   1   1   0   9  58   1   0   0  11   1   1   0   4   1  0.61 inf
  210 K   -1  1  0  1 -1  0  1 -1 -1 -1 -2  3 -1 -3  3  0  0 -3 -2 -1    2   6   5  10   1   2  10   4   1   3   2  23   2   0  14   3   6   0   0   5  0.24 inf
  211 I   -3 -4 -4 -4  4 -4 -4 -5 -4  6  1 -4 -1 -2 -4 -4 -3 -3  2  1    1   0   0   0   9   0   0   1   0  64   7   0   0   0   0   1   0   0   9   6  1.00 inf
  212 V   -1 -3 -1 -3  8 -3 -3 -3 -3 -1  1 -3  0 -1 -3  0  0  1  0  2    2   1   4   1  35   0   1   1   0   2  13   1   3   2   1   6   6   2   3  16  0.72 inf
  213 R   -3  6 -1  0 -1  0 -1 -3  0 -4 -3  3 -3 -3 -2  0 -2  4 -1 -4    1  48   2   5   2   3   2   1   2   1   1  16   0   0   2   6   1   5   2   1  0.78 inf
  214 M   -1 -1 -3 -3 -2  0 -3 -2 -3  2  3  0  4 -1 -3 -1 -1 -3 -1  1    5   2   0   0   0   4   1   2   0  16  29   6  16   0   0   3   3   0   2  10  0.31 inf
  215 D   -2 -3  4  4  3 -2 -2 -3 -3 -4 -4 -2 -4 -4 -3  5 -1 -4 -4 -4    1   0  18  23   6   0   1   1   0   0   1   1   0   0   0  46   1   0   0   1  0.88 inf
  216 R   -1  3 -1  0 -2  0 -1 -3  5 -1  0  3 -2 -3 -2  0 -1 -3 -2 -2    2  15   1   5   1   3   1   1  18   3  12  20   0   0   1   8   3   0   0   2  0.30 inf
  217 T   -1  0  1  0  5 -1 -1 -2  2 -1 -2 -2 -2 -1 -1  1  2 -3  1  0    3   5   9   4  17   1   4   1   5   2   1   1   0   2   3  12  15   0   7   6  0.26 inf
  218 A    1  0  0 -2  1 -1  0 -1  0 -3 -3 -1 -2 -2 -2  4  1  2  0 -1   11   5   3   1   3   1   6   2   2   1   1   2   0   1   1  43   8   3   4   3  0.38 inf
  219 G    2 -3 -2 -2  3 -2 -3  5 -3 -3 -3 -2 -3 -4  0  1 -2 -3 -3 -2   21   1   1   2   7   1   1  47   0   1   1   1   0   0   4  10   1   0   0   3  0.68 inf
  220 C   -1 -1 -1 -2  3 -2 -2 -1  1 -3 -3  0 -3 -2  4  3  2 -3 -1 -2    2   3   2   1   8   1   1   3   3   1   1   5   0   2  23  31  11   0   2   1  0.50 inf
  221 V    2 -3 -3 -4  6 -3 -3 -3 -3  0 -1 -3  0 -3  1 -1 -1 -3 -3  4   16   1   1   1  23   1   1   1   0   2   2   1   2   0   7   2   1   0   0  38  0.67 inf
  222 T    0  1  0  1 -1  0  0 -1 -1 -1  0  1  0 -2 -2  1  2 -3 -1 -1   10   9   3   7   1   2   7   2   0   3   8   9   2   1   1  14  16   0   1   4  0.11 inf
  223 G   -2 -3 -2 -3 -4 -3 -3  7 -3 -4 -4 -3 -4 -4 -3 -2 -3 -4 -4 -4    1   1   1   1   0   1   1  86   0   1   1   1   0   1   1   1   1   0   1   1  1.63 inf
  224 G   -1 -3  1 -1 -3 -2 -1  6 -1 -4 -4  0 -3 -4 -3 -1 -2 -3 -3 -4    2   1   7   3   0   1   3  66   2   1   1   5   0   1   1   2   1   0   1   1  1.00 inf
  225 E   -1 -1  0  4 -3  0  3 -2 -2 -3 -1  1  0 -3 -2 -1  2 -3 -3 -2    3   2   2  23   0   3  25   2   0   1   5  10   3   1   1   2  14   0   1   1  0.37 inf
  226 E   -2 -2 -1  1 -4  2  6 -3 -1 -4 -3  0 -3 -4 -1 -2 -2 -4 -3 -2    2   1   2   7   0   6  63   2   1   1   1   5   0   1   2   1   1   0   1   3  0.93 inf
  227 I   -2 -3 -3 -3 -2 -3 -3 -4 -3  4  1 -3  4 -1 -3 -3 -2 -3 -2  4    1   1   1   1   0   1   1   1   0  32  13   1  11   2   1   1   1   0   1  31  0.58 inf
  228 Y   -3 -3 -3 -4  3 -3 -3 -2 -1  3  0 -3  0  5 -3 -3 -2  2  4  0    1   1   1   1   6   1   1   4   1  26   4   1   1  27   1   1   1   3  16   4  0.58 inf
  229 L   -3 -3 -4 -4 -3 -3 -4 -4 -4  3  5 -3  4  0 -3 -3 -2 -3 -2  0    1   1   1   1   0   1   1   1   0  16  58   1  10   2   1   1   1   0   0   4  0.75 inf
  230 L   -1 -3 -4 -4 -3 -3 -4 -4  0  1  5 -3  1  1 -4 -2 -2 -3 -2 -1    4   1   0   1   0   0   1   1   3   6  71   1   1   5   1   3   1   0   0   1  0.78 inf
  231 C   -2 -4 -4 -4  9 -4 -4  2 -4 -2 -1 -4 -3 -4 -4 -3 -1 -4 -4  1    1   0   0   0  58   0   1  15   0   0   6   0   0   0   0   1   3   0   0  13  1.54 inf
  232 D   -2 -2  1  4 -4 -1  4 -3  1 -4 -4  2 -3 -4  0 -1 -2 -4 -3 -4    1   0   5  28   0   0  38   1   3   0   1  12   0   0   5   3   0   0   0   1  0.74 inf
  233 K   -2  2  2 -1  3  0 -1 -2 -2 -3 -3  5 -2 -4  1 -1  0 -4 -3 -3    1   7  15   0   9   0   1   1   0   0   1  51   0   0   8   1   4   0   0   1  0.55 inf
  234 V    0 -3 -3 -3  3 -3 -3 -3 -3  2  1 -3  0  3 -3 -2 -1 -2 -1  3    5   1   1   1   7   1   1   1   0  11  12   1   0  18   1   1   1   0   0  39  0.32 inf
  235 Q    0  0  0  0  1  1 -1 -1 -2  0  0 -1 -1  0  3  0  0 -2 -2  0    5   6   6   4   4  11   1   5   0   5  12   1   0   6  16   5   7   0   1   5  0.13 inf
  236 K    1  3 -2 -2 -3  2 -1 -3 -2 -4 -3  5 -3 -4 -3  1  1 -4 -3 -3   13  17   0   0   0   8   1   1   0   0   1  40   0   0   0   8   8   0   0   1  0.61 inf
  237 D   -1  0  2  2 -2  0  1  1 -1 -2 -2  1 -2 -2 -1  1  0 -2 -2 -2    1   1  13  13   0   1  13  13   0   1   1  13   0   0   1  13   1   0   0   1  0.16 inf
  238 D   -1 -1  2  1 -2  0  1  1 -1 -1 -2  1 -1 -2 -1  1  1 -3 -2  0    1   1  10  11   0   0  11  11   0   1   1  11   0   0   1  11  11   0   0  11  0.09 inf
  239 I   -1  0 -2 -2  2 -1 -2 -2 -2  2  0  0  0  1 -2  0  1 -2  1  0    1   7   0   0   5   0   0   1   0  19   8   7   0   7   0   7  16   0   6   5  0.04 inf
  240 Q   -1  1 -1 -1 -2  1  2  0  0 -1  0  1  1 -2 -2  0 -1 -3 -2  0    3   6   0   2   0   9  19   6   3   2  11  11   4   0   0   4   0   0   0  11  0.08 inf
  241 I   -1 -3 -3 -3 -2 -3 -3  0 -3  4  0 -3 -1 -2 -3 -2 -1 -3 -2  5    1   1   1   1   0   1   1  10   0  25   1   1   0   1   1   1   1   0   0  54  0.58 inf
  242 R   -2  4 -2 -2  0  0 -1 -2  0  1 -1  1 -1  2 -2 -2 -1  1  0  0    2  37   1   1   3   3   1   1   3  10   5   8   0  10   1   1   1   2   3   7  0.28 inf
  243 F   -3 -3 -3 -3 -3 -3 -3 -3  2  0  0 -3  1  7 -3 -2 -1 -1  1 -2    1   1   1   1   0   1   1   1   5   4   4   1   4  65   1   1   5   0   1   1  0.94 inf
  244 Y   -1  1 -2 -3 -3  0 -1 -2  0 -2 -2 -1 -2  4 -3  0  0  3  5  0    3  10   1   1   0   3   3   3   2   1   1   2   0  23   1   7   5   3  25   6  0.40 inf
  245 E    0  0 -1  1 -3  2  4 -2  0 -1 -2  0 -1 -3 -2 -1 -1 -3 -2 -2    6   5   1   8   0  11  41   2   2   6   4   4   1   1   1   3   2   0   0   1  0.41 inf
  246 E   -2 -2  1  2 -4  2  4 -3 -2 -1 -1  1 -1 -3 -3 -1  0 -4 -3 -1    1   1   8  12   0   8  30   1   0   3   7   9   2   0   1   2   7   0   0   4  0.37 inf
  247 E    1  0  1  4  0  0  2 -2 -1 -2 -3  2 -3 -3 -2  0 -1 -4 -3 -2   11   4   7  23   2   2  12   2   1   2   2  14   0   0   1   6   3   0   0   2  0.29 inf
  248 E   -1  0  2  2 -3  0  2 -1  0 -3 -2  1 -2 -3  2  0 -1  0 -2 -3    4   4  10  14   0   3  17   5   1   1   3   8   1   1  11   8   2   2   1   1  0.24 inf
  249 N   -1  1  3  3 -2 -1  1  2 -1 -3 -3  1 -1 -3 -3  1 -1 -4 -1 -2    3   6  14  20   1   2   7  15   1   1   2  10   2   0   1   9   3   0   2   2  0.32 inf
  250 G   -1  2  0 -1 -1  1 -1  4  0 -2 -2  1 -1 -3 -3  0  0 -3 -2 -2    2  11   3   3   1   8   2  37   3   2   3   8   1   0   1   6   5   0   1   2  0.40 inf
  251 G    0  1 -1  0 -1  0  2  1  0  0 -1  0 -1 -3  2  0  0 -3 -2  0    5   9   2   4   2   3  16  11   2   6   5   5   1   0  10   5   6   0   1   6  0.12 inf
  252 V   -1 -2 -2 -3 -1 -2 -2 -2 -3  2  1 -2  2 -1  1  0  2 -3 -2  2    4   2   2   1   1   1   2   3   0  15  10   2   6   2   9   9  13   0   0  19  0.21 inf
  253 W   -6 -6 -6 -6 -6 -5 -6 -6 -5 -6 -5 -6 -5 -3  0 -6 -6 12  3 -6    1   0   0   0   0   0   1   1   0   0   1   0   0   0   5   1   0  81   8   1  3.85 inf
  254 E   -3 -3  0  1  1  2  6 -4 -1 -2 -4  0 -1 -2 -4  0 -1 -5 -2 -3    0   0   3   6   3   9  54   0   1   2   1   4   1   2   0   6   4   0   1   1  0.90 inf
  255 G    3 -2 -1  3 -3 -1  0  1 -3 -3 -2 -2 -1 -3 -3  0  0 -4 -1  0   29   2   2  16   0   2   7  12   0   0   3   1   1   0   0   7   5   0   3   8  0.28 inf
  256 F   -1  0  1 -2 -3  0  0 -3  1 -1  0  0  1  3 -3  0  0  2  1 -1    4   6   9   0   0   3   6   1   3   4  12   8   4  17   0   7   5   3   5   4  0.13 inf
  257 G    3 -3 -3 -3 -3 -2  0  4 -3  0 -1  0 -2 -3  1 -2 -2 -4 -3  0   25   0   0   0   0   0   6  32   0   6   7   6   0   0   6   1   0   0   0   7  0.43 inf
  258 D   -1  1  1  3 -3  1  2 -3  0  0 -1  0 -1 -3 -3  0  0 -4 -3  0    4   7   6  17   0   6  19   0   2   8   5   6   2   0   0   8   4   0   0   6  0.22 inf
  259 F   -1 -4 -4 -1  1 -4 -4 -1 -3  1  0 -4 -2  6  0 -3  0 -2  1  1    4   0   0   3   3   0   0   6   0  10   6   0   0  45   5   0   5   0   2   9  0.68 inf
  260 S   -1  0  2  3 -3  0  0  0 -1 -1 -1 -1  1 -3 -1  2  0 -3 -3 -2    4   6   9  20   0   5   3   9   2   3   7   2   5   0   3  18   4   0   0   2  0.19 inf
  261 P   -1  0 -1  0 -3  3  1 -2  2 -3 -3  2 -3 -4  4  0 -1 -4 -3 -2    5   3   2   6   0  15   8   3   6   1   3  14   0   0  23   8   2   0   0   2  0.46 inf
  262 T    1 -1  1 -2 -1 -1  0 -1 -1 -1  0  0  0 -2  0  2  1 -3 -2 -1   16   2   9   0   1   2   7   4   1   3   8   5   3   1   5  17  12   0   0   4  0.13 inf
  263 D   -3 -3  1  6 -5  0  1 -3  1 -2 -2  0 -4  1 -4  0 -2 -4 -1 -3    0   0   5  50   0   4   6   1   3   2   4   5   0   8   0   6   2   0   2   2  0.77 inf
  264 V   -2 -4 -4 -4  1 -4 -4 -5 -4  2  1 -4 -1 -2  2 -2 -2 -4  1  5    1   0   0   0   3   0   0   1   0  10  13   0   0   0  10   4   0   0   6  51  0.74 inf
  265 H   -4 -1 -3 -4  1 -3 -3 -4 10 -4 -2 -3 -3  3 -4 -1 -4 -4  2 -4    1   3   0   1   3   0   1   1  63   1   4   1   0  10   1   4   1   0   5   1  1.81 inf
  266 R   -2  4 -1 -2 -4  2 -1 -3  5 -4 -4  3 -3 -4 -1  1 -2 -4 -1 -4    1  24   2   1   0  11   1   1  18   1   1  22   0   0   3  12   1   0   1   1  0.69 inf
  267 Q   -3 -2 -3 -3 -5  8 -1 -1  1 -5 -3  1 -3 -5 -4  0 -3 -5 -4 -5    0   0   0   0   0  74   0   4   2   0   2   7   0   0   0   6   0   0   0   0  1.64 inf
  268 F   -3 -3  1  0 -3 -3 -3 -2 -2  1 -2 -3  0  1  0 -2  3 -2  5  2    0   0   8   5   0   0   0   4   0   7   0   0   2   4   4   0  20   0  25  20  0.46 inf
  269 A    6 -2 -3 -4 -3 -3 -3 -2  5 -4 -3 -3 -3 -4  0  0 -3 -5 -3 -3   67   1   0   0   0   0   0   1  17   0   2   0   0   0   5   5   0   0   0   0  1.13 inf
  270 I   -3  0 -3 -5  0 -4 -4 -2 -4  6  2 -4  0  0 -4 -4 -3 -4 -3  2    0   5   1   0   2   0   0   3   0  56  17   0   1   3   0   0   0   0   0   9  0.81 inf
  271 V    1  0 -4 -4  2 -3 -4 -4 -4  3 -1 -2 -1 -3 -3 -1 -1 -1 -3  5   10   6   0   0   5   0   0   0   0  13   0   2   0   0   1   4   2   1   0  54  0.66 inf
  272 F   -3 -5 -5 -5  4 -5 -5 -5 -4  2  0 -5 -2  7 -5 -4 -3 -2  0  2    0   0   0   0  10   0   0   0   0  11   6   0   0  56   0   0   0   0   0  13  1.16 inf
  273 K   -1  4 -1 -2  2  0  1 -3 -1 -3 -3  4 -3 -3 -3 -2  0  3 -1 -1    6  27   2   0   5   2   9   0   1   0   0  28   0   0   0   0   5   4   2   5  0.50 inf
  274 T   -2 -3 -3 -3 -3 -3 -3 -4 -4  0 -2 -3 -3 -4  0  0  6 -4 -4  2    2   0   0   0   0   0   0   0   0   4   2   0   0   0   4   4  67   0   0  13  1.10 inf
  275 P   -4 -5 -5 -4 -5 -4 -4 -5 -5 -5 -5 -4 -5 -6  9 -2 -4 -6 -5 -5    1   0   0   0   0   0   0   0   0   0   1   0   0   0  92   2   0   0   0   0  2.80 inf
  276 K    1  2 -3 -1 -2 -1 -1 -3 -2 -4 -4  1 -3 -4  6  0 -2 -5 -4 -3   13  13   0   2   1   2   3   0   1   0   1   7   0   0  45   8   2   0   0   2  0.94 inf
  277 Y   -4 -1 -5 -5  0 -4 -4 -5 -2 -4 -4 -4 -4  4 -5 -4 -4 -1  9 -4    1   4   0   0   2   0   0   0   0   0   1   0   0  13   0   0   0   0  75   0  2.12 inf
  278 K   -2  4 -2 -1  0  0  0 -3  5 -2 -3  3 -2  0 -2  0 -2 -1 -1 -2    2  27   0   3   2   3   3   0  15   3   2  22   1   4   2   6   0   1   2   2  0.48 inf
  279 D   -2  0  3  5 -1  0  0 -2  0 -2 -3  0 -2 -4 -3  0  1 -4 -2 -3    1   4  17  34   1   2   4   2   2   2   1   7   1   0   0   6  11   0   2   1  0.49 inf
  280 I    0  0 -2 -2 -3  3  0 -3  1 -1  1  0  0 -3  3  0  1 -3 -3 -1    7   3   0   0   0  18   3   1   3   2  15   6   2   0  17   4  12   0   0   4  0.28 inf
  281 N   -1 -1  3  3 -4  2  2 -2  1 -3 -3  0 -2 -3 -2  1 -1 -4 -1 -2    5   3  20  18   0   8  13   0   4   0   1   4   1   1   1  11   2   0   2   2  0.35 inf
  282 I   -3 -3 -5 -5 -3 -4 -3 -5 -5  7  1 -4 -1 -2 -5 -4 -1 -5 -3  2    1   2   0   0   0   0   2   0   0  66  12   0   0   0   0   0   2   0   0  13  1.15 inf
  283 T   -1 -1 -1  2 -3  2  1 -3 -2 -2 -2  0  1 -4  1  1  3 -4 -3  0    2   2   1  10   0  12  10   1   0   0   1   4   4   0   6   9  28   0   0   8  0.32 inf
  284 K   -1  1 -1  0 -4  2  4 -2  2 -4 -4  2 -2 -3 -3  2  0 -4  0 -3    4   8   1   4   0   8  29   2   5   0   0  12   0   1   0  16   4   0   3   2  0.41 inf
  285 P   -1 -4 -2  1  0 -3  0 -4  1 -5 -5 -3 -5 -5  7  0 -2 -6 -5 -5    4   0   2   7   2   0   6   0   4   0   0   1   0   0  65   6   1   0   0   0  1.62 inf
  286 A    0 -3 -5 -5 -3 -4 -4 -5 -5  2 -2 -2  1 -3 -4 -3 -2 -5 -4  6    9   1   0   0   0   0   1   0   0   6   1   2   2   0   0   0   2   0   0  74  1.16 inf
  287 S   -2  1  1  0  0  3  1 -3  0 -2 -3  1 -1 -4  1  1  2 -4 -2 -3    1   6   7   5   2  17  11   1   2   2   0   9   2   0   7   9  19   0   1   0  0.32 inf
  288 V   -2 -5 -5 -5 -3 -4 -4 -5 -5  1 -2 -4  0 -3 -4 -3 -3 -5 -4  7    2   0   0   0   0   0   0   1   0   3   1   0   2   0   0   2   0   0   0  86  1.54 inf
  289 F   -2  1  2 -2 -3  1  1 -1  2 -2 -1  1 -1  3 -3  0 -2  0  3 -2    1   7  11   0   0   8   9   4   7   2   3   9   2  18   0   6   1   1  11   1  0.25 inf
  290 V   -2 -4 -4 -4 -3 -3 -4 -4 -4  5  2 -4  4  2 -4 -3 -2 -3 -2  3    1   0   0   0   0   0   0   1   0  33  16   0  11   7   0   1   1   0   0  26  0.69 inf
  291 Q   -2  0 -2 -2  0  6  2 -4  1 -4 -2  0 -1  2 -3 -1 -3 -3  1 -3    2   4   0   1   3  48  12   1   3   1   2   3   2  12   1   3   1   0   4   1  0.79 inf
  292 L   -3 -4 -5 -5 -3 -4 -4 -5 -4  1  6 -4  0 -2 -4 -4 -3 -3 -3  2    1   1   0   1   0   0   1   1   0   4  77   1   0   0   1   1   1   0   0  11  1.11 inf
  293 R   -2  4 -2 -2 -3  3  1 -3 -2 -1 -2  3 -1 -2 -3 -1 -2 -3  0  1    2  31   0   1   1  13   8   1   0   3   4  17   1   2   1   3   1   0   4  10  0.44 inf
  294 R   -2  7 -3 -1 -1 -1 -2 -4 -2 -1 -4 -1 -3 -4 -4 -3 -1 -4 -3 -3    2  75   1   3   1   2   1   1   0   5   1   1   0   0   1   1   3   0   0   1  1.41 inf
  295 K   -2 -2 -1 -3 -4 -2 -2 -2 -3 -1  0  2  0 -3  6 -1  1  0 -3 -2    2   1   2   0   0   1   1   2   0   4  10  15   2   0  40   3   8   2   1   1  0.71 inf
  296 S   -2  0  0 -1 -3 -2 -2 -3  1 -4 -4  0 -3 -4 -3  5  3 -4 -3 -2    0   4   3   3   0   0   0   0   3   0   1   5   0   0   0  58  16   0   0   2  0.79 inf
  297 D   -2 -3  2  7 -5 -1  0  0 -3 -5 -4 -3 -4 -5 -4 -1 -3 -5 -5 -4    2   0   9  65   0   2   2   7   0   0   2   0   0   0   0   4   0   0   0   1  1.22 inf
  298 L    0  0  1  0 -1  1  0  4  0 -4 -2  0 -2 -4 -2  0 -2 -3 -3 -3    8   6   8   6   1   6   6  37   3   0   3   5   1   0   1   5   1   0   0   0  0.35 inf
  299 E    1 -1 -2  1 -1  0  3 -1 -1 -2 -2  1  1 -2 -2 -1 -1 -3 -2  0   16   3   0   8   2   1  28   4   1   1   1  11   5   2   0   2   3   0   1   7  0.23 inf
  300 T   -1  2 -2 -2  5 -1  0 -3 -3 -1  0 -1 -1 -2 -3  0  3 -3 -1  1    3  13   0   1  14   2   5   0   0   2   9   2   1   1   0   5  24   0   2  12  0.27 inf
  301 S   -2 -4 -2 -3 -4 -3 -3 -2 -1 -5 -3 -3 -4 -5 -4  7 -2 -5 -4 -4    0   0   0   0   0   0   0   1   1   0   3   0   0   0   0  87   0   0   0   0  1.54 inf
  302 E   -1 -1  0  3 -5  2  5 -3 -2 -5 -5  0 -4 -4 -1 -2 -3 -5 -3 -4    4   1   4  19   0   8  49   1   0   0   0   5   0   0   2   1   0   0   1   0  0.87 inf
  303 P    1 -5 -4 -4 -5 -4 -3 -3 -1 -4 -6 -4 -5 -6  8  1 -4 -6 -1 -4   10   0   0   0   0   0   1   1   2   1   0   0   0   0  71  11   0   0   2   1  1.92 inf
  304 K   -2  0 -3 -4  0  1 -2 -4  1  1  2  2  3  1 -4 -3 -2 -3  0  2    0   3   0   0   2   6   1   0   4   9  22  17  11   7   0   0   0   0   4  15  0.30 inf
  305 P   -1 -2 -3  1 -5  2  2 -4 -2 -5 -4  0 -4 -5  6 -1  0 -5 -5 -3    4   1   0   8   0  10  15   0   1   0   1   5   0   0  44   3   5   0   0   1  1.01 inf
  306 F   -6 -6 -7 -7 -6 -7 -7 -7 -4 -4 -2 -7 -3  9 -7 -6 -6  0  2 -4    0   0   0   0   0   0   0   0   0   0   1   0   0  93   0   0   0   1   5   0  2.71 inf
  307 L   -2  1 -3 -3 -4  3  2 -4 -3 -1 -1  0 -2 -4 -4 -2  5 -4 -2  0    1  10   0   0   0  13  12   0   0   4   5   4   0   0   0   0  45   0   1   6  0.62 inf
  308 Y   -5 -5 -6 -7 -6 -5 -5 -6 -2 -2 -1 -5  2  2 -6 -5 -5 -1  9 -4    0   0   0   0   0   0   0   0   0   1   6   0   5   6   0   0   0   0  81   0  2.35 inf
  309 Y   -3 -2 -3 -4 -3  0 -2 -4  1  1  3  1  3  0 -4 -2  1 -3  2 -1    0   0   0   0   0   3   1   0   5   9  39  13   7   3   0   1   9   0   8   2  0.38 inf
  310 P   -1 -6 -5 -5 -6 -5 -4 -5 -6 -6 -6 -4 -6 -7  9 -4 -4 -7 -6 -6    4   0   0   0   0   0   0   0   0   0   0   0   0   0  96   0   0   0   0   0  3.00 inf
  311 E   -3 -2 -1  6 -5  3  4 -3 -2 -5 -5  0 -4 -5 -3 -2 -2 -5 -4 -4    0   0   0  48   0  14  32   0   0   0   0   5   0   0   0   0   0   0   0   0  1.07 inf

                      K         Lambda
Standard Ungapped    0.1377     0.3187
Standard Gapped      0.0409     0.2670
PSI Ungapped         0.1333     0.3108
PSI Gapped           0.0409     0.2670
