
Last position-specific scoring matrix computed, weighted observed percentages rounded down, information per position, and relative weight of gapless real matches to pseudocounts
           A  R  N  D  C  Q  E  G  H  I  L  K  M  F  P  S  T  W  Y  V   A   R   N   D   C   Q   E   G   H   I   L   K   M   F   P   S   T   W   Y   V
    1 S    3 -3  1 -2 -2 -2 -2 -2 -3 -3 -4 -2 -3 -4 -2  5  2 -4 -3 -3   28   0   4   0   0   0   0   0   0   0   0   0   0   0   0  54  14   0   0   0  0.77 inf
    2 S   -1 -3  3  1 -1 -1 -2 -1  1 -4 -4 -2 -4 -4  5  4 -1 -5 -4 -4    3   0  17   7   1   1   0   2   3   0   0   0   0   1  27  37   0   0   0   0  0.75 inf
    3 S    0 -2  2  1 -2 -1  0 -1 -2 -2 -2 -2 -2 -1  1  2  3 -4 -3  0    8   0  10   8   0   1   4   3   0   0   1   0   0   3   6  21  30   0   0   6  0.32 inf
    4 V   -2 -4 -1 -4 -3 -4 -4 -5 -4  4  2 -4  1 -2 -4 -3  1 -4 -3  4    0   0   4   0   0   0   0   0   0  28  19   0   3   0   0   0  10   0   0  36  0.62 inf
    5 P   -4 -5 -5 -4 -6 -1 -2 -5 -5 -5 -2 -4  0 -6  8 -4 -4 -6 -6 -5    0   0   0   0   0   3   2   0   0   0   5   0   3   0  88   0   0   0   0   0  2.51 inf
    6 S    0 -2  0 -2  3 -2 -2 -1 -3 -2 -3  1 -3 -4  0  4  1 -5 -4  1    6   0   4   1   6   0   1   3   0   1   0  10   0   0   5  44   5   0   0  14  0.45 inf
    7 Q   -2  1  3 -2 -3  1 -2 -3  1 -1  2  0  0 -3 -3 -1  3 -4 -1  0    1   8  18   0   0   9   1   0   3   2  22   5   1   0   1   3  21   0   1   6  0.26 inf
    8 K   -1 -1  0  4 -4  0  3 -2 -2 -3 -4  1 -3 -2 -3  0  3 -4  0 -3    4   1   4  22   0   2  24   1   0   1   0  10   0   1   0   3  22   0   4   1  0.46 inf
    9 T   -2 -1  3  5 -4 -1  3 -3 -2 -2 -3  0 -3 -4  0  0  1 -5 -4 -2    0   3  13  34   0   0  20   0   0   2   1   5   0   0   4   7   8   0   0   2  0.58 inf
   10 Y   -3 -4 -4 -3  3 -4 -4 -5  5 -1 -2 -4 -3  4 -5 -4 -4  4  7 -1    1   0   0   2   6   0   0   0  13   3   2   0   0  16   0   0   0   6  49   3  1.31 inf
   11 Q    1 -2 -1 -3 -4  1 -2 -2 -2  0 -3 -1  0 -4  7 -1 -1 -5 -1 -3   12   2   3   0   0   6   1   2   1   6   2   2   2   0  52   2   3   0   3   0  1.03 inf
   12 G   -1 -5  0 -4 -5 -4 -5  7  0 -7 -7 -4 -6 -6 -5 -3 -4 -6 -6 -6    3   0   4   0   0   0   0  91   3   0   0   0   0   0   0   0   0   0   0   0  2.00 inf
   13 S   -1  0  0  2 -3  0  2  0  1 -1 -3 -1 -3 -1  4  0 -1 -4 -1 -1    1   5   3  12   0   3  18   9   3   4   2   1   0   4  19   7   1   0   3   4  0.29 inf
   14 Y    0 -4 -2 -5 -2 -3 -4 -5  5 -2  0 -4  0  3 -5 -4 -4  1  8 -3    8   0   2   0   1   0   0   0  13   2  10   0   2  11   0   0   0   1  51   0  1.19 inf
   15 G   -1 -3  5  2 -1 -1 -1  3  2 -5 -4 -1 -4 -5 -4  1 -2 -5 -4 -4    3   0  34  10   2   2   1  26   5   0   2   4   0   0   0  11   0   0   0   1  0.68 inf
   16 F   -5 -6 -6 -7 -6 -6 -6 -6 -5 -3  0 -6 -3  9 -7 -2 -5 -2  0 -4    0   0   0   0   0   0   0   0   0   0   7   0   0  89   0   4   0   0   0   0  2.43 inf
   17 R   -1  2  2  2 -2  3  2 -1  0 -4 -2  2 -3 -4 -3  1  0 -4 -3 -3    2   9   9  10   1  17  15   3   2   0   4  12   0   0   0  11   7   0   0   0  0.36 inf
   18 L   -2 -4 -5 -5 -1 -4 -4 -5 -4  3  3 -4  3  1 -4 -2 -2 -4 -1  4    1   0   0   0   1   0   0   0   0  17  25   0  10   7   0   4   0   0   1  33  0.64 inf
   19 G    0  0  1  1 -2  0  1  0 -1 -1 -1 -1 -2 -1 -2  2  2 -3 -1  0    4   5   6   7   0   3   9   7   1   3   5   2   0   3   0  19  15   0   1   8  0.12 inf
   20 F   -2 -4 -5 -5 -3 -4 -5 -5 -4  2  3 -4  1  6 -5 -4 -3 -2  1  1    2   0   0   0   0   0   0   0   0  11  36   0   2  33   0   0   0   0   3  11  0.84 inf
   21 L    0 -1 -1  2 -1  3  2  0 -1 -1  0  0 -1 -2  0  0 -1 -3 -1 -1    9   1   2  13   1  16  14   7   0   3  11   2   0   1   5   7   2   0   2   4  0.15 inf
   22 H    0 -1  2  1 -3  2  2  0  2 -2 -3  1 -2 -3  3  0  0 -3 -2 -1    6   1  10   7   0  14  11   6   7   3   1   7   0   0  13   5   5   0   0   4  0.26 inf
   23 S    0 -1  0  0 -3  0  2  0  0 -4 -3  0 -3 -3  1  4  1 -4 -3 -3    5   2   4   5   0   4  13   5   2   0   2   4   0   1   7  39   6   0   0   0  0.39 inf
   24 G   -2 -1  2  2 -4  1  0  3 -2 -4 -4  1 -3 -5  3  2 -1 -5 -4 -3    0   2   8  14   0   5   4  24   0   0   0   7   0   0  15  15   3   0   0   2  0.46 inf
   25 T    0 -1  1  0  0  1  1 -1 -2 -3 -3  2 -1 -4  0  1  3 -4 -3 -1    9   0   8   5   2   5  12   2   0   0   1  14   1   0   3   9  24   0   0   4  0.27 inf
   26 A    2  2  0 -2 -3 -1 -1 -1  0 -2 -3  1 -2 -3  2  2  1 -4 -3 -1   18  13   4   0   0   0   2   4   2   2   1   7   0   0   9  19  11   0   0   5  0.26 inf
   27 K   -1  1 -1  1 -4  1 -1 -2  4 -4 -3  5 -3 -4  2 -1 -2 -4  0 -4    4   5   2   6   0   4   0   2  10   0   2  47   0   0   9   3   1   0   3   0  0.66 inf
   28 S    0  0  1 -2  2 -2 -2  1  1 -4 -4  2  0  0 -3  4  0 -4 -3 -3    7   4   5   0   5   0   0  10   4   0   0  16   3   6   0  35   3   0   0   0  0.40 inf
   29 V    2 -2  0 -1  1  1 -1 -2  0 -1 -1  0 -1 -3 -1  1  2 -3 -2  1   18   0   5   3   3   8   2   1   3   2   6   5   1   0   2  12  15   0   0  13  0.15 inf
   30 T    0 -2  1  1 -3  0 -2 -1  1  0 -2  0  0 -2  1  1  3 -4 -3 -2    9   0   6   7   0   4   0   4   4   8   2   6   2   2   8  11  26   0   0   0  0.22 inf
   31 C   -4 -5 -1 -5  5 -5 -5 -5 -4 -4 -3 -5 -4  4 -2  1 -4 10  2 -1    0   0   4   0  10   0   0   0   0   0   2   0   0  15   3  14   0  41   6   4  1.67 inf
   32 T   -1  0 -1 -3  1 -1 -1 -4 -4  0  0 -3  4  0 -4  1  4  1 -3  1    2   4   2   0   3   2   4   0   0   3   7   0  12   5   0  11  31   2   0  12  0.37 inf
   33 Y    1 -4 -4 -5  2 -4 -4 -1 -1  0 -2 -4 -2  5 -5 -3 -3  4  7 -3   11   0   0   0   5   0   0   5   0   5   0   0   0  24   0   0   0   5  44   0  1.04 inf
   34 S   -1 -3 -2  1 -3  1 -2 -3 -2 -4 -4 -2 -3  2 -3  6 -1 -3  3 -4    0   0   0   7   0   7   0   0   0   0   0   0   0   8   0  66   0   0  11   0  0.88 inf
   35 P    0  0  0  1 -3  1  3 -2  2 -2 -2  1 -1 -3  1  0  1 -4 -1 -2    6   2   2   5   0   3  30   2   7   2   2  11   2   0   7   3  10   0   2   2  0.26 inf
   36 A    0  0 -1  2 -3  1  1 -2 -2  0 -1  2  0 -3  1  0  0 -4 -3 -1   11   4   2  15   0   9   6   0   0   5   7  16   4   0   7   6   4   0   0   4  0.16 inf
   37 L   -2 -2 -4 -4  1 -2  1 -5 -4  0  5 -1  0 -1 -4 -3 -3 -4 -3 -1    1   1   0   0   3   2  10   0   0   1  71   5   0   1   0   1   0   0   0   3  0.77 inf
   38 N   -3  0  6  0 -5  2  0  1  4 -5 -5  3 -4 -5 -4 -1 -2 -5 -3 -5    0   2  43   2   0  10   5   9   9   0   0  18   0   0   0   1   1   0   0   0  0.82 inf
   39 K   -3  2 -2 -3 -5  1 -1  0 -3 -5 -5  6 -1 -5 -4 -2  0 -5 -4 -4    0  11   0   0   0   5   1   8   0   0   0  66   2   0   0   0   7   0   0   0  1.10 inf
   40 M   -3 -4 -5 -6 -3 -4 -5 -6 -5  3  5 -5  2  1 -5 -4 -3  5 -2  1    0   0   0   0   0   0   0   0   0  13  63   0   4   4   0   0   0   7   0   9  0.96 inf
   41 F   -5 -5 -5 -6 -5 -5 -6 -6 -3 -3 -2 -5 -3  7 -6 -5  0 -1  7 -4    0   0   0   0   0   0   0   0   0   0   3   0   0  51   0   0   7   0  39   0  1.86 inf
   42 C    0 -4  0 -4  6 -4 -4 -4 -4  3 -1 -4 -2 -2 -4 -2  2 -5 -3  4    5   0   5   0  19   0   0   0   0  19   3   0   0   1   0   2  14   0   0  31  0.66 inf
   43 Q   -2  3  1  1 -1  4  0 -2  1 -3 -2  3 -1 -4 -2  0 -1 -4 -3 -2    0  15   7   8   1  20   2   1   4   1   4  23   1   0   2   5   3   0   0   3  0.41 inf
   44 L   -3 -1 -4 -4 -3 -1 -3 -4 -3  1  2 -2  6  0  2 -3  0  1  1  1    0   4   0   0   0   3   0   0   0   9  20   2  29   3  11   0   6   2   4   7  0.48 inf
   45 A    3 -2  4  2 -3  0  1  0  2 -4 -4  0 -3 -1 -3  0 -1 -4 -3 -3   27   0  22  12   0   4  10   7   7   0   0   4   0   3   0   3   1   0   0   0  0.41 inf
   46 K   -1  1 -1 -2  1  1  0 -2  0 -2 -2  5 -2 -3 -3  0  1 -4 -1  0    4   4   2   0   3   6   6   3   3   0   3  42   0   0   0   5   8   0   2   9  0.36 inf
   47 T    0 -2  0  0 -2  0 -1 -1  0 -1 -1  1 -2  0  0  1  4 -3  0  0    7   0   4   6   0   4   0   3   2   4   5   9   0   5   3   6  33   0   2   6  0.19 inf
   48 C   -2 -3 -3 -4  8 -3 -4 -3 -3  0  0 -3 -1  3 -3  0  1 -2 -1  1    0   0   0   0  36   0   0   0   0   4   9   0   0  19   0   7   8   0   0  14  0.69 inf
   49 P   -1 -3  1 -3 -4 -1 -3 -4 -3 -1 -2 -2 -3 -4  7 -1  1 -5 -4 -2    3   0   7   0   0   3   0   0   0   5   4   0   0   0  64   4   8   0   0   3  1.36 inf
   50 V   -2 -4 -4 -5 -2 -4 -4 -5 -4  3  2 -4  2  3 -4 -3 -2  4 -1  3    0   0   0   0   0   0   0   0   0  22  19   0   5  19   0   0   0   6   0  30  0.56 inf
   51 Q   -1  3  1  1 -3  3  2 -2  1 -2 -2  1 -1 -3  0  0  0 -4 -2 -2    3  17   8  10   0  19  10   2   3   2   3   8   2   0   3   5   4   0   0   2  0.27 inf
   52 L    1 -3 -3 -4 -2 -2 -3 -3 -2  2  1 -2  3  3 -3 -2 -1 -1  3  2   14   0   0   0   0   0   0   0   0  14  14   0  14  14   0   0   0   0  14  14  0.25 inf
   53 W    0  1  1 -2 -4  1 -2 -3 -1 -2 -1  3 -1 -3 -3  1  1  5  0 -1    5   7   7   1   0   6   0   0   1   2   5  24   1   0   0  15   7  10   3   6  0.33 inf
   54 V   -2 -4 -4 -5  3 -2 -4 -5 -4  0  0 -4  1  2 -4 -2  2  6  2  3    2   0   0   0   7   1   0   0   0   4   8   0   4   8   0   2  14  11   7  29  0.52 inf
   55 D   -1  0  1  2 -3  1  2 -2 -1 -1 -2  1 -1 -4 -1  2  0 -4 -3 -2    4   3   6  14   0   7  14   1   1   3   4  10   2   0   2  18   6   0   0   1  0.22 inf
   56 S    0  2  1  0 -3 -1  0 -2 -1 -2 -2  2 -2 -1  1  2  0 -3  0 -1    7  13   7   4   0   0   5   2   1   1   3  12   1   3   8  19   3   0   3   3  0.15 inf
   57 T    0  0 -2  0  1  1  0 -3 -3 -2  0  0  2 -3  4  1  0  0 -3 -1    9   4   0   4   4   6   5   0   0   1   9   4   8   0  20  12   6   2   0   3  0.25 inf
   58 P   -2 -4 -2 -1 -5 -2 -2 -5  0 -2 -4 -2 -4 -5  7 -1 -1 -6 -5  1    2   0   2   4   0   1   2   0   2   2   1   2   0   0  63   4   3   0   0  10  1.48 inf
   59 P   -2 -4 -4 -2 -5 -1 -1 -2  0  1 -2 -2  0 -3  7 -2 -1 -5 -2 -3    1   0   0   2   0   3   3   4   3   8   4   1   3   1  59   2   3   0   1   0  1.25 inf
   60 P    0  0  0  1 -3  3  2 -3  1 -2 -2  1 -2 -3  3  0 -1 -4 -2 -2    7   5   4   7   0  16  11   0   3   2   2   7   1   1  18   8   3   0   1   2  0.31 inf
   61 G   -2 -1  2 -1 -4  0 -2  5 -2 -4 -2  0 -3 -2  2 -1 -2 -4 -1 -4    0   3  14   3   0   4   2  45   0   0   4   5   0   2   9   3   2   0   3   0  0.55 inf
   62 T    1 -3 -2 -3  3 -2 -3 -3 -1  0  2 -2  1 -1 -2  2  2  2 -2 -1   12   0   0   0   8   0   0   0   2   3  24   0   3   3   1  22  17   4   0   0  0.28 inf
   63 R   -1  2  1 -1 -2 -1 -2 -3  0  1 -1  0 -1  2 -3 -1 -1  2  4  1    2  15   9   2   1   2   0   0   1   9   3   6   1  12   0   3   2   3  17  13  0.20 inf
   64 V   -3 -4 -5 -5 -3 -4 -5 -5 -5  4  3 -4  0 -2 -5 -4 -2 -4 -3  4    0   0   0   0   0   0   0   0   0  31  32   0   0   0   0   0   0   0   0  37  0.89 inf
   65 R   -4  7 -3 -4  1  0 -3 -5  0 -4 -4  0 -4 -5 -5 -3 -2 -5 -4  0    0  81   0   0   3   3   0   0   2   0   0   2   0   0   0   0   2   0   0   7  1.54 inf
   66 A    4 -3 -3 -4  1 -3 -3 -1 -4  1 -1 -3  1 -1 -3  0  0 -4 -3  2   48   0   0   0   3   0   0   3   0  10   2   0   3   3   0   4   5   0   0  18  0.44 inf
   67 M   -1  0 -3 -4  0 -1 -3 -4  1  0  0 -2  7  2 -4 -2  2 -3  0  0    3   5   0   0   2   3   0   0   3   4   5   2  41   9   0   2  13   0   3   6  0.56 inf
   68 A    2 -3 -4 -4 -3 -3 -3 -2 -4 -1  3 -3  3 -2  4 -2 -1 -4 -3  0   20   0   0   0   0   0   0   3   0   0  32   0   8   0  25   0   4   0   0   7  0.56 inf
   69 I   -1  0 -4 -4  4 -1 -2 -4 -4  3  0 -3  2 -2 -4 -2 -2 -4 -3  4    2   7   0   0   9   3   3   0   0  19   3   0   6   0   0   2   0   0   0  46  0.54 inf
   70 Y   -3 -4 -4 -5  3 -4 -4 -5 -2 -3 -1 -4 -2  6 -5 -1 -3 -1  7 -3    0   0   0   0   7   0   0   0   0   0   3   0   0  41   0   5   0   0  41   0  1.36 inf
   71 K    0  0 -1 -2  0 -1  0 -1 -2 -2 -1  3  0 -3 -2  2  2 -3 -3 -1    6   3   0   0   2   0   5   3   0   0   7  28   4   0   0  19  14   0   0   5  0.21 inf
   72 Q    0  1  1  1 -2  1  1  0 -1 -1 -1  1 -1 -2 -2  0  0 -3 -2  0    8   8   7   8   0   7   8   8   0   0   8   8   0   0   0   8   8   0   0   8  0.06 inf
   73 S    1 -2  1  0 -3 -1  1 -1  0 -2 -2 -1 -1 -2  3  2  1 -3 -3 -2   15   0   5   5   0   2   8   3   2   1   4   3   1   2  14  17  10   0   0   0  0.20 inf
   74 Q   -1  0  1  1 -1  3  4 -3  1 -2 -3  0 -3 -4 -1  0 -1 -4 -3 -2    4   3   7   7   1  16  31   1   3   3   1   3   0   0   3   4   4   0   0   2  0.36 inf
   75 H   -3 -2  1  2 -4  1 -2 -3  6 -3 -2 -1 -2  2 -3  0 -2  2  4 -2    0   0   6  11   0   7   0   0  21   0   3   4   0  10   0   8   0   3  14   3  0.41 inf
   76 M    0  0 -1 -3 -2  0 -2 -3 -2  0  1 -1  2  0 -1 -1  0 -2  1  2   11   7   3   0   0   6   0   0   0   4  16   3   8   3   3   3   4   0   5  18  0.06 inf
   77 T    0  1  1 -1 -2  1  0  0  2 -2 -2  1 -2  1 -2  0  0 -2  1  0    7   7   7   0   0   7   7   7   7   0   1   7   0   7   0   7   7   0   7   7  0.06 inf
   78 E   -1 -1 -2  3  0  2  4 -2  2 -2 -2  1 -3 -2 -3 -1  0 -4 -1 -2    3   2   0  16   2   7  32   3   6   2   4   9   0   2   0   1   6   0   2   2  0.39 inf
   79 V   -1  1 -1 -3 -3 -2 -3 -4 -3  1 -1  0 -2 -3  5 -1 -1 -4 -3  3    3   7   3   0   0   0   0   0   0   6   5   7   0   0  28   4   3   0   0  34  0.53 inf
   80 V   -2 -4 -4 -1 -3 -4 -4 -5  1  3  1 -4 -1 -2 -4 -4 -2 -5 -3  6    0   0   0   5   0   0   0   0   5  16   8   0   0   0   0   0   0   0   0  66  0.88 inf
   81 R   -1  2 -1 -1 -3  1  2 -3  1 -2 -2  3 -2 -3 -1  0  0 -3 -1 -1    3  13   2   0   0   3  19   0   4   2   3  24   0   0   2   8   5   0   2   3  0.24 inf
   82 R    0  7 -3 -4  2  1 -2 -4 -3 -5 -4  0 -3 -5 -4 -3  0 -5 -4 -4    7  74   0   0   4   4   0   0   0   0   0   0   0   0   0   0   5   0   0   0  1.27 inf
   83 C   -4 -7 -7 -8 12 -7 -8 -7 -7 -5 -5 -7 -5 -6 -7 -5 -5 -6 -6 -5    0   0   0   0 100   0   0   0   0   0   0   0   0   0   0   0   0   0   0   0  3.99 inf
   84 P   -1 -3 -3  0 -3  1 -1 -3  1  0 -1 -2  0  1  5 -1 -1 -3  2  0    4   0   0   4   0   9   3   1   4   5   4   0   2   6  36   3   3   0   8   6  0.58 inf
   85 H   -1 -2  5  0  0  1  0 -1  6 -1 -2 -1  0 -3 -3 -2 -1 -3  1 -3    4   0  31   4   3   6   5   3  22   4   3   3   3   0   0   1   3   0   5   1  0.55 inf
   86 H   -5 -4 -3  1  3 -3 -3 -5 10 -5 -2 -4 -4  2 -6 -4 -5 -5 -2 -6    0   0   0  10   6   0   0   0  71   0   5   0   0   8   0   0   0   0   0   0  2.14 inf
   87 E    0  1 -2 -2  3  1  0 -2 -1  0  0  0  2  1 -2  0  0 -2  1 -1    8   8   0   0   7   7   8   1   0   8   8   8   7   7   0   8   8   0   7   0  0.09 inf
   88 R    0  3  0  0 -3  1  0 -1  1 -2 -1  0  1  0 -3  1  0 -3 -2 -2   10  22   3   4   0   6   4   3   3   2   6   3   5   4   0  15   6   0   0   2  0.19 inf
   89 C    0  0  0 -1  4  0  0 -1 -2 -1 -1  0  0 -1  2  1  1 -3  0 -1    8   4   5   3  10   4   7   3   0   2   4   5   3   3   9  12   9   0   3   4  0.12 inf
   90 S   -2 -1  0  4 -4  2  1 -2  0 -1 -2  1  0 -1 -1  2  0 -4 -3 -2    0   3   3  24   0   8   9   2   2   4   3  10   3   4   2  16   5   0   0   2  0.31 inf
   91 D   -2 -1  3  3 -4  0  1 -1 -2 -4 -3 -1 -3 -4  2  1  0 -4 -1 -2    2   3  18  20   0   4   9   4   0   0   3   3   0   0   9  13   4   0   2   3  0.40 inf
   92 S    0 -2  2  1  0  0  0  0  2 -1 -1 -1  0  0  1  0  1 -3  1 -1    7   0  10   7   3   3   6   6   7   4   6   3   3   4   8   6   8   0   6   3  0.09 inf
   93 D   -1  0  3  3  3  0  0  0  1 -1 -4  0 -3  0  0  1  0 -4 -3 -3    5   4  15  17   6   4   5   8   4   4   0   6   0   4   4   9   4   0   0   0  0.27 inf
   94 G   -1 -1  4  1 -4  1  1  2  0 -4 -3  0 -1 -1  1  0 -1 -4 -1 -2    3   2  21   6   0   7  10  15   3   0   3   4   2   4   6   6   3   0   3   3  0.27 inf
   95 L    0  0  1  1 -3  1  0 -1  3  0 -1  0  1  0 -1  0 -1 -3  0  0    7   4   6   8   0   6   3   4   8   6   6   7   5   4   3   7   3   0   3   5  0.03 inf
   96 A    0 -2  0  0  2  0  0  0  2  0 -1  0 -2 -2  1  0  0  3  1  0    6   0   5   6   5   5   6   6   5   6   6   6   0   0   6   6   6   5   5   6  0.04 inf
   97 P    0 -1 -1  0 -3 -1 -1 -3  3 -1 -2  1  1 -3  5 -1  0 -3  0 -1    6   3   2   5   0   1   2   1   8   4   2  13   4   1  26   3   5   0   3   3  0.32 inf
   98 P    1  1  0 -1 -2 -1  0  0  0 -2 -2  0  1 -2  3  0 -1 -3  0 -1   14  10   5   2   0   2   6   5   2   1   3   3   5   0  18   6   3   0   3   5  0.15 inf
   99 Q   -1  3  0 -1  0  1  1 -2  0 -2  0  1  1 -2 -1  1  0 -3 -1 -2    4  20   3   3   3   6  11   2   2   0   8   7   5   0   2   9   4   0   2   1  0.10 inf
  100 H   -1 -2  0  0 -3  0  0 -2  7 -3 -3 -2 -2  1 -2  0 -2 -2  1 -1    6   0   4   4   0   4   3   1  43   0   1   1   0   6   0   6   1   0   5   4  0.51 inf
  101 L   -1 -2 -2 -3 -2 -2 -2 -3  1  1  2 -2  1  1 -2  1 -1  4 -1  1    1   0   0   0   0   0   1   1   6   4  32   1   3   7   0  16   1   6   0  13  0.14 inf
  102 I   -2 -2 -3 -3  0 -2 -3 -3 -3  3  2 -1  2  1 -3 -1 -1 -2 -1  2    1   0   0   0   2   0   0   0   0  21  29   4   8   7   0   4   0   0   0  12  0.19 inf
  103 R   -2  4  0 -2 -3  0 -1 -1  2  1  0  0 -1 -2 -3 -2 -2  2 -2  0    1  40   4   0   0   3   0   4   7  10   8   0   0   0   0   1   0   3   0   7  0.25 inf
  104 V   -1  2 -2 -2  6 -1 -1 -3 -1  0 -1 -1  1 -2 -2  0  0 -3 -2  2    3  13   0   0  22   0   4   1   2   2   4   0   4   0   0   9   4   0   0  20  0.20 inf
  105 E   -1 -1  0  1  0  0  3 -1  1  0 -2  0 -2 -3 -2  1  1 -3 -2  0    0   1   5   4   2   3  28   4   4   9   1   4   0   0   0  11   9   0   0   6  0.15 inf
  106 G   -1  1  2  1 -3  0  0  3  4 -3 -3 -1 -1 -1 -2  0 -2 -3 -2 -3    2  10  11  10   0   2   7  23  13   0   1   0   3   3   0   4   0   0   0   1  0.23 inf
  107 N   -1  1  1  1 -3  1  1  0  2 -2 -1  1 -2 -3  1  0  0 -3 -2 -2    1   8   7   8   0   7   8   8   7   0   8   8   0   0   8   8   8   0   0   0  0.11 inf
  108 L   -1 -1  1  0  0  2  1 -2 -2 -2  1 -2  1 -2  2  1  0 -4 -2 -2    4   3   8   4   3  13   8   1   0   1  16   0   5   1  11  11   4   0   1   2  0.15 inf
  109 R    0  2  1  0 -1  1 -1 -1  2 -3 -1  1 -2 -3 -1  2  1 -2 -1 -3    5  14   7   4   1   6   2   4   7   0   8   8   0   0   2  15  10   1   2   0  0.15 inf
  110 V    5 -3 -1 -4  1 -3 -3  0 -4 -1 -3 -3  0 -4 -2  0  0 -5 -1  2   49   1   3   0   2   0   0   5   0   2   2   0   2   0   1   7   5   0   2  13  0.55 inf
  111 E   -1  0 -1 -1 -4  3  2 -4  0  1 -2  0 -1 -2 -3 -1  0 -3  4  0    3   6   3   2   0  13  17   0   2  10   3   5   1   0   0   3   6   0  18   8  0.30 inf
  112 Y   -4 -4  0 -5  4 -1 -4 -5  0 -2 -4 -4 -4  1 -5 -2 -4 -2  9 -4    1   0   4   1   7   3   1   1   2   2   1   1   0   4   1   3   1   0  68   1  1.94 inf
  113 L   -2 -1 -2 -1  2  0  0 -2  2  1  1 -1  0  2 -2 -2  0 -1  1  2    1   4   2   2   6   4   7   2   5   7  11   4   3  10   1   2   5   1   5  19  0.10 inf
  114 D   -2 -2  1  3  1  0  4  2 -2 -2 -4  0  0 -2 -3 -1 -1 -4 -1 -2    1   1   6  16   3   4  28  18   0   2   1   4   2   1   1   2   4   0   3   2  0.42 inf
  115 D   -3 -2  1  6  1 -2  1 -2 -2 -3 -2 -1 -4 -4 -4 -2  0 -5 -1 -3    2   2   5  51   3   0   9   3   1   2   5   4   0   0   0   2   6   0   3   2  0.83 inf
  116 R    0  1  1  1 -3  0  2  0  1 -3 -2  0 -1 -3  3  0  0 -4 -3 -2    8   8   7   6   0   3  15   5   3   1   4   3   2   0  15   6   6   0   0   2  0.20 inf
  117 N    0  0  2 -1 -3  1  1 -2  2  0 -1 -1  1 -2 -1 -1  1 -3  1 -1    8   4  14   1   0   8  12   2   6   6   4   1   4   1   3   2   9   0   7   4  0.11 inf
  118 T   -1 -3  1  1 -4 -3 -1  2  0 -4 -4 -3 -4 -4 -3  2  5 -4 -4 -3    4   0   6   8   0   0   4  14   2   0   1   0   0   0   0  18  36   0   0   0  0.59 inf
  119 F   -1  0  0 -1 -3  1  2  1  0 -2  0  0  0  1 -2  0 -1  1  1 -1    2   4   5   2   0   6  14  11   2   0   8   6   2   8   0   5   2   2   6   6  0.04 inf
  120 R   -2  6 -3 -4  2  0 -3 -2  2 -4 -2  0 -3 -4 -4 -3 -1  3 -3 -4    3  53   0   0   5   3   0   4   5   0   5   5   0   0   0   0   3   5   0   0  0.90 inf
  121 H   -2 -2 -1 -3  0  3 -1 -4  6  0  0 -1 -2  1 -1 -2 -3 -3  3  0    3   0   2   0   2  15   3   0  22   5   8   3   0   6   2   3   0   0  10   8  0.35 inf
  122 S    0  0 -1  0  2 -2 -1 -3 -3 -4 -4 -2 -1  0 -3  5 -1 -4  0 -3    8   4   2   5   4   0   3   1   0   0   1   0   1   4   0  53   0   0   3   0  0.55 inf
  123 V   -1 -4 -4 -1 -3 -4 -4 -4 -4  3  1 -4 -1 -1 -4 -3 -2 -4 -3  5    5   0   0   4   0   0   0   0   0  13  12   0   0   2   0   0   0   0   0  54  0.68 inf
  124 V   -1  1  0 -3 -1 -1 -2 -3 -2  2  2 -1  1 -1 -3 -1  0 -3  0  2    3   9   5   0   1   2   0   0   0  13  18   1   4   1   0   4   5   0   3  20  0.11 inf
  125 V   -1 -4  0 -4 -3 -3 -4 -4 -4  3  0 -3 -1  1 -4 -3  0 -4 -2  5    5   0   6   0   0   0   0   0   0  16   8   0   0   6   0   0   6   0   0  44  0.45 inf
  126 P    0 -4 -4 -4 -5 -1 -2 -1 -4 -1 -2  0  0 -5  7 -3 -3 -5 -5 -4    6   0   0   0   0   3   2   5   0   4   3   5   2   0  60   0   0   0   0   0  1.34 inf
  127 Y   -3 -3 -3 -4 -3 -2 -3 -1  2  0  3 -3  0  3 -4 -3 -1  3  4  0    1   0   0   0   0   2   0   5   5   4  28   0   2  11   0   1   3   5  19   6  0.39 inf
  128 E   -1  0  1  2 -1  0  4 -1  2 -3 -3  0 -3 -4 -3 -1  0 -4 -3 -3    4   5   8   9   2   2  35   5   5   1   3   4   0   0   1   3   8   0   0   1  0.34 inf
  129 P    0  1  1 -2 -1  2  0 -2  0 -1 -1  0  1 -3  3  0  0 -3 -2 -1    5  10   7   1   1  11   6   2   2   5   3   6   5   0  14   4   5   0   0   3  0.14 inf
  130 P   -1  0 -3 -3  0  0  0 -3  0 -2 -2 -2 -3 -1  6  1  1 -4 -3 -3    4   5   0   1   2   5   5   1   2   3   3   1   0   3  41  10   8   0   0   1  0.69 inf
  131 E    0  0  1  0 -2  1  0  0  1  0 -1  0  1 -2  1  0  0 -3 -2  0    6   6   6   6   0   6   6   6   6   6   6   6   6   0   6   6   6   0   0   6  0.03 inf
  132 V    0 -2  1  0 -2  1  0  0  2  0 -1 -1 -1  1  1  0  0 -2  1  0    7   0   7   7   0   7   7   7   6   7   7   0   0   6   7   7   7   0   6   7  0.06 inf
  133 G   -1  0 -1  1  1 -1  1  5  1 -5 -5 -1 -4 -5 -2  0 -1 -5 -4 -3    4   5   2   7   3   2   9  46   3   0   0   3   0   0   2   6   4   0   0   2  0.66 inf
  134 S   -1  0  1  0  1  1  0 -1  0 -3 -1  0  1 -1  0  3  1 -4 -3 -2    3   4   5   5   3   5   7   4   2   0   5   5   4   2   4  27   9   0   0   3  0.20 inf
  135 D   -1  0  1  2  0  1  3 -1  0  0 -1  0 -2 -3  0 -1  0 -4 -3  1    5   4   5  12   2   8  20   4   3   5   6   4   0   0   4   3   4   0   0  11  0.16 inf
  136 C   -1  2 -1 -3  4  0  0 -3  1 -1 -2 -1  1  0  1  1  0  3  3 -1    4  12   3   0   9   3   5   1   3   3   3   4   4   4   7  11   5   4  12   3  0.22 inf
  137 T   -1  0 -2 -3  1  2 -2 -3  0  0  0 -1  0  0 -1  0  2 -3  1  2    4   4   1   0   4  12   1   1   3   4   7   3   3   5   3   7  18   0   5  18  0.17 inf
  138 T   -1 -2  1 -3  0  0 -1 -2  0 -2 -3  1 -3 -4  2  0  5 -4  0 -1    4   2   6   0   2   5   3   3   2   1   2   7   0   0  10   5  39   0   4   4  0.48 inf
  139 I   -2 -3  0  0  2 -2  0 -4  2  2  1 -3  3  2 -3 -3 -2 -3  2  2    1   0   5   6   4   0   8   1   6  15  14   0   8   8   0   1   0   0   8  13  0.25 inf
  140 H    0  0  0  0  2  0 -2 -3  2  0  2 -2  2  1  0 -1  0 -2  1  0    9   5   6   5   6   4   0   1   7   4  21   0   7   5   5   4   4   0   5   4  0.10 inf
  141 Y   -3 -4 -4 -1  1 -4 -4 -2 -2  1  2 -4  0  6 -4 -3 -3 -1  5 -2    0   0   0   4   3   0   0   4   0   7  21   0   2  34   0   0   0   0  22   0  0.75 inf
  142 N   -1  1  2 -1 -3  3  2 -2  1 -3 -3  3 -2 -3 -2  1 -1 -3 -1 -1    5   8  10   2   0  15  11   1   4   0   1  24   0   0   0  10   2   0   2   5  0.34 inf
  143 Y   -3 -3 -3 -4 -3 -3 -3 -4 -2  1  0 -3  3  6 -4 -3  0  5  3 -2    1   1   1   1   0   1   1   1   0   7   9   1   8  44   1   1   7   8   8   1  0.78 inf
  144 M    0  1 -2 -2  3 -1 -2  0  2 -1  0  0  2  1 -2  0  0 -2  2  0    8   8   0   0   7   0   0   8   7   0   8   8   7   7   0   8   8   0   7   8  0.08 inf
  145 C   -2 -4 -4 -4 11 -4 -4 -4 -4 -2 -3 -4 -3 -4 -4 -3 -3 -4 -4  1    1   1   1   1  75   1   1   1   0   1   1   1   0   1   1   1   1   0   0  12  2.21 inf
  146 N   -2  0  2  1  1  1 -1 -2 -1 -1  0  0 -1  2  0  0 -1 -2  1 -1    1   5  16  11   4   7   1   1   0   1  13   8   0  14   5   5   1   0   5   5  0.12 inf
  147 S   -1 -1  4 -1 -3 -1 -1  2 -2  0 -3  1 -2 -3 -2  2  1 -3 -3 -2    1   1  23   1   0   0   1  17   0   7   1  11   0   0   1  21   9   0   0   1  0.29 inf
  148 S    0  1 -1 -1 -2  1 -1 -1 -1 -3 -3 -1 -2 -3  2  4  1 -3 -2 -2    1   8   1   1   0   8   1   1   0   1   1   1   0   0   8  51   8   0   0   1  0.34 inf
  149 C    0 -1  0  3  5 -1  0 -1 -1 -2 -2 -1 -2 -2 -1  2  0 -2 -2 -1    2   1   1  26  25   1   2   2   1   1   2   1   1   1   1  27   1   0   1   2  0.28 inf
  150 M   -1 -1 -1 -3 -2  0 -2 -1 -2  2  0 -2  3  0  0 -1  0  7  1  0    5   4   4   1   0   4   1   4   0  17   5   1   9   4   5   5   4  16   4   7  0.32 inf
  151 G   -2 -3  0 -3  4 -3 -3  4  2 -1 -2 -3  0 -3  3  0  0  2 -3 -3    0   0   3   0  11   0   0  36   5   4   4   0   3   0  14   7   5   3   0   0  0.51 inf
  152 G    0  1  0 -1 -2  1 -1  4 -1 -3 -3  1 -2 -3 -2  1  1 -2 -2 -2    1   7   4   1   0   7   1  34   0   1   2  10   0   1   1  16  11   0   1   1  0.32 inf
  153 M   -1 -1 -2 -2 -2 -1 -2  1 -2  2  1  1  4 -1  1  0 -1 -3 -2  0    1   1   1   1   0   1   1  10   0  16  12  11  21   1   7  11   1   0   0   5  0.16 inf
  154 N    0  0  4  1  0  0  0  0  3 -2  0  0  0 -2 -2  0 -1 -3 -2 -2    6   5  32   5   3   3   3   5  10   1  11   4   3   0   1   6   1   0   0   1  0.25 inf
  155 R    1  2 -1 -1 -2  2  0  1 -1 -3 -2  1 -1 -2 -2  1 -1  5 -1 -2   13  13   1   1   0  13   1  13   0   1   1  13   0   0   1  13   1  13   0   1  0.28 inf
  156 R   -1  4 -1 -2 -3  0 -1  0 -2 -1 -1  3 -1 -3 -2  0 -1 -3 -2 -1    5  37   0   1   0   0   1   7   0   5   6  25   0   0   1   4   1   0   0   6  0.37 inf
  157 P    0  1  0 -1 -3  0  0 -2 -2 -2 -1  1  0 -3  5  0  0 -3 -2 -2    8  10   3   3   0   3   6   1   0   1   8   8   3   0  33   8   3   0   0   1  0.48 inf
  158 I   -2  0 -3 -4 -3 -3 -3 -1 -3  3  2 -3  1  1 -3 -1  3 -3 -2  1    0   7   0   0   0   0   0   6   0  26  18   0   3   7   0   2  25   0   0   6  0.31 inf
  159 L    1  1 -1 -1  2  1  0  0 -2  1  1 -1  0 -1 -3  0 -1 -3 -1  0   17   8   2   2   5   8   7   6   0  10  21   1   0   2   0   4   1   0   2   3  0.06 inf
  160 T   -1 -3 -3  0 -2  0 -2 -4 -3  3  3 -3  0  1 -3 -1  1 -3 -2  1    3   0   0   7   0   6   0   0   0  20  33   0   0   7   0   6  11   0   0   8  0.27 inf
  161 I   -2 -4 -4 -4  4 -4 -2 -5 -4  4  0 -4  2 -2  1 -2 -1 -4 -3  4    0   0   0   0   9   0   2   0   0  28   2   0   4   0   7   2   2   0   0  44  0.65 inf
  162 I   -1 -4 -4 -5  1 -4 -4  0 -3  3  0 -4 -1  6 -4 -3 -3 -1  2  1    6   0   0   0   3   0   0   7   0  18   6   0   0  45   0   0   0   0   7   9  0.67 inf
  163 T   -1 -2 -1 -3  3  0 -2 -3  3 -2  0 -2 -1  2 -3  0  5 -3  1 -2    2   1   2   0   6   4   0   0   8   1   7   0   1  12   0   5  47   0   4   0  0.49 inf
  164 L   -3 -4 -5 -5  3 -4 -5 -5 -5  1  5 -4  1 -2  1 -4 -3 -4 -3  0    0   0   0   0   7   0   0   0   0   6  75   0   2   0   8   0   0   0   0   2  0.93 inf
  165 E   -3 -1 -3 -1  3  0  6  0 -3 -2  0 -2 -3 -4 -3 -2 -3 -5 -4 -3    0   2   0   1   7   3  65   9   0   3  12   0   0   0   0   0   0   0   0   0  0.87 inf
  166 D   -2 -1  2  3 -4 -1  1 -2  5 -3 -3  0 -3 -2  2  0  0 -3  1 -3    1   2  14  22   0   0   6   2  16   0   1   5   0   1  10   4   8   0   7   0  0.40 inf
  167 S    0  2 -1  2  2  0  0 -1 -1 -2 -2  0 -2 -3  2  2  0 -4 -2 -2    7  12   1  13   6   3   5   3   1   2   2   5   1   0  12  24   2   0   1   1  0.26 inf
  168 S   -1 -1  2  3  1  0  2  1  1 -3 -3 -1 -3 -4 -3  2  0 -4 -3 -3    2   2  11  16   3   3  17   9   4   1   1   3   0   0   0  22   6   0   0   0  0.37 inf
  169 G   -2 -2 -1 -3 -1 -1 -2  6 -3 -4 -4  0 -3 -4 -3 -1 -3 -4 -4 -4    1   2   1   1   1   3   2  75   0   1   1   5   0   1   1   3   1   0   0   1  1.21 inf
  170 N   -1  1  2  1 -4  4  2 -3  1 -3 -1  1 -1 -3 -3 -1 -1 -3  0 -1    5   7  13   6   0  28  13   0   4   1   5   5   1   0   0   1   3   0   4   4  0.36 inf
  171 L   -2 -4 -4 -2 -3 -4 -2 -5 -5  4  2 -4  0 -2 -4 -2 -1 -5 -3  5    0   0   0   2   0   0   3   0   0  21  16   0   1   0   0   2   1   0   0  53  0.77 inf
  172 L   -3 -4 -5 -6 -1 -3 -5 -6 -5  1  5 -5  0  0 -5 -4 -3  3  0  1    0   0   0   0   1   1   0   0   0   4  75   0   0   2   0   0   0   4   3  10  1.02 inf
  173 G    0 -5 -3 -4 -5 -4 -5  7 -5 -6 -6 -4 -5 -6 -5 -1 -4 -5 -6 -5    8   0   0   0   0   0   0  90   0   0   0   0   0   0   0   2   0   0   0   0  1.88 inf
  174 R   -3  7 -3 -3 -1  2 -2 -5  0 -2 -4  0 -4 -5 -5 -3 -4 -5 -2 -3    1  77   0   1   2   9   0   0   2   3   0   2   0   0   0   0   0   0   1   2  1.49 inf
  175 N   -3  5  1  0 -1  5 -1 -4  1 -4 -3  1 -3 -5 -4 -1 -1 -4 -2 -3    0  40   6   4   2  30   1   0   2   0   1   5   0   0   0   2   3   0   1   1  0.83 inf
  176 S    1 -2 -2 -3  4 -2 -1 -3  0  0 -1  0  0 -2 -3  3  1 -4 -3  2    9   2   0   0  11   0   2   0   2   5   2   5   2   2   0  31   5   0   0  22  0.31 inf
  177 F   -3 -4 -5 -5 -1 -4 -5 -5 -4  3  2 -4  3  5 -5 -4 -3 -3 -1  3    0   0   0   0   1   0   0   0   0  18  23   0   7  31   0   0   0   0   0  20  0.75 inf
  178 E   -2 -2  2  3 -2  0  4  0  3 -5 -3 -1 -4 -4  0  0 -2 -5 -2 -4    2   0   9  16   1   2  40   6   7   0   2   2   0   0   5   5   1   0   1   0  0.57 inf
  179 V   -1 -4 -4 -5  1 -4 -4  0 -5  3  0 -4 -1  0 -4 -3 -1 -4 -3  5    4   0   0   0   3   0   0  10   0  12   8   0   0   4   0   0   3   0   0  56  0.65 inf
  180 R   -3  6 -2 -3 -6  1 -2 -4  1 -5 -5  5 -3 -5 -4 -3 -3 -5 -4 -5    0  57   0   0   0   5   0   0   3   0   0  35   0   0   0   0   0   0   0   0  1.35 inf
  181 V   -2 -5 -5 -5  2 -4 -5 -5 -5  5 -1 -4 -1 -2 -4 -2 -1 -5 -3  5    0   0   0   0   5   0   0   0   0  45   0   0   0   0   0   3   2   0   0  45  0.98 inf
  182 C   -3 -6 -5 -6 11 -6 -6 -5 -6 -4 -4 -6 -4 -5 -6  0 -4 -5 -5 -4    0   0   0   0  92   0   0   0   0   0   0   0   0   0   0   8   0   0   0   0  3.15 inf
  183 A    5 -1 -2 -3 -1 -2 -2 -2 -3 -2 -3  1 -3 -4 -3  3  1 -4 -3 -2   54   1   0   0   1   0   0   0   0   2   0   9   0   0   0  22  10   0   0   1  0.66 inf
  184 C   -3 -6  2 -5 11 -5 -6 -5 -5 -4 -3 -5 -4 -5 -6 -2 -3 -5 -5 -4    0   0  13   0  83   0   0   0   0   0   2   0   0   0   0   2   0   0   0   0  2.69 inf
  185 P   -3 -5 -5 -4 -5 -4 -4 -5 -4 -3 -5 -4 -5  0  8 -3 -3 -5  1 -5    0   0   0   0   0   0   0   0   0   2   0   0   0   5  86   0   1   0   6   0  2.38 inf
  186 G    0  1 -1 -3 -1 -2 -2  5 -3 -4 -4  4 -3 -5 -3  0 -2 -4 -4 -3    4   5   1   0   2   0   0  47   0   0   1  30   0   0   0   7   0   0   0   2  0.73 inf
  187 R   -4  8 -3 -4 -6 -1 -3 -5 -3 -6 -5  0 -4 -6 -5 -3 -4 -5 -4 -5    0 100   0   0   0   0   0   0   0   0   0   0   0   0   0   0   0   0   0   0  2.23 inf
  188 D   -4 -4 -1  8 -6 -3 -1 -4 -4 -6 -6 -3 -6 -6 -4 -3 -4 -7 -6 -6    0   0   0 100   0   0   0   0   0   0   0   0   0   0   0   0   0   0   0   0  2.32 inf
  189 R   -1  6 -3 -4  1 -1 -2 -4 -1 -2 -2  3  4 -4 -4 -2 -3 -4 -1 -3    4  56   0   0   3   0   0   0   1   1   2  15  16   0   0   1   0   0   2   0  0.98 inf
  190 R   -1  3  1  0 -1  1  2 -2 -2 -2 -1  3 -1 -4 -3 -1  1 -4 -3 -2    2  18   7   3   1   4  15   1   0   2   6  28   1   0   0   1   9   0   0   2  0.34 inf
  191 T    1 -1  2 -1 -3  2 -1 -2  0 -2 -2  2 -1 -3 -2  0  2 -4 -2  0   17   1  14   1   0  14   0   0   3   1   4  14   1   0   0   5  19   0   0   7  0.26 inf
  192 E    0 -3 -1  5 -5  0  5 -3  0 -4 -3 -2 -1 -5 -3 -1 -3 -5 -4 -4   11   0   1  39   0   2  40   0   2   0   2   0   2   0   0   2   0   0   0   0  0.91 inf
  193 E   -3 -2 -2  0 -6  1  7 -5 -2 -2 -5 -2 -4 -6 -4 -2 -3 -5 -4 -3    0   0   1   3   0   2  90   0   0   3   0   0   0   0   0   0   0   0   0   1  1.63 inf
  194 E    0  3  1  2 -4  1  2 -2 -2 -3 -4  3 -3 -4 -2  0  0 -4 -3 -3    7  15   5  14   0   2  16   1   0   1   0  29   0   0   0   6   4   0   0   0  0.45 inf
  195 N    0  2  4  0 -3  2  0 -2  4 -4 -4  1 -3 -4 -3  2  0 -4 -2 -3    7  12  26   4   0   9   4   1  12   0   0   5   0   0   0  15   4   0   0   0  0.42 inf
  196 L   -2 -3 -4 -4 -3 -3 -4 -4 -2  1  3 -3  1  4 -4 -3 -2 -1  3  2    0   0   0   0   0   0   0   0   0   7  34   0   3  27   0   0   0   0  14  15  0.53 inf

                      K         Lambda
Standard Ungapped    0.1341     0.3198
Standard Gapped      0.0444     0.2670
PSI Ungapped         0.1455     0.3164
PSI Gapped           0.0444     0.2670
