
Last position-specific scoring matrix computed, weighted observed percentages rounded down, information per position, and relative weight of gapless real matches to pseudocounts
           A  R  N  D  C  Q  E  G  H  I  L  K  M  F  P  S  T  W  Y  V   A   R   N   D   C   Q   E   G   H   I   L   K   M   F   P   S   T   W   Y   V
    1 K   -2  4 -1 -2 -5  0  2 -3 -2 -4 -4  6 -3 -5 -3 -2 -2 -4 -3 -4    0  20   0   0   0   1  12   0   0   0   0  67   0   0   0   0   0   0   0   0  0.97 inf
    2 E   -3 -1 -1  0 -6  0  7 -4 -2 -5 -5 -1 -4 -5 -1 -2 -2 -5 -4 -3    0   2   2   2   0   1  87   1   0   0   0   0   0   0   2   0   2   0   0   1  1.41 inf
    3 P   -1 -3 -1 -3 -4 -1  0 -4 -2 -4 -2  0 -2 -5  7  0 -1 -5 -4 -2    3   0   4   0   0   2   4   0   0   0   5   6   1   0  63   6   2   0   0   3  1.33 inf
    4 E   -2 -2 -2  1 -5  0  7 -4 -2 -5 -3  1 -4 -5 -3 -1 -3 -5 -4 -3    1   0   1   3   0   1  81   0   0   0   2   6   0   0   0   3   0   0   0   2  1.28 inf
    5 Q   -3 -1 -1 -1 -4  7  0 -4  3 -5 -4  2 -3 -5 -3 -2 -2 -4 -2 -3    0   1   1   2   0  68   3   0   8   0   0  13   0   0   1   0   2   0   1   1  1.27 inf
    6 L   -2 -3 -3 -3 -3 -2 -2 -4 -2  0  4 -3  1  3 -4 -3  0 -3  0  1    2   0   1   1   0   2   2   0   1   2  53   0   3  13   0   1   5   0   2  12  0.49 inf
    7 R   -2  6 -2 -1  4  2 -2 -2 -1 -5 -4  3 -3 -5 -4 -2 -2  2 -3 -4    1  50   1   2  10   8   0   2   1   0   0  20   0   0   0   1   0   3   0   0  0.94 inf
    8 K   -3  0 -2 -3 -6 -1 -2 -4 -3 -5 -5  7 -1 -6 -4 -3 -3 -6 -4 -3    0   1   1   0   0   0   0   0   0   0   0  93   2   0   0   0   0   0   0   2  1.75 inf
    9 L   -3 -4 -5 -6 -3 -4 -5 -6 -5  3  5 -4  4 -2 -3 -4 -3 -4 -3  0    0   0   0   0   0   0   0   0   0  17  68   0  12   0   1   0   0   0   0   2  1.05 inf
   10 F   -5 -6 -6 -6 -5 -6 -6 -6 -4 -3 -2 -6 -3  9 -7 -4 -5 -2  1 -4    0   0   0   0   0   0   0   0   0   0   1   0   0  97   0   1   0   0   1   0  2.50 inf
   11 I   -3 -5 -5 -5 -3 -5 -5 -6 -5  7  0 -5  0 -2 -5 -4 -2 -5 -3  4    0   0   0   0   0   0   0   0   0  70   2   0   1   0   0   1   1   0   0  25  1.31 inf
   12 G   -2  0 -3 -4 -5 -3 -2  7 -4 -6 -6 -2 -5 -6 -4 -2 -4 -5 -5 -6    0   5   0   0   0   0   2  89   0   0   0   2   0   0   0   1   0   0   0   0  1.75 inf
   13 G   -2 -2 -1 -2 -5 -4 -3  7 -4 -6 -6 -4 -5 -6 -4 -1 -4 -5 -5 -5    0   2   1   2   0   0   1  88   0   0   0   0   0   0   0   5   0   0   0   0  1.74 inf
   14 L   -3 -3 -5 -6 -3 -2 -5 -6 -5  3  6 -4  0 -1 -5 -4 -3 -2 -3  0    0   1   0   0   0   2   0   0   0  14  81   0   0   0   0   0   0   0   0   1  1.15 inf
   15 S   -1 -1  3  1 -1 -2 -2 -2 -2 -4 -4  1 -3 -4 -2  5  0 -5 -4 -4    2   2  15   7   1   0   0   1   0   0   0  11   0   0   1  54   3   0   0   0  0.68 inf
   16 F   -3 -4 -4 -3 -4 -3  1 -4 -1 -1 -2 -3 -2  6  1 -1 -1  6  4  0    1   0   0   1   0   0  10   0   1   1   1   1   0  39   6   5   3  10  13   8  0.72 inf
   17 E   -3  0  0  3 -4  3  5 -3 -1 -5 -4  1 -2 -4 -3 -1 -1 -4 -1 -4    0   4   4  17   0  14  45   0   0   0   1   7   1   0   0   3   2   0   2   0  0.76 inf
   18 T   -1 -3 -1 -3 -3 -3 -2 -4 -2 -2 -4 -1  0 -5 -4 -1  7 -3 -4 -2    3   0   2   0   0   0   1   0   1   2   0   2   2   0   0   1  85   0   0   0  1.43 inf
   19 T   -2 -3  1 -1 -3 -2  1 -4 -3 -3 -4 -1 -2 -5 -3  1  6 -5 -4 -3    1   0   5   3   0   0  11   0   0   0   0   2   0   0   0   6  71   0   0   0  1.10 inf
   20 D   -2 -2  1  5 -5  0  4 -3 -2 -5 -5  0 -4 -5 -1 -2 -2 -5 -4 -3    2   0   7  44   0   3  34   0   0   0   0   4   0   0   3   0   1   0   0   2  0.97 inf
   21 E   -2 -2 -1  3 -5  0  5 -3  3 -4 -5  0 -4 -3 -3 -1 -2  0  0 -3    3   0   0  19   0   1  54   1   7   1   0   4   0   0   0   2   1   2   3   1  0.85 inf
   22 S   -1  0  1  0 -2 -2 -2  2  2 -4 -4 -1 -2 -4 -3  4  0 -4 -2 -3    0   4   7   4   1   0   0  18   7   0   1   2   1   0   0  46   5   0   1   0  0.52 inf
   23 L   -2 -4 -5 -6 -3 -4 -5 -6 -5  0  6 -4  2 -1 -5 -4 -3 -4 -3 -1    2   0   0   0   0   0   0   0   0   2  88   0   5   1   0   0   0   0   0   2  1.28 inf
   24 R   -3  7 -2 -4 -6  1 -1 -4 -3 -5 -5  3 -4 -5 -4 -2 -3  1 -4 -5    0  71   1   0   0   3   2   0   0   0   0  20   0   0   0   2   0   2   0   0  1.49 inf
   25 S    0 -2  2  3 -3  1  3 -2 -2 -3 -4  1 -3 -4 -2  3  0 -4 -3 -3    7   0   9  17   0   4  19   1   0   0   0   7   0   0   0  30   2   0   0   1  0.46 inf
   26 H   -4 -3 -2 -4 -2 -2 -3 -5  8 -4 -4 -4 -3  3 -5 -4 -3 -2  7 -4    0   1   0   0   1   1   0   0  45   0   0   0   0  10   0   0   1   0  39   0  1.76 inf
   27 F   -4 -5 -5 -5  0 -5 -5 -5 -3 -3 -2 -5 -3  8 -5 -1 -4 -1  5 -3    0   0   0   0   2   0   0   0   0   0   0   0   0  70   0   7   0   0  20   0  1.71 inf
   28 E   -2 -1 -2 -1 -1  1  6 -1 -2 -5 -5  0 -4 -5 -3  2 -1 -5 -4 -3    2   2   0   0   1   3  66   6   0   0   0   3   0   0   0  14   2   0   0   1  1.00 inf
   29 Q   -1  0 -1 -3 -5  7  0 -4 -2 -5 -4  4 -3 -5  1 -2 -2 -1 -4 -3    4   2   1   0   0  57   3   0   0   0   0  25   0   0   5   0   1   1   0   1  1.13 inf
   30 W   -5 -3 -6 -7 -5 -4 -5 -6 -2 -5 -4 -5 -4  4 -6 -5 -5 11  5 -5    0   2   0   0   0   1   0   0   1   0   0   0   0  18   0   0   0  59  19   0  2.69 inf
   31 G   -2 -4 -3 -2 -5 -4 -3  7 -5 -6 -6 -4 -5 -6 -5 -3 -4 -5 -6 -6    1   1   0   1   0   0   1  96   0   0   0   0   0   0   0   0   0   0   0   0  2.02 inf
   32 T   -2 -1  0  0 -2  0  3 -3 -2 -2 -3  3  2 -4 -2 -1  4 -4 -1 -2    1   1   3   3   0   3  24   0   0   1   0  19   9   0   1   2  32   0   2   0  0.49 inf
   33 L   -3 -4 -5 -5 -3 -4 -5 -5 -3  4  4 -4  1  0 -4 -4 -2 -4 -3  2    0   0   0   0   0   0   0   0   1  27  52   0   2   2   0   0   1   0   0  14  0.82 inf
   34 T   -1 -2 -2 -2 -1 -2  1 -4 -3 -1 -2  0  2 -3 -2 -1  5 -4 -3  2    2   2   1   1   1   0   9   0   0   1   2   6   7   0   1   2  50   0   0  17  0.56 inf
   35 D   -4 -4  0  7 -5 -2  2 -1 -3 -4 -4 -3 -5 -5 -4 -2 -1 -6 -5 -1    0   0   1  74   0   0   9   4   0   0   1   0   0   0   0   0   4   0   0   5  1.40 inf
   36 C   -1 -5 -5 -5 10 -5 -5 -4 -5  1 -3 -5 -3 -2 -5 -2 -3 -4 -1  2    4   0   0   0  65   0   0   1   0  10   0   0   0   1   0   1   0   0   2  15  1.84 inf
   37 V   -2 -4 -4 -3  0 -3  0 -3 -4  1 -1 -4  3 -3 -4 -3 -1 -5 -3  6    1   0   0   1   2   0   9   1   0   3   1   0   7   0   0   0   3   0   0  71  0.89 inf
   38 V   -2 -4 -4 -5 -3 -4 -4 -5 -5  2  0 -4 -1 -2 -4 -4 -2 -5 -3  6    1   0   1   0   0   0   1   0   0  10   4   0   0   1   0   0   0   0   0  80  1.20 inf
   39 M   -3 -3 -5 -5 -4 -3 -3 -5 -4  1  1 -2  9 -3 -5 -4 -3 -4 -4  2    0   1   0   0   0   0   1   0   0   8   5   2  71   0   0   0   0   0   0  11  1.64 inf
   40 R   -3  6 -2 -3 -5  0 -1 -4 -1 -3 -2  3  1 -4 -3 -2  0 -4 -4 -2    0  59   0   0   0   3   1   0   1   1   2  19   4   0   1   0   6   0   0   2  1.00 inf
   41 D   -3 -4  2  7 -6 -2  1 -3  0 -5 -6 -3 -5 -4 -3 -2 -3 -6 -5 -4    1   0   9  80   0   0   4   1   2   0   0   0   0   1   1   0   0   0   0   1  1.66 inf
   42 P   -1  0 -3 -3 -3  0 -3 -3 -3 -5 -5 -1 -4 -5  8 -1 -2 -5 -5 -4    3   5   1   0   0   4   1   1   0   0   1   4   0   0  75   3   1   0   0   0  1.88 inf
   43 N    1  0  5 -1 -3  3 -1 -1 -2 -1 -3  0 -1 -4 -2  0  1 -2 -2 -1   11   3  34   1   0  15   0   3   0   4   1   6   2   0   1   5  10   1   1   4  0.38 inf
   44 T   -1 -3  1 -3 -2 -3 -3 -2 -3 -2 -2 -2 -3 -4 -3  3  6 -4 -4 -1    2   0   5   0   0   0   0   1   0   1   4   1   0   0   0  21  63   0   0   2  0.96 inf
   45 K   -3  1  1 -3 -5  2 -1  1 -1 -5 -3  6 -3 -5 -3 -2 -3 -3 -4 -4    0   4   5   0   0   8   0  11   1   0   2  64   0   0   0   1   0   0   0   0  0.91 inf
   46 R   -3  7 -2 -4  3 -1 -2 -4  2 -4 -3  2 -2 -4 -3 -2 -2 -4 -3 -4    0  67   0   0   8   1   0   0   5   0   1  10   1   0   1   1   2   0   0   0  1.23 inf
   47 S   -1 -2 -2 -3 -2 -2 -2 -3 -3 -4 -4  0 -4 -3 -1  6 -1 -5 -4 -4    1   1   0   0   1   0   0   0   0   0   0   4   0   1   2  87   0   0   0   0  1.32 inf
   48 R   -4  8 -3 -4 -6  0 -2 -3 -3 -5 -4  1 -4 -5 -4 -3 -3 -5 -4 -5    0  87   0   0   0   2   0   2   0   0   0   6   0   0   0   0   0   0   0   0  1.83 inf
   49 G   -2 -2 -3 -2  4 -4 -4  6 -4 -5 -5 -3 -4 -5 -4 -1 -2 -5 -5 -3    1   2   0   1  10   0   1  78   0   0   0   0   0   0   0   3   2   0   0   3  1.44 inf
   50 F   -5 -5 -6 -6 -1 -6 -6 -6 -4 -3 -2 -6 -3  9 -6 -5 -3  0  0 -3    0   0   0   0   2   0   0   0   0   0   0   0   0  94   0   0   2   1   0   0  2.35 inf
   51 G    0 -2 -3 -4 -5 -4 -3  7 -4 -6 -6 -4 -5 -5 -4 -2 -2 -5 -5 -5    5   2   0   0   0   0   1  89   0   0   0   0   0   0   0   0   2   0   0   0  1.75 inf
   52 F   -4 -5 -5 -6 -5 -5 -5 -5 -4 -3 -2 -5 -3  9 -2 -2 -4 -2  0 -3    0   0   0   0   0   0   0   1   0   0   0   0   0  92   2   3   0   0   0   0  2.19 inf
   53 V   -2 -4 -5 -5 -3 -4 -4 -5 -2  4 -1 -4  0 -1 -4 -2 -2 -5 -3  6    0   0   0   0   0   0   0   0   1  20   2   0   1   1   0   2   1   0   0  72  1.12 inf
   54 T   -1 -2 -2 -3 -3 -3 -3 -4 -4  0 -2 -2 -1 -2 -2  0  7 -4 -4 -1    3   2   0   0   0   0   0   0   0   4   3   1   1   2   2   2  79   0   0   2  1.21 inf
   55 Y   -4 -4 -5 -5  2 -4 -5 -5 -1 -3 -3 -4 -3  6 -5 -4 -4 -1  8 -3    0   0   0   0   5   0   0   0   0   0   0   0   0  31   0   0   0   0  60   0  1.82 inf
   56 A    3 -1 -1  0 -2 -1 -1 -2 -1 -2 -2  1 -2 -3 -2  4  1 -4 -3 -1   27   1   0   4   0   0   3   0   1   2   2  10   1   0   0  38   7   0   0   2  0.41 inf
   57 T    0  0 -1  2  3  0  0 -2 -2 -2 -3  1 -2 -4 -2  2  3 -4 -3 -2    6   4   1  16   7   2   5   2   0   2   1   8   0   0   0  17  28   0   0   0  0.35 inf
   58 V    1 -1 -3 -3 -2 -1 -2 -2  1  0 -1 -1  2 -3  2  0 -1 -4 -3  4   15   2   0   0   0   2   2   2   4   1   3   3   7   0  12   8   1   0   0  38  0.31 inf
   59 E    2 -2 -1  1 -4  0  5 -2  1 -4 -3  0 -3 -3 -3  0 -1 -4 -2 -2   19   0   1   5   0   2  46   2   3   0   1   5   0   1   0   7   3   0   1   2  0.54 inf
   60 E   -2 -2 -2 -1 -1  0  6 -2 -1 -3 -3  0  4 -4 -2  1 -2 -5 -4 -3    1   0   1   1   2   2  56   3   1   1   0   3  14   0   1  13   1   0   0   0  0.79 inf
   61 V    1 -5 -5 -5 -3 -4 -4 -5 -5  1  0 -4 -1 -3 -4 -3 -2 -5 -3  6   12   0   0   0   0   0   0   0   0   1   4   0   1   0   0   0   1   0   0  81  1.20 inf
   62 D   -4 -4  1  7 -6 -2  1 -3 -1 -5 -6 -2 -5 -6 -4 -3 -3 -7 -5 -3    0   0   4  83   0   1   5   1   2   0   0   2   0   0   0   0   0   0   0   2  1.73 inf
   63 A    5  0 -1  0 -1 -1  0 -2 -3 -2 -3  2 -3 -4 -2  0  0 -4 -4 -2   59   4   2   6   1   1   5   0   0   1   0  14   0   0   0   1   4   0   0   2  0.58 inf
   64 A    5 -4 -4 -4  2 -3 -3 -2 -4  0 -3 -3 -2 -4 -2 -1 -1 -5 -4  2   71   0   0   0   4   0   0   0   0   4   0   0   0   0   1   1   1   0   0  18  0.94 inf
   65 M   -3 -3 -4 -5 -4  3 -4 -5 -4  0  1 -3  9 -1 -5 -3 -3 -4 -3  0    0   0   0   0   0  15   0   0   0   4   9   0  64   2   0   0   0   0   0   4  1.45 inf
   66 N    3 -1  5  0  3 -1  0 -1 -1 -2 -3  0 -3 -3 -3  0 -1 -4 -3 -2   27   2  34   3   7   1   4   2   1   2   0   6   0   1   0   6   1   0   0   2  0.44 inf
   67 A    5 -2  2 -1 -3  1 -1 -2 -3 -3 -2 -1 -3 -4 -3  0 -1 -4 -3 -1   58   1  13   3   0   8   2   0   0   0   2   3   0   0   0   5   2   0   0   3  0.60 inf
   68 R   -2  7 -2 -3 -5  0 -2  0 -2 -4 -4  2 -3 -5 -2 -1 -2 -5 -4 -2    2  69   0   0   0   2   0   8   0   0   1   8   0   0   1   4   1   0   0   2  1.16 inf
   69 P   -1 -3 -4 -4 -5 -3 -1 -4 -3 -5 -5 -3 -5 -6  8 -2 -1 -6 -4 -5    5   1   0   0   0   0   4   0   0   0   0   0   0   0  83   2   3   0   0   0  2.23 inf
   70 H   -4 -1 -2 -4 -2 -1 -3 -5 11 -6 -6 -3 -4 -4 -2 -4 -4 -5  0 -6    0   2   0   0   1   2   0   0  89   0   0   0   0   0   2   0   0   0   2   0  2.71 inf
   71 K   -1  1 -1 -2 -4  1  1 -3 -1 -1 -3  5 -2 -2 -3  0  0 -4 -3  0    2   3   1   0   0   5   9   0   1   5   1  48   0   2   0   8   7   0   0   8  0.46 inf
   72 V   -2 -4 -4 -5 -3 -4 -4 -5 -4  4  2 -4  0 -2 -4 -2 -2 -4 -3  5    1   0   0   0   0   0   0   0   0  24  18   0   2   0   0   3   1   0   0  50  0.76 inf
   73 D   -4 -4  1  8 -5 -3  0 -1 -3 -5 -4 -3 -5 -5 -4 -3 -3 -6 -5 -5    0   0   3  86   0   0   2   5   0   0   1   0   0   0   0   0   0   0   0   1  1.79 inf
   74 G   -1 -2  0 -2 -5 -3 -4  7 -4 -6 -6 -2 -5 -5 -4 -1 -3 -5 -5 -5    2   1   4   1   0   0   0  84   0   0   0   1   0   0   0   4   0   0   0   0  1.56 inf
   75 R   -3  6  2 -2 -2 -1 -2 -3  1 -5 -4  4 -3 -5 -4 -1 -2 -5 -3 -4    0  56   9   1   1   0   0   1   4   0   0  24   0   0   0   4   1   0   0   0  1.09 inf
   76 V    0 -1  0 -1 -2 -1 -1 -3 -2  1 -1 -1  0 -2 -2 -1  2 -2 -2  4    7   2   6   3   0   2   5   1   1   3   1   4   1   0   1   1  13   1   0  48  0.32 inf
   77 V   -2 -5 -5 -5 -2 -4 -5 -5 -5  3 -1 -5  0 -3 -5 -4 -1 -5 -3  7    1   0   0   0   0   0   0   0   0  10   1   0   1   0   0   0   2   0   0  83  1.35 inf
   78 E   -2 -2 -1  4 -6 -1  6 -3 -2 -5 -5  0 -3 -5 -3 -2 -2 -5 -4 -3    2   0   2  22   0   0  67   1   0   0   0   3   0   0   0   0   1   0   0   1  1.25 inf
   79 P    0 -4 -4 -4 -4 -3 -3 -4 -4 -3  0 -3 -3 -5  7 -1  1 -5 -5 -1    6   0   0   0   0   0   0   0   0   0   9   0   0   0  66   3  10   0   0   6  1.57 inf
   80 K   -3  1 -2 -3  0 -1 -1 -4 -3 -5 -5  7 -4 -6 -4 -3 -3 -6 -4 -5    0   3   0   0   2   1   1   0   0   0   0  93   0   0   0   0   0   0   0   0  1.79 inf
   81 R   -4  8 -3 -2 -4 -2 -3 -5 -2 -4 -4  0 -4 -5 -4 -2 -3 -5 -4 -1    0  85   0   2   0   0   0   0   0   0   1   2   0   0   0   2   1   0   0   6  1.66 inf
   82 A    6 -4 -4 -4 -3 -3 -3 -2 -4 -4 -4 -3 -3 -2 -2 -1  0 -5 -4 -2   90   0   0   0   0   0   0   0   0   0   0   0   0   2   1   1   5   0   0   1  1.34 inf
   83 V   -2 -4 -4 -2 -1 -4 -4 -5 -4  2  0 -3  3  2 -4 -3 -2 -4 -2  6    0   0   0   2   1   0   0   0   0   6   5   1   9   8   0   0   1   0   1  65  0.85 inf
   84 S    2 -3 -2 -3 -3 -3 -3 -2 -3 -4 -4 -2 -4 -4  5  5 -1 -5 -1 -4   14   0   0   0   0   0   0   1   0   0   1   0   0   0  34  47   0   0   2   0  1.06 inf
   85 R   -3  7 -3 -4 -5 -1 -2 -4 -3 -5 -3  3  1 -5 -1 -3 -3 -5 -4 -4    0  76   0   0   0   1   0   1   0   0   2  13   3   0   3   0   0   0   0   0  1.47 inf
   86 E   -2  1 -2  2 -5  1  6 -2 -1 -5 -5  0 -2 -5 -1 -2 -2 -5 -4 -4    2   6   0   9   0   4  64   3   1   0   0   5   1   0   2   0   1   0   0   0  0.95 inf
   87 D   -2 -3 -1  6 -5  0  3 -1 -3 -4 -4 -1 -4 -5 -3 -1 -2 -5 -3 -3    3   0   1  61   0   3  19   3   0   0   1   3   0   0   0   1   2   0   1   2  1.08 inf
   88 S    0 -1 -1 -1 -2 -1 -2 -2  1  0 -3  0 -2  0 -1  5  0 -4 -1 -3    6   3   1   2   0   1   0   0   3   7   1   4   1   5   2  58   3   0   2   0  0.53 inf
   89 Q    0 -1  1  0 -1  5  1  1  0 -2 -2  0 -2 -3 -1  0 -1 -1 -3  0    7   0   7   4   1  35   8  12   1   1   2   2   0   0   2   5   1   1   0   8  0.35 inf
   90 R   -2  6  0 -2 -2  1 -1 -2 -2 -3 -3  4 -3 -4 -3 -1 -1 -4 -3 -3    1  48   4   1   1   4   1   2   0   1   1  29   0   0   0   3   2   0   0   1  0.87 inf
   91 P   -2 -1 -3 -3 -4 -2 -2 -4 -4 -4  0 -3 -3 -4  8  0 -2 -4 -4 -3    1   3   1   0   0   2   1   1   0   0   9   1   0   0  69   9   1   0   0   1  1.63 inf
   92 G   -2 -2  0  0 -4 -2  2  5  0 -4 -4  0 -3 -4 -3 -1 -2 -4 -3 -2    1   1   3   5   0   0  17  56   3   0   1   4   0   1   0   3   1   0   0   3  0.78 inf
   93 A    5 -2 -2 -3 -2 -2 -2 -1 -3 -1 -2 -2  1 -3 -1  1  1 -4 -3  0   63   2   1   0   0   0   0   2   0   3   1   0   4   0   2   6   8   0   0   5  0.63 inf
   94 H   -2 -1  1 -3  0  0 -2 -1  8 -3  0 -1 -1 -2 -2 -1 -2 -4  0 -1    1   3   7   0   3   3   0   4  50   0  10   3   2   1   2   3   1   0   2   6  0.85 inf
   95 L    1 -3 -1 -3 -1 -1 -3 -3 -3  1  3 -2  1 -1 -3 -1  1 -1 -2  1   15   0   3   0   1   3   0   0   0   5  43   1   3   1   0   3   8   1   0  10  0.27 inf
   96 T    0  0  0 -3  0 -1 -2 -3 -3 -2 -3  1 -3 -4  1  2  5 -4 -3 -2    5   6   3   0   2   1   0   1   0   1   0   8   0   0   6  12  54   0   0   0  0.66 inf
   97 V   -1 -4 -3 -4 -3 -3 -2 -3 -5  1 -1 -2  1 -3 -4 -1  1 -5 -3  6    2   0   0   0   0   0   3   1   0   3   1   2   3   0   0   4  10   0   0  72  0.88 inf
   98 K   -2  1 -1 -3 -5  0 -1 -4 -3 -5 -5  7 -2 -3 -3 -2 -2 -5 -4 -5    2   2   2   0   0   2   2   0   0   0   0  86   1   1   0   1   1   0   0   0  1.50 inf
   99 K   -3  2  0 -2 -6 -1 -2 -4 -3 -5 -5  7 -4 -4 -4 -3 -3 -6 -4 -5    0   6   3   2   0   0   0   0   0   0   0  88   0   1   0   0   0   0   0   0  1.64 inf
  100 I   -3 -5 -5 -5  0 -4 -5 -6 -5  6  3 -4  3 -1 -5 -3 -2 -4 -3  2    0   0   0   0   1   0   0   0   0  59  23   0   6   1   0   1   1   0   0   8  0.98 inf
  101 F   -5 -5 -6 -6 -2 -6 -6 -6 -4 -3 -2 -6 -3  9 -6 -3 -5 -2  2 -4    0   0   0   0   1   0   0   0   0   0   1   0   0  92   0   3   0   0   3   0  2.27 inf
  102 V   -2 -5 -5 -6 -1 -5 -5 -6 -6  3  0 -5 -1 -3 -5 -4 -2 -5 -3  7    1   0   0   0   1   0   0   0   0  10   3   0   1   0   0   0   0   0   0  84  1.37 inf
  103 G   -2 -5 -3 -2 -2 -4 -4  7 -4 -6 -6 -4 -5 -5 -4  0 -3 -4 -3 -5    1   0   0   1   1   0   0  88   0   0   0   0   0   0   0   7   1   0   1   0  1.75 inf
  104 G   -1 -4 -2 -1 -5 -4 -4  7 -2 -6 -5 -3 -5 -5 -4 -1 -4 -5 -5 -4    1   0   1   3   0   0   0  89   1   0   0   0   0   0   0   3   0   0   0   1  1.73 inf
  105 I   -3 -5 -5 -5 -3 -5 -5 -6 -5  6  3 -5  0 -2 -5 -4 -3 -4 -3  2    0   0   0   0   0   0   0   0   0  62  29   0   1   0   0   0   0   0   0   7  1.13 inf
  106 K   -2  2  0 -3 -5  0 -1 -2 -1 -5 -4  6 -3 -5 -1  0 -2 -5 -3 -4    2   7   4   0   0   1   2   1   1   0   0  70   0   0   2   8   1   0   0   0  1.04 inf
  107 E   -1 -1  0  3 -5  0  6 -2 -2 -5 -5  0 -4 -5  0 -2 -2 -5 -3 -3    5   2   2  16   0   1  58   2   0   0   0   5   0   0   3   0   2   0   1   1  0.88 inf
  108 D   -3 -3  2  7 -1  0  1 -2 -1 -5 -5 -2 -5 -3 -1 -1 -2 -6 -5 -5    1   0  10  67   1   3   8   2   1   0   0   0   0   1   2   2   1   0   0   0  1.26 inf
  109 T    0 -3 -2 -3  0 -3 -3 -4  3  1 -2 -3  0 -2 -2  0  6 -4 -3  1    5   0   0   0   2   0   0   0   9  10   0   0   3   2   1   3  58   0   0   7  0.75 inf
  110 E   -1 -2 -2  1 -4  0  6 -2 -2 -4 -4  0 -3 -5 -1 -1  3 -5 -4 -3    2   0   0   6   0   1  57   2   0   0   0   4   0   0   2   2  21   0   0   1  0.87 inf
  111 E   -2 -2 -2  0 -6  0  7 -4 -1 -4 -3  1 -4 -5 -2 -2 -2 -5 -4 -3    2   0   1   3   0   0  78   0   1   1   2   7   0   0   1   1   1   0   0   2  1.30 inf
  112 H   -2 -1  0  2 -5  0  3 -3  7 -3 -3 -2 -3 -3 -2 -1 -2 -3  3 -4    1   2   2  10   0   3  23   1  39   1   2   1   0   0   2   3   1   0  10   0  0.88 inf
  113 H   -2 -2  2  3  2 -1  0 -3  8 -4 -4 -1  1 -4 -3 -1 -3 -4 -1 -4    1   1  10  17   4   2   5   0  47   0   0   3   4   0   1   4   0   0   1   1  1.03 inf
  114 L   -3 -4 -5 -5 -3 -2 -4 -5 -2  2  5 -4  1  0 -5 -4 -3 -3 -3  1    0   0   0   0   0   2   0   0   1   9  75   0   2   3   0   0   0   0   0   7  0.96 inf
  115 R   -3  7 -2 -3 -5  1  0 -4 -2 -3 -3  2 -2 -4 -4 -2  0 -2 -4 -2    1  64   1   0   0   3   4   0   0   1   2  12   1   0   0   1   7   0   0   3  1.06 inf
  116 D   -2 -2  0  6 -5  1  4 -3 -1 -5 -5 -1 -4 -5 -3 -1 -3 -5 -4 -5    3   1   2  57   0   4  25   1   1   0   0   3   0   0   0   2   0   0   0   0  1.13 inf
  117 Y   -4 -4 -4 -2 -2 -4 -4 -6  3 -4 -4 -4 -4  1 -6 -3 -4 -1  9 -3    0   0   0   3   1   0   0   0   7   0   0   0   0   3   0   2   0   0  82   1  2.12 inf
  118 F   -5 -6 -6 -6 -5 -6 -6 -6 -4 -3 -2 -6 -3  9 -6 -2 -5 -2  1 -4    0   0   0   0   0   0   0   0   0   0   0   0   0  96   0   3   0   0   1   0  2.44 inf
  119 E   -2 -2 -1  0 -4  1  5  0 -2 -4 -4  0 -3 -5 -3  2 -1 -5 -4 -2    1   0   2   1   0   4  55   8   0   0   1   3   0   0   0  21   2   0   0   2  0.79 inf
  120 Q   -3  0  0 -2 -4  7  1 -3 -1 -5 -4  3 -3 -5 -3 -2  0 -1 -4 -4    0   2   3   0   0  58   8   1   1   0   0  19   0   0   0   1   5   1   0   0  1.12 inf
  121 Y   -4 -4 -5 -5 -2 -4 -5 -6  0 -3 -2 -5 -3  6 -6 -3 -4  1  8 -4    0   0   0   0   1   0   0   0   1   0   2   0   0  34   0   2   0   1  59   0  1.83 inf
  122 G   -2 -1 -3 -2 -5 -4 -3  7 -4 -6 -6 -4 -5 -6 -5 -2 -4 -5 -5 -6    1   3   0   1   0   0   1  91   0   0   0   0   0   0   0   1   0   0   0   0  1.83 inf
  123 K   -2  1  2 -2 -5  0  1 -2 -2 -3 -4  5 -3 -5  0 -1  0 -5 -4 -4    2   5  11   1   0   3   7   2   0   1   0  56   0   0   5   1   6   0   0   0  0.73 inf
  124 I   -3 -5 -5 -5 -3 -4 -5 -5 -5  6  0 -4  1 -2 -5 -4  1 -5 -3  3    0   0   0   0   0   0   0   0   0  64   2   0   2   0   0   0   9   0   0  22  1.09 inf
  125 E   -2 -2 -1  1 -5  0  6 -2 -2 -2 -3  0 -3 -4 -3 -1  1 -5 -3  0    1   0   2   7   0   2  59   2   0   2   2   4   0   0   0   1   9   0   0   8  0.76 inf
  126 V    0 -1  0  2 -2 -1  0 -2 -1  0 -1  1  0 -3 -3  1  1 -4 -3  3    6   3   3  12   0   0   5   1   1   1   2  10   3   0   0  10  12   0   0  30  0.18 inf
  127 I    1 -4 -4 -4  3 -4 -4 -4 -4  5  0 -4 -1 -2 -4  0  0 -4 -3  2   16   0   0   0   6   0   0   0   0  50   1   0   0   1   0   6   6   0   0  15  0.63 inf
  128 E   -2 -2 -1  1 -3  0  6 -4 -2 -4 -4  1  2 -5 -3 -1 -1 -5 -4 -3    3   0   2   4   1   2  66   0   0   0   0   9   6   0   0   2   4   0   0   2  0.98 inf
  129 I   -3 -5 -5 -5 -1 -5 -5 -6 -5  6  2 -5 -1 -1 -5 -4 -3 -4 -3  3    0   0   0   0   1   0   0   0   0  65  18   0   0   1   0   1   0   0   0  15  1.12 inf
  130 M   -3 -2 -4 -5 -3 -3 -4 -5 -1  3  1 -2  8 -2  0 -4 -2 -4 -3  2    0   2   0   0   0   0   0   0   1  22   5   1  49   0   5   0   1   0   0  12  1.04 inf
  131 T    0 -1 -2 -3 -3 -2  0 -3 -3 -1  0 -2  2  1 -2  0  5 -3 -2 -1    5   3   0   0   0   1   8   0   0   1   8   1   7   7   1   6  49   0   1   4  0.48 inf
  132 D   -3 -4  0  7 -5 -2  1 -4  0 -5 -5 -2 -5 -5 -4 -2 -2  0 -2 -5    2   0   1  81   0   0   6   0   2   0   0   1   0   0   0   0   2   1   2   0  1.61 inf
  133 R   -3  5 -1 -3 -4  2 -1 -3 -2 -5 -4  5 -3 -5 -1 -1 -3 -5 -4 -4    0  41   2   0   0   9   1   1   0   0   0  35   0   0   3   2   0   0   0   0  0.93 inf
  134 G    0 -2  1  1 -4  3  1  4 -2 -4 -3  0 -3 -4 -3 -1  0 -1 -3 -3    5   0   5   9   0  20  10  35   0   0   1   4   0   0   0   2   5   1   0   1  0.49 inf
  135 S   -1 -3 -1 -3 -3 -2 -3 -3 -3 -4 -4 -3 -3 -4 -3  5  5 -5 -4 -3    1   0   1   0   0   0   0   0   0   0   0   0   0   0   0  59  38   0   0   0  1.17 inf
  136 G   -2 -1  2 -2 -4  0 -2  6 -3 -5 -5 -1 -4 -5 -4 -2 -2 -4 -4 -2    0   4   9   1   0   4   2  70   0   0   0   3   0   0   0   1   1   0   0   4  1.12 inf
  137 K   -3  4 -2 -3 -5  0  0 -4 -2 -5 -3  6 -3 -5 -3 -2 -1 -2 -4 -4    0  19   0   0   0   1   3   0   1   0   2  69   0   0   0   0   3   1   0   0  1.20 inf
  138 K   -3  2 -2 -3 -5 -1 -1 -3  3 -5 -4  6 -3 -5  0  1 -1 -5 -3 -4    0   9   0   0   0   0   1   1   7   0   0  65   0   0   5   9   2   0   0   1  0.99 inf
  139 R   -4  8 -3 -4 -6 -1 -2 -5 -3 -6 -5  2 -4 -5 -5 -1 -3 -5 -4 -5    0  86   0   0   0   0   0   0   0   0   0  10   0   0   0   4   1   0   0   0  1.86 inf
  140 G   -2 -3 -1 -2 -5 -4 -3  7 -4 -6 -6 -4 -5 -6 -4 -2 -4 -5 -5 -6    1   1   2   2   0   0   1  90   0   0   0   0   0   0   0   2   0   0   0   0  1.78 inf
  141 F   -5 -5 -6 -6 -5 -6 -6 -6 -4 -3 -1 -6 -3  9 -6 -5 -5 -2  1 -3    0   0   0   0   0   0   0   0   0   0   2   0   0  95   0   0   0   0   1   0  2.41 inf
  142 A    4 -4 -3 -2  2 -3 -3  4 -4 -4 -4 -3 -3 -4 -3 -1 -1 -4 -4 -2   50   0   0   2   4   0   0  37   0   0   0   0   0   0   0   2   2   0   0   2  0.89 inf
  143 F   -5 -5 -5 -6 -2 -6 -6 -6 -4 -3 -1 -6 -3  9 -6 -2 -4 -2  1 -3    0   0   0   0   1   0   0   0   0   0   2   0   0  92   0   3   0   0   1   0  2.23 inf
  144 V   -1 -5 -5 -4 -3 -4 -5 -5 -5  3 -1 -4 -1 -3 -4 -4 -2 -5 -3  6    4   0   0   1   0   0   0   0   0  15   2   0   0   0   0   0   0   0   0  78  1.23 inf
  145 T   -2 -3 -1 -3 -3 -2  1 -4  0 -1 -3 -3 -3 -3 -3 -1  6 -4  1 -2    2   0   2   0   0   0  12   0   3   4   0   0   0   1   1   1  69   0   5   0  1.00 inf
  146 F   -5 -5 -5 -6 -2 -6 -6 -6 -3 -2 -2 -5 -3  9 -6 -4 -5 -1  3 -3    0   0   0   0   1   0   0   0   0   1   0   0   0  89   0   1   0   0   7   0  2.19 inf
  147 D   -2 -3  0  7 -5  0  2 -3 -3 -5 -5 -1 -4 -3 -3 -1 -1 -5 -3 -4    2   0   3  67   0   2  10   1   0   0   0   3   0   1   0   3   4   0   1   1  1.18 inf
  148 D   -4 -4  2  7 -1 -2  0 -3 -2 -5 -5 -3 -5 -6 -4  0 -2 -6 -5 -5    0   0   8  77   2   0   4   1   1   0   0   0   0   0   0   5   2   0   0   0  1.55 inf
  149 H   -3 -2 -1 -2 -1 -1  1 -4  8 -4 -4 -2 -3 -2 -3 -2  0 -3  4 -1    0   1   2   1   2   1  11   0  51   0   1   1   0   1   1   2   5   0  15   5  1.14 inf
  150 D   -2 -4 -1  7 -6 -2  1 -2 -3 -4 -6 -2 -5 -6 -1 -2 -3 -6 -4 -5    3   0   1  83   0   1   5   2   0   1   0   1   0   0   2   0   0   0   1   0  1.70 inf
  151 S    0 -3 -2 -3  0 -2 -1 -3 -3 -2 -4 -2 -3 -3  4  4  2 -5 -4 -1    7   0   0   0   2   0   3   0   0   2   0   0   0   1  22  43  13   0   0   6  0.68 inf
  152 V    1 -3 -5 -5 -3 -2 -4 -5 -5  1 -1 -4  2 -3 -4 -3 -2 -5 -3  6   13   1   0   0   0   2   0   0   0   1   2   0   5   0   0   0   1   0   0  75  1.04 inf
  153 D   -4 -4 -1  8 -6 -3  0 -4 -2 -6 -6 -1 -6 -6 -4 -3 -3 -7 -6 -6    0   0   1  90   0   0   2   0   1   0   0   2   0   0   0   0   1   0   0   0  2.00 inf
  154 K   -1  1 -1 -3 -5  1 -1 -4 -3 -2 -3  7 -2 -5 -3 -2 -3 -5 -4 -4    3   3   1   0   0   5   2   0   0   2   2  81   1   0   0   1   0   0   0   0  1.31 inf
  155 I    2 -4 -4 -4  1 -4 -4 -4 -4  5  0 -3 -1 -2 -4 -2  1 -4 -3  2   22   0   0   0   3   0   0   0   0  46   3   0   0   0   0   1  12   0   0  13  0.62 inf
  156 V   -1 -4 -5 -5  4 -3 -4 -5 -5  2  0 -4  2 -3 -4 -3 -2 -5 -3  5    5   0   0   0  10   0   0   0   0  11   5   0   6   0   0   1   1   0   0  62  0.88 inf
  157 I   -1 -3 -2 -3  0 -2  0 -4 -4  4  3 -3  1 -1 -4 -2 -2 -4 -2  2    4   1   3   1   2   1   9   0   0  33  29   0   2   0   0   2   0   0   0  13  0.40 inf
  158 Q   -1 -1 -1 -3 -4  7  0 -4 -1  1 -2  1 -2 -4 -3 -2 -1 -4 -2  0    5   1   2   0   0  58   3   0   0   9   2   9   0   0   0   1   2   0   1   5  0.84 inf
  159 K   -3  3 -2 -3 -5  0 -1 -3  3 -5 -5  7 -4 -5 -2 -2 -3 -5 -4 -5    1  11   0   0   0   2   1   1   7   0   0  74   0   0   2   1   0   0   0   0  1.29 inf
  160 Y   -3 -1 -1 -1  0  0 -3 -4  1 -3 -3 -2 -3  4  2  0 -2 -1  7 -3    0   3   3   3   2   4   0   0   2   1   0   2   0  18  10   8   1   0  44   0  0.85 inf
  161 H   -4 -1 -2 -3 -3 -3 -3 -5 11 -3 -5 -4 -5 -3 -5 -4 -5 -5 -1 -6    1   2   0   1   1   0   0   0  92   2   0   0   0   1   0   0   0   0   0   0  2.88 inf
  162 T   -1 -2  0 -2 -3  0  1 -3  0 -1 -2  0  2 -4  0  0  5 -4 -2 -2    4   1   3   1   0   3   8   0   2   3   2   6   6   0   3   3  53   0   1   1  0.57 inf
  163 V   -1 -5 -5 -5 -3 -4 -4 -5 -5  5  0 -4  0 -2 -5 -4 -2 -5 -3  5    3   0   0   0   0   0   1   0   0  46   3   0   1   0   0   0   0   0   0  46  1.08 inf
  164 N   -2 -1  7  2 -2  0 -2 -1  0 -4 -5  1  0 -5 -4  0 -2 -6 -4 -5    1   2  64  10   1   3   0   4   2   1   0   7   2   0   0   3   0   0   0   0  1.13 inf
  165 G   -2 -4  2 -1 -3 -3 -4  6 -1 -5 -4 -3 -3 -4 -4  0 -3 -4 -1 -3    0   0   9   2   1   0   0  75   1   0   1   0   1   0   0   5   0   0   3   2  1.28 inf
  166 H   -3  1 -1 -2 -1 -1 -2 -3  9 -5 -5  3 -4 -3 -2 -1 -2 -5 -1 -2    0   6   2   1   1   0   1   1  56   0   0  19   0   1   1   5   1   0   1   3  1.31 inf
  167 N   -2  2  5 -1 -4 -1 -2 -3  2 -2 -1  2  2 -4 -2 -1 -1 -4 -3 -1    0  12  38   1   0   1   0   0   6   1   4  16   6   0   1   2   2   0   0   6  0.50 inf
  168 C    0 -4 -5 -5  9 -4 -5 -5 -3  0  0 -4 -2 -2 -5 -3 -2 -2 -3  4    9   1   0   0  45   0   0   0   1   2   6   0   0   1   0   1   1   0   0  33  1.29 inf
  169 E   -3 -3 -2  3 -6  0  7 -3 -3 -5 -5 -1 -4 -6 -4 -2 -2 -5 -5 -4    0   0   0  15   0   1  76   2   0   0   0   2   0   0   0   0   1   0   0   1  1.44 inf
  170 V   -1 -4 -5 -5  2 -4 -4 -3 -5  1 -1 -4 -1 -3  1 -3 -2 -5 -3  6    3   0   0   0   5   0   0   2   0   5   2   0   0   0   7   0   1   0   0  75  1.05 inf
  171 R   -3  5 -2 -3 -5 -1 -1 -3 -3 -5 -4  6 -1 -5 -4 -2 -3 -5 -4 -5    0  37   0   0   0   0   1   1   0   0   0  56   2   0   0   2   0   0   0   0  1.30 inf
  172 K   -3  3 -3 -3 -6 -1 -2 -4 -2 -5 -5  7 -4 -5 -4 -3 -3 -5 -4 -2    0  12   0   0   0   0   0   0   0   0   0  84   0   0   0   0   0   0   0   3  1.59 inf
  173 A    6 -4 -4 -4 -3 -3 -3 -1 -4 -4 -4 -3 -3 -5 -3  1  0 -5 -4 -2   85   0   0   0   0   0   0   2   0   0   0   0   0   0   0   6   6   0   0   1  1.26 inf
  174 L   -3 -3 -4 -5 -3  1 -3 -5 -4  1  5 -3  1  0 -2 -3 -2 -3 -1  2    0   0   0   0   0   8   1   0   0   4  61   0   1   2   2   1   2   0   2  17  0.66 inf
  175 S    0 -3 -1 -3 -3 -1 -2 -3 -3 -4 -2 -2 -3 -4  4  5  0 -1 -2 -3    7   0   1   0   0   2   0   0   0   0   4   0   0   0  20  59   5   1   1   1  0.87 inf
  176 K   -3  4 -2 -3 -5  0 -1 -4 -3 -4 -4  7  0 -5 -2 -3 -3 -5 -4 -4    0  22   1   0   0   1   0   0   0   0   0  72   2   0   1   0   0   0   0   0  1.37 inf
  177 Q   -2  0 -1  0 -5  6  4 -3 -2 -4 -4 -1 -3 -5  0 -2 -1 -2 -2 -4    2   2   1   4   0  48  29   1   0   1   1   1   0   0   4   1   3   0   1   0  0.96 inf
  178 E   -3 -3 -2  4 -5  0  6 -2 -3 -4 -5 -1 -4 -5 -3 -2 -3 -5 -4  0    0   0   0  22   0   2  65   2   0   0   0   1   0   0   0   1   0   0   0   7  1.18 inf
  179 M   -3 -1 -5 -5 -4 -3 -4 -5 -4  3  1 -3  9 -1 -5 -3 -2 -4 -3 -1    0   3   0   0   0   0   0   0   0  15   5   0  73   1   0   1   1   0   0   1  1.64 inf
  180 A    3 -2  0  0 -3  3  0 -2  1 -3 -2 -1 -2 -3 -2  1  0 -4 -2 -2   38   0   5   6   0  23   5   0   4   0   3   1   0   0   0  12   3   0   1   0  0.40 inf
  181 S    1  2  0 -2 -3  0 -1 -2 -2 -4 -4  2 -3 -4  0  4  1 -4 -3 -3    9  10   3   0   0   1   0   0   0   0   0  16   0   0   3  51   6   0   0   0  0.54 inf
  182 A    5 -3 -2 -3 -2 -2 -2  1 -3 -1 -2 -2 -2 -3  1  1 -1 -4 -3  1   65   0   0   0   0   0   0   7   0   1   0   0   0   0   6   9   0   0   0  11  0.57 inf
  183 S    0 -2  4  0 -2 -1 -1 -1 -1 -4 -4 -1 -3 -4 -2  5  0 -4 -3 -3    1   0  29   0   0   0   0   0   0   0   0   0   0   0   0  69   0   0   0   0  0.71 inf

                      K         Lambda
Standard Ungapped    0.1339     0.3174
Standard Gapped      0.0581     0.2670
PSI Ungapped         0.1900     0.3170
PSI Gapped           0.0581     0.2670
