
Last position-specific scoring matrix computed, weighted observed percentages rounded down, information per position, and relative weight of gapless real matches to pseudocounts
           A  R  N  D  C  Q  E  G  H  I  L  K  M  F  P  S  T  W  Y  V   A   R   N   D   C   Q   E   G   H   I   L   K   M   F   P   S   T   W   Y   V
    1 M   -5 -5 -6 -7 -5 -4 -6 -7 -5  1 -2 -5 10 -4 -6 -5 -4 -5 -5  0    0   0   0   0   0   0   0   0   0   6   0   0  88   0   0   0   0   0   0   6  2.75 inf
    2 E   -5 -3 -1 -2 -8  3  6 -6 -4 -4 -7  3 -6 -8 -6 -4 -5 -7 -6 -4    0   1   3   1   0  14  60   0   0   1   0  19   0   0   0   0   0   0   0   1  1.65 inf
    3 W  -10 -7 -6-12-10-10-10-10-10 -6 -7-11 -4 -1 -6-10-10 13  0-10    0   0   1   0   0   0   0   0   0   1   1   0   1   3   1   0   0  90   3   0  5.01 inf
    4 K   -5  4 -4 -7 -9 -4 -3 -8 -1 -6 -2  7 -1 -6 -8 -5 -5 -9 -5 -1    1  18   1   0   0   1   2   0   2   1   4  63   1   0   0   1   1   0   1   5  1.84 inf
    5 D   -2 -3 -2  4 -7 -1  2 -6 -4 -2 -4  0 -2 -1  4 -1 -1 -2 -5  0    4   2   2  25   0   3  14   0   0   2   1   6   1   3  21   5   4   1   0   6  0.68 inf
    6 I   -6 -9 -9 -9 -1 -9 -9-10 -2  7 -2 -9 -6 -4 -9 -6 -4 -4 -2  5    1   0   0   0   1   0   0   0   1  60   4   0   0   1   0   1   1   0   1  29  2.15 inf
    7 K   -2 -3 -3  0 -4 -2  3 -3 -2 -2 -4  3 -4 -1  5 -2 -4 -8 -7  0    3   1   1   5   0   2  15   2   1   3   2  20   0   2  31   3   1   0   0   7  0.85 inf
    8 G   -3 -1  1  3 -5 -5  0  6 -3 -5 -7 -3 -7 -1 -7 -2 -4 -7 -5 -6    2   4   7  14   0   0   7  54   1   1   1   1   0   3   0   3   1   0   0   1  1.28 inf
    9 Y   -4 -5 -4 -5 -4 -5 -3 -6  1 -2 -2 -3 -6  5 -3  2 -2  3  7 -4    1   1   1   1   1   0   2   1   3   3   3   2   0  20   2  14   3   3  37   1  1.36 inf
   10 E   -3 -2  2  1 -6 -3  5 -4 -4 -7 -5  4 -5 -6  3 -2 -3 -7 -4 -6    2   2   8   7   0   1  36   2   0   0   2  22   0   0  12   3   2   0   1   1  1.02 inf
   11 G   -3 -2  2  1 -3 -4 -1  6 -2 -5 -5  0 -5 -4 -3  0 -2 -1 -3 -4    2   2  10   7   1   1   4  48   1   1   2   5   0   1   2   6   3   1   1   2  0.93 inf
   12 H   -4  2  3 -1 -2 -3  1 -5  2  1  1  3 -1  0 -4 -3 -3 -2  3 -3    1  10  13   3   1   1   8   1   5   7  13  17   1   4   1   1   2   1   9   2  0.44 inf
   13 Y   -9 -9 -7 -9 -9 -9 -6 -9 -1 -5 -6 -9 -8  0 -9 -9 -9  6 10 -4    0   0   0   0   0   0   1   0   1   1   1   0   0   4   0   0   0   8  81   2  3.51 inf
   14 Q    0 -1 -4 -3 -2  3  4 -4 -4 -2 -1  1  2  1 -6  0  0  0 -1 -3    7   3   1   1   1  13  26   1   0   2   7   8   4   5   0   6   6   1   2   2  0.49 inf
   15 V    0-10-10 -4 -3-10-10 -8-11  6 -5-10 -7 -5-10 -9 -7-10 -4  6    8   0   0   1   1   0   0   0   0  40   1   0   0   1   0   0   0   0   1  46  2.11 inf
   16 S   -7 -4  1  2-10-10 -6 -4 -2 -6 -7 -7 -6 -2 -7  7  1-11 -3 -7    0   1   6   9   0   0   1   2   1   1   1   0   0   2   0  67   7   0   1   1  1.91 inf
   17 N   -7 -1  7  3 -7 -5  2 -8 -9 -3 -8  0 -7 -6 -4  2  0 -5 -4 -8    1   4  39  13   0   1  11   0   0   2   0   5   0   1   2  15   6   0   1   0  1.29 inf
   18 T   -4 -2  2  3  0 -1  0 -6  3 -4  2  2  4  1 -5 -3 -1 -3  3 -4    1   2   8  13   2   3   6   1   6   1  17  10   8   5   1   3   4   0   8   1  0.48 inf
   19 G   -7-11  1-11 -5-11 -7  8-11-12 -7 -7-12-12-11 -2 -8-12 -4-12    1   0   6   0   0   0   1  86   0   0   1   1   0   0   0   3   0   0   1   0  2.75 inf
   20 E   -5  7  2 -1 -5  1 -1 -7 -2 -2 -5  0 -5 -7-10 -5 -3-11 -5 -1    2  52   9   4   0   5   5   1   1   2   2   6   0   0   0   1   2   0   1   6  1.47 inf
   21 V  -10-12-12-12 -3-11-12 -9-12  5 -2-11 -1 -2-12 -8 -6-11 -3  7    0   0   0   0   1   0   0   0   0  30   4   0   2   2   0   0   1   0   1  58  2.29 inf
   22 Y   -5  6 -6-10 -5 -3 -7-10 -3  1 -3  4 -1  1-10 -6 -4  3  4 -3    1  33   0   0   0   1   0   0   1   8   4  23   1   6   0   1   1   3  13   2  1.36 inf
   23 S   -5  2  5 -3 -5 -5 -4 -2 -1 -7 -7 -1 -5 -7 -8  6 -2  0 -1 -7    1  10  22   2   0   1   1   4   2   0   1   4   0   0   0  44   3   1   2   1  1.31 inf
   24 I   -2 -3 -1 -3  1 -4 -3 -5  2  3  2  2  0  1 -4 -4  0 -1  2  2    3   1   3   2   3   1   2   1   4  15  19  10   2   5   1   1   6   1   6  13  0.40 inf
   25 K   -2  3  0  1 -5 -1  1 -3 -1 -1 -3  4 -3 -3 -2 -1  1 -3 -1 -3    4  13   5   9   0   3   7   3   2   4   4  26   1   1   2   5   7   0   2   2  0.47 inf
   26 S   -2  3  3 -2 -8 -4 -2 -2 -3 -4 -6  3 -5 -4 -3  2  4 -2 -5 -6    3  13  11   3   0   1   3   4   1   1   1  18   0   1   2  15  21   1   1   1  0.76 inf
   27 G   -6 -1  2 -2 -4 -4  0  6 -2 -7 -6  2 -5 -5 -6 -2 -2 -2 -5 -6    1   3   9   3   0   1   6  53   1   0   1  11   0   1   1   4   3   1   1   1  1.32 inf
   28 K   -4  5  0 -4 -4  0 -1 -2  2 -3 -4  5 -2 -4 -6 -3 -2 -5 -1 -2    2  26   5   1   1   4   4   3   4   2   2  33   1   1   1   2   3   0   2   3  1.00 inf
   29 T   -5 -1 -4 -5 -4 -2  0 -6 -3  5  1 -1 -1  0  0 -5  0  2  1  4    1   3   1   1   1   2   6   1   1  23  11   4   2   4   5   1   5   2   5  21  0.61 inf
   30 L   -3 -1 -5 -8 -5 -7 -6 -8 -6  2  6  0  4 -3 -8 -5 -5 -5 -2  0    2   4   1   0   0   0   1   0   0   9  55   6   9   1   0   1   1   0   2   5  1.31 inf
   31 K    0  2 -2 -4 -1 -4 -3 -4 -2 -4 -3  6 -4 -5 -4  1  2 -5 -2 -2    7   9   2   1   1   1   2   2   1   1   3  39   1   1   1  11  10   0   2   4  0.88 inf
   32 H   -4 -1 -3 -2  0  3 -3  1  3 -3 -1  0 -3 -1  5 -1  0 -2 -1 -4    2   4   2   3   2  10   2   9   5   2   8   6   1   3  26   5   6   1   2   2  0.52 inf
   33 Q   -3  2  0 -3  0  1 -2  0  2 -2 -4  2 -2  0 -4  2  1  3  2 -2    2   9   5   2   2   6   3   6   5   3   2  13   1   5   1  13   9   3   6   4  0.30 inf
   34 I   -3  0 -1 -1  0 -2 -2 -4 -1  2  1  2  0 -2  1 -2  1 -4  0  2    2   5   3   4   2   2   3   2   2  11  13  14   2   2   8   3   8   0   4  11  0.23 inf
   35 P   -4  0  5  3 -2 -1 -2 -1  2 -1 -3  0  0 -3 -2  1  1 -3 -2 -3    2   5  24  14   1   2   3   6   5   4   3   5   2   1   3   9   9   0   2   2  0.47 inf
   36 K   -1  2  3 -1 -3  0 -2  0  0 -2 -6  4 -4 -4  0  1  0 -2 -5 -4    6  11  13   3   1   4   2   8   2   2   1  24   1   1   5   9   5   1   0   2  0.48 inf
   37 D   -3  0  4  3  0 -1 -1  0  1 -5 -4  2 -4 -4 -4  1  0 -4  1 -4    3   5  20  15   2   3   3   8   3   1   2  10   0   1   1  12   7   0   4   2  0.48 inf
   38 G   -6 -3 -1 -4 -5 -4 -5  7 -3 -6 -9 -2 -9 -6 -6 -4 -5 -4 -9 -5    0   2   3   1   0   1   1  82   1   1   0   3   0   0   1   2   1   0   0   1  2.28 inf
   39 Y   -5 -3 -6 -5 -9 -9 -9 -6  1 -6 -8 -5 -8 -2 -7 -6 -6 -3 10 -5    1   2   1   1   0   0   0   1   3   1   0   1   0   1   0   1   1   0  84   1  3.37 inf
   40 H   -2  1  0 -4  0 -1 -2 -4  1 -1  3  1  1 -2  3 -3 -3  1  2  0    4   8   5   1   2   3   2   1   3   3  25   7   3   2  13   2   1   2   7   5  0.34 inf
   41 R   -2  3  0 -4  2  2 -2 -2  0  1 -3  0  2 -1 -4  0  1 -2  2  0    4  18   4   1   4   8   2   3   3   7   2   6   6   3   1   8   8   1   7   7  0.29 inf
   42 I   -3 -4 -8 -6 -1 -8 -8 -6 -1  3  0 -6 -1  1 -8 -7 -2 -8  1  6    3   1   0   1   1   0   0   1   2  16   7   1   1   5   0   0   3   0   4  54  1.44 inf
   43 G   -1  1  3 -1  1 -1 -3  1  0 -2 -4  1 -1 -2 -3  1  2  0 -2 -1    6   7  11   3   3   3   2  12   2   2   2  10   1   2   1  12  15   1   1   4  0.26 inf
   44 L   -5 -5 -4 -8 -1 -6 -6 -8 -7  4  5 -5  0  0 -4 -6 -4 -4 -3  2    1   1   1   0   1   0   1   0   0  21  52   1   2   4   1   1   1   0   1  11  1.29 inf
   45 F   -2  3  0 -2  2 -1 -3 -2  0 -2 -3  1 -1  0 -3  2  1  3  4 -2    4  13   5   2   4   3   2   3   2   3   3   8   2   4   1  14   7   4  12   4  0.31 inf
   46 K   -2  1  2  1 -1 -1  0 -1  2  0 -1  3 -1 -1 -1 -1 -2 -2  0  0    2   8   8   8   1   3   5   4   5   7   5  21   1   3   3   4   2   1   3   7  0.21 inf
   47 G   -2 -2  4  4 -2 -1  1  1 -1 -3 -3  1 -3 -1 -1 -1 -3 -2 -1 -3    3   2  18  23   1   2   8  10   2   2   3   8   1   3   4   4   2   1   2   2  0.48 inf
   48 G   -3 -1  2  0 -3 -1 -2  6  0 -2 -4  0 -3 -4 -3 -1 -2 -2 -2 -3    2   4   8   5   1   2   3  50   2   3   2   5   1   1   2   4   2   1   2   2  0.87 inf
   49 K   -3  1  3 -1 -5 -1 -1 -2  1  0 -3  5 -4 -3 -4 -2 -1 -5 -5  0    3   7  14   3   0   2   4   4   3   5   2  37   0   1   1   2   4   0   0   6  0.71 inf
   50 G   -2  3 -1 -3 -1  1 -2  3  0 -2 -3  2 -1 -2 -1  0  0 -3  0 -2    3  17   2   1   2   5   2  19   2   2   3  12   2   2   4   8   5   0   4   3  0.31 inf
   51 K   -4  3 -3 -5 -1 -1 -2 -4  1 -1 -4  6 -4 -1 -5 -3  0 -4  1 -1    1  13   1   1   1   3   3   1   3   4   2  46   0   3   1   2   5   0   5   5  0.98 inf
   52 T   -2  1  3 -1  0  1 -1 -2  2 -1 -4  1 -1 -2 -2  1  2  0  2 -3    3   8  12   4   2   6   4   3   5   3   2  10   1   2   2  10  14   2   6   2  0.25 inf
   53 F   -3  1 -4 -5  1 -2 -1 -6  2  2  0  0  1  3 -4 -4 -2  3  4  1    2   8   1   0   3   2   5   0   6  10  10   6   4  11   1   1   2   4  14  11  0.45 inf
   54 Q   -2  3  0 -4 -3  0 -3 -1  0 -3  1  1  0  0 -2 -1 -1 -2  5 -3    4  16   4   0   0   4   1   5   2   1  16  10   2   4   3   6   4   0  17   1  0.37 inf
   55 V    1 -4 -7 -7  4 -6 -3 -6 -7  3  1 -4  1 -3 -7 -4 -2 -3 -6  6   11   1   0   0   7   0   2   1   0  13  11   1   3   1   0   1   3   0   0  46  1.08 inf
   56 H   -1 -4 -3 -6 -2 -3 -7 -2 11 -6-10 -5 -2 -8 -9 -2 -6 -9 -2-10    5   1   1   1   1   1   0   3  80   1   0   1   1   0   0   3   1   0   1   0  3.37 inf
   57 R   -5  7 -4 -3 -4  1 -2 -6  1  0 -5  1 -4 -5 -6 -4 -2 -8 -3  0    1  57   1   2   0   6   3   1   3   6   1   8   1   0   0   1   2   0   1   6  1.44 inf
   58 L   -1 -8 -8 -9 -2 -4 -5 -8 -8  3  6 -8  1 -2 -8 -7 -5 -1 -7  1    6   0   0   0   1   1   1   0   0  16  60   0   2   1   0   0   1   1   0   9  1.45 inf
   59 V    0 -8 -8 -8  0 -7 -8 -8 -8  4 -1 -4  2 -3 -7 -3 -6 -8 -7  6    7   0   0   0   2   0   0   0   0  17   6   1   4   1   0   2   0   0   0  57  1.58 inf
   60 A    5 -5 -7 -7  0 -4 -7 -1 -3 -2 -1 -4  3  2 -7 -4 -4  6  0 -3   48   1   0   0   2   1   0   4   1   2   7   1   7   7   0   1   1  11   3   1  1.18 inf
   61 I    0 -1 -2 -2 -3  1  4 -4 -1  1  0  1  3 -1 -5  1 -1  2 -2 -3    6   3   2   2   1   5  25   2   2   7   9   7   7   3   0   9   4   3   2   2  0.34 inf
   62 H    5 -4 -4 -7  0 -3 -4 -4  2 -1 -1 -4  1 -1 -6 -1  3 -2  0 -1   38   1   1   0   2   2   1   1   5   3   7   1   4   2   0   4  19   1   3   5  0.74 inf
   63 F   -3 -5 -5-10 -2 -4 -6-10  1 -5 -4 -5 -7  9-10 -5 -5  4  2 -4    2   1   1   0   1   1   1   0   4   1   2   1   0  72   0   1   1   4   5   2  2.54 inf
   64 C   -4 -2  1 -4  3 -4 -4 -4  3  4  2 -1  0 -1 -5 -4 -4 -1  0  2    1   2   6   1   6   1   1   2   7  23  21   3   2   2   1   1   1   1   3  12  0.61 inf
   65 E   -4 -3 -1  0 -2 -3  1  5  1 -8 -6  0 -8 -5  5 -1 -3 -8 -2 -8    2   1   3   5   1   1   8  34   4   0   1   5   0   1  24   5   2   0   2   0  0.95 inf
   66 G   -1  0  5  0  0 -1  0  1 -2 -3 -5  2 -2 -4  2 -2 -2 -1 -3 -2    6   5  28   5   2   2   7  10   1   2   1  11   1   1  10   2   2   1   1   3  0.55 inf
   67 Y   -4  0 -3 -3  0 -1 -1 -4 -1  2 -2  0 -1 -1  6 -2 -3  0  1 -1    1   5   2   2   2   3   5   1   2  12   3   6   1   3  37   3   2   1   4   5  0.77 inf
   68 E   -3 -2  1  1 -2 -1  2 -2 -1 -4 -3  1 -2 -1  5 -1 -2  1  0 -2    2   2   6   9   1   2  15   4   2   1   4   9   1   3  26   5   2   2   3   3  0.50 inf
   69 E   -2 -2  3  3  0 -2  2  1  0 -4 -4  1 -5 -4  2 -1 -1  0 -3 -3    3   2  14  14   2   1  15   9   3   1   2   7   0   1  11   5   4   1   1   2  0.40 inf
   70 G   -2 -2 -1  0 -3  0  0  4  0 -4  0  4 -2 -2 -3 -2 -2 -5  1 -4    4   2   3   4   1   4   5  28   2   1  11  22   1   2   1   2   2   0   5   1  0.46 inf
   71 L   -2 -1  0 -1  0  0  1 -4  3 -2  0  0  3  0  3 -2  0  0  1 -2    3   2   5   4   2   3   9   1   8   2  10   7   9   4  15   3   5   1   5   3  0.25 inf
   72 V   -3 -2 -2 -1  1  3  3 -5  1  1 -2 -2  1  0 -5 -2  2 -1  1  2    1   1   2   3   3  14  17   1   3   8   3   2   4   5   0   2  11   1   6  14  0.36 inf
   73 V    0 -8 -8 -8  1 -7 -7 -5 -8  4 -2 -7 -2 -6 -3 -7 -4 -8 -3  7    8   0   0   0   3   0   0   1   0  19   3   0   1   0   2   0   1   0   1  59  1.64 inf
   74 D   -1  3  2  2  3 -2 -1 -2  4  1 -1 -1  0 -3 -4 -1 -1  1  0 -1    4  19  11  11   6   0   3   2  10   9   6   2   3   0   0   2   4   2   2   3  0.26 inf
   75 H   -2 -1  0 -5  2 -4 -4 -6 10 -6 -6 -5 -5  1 -1 -2 -5 -5  1 -2    3   4   4   0   4   0   0   0  64   0   0   0   0   6   3   3   0   0   4   3  2.10 inf
   76 K   -1  0  0  0 -3  1  0 -1  2  0 -1  0  1  1  0 -1  0  3  1  0    6   6   5   6   0   5   6   6   5   6   6   6   5   5   6   0   6   5   5   6  0.07 inf
   77 D   -4 -2  4  6  0 -3 -1 -2  0 -2 -5 -1 -1 -5 -1 -2 -2  2 -1 -3    0   2  21  43   2   0   2   2   2   2   0   3   2   0   3   2   2   3   2   2  0.93 inf
   78 G   -2  1  0  2  0 -1  0  4  2 -4 -3  0  0 -2 -1  0 -2 -4  0 -4    2   8   3  15   2   2   5  31   4   0   3   4   2   2   4   6   2   0   3   0  0.38 inf
   79 N   -4 -2  5  5  0 -2 -1 -2 -1  0 -4 -1 -1 -3 -5 -1 -2 -2 -3 -1    0   2  30  31   2   1   3   3   1   7   1   3   1   1   0   5   2   1   1   4  0.88 inf
   80 K   -3  4 -2 -4 -1 -1 -2 -2 -1 -2 -2  5 -2 -4  2 -1 -1 -1 -3 -4    2  24   2   0   1   2   1   3   1   2   4  36   1   1   9   4   3   1   1   1  0.80 inf
   81 D   -1 -1  0  0 -1  0  0 -1  1 -2  1  0  0  0 -2  1  2  0  0 -2    5   2   5   7   1   4   5   4   4   1  16   5   3   4   1  11  17   1   4   1  0.12 inf
   82 N   -5 -5  7  6  2 -5 -2 -3  0 -4 -4 -5 -6 -6 -6 -3 -5 -7 -6 -3    0   0  45  36   4   0   2   2   2   1   2   0   0   0   0   2   0   0   0   2  1.70 inf
   83 N   -4 -5  8  1  3 -5 -5 -5 -1 -4 -4 -5 -6  1 -3 -3 -3 -6 -3 -2    2   0  65   8   5   0   0   0   1   1   2   0   0   6   2   1   1   0   1   3  1.79 inf
   84 L   -2  5  2  0  1 -2 -2 -4  5 -3 -3  0 -2 -3 -4  1  1 -2  0 -1    3  29   9   5   3   1   1   1  13   1   2   4   1   1   0   9   7   1   4   4  0.58 inf
   85 S    1 -3 -5 -4 -1 -4 -3 -4 -1  1  3 -2 -1 -1  3 -2 -2  1  1  2   13   1   0   1   1   0   1   1   2   7  24   2   1   3  17   2   1   2   4  17  0.45 inf
   86 T   -1 -2 -1  3  0 -1  3 -1  1 -3 -4 -1 -3 -2 -3  3  1  0 -2 -3    3   2   3  16   2   2  19   4   3   1   2   4   1   2   1  23   9   1   1   2  0.42 inf
   87 N   -6 -3  9 -4 -7 -2 -3 -5  0 -7 -7 -1 -2 -7 -4 -3 -5 -7 -6 -7    1   2  82   0   0   2   1   0   2   0   1   3   1   0   1   1   0   0   0   0  2.56 inf
   88 L   -5 -6 -7 -7 -5 -6 -6 -7 -6  2  6 -6  0 -2 -6 -6 -5 -6 -5 -2    1   0   0   0   0   0   0   0   0   9  81   0   2   2   0   0   0   0   0   2  1.83 inf
   89 R   -2  5 -3 -3 -1  0  4 -4 -2 -2 -3  0 -2 -3 -5 -2 -2 -5 -1 -1    4  32   1   1   1   4  32   1   1   2   3   5   1   1   0   2   2   0   2   4  0.82 inf
   90 W   -6 -5 -9 -5 -3 -5 -5 -6 -4 -3  1 -4 -3 -3 -9 -6 -6 12  4 -4    1   1   0   1   1   0   1   1   0   2  13   1   1   1   0   1   1  62  12   1  3.03 inf
   91 V    2 -4 -3  1  4 -2 -3  2 -5 -1  0 -2  0 -3 -4 -1 -1 -5 -4  3   15   0   1   9   9   2   1  17   0   3   7   2   2   1   0   4   4   0   0  23  0.38 inf
   92 T   -4 -6  0  1 -1 -3 -5 -4 -3 -5 -5 -5 -6 -4 -4  3  7 -7 -3 -4    1   0   4   8   1   1   0   1   1   1   1   0   0   1   1  17  61   0   1   1  1.53 inf
   93 Q    0  2  1 -2 -2  1 -1 -3  4 -3 -3  3 -3 -2  3 -1 -2 -2  0 -3    8  12   7   1   1   6   2   2  10   2   2  19   1   1  14   3   2   1   4   2  0.42 inf
   94 K    0  1 -2 -1 -3  2  0 -2 -2 -3 -2  2 -1 -3 -1  4 -1 -5 -3 -3    8   8   2   2   0   9   5   2   1   1   4  15   2   1   2  32   4   0   1   2  0.44 inf
   95 I   -2 -3 -3  3 -6  1  6  0 -1 -4 -4 -1 -2 -4 -3 -2 -2 -5  2 -2    3   1   1  14   0   5  44   8   1   1   2   3   1   1   1   2   2   0   8   3  0.86 inf
   96 N   -4 -4  8 -4 -3  3 -4 -5 -1 -4 -5 -3  0 -4 -5  0 -4  0 -5 -5    1   1  67   0   1  11   1   1   1   1   1   2   3   1   0   6   1   1   0   1  1.87 inf
   97 V    0  1  1 -2  1  0 -1 -1 -1  1  0 -1  2 -1 -2  0  0 -1 -1  1    8   7   9   1   3   5   3   4   2  10   9   3   7   1   1   7   7   1   2  11  0.07 inf
   98 E    0  2  1  0 -2  2  1 -2  0  1 -1  3  0 -2 -3 -1 -1 -2 -1 -1    9   9   6   4   1   8   8   2   2   8   7  20   2   2   1   4   2   0   2   3  0.18 inf
   99 N   -3 -1  4  4 -5 -3 -1 -4  8 -4 -5 -2 -3 -4 -3 -3 -3 -3  0 -4    2   4  19  21   0   1   4   1  33   1   1   2   1   1   1   2   2   0   4   1  1.31 inf
  100 Q    3  3 -1 -3 -2  2 -2  0 -2 -3 -3  1  1 -2 -1  1  0 -2 -1 -2   25  15   2   1   1   8   2   6   1   1   2   8   3   2   3   9   4   0   2   3  0.30 inf
  101 M   -1  1 -1 -2  2 -1 -1 -2  4  1 -1  0 -1  1 -3 -2  0  1  3  1    4   9   3   2   4   2   3   3   9   9   5   6   1   5   1   3   6   2  12  11  0.19 inf
  102 S    0  3  1  2 -3 -1  1 -2  0 -2 -1  3  0 -3 -1 -1 -1 -3 -2 -2    8  16   6  11   1   2   9   3   2   2   6  16   2   1   3   5   4   0   1   3  0.24 inf
  103 R   -2  3  5 -2 -3 -1 -1 -3  5 -1 -2  0 -1 -4 -1  0  1 -5 -1 -2    2  13  24   2   0   2   3   1  12   3   4   6   1   1   3   6  10   0   2   2  0.53 inf
  104 G   -2 -2  1 -1 -2 -2  0  5 -1 -3 -4  0 -3 -4  0  0  0 -1 -2 -3    3   2   6   3   1   2   6  43   1   2   2   5   1   1   4   6   7   1   2   2  0.63 inf
  105 T   -2  2  0 -1 -1 -1 -1 -2  0 -2  2  2 -2 -3 -2  0  2 -4 -2 -1    2  11   5   4   2   2   3   4   2   2  21  14   1   1   1   5  15   0   1   4  0.23 inf
  106 L   -1  2  0  0  1 -1 -2 -2  4  1  0  0  1  0 -2 -1 -1 -1  3  0    5  10   6   5   3   3   2   3   9   7   8   7   3   3   2   4   3   1  12   5  0.15 inf
  107 N   -1  1  3  1 -3 -1 -2 -1  1 -1 -2  2 -2 -2  1  1  0 -3 -1 -2    5   7  14   9   1   3   2   4   3   3   4  14   1   2   6  10   6   0   2   3  0.21 inf
  108 V   -1  1  0 -1 -1  0  0  1  0  0 -1  0 -1  0  0  0  1 -2  0  0    4   8   5   2   1   4   5  12   2   8   6   7   1   4   5   8   9   1   4   6  0.04 inf
  109 S    0  0  0 -2 -2 -1 -1  2  0 -2 -1  1 -2 -2  0  1  2 -1  0 -1    9   6   4   1   1   2   3  19   2   2   6   7   1   2   4  11  11   1   3   5  0.16 inf
  110 K   -2  2  1 -2 -2  0  1  0 -1 -2 -2  4 -1 -2 -1  0 -1 -4 -2  0    3  10   7   2   1   5   8   7   2   3   4  23   1   2   3   7   3   0   1   8  0.24 inf
  111 A    0  3  0 -2  0 -1 -2  1 -2 -1 -1  3 -1 -3 -1  1  0 -4 -2 -1    8  14   5   2   2   1   2  10   1   4   6  16   2   1   4  11   6   0   1   4  0.18 inf
  112 Q    0  2  2 -1 -2  0  0  0  2 -1 -2  2 -1 -2  0  0  0  2 -1 -1    8  10   9   3   1   3   5   7   5   4   4  11   2   2   4   7   6   3   2   5  0.11 inf
  113 Q   -1  3  1 -1 -1  1 -1  0  2 -1 -1  2 -1 -2  0 -1  0 -1  0  0    4  16   7   4   1   6   4   7   5   4   5  11   1   1   4   4   5   1   4   6  0.14 inf
  114 I    0  0  0 -2  2  0 -1 -1  0  1  0  0  1 -1 -1  0  0 -1  1  0    8   5   5   1   5   5   4   4   3   9   7   7   3   3   2   6   7   1   5   8  0.03 inf
  115 A    1  1  1  0 -1 -1  0  0  1 -1 -1  1 -2 -2  0  1  0  0 -2 -1   14   9   6   4   1   1   5   7   3   4   6   8   1   1   5  11   5   1   1   4  0.08 inf
  116 K   -1  2  1  0  1  0 -1 -1  0 -1 -2  4 -1 -2 -2  0  0 -2 -2 -2    5  11   7   5   3   4   4   5   3   4   4  24   2   2   2   6   6   1   2   2  0.28 inf
  117 I    0  0  0 -1 -1  0 -1 -1  1  1  1  1  0  0  0  0  0 -2  1  0    7   4   6   3   1   4   3   5   3   8  14   9   2   3   5   6   4   0   6   4  0.03 inf
  118 K    0  1 -1  0 -1 -1  1 -2  1 -1 -1  3 -1 -1 -1  1  2 -1  0 -2    7   7   2   5   1   3   7   3   3   4   7  17   1   2   3   9  12   1   3   3  0.14 inf
  119 N    0  1  3  1  0 -1  1 -2  0 -2  0  1 -1 -1 -2  0  1  0  0 -2    6   8  12   7   2   2   8   2   2   3   9  10   2   3   2   7   8   1   4   2  0.12 inf
  120 Q   -1  2  0  0 -1  1  2  0 -1  0 -2  1 -2 -2 -1  0  1 -2  0 -1    5  10   4   5   1   5  12   8   1   6   4   8   1   2   2   8   7   1   3   5  0.09 inf
  121 K   -1  2 -1  0 -1  2  1 -1 -1 -2 -3  5 -3 -3 -2 -2 -1  2 -2 -2    6   9   3   6   1   9   8   4   1   2   3  29   1   2   3   3   4   3   1   3  0.42 inf
  122 P    0 -2 -2  0 -3 -1 -1  0 -2  0 -2  1 -2 -1  3  0 -2  2 -2  2    7   3   2   6   1   3   4   8   1   4   4   9   1   2  16   7   2   3   2  16  0.23 inf
  123 I    0 -2 -1 -1  2 -2 -1 -2 -3  4 -1  1  0 -2 -5 -2 -1 -1 -1  3    7   2   4   3   5   2   4   3   1  21   6   8   2   2   0   3   3   1   2  22  0.38 inf
  124 I    1  0 -2 -2 -1  0  0 -2  0  2  0 -1 -1  1 -4 -1 -1  0  2  2   12   5   2   2   1   5   5   3   2  10  10   4   1   6   1   3   4   1   7  16  0.14 inf
  125 V    0 -1 -1 -2 -2  1 -1 -3 -2  3  0  0  2  0 -4  0 -1 -2  0  1    8   4   3   2   1   7   4   2   1  18   8   6   4   4   0   9   3   1   4  11  0.18 inf
  126 I   -3  1 -1  1 -1 -3 -1 -3 -2  4  0  1  1 -1 -3 -3 -2 -2  4  1    2   6   3   8   1   1   4   3   1  20   8   9   3   3   1   2   3   1  13   8  0.36 inf
  127 S   -1  1  1  2 -4 -2 -1 -2 -1  2 -1  2 -1 -2 -3  0  0  0  0  0    4   8   7  11   0   1   4   3   1  12   5  15   2   2   1   7   6   1   3   6  0.19 inf
  128 P   -1  1  2  0  0 -1  0 -2  0  0  0  3 -1 -1  1 -1 -1 -2 -1 -1    5   6   9   5   2   3   6   3   2   5  10  18   1   2   8   5   4   1   2   4  0.15 inf
  129 D   -2  1  2  4 -1 -2  1  1 -2 -3 -3  2 -2 -4 -3  0  0 -6 -1 -4    3   8   9  20   2   2   7  11   1   1   4  12   1   1   1   7   6   0   3   1  0.38 inf
  130 G   -2  0  1 -1 -5 -1  0  5 -1 -2 -2  1 -1 -4 -4 -2  0 -2 -2 -1    4   5   6   4   0   3   7  36   2   3   4   8   2   1   1   3   5   1   2   5  0.48 inf
  131 I   -1 -1 -1  0 -2 -1  1 -3  2  2  1  1 -1  1 -2 -1  0 -4  1  1    4   4   3   5   1   2   8   1   5  11  13   9   1   7   2   4   5   0   4  11  0.12 inf
  132 E   -2  1 -2 -2 -2  0  3 -2 -1  2  1  0 -1 -1  0 -2  0 -1  0  0    3   9   2   2   1   3  17   3   1  11  14   6   1   3   5   3   6   1   3   6  0.16 inf
  133 K    0  2  2 -1 -2  0  1  1  0 -2 -2  3 -1 -3 -4 -1 -1 -2  2 -2    7   9  10   3   1   4   8  10   2   2   4  17   2   1   1   4   4   1   7   3  0.24 inf
  134 E   -1  1 -1  0 -1  0  2 -2  0 -1 -2  1 -2  1 -2  0  1 -1  1  0    5   8   3   5   2   5  16   4   2   4   4   7   1   6   2   6   9   1   6   6  0.13 inf
  135 Y   -3 -2 -4 -4 -3 -4 -2 -1  3 -1 -3  0 -1  6 -4 -3 -4  3  5 -2    3   3   1   1   1   1   3   6   7   3   3   6   1  31   1   2   1   3  19   3  1.07 inf
  136 P   -2  0  1  1 -4 -1  1 -1 -1  0 -2  2 -2 -1  1  0  0 -1  0 -2    4   6   8   9   0   3  10   6   1   5   4  14   1   2   7   6   6   1   3   3  0.15 inf
  137 S   -2  1  2 -3 -2 -4 -2 -2 -4 -3 -6 -3 -4 -5 -3  6  2 -4 -6 -5    4   7   8   2   1   1   3   4   0   2   1   2   1   1   2  51  11   0   0   1  1.10 inf
  138 T    1  0 -2 -5  0  2 -3 -3 -3  3  2 -2  3 -1 -2 -1 -1  2 -2  0   10   4   2   1   2   8   2   2   1  17  18   3   6   2   2   5   5   3   1   7  0.31 inf
  139 K   -1  4  0 -4 -4  0  1 -4  2 -2 -3  4 -1 -4 -5  2  0 -7 -1 -3    5  19   4   1   1   4   8   2   4   2   3  21   2   1   1  13   5   0   3   2  0.53 inf
  140 C    0 -1 -3  3 -5  1  5 -6 -2 -2 -5  2  2 -5 -6 -1 -3 -4 -3 -3    7   3   1  15   0   6  36   1   1   2   2  11   4   1   0   4   2   0   1   2  0.83 inf
  141 A    5 -7 -6 -6  2 -7 -4 -5 -4  3  2 -4  0  0 -7 -5 -3  1 -5 -1   48   0   0   1   4   0   1   1   1  13  16   1   2   4   0   0   1   2   0   4  1.11 inf
  142 C    5 -4 -5 -5  3 -4  0 -1 -5 -2 -4 -3 -3 -5 -7  2 -4 -8 -4  0   49   1   1   1   5   1   6   5   0   2   2   2   1   0   0  16   1   0   1   7  1.04 inf
  143 E   -1  5 -1  0 -8  0  3 -5 -3 -4 -3  5 -3 -6 -6 -4 -3 -8 -3 -3    5  24   3   5   0   3  18   1   1   1   4  27   1   0   0   1   2   0   1   2  0.91 inf
  144 E    1  0 -4 -1 -3  3  2 -4  1 -2 -1  2  2  0 -5 -2 -2 -1  3 -2   13   6   0   4   1  11  15   1   3   3   5  13   4   4   0   2   2   1   8   4  0.34 inf
  145 L   -4 -5  1 -5 -3 -5 -2 -6  0  0  3 -5 -1  5 -4 -4  2 -5  4 -2    1   1   6   1   1   0   3   0   2   6  24   1   2  24   1   1  10   0  14   2  0.85 inf
  146 G   -5 -4  3 -1 -4 -2 -3  6 -1 -8 -7  1 -3 -5 -3 -4 -5 -8  0 -5    1   1  14   3   0   2   2  56   2   0   1   9   1   1   2   1   1   0   3   1  1.38 inf
  147 L   -1 -3 -6 -5  2 -5 -3 -1 -3  3  1 -3  1  2 -5 -4 -1 -5  3  4    5   2   0   1   4   0   2   5   1  16  13   2   3   7   0   1   3   0  10  25  0.59 inf
  148 T   -1 -3  3  1  2 -3 -3 -2  4 -5 -6  0 -5 -3  0  4  1 -5 -2 -4    4   1  12   8   3   1   1   3   9   1   1   6   0   1   5  31   8   0   2   1  0.67 inf
  149 R   -1  3  1  0 -6  2  1 -2  3 -2 -4  1 -3 -1  1 -1 -1 -2  2 -1    5  14   6   5   0   8  10   3   6   2   2   9   1   3   7   5   3   1   8   4  0.26 inf
  150 G    0  1  1 -3 -4  2 -2  2 -1 -2 -6  0  2 -4 -3  3  1 -4 -1 -4    8   8   7   1   0   9   2  16   2   2   0   5   4   1   1  20   8   0   2   1  0.40 inf
  151 K    0 -2  3 -3 -1  2 -3 -1  4 -3 -3 -1 -3 -4 -5  1  4 -1  2 -2    6   2  13   1   1   9   1   4  10   1   3   4   0   1   1   9  22   1   8   2  0.53 inf
  152 V   -4 -7 -6 -8 -3 -6 -6 -7 -5  7  0 -6 -1 -4 -6 -6 -3 -8 -1  4    2   0   0   0   1   0   1   0   0  53   9   0   2   1   1   0   2   0   3  25  1.66 inf
  153 T   -1  1  1 -3  3 -1 -3 -1  3 -2 -3 -1 -5 -3 -5  4  0  2  2 -2    4   8   6   2   5   2   2   4   5   2   3   3   0   1   0  33   7   3   7   3  0.51 inf
  154 D    0  4  2  2 -4  0  0 -2  0 -5 -2  2  1 -5 -5  1 -2 -1  0 -4    7  21  10  10   0   3   6   3   2   0   4  12   3   0   0  10   2   1   3   1  0.41 inf
  155 V    1 -2 -3 -6  6 -6 -6 -5 -2  5 -2 -3  0 -4 -6 -1 -3 -2 -3  3   12   2   1   0  17   0   0   1   1  29   4   1   2   1   0   4   2   1   1  19  0.99 inf
  156 L    0  1 -4 -6  5 -4 -5 -5 -5  3  3  1 -1 -2 -6 -3 -3 -4 -5  2    9   7   1   0  13   0   1   1   0  17  23  10   1   2   0   1   1   0   0  12  0.67 inf
  157 K   -2  3  5 -2 -2 -1 -2 -5  2 -2 -3  3 -3 -6 -5  2  0 -2 -3 -4    3  14  24   2   1   3   3   1   4   3   2  19   1   0   0  13   5   1   1   1  0.69 inf
  158 G   -3  1  1 -2 -3 -4 -3  6 -1 -5 -4  1 -6 -2 -5 -3 -5 -6 -2 -6    2   7   7   2   1   1   2  58   2   1   2   8   0   2   1   2   0   0   2   1  1.25 inf
  159 H   -2  3  0  0 -4  0  2 -3  3 -3 -3  5 -3 -5 -4 -2 -2 -6 -1 -3    3  15   4   5   0   4  12   2   6   2   3  33   1   1   1   2   3   0   2   2  0.69 inf
  160 R   -1  5  3 -4 -3  2 -3 -2  0 -2 -1  0 -4 -5 -3  0  0 -2  3 -3    5  28  12   1   0   7   1   4   2   3   6   5   0   0   1   6   6   1   9   2  0.54 inf
  161 I   -1  0  1 -4 -2 -1 -2 -3 -2 -3 -4  5 -6 -3 -3 -2 -1  9 -2 -3    5   5   6   1   1   2   2   3   1   2   2  32   0   1   2   4   4  25   1   2  1.18 inf
  162 H   -2  0  0 -3 -5  2  0 -2  3 -3 -3  2 -5 -3 -4  3  3 -6  0 -3    3   6   5   1   0   8   5   2   7   1   2  14   0   1   1  18  20   0   3   1  0.47 inf
  163 H    3  0 -2 -4  1 -1 -5 -4  8 -4 -3 -2 -3 -2 -5 -2  0 -1  3 -2   20   6   2   1   3   2   0   1  36   1   3   2   1   1   1   3   6   1   8   3  1.14 inf
  164 K   -1  0  0 -2 -3  0 -2  2  3 -5 -4  4 -3 -2 -4 -2 -2 -5  4 -3    6   5   5   2   1   4   3  15   8   0   2  25   0   1   0   3   2   0  16   2  0.59 inf
  165 G   -5 -3  0 -3 -4 -1 -2  7 -6 -5 -6  1 -5 -7 -3 -3 -5 -7 -4 -7    0   2   4   2   0   3   3  70   0   1   1   8   0   0   2   1   0   0   1   0  1.66 inf
  166 Y   -6  2 -5 -6 -1 -6 -7 -8  3 -4 -3 -4 -1  5 -8 -5 -7  3  8 -3    1   9   0   1   1   0   0   0   6   1   2   1   1  23   0   1   0   3  47   2  1.90 inf
  167 T   -1  0 -3 -3 -2  0  0  0  0  1 -2  1  0  0 -4  0  3  1  1  0    3   6   0   0   1   4   5   9   2  10   4   9   2   3   0   7  21   2   5   7  0.20 inf
  168 F   -6 -8 -9 -9 -4 -8 -9 -9 -8 -3 -4 -9 -7  7 -9 -8 -8 11  1 -3    1   0   0   0   1   0   0   0   0   2   1   0   0  38   0   0   0  50   4   2  3.23 inf
  169 R   -2  4 -3 -3 -4  1  2 -5 -4 -3 -4  5  1 -3 -5  1 -2 -3 -4 -2    3  20   1   1   0   6  14   0   0   2   1  32   4   1   0  10   2   0   0   4  0.75 inf
  170 Y   -7  1 -5 -8 -7 -6 -7 -8  1 -6 -3 -2 -3  5 -8 -5 -6  6  8 -4    0   7   1   0   0   0   0   0   2   0   2   3   1  18   0   1   0   9  55   1  2.11 inf
  171 K    3 -2 -4 -2 -6 -2  2 -3 -4 -6 -6  6 -3 -6 -5  0 -4 -6 -5 -3   24   0   0   2   0   1  12   2   0   0   0  51   1   0   0   7   0   0   0   1  1.15 inf
  172 L   -1 -4 -3  2 -3 -2 -3 -4 -4  2  0 -3  1  2 -2 -2  0 -4 -2  4    5   0   0  17   0   2   0   0   0  13   7   0   4   9   2   1   4   0   0  36  0.43 inf
  173 N   -3 -2  6  3 -5  0  3 -3  2 -5 -5 -2 -4 -5 -4 -1 -2 -5 -4 -5    0   0  55  15   0   3  22   0   5   0   0   0   0   0   0   0   0   0   0   0  1.13 inf
  174 G    1 -3 -1 -2 -3 -2 -3  6 -3 -4 -4 -2 -3 -4 -3 -1 -2 -3 -4 -3   13   0   0   0   0   0   0  87   0   0   0   0   0   0   0   0   0   0   0   0  1.09 inf

                      K         Lambda
Standard Ungapped    0.1360     0.3160
Standard Gapped      0.0521     0.2670
PSI Ungapped         0.1707     0.3170
PSI Gapped           0.0521     0.2670
