
Last position-specific scoring matrix computed, weighted observed percentages rounded down, information per position, and relative weight of gapless real matches to pseudocounts
           A  R  N  D  C  Q  E  G  H  I  L  K  M  F  P  S  T  W  Y  V   A   R   N   D   C   Q   E   G   H   I   L   K   M   F   P   S   T   W   Y   V
    1 M   -3 -4 -5 -5 -3 -4 -5 -5 -5  4  4 -4  4 -2 -5 -4 -3 -4 -3  2    0   0   0   0   0   0   0   0   0  32  42   0  11   0   0   0   0   0   0  15  0.88 inf
    2 K   -1 -2 -1  3 -3 -2  3 -3 -2 -4 -2 -2 -1 -5 -3  2  4 -5 -4 -3    3   1   1  20   0   0  19   1   1   0   3   1   2   0   0  15  34   0   0   0  0.64 inf
    3 D   -3 -1  0  6 -6  2  3 -3  0 -5 -5 -2 -5 -1 -1 -1 -1 -6 -4 -5    0   2   3  52   0   9  17   1   2   0   0   0   0   3   2   4   4   0   0   0  1.02 inf
    4 D   -2 -4 -2  7 -7 -1  4 -5 -2 -6 -6 -3 -6 -7 -5 -2 -3 -7 -6 -6    4   0   1  65   0   1  25   0   1   0   0   1   0   0   0   2   1   0   0   0  1.70 inf
    5 Q    2  1 -2  0 -3  2  2 -3 -1 -3 -3 -1 -3 -5  4  0 -1 -3 -4 -3   18   8   0   6   0   9  18   1   1   2   2   1   0   0  25   4   3   0   0   1  0.54 inf
    6 R   -1  7 -4 -5  4  0 -3 -5 -1 -5 -3  1 -1 -3 -5 -4 -4 -5 -1 -5    4  68   0   0   9   4   0   0   1   0   2   7   2   1   0   0   0   0   2   0  1.52 inf
    7 W   -8 -4 -9 -9 -7 -7 -8 -8 -5 -8 -6 -8 -6 -2 -9 -8 -7 13 -1 -8    0   1   0   0   0   0   0   0   0   0   0   0   0   1   0   0   0  97   1   0  4.89 inf
    8 Q    3  1 -1  0 -5  6  0 -3  0 -4 -2  0 -3 -5 -3 -1 -2 -5 -4 -3   24   8   3   4   0  42   5   0   2   0   3   3   0   0   1   2   1   0   0   1  0.80 inf
    9 S    7  0 -5 -4 -4 -1 -4 -3 -5 -2 -5 -1 -3 -6 -4 -1 -3 -6 -5 -4   83   5   0   0   0   2   0   0   0   2   0   3   0   0   0   2   0   0   0   0  1.51 inf
   10 V   -3 -6 -6 -6 -4 -5 -6 -6 -6  4  1 -5 -1  0 -6 -5 -3 -5 -4  6    1   0   0   0   0   0   0   0   0  25  12   0   1   4   0   0   0   0   0  57  1.28 inf
   11 L   -1 -1 -3 -4  3  2 -1 -5 -4  2  3 -2  0 -3 -4 -2 -1 -4 -3  3    3   2   1   0   6  11   5   0   0  13  29   1   1   0   0   1   3   0   0  24  0.42 inf
   12 A    4  1  2  1 -4  0  1 -1  2 -4 -4 -1 -3 -5 -3  1  1 -5 -3 -3   36   8  11   6   0   4  11   2   5   0   0   1   0   0   0   7   8   0   0   0  0.43 inf
   13 R   -5  8  3 -5  0 -2 -4 -6 -2 -7 -6 -1 -5 -7 -6 -3 -5 -7 -5 -6    0  79  15   0   2   1   0   0   1   0   0   2   0   0   0   1   0   0   0   0  2.11 inf
   14 D   -5 -2  2  8 -7 -3 -1 -5 -5 -7 -7 -3 -7 -7 -5 -3 -5 -8 -7 -7    0   2   7  86   0   1   2   0   0   0   0   1   0   0   0   1   0   0   0   0  2.32 inf
   15 P    3  2 -3 -3 -4 -1 -2 -2 -2 -3 -4  2 -2 -5  4  1  0 -5 -4 -2   33  11   0   0   0   2   1   1   1   2   0  11   0   0  19  11   6   0   0   1  0.58 inf
   16 N    3  1 -1 -1 -2  0 -1  0  1 -4 -3 -1 -2 -4 -2  3  1 -5 -3 -3   25   9   2   3   1   3   3   6   4   0   2   3   0   0   1  27  10   0   0   0  0.39 inf
   17 A    5 -3 -4 -5 -2  0 -4 -3 -2 -3 -2 -4  0  2 -4 -1 -3 -1  4 -3   60   1   0   0   1   4   0   1   1   1   3   0   2  10   0   3   0   1  13   1  0.96 inf
   18 D   -5 -4  0  8 -5 -4 -1 -4 -5 -7 -6 -4 -6 -7 -5 -3 -3 -8 -7 -5    0   1   3  89   0   0   2   1   0   0   1   0   0   0   0   1   2   0   0   1  2.35 inf
   19 G   -1 -4  0  0 -3 -3 -3  7 -1 -6 -6 -4 -5 -5 -4 -2 -2 -6 -6 -6    4   1   4   5   1   1   1  76   2   0   0   0   0   0   1   2   2   0   0   0  1.57 inf
   20 E    1  3 -2 -1  0  4  0 -3  3 -2 -1  1 -2 -2 -2 -1  0 -4  0 -1   12  17   0   3   3  20   4   1   9   1   5   7   0   1   1   4   5   0   3   5  0.29 inf
   21 F   -6 -7 -7 -8 -7 -7 -7 -7 -5 -4 -2 -5 -4  9 -8 -7 -6 -3 -1 -5    0   0   0   0   0   0   0   0   0   0   2   1   0  97   0   0   0   0   0   0  3.09 inf
   22 V   -4 -6 -6 -7 -3 -5 -6 -6 -5  1 -2 -6 -3  4 -6 -5 -4  4  3  6    0   0   0   0   0   0   0   0   0   5   1   0   0  19   0   0   0   6   9  59  1.36 inf
   23 F   -5 -6 -6 -7 -4 -5 -6 -3 -3 -4 -4 -6 -3  4 -7 -5  0 -2  9 -3    0   0   0   0   0   0   0   3   0   1   0   0   0  13   0   0   6   0  74   1  2.33 inf
   24 A    5 -5 -4 -5  1 -4 -4  3 -5 -5 -5 -4 -4 -6 -4  2 -3 -6 -5 -3   60   0   0   0   3   0   0  24   0   0   0   0   0   0   0  12   0   0   0   1  1.19 inf
   25 V   -4 -7 -7 -7 -5 -6 -6 -7 -7 -1 -3 -6 -3 -5 -6 -6 -4 -7 -5  8    0   0   0   0   0   0   0   0   0   0   0   0   0   0   0   0   0   0   0 100  2.41 inf
   26 R   -1  5 -3 -4 -3  1 -2 -4  0 -2  0  4 -1 -5 -4 -2 -1 -5 -4 -2    4  34   0   0   0   5   1   0   2   2   9  33   2   0   0   2   3   0   0   2  0.78 inf
   27 T   -3 -5 -4 -5 -5 -4 -4 -5 -5 -5 -5 -4 -5 -6 -5  3  7 -6 -5 -4    0   0   0   0   0   0   0   0   0   0   0   0   0   0   0  20  80   0   0   0  2.01 inf
   28 T   -4 -5 -4 -5 -5 -5 -5 -6 -6 -5 -5 -5 -5 -6 -5 -1  8 -7 -6 -4    0   0   0   0   0   0   0   0   0   0   0   0   0   0   0   3  97   0   0   0  2.50 inf
   29 G   -2 -2 -3 -5 -3 -5 -5  7 -5 -7 -7  0 -6 -7 -6 -4 -5 -6 -7 -7    1   2   1   0   1   0   0  88   0   0   0   7   0   0   0   0   0   0   0   0  2.09 inf
   30 I   -4 -4 -6 -7 -4 -6 -6 -7 -7  7 -2 -6 -1 -3 -6 -5 -4 -6 -5  5    0   1   0   0   0   0   0   0   0  57   0   0   1   1   0   0   0   0   0  40  1.68 inf
   31 F   -6 -6 -6 -7  0 -6 -6 -7 -3 -5 -5 -6 -5  5 -7 -6 -6 -2  9 -5    0   0   0   0   2   0   0   0   0   0   0   0   0  25   0   0   0   0  74   0  2.72 inf
   32 R   -5  8 -4 -5  5 -2 -4 -6  2 -7 -6  1 -5 -6 -6 -4 -5 -6 -5 -6    0  78   0   0  10   0   0   0   5   0   0   6   0   0   0   0   0   0   0   0  2.14 inf
   33 P   -4 -7 -6 -6 -4 -6 -5 -7 -7 -7 -7 -5 -7 -8  9 -5 -5 -8 -7 -7    1   0   0   0   1   0   0   0   0   0   0   0   0   0  99   0   0   0   0   0  3.34 inf
   34 S   -2 -3 -2 -3 -1 -3 -4  0 -3 -2 -6 -4 -5 -6 -4  7  0 -6 -5 -4    1   1   1   1   1   1   0   6   0   2   0   0   0   0   0  81   4   0   0   1  1.54 inf
   35 C   -2 -7 -4 -7 11 -6 -7 -4 -7 -6 -6 -7 -6 -7 -7  2 -5 -7 -7 -5    4   0   1   0  81   0   0   1   0   0   0   0   0   0   0  13   0   0   0   0  3.19 inf
   36 R    2  1 -4 -4 -3 -3 -3  0 -3 -4 -3  3 -4 -5  6  0 -1 -6 -5 -4   19   8   0   0   0   0   0   6   1   0   2  19   0   0  36   6   3   0   0   1  0.88 inf
   37 A    5 -4 -3 -4 -4 -4 -4 -2 -4 -5 -5 -3 -4 -6 -4  5  0 -6 -5 -4   43   0   0   0   0   0   0   2   0   0   0   1   0   0   0  50   4   0   0   0  1.29 inf
   38 R   -5  8 -4 -6 -8 -3 -4 -6 -4 -7 -6  0 -5 -7 -6 -5 -5 -7 -6 -7    0  96   0   0   0   0   0   0   0   0   0   4   0   0   0   0   0   0   0   0  2.72 inf
   39 H   -1  3 -3 -4 -4  1 -2 -4  4 -1  3  0  0 -3  2 -3  0 -4 -3 -1    4  21   0   0   0   6   1   1  11   3  29   3   2   0  10   0   7   0   0   3  0.42 inf
   40 A    3 -6 -6 -5 -4 -5 -5 -4 -6 -6 -6 -5 -6 -7  8 -4 -4 -7 -6 -5   28   0   0   0   0   0   0   1   0   0   0   0   0   0  70   0   0   0   0   0  2.27 inf
   41 L   -2  5  3 -4 -6 -1 -2 -3  0 -4  0  4 -4 -5 -4 -3 -3 -6 -4 -5    3  38  13   0   0   1   1   1   2   1  10  30   0   0   0   1   0   0   0   0  0.97 inf
   42 R   -3  7 -4 -5 -7 -2 -3 -6 -4 -3 -6  1 -5 -4  5 -4 -4 -3 -5 -5    2  62   0   0   0   1   0   0   0   2   0   7   0   1  25   0   0   0   0   0  1.71 inf
   43 E    0 -2  0  1 -4  1  6 -2 -2 -5 -5  1 -3 -6 -4 -1 -3 -6 -5 -5    9   1   4   6   0   4  59   3   1   0   0   8   1   0   0   4   1   0   0   0  1.04 inf
   44 N   -6 -2  9 -3 -7  0 -4 -4  2 -7 -7 -4 -6 -7 -6 -3 -4 -8 -6 -7    0   2  90   0   0   3   0   0   4   0   0   0   0   0   0   0   0   0   0   0  2.59 inf
   45 V   -3 -6 -6 -7 -4 -6 -6 -7 -7  2 -2 -6  1 -4 -6 -5 -2 -6 -5  7    0   0   0   0   0   0   0   0   0  10   1   0   3   0   0   0   2   0   0  84  1.84 inf
   46 S    0  4 -2 -1  1  1  3 -2 -2 -1 -2 -1 -2 -4 -3  1  0 -5 -4  1    8  27   0   3   3   5  19   3   0   2   4   0   1   0   0   9   5   0   0  11  0.34 inf
   47 F   -6 -5 -7 -7 -6 -7 -7 -7 -5  1 -1 -7 -3  9 -7 -6 -5 -3  1 -2    0   1   0   0   0   0   0   0   0   9   4   0   0  81   0   0   0   0   2   2  2.33 inf
   48 Y   -6 -6 -6 -7 -3 -5 -6 -7  5 -4 -2 -6 -4  8 -7 -6 -5 -3  5 -4    0   0   0   0   1   0   0   0  15   0   3   0   0  61   0   0   0   0  19   0  2.08 inf
   49 A    3 -1 -1  4 -3  1  1 -2 -1 -4 -3 -2 -3 -4  1 -1  0 -5 -4 -2   28   4   2  30   0   5   6   1   1   0   2   1   0   0   8   3   6   0   0   2  0.51 inf
   50 N   -2 -2  3  4 -3 -2 -2 -2  0 -4 -4 -3 -4 -5 -4  3  4 -6 -4 -3    1   1  13  21   0   1   1   2   2   0   1   0   0   0   0  21  33   0   0   0  0.78 inf
   51 A    4 -1 -2 -3  2 -3 -2  1 -4 -2 -2 -3 -2 -4  4 -1 -1 -1 -4 -1   40   3   2   0   5   0   3   9   0   2   3   1   1   1  22   3   4   1   0   3  0.60 inf
   52 S    3 -1 -3  1 -4  2  3 -2  1 -4 -3  0 -3 -5 -2  0 -1 -5 -3 -2   34   2   0   9   0  11  23   1   3   0   1   4   0   0   1   7   2   0   0   2  0.54 inf
   53 E    3 -3 -2  1 -4  5  3 -3  0 -3 -3 -2 -3 -5 -4 -1 -2 -5 -4 -3   30   0   1   7   0  26  24   1   2   1   2   1   0   0   0   4   2   0   0   1  0.73 inf
   54 A    7 -5 -5 -6 -4 -5 -5 -4 -6 -5 -5 -5 -5 -6 -5 -3 -4 -7 -6 -3   99   0   0   0   0   0   0   0   0   0   0   0   0   0   0   0   0   0   0   1  2.18 inf
   55 L   -2  3 -3 -2 -4  2  6 -5 -3 -1  1 -1 -2 -5 -4 -3 -4 -5 -5 -2    3  16   0   0   0   8  51   0   0   3  13   1   0   0   0   0   0   0   0   2  0.92 inf
   56 A    5  1 -2 -2 -4  2  0 -2 -1 -3 -3  0 -3 -5 -4  0 -1 -5 -3 -3   55   8   1   2   0   8   7   1   1   1   2   4   0   0   0   7   3   0   0   1  0.68 inf
   57 A    6 -4 -2 -2 -4  0  1 -3 -3 -5 -5 -3 -4 -5 -4 -1 -1 -6 -5 -3   77   0   2   1   0   4   9   0   0   0   0   1   0   0   0   1   2   0   0   1  1.31 inf
   58 G   -3 -3  0 -4 -6 -3 -4  7  0 -7 -7 -4 -6 -7 -6 -3 -4 -6 -6 -7    0   1   3   0   0   1   1  89   3   0   0   1   0   0   0   0   0   0   0   0  2.13 inf
   59 F   -6 -6 -7 -7 -3 -6 -7 -7 -4 -4 -1 -6 -4  8 -7 -6 -6 -2  7 -5    0   0   0   0   1   0   0   0   0   0   5   0   0  64   0   0   0   0  31   0  2.32 inf
   60 R   -6  9 -5 -6 -2 -3 -4 -7 -4 -6 -6 -2 -5 -7 -6 -5 -5 -7 -6 -5    0  98   0   0   1   0   0   0   0   0   0   0   0   0   0   0   0   0   0   1  2.78 inf
   61 P    3 -6 -6 -4 -3 -5 -4 -5 -6 -6 -6 -5 -6 -7  8 -3 -4 -7 -5 -5   26   0   0   0   0   0   1   0   0   0   0   0   0   0  71   1   0   0   0   0  2.22 inf
   62 C   -4 -7 -3 -7 11 -6 -7 -3 -7 -6 -6 -7 -6 -7 -7  2 -5 -7 -7 -5    0   0   1   0  81   0   0   3   0   0   0   0   0   0   0  15   0   0   0   0  3.23 inf
   63 K   -4  4 -4 -4 -6  1 -2 -4 -2 -5  0  6 -1 -6 -5 -4 -4 -6 -5 -5    0  21   0   0   0   4   0   1   1   0  10  62   2   0   0   0   0   0   0   0  1.38 inf
   64 R   -5  8 -4 -6 -7 -3 -4 -6 -1 -5 -6 -1 -5 -7 -6 -4 -5 -7 -6 -6    0  96   0   0   0   0   0   0   1   1   0   1   0   0   0   0   0   0   0   0  2.68 inf
   65 C    0 -6 -4 -7 11 -6 -5 -6 -3 -3 -4 -6 -5 -3 -5 -2 -4 -6 -4 -5    8   0   1   0  81   0   1   0   1   1   1   0   0   1   0   2   1   0   0   0  3.01 inf
   66 Q    0  4  0 -2 -2  3 -1 -2  0 -3 -2  4 -1 -5 -4  0 -1 -3 -4 -3    7  27   5   1   1  15   2   2   2   1   4  24   1   0   0   5   3   0   0   0  0.55 inf
   67 P   -2 -2 -2 -5 -5 -2 -4 -1 -5 -6 -6 -2 -6 -7  8 -2 -3 -7 -6 -6    3   2   2   0   0   2   1   6   0   0   0   2   0   0  79   2   1   0   0   0  2.24 inf
   68 D   -1 -1  2  6 -3  1  2 -1  0 -5 -4 -1 -4 -5 -3 -2  1 -5 -4 -4    4   3   7  43   1   7  11   5   2   0   1   3   0   0   0   1  10   0   0   0  0.74 inf
   69 K    0  1 -1  0 -3  3  1  3 -2 -3 -2  0 -1 -3 -3 -1  0 -4 -3 -2    6   7   2   6   0  19  10  27   0   1   4   5   2   1   1   1   6   0   1   2  0.36 inf
   70 A    1  0 -2 -1 -2  1  0 -2 -1  0  0 -1 -1 -3  3  1  1 -4 -3  0   12   4   1   3   1   8   7   2   2   4  10   1   1   0  17  11   9   0   0   9  0.20 inf
   71 N    1  2  0  0 -3  1 -1  1  0 -2 -2 -1 -1 -4  2  3  0 -3 -3 -3   14  11   3   5   0   6   2   9   2   2   3   1   2   0   9  24   6   0   0   0  0.26 inf
   72 P    1  2 -3 -3 -4  0 -2 -4 -3 -2  2 -2 -1 -3  5 -1 -1 -4 -4  0   13  11   1   1   0   4   1   0   0   1  21   0   1   1  30   4   3   0   0   8  0.54 inf
   73 R    2  1  0  3 -3  2  1 -2  0 -3 -3 -1 -2 -4  1  0  0 -3 -3 -2   21   8   3  19   0  11   9   2   3   1   2   2   1   0   8   4   4   0   0   2  0.29 inf
   74 Q    2  1  0  2 -4  3  3 -2  1 -3 -2 -1 -3 -4 -2  0 -1 -3 -3 -3   21   7   4  10   0  14  24   1   4   1   3   1   0   0   1   4   3   0   0   1  0.41 inf
   75 H    0  3 -2  0 -4  4  3 -2  1 -3 -2  0 -2 -2  1 -1 -1  0 -2 -3    7  17   1   5   0  21  17   3   4   2   3   3   0   2   7   3   2   1   0   1  0.38 inf
   76 R    1  2  0 -2 -4  3  0 -3  5 -4 -2  0 -2 -3 -2 -2 -2  6  1 -3   15  12   4   1   0  14   5   1  18   0   4   4   1   0   1   1   1  11   5   1  0.56 inf
   77 L    4 -2 -3 -1 -2  0 -2 -3 -3  1  1 -2 -1 -2 -3 -1 -1  1 -2  3   37   1   0   4   0   4   1   0   0   6  11   2   0   1   1   2   3   2   1  22  0.37 inf
   78 D    4 -1 -2  1 -4  2  3 -2 -2 -1 -3 -2 -2 -4 -3 -1 -1 -5 -3 -1   41   3   1   8   0   8  20   2   1   3   2   1   1   0   0   3   3   0   0   3  0.49 inf
   79 K    1  1 -2 -3 -2  2 -1 -3 -1  0  2  2  1 -2 -3 -2 -1  1 -3  0   12   8   0   1   1  12   2   1   1   5  24  18   3   1   0   1   4   2   0   4  0.23 inf
   80 I    0 -3 -5 -4 -4 -3 -4 -6 -3  5 -2 -5 -1 -4 -5 -3 -3 -6 -4  5    9   2   0   1   0   1   1   0   1  36   0   0   1   0   0   1   1   0   0  47  1.13 inf
   81 T    4  0 -2 -2 -1  0  1 -2 -3  1 -1 -1 -2 -4 -3  0  2 -5 -4  0   40   4   1   1   1   3   8   1   0   8   4   2   0   0   0   4  15   0   0   7  0.39 inf
   82 H    2  4 -1  1 -3  3  2 -3  1 -3 -3  1 -2 -5 -3 -1 -1 -5 -4 -3   24  23   3   6   0  13  11   1   3   1   2   8   0   0   0   1   3   0   0   1  0.45 inf
   83 A    5 -4 -4 -4 -1 -3 -3 -3 -4  0  0 -3 -2 -1 -4 -2 -1 -4  3  0   63   0   0   0   1   1   0   0   0   5   8   1   0   3   0   0   2   0   9   6  0.88 inf
   84 C   -2 -5 -6 -7 10 -5 -7 -5 -6  3 -2 -6 -3 -1 -6 -5 -4 -2 -3 -1    2   1   0   0  69   1   0   1   0  15   3   0   0   2   0   0   0   1   1   4  2.46 inf
   85 R    0  7 -2  1 -6  0  0 -5 -1 -1 -3  0 -2 -4 -5 -3 -3 -6 -4 -4    8  61   1   8   0   4   5   0   1   4   2   3   1   1   0   0   0   0   0   1  1.15 inf
   86 L    0  0 -2 -2 -2  0 -1 -3  1  1  3 -1  1  0 -3 -1  0 -1  2  0    7   6   1   2   0   4   4   1   4   7  31   3   4   3   0   5   5   1   9   4  0.15 inf
   87 L   -2 -2  0 -4 -4 -2 -2 -4  2  6  2 -3  1 -3 -4 -3 -2 -3 -3  0    3   2   5   1   0   2   3   1   6  53  18   1   3   0   0   1   1   0   0   1  0.78 inf
   88 E    0 -2 -2  2 -3  0  6 -5  3 -5 -5 -2 -5 -2 -3 -2 -3 -5  2 -5    8   2   1   9   1   2  59   0   6   0   0   0   0   2   1   1   1   0   7   0  1.11 inf
   89 Q    4 -2 -3 -2 -4  4  0 -2  0 -4 -4 -2 -2 -3 -2  1 -1 -4  2 -3   44   2   0   2   0  19   5   2   2   0   0   0   1   0   1  10   4   0   7   0  0.64 inf
   90 E    1 -2 -1  3 -3  1  6 -2 -1 -6 -6 -1 -5 -6 -2 -1 -3 -6 -5 -5   10   1   2  19   0   4  51   2   2   0   0   3   0   0   1   4   0   0   0   0  0.99 inf
   91 T    0 -1 -1  2 -2  2  3 -1 -1 -3 -4  0 -2 -4 -1  1  3 -2 -3 -2    8   2   1  10   1   9  21   4   1   1   0   5   1   0   2   7  23   1   0   2  0.36 inf
   92 P    1  1 -2 -2 -4 -1  0 -3 -3 -2 -1 -1  1 -3  6  0  0 -4 -4 -1   11   8   2   2   0   2   6   1   0   1   6   3   5   1  37   6   5   0   0   3  0.63 inf
   93 V   -3 -5 -5 -5 -5 -3 -5 -6 -5 -1  3 -5  0 -2  7 -4 -2 -6 -5  0    1   0   0   0   0   1   0   0   0   3  32   0   2   2  51   0   2   0   0   6  1.41 inf
   94 T    0  0  1 -1 -4 -2 -3 -2 -3 -4 -4 -1 -3 -5  0  4  5 -6 -5 -3    5   4   5   2   0   1   0   2   0   0   0   4   0   0   4  29  43   0   0   0  0.82 inf
   95 L   -5 -6 -7 -7 -5 -6 -7 -7 -6 -2  7 -6 -1 -2 -7 -6 -4 -5 -5 -2    0   0   0   0   0   0   0   0   0   0  97   0   0   1   0   0   1   0   0   1  1.97 inf
   96 E    2 -1  0  4 -4  1  3 -2  0 -4 -4 -1 -4 -5 -2  0 -1 -5 -4 -4   21   2   4  24   0   5  24   2   2   0   0   2   0   0   1   7   3   0   0   0  0.58 inf
   97 A    2 -1 -2  2 -4  3  4 -3 -1 -1 -3 -1  0 -4 -3 -1  0 -5 -4  0   17   3   1  10   0  16  29   0   1   3   1   2   2   0   0   3   5   0   0   7  0.47 inf
   98 L   -5 -6 -7 -7 -5 -5 -6 -7 -6  2  6 -6  2 -2 -6 -6 -4 -5 -4 -1    0   0   0   0   0   0   0   0   0   8  86   0   4   0   0   0   0   0   0   2  1.67 inf
   99 A    7 -5 -5 -5 -2 -4 -4 -1 -5 -5 -5 -4 -5 -6 -4  1 -3 -6 -5 -3   88   0   0   0   1   0   0   4   0   0   0   0   0   0   0   7   0   0   0   0  1.79 inf
  100 D    3  2  0  2 -4  2  3 -1 -2 -4 -3  0 -2 -5 -3 -1  0 -5 -4 -3   27  10   3  14   0  11  19   3   0   0   1   3   1   0   0   3   5   0   0   1  0.45 inf
  101 Q    2  2 -1 -2 -3  3  1 -3  3  0 -2  0  1 -2 -3 -1 -1 -4  0 -1   21  13   1   1   0  16   9   1   9   5   3   3   5   1   0   4   2   0   3   3  0.28 inf
  102 V    3 -4 -4 -5  4 -3 -4 -4 -5  1  0 -4 -2 -2 -3  0  0 -5 -4  4   31   0   0   0  10   1   0   0   0   6   6   0   0   1   1   5   5   0   0  34  0.66 inf
  103 A    0 -4  0 -3 -4 -2 -2  6  5 -6 -6 -3 -5 -6 -5 -2 -4 -6 -4 -6    8   0   4   1   0   1   2  63  17   0   0   1   0   0   0   2   0   0   0   0  1.43 inf
  104 M   -2 -2 -5 -5 -2 -4 -5  1 -4  1  4 -3  5 -2 -5 -4 -2 -2  2  1    1   2   0   0   0   0   0  12   0   5  38   1  19   0   0   0   2   0   9   9  0.64 inf
  105 S    0 -5 -2 -4 -5 -4 -4 -3 -5 -6 -6 -4 -5 -6 -5  7  0 -7 -5 -5    6   0   1   0   0   0   0   1   0   0   0   0   0   0   0  87   5   0   0   0  1.86 inf
  106 P    1  1 -5 -5 -6 -3 -4 -3 -5 -5 -5  0 -5 -7  8 -1 -1 -7 -6 -3   10   8   0   0   0   1   0   1   0   0   1   5   0   0  65   5   3   0   0   1  1.73 inf
  107 F   -2 -5 -4 -4 -5 -4 -5 -2  3 -4 -4 -5 -4  6 -4  1  0  3  6 -4    4   0   0   1   0   0   0   3   8   0   0   0   0  39   1  11   5   3  26   0  1.22 inf
  108 H   -4 -3 -4 -6 -7 -4 -5 -7 11 -7 -7 -5 -6 -5 -7 -5 -6 -6  3 -7    1   1   0   0   0   0   0   0  88   0   0   0   0   0   0   0   0   0  10   0  3.41 inf
  109 L   -5 -6 -7 -7 -5 -6 -7 -7 -5 -2  4 -6 -1  8 -7 -6 -5 -3 -1 -2    0   0   0   0   0   0   0   0   0   1  36   0   1  60   0   0   0   0   0   2  1.84 inf
  110 H   -2 -3 -3 -5 -7  5 -2 -6 10 -7 -3 -4 -5 -6 -6 -3 -5 -6 -3 -5    3   0   1   0   0  24   2   0  66   0   2   0   0   0   0   1   0   0   0   1  2.41 inf
  111 R   -6  9 -4 -6 -8 -3 -4 -6 -1 -7 -6 -1 -5 -7 -6 -4 -5 -7 -6 -7    0  97   0   0   0   0   0   0   1   0   0   1   0   0   0   1   0   0   0   0  2.76 inf
  112 L   -1 -3 -4 -5 -3 -2 -3 -4 -5  2  3 -4  1 -3 -4 -3  2 -4 -3  3    4   1   0   0   0   1   1   1   0  11  34   0   2   0   0   0  16   0   0  27  0.61 inf
  113 F   -6 -7 -7 -8 -7 -7 -7 -7 -5 -4 -4 -7 -4  9 -8 -7 -6 -3  0 -5    0   0   0   0   0   0   0   0   0   0   0   0   0  99   0   0   0   0   1   0  3.19 inf
  114 K   -4  1 -4 -4 -7 -1 -3 -5 -4 -6 -6  8 -5 -7 -5 -3 -1 -7 -6 -6    0   4   0   0   0   1   0   0   0   0   0  90   0   0   0   1   3   0   0   0  2.15 inf
  115 A    4  5 -3 -3 -4  2 -2 -3 -3 -5 -3  1 -4 -5 -4  1 -1 -5 -4 -3   38  30   0   0   0   9   1   0   0   0   1   8   0   0   0   8   3   0   0   0  0.78 inf
  116 T    1  0 -3 -3 -1  1  1 -4  0  3  0 -2  1 -1 -3 -2  0 -4 -1  3   14   5   0   0   1   6  10   0   3  21   4   1   4   1   0   1   4   0   2  21  0.24 inf
  117 T   -2 -3 -4 -5 -4 -4 -4 -5 -5 -2 -2  0  3 -5 -5 -2  7 -6 -5  1    2   1   0   0   0   0   0   0   0   1   3   7   8   0   0   0  67   0   0  12  1.30 inf
  118 G   -3 -5 -4 -4 -6 -5 -5  7 -3 -8 -7 -5 -6 -7 -6 -3 -5 -6 -7 -7    1   0   0   0   0   0   0  96   1   0   0   0   0   0   0   1   0   0   0   0  2.41 inf
  119 M   -3 -4 -5 -6 -4 -2 -3 -6 -5  2  4 -5  5 -3 -5 -4 -3 -5 -4  4    0   0   0   0   0   1   2   0   0   9  46   0  13   0   0   0   1   0   0  26  0.95 inf
  120 T   -3 -5 -4 -5 -5 -4 -4 -5 -5 -5 -5 -4 -5 -6 -5  2  8 -6 -5 -4    0   0   0   0   0   0   0   0   0   0   0   0   0   0   0  16  84   0   0   0  2.06 inf
  121 P   -4 -6 -6 -6 -7 -6 -5 -6 -6 -7 -6 -5 -7 -8  9 -5 -5 -8 -7 -7    0   0   0   0   0   0   0   0   0   0   1   0   0   0  99   0   0   0   0   0  3.34 inf
  122 K    1  3 -2 -4 -5 -1 -2 -1  0 -1 -3  5  1 -2 -4 -2 -2 -5 -4 -1   11  18   1   0   0   0   0   5   3   3   2  46   3   2   0   1   2   0   0   5  0.70 inf
  123 A    5 -2 -3 -1 -4  3  3  1 -3 -5 -4 -2 -4 -5 -4 -1 -2 -5 -5 -3   50   1   0   3   0  13  19   8   0   0   0   1   0   0   0   1   1   0   0   1  0.81 inf
  124 W   -6 -6 -6 -7 -6 -6 -6 -7 -1 -5 -4 -6 -5  1 -7 -6 -6  6  9 -5    0   0   0   0   0   0   0   0   1   0   1   0   0   4   0   0   0  10  84   0  2.93 inf
  125 Q    5 -3 -4 -4 -3  2 -3 -1 -2  2  0 -3 -2 -2 -4  0 -2 -2 -3  0   52   1   0   0   0   9   0   3   1  12   9   0   0   1   0   4   1   0   0   5  0.61 inf
  126 Q    1  3  0  1 -4  4  1 -3 -2 -3 -2  0 -1 -4 -3  1  0 -4 -3 -1   15  15   3   8   0  22   6   0   0   1   3   5   1   0   0  11   6   0   0   4  0.36 inf
  127 A    6 -1 -2 -2 -4  1 -2 -1 -1 -4 -4 -1 -2 -5 -4  0 -2 -5 -4 -3   66   4   1   2   0   8   2   4   2   1   1   3   1   0   0   4   1   0   0   1  0.92 inf
  128 W   -2  1 -1 -3  1  1 -1 -4  6  0  1  0 -1  1 -4 -2  0  2  1 -1    3   9   1   0   3   8   4   0  22   5  17   4   1   6   0   1   5   4   3   4  0.33 inf
  129 R   -5  8 -4 -5 -7 -1 -4 -6 -2 -7 -5  0 -2 -7 -6 -5 -5 -7 -6 -6    0  95   0   0   0   1   0   0   1   0   0   2   1   0   0   0   0   0   0   0  2.56 inf
  130 A    5 -1 -2 -3 -3  0 -1 -1  1 -1 -1 -1 -1 -4 -3  2 -1 -4 -3 -1   53   2   1   1   0   3   4   2   3   4   5   3   1   0   0  14   2   0   0   3  0.52 inf
  131 R   -4  7 -3 -4 -6  5 -2 -5 -3 -6 -5  3 -4 -6 -4 -3 -4 -5 -4 -5    0  58   0   0   0  27   0   0   0   0   0  15   0   0   0   0   0   0   0   0  1.52 inf

                      K         Lambda
Standard Ungapped    0.1316     0.3238
Standard Gapped      0.0635     0.2670
PSI Ungapped         0.2072     0.3129
PSI Gapped           0.0635     0.2670
