
Last position-specific scoring matrix computed, weighted observed percentages rounded down, information per position, and relative weight of gapless real matches to pseudocounts
           A  R  N  D  C  Q  E  G  H  I  L  K  M  F  P  S  T  W  Y  V   A   R   N   D   C   Q   E   G   H   I   L   K   M   F   P   S   T   W   Y   V
    1 E   -2  4 -1 -1 -5  1  3 -3 -2 -4 -4  5 -3 -4 -3 -2 -2 -4 -3 -4    0  28   0   2   0   3  25   0   0   0   0  42   0   0   0   0   0   0   0   0  0.81 inf
    2 S   -1 -2  2  4 -3 -1  2 -2 -2 -4 -4 -1 -3 -4 -1  3  2 -5 -3 -3    0   0  11  31   0   0  11   0   0   0   0   0   0   0   2  32  12   0   0   0  0.62 inf
    3 K    1  3 -3 -3 -4 -2 -2 -2 -3 -3 -1  2 -3 -4  6 -1 -2 -4 -4 -2   16  23   0   0   0   0   0   1   0   0   7  12   0   0  40   2   0   0   0   1  0.85 inf
    4 R   -4  8 -3 -4 -6 -1 -3 -5 -3 -6 -5  0 -4 -5 -5 -3 -4 -5 -4 -5    0 100   0   0   0   0   0   0   0   0   0   0   0   0   0   0   0   0   0   0  2.21 inf
    5 N   -2 -1  4  3  0 -1  0 -2  2 -4 -3  1 -3 -2 -3  1 -2 -3  3 -4    0   1  28  21   3   1   5   0   4   0   2  12   0   0   0  11   0   0  12   0  0.49 inf
    6 K   -1 -1 -1  2 -3  0  3 -3 -2  1  0  1  2 -3 -2  1  1 -4 -3 -1    1   0   2  12   0   2  22   0   0  10   8  10   9   0   1  13   8   0   0   2  0.21 inf
    7 P    0 -4 -4 -4 -5 -4 -3 -4 -5 -5 -5 -3 -5 -6  8 -1 -3 -6 -5 -5    8   0   0   0   0   0   0   0   0   0   0   0   0   0  87   5   0   0   0   0  2.42 inf
    8 G   -2 -5 -3 -4 -5 -4 -5  7 -5 -6 -6 -4 -5 -6 -5 -3 -4 -5 -6 -6    0   0   0   0   0   0   0 100   0   0   0   0   0   0   0   0   0   0   0   0  2.18 inf
    9 K   -1 -2 -3 -4 -3 -2 -2 -3 -4  2 -1  0 -1 -3 -4 -2  3 -4 -3  5    1   1   0   0   0   1   2   2   0   9   0   7   0   0   0   0  26   0   0  51  0.64 inf
   10 A    4 -4 -4 -4 -2 -3 -3 -3 -4  0 -2 -3 -2 -3 -3  0  0 -5 -3  4   45   0   0   0   0   0   0   0   0   2   0   0   0   0   0   4   4   0   0  44  0.77 inf
   11 T   -2 -3 -1 -3 -3 -3 -3 -3 -3 -3 -3 -3  0 -1 -3  4  6 -5 -3 -3    0   0   1   0   0   0   0   0   0   1   1   0   2   3   0  34  58   0   0   0  1.05 inf
   12 G   -2 -4 -2 -3 -4 -1 -2  6 -4 -5 -5 -3 -4 -5 -4  1 -3 -4 -5 -5    0   0   0   0   0   4   2  80   0   0   0   0   0   0   0  12   0   0   0   0  1.49 inf
   13 K   -1  0  3 -1 -3  1 -1  0  2 -2 -3  2 -2 -2 -3  2  0 -3  2 -1    2   4  15   0   0   6   2   6   5   1   0  19   0   1   0  16   6   0   9   7  0.23 inf
   14 G   -1 -4  1 -3 -4 -3 -1  6  0 -3 -5 -2 -4 -2 -4 -2 -1 -4 -4 -4    3   0   6   0   0   0   5  75   2   2   0   2   0   2   0   0   3   0   0   0  1.23 inf
   15 K   -1  1  0 -1 -4  4  4 -3 -2 -2 -3  2 -2 -4 -2  0 -1 -4 -3 -1    5   5   3   0   0  26  28   0   0   3   0  17   0   0   1   5   3   0   0   5  0.53 inf
   16 P    0  0  0  2 -3  1  0 -2 -2 -1 -1  0 -2 -2  3  1  0  2 -2  0    8   4   2  16   0   6   3   0   0   1   7   7   0   1  16  12   4   4   0  11  0.22 inf
   17 V    0 -3 -3 -2 -2 -3 -3 -2 -4  3  1 -3 -1 -2  0 -1  0 -4 -3  4    5   0   0   2   0   0   1   2   0  18  14   0   0   0   4   5   7   0   0  42  0.41 inf
   18 G    0 -1  1  0 -3  1  0  3 -2 -3 -3 -1 -2 -2 -1  2  2 -4 -3 -2    7   3   9   3   0   6   5  23   0   0   0   1   1   2   2  20  17   0   0   1  0.31 inf
   19 D    1 -3  1  2 -4  0  0  5 -3 -4 -3 -1 -3 -4 -1 -1  0 -4 -4 -3   10   0   7  13   0   3   5  45   0   0   2   3   0   0   2   1   8   0   0   0  0.57 inf
   20 K   -2  1  2  0 -3  1  0 -1  0  2 -1  1 -1 -3 -3  0  1 -4 -2  0    0   6  14   6   0   7   2   3   3  20   5  13   0   0   0   6   8   0   0   7  0.13 inf
   21 W   -5 -4 -5 -6 -5 -1 -5 -5 -5 -4 -1  1 -1  0 -6 -5 -3 12 -1 -2    0   0   0   0   0   3   0   0   0   0   6  10   1   3   0   0   1  72   0   3  2.68 inf
   22 L   -3 -1 -5 -5 -3 -3 -4 -5 -4  0  5 -1  3  0 -5 -3 -3  4 -2 -1    1   3   0   0   0   0   0   0   0   2  72   6   6   3   0   1   0   6   0   0  0.87 inf
   23 D    1  1  0  2 -3  0  1  1 -2 -1 -1  1  0 -3 -1  0 -1 -3 -3 -1   12   7   2  15   0   3   9  15   0   2   7  10   5   0   2   6   1   0   0   4  0.13 inf
   24 D    0 -1  0  1 -3 -1  0  3 -1 -2 -2 -1  3 -2 -3  0  0 -3 -1 -2    9   3   3  11   0   1   8  30   1   0   1   2  17   1   0   4   4   0   3   2  0.27 inf
   25 A    4 -1 -1 -3 -2  0 -2 -1  0 -2 -2 -1 -2 -1  0  1  0 -2  4 -1   44   3   2   0   0   3   1   3   2   1   1   1   0   0   4   8   5   0  20   2  0.39 inf
   26 G    1 -1  3  0 -3 -1 -2  3  1 -3 -3 -1 -3 -2 -2  2  1 -4 -3 -3   10   2  22   2   0   0   0  22   3   0   1   0   0   2   0  23  11   0   0   0  0.39 inf
   27 K    0  1  2  2 -3  1  1  1 -1 -3 -3  1 -2 -3 -2  1  0 -3 -3 -2    8   8  13  12   0   6  12   8   0   1   1  12   1   0   0  12   5   0   0   1  0.23 inf
   28 D    0 -3  1  0 -3  0  0  5 -2 -4 -3 -2 -3 -4 -1  1 -1 -4 -4 -3    8   0   7   4   0   3   8  49   0   0   3   0   0   0   2  12   3   0   0   0  0.58 inf
   29 S    1  0  1  1 -2  1  1 -1  0 -1  0  0 -1 -2 -2  1  0 -3 -2 -1   17   3   9   7   0   8  12   1   2   4  11   6   1   0   0  15   1   0   0   2  0.13 inf
   30 G   -1 -3 -2 -3 -3 -3 -3  5 -3  2 -2 -3 -2 -2 -1 -1 -2 -3  1 -1    1   0   0   0   0   0   0  63   0  18   3   0   0   0   3   2   0   0   7   2  0.76 inf
   31 A    3 -1 -2 -2 -2 -2 -2  3 -3 -1 -1 -2 -2 -3 -2  1  0 -3 -3  1   41   4   0   0   0   0   0  21   0   3   3   0   0   0   0  14   2   0   0  12  0.35 inf
   32 P    1 -2 -3 -3 -3 -1 -2 -1 -3  1 -2 -1 -2 -3  6 -1 -2 -4 -3  0   15   1   0   0   0   3   0   4   0  13   1   2   0   0  51   2   0   0   0   6  0.94 inf
   33 I   -2 -4 -4 -4 -3 -4 -4 -5 -4  6  1 -4  1  0 -4 -3  0 -4 -2  2    0   0   0   0   0   0   0   0   0  69   6   0   2   4   0   0   6   0   0  12  0.84 inf
   34 P   -3 -4 -4 -4 -5 -3 -3 -4 -4 -5 -2 -3 -4 -5  8 -3 -3 -6 -5 -4    0   0   0   0   0   0   0   0   0   0   4   0   0   0  96   0   0   0   0   0  2.62 inf
   35 D    1  1  0  0 -2  3  1 -1 -1 -2 -3  1 -1 -3 -2  2  1 -3 -2 -1   17   6   2   3   0  21  10   2   0   0   0   6   1   0   0  18   9   0   0   5  0.28 inf
   36 R   -2  2  0  0 -4  5  3 -1  2 -4 -3  0 -2  2 -3  0 -2 -3 -2 -3    1  11   2   2   0  34  25   3   5   0   0   2   0  11   0   4   0   0   0   0  0.52 inf
   37 I    0 -4 -4 -5 -2 -4 -4 -5 -5  6  0 -4  0 -2 -4 -3 -2 -4 -3  4    7   0   0   0   0   0   0   0   0  58   2   0   0   0   0   0   0   0   0  32  0.85 inf
   38 A    5  1 -2 -3 -2 -2 -2  0 -2  0 -2  0 -2 -3 -2  0 -1 -3 -3 -1   69  11   0   0   0   0   0   4   0   6   1   4   0   0   0   1   0   0   0   2  0.58 inf
   39 D   -2  0  3  6 -4  0  2 -2 -2 -4 -4 -1 -3 -4 -2  0 -2 -4 -3 -4    1   4  13  57   0   3   9   1   0   0   1   2   0   0   0   6   0   0   0   0  0.84 inf
   40 K   -1  3 -1 -2 -3  3  1 -2 -1 -3 -2  5 -2 -3 -2 -1 -1 -3 -2 -2    4  14   0   0   0  13   5   2   1   0   4  49   0   0   0   2   3   0   0   2  0.52 inf
   41 L   -2 -3 -4 -4 -2 -3 -3 -4 -3  0  5 -3  2  1 -3 -3 -2 -2 -2  0    1   1   0   1   0   0   1   1   0   1  81   1   5   6   1   1   1   0   0   1  0.81 inf
   42 R   -1  6  1 -2 -3  0  0 -2 -1 -2 -2  1 -2 -3 -2  0 -1 -3 -2 -1    3  60   6   1   0   1   4   1   0   3   3   4   0   1   1   5   3   0   1   4  0.64 inf
   43 D   -1 -2  0  1 -3 -2 -2  6 -2 -4 -3 -2 -3 -3 -2  0 -2 -3 -3 -3    1   1   5   8   0   1   1  68   0   1   1   1   0   1   1   6   1   0   1   1  0.90 inf
   44 K   -2  4  1 -2 -3  2  0 -1 -1 -2 -1  2  1 -3 -2 -1 -1 -3 -2 -1    1  39   6   1   0   8   4   5   0   1   5  16   5   1   1   1   1   0   0   5  0.38 inf
   45 E   -1  1  1  0 -3  1  3 -2 -1 -3 -2  2 -2 -3  1  1  0  1 -2 -2    4   7   5   4   0   4  25   1   0   1   4  17   0   1   7  10   5   3   0   1  0.26 inf
   46 F   -1 -2 -2 -2 -2 -1 -2 -2  0  0  2 -2  0  4 -2 -1 -1  1  4  0    2   1   1   1   0   1   2   2   1   1  27   1   1  26   1   2   1   0  26   2  0.25 inf
   47 K    1  2  1 -1 -3 -1 -1  0  0 -3 -3  3 -2 -3 -1  2  1 -3  0 -2   10  10   7   2   0   0   1   7   2   0   1  24   0   0   2  19   7   0   3   2  0.24 inf
   48 S   -1 -1  4  1 -3  0 -1  0  0 -4 -4 -1 -3 -4 -3  4  1 -4 -3 -3    0   3  25   9   0   3   1   5   2   0   0   0   0   0   0  44   6   0   0   0  0.60 inf
   49 F   -4 -5 -5 -5 -4 -5 -5 -5 -3 -2  0 -5  1  8 -5 -4 -4  2  1 -3    0   0   0   0   0   0   0   0   0   0   5   0   4  84   0   0   0   3   0   0  1.85 inf
   50 D   -1  1  0  6 -4 -2  0  0  1 -4 -3  0 -4 -4 -1  0 -2 -5 -4 -4    6   7   2  54   0   0   3   7   4   0   3   5   0   0   2   5   0   0   0   0  0.74 inf
   51 D    2  1  0  2 -3  0  2  0  2 -3 -3  1 -2 -3 -2  1  0 -1 -2 -3   21  10   3  15   0   1  12   5   7   0   0   6   0   0   0  11   5   1   0   0  0.27 inf
   52 F   -4 -5 -5 -5 -4 -1 -5 -5 -3 -2  0 -5  2  8 -5 -3 -4 -2  0 -3    0   0   0   0   0   3   0   0   0   0   8   0   5  81   0   2   0   0   0   0  1.74 inf
   53 R   -3  7 -3 -2 -1  0  0 -4 -3 -5 -4  0 -4 -5 -4 -1 -1 -5 -4 -5    0  81   0   2   2   1   4   0   0   0   0   2   0   0   0   4   4   0   0   0  1.53 inf
   54 K   -1  2 -1  0 -4  1  4 -2 -2 -3 -4  3 -1 -4 -3  1 -1 -4 -3 -2    4   9   1   4   0   5  37   1   0   2   0  23   1   0   0  10   1   0   0   2  0.54 inf
   55 A    5 -1  1 -1 -3 -1  2 -1 -2 -3 -3  0 -1 -4 -3  0  0 -4 -2 -2   57   2   7   2   0   2  14   3   0   0   0   3   1   0   0   3   4   0   1   1  0.53 inf
   56 V   -4 -5 -5 -5 -4 -5 -5 -5 -3  1  1 -5 -1  7 -5 -4 -2 -1  2  0    0   0   0   0   0   0   0   0   0  10  14   0   0  65   0   0   2   0   4   5  1.25 inf
   57 W   -6 -6 -7 -8 -6 -5 -6 -6 -6 -6 -5 -6 -5 -2 -7 -6 -6 13 -1 -6    0   0   0   0   0   0   0   0   0   0   0   0   0   0   0   0   0 100   0   0  4.52 inf
   58 E   -1  3 -2 -1 -4  0  1 -3 -2 -1  0  4  1 -3 -3 -2  0 -4 -1 -1    4  15   0   2   0   2   7   0   0   3  12  42   5   0   0   0   4   0   2   3  0.44 inf
   59 E    4 -2 -1 -1  0 -1  4 -2 -3 -3 -2 -2 -3 -4 -3  0  2 -4 -3 -1   39   0   2   2   2   0  33   0   0   0   3   0   0   0   0   4  12   0   0   3  0.55 inf
   60 V   -1 -4 -5 -4 -3 -4 -1 -5 -5  3  1 -4  2 -3 -4 -3 -2 -5 -3  5    5   0   0   0   0   0   5   0   0  15   7   0   5   0   0   0   0   0   0  63  0.86 inf
   61 S    4 -1 -2 -3 -3 -2 -1  2 -3 -2 -4 -2 -3 -4 -1  4  0 -4 -4 -2   36   3   0   0   0   0   2  13   0   2   0   0   0   0   2  38   2   0   0   2  0.60 inf
   62 K    1  0  3  1 -3  1  2 -1  1 -3 -2  2  0 -3 -2  0  0 -4 -3 -3   15   3  18   7   0   5  12   3   4   0   3  17   3   0   0   4   4   0   0   0  0.28 inf
   63 D   -1 -3 -1  6  1 -2  1 -2  0 -4 -4 -2 -4 -1 -3  1 -1 -4  0 -4    4   0   0  58   3   0   5   3   3   0   1   0   0   3   0  11   3   0   4   0  0.95 inf
   64 P    0 -3 -2 -2 -3  1  2 -1 -3  0 -1 -2 -3 -4  4  2  1 -5 -4  0    6   0   0   0   0   6  13   5   0   5   5   0   0   0  23  20  10   0   0   6  0.44 inf
   65 E    1  0  0  0 -3  0  3  0  1 -1 -1  0  1 -3 -2  1  0 -3 -2  0   12   4   3   4   0   4  22   6   4   4   6   4   4   0   0  10   6   0   0   6  0.14 inf
   66 L   -1  0 -4 -4 -3 -3 -3 -4 -3  1  4 -3  0  1  0 -3 -2 -2  2  0    5   7   0   0   0   0   0   0   0   7  54   0   0   5   5   0   0   0   9   6  0.45 inf
   67 S    2  0  1 -2 -2 -1 -2  0 -2  0  0  0  2  0 -2  1  0 -3 -2  0   22   7   8   0   0   0   0   5   0   8   8   5   7   4   0  15   5   0   0   6  0.11 inf
   68 K    0  1  1  1 -2  1  1  0  2 -2 -2  1  1 -3 -2  0  0 -3 -2  0    8   8   7   8   0   7   8   8   7   0   1   8   7   0   0   8   8   0   0   8  0.13 inf
   69 N   -4 -1  0 -2 -5  7  2 -3  4 -5 -5 -2 -3 -5  1 -3 -2  2 -1 -5    0   2   3   2   0  58   9   2  10   0   0   0   0   0   6   0   3   3   2   0  1.25 inf
   70 L   -5 -6 -6 -7 -5 -6 -6 -6 -4  1  1 -6 -3  8 -7 -6 -5  4  3 -3    0   0   0   0   0   0   0   0   0   6  10   0   0  73   0   0   0   5   7   0  1.99 inf
   71 N   -1 -1  2  0  0 -2 -2  1  0  1 -2  1  1 -3 -3  2  2 -4 -1 -1    2   3  11   6   2   0   0  10   2  12   3   9   5   0   0  19  12   0   2   3  0.18 inf
   72 P   -1  1  0 -1 -4  0  1 -2  1 -2 -2  2 -3 -2  4  0 -1 -5 -3 -1    4   6   3   2   0   4  10   3   3   3   3  16   0   2  25   8   4   0   0   4  0.41 inf
   73 S    2  0  0  0 -2  0  0  0  0  0  0 -1  1  0  0  1  0 -3 -2  0   19   4   5   5   0   6   4   6   3   4  12   0   5   4   3  12   5   0   0   5  0.07 inf
   74 N   -1  2  2  2 -3  2  0  1 -1  0 -2  0 -1 -3 -2  1 -1 -3 -2 -1    0  14  14  14   0  14   0  14   0  14   0   0   0   0   0  14   0   0   0   0  0.20 inf
   75 K   -1  1 -1 -3 -4  3  1 -4 -3  2  2  2  0 -1 -4 -2 -1 -4 -3 -1    3   9   3   0   0  19   7   0   0  12  25  12   2   3   0   0   2   0   0   3  0.30 inf
   76 S    0  1  1  0 -3  0  0 -1  0 -1 -2  2  1 -1 -3  1  1 -3  0 -1    9   8   9   4   0   4   5   4   2   3   2  17   6   3   0   9   8   0   3   4  0.13 inf
   77 S   -1  4  1  0 -4  0  1  0  0 -1  0  0  0  1 -4 -1 -1 -4 -3 -2    4  28   7   5   0   2   8   9   2   4  11   3   2   6   0   3   3   0   0   2  0.23 inf
   78 V   -1 -1 -2 -3 -2 -1 -2 -3 -2  2  2  1  3 -1 -3 -2 -1 -3 -2  2    0   0   0   0   0   0   0   0   0  20  20  20  20   0   0   0   0   0   0  20  0.20 inf
   79 S   -1  2 -1 -1 -4  1  0 -2 -2  0 -1  5 -1 -4 -1  1 -1 -4 -3 -3    5  12   2   2   0   4   4   2   0   6   5  43   2   0   2  10   2   0   0   0  0.47 inf
   80 K   -1  1  2  1 -4  3  1 -1  0 -2 -2  3 -1 -4 -3  0 -1 -4 -3 -2    4   5  11   6   0  16   8   3   2   3   3  24   2   0   0   8   3   0   0   2  0.31 inf
   81 G   -1 -1 -3 -4 -5 -4 -2  7 -4 -6 -6  0 -5 -5 -5 -1 -4 -5  0 -5    3   3   0   0   0   0   3  79   0   0   0   5   0   0   0   3   0   0   3   0  1.51 inf
   82 Y   -2  2  0 -3 -4 -2 -2 -2 -2 -1  1  3  0  2 -4 -1 -1  3  3 -2    3  14   5   0   0   0   0   3   0   2  17  22   2  11   0   2   2   4  12   0  0.31 inf
   83 S    5 -4 -3 -4 -3 -3 -3 -3 -4  1 -4 -3 -3 -4  1  3  1 -5 -4 -2   55   0   0   0   0   0   0   0   0   8   0   0   0   0   7  23   7   0   0   0  0.84 inf
   84 P    1 -5 -5 -5 -6 -5 -4 -5 -6 -6 -6 -4 -6 -7  8 -1 -4 -7 -6 -5   11   0   0   0   0   0   0   0   0   0   0   0   0   0  86   3   0   0   0   0  2.62 inf
   85 F   -2  2 -3 -4 -4 -2 -3 -4  1  0 -2  3 -2  4 -4 -2 -1  2  5 -1    3  12   0   0   0   1   0   0   3   7   1  20   0  22   0   2   3   3  21   3  0.59 inf
   86 T    4 -4 -3 -4 -1 -3 -3 -3 -4 -2 -3 -3 -3 -4  2  2  1 -5 -4  3   40   0   0   0   1   0   0   0   0   0   0   0   0   0   9  14  10   0   0  24  0.63 inf
   87 P   -2  4 -1  0 -5  0 -3 -4 -1  0 -3  0 -2 -2  6 -2 -3 -5 -4 -2    2  26   3   5   0   3   0   0   2   6   2   4   1   2  41   1   1   0   0   2  0.96 inf
   88 K    0  1  0  0 -4  0  2 -2 -1 -1 -1  3 -2  1  0  0 -1 -3 -1 -2    6   8   3   3   0   1  13   2   1   4   6  27   0   8   5   8   2   0   1   1  0.20 inf
   89 N    0  0  0  0 -1  1  1  1  1 -1 -2  0 -2 -3 -1  2  1 -4 -2 -1    8   4   4   6   2   6   9  10   5   3   2   6   0   0   2  18  11   0   1   3  0.15 inf
   90 Q   -1 -1 -1  5 -5  2  4  0 -1 -5 -5 -2 -4 -4 -3 -1 -2  4 -3 -4    3   3   1  31   0   9  30   9   1   0   0   0   0   0   0   2   2   6   0   0  0.77 inf
   91 Q   -1  3 -2 -3 -4  4 -1 -4  5 -4 -4  1 -3 -2 -3  0  0  6  1 -3    3  15   1   0   0  22   2   0  17   0   0  10   0   1   0   6   7  11   4   1  0.68 inf
   92 V    1 -2 -1 -1  0 -3 -3 -2  0  1  0 -2 -1 -1 -4 -1 -2 -2  4  3   13   2   3   4   2   0   0   2   3   9   5   1   1   0   0   4   0   0  21  30  0.36 inf
   93 G   -2 -1 -1 -3 -4 -3 -4  6 -1 -3 -3 -1 -1 -4 -4 -1 -3 -4  0 -4    0   3   2   0   0   0   0  74   1   2   2   3   2   0   0   4   0   0   4   0  1.30 inf
   94 G   -1  0  0 -2 -4  0  1  4 -3 -3 -4  4 -3 -4  1  1 -1 -4 -4 -4    3   3   3   1   0   2   7  32   0   1   0  28   0   0   6   8   3   0   0   0  0.52 inf
   95 R   -3  6  0 -3 -5  1 -1 -4  2 -4 -1  2 -3 -4  0 -2 -1  1 -3 -3    0  51   4   0   0   6   2   0   5   0   6  11   0   0   6   1   3   2   0   2  0.85 inf
   96 K   -1  3  0  0 -3  0  1 -1  1  0 -2  3  0 -3 -3 -1  0 -1 -1  0    2  16   4   4   0   2   8   3   3   5   3  25   2   0   0   3   7   1   2  10  0.22 inf
   97 V   -1  1 -2 -3  1  0  0 -3 -3 -3 -4  5 -3 -4 -2  3  1 -5 -4  0    3   7   0   0   3   2   5   0   0   0   0  40   0   0   2  23   6   0   0   8  0.59 inf
   98 Y   -4 -5 -5 -6 -5 -5 -5 -6  2 -1 -1 -5  0  7 -6 -5 -3 -1  7 -2    1   0   0   0   0   0   0   0   5   2   6   0   3  45   0   0   1   0  36   1  1.58 inf
   99 E   -4 -1 -1 -1 -6  3  6 -5  2  0 -4 -2 -4 -5 -4 -3 -3 -5 -4  0    0   3   2   1   0  11  62   0   6   7   0   0   0   0   0   0   0   0   0   8  1.13 inf
  100 L   -4 -5 -6 -6  0 -5 -6 -6 -5  5  4 -5  2 -1 -5 -5 -3 -4 -3  0    0   0   0   0   2   0   0   0   0  40  50   0   3   2   0   0   0   0   0   2  1.15 inf
  101 H   -5  0 -3 -1  2 -3 -4 -2 10 -6 -6 -4 -5 -4 -3 -2 -5 -5  2 -6    0   5   0   3   4   0   0   3  74   0   0   0   0   0   1   2   0   0   7   0  2.35 inf
  102 A   -4 -4 -3 -5 -7 -1 -4 -6 11 -7 -7 -4 -5 -5 -2 -5 -5 -6  1 -7    1   0   0   0   0   3   0   0  91   0   0   0   0   0   2   0   0   0   3   0  3.22 inf
  103 D   -1  0  0  0  0  0  0 -2 -2  1  0  3 -1 -1 -3 -1 -1 -4 -3  2    2   5   5   5   3   2   4   2   1   8  11  24   0   2   0   4   1   0   0  23  0.19 inf
  104 K    0 -1  2  2 -4  1  1 -1  2  0 -2  1  0 -4  0  0  0 -4 -3  0    7   3  13  15   0   7   8   3   6   5   2   8   2   0   3   4   4   0   0  10  0.20 inf
  105 P    0  0 -1 -2 -3  0  1 -2  0  0 -1  0  0 -1  3  1  1  2  0 -1   10   6   2   0   0   3  10   2   3   6   4   7   2   3  18   9   8   3   3   3  0.21 inf
  106 I    0 -6 -6 -6 -4 -5 -6 -6 -6  6  0 -5  3 -4  3 -5 -4 -6 -5  3    6   0   0   0   0   0   0   0   0  47   7   0   8   0  13   0   0   0   0  19  1.15 inf
  107 S    1 -1  0  0 -4  2  2 -1  2 -5 -5  2 -4 -5 -4  3  0 -5 -4 -3   13   2   3   4   0   9  16   4   5   0   0  16   0   0   0  23   4   0   0   2  0.47 inf
  108 Q   -3  1  1  2 -1  2  2 -4  2 -1 -2  2 -1 -1 -1 -1 -3  2  1 -1    0   8   7  13   2   8  17   0   5   3   3  12   1   3   3   3   0   3   5   4  0.26 inf
  109 G   -2 -2  0  1 -6 -2 -2  6 -5 -7 -7 -4 -6 -6 -5 -1 -1  2 -6 -6    3   3   5   8   0   2   2  67   0   0   0   0   0   0   0   4   3   3   0   0  1.39 inf
  110 G    0 -4  0  0 -5 -4 -2  6 -4 -6 -6 -3 -5 -5 -4  0 -3 -5 -5 -5    6   0   4   5   0   0   3  77   0   0   0   0   0   0   0   5   0   0   0   0  1.43 inf
  111 E    2 -2 -1  2 -3 -1  1  4 -3 -4 -2 -1 -2 -4 -1  0 -1 -4 -4 -3   24   1   1  15   0   2  12  31   0   0   3   2   1   0   2   5   1   0   0   0  0.44 inf
  112 V   -3 -5 -5 -5 -3 -4 -5 -5 -5  2  1 -4  2 -3  1 -4 -2 -5 -3  6    0   0   0   0   0   0   0   0   0   9  13   0   4   0   8   0   0   0   0  65  1.00 inf
  113 Y   -4 -4 -4 -5 -5 -4 -4 -5  4 -4 -3 -4 -1  3 -5 -4 -4 -1  9 -4    0   0   0   0   0   0   0   0  10   0   0   0   2  10   0   0   0   0  74   0  2.04 inf
  114 D   -3 -3  4  6 -5 -2  1 -1  0 -5 -5 -2 -4 -5 -3 -2 -3 -5 -4 -5    1   0  24  59   0   0   5   5   2   0   1   0   0   0   0   1   0   0   0   0  1.27 inf
  115 M    0 -3 -3 -3 -2 -2 -3 -3 -3  3  2 -3  4 -1 -3  0 -1 -3 -2  2    6   0   0   0   0   0   0   1   0  16  26   0  14   2   0  11   2   0   0  19  0.37 inf
  116 D   -3 -3  0  7 -5 -2  2 -2 -3 -5 -5 -2 -4 -5  0  0 -3 -5 -4 -4    1   0   3  70   0   0  10   2   0   0   1   0   0   0   5   6   0   0   0   0  1.35 inf
  117 N   -4  0  8 -1 -5  1 -2 -3 -2 -5 -5  0 -4 -5 -4 -2 -3 -5 -4 -5    0   4  81   2   0   5   0   0   0   0   0   4   0   0   0   0   0   0   0   0  1.74 inf
  118 I   -3 -4 -5 -5 -3 -4 -4 -5 -4  4  5 -4  3 -1 -2 -4 -3 -3 -3  0    0   0   0   0   0   0   0   0   0  24  59   0   7   2   2   0   0   0   0   3  0.87 inf
  119 R   -2  5 -1 -3 -1 -1 -2 -1 -1  0  0  0  1 -1 -3  1 -1 -3 -2  0    2  39   3   0   1   1   0   3   1   7  11   3   5   3   0  12   2   0   1   7  0.35 inf
  120 V    1 -4 -5 -5 -3 -4 -4 -4 -5  5  1 -4 -1 -1 -4 -3 -2 -4 -3  4   12   0   0   0   0   0   0   0   0  43  13   0   0   1   0   0   0   0   0  31  0.75 inf
  121 T   -1 -1  1 -3 -3 -2 -3 -4  3  1  2 -1  4 -2 -3 -2  1 -4 -2  3    4   2   8   0   0   0   0   0   9   3  21   4  16   0   0   0   8   0   0  25  0.31 inf
  122 T   -2 -3 -2 -3 -3 -3 -3 -4 -4 -3 -4 -1 -3 -5 -3  2  7 -5 -4 -3    0   0   0   0   0   0   0   0   0   0   0   4   0   0   0  14  82   0   0   0  1.49 inf
  123 P    0 -5 -5 -4 -5 -4 -4 -5 -5 -5 -6 -4 -5 -6  8 -3 -4 -6 -6 -5    6   0   0   0   0   0   0   0   0   0   0   0   0   0  94   0   0   0   0   0  2.74 inf
  124 K   -2  3 -1 -2 -5  1 -1 -4 -2 -4 -3  6  2 -4 -3 -2 -3  5 -2 -4    1  14   1   2   0   6   0   0   0   0   1  59   6   0   0   0   0   8   1   0  0.93 inf
  125 R   -1  3  2  1 -4  2  1 -3  1 -1  0  0  0 -2 -3 -1 -1 -3 -1 -2    3  26  12   9   0  14   8   0   3   3  10   2   3   1   0   2   2   0   1   2  0.28 inf
  126 H   -4 -3 -2 -4 -6 -2 -3 -5 10 -6 -5 -3 -4 -3 -5 -4 -4 -4  3 -6    0   0   0   0   0   0   0   0  90   0   0   0   0   0   0   0   0   0  10   0  2.75 inf
  127 I   -1 -3 -2 -1 -3  1 -3 -2 -2  5  0 -1  0 -2 -4 -2 -2 -4 -3  2    3   0   2   5   0   8   0   3   1  57   3   4   1   0   0   2   1   0   0  10  0.51 inf
  128 D   -1 -1  2  4 -4  2  4 -2  0 -3 -3  1 -3 -4 -3 -1 -1 -4 -2 -3    4   1  10  24   0  11  29   2   2   2   1   8   0   0   0   2   3   0   1   0  0.52 inf
  129 I   -2 -4 -3 -4 -3 -4 -3 -5  1  6  2 -4  0 -1 -4 -3  1 -4 -3  2    1   0   1   0   0   0   1   0   4  62  14   0   0   1   0   0   8   0   0   7  0.79 inf
  130 H   -4 -3 -2 -3 -6  1 -2 -4 10 -6 -5 -3 -4 -4 -5 -3 -4 -5 -1 -6    0   0   0   0   0   5   0   0  95   0   0   0   0   0   0   0   0   0   0   0  2.65 inf
  131 R   -2  5 -2 -3 -4  1 -1 -3  0 -4 -4  4 -3 -3 -3 -1 -2 -3  3 -4    0  42   0   0   0   4   0   0   2   0   0  38   0   0   0   2   0   0  12   0  0.85 inf
  132 G   -1 -4 -2 -2 -4 -3 -3  7 -3 -5 -5 -3 -4 -4 -3 -1 -3 -4 -4 -4    0   0   0   0   0   0   0 100   0   0   0   0   0   0   0   0   0   0   0   0  1.60 inf

                      K         Lambda
Standard Ungapped    0.1327     0.3096
Standard Gapped      0.0510     0.2670
PSI Ungapped         0.1658     0.3121
PSI Gapped           0.0510     0.2670
