
Last position-specific scoring matrix computed, weighted observed percentages rounded down, information per position, and relative weight of gapless real matches to pseudocounts
           A  R  N  D  C  Q  E  G  H  I  L  K  M  F  P  S  T  W  Y  V   A   R   N   D   C   Q   E   G   H   I   L   K   M   F   P   S   T   W   Y   V
    1 T   -1 -2 -1 -2 -2 -2 -2 -2 -3 -3 -3 -2 -3 -4 -2  4  5 -4 -3 -2    0   0   0   0   0   0   0   0   0   0   0   0   0   0   0  44  56   0   0   0  0.98 inf
    2 N   -2 -2  6  2 -5 -2  3 -3 -2 -5 -4 -1 -4 -5 -4  1  0 -6 -4 -4    3   1  52   9   0   0  18   0   0   0   1   2   0   0   0   8   4   0   0   1  0.97 inf
    3 K   -2  0 -1  0 -5  1  4 -3 -1 -2 -4  5 -4 -5 -2 -1 -2 -5 -4 -4    3   4   2   4   0   6  28   1   1   2   1  41   0   0   1   4   1   0   0   0  0.74 inf
    4 Q   -1  0  1  1 -3  1  1 -2  0  1  1  2  0 -3  0  0  0 -4 -3  0    2   2   6   6   0   9   9   1   3  13  13  17   2   0   4   5   4   0   0   3  0.12 inf
    5 V   -2 -4 -4 -4  0 -2 -3 -4 -4  2  0 -1  4 -2  5 -1  0 -5 -2  1    1   0   0   0   2   1   1   1   0  14   8   3  13   1  33   4   5   0   1  10  0.71 inf
    6 E   -2  2  2  0 -5  3  1 -2  2 -5 -4  3 -2 -5  0  1 -1 -5 -4 -4    2   9  11   5   0  15  10   2   5   0   0  24   1   0   3   9   3   0   0   0  0.48 inf
    7 I   -5 -6 -7 -7 -5 -6 -7 -7 -7  8  2 -6  0 -4 -4 -6 -4 -6 -5  0    0   0   0   0   0   0   0   0   0  80  14   0   2   0   1   0   0   0   0   3  1.93 inf
    8 S   -2 -5 -2 -4 -5 -4 -4 -4 -5 -6 -6 -4 -5 -6 -2  7  3 -7 -6 -5    2   0   1   0   0   0   0   0   0   0   0   0   0   0   1  76  20   0   0   0  1.74 inf
    9 M   -1 -3  2  5 -6  0  4 -3 -2 -6 -6 -1 -2 -6 -1 -1 -2 -6 -5 -4    4   1  11  37   0   3  29   1   1   0   0   2   1   0   3   4   2   0   0   1  0.94 inf
   10 A    6 -4 -4 -5 -4 -4 -4 -2 -5 -5 -5 -3 -5 -4 -4  3 -1 -6 -5 -4   68   0   0   0   0   0   0   2   0   0   0   1   0   1   0  25   2   0   0   0  1.42 inf
   11 E   -5 -4 -5 -3 -8 -2  8 -7 -4 -8 -7 -3 -6 -8 -6 -4 -5 -7 -6 -7    0   0   0   0   0   0 100   0   0   0   0   0   0   0   0   0   0   0   0   0  2.73 inf
   12 W   -3 -6 -7 -8 -6 -5 -7 -7  1 -5  1 -6  0  2 -7 -2 -5 12  1 -6    3   0   0   0   0   0   0   0   3   0  14   0   2   6   0   3   0  63   4   0  2.79 inf
   13 D   -2 -1 -2  0 -5  3  6 -5 -1 -3 -4  1 -3 -5 -4 -3 -2 -5 -1 -1    3   3   1   3   0  11  56   0   1   1   2   7   0   0   0   1   2   0   3   6  0.99 inf
   14 V   -3 -6 -7 -7 -4 -6 -6 -7 -7  4 -1 -6 -3 -4 -6 -5 -3 -6 -5  7    1   0   0   0   0   0   0   0   0  23   4   0   0   0   0   0   1   0   0  71  1.73 inf
   15 M   -6 -6 -7 -8 -6 -5 -7 -8 -6 -2  0 -6 11 -5 -7 -6 -5 -6 -6 -4    0   0   0   0   0   0   0   0   0   1   7   0  92   0   0   0   0   0   0   0  3.43 inf
   16 N   -3  5  2  0 -6  0  2 -4 -2 -6 -5  5 -4 -6 -4 -3 -3 -6 -5 -5    1  34  10   4   0   3  11   0   1   0   1  34   0   0   0   0   1   0   0   0  1.08 inf
   17 I    0 -5 -6 -6  1 -4 -4 -6 -5  4  0 -5 -2 -3 -5 -3 -2 -5 -2  6    8   0   0   0   3   0   1   0   0  24   5   0   0   0   0   1   2   0   1  53  1.06 inf
   18 I   -2 -5 -6 -6 -2 -5 -6 -6 -6  4  4 -5 -1 -1 -6 -5 -4 -5 -4  3    3   0   0   0   1   0   0   0   0  27  46   0   0   1   0   0   0   0   0  22  1.12 inf
   19 W   -8 -8 -9-10 -8 -7 -8 -8 -8 -8 -7 -8 -7 -4 -9 -8 -8 13 -3 -8    0   0   0   0   0   0   0   0   0   0   0   0   0   0   0   0   0 100   0   0  5.26 inf
   20 D    2  0  0  1 -4  1  2 -2 -2 -4 -3  2 -1 -5 -3  1  3 -5 -4 -3   17   4   5   8   0   7  15   1   1   0   2  13   2   0   0   8  18   0   0   0  0.36 inf
   21 K   -1  1  2 -1 -3  2  1 -2  2 -3  0  3 -1 -3 -3  0 -1 -4  1 -3    3   7  13   2   0   8   9   2   6   1  13  20   1   0   0   7   2   0   5   0  0.27 inf
   22 K    1 -2  1  0 -4  0  1  2  1 -4 -5  0 -4 -4  1  2 -2 -4 -1 -4   15   1   8   3   0   4   9  19   3   0   0   7   0   0   8  21   1   0   3   0  0.38 inf
   23 S   -3  0 -1 -1 -6  2  1 -3  0 -6 -5  0 -4 -5  7  0 -2 -6 -3 -5    1   5   3   3   0   8  11   2   2   0   1   5   0   0  50   5   2   0   1   0  1.17 inf
   24 V    1  0 -4 -4  3  1 -3 -4 -4  2  2 -1  1 -2 -3 -1  0 -4 -3  2   15   5   0   0   7   8   0   0   0  13  20   3   3   0   1   2   7   0   0  16  0.30 inf
   25 S   -2 -3  0 -2 -4 -4 -3 -2 -2 -4 -3  0 -4 -5 -1  3  6 -6 -3 -4    1   1   4   2   0   0   1   2   1   0   2   5   0   0   3  21  55   0   1   0  1.07 inf
   26 A    4 -4 -3 -4 -1 -4 -4 -2 -4 -1 -2 -4 -2 -3 -4  5  2 -6 -5 -3   36   0   0   0   1   0   0   2   0   3   5   0   1   1   0  40  11   0   0   1  0.86 inf
   27 N    0  1  4 -1 -4  1  0 -2 -1 -4 -4  2  1 -5 -1  3  0 -5 -4 -3    8   8  20   1   0   5   6   2   1   1   0  12   4   0   3  22   6   0   0   0  0.42 inf
   28 E   -3 -3 -2  3 -7  4  6 -5 -1 -5 -5  0 -5 -4 -5 -3 -2 -6 -3 -6    1   0   1  14   0  17  54   0   1   1   1   5   0   1   0   0   3   0   1   0  1.27 inf
   29 I   -3 -6 -6 -7 -4 -4 -6 -7 -7  6  1 -6 -1 -4 -6 -5 -4 -6 -5  5    1   0   0   0   0   1   0   0   0  54  10   0   1   0   0   0   0   0   0  34  1.52 inf
   30 V   -1 -3 -3 -5  1 -5 -4 -5 -2  6 -1 -4 -1 -3 -5 -2  2 -5 -2  3    5   1   1   0   2   0   1   0   1  45   4   0   0   0   0   2  15   0   1  21  0.88 inf
   31 V    1 -1  0  3 -3  1  4 -3  0 -3 -3  1 -3 -4 -2  0 -1 -5 -4 -2   16   2   4  15   0   7  29   1   2   1   1   7   0   0   1   7   3   0   0   2  0.46 inf
   32 E    1  1 -1 -2 -2  1  2 -3 -1  2  0  1 -2 -2 -3  0 -1  0 -1  1   15   9   2   1   1   7  13   0   1  13   7   8   0   0   0   6   2   1   1  11  0.15 inf
   33 I   -4 -6 -7 -7 -3 -5 -6 -7 -6  0  6 -6  3 -2 -6 -6 -3 -5 -4  1    0   0   0   0   0   0   0   0   0   4  77   0   6   1   0   0   1   0   0  11  1.49 inf
   34 Q    1  0  0 -1  1  3  2  0  0 -3 -2  2 -2 -4 -1  1  0 -3 -3 -2   10   3   4   3   3  16  14   5   2   1   3  13   1   0   3  12   5   0   0   1  0.26 inf
   35 K    1  0 -1  2 -5  3  4  0 -1 -4 -4  2 -3 -5  0 -1 -2 -5 -4 -3   12   3   2  12   0  12  25   7   1   0   1  14   0   0   4   4   2   0   0   1  0.47 inf
   36 Y   -1  1  1  1 -4  1  1 -2  1 -2 -3  4 -3 -4 -1  0  1 -5 -2 -2    4   6   5   8   0   7   8   1   3   2   2  32   0   0   2   7  11   0   1   1  0.38 inf
   37 K   -1  1  0 -3  0  0 -2 -3  1 -2 -2  2  4  0 -3  0  3 -3  0 -1    3   7   5   1   2   4   1   1   4   2   2  17  14   3   0   5  23   0   2   3  0.34 inf
   38 E   -1 -2  2  5 -3  0  1  3  0 -5 -5 -1 -5 -5 -3  1 -1 -6 -4 -5    4   1   8  34   0   4  10  20   2   0   0   4   0   0   1   8   3   0   0   0  0.67 inf
   39 V   -8 -5 -9-10 -4 -7 -8 -8 -8 -8 -7 -8 -4 -4 -9 -8 -8 13 -3 -4    0   1   0   0   0   0   0   0   0   0   0   0   0   0   0   0   0  97   0   2  4.97 inf
   40 S    0 -2  1 -2 -4  0 -2 -2  2 -5 -5  4 -4 -5 -4  5  2 -6 -4 -5    5   0   5   1   0   3   1   2   6   0   0  25   0   0   0  42  10   0   0   0  0.82 inf
   41 D    0  0 -2  1 -5  0  2 -4 -1 -3 -3  1 -2 -3  5 -1 -1 -5 -3 -2    8   5   1  10   0   4  14   0   1   1   3  10   1   1  34   2   3   0   1   3  0.67 inf
   42 K    1  0  2 -3 -4  1 -2 -1  0 -5 -5  4 -4 -5 -1  4  0 -5 -3 -4   13   3  11   0   0   6   0   3   3   0   0  25   0   0   2  29   5   0   1   0  0.60 inf
   43 T   -4 -6 -4 -3 -5 -5 -5 -6 -6 -5 -6 -5 -5 -7 -6 -3  8 -7 -6 -2    0   0   0   1   0   0   0   0   0   0   0   0   0   0   0   0  97   0   0   2  2.59 inf
   44 I   -4 -6 -6 -6 -3 -6 -6 -7 -6  6 -2 -6 -2 -4 -6 -3  1 -6 -5  5    0   0   0   0   0   0   0   0   0  53   0   0   0   0   0   1   9   0   0  36  1.51 inf
   45 R   -3  3 -2 -4 -6  2 -3 -5  2 -1 -3  6 -1 -2 -5 -4 -4 -6 -1 -5    1  15   1   0   0   8   0   0   4   4   3  57   2   2   0   0   0   0   2   0  1.15 inf
   46 T   -3 -5 -4 -5 -5 -5 -5 -6 -6 -5 -5 -5 -1 -6 -5  0  8 -7 -6 -4    1   0   0   0   0   0   0   0   0   0   0   0   2   0   0   5  92   0   0   0  2.39 inf
   47 L   -5 -6 -7 -7 -5 -5 -6 -7 -6  0  6 -6  4  2 -6 -6 -4 -5 -1 -3    0   0   0   0   0   0   0   0   0   2  76   0  11   8   0   0   1   0   1   0  1.58 inf
   48 I   -5 -6 -7 -7 -5 -6 -6 -7 -6  5  5 -6  0 -3 -6 -6 -4 -5 -5  0    0   0   0   0   0   0   0   0   0  33  63   0   1   0   0   0   0   0   0   3  1.53 inf
   49 T   -1  2  3  0 -4 -2 -2  3  1 -4 -4  1 -4 -5 -4  2  1 -5 -4 -4    5  14  18   4   0   0   0  20   3   0   1  10   0   0   0  16   8   0   0   1  0.48 inf
   50 R   -6  9 -3 -6 -8 -3 -5 -7 -5 -8 -7 -2 -6 -7 -7 -5 -6 -7 -6 -7    0  99   1   0   0   0   0   0   0   0   0   0   0   0   0   0   0   0   0   0  2.97 inf
   51 L   -5 -6 -7 -8 -2 -6 -7 -8 -7 -2  6 -6  4 -3 -7 -6 -5 -5 -5 -3    0   0   0   0   1   0   0   0   0   0  91   0   8   0   0   0   0   0   0   0  1.99 inf
   52 Y   -1 -5 -5 -5 -2 -3  1 -6 -2  1  1 -3  0 -3 -5 -2  0 -5 -1  6    3   0   0   0   1   1  11   0   1   4  12   1   2   0   0   2   5   0   2  56  0.82 inf
   53 K    0  0  2  2 -5  2  3 -2 -2 -5 -5  4 -4 -5 -4 -1  0 -5 -4 -3    9   2   8  10   0  10  16   2   1   0   0  33   0   0   0   4   4   0   0   1  0.61 inf
   54 K   -5 -2 -4 -5 -8 -2 -3 -6 -5 -7 -7  8 -6 -8 -5 -5 -5 -7 -6 -7    0   0   0   0   0   1   0   0   0   0   0  99   0   0   0   0   0   0   0   0  2.70 inf
   55 E   -3 -2  1  0 -6  1  2  5 -1 -6 -6  2 -5 -6 -5 -2 -4 -6 -5 -6    0   1   8   5   0   7  16  50   1   0   0  11   0   0   0   1   0   0   0   0  1.01 inf
   56 I    5 -5 -5 -5  0 -4 -4 -4 -4  0  0 -4  1  2 -4 -3 -3  1  1  3   50   0   0   0   2   0   0   0   0   5   8   0   3   8   0   0   0   2   4  18  0.79 inf
   57 I   -2 -6 -6 -6 -4 -5 -6 -6 -6  5  4 -5 -1 -3 -6 -5 -4 -5 -4  4    2   0   0   0   0   0   0   0   0  28  44   0   0   0   0   0   0   0   0  26  1.18 inf
   58 K    0  1  0  0 -4  0 -1  3  1 -3 -3  1 -3 -4 -3  2  3 -1 -3 -2    8   7   4   4   0   3   3  20   4   1   1  10   0   0   0  14  19   1   0   1  0.33 inf
   59 R    2  1 -3 -3 -1 -1 -3 -4  2 -2 -3 -2 -1  3 -3  0  3 -3  4  0   17   7   0   0   1   2   0   0   5   1   0   1   1  12   0   6  21   0  15   8  0.42 inf
   60 Y   -3  1  0  2 -6  1  5 -4  2 -3 -5  2 -4 -5 -4 -2  0 -5 -1 -3    1   7   4   9   0   5  42   0   5   2   0  13   0   0   0   2   5   0   2   1  0.74 inf
   61 K   -2  3 -2 -2 -6  2  2 -2 -2 -5 -5  5 -3 -6 -1 -2 -1 -6 -5 -3    2  17   1   1   0  10  11   3   1   0   0  45   0   0   2   1   3   0   0   2  0.88 inf
   62 S   -2 -1  1  3 -3  3  3  0  0 -2 -3  1 -3 -4 -3  0 -1 -5 -2 -2    2   2   7  19   0  16  21   6   2   3   1   6   0   0   0   8   2   0   1   4  0.42 inf
   63 E   -3 -4 -1 -2 -6  0 -1  6 -2 -6 -5 -1 -4 -6 -5  1 -2 -6 -6 -5    0   1   3   2   0   4   4  70   1   0   1   4   0   0   0   9   2   0   0   1  1.38 inf
   64 N   -5  7  2 -4 -7 -3 -3 -1 -1 -6 -6  3 -5 -4 -2 -2 -4 -6 -5 -5    0  62   8   0   0   0   0   4   1   0   0  19   0   1   2   2   0   0   0   1  1.53 inf
   65 I    1  3 -1 -3 -2  0  0 -2  0  0 -1  2  1 -2  0  0  0 -4 -2  1   12  17   2   0   0   2   4   2   2   6   4  16   4   1   3   7   7   0   1   9  0.15 inf
   66 Y   -5 -2 -2 -6 -6 -1 -5 -6  2 -3 -4  1 -4  6 -6 -5 -4 -2  8 -5    0   2   2   0   0   2   0   0   4   1   1   8   0  33   0   0   1   0  46   0  1.76 inf
   67 F   -2 -1 -2 -4 -3 -1 -2 -4  0  3  3 -1  0  0 -4 -2  0  0  2  2    1   3   2   0   0   3   2   0   3  20  27   4   1   3   0   2   7   1   7  14  0.32 inf
   68 Y   -6 -6 -7 -8 -3 -6 -7 -8 -3 -6 -4 -7 -5  3 -8 -6 -6 -2 10 -6    0   0   0   0   1   0   0   0   0   0   1   0   0  11   0   0   0   0  88   0  3.16 inf
   69 S   -2  2 -3 -3 -4  0 -2 -4  1 -3 -4 -2 -4  2 -4  3  2 -1  5 -4    2  10   1   1   0   4   2   0   3   1   0   2   0  10   0  23  16   1  25   0  0.67 inf
   70 S    2 -6 -5 -5 -6 -5 -4 -5 -6 -6 -6 -5 -6 -6  8  0 -1 -7 -4 -5   19   0   0   0   0   0   0   0   0   0   0   0   0   0  69   7   3   0   1   1  2.07 inf
   71 N    1 -2  0 -2 -1 -3 -3 -4 -4  1  4 -1  0 -2 -4 -2  0 -4 -3  0   12   2   6   2   1   1   1   0   0   7  49   4   1   0   0   3   6   0   0   5  0.46 inf
   72 I   -4 -6 -6 -6 -2 -5 -6 -7 -6  5  2 -4  0 -2 -6 -5 -3 -2  0  5    0   0   0   0   1   0   0   0   0  38  14   1   1   1   0   0   0   1   3  41  1.21 inf
   73 K    0 -1  0  2 -4  0  2 -1 -3 -4 -3  1 -3 -5 -1  4  2 -5 -4 -3    8   2   4   9   0   4  11   3   0   0   2   8   0   0   2  33  12   0   0   1  0.43 inf
   74 E   -4  4 -3 -3 -7  4  6 -5 -1 -5 -5  1 -5 -6 -4 -4 -4 -6  0 -6    0  21   0   0   0  16  50   0   1   0   1   7   0   0   0   0   0   0   3   0  1.30 inf
   75 D   -1  0  1  3 -3  2  4 -2 -1 -4 -4  1 -2 -5 -4  1  0 -5 -4 -4    5   3   7  18   0  10  29   1   1   0   0   9   1   0   0   8   6   0   0   0  0.58 inf
   76 D   -1 -1 -1  4 -6  1  5 -4 -3 -5 -4  0 -3 -6 -4 -1 -2 -6 -4 -4    6   2   2  26   0   6  45   1   0   0   1   4   0   0   0   3   1   0   1   1  1.01 inf
   77 I    2 -4 -5 -5  6 -4 -5 -3 -2 -1 -2 -4  2  0 -5  0  0  2  6 -1   17   0   0   0  18   0   0   1   1   2   2   0   5   3   0   6   6   3  31   4  0.92 inf
   78 K    0 -1 -3 -4 -2  2 -2 -5 -3  2  1  0  4 -3 -4 -2 -1 -4 -3  3    6   3   1   0   1  10   1   0   0  14  12   6  13   0   0   2   3   0   0  27  0.43 inf
   79 M    0  3  0  0 -3  2  1 -1  0 -2  0  2 -1 -2 -2  0 -1 -1  0 -1    6  17   4   6   0  10   7   5   2   2   9  15   2   1   1   4   2   1   3   3  0.17 inf
   80 K    1  0 -1  0 -4  4  2 -2  0 -2 -2  2 -2 -3 -3  1 -1 -4 -2 -1   15   3   2   4   0  21  11   3   2   2   3  11   0   1   0  12   3   0   1   5  0.29 inf
   81 T    1 -3 -2 -2 -1  2  6 -5 -3 -4 -3 -1  1 -4 -4 -2  0 -2  0 -2   14   0   1   0   1   7  54   0   0   1   2   2   4   0   0   2   5   1   3   2  0.89 inf
   82 A    1 -2  0 -4 -4 -2 -3 -2 -4 -2 -1 -3 -3 -4 -4  4  4 -1 -3  0   12   2   5   0   0   1   1   2   0   2   6   0   0   0   0  32  31   1   1   6  0.64 inf
   83 K   -2  3  0  1 -5  3  3 -2  0 -5 -4  3 -1 -5 -3  0 -1 -5 -4 -4    3  15   5   7   0  14  17   2   2   0   1  23   1   0   1   5   4   0   0   1  0.54 inf
   84 T   -1  0  2  2 -2  0  1  0  0 -5 -5 -1 -3 -4 -4  4  1 -5 -3 -3    2   4   8  12   1   4  10   7   3   0   0   2   0   0   0  39   7   0   1   1  0.54 inf
   85 F   -4 -4 -4 -5 -4 -6 -4 -6 -5  0  3 -5  1  7 -6 -5 -2 -2 -1 -1    1   1   1   1   0   0   1   0   0   5  26   0   4  55   0   0   3   0   0   4  1.39 inf
   86 L   -3 -5 -6 -6 -4 -5 -6 -6 -5  2  5 -3  1  4 -6 -4 -4 -4 -2  1    1   0   0   0   0   0   0   0   0  12  52   1   3  21   0   1   0   0   0   8  1.05 inf
   87 N   -2 -1  4  4 -5  2  1 -1  0 -5 -5  2 -4 -6 -4  1 -2 -6 -4 -4    3   1  18  27   0   8  10   3   2   0   0  16   0   0   0  11   2   0   0   0  0.68 inf
   88 K   -3  6  0 -3 -7  0 -3 -4  3 -6 -6  4 -2 -6 -5 -3 -4 -6 -5 -5    1  51   4   1   0   3   0   1   7   0   0  29   1   0   0   1   0   0   0   0  1.43 inf
   89 L   -3 -5 -6 -6 -3 -5 -5 -6 -5  4  3 -5  4  3 -5 -5 -3 -4  0  4    0   0   0   0   0   0   1   0   0  21  24   0  10  12   0   0   0   0   3  27  0.87 inf
   90 Y   -5 -6 -7 -7  8 -6 -7 -7 -3 -5 -4 -7 -5  6 -7 -6 -5  0  7 -4    0   0   0   0  33   0   0   0   0   0   0   0   0  28   0   0   0   1  37   0  2.28 inf
   91 G    0 -1  3  3 -3  2  0  3 -1 -4 -4  0 -4 -5 -4  0 -2 -5 -3 -3    9   2  17  16   1  10   4  26   1   0   1   5   0   0   0   7   0   0   1   2  0.52 inf
   92 G   -2  1 -4 -5 -6 -4 -5  6 -2 -6 -5  1  4 -6 -5 -3  0 -6 -6 -5    2   7   0   0   0   0   0  65   1   0   0   8  11   0   0   1   5   0   0   0  1.38 inf
   93 D    1  3  1  0 -3  0 -1 -3  3 -5 -5  3 -4 -5 -4  3 -1 -5 -4 -4   13  15   6   5   0   3   3   1   7   0   0  21   0   0   0  23   3   0   0   0  0.52 inf
   94 M    0 -2 -4 -5 -3 -3 -4 -5  2  2  3  0  1  0 -3 -3 -2 -4 -3  3    7   2   0   0   0   0   0   0   7  13  26   7   4   4   1   1   2   0   0  26  0.44 inf
   95 K    1 -2  1 -2 -4 -1 -3  4 -1 -5 -5  3 -3 -5 -3  1  0 -5 -4 -3   12   1   6   1   0   2   0  35   2   0   0  20   0   0   1  13   5   0   0   1  0.62 inf
   96 S    0 -1  1  0 -4  0  0 -2 -1 -2  0  0  2 -4  4  1 -1 -5 -3 -2    8   3   8   5   0   3   5   1   1   1  12   4   6   0  22  15   3   0   0   1  0.34 inf
   97 L   -3 -5 -6 -6 -4 -4 -5 -6 -5  0  4 -5  7  0 -6 -5  1 -5 -3  1    2   0   0   0   0   0   0   0   0   3  42   0  31   3   0   0   8   0   1   9  1.17 inf
   98 V   -4 -5 -6 -6 -3 -5 -6 -6 -6  3  4 -5  2  1 -6 -5 -3 -5 -3  4    0   0   0   0   0   0   0   0   0  17  41   0   5   6   0   0   0   0   0  31  1.04 inf
   99 L    3 -2 -1 -2 -3 -2 -1 -1 -3  0  1 -1  1 -3 -3  2  1 -4 -3  1   32   1   3   1   0   0   3   4   0   3  13   3   3   0   0  15   7   0   0  11  0.29 inf
  100 N    1 -1  4  1 -3  1  0  0  5 -4 -5  0 -4 -4 -4  1  0 -5 -2 -4   12   3  21   7   0   6   5   5  17   0   0   5   0   0   0  12   6   0   1   0  0.51 inf
  101 F   -4 -4 -6 -7 -5 -5 -6 -6 -5  1  4 -6  3  7 -6 -5 -5 -3  1 -1    0   1   0   0   0   0   0   0   0   5  35   0   8  43   0   0   0   0   4   4  1.32 inf
  102 A    1 -4 -5 -5 -2 -4 -5 -4 -5  4  3 -4  1 -2 -5 -1 -1 -4 -2  3   12   0   0   0   1   0   0   1   0  29  28   0   3   1   0   5   2   0   1  19  0.63 inf
  103 K   -1  1  0  1 -5  3  4 -3 -2 -5 -5  3 -4 -5 -4  0 -2 -5 -3 -4    5   6   3   8   0  11  35   1   0   0   0  21   0   0   0   7   2   0   1   1  0.72 inf
  104 N   -2  1  3  3 -5  2  4 -2  1 -5 -5  0 -3 -5 -3  1 -1 -5 -3 -5    1   8  13  19   0  10  25   2   3   0   0   5   0   0   0   9   4   0   0   0  0.61 inf
  105 E    0  0  1  2 -1  1  3  0  1 -2 -2  1 -1 -3 -3  0  1 -4 -3 -1    6   4   5  12   1   5  20   8   3   1   4  10   1   0   0   7   8   0   0   3  0.22 inf
  106 E    0  0  1  1 -4  1  2 -2 -1 -3 -3  3 -3 -5  3  0  0 -5 -4 -2    6   3   6   8   0   7  12   1   1   0   2  22   0   0  15   5   7   0   0   3  0.41 inf
  107 L   -5 -6 -7 -7 -3 -5 -6 -7 -6  2  6 -6  4  0 -6 -6 -4 -3 -4 -1    0   0   0   0   0   0   0   0   0   8  77   0   9   3   0   0   0   0   0   2  1.52 inf
  108 N   -2 -4  1 -3 -5 -3 -4 -3 -4 -5 -5 -2 -5 -6 -2  6  4 -6 -5 -5    0   0   5   1   0   0   0   1   0   0   0   1   0   0   1  66  24   0   0   0  1.42 inf
  109 N    1  0  0  1 -4  3  3 -3 -1 -4 -2  3 -2  0 -1  0 -2 -4 -3 -3   11   4   3   8   0  15  18   1   1   0   5  19   1   4   3   5   1   0   0   1  0.35 inf
  110 K    1  0  0  3 -5  2  4 -2 -2 -5 -5  2 -4 -5 -3  1  0 -5 -4 -4   10   3   4  14   0  11  28   2   1   0   0  11   0   0   0  12   5   0   0   1  0.55 inf
  111 E   -4 -5 -2  7 -7 -2  5 -5 -4 -7 -7 -4 -6 -7 -5 -4 -5 -8 -6 -5    0   0   1  63   0   1  35   0   0   0   0   0   0   0   0   0   0   0   0   1  1.99 inf
  112 I   -3 -4 -6 -7 -5 -4 -6 -7 -6  7  2 -6 -1 -3 -6 -5 -4 -6 -3  1    2   1   0   0   0   1   0   0   0  69  20   0   1   0   0   0   0   0   1   6  1.57 inf
  113 E    2 -2  1  4 -5  2  4 -3 -2 -4 -4  0 -2 -5 -4 -1 -2 -5 -3 -4   19   1   6  24   0   7  28   1   1   0   1   6   1   0   0   4   1   0   1   0  0.65 inf
  114 E    0  0 -1  1 -5  1  6 -3 -2 -5 -3  1  0 -5 -4 -2 -1 -5 -3 -4    8   5   3   8   0   5  52   1   0   0   2   7   2   0   0   2   3   0   1   1  0.82 inf
  115 L   -4 -5 -6 -7 -4 -5 -6 -7 -6  2  6 -6  2  0 -6 -6 -4 -2 -3 -2    0   0   0   0   0   0   0   0   0  11  79   0   4   3   0   0   0   1   0   1  1.50 inf
  116 R   -2  3 -3 -3 -4  4  3 -5 -1 -2 -3  4 -1 -4 -4 -2 -3 -5  1 -4    2  17   0   0   0  20  16   0   1   3   1  30   2   0   0   2   1   0   5   0  0.78 inf
  117 D    2  2  0  0 -4  2  2 -2 -1 -4 -4  3 -3 -4 -3  0 -1 -5 -3 -3   19  10   4   5   0  12  15   1   1   0   1  21   0   0   0   7   3   0   1   1  0.42 inf
  118 I   -2 -5 -5 -5 -4 -2 -2 -6 -5  5  4 -3  2 -1 -5 -3 -1 -1 -3  1    2   0   0   0   0   2   3   0   0  37  39   1   4   1   0   1   2   1   1   7  0.83 inf
  119 L   -3 -6 -7 -7 -5 -6 -6 -7 -6  3  6 -6 -1  0 -6 -6 -4 -5 -4  0    1   0   0   0   0   0   0   0   0  14  79   0   0   3   0   0   0   0   0   3  1.52 inf
  120 N    0  0  2  4 -3  1  3 -2 -1 -4 -3  2 -3 -4 -3  1 -1 -5 -4 -4    6   4   9  24   0   7  18   1   1   0   3  14   1   0   0   8   3   0   0   0  0.49 inf
  121 D    0 -1  0  2 -5  2  5 -2 -2 -4 -4  3  0 -5 -4 -1 -2 -5 -4 -3    7   2   5   9   0   9  36   3   0   1   1  17   3   0   0   4   1   0   0   2  0.61 inf
  122 I    0  1 -2 -3 -5 -1 -2 -3 -3 -1  0  6  1 -5 -4 -2 -3  3 -4 -4    8   7   2   1   0   2   1   1   0   3  10  54   4   0   0   2   0   4   0   0  0.85 inf
  123 S   -1  2  0 -1 -5  1  4 -3 -2 -4 -5  4 -1 -5 -2  0 -1 -5 -4 -4    5   9   3   3   0   6  30   1   0   0   0  31   1   0   1   5   2   0   0   1  0.69 inf
  124 K   -2  1 -1  1 -5  2  3 -3 -3 -5 -5  5 -3 -6 -4 -1 -2 -5 -4 -4    3   4   2   7   0   6  24   2   0   0   0  48   0   0   0   2   2   0   0   0  0.93 inf
  125 K   -3  2 -2 -2 -6  2  5 -4 -2 -5 -5  5 -4 -5 -3 -2 -3 -5 -4 -5    0   9   0   0   0   9  39   0   0   0   0  44   0   0   0   0   0   0   0   0  1.14 inf

                      K         Lambda
Standard Ungapped    0.1300     0.3121
Standard Gapped      0.0546     0.2670
PSI Ungapped         0.1784     0.3130
PSI Gapped           0.0546     0.2670
