
Last position-specific scoring matrix computed, weighted observed percentages rounded down, information per position, and relative weight of gapless real matches to pseudocounts
           A  R  N  D  C  Q  E  G  H  I  L  K  M  F  P  S  T  W  Y  V   A   R   N   D   C   Q   E   G   H   I   L   K   M   F   P   S   T   W   Y   V
    1 I   -2 -3 -4 -4 -2 -3 -3 -4 -3  3  4 -3  2  0 -3 -3 -1 -2 -1  2    0   0   0   0   0   0   0   0   0  29  58   0   6   0   0   0   0   0   0   7  0.41 inf
    2 C   -1 -4 -4 -4 10 -4 -5 -3 -4 -2 -2 -4 -2 -3 -4 -2 -2 -3 -3 -2    0   0   0   0 100   0   0   0   0   0   0   0   0   0   0   0   0   0   0   0  1.80 inf
    3 A    2 -2 -1 -2 -1 -1 -1 -1 -2  1 -1 -1  0 -2 -2  2  0 -3 -2  2   29   0   2   0   0   1   0   0   0   4   0   4   0   0   0  21   0   0   0  38  0.18 inf
    4 I   -1 -3 -4 -4 -1 -3 -3 -4 -4  4  1 -3  1 -1 -3 -2 -1 -3 -2  4    0   0   0   0   0   0   0   0   0  47   0   0   0   0   0   0   0   0   0  53  0.48 inf
    5 C   -1 -4 -4 -4 10 -4 -5 -3 -4 -2 -2 -4 -2 -3 -4 -2 -2 -3 -3 -2    0   0   0   0 100   0   0   0   0   0   0   0   0   0   0   0   0   0   0   0  1.80 inf
    6 G    0 -3 -1 -2 -3 -1 -2  6 -3 -4 -4 -2 -3 -4 -1  0 -2 -3 -4 -4    0   0   0   0   0   2   0  93   0   0   0   0   0   0   2   2   0   0   0   0  1.12 inf
    7 D   -2 -2  1  7 -4  0  1 -2 -2 -4 -4 -1 -4 -4 -2 -1 -2 -5 -4 -4    0   0   0  96   0   4   0   0   0   0   0   0   0   0   0   0   0   0   0   0  1.15 inf
    8 R   -2  5 -1 -2 -4  1  0 -3 -1 -3 -3  4 -2 -3 -2 -1 -1 -3 -1 -3    0  58   0   0   0   0   0   0   0   0   0  39   0   0   0   0   0   0   3   0  0.70 inf
    9 S    4 -2 -1 -2 -1 -1 -1  0 -2 -2 -2 -1 -2 -3 -1  3  0 -3 -2 -1   64   0   0   0   0   0   0   0   0   0   0   0   0   0   0  36   0   0   0   0  0.46 inf
   10 S    1 -1  0 -1 -1 -1  0 -1 -1 -3 -2 -1 -2 -3 -1  5  1 -3 -2 -2    0   0   0   0   0   0   2   0   0   0   4   0   0   0   0  94   0   0   0   0  0.59 inf
   11 G    0 -2 -1 -2 -3 -2 -3  6 -3 -5 -4 -2 -3 -4 -3 -1 -2 -3 -4 -4    0   3   0   0   0   0   0  97   0   0   0   0   0   0   0   0   0   0   0   0  1.21 inf
   12 K   -1  4 -1 -1 -4  1  0 -2 -1 -3 -3  5 -2 -4 -2 -1 -1 -4 -2 -3    0  32   0   0   0   0   0   0   0   0   0  68   0   0   0   0   0   0   0   0  0.69 inf
   13 H   -2 -1  0 -2 -4  0 -1 -3  9 -4 -4 -1 -2 -2 -3 -2 -3 -3  1 -4    0   0   0   0   0   0   0   0 100   0   0   0   0   0   0   0   0   0   0   0  1.44 inf
   14 Y   -3 -2 -3 -4 -3 -2 -3 -4  1 -2 -2 -3 -2  3 -4 -2 -2  2  8 -2    0   0   0   0   0   0   0   0   0   0   0   0   0   0   0   0   0   0 100   0  1.32 inf
   15 G    0 -3 -1 -2 -3 -2 -3  7 -3 -5 -4 -2 -3 -4 -3 -1 -2 -3 -4 -4    0   0   0   0   0   0   0 100   0   0   0   0   0   0   0   0   0   0   0   0  1.27 inf
   16 V    2 -2 -3 -3  0  1 -2 -2 -3  1  0 -2  0 -2 -2 -1  0 -3 -2  4   24   0   0   0   2  10   0   0   0   0   2   0   0   0   0   0   0   0   0  62  0.25 inf
   17 Y   -2 -2 -3 -3 -2 -2 -3 -4  1  1  0 -2 -1  4 -3 -2 -1  1  6  1    0   0   0   0   0   0   0   0   2  13   0   3   0  17   0   2   2   0  50  12  0.52 inf
   18 S    1 -1  0 -1 -1 -1 -1 -1 -2 -3 -3 -1 -2 -3 -1  5  3 -3 -2 -2    0   0   0   0   0   0   0   0   0   0   0   0   0   0   0  81  19   0   0   0  0.57 inf
   19 C   -1 -4 -4 -4 10 -4 -5 -3 -4 -2 -2 -4 -2 -3 -4 -2 -2 -3 -3 -2    0   0   0   0 100   0   0   0   0   0   0   0   0   0   0   0   0   0   0   0  1.83 inf
   20 E   -1 -1 -1  1 -5  2  6 -3 -1 -4 -4  0 -3 -4 -2 -1 -1 -4 -3 -3    0   0   0   0   0   0 100   0   0   0   0   0   0   0   0   0   0   0   0   0  1.00 inf
   21 G    0 -3 -1 -2 -3 -2 -3  6 -3 -4 -4 -2 -3 -4 -3 -1 -2 -3 -4 -3    0   0   0   0   0   0   0  98   0   0   0   0   0   0   0   0   0   0   0   2  1.20 inf
   22 C   -1 -4 -4 -4 10 -4 -5 -3 -4 -2 -2 -4 -2 -3 -4 -2 -2 -3 -3 -2    0   0   0   0 100   0   0   0   0   0   0   0   0   0   0   0   0   0   0   0  1.83 inf
   23 K   -1  2 -1 -1 -4  1  1 -2 -1 -3 -3  6 -2 -4 -2 -1 -1 -4 -2 -3    0   0   0   0   0   0   4   0   0   0   0  96   0   0   0   0   0   0   0   0  0.75 inf
   24 G    0 -3 -1 -2 -3 -2 -2  6 -2 -4 -4 -2 -3 -4 -2  1 -1 -3 -3 -4    0   0   0   0   0   0   0  85   0   0   0   0   0   0   0  15   0   0   0   0  1.01 inf
   25 F   -3 -4 -4 -4 -3 -4 -4 -4 -2 -1  0 -4 -1  8 -5 -3 -3  0  3 -1    0   0   0   0   0   0   0   0   0   0   0   0   0 100   0   0   0   0   0   0  1.13 inf
   26 F   -3 -4 -4 -4 -3 -4 -4 -4 -2 -1  0 -4 -1  8 -5 -3 -3  0  3 -1    0   0   0   0   0   0   0   0   0   0   0   0   0 100   0   0   0   0   0   0  1.13 inf
   27 K   -1  2 -1 -1 -4  1  0 -2 -1 -3 -3  6 -2 -4 -2 -1 -1 -4 -3 -3    0   0   0   0   0   0   0   0   0   0   0 100   0   0   0   0   0   0   0   0  0.79 inf
   28 R   -2  7 -1 -2 -4  1 -1 -3 -1 -4 -3  2 -2 -4 -3 -1 -2 -3 -2 -3    0 100   0   0   0   0   0   0   0   0   0   0   0   0   0   0   0   0   0   0  1.07 inf
   29 T    0 -1  0 -1 -1 -1 -1 -1 -2 -2 -2 -1 -1 -3 -1  3  5 -3 -2 -1    0   0   0   0   0   0   0   0   0   0   0   0   0   0   0  42  58   0   0   0  0.53 inf
   30 V   -1 -3 -4 -4 -1 -3 -3 -4 -4  4  1 -3  1 -1 -3 -2 -1 -3 -2  4    0   0   0   0   0   0   0   0   0  33   0   0   0   0   0   0   0   0   0  67  0.49 inf
   31 R   -2  7 -1 -2 -4  1 -1 -3 -1 -4 -3  2 -2 -4 -3 -1 -2 -3 -2 -3    0 100   0   0   0   0   0   0   0   0   0   0   0   0   0   0   0   0   0   0  1.07 inf
   32 K   -1  3 -1 -1 -4  1  0 -2 -1 -3 -3  6 -2 -4 -2 -1 -1 -4 -2 -3    0  15   0   0   0   0   0   0   0   0   0  85   0   0   0   0   0   0   0   0  0.71 inf
   33 D   -2 -1  4  5 -4  2  1 -2  1 -4 -4  0 -3 -4 -2  0 -1 -4 -2 -3    0   0  30  46   0  13   5   0   2   0   0   3   0   0   0   0   0   0   1   0  0.61 inf
   34 L   -2 -3 -4 -4 -2 -3 -4 -4 -3  2  5 -3  2  0 -4 -3 -2 -2 -2  1    0   0   0   0   0   0   0   0   0   3  97   0   0   0   0   0   0   0   0   0  0.63 inf
   35 T    0 -2  0 -1  0 -1 -1  2 -1  0 -2 -1 -1 -3 -2  2  4 -3 -2  0    0   0   2   0   2   2   0  15   1   5   0   1   0   0   0  18  48   0   0   6  0.28 inf
   36 Y   -3 -2 -3 -4 -3 -2 -3 -4  1 -2 -2 -3 -2  3 -4 -2 -2  2  8 -2    0   0   0   0   0   0   0   0   0   0   0   0   0   0   0   0   0   0 100   0  1.32 inf
   37 T    2 -2 -1 -2 -1 -1 -1 -1 -2 -1 -1 -1 -1 -2 -1  2  4 -3 -2  0   28   0   0   0   0   0   0   0   0   3   2   0   0   0   0  15  48   0   0   4  0.33 inf
   38 C   -1 -4 -4 -4 10 -4 -5 -3 -4 -2 -2 -4 -2 -3 -4 -2 -2 -3 -3 -2    0   0   0   0 100   0   0   0   0   0   0   0   0   0   0   0   0   0   0   0  1.83 inf
   39 R   -2  7 -1 -2 -4  1 -1 -3 -1 -4 -3  2 -2 -4 -3 -1 -2 -3 -2 -3    0 100   0   0   0   0   0   0   0   0   0   0   0   0   0   0   0   0   0   0  1.07 inf
   40 D   -1 -2  0  4 -3  0  2  3 -2 -4 -4 -1 -3 -4 -2  0 -1 -4 -3 -3    2   0   0  40   0   0  17  34   0   0   0   0   0   0   0   7   0   0   0   0  0.56 inf
   41 N   -1 -1  4  2 -3  0  2 -1  0 -3 -4  0 -2 -3 -2  2  0 -4 -3 -3    0   0  40  13   0   0  13   2   0   0   0   2   0   0   0  28   2   0   0   0  0.46 inf
   42 K   -1  4 -1 -1 -4  2  0 -1 -1 -3 -3  4 -2 -4 -2 -1 -1 -3 -2 -3    0  36   0   0   0   5   0   2   0   0   0  54   0   0   0   0   2   0   0   0  0.60 inf
   43 D   -1  0  4  5 -3  0  2 -1  1 -4 -4  0 -3 -4 -2  1 -1 -4 -3 -3    0   3  28  44   0   3   8   2   3   0   0   0   0   0   0  10   0   0   0   0  0.57 inf
   44 C   -1 -4 -4 -4 10 -4 -5 -3 -4 -2 -2 -4 -2 -3 -4 -2 -2 -3 -3 -2    0   0   0   0 100   0   0   0   0   0   0   0   0   0   0   0   0   0   0   0  1.83 inf
   45 L   -1 -2 -2 -1 -2  0 -1 -3 -2  2  1 -1  1 -1  4 -1  0 -3 -2  1    0   0   0   3   0   8   4   0   0  17  15   0   7   0  22   3   7   0   0  15  0.26 inf
   46 I   -1 -3 -4 -4 -2 -3 -4 -4 -4  5  1 -3  1 -1 -3 -3 -1 -3 -2  4    0   0   0   0   0   0   0   0   0  66   0   0   0   0   0   0   0   0   0  34  0.51 inf
   47 D   -2 -2  3  6 -4 -1  1 -2 -1 -2 -4 -1 -3 -4 -2  0  1 -5 -3 -3    0   0  16  71   0   0   0   0   0   2   0   0   0   0   0   0  11   0   0   0  0.78 inf
   48 K   -1  2 -1 -1 -4  3  1 -2 -1 -3 -3  5 -2 -4 -2 -1 -1 -3 -2 -3    0   2   0   0   0  15   0   0   0   0   0  84   0   0   0   0   0   0   0   0  0.68 inf
   49 R   -2  5  0 -2 -4  0 -1 -3  6 -3 -2  1 -2 -1 -1 -1 -1 -3  0 -3    0  52   0   0   0   0   0   0  35   0   2   4   0   3   2   0   3   0   0   0  0.62 inf
   50 Q   -2  0  0 -1 -4  5  1 -3  6 -3 -2  0 -1 -2 -2 -1 -2 -2  1 -3    0   0   2   0   0  54   0   0  38   0   2   0   0   0   0   0   0   0   3   0  0.70 inf
   51 R   -2  7 -1 -2 -4  1 -1 -3 -1 -4 -3  2 -2 -4 -3 -1 -2 -3 -2 -3    0 100   0   0   0   0   0   0   0   0   0   0   0   0   0   0   0   0   0   0  1.07 inf
   52 N   -2 -1  7  1 -3 -1 -1 -1  0 -4 -4 -1 -3 -4 -3  0 -1 -5 -3 -4    0   0 100   0   0   0   0   0   0   0   0   0   0   0   0   0   0   0   0   0  1.08 inf
   53 R   -2  6 -1 -2 -4  3  0 -3 -1 -4 -3  2 -2 -4 -3 -1 -2 -3 -2 -3    0  85   0   0   0  15   0   0   0   0   0   0   0   0   0   0   0   0   0   0  0.90 inf
   54 C   -1 -4 -4 -4 10 -4 -5 -3 -4 -2 -2 -4 -2 -3 -4 -2 -2 -3 -3 -2    0   0   0   0 100   0   0   0   0   0   0   0   0   0   0   0   0   0   0   0  1.83 inf
   55 Q   -1  0 -1 -1 -4  7  1 -3  0 -4 -3  1 -1 -4 -2 -1 -1 -3 -2 -3    0   0   0   0   0 100   0   0   0   0   0   0   0   0   0   0   0   0   0   0  1.02 inf
   56 Y   -3 -2 -3 -4 -3 -2 -3 -4  2 -2 -1 -3 -1  4 -4 -2 -2  2  8 -2    0   0   0   0   0   0   0   0   2   0   0   0   0  12   0   0   0   0  86   0  1.14 inf
   57 C   -1 -4 -4 -4 10 -4 -5 -3 -4 -2 -2 -4 -2 -3 -4 -2 -2 -3 -3 -2    0   0   0   0  98   0   0   0   0   0   0   0   0   0   0   0   0   0   0   0  1.76 inf
   58 R   -2  7 -1 -2 -4  1 -1 -3 -1 -4 -3  2 -2 -4 -3 -1 -2 -3 -2 -3    0 100   0   0   0   0   0   0   0   0   0   0   0   0   0   0   0   0   0   0  1.07 inf
   59 Y   -2 -2 -3 -4 -2 -2 -3 -4  0  0  3 -3  0  3 -4 -3 -2  1  6 -1    0   0   0   0   0   0   0   0   0   0  39   0   0   5   0   0   0   0  56   0  0.64 inf
   60 Q   -1  2  0 -1 -4  6  1 -2  0 -3 -2  2  1 -4 -2 -1 -1 -3 -2 -3    0  10   4   0   0  71   0   0   0   0   0  10   5   0   0   0   0   0   0   0  0.65 inf
   61 K   -1  3 -1 -1 -4  1  0 -2 -1 -3 -3  6 -2 -4 -2 -1 -1 -4 -2 -3    0   6   0   0   0   0   0   0   0   0   0  94   0   0   0   0   0   0   0   0  0.75 inf
   62 C   -1 -4 -4 -4 10 -4 -5 -3 -4 -2 -2 -4 -2 -3 -4 -2 -2 -3 -3 -2    0   0   0   0 100   0   0   0   0   0   0   0   0   0   0   0   0   0   0   0  1.83 inf
   63 L   -2 -3 -4 -4 -2 -2 -3 -4 -3  2  4 -3  3  1 -3 -3 -1 -2 -1  1    0   0   0   0   0   2   0   0   0   5  77   0  10   2   0   0   0   0   0   5  0.47 inf
   64 A    2  0  0 -1 -2  1  0  0 -1 -1 -1  1 -1 -3 -1  1  1 -3 -2 -1   37   4   3   2   0   6   2   4   0   1   4  14   1   0   0  11   9   0   0   2  0.16 inf
   65 M   -1 -2 -3 -3  2 -1 -2 -3 -2  1  1 -2  6  0 -3 -1  0 -2 -1  2    3   0   0   0   7   1   0   0   0   2   4   0  57   2   0   2   6   0   0  15  0.34 inf
   66 G    0 -3 -1 -2 -3 -2 -3  7 -3 -5 -4 -2 -3 -4 -3 -1 -2 -3 -4 -4    0   0   0   0   0   0   0 100   0   0   0   0   0   0   0   0   0   0   0   0  1.26 inf
   67 M   -2 -2 -3 -4 -2 -1 -3 -4 -2  1  2 -2  8 -1 -3 -2 -1 -2 -2  0    0   0   0   0   0   0   0   0   0   0   0   0 100   0   0   0   0   0   0   0  0.87 inf
   68 K   -1  4 -1 -1 -4  1  0 -2 -1 -3 -3  5 -2 -4 -2 -1 -1 -4 -2 -3    0  34   0   0   0   0   0   0   0   0   0  66   0   0   0   0   0   0   0   0  0.68 inf
   69 R    0  5 -1 -2 -3  2  0 -2 -1 -3 -2  2 -1 -3 -2  1  0 -3 -2 -2    6  60   0   0   0   9   0   0   0   0   0   5   2   0   0  16   2   0   0   0  0.51 inf
   70 E   -1 -1  0  3 -4  1  6 -3 -1 -4 -4  0 -3 -4 -2 -1 -1 -4 -3 -3    0   0   0  16   0   0  84   0   0   0   0   0   0   0   0   0   0   0   0   0  0.86 inf
   71 A    4 -2 -1 -1 -1 -1 -1  0 -2 -2 -2 -1 -2 -3 -1  3  0 -3 -2 -1   65   0   0   1   0   0   0   3   0   0   0   0   0   0   0  29   0   0   0   2  0.42 inf
   72 V   -1 -3 -4 -4 -1 -3 -3 -4 -4  2  1 -3  1 -1 -3 -2 -1 -3 -2  5    0   0   0   0   0   0   0   0   0   2   2   0   2   0   0   0   0   0   0  95  0.54 inf
   73 Q   -1  1  0 -1 -4  7  2 -2  0 -4 -3  1 -1 -4 -2 -1 -1 -3 -2 -3    0   0   0   0   0  97   0   0   0   0   0   3   0   0   0   0   0   0   0   0  0.93 inf

                      K         Lambda
Standard Ungapped    0.1407     0.3293
Standard Gapped      0.0509     0.2670
PSI Ungapped         0.1659     0.3246
PSI Gapped           0.0509     0.2670
