
Last position-specific scoring matrix computed, weighted observed percentages rounded down, information per position, and relative weight of gapless real matches to pseudocounts
           A  R  N  D  C  Q  E  G  H  I  L  K  M  F  P  S  T  W  Y  V   A   R   N   D   C   Q   E   G   H   I   L   K   M   F   P   S   T   W   Y   V
    1 M   -4 -5 -6 -7 -5 -4 -5 -6 -5  0  1 -5 10 -3 -6 -5 -4 -5 -4 -2    0   0   0   0   0   0   0   0   0   3   6   0  90   0   0   0   0   0   0   0  2.67 inf
    2 K   -1  1  2 -1 -4  1  1 -3  0 -3 -3  3  1 -4 -3  0  3 -4 -3 -2    4   7  10   3   0   7   6   0   3   1   0  25   6   0   0   5  22   0   0   1  0.39 inf
    3 K   -1  2  3  1 -4  3  0 -3  2 -4 -4  2 -1 -4  2  0  0 -5 -3 -2    3  11  18   8   0  13   4   0   7   0   1  12   1   0   9   4   7   0   0   2  0.41 inf
    4 A    3 -1  1  0 -3  2  1 -2 -2 -1 -2  1 -1 -4  2  1  1 -4 -3 -1   27   2   6   4   0   9   7   1   1   3   2   7   2   0  10   7  11   0   0   2  0.26 inf
    5 T    1 -1 -1  0 -1  0 -1 -1 -1  0  0 -1  1 -2  1  1  2 -3 -2 -1   15   3   2   5   1   4   2   5   1   6  12   4   4   1   8  10  17   0   0   3  0.10 inf
    6 C    0  0  0 -2 -2 -1 -2 -2  0 -1  0 -2  0  2  0  0  1  4  3 -1   10   6   5   2   1   3   2   1   2   2   7   0   3  12   4   7  10   7  15   3  0.19 inf
    7 L    0 -3 -2 -1 -2 -2 -2 -3 -2  2  2 -1  1 -2  1 -1  2 -4 -3  0    6   1   1   4   0   1   1   1   1  14  27   3   4   1   7   4  19   0   0   5  0.27 inf
    8 T   -1 -3 -1  3 -3 -2  2 -3 -2 -2  0 -2 -1 -4 -3  2  4 -5 -4 -2    4   1   2  15   0   0  12   1   0   2   9   0   1   0   1  18  32   0   0   1  0.49 inf
    9 D   -2 -1  0  6 -5  1  2 -3 -1 -4 -5 -2 -4 -1  2 -1  0 -5 -4 -4    2   3   3  43   0   7  14   1   1   1   0   1   0   3  10   3   7   0   0   0  0.77 inf
   10 D   -1 -4 -1  7 -7 -1  4 -4 -2 -6 -6 -3 -6 -7 -5 -1 -3 -7 -6 -6    4   0   2  60   0   1  26   0   1   0   0   0   0   0   0   3   1   0   0   0  1.59 inf
   11 Q    2  1 -3  0 -3  2  2 -3 -1 -2 -3 -1 -2 -5  4  0 -1 -3 -4 -3   19   7   0   5   0   9  17   1   1   2   2   1   1   0  24   5   4   0   0   1  0.54 inf
   12 R   -1  7 -4 -5  4  0 -4 -5 -1 -5 -3  1  0 -2 -5 -4 -4 -5 -1 -5    4  65   0   0  10   4   0   0   1   0   2   7   3   2   0   0   0   0   3   0  1.49 inf
   13 W   -8 -4 -9 -9 -7 -7 -8 -8 -5 -8 -6 -8 -6 -2 -9 -8 -8 13 -1 -8    0   1   0   0   0   0   0   0   0   0   0   0   0   1   0   0   0  97   1   0  4.93 inf
   14 Q    3  1 -1  0 -5  6  0 -4 -1 -4 -2  0 -3 -5 -3 -1 -2 -5 -4 -3   26   8   3   4   0  40   5   0   2   0   3   3   0   0   1   2   1   0   0   1  0.82 inf
   15 S    7  0 -5 -4 -4 -1 -4 -3 -5 -2 -5 -1 -3 -6 -4 -1 -3 -6 -5 -4   82   6   0   0   0   2   0   0   0   2   0   4   0   0   0   2   0   0   0   0  1.55 inf
   16 V   -3 -6 -6 -6 -4 -5 -6 -6 -6  4  1 -5 -1  0 -6 -5 -2 -5 -4  6    1   0   0   0   0   0   0   0   0  26  13   0   1   4   0   0   1   0   0  55  1.28 inf
   17 L   -1 -2 -3 -4  2  2 -1 -5 -4  2  3 -2  0 -3 -4 -2 -1 -4 -3  3    3   2   1   0   5  11   4   0   0  13  28   1   1   0   0   1   3   0   0  26  0.45 inf
   18 A    4  1  2  0 -4  0  1 -2  2 -4 -4 -2 -3 -5 -3  1  1 -5 -3 -3   37   8  10   5   0   3  10   2   5   0   0   1   0   0   0   8   8   0   0   0  0.47 inf
   19 R   -5  8  3 -5  1 -2 -4 -6 -2 -7 -6 -1 -5 -7 -6 -3 -5 -7 -6 -6    0  78  15   0   3   1   0   0   1   0   0   2   0   0   0   1   0   0   0   0  2.12 inf
   20 D   -5 -2  2  8 -8 -3 -1 -5 -5 -7 -8 -3 -7 -8 -6 -3 -5 -8 -7 -7    0   2   7  87   0   1   2   0   0   0   0   1   0   0   0   1   0   0   0   0  2.38 inf
   21 P    3  2 -3 -3 -4 -1 -2 -2 -2 -3 -4  2 -3 -5  4  1  0 -5 -4 -3   30  11   0   1   0   2   1   1   1   1   0  13   0   0  19  11   6   0   0   1  0.59 inf
   22 N    3  1 -1 -1 -2  0 -1  0  1 -4 -3 -1 -2 -4 -2  3  2 -5 -4 -3   25   9   3   3   1   3   3   6   4   0   2   3   0   0   1  26  11   0   0   0  0.40 inf
   23 A    5 -3 -5 -5 -2  0 -4 -3 -2 -3 -2 -4  0  3 -4 -1 -3 -1  4 -3   58   1   0   0   1   4   0   0   1   1   2   0   2  10   0   3   0   1  15   0  1.01 inf
   24 D   -5 -4 -1  8 -5 -4 -1 -4 -5 -7 -6 -4 -7 -7 -5 -3 -3 -8 -7 -6    1   1   2  90   0   0   2   1   0   0   1   0   0   0   0   1   2   0   0   0  2.43 inf
   25 G   -1 -4  0  0 -3 -3 -3  7 -1 -6 -6 -4 -5 -5 -4 -2 -1 -6 -6 -5    4   1   4   5   1   1   1  75   1   0   0   0   0   0   1   1   4   0   0   0  1.54 inf
   26 E    1  3 -2 -1  0  3  0 -3  3 -2 -1  1 -2 -2 -2 -1  0 -4  0 -1   11  16   0   3   2  19   4   1   9   2   7   7   0   1   1   3   5   0   3   5  0.27 inf
   27 F   -7 -7 -7 -8 -7 -8 -8 -8 -6 -4 -2 -5 -4  9 -8 -7 -6 -3 -1 -5    0   0   0   0   0   0   0   0   0   0   2   1   0  97   0   0   0   0   0   0  3.15 inf
   28 V   -4 -6 -6 -7 -3 -6 -6 -7 -5  0 -2 -6 -3  4 -6 -5 -4  4  3  6    0   0   0   0   0   0   0   0   0   4   1   0   0  19   0   0   0   6  10  59  1.42 inf
   29 F   -6 -6 -6 -7 -4 -6 -6 -3 -3 -4 -4 -6 -3  4 -7 -5  0 -2  9 -3    0   0   0   0   0   0   0   3   0   1   0   0   0  13   0   0   6   0  74   1  2.39 inf
   30 A    6 -5 -4 -5  1 -4 -4  3 -5 -5 -5 -4 -5 -6 -4  1 -3 -6 -5 -3   61   0   0   0   3   0   0  24   0   0   0   0   0   0   0  11   0   0   0   1  1.26 inf
   31 V   -4 -7 -7 -7 -5 -6 -7 -7 -7 -1 -3 -6 -3 -5 -7 -6 -4 -7 -5  8    0   0   0   0   0   0   0   0   0   0   0   0   0   0   0   0   0   0   0 100  2.49 inf
   32 R   -1  5 -3 -4 -3  1 -2 -4  0 -2  0  5 -1 -5 -4 -2 -1 -5 -4 -2    4  33   0   0   0   5   1   0   2   2   9  36   1   0   0   2   3   0   0   2  0.84 inf
   33 T   -4 -5 -4 -5 -5 -5 -5 -5 -6 -5 -5 -5 -5 -6 -5  3  8 -7 -6 -4    0   0   0   0   0   0   0   0   0   0   0   0   0   0   0  18  82   0   0   0  2.11 inf
   34 T   -4 -5 -4 -5 -5 -5 -5 -6 -6 -5 -6 -5 -5 -6 -5 -1  8 -7 -6 -4    0   0   0   0   0   0   0   0   0   0   0   0   0   0   0   3  97   0   0   0  2.56 inf
   35 G   -2 -2 -3 -5 -3 -2 -5  7 -6 -7 -7  0 -6 -7 -6 -4 -5 -6 -7 -7    2   2   1   0   1   2   0  87   0   0   0   7   0   0   0   0   0   0   0   0  2.07 inf
   36 I   -4 -4 -7 -7 -4 -6 -6 -7 -7  7 -2 -6 -1 -3 -6 -5 -2 -6 -5  5    0   1   0   0   0   0   0   0   0  58   0   0   1   0   0   0   2   0   0  38  1.69 inf
   37 F   -6 -6 -7 -7  0 -6 -7 -7 -3 -5 -5 -6 -5  6 -7 -6 -6  1  9 -5    0   0   0   0   2   0   0   0   0   0   0   0   0  26   0   0   0   2  71   0  2.69 inf
   38 R   -5  8 -4 -6  5 -3 -4 -4  2 -7 -6  1 -5 -7 -6 -5 -5 -7 -5 -6    0  77   0   0  10   0   0   2   5   0   0   6   0   0   0   0   0   0   0   0  2.11 inf
   39 P   -4 -7 -7 -6 -3 -6 -6 -7 -7 -7 -7 -6 -7 -8  9 -5 -6 -8 -8 -7    1   0   0   0   1   0   0   0   0   0   0   0   0   0  99   0   0   0   0   0  3.38 inf
   40 S   -2 -4 -2 -3 -1 -3 -4  0 -3 -3 -6 -4 -5 -6 -5  7  0 -7 -5 -4    1   0   1   1   1   1   0   5   0   2   0   0   0   0   0  83   4   0   0   1  1.65 inf
   41 C   -1 -7 -4 -7 11 -7 -7 -4 -7 -6 -6 -7 -6 -7 -7  2 -3 -7 -7 -5    4   0   1   0  79   0   0   1   0   0   0   0   0   0   0  14   2   0   0   0  3.14 inf
   42 R    2  1 -4 -4 -3 -3 -3 -1 -4 -4 -3  3 -4 -6  5  0 -1 -6 -5 -2   19   8   0   0   0   0   0   5   0   0   2  21   0   0  34   6   3   0   0   2  0.86 inf
   43 A    4 -4 -3 -4 -4 -4 -4 -2 -5 -5 -5 -3 -5 -6 -4  5  0 -6 -5 -3   41   0   0   0   0   0   0   3   0   0   0   1   0   0   0  51   3   0   0   2  1.28 inf
   44 R   -6  8 -5 -6 -8 -3 -4 -7 -4 -7 -6  1 -6 -7 -6 -5 -5 -7 -6 -7    0  95   0   0   0   0   0   0   0   0   0   5   0   0   0   0   0   0   0   0  2.74 inf
   45 H   -1  3 -3 -4 -4  1 -2 -4  4 -1  3  0  0 -3  2 -3  0 -4 -3 -1    4  19   0   0   0   6   1   1  10   3  29   4   1   0   9   0   7   0   0   4  0.40 inf
   46 A    3 -6 -6 -6 -4 -5 -5 -4 -6 -6 -6 -5 -6 -7  8 -4 -4 -7 -7 -6   26   0   0   0   0   0   0   1   0   0   0   0   0   0  72   0   0   0   0   0  2.35 inf
   47 L   -2  5  3 -4 -6 -1 -2 -4  0 -4  0  5 -4 -5 -5 -3 -4 -6 -5 -5    3  36  15   0   0   1   0   1   2   1   9  32   0   0   0   1   0   0   0   0  1.01 inf
   48 R   -3  7 -4 -5 -7 -2 -3 -6 -4 -3 -6  1 -5 -4  5 -4 -5 -3 -4 -5    2  61   0   0   0   1   0   0   0   2   0   8   0   1  25   0   0   0   1   0  1.69 inf
   49 E    0 -2  0  1 -6  1  6 -2 -2 -4 -6  1 -2 -6 -4 -1 -3 -6 -5 -5    9   1   5   5   0   4  59   2   1   1   0   8   1   0   0   3   1   0   0   0  1.08 inf
   50 N   -6 -2  9 -3 -7 -1 -4 -4  2 -8 -8 -4 -6 -7 -6 -4 -4 -8 -6 -7    0   2  91   0   0   3   0   0   4   0   0   0   0   0   0   0   0   0   0   0  2.68 inf
   51 V   -3 -6 -6 -7 -4 -6 -6 -7 -7  2 -2 -6  1 -4 -6 -5 -1 -6 -5  7    0   0   0   0   0   0   0   0   0  10   1   0   4   0   0   0   3   0   0  82  1.84 inf
   52 S    0  4 -2  0  0  1  3 -2 -2 -2 -2 -1 -2 -4 -4  0  0 -5 -4  0    8  27   0   4   3   5  21   3   0   2   4   0   1   0   0   8   6   0   0   9  0.38 inf
   53 F   -6 -5 -7 -7 -6 -7 -7 -7 -5  2 -1 -7 -4  9 -7 -6 -5 -3  0 -2    0   1   0   0   0   0   0   0   0  10   4   0   0  82   0   0   0   0   2   2  2.41 inf
   54 Y   -6 -6 -6 -7 -3 -5 -6 -7  5 -4 -2 -6 -4  8 -7 -6 -6 -3  5 -4    0   0   0   0   1   0   0   0  14   0   3   0   0  63   0   0   0   0  19   0  2.14 inf
   55 A    3 -1 -1  4 -3  1  1 -3 -1 -4 -3 -2 -3 -4  1  0  0 -5 -4 -3   28   3   1  30   0   5   6   1   1   0   3   1   0   0   8   4   5   0   0   1  0.53 inf
   56 N   -2 -2  3  4 -3 -2 -2 -2  0 -5 -4 -3 -4 -5 -4  3  4 -6 -4 -4    1   1  15  21   0   1   1   2   2   0   1   0   0   0   0  21  32   0   0   0  0.81 inf
   57 A    4 -1 -2 -3  2 -3 -1  0 -4 -1 -2 -3 -3 -4  4 -1 -1 -1 -4 -1   40   3   2   0   5   0   3   8   0   3   3   1   0   1  22   3   4   1   0   3  0.64 inf
   58 S    3 -1 -3  1 -4  3  4 -2  1 -4 -4 -1 -3 -5 -2  0 -1 -5 -3 -2   32   2   0   8   0  12  26   1   3   0   1   3   0   0   1   6   2   0   1   2  0.57 inf
   59 E    3 -3 -2  1 -5  5  4 -3  0 -3 -3 -2 -3 -5 -4 -1 -2 -5 -4 -3   29   0   1   7   0  26  24   1   2   1   2   1   0   0   0   4   1   0   0   1  0.78 inf
   60 A    7 -6 -6 -6 -4 -5 -5 -4 -6 -5 -5 -5 -5 -6 -5 -3 -4 -7 -6 -2   98   0   0   0   0   0   0   0   0   0   0   0   0   0   0   0   0   0   0   2  2.22 inf
   61 L   -2  3 -4 -2 -4  2  6 -5 -3 -1  1 -1 -2 -5 -4 -3 -4 -6 -5 -2    2  15   0   0   0   9  51   0   0   4  14   2   0   0   0   0   0   0   0   2  0.94 inf
   62 A    5  1 -2 -2 -4  1  1 -2 -1 -3 -3 -1 -4 -5 -4  0 -1 -5 -3 -3   54   9   1   2   0   8   7   1   1   1   2   4   0   0   0   6   4   0   0   1  0.69 inf
   63 A    6 -4 -2 -3 -4  0  1 -3  0 -5 -5 -3 -4 -5 -4 -2 -1 -6 -5 -3   75   0   2   1   0   4  10   0   2   0   0   1   0   0   0   1   2   0   0   1  1.29 inf
   64 G   -4 -3  0 -4 -6 -3 -4  7  0 -8 -7 -3 -6 -7 -6 -4 -4 -6 -6 -7    0   1   4   0   0   1   1  88   3   0   0   1   0   0   0   0   0   0   0   0  2.14 inf
   65 F   -6 -6 -7 -7 -2 -6 -7 -7 -4 -4 -1 -7 -4  8 -7 -6 -6 -2  7 -5    0   0   0   0   1   0   0   0   0   0   5   0   0  62   0   0   0   0  33   0  2.38 inf
   66 R   -6  9 -5 -6 -3 -3 -4 -7 -5 -6 -6 -2 -6 -7 -7 -5 -5 -7 -6 -5    0  98   0   0   1   0   0   0   0   0   0   0   0   0   0   0   0   0   0   1  2.85 inf
   67 P    3 -6 -6 -4 -3 -5 -4 -5 -6 -6 -6 -5 -6 -7  8 -3 -4 -7 -5 -5   28   0   0   1   0   0   1   0   0   0   0   0   0   0  68   1   0   0   0   0  2.19 inf
   68 C   -4 -7 -4 -7 11 -7 -7 -1 -7 -6 -6 -7 -6 -7 -7  2 -5 -7 -7 -5    0   0   1   0  79   0   0   4   0   0   0   0   0   0   0  15   0   0   0   0  3.19 inf
   69 K   -4  4 -4 -4 -6  0 -3 -4 -2 -5  0  7 -1 -6 -5 -4 -4 -6 -5 -5    0  19   0   0   0   4   0   1   1   0  10  64   1   0   0   0   0   0   0   0  1.45 inf
   70 R   -6  8 -5 -6 -8 -3 -4 -6 -1 -5 -6 -1 -5 -7 -6 -4 -5 -7 -6 -7    0  96   0   0   0   0   0   0   1   1   0   1   0   0   0   0   0   0   0   0  2.74 inf
   71 C    0 -2 -4 -7 11 -6 -5 -6 -3 -3 -4 -6 -5 -2 -5 -3 -4 -6 -5 -4    8   2   1   0  79   0   1   0   1   1   1   0   0   2   0   2   1   0   0   0  2.95 inf
   72 Q    0  4  0 -2 -2  3 -1 -3  0 -3 -2  4 -1 -5 -4 -1 -1 -3 -4 -4    7  27   4   1   1  17   1   1   2   1   4  24   1   0   0   4   3   0   0   0  0.61 inf
   73 P   -2 -1 -3 -5 -5 -2 -4 -1 -5 -6 -6 -2 -6 -7  8 -2 -3 -7 -6 -6    3   4   1   0   0   1   1   6   0   0   0   2   0   0  76   2   1   0   0   0  2.17 inf
   74 D   -1 -1  2  5 -3  1  2 -1  0 -5 -4 -1 -4 -5 -3 -1  1 -5 -4 -4    4   3   8  41   0   6  12   5   2   0   1   3   0   0   1   3  10   0   0   0  0.73 inf
   75 K    0  1 -1  0 -3  3  1  3 -2 -3 -2  0 -1 -3 -3 -1  0 -4 -3 -3    6   7   2   5   0  19  10  29   1   1   5   5   1   1   1   1   5   0   1   2  0.39 inf
   76 A    1 -1 -1 -1 -2  1  1 -2 -1  0  0 -1 -1 -2  3  1  1 -4 -3  0   10   4   1   3   0   7   9   2   2   4  10   1   1   1  16  11   9   0   0   8  0.20 inf
   77 N    1  2  0  0 -2  1 -1  1  0 -2 -2 -1 -1 -4  2  3  0 -3 -3 -3   15  12   3   5   1   6   2   8   2   2   2   1   2   0   8  23   6   0   0   0  0.26 inf
   78 P    1  1 -3 -3 -3  0 -2 -4 -3 -1  2 -2  0 -3  5 -1 -1 -4 -3  0   14  11   1   1   0   4   1   0   0   1  21   1   2   1  28   3   3   0   0   8  0.50 inf
   79 R    2  1  0  3 -3  2  1 -2  0 -2 -2 -1 -2 -3  1  0  0 -3 -3 -2   20   7   4  19   0  10   8   2   2   2   2   1   1   1   8   4   6   0   0   2  0.28 inf
   80 Q    2  1  0  2 -4  3  3 -2  2 -3 -2 -1 -3 -4 -2 -1 -1 -3 -2 -3   19   6   4  10   0  16  24   1   5   1   3   1   0   0   1   4   3   0   1   1  0.43 inf
   81 H    0  3 -2  0 -4  4  3 -2  1 -3 -2  0 -2 -1  1 -1 -1 -1 -3 -3    7  18   0   6   0  20  18   2   4   2   3   3   0   3   6   3   3   1   0   1  0.40 inf
   82 R    1  2  0 -2 -5  3  0 -3  6 -4 -2  0 -2 -3 -2 -2 -2  6  1 -4   14  11   4   1   0  14   5   1  19   0   4   4   1   0   2   1   2  12   6   0  0.62 inf
   83 L    4 -2 -3 -1 -2  0 -2 -3 -3  1  1 -2 -1 -2 -3 -1 -1  1 -2  3   38   1   0   4   0   4   1   0   0   6  12   1   1   1   1   2   3   2   1  20  0.38 inf
   84 D    4 -1 -2  1 -4  1  3 -2 -2 -1 -2 -2 -2 -4 -3 -1 -1 -5 -3 -2   40   3   0   8   0   7  23   2   1   4   2   1   1   0   0   2   3   0   0   2  0.53 inf
   85 K    1  1 -3 -3 -1  3 -1 -3 -1  0  2  2  1 -2 -3 -2 -1  1 -3 -1   11   8   0   1   1  14   2   1   1   5  23  17   4   1   0   1   4   2   0   4  0.23 inf
   86 I    0 -3 -4 -5 -4 -3 -4 -6 -3  5 -2 -5 -1 -4 -5 -4 -3 -6 -4  5    9   2   1   1   0   1   1   0   1  36   0   0   1   0   0   1   0   0   0  47  1.18 inf
   87 T    4 -1 -2 -2 -2  0  1 -3 -3  1 -1 -1 -2 -4 -3  0  2 -5 -4  1   40   4   1   1   1   3   8   1   0   8   4   3   0   0   0   4  14   0   0   9  0.39 inf
   88 H    2  3 -1  1 -2  3  2 -3  1 -3 -2  1 -2 -5 -3 -1 -1 -5 -4 -3   23  21   2   7   1  12  12   0   3   1   4   7   0   0   0   1   4   0   0   1  0.42 inf
   89 A    6 -4 -5 -4 -1 -3 -4 -3 -4  0 -1 -3 -3  0 -4 -2 -1 -3  3  0   63   0   0   0   1   0   0   0   0   4   6   1   0   3   0   0   3   0   9   6  0.91 inf
   90 C   -3 -5 -6 -6 10 -5 -7 -5 -6  3 -2 -6 -2 -1 -6 -5 -5 -2 -3 -1    2   1   0   0  69   1   0   1   0  15   3   0   1   3   0   0   0   1   1   4  2.50 inf
   91 R    0  7 -2  1 -6  0  0 -5 -1 -1 -3  0 -2 -4 -5 -3 -4 -3 -5 -4    7  62   1   8   0   3   6   0   1   3   2   3   1   1   0   1   0   0   0   1  1.20 inf
   92 L    0  0 -2 -2 -2  0 -1 -3  1  1  3 -1  1  0 -3 -1  0 -1  2  0    7   6   1   2   1   5   4   1   4   8  31   4   4   3   0   4   4   1   9   3  0.16 inf
   93 L   -2 -2  0 -4 -4 -3 -2 -4  2  6  2 -2  1 -2 -5 -3 -3 -5 -3 -1    4   2   5   1   0   1   3   1   6  52  18   2   2   0   0   1   1   0   0   1  0.80 inf
   94 E    0 -2 -2  2 -3  0  6 -5  3 -5 -5 -2 -5 -2 -3 -2 -3 -5  2 -5    8   1   1   9   1   3  58   0   6   0   0   1   0   2   1   1   1   0   7   0  1.11 inf
   95 Q    4 -2 -2 -1 -4  4  0 -2 -1 -4 -4 -2 -2 -3 -4  1  0 -4  2 -3   43   1   1   2   0  19   4   2   2   0   0   0   1   0   0  10   5   0   8   0  0.65 inf
   96 E    0 -2 -1  3 -4  0  6 -3 -1 -6 -5  0 -5 -6 -3 -1 -3 -6 -5 -5    8   1   3  18   0   4  54   2   1   0   0   4   0   0   1   4   0   0   0   0  1.06 inf
   97 T    0 -1 -1  2 -2  2  3 -1  0 -3 -4 -1 -2 -4  0  1  3 -2 -3 -2    7   2   1  10   1  11  20   4   2   1   0   2   1   0   4   8  23   1   0   2  0.36 inf
   98 P    1  1 -1 -2 -4 -1  0 -3 -3 -2 -1  0  1 -3  5  0  0 -4 -4 -2   10   7   3   1   0   2   6   1   0   2   7   5   5   1  35   6   6   0   0   3  0.58 inf
   99 V   -4 -5 -6 -5 -5 -4 -5 -6 -6 -1  3 -5  1 -2  7 -4 -2 -6 -5  0    1   0   0   0   0   0   0   0   0   3  32   0   3   2  51   0   2   0   0   7  1.45 inf
  100 T   -1 -1  0 -1 -4 -2 -3 -2 -4 -4 -5 -1 -3 -5  0  4  5 -6 -5 -3    4   4   5   2   0   1   0   2   0   0   0   3   0   0   4  30  43   0   0   0  0.90 inf
  101 L   -5 -6 -7 -8 -5 -6 -7 -8 -7 -2  7 -6 -1 -2 -7 -6 -4 -5 -5 -2    0   0   0   0   0   0   0   0   0   0  97   0   0   1   0   0   1   0   0   0  2.05 inf
  102 E    2 -1  1  4 -4  1  3 -2  0 -4 -5 -1 -4 -5 -2  0 -1 -5 -4 -4   23   2   5  24   0   5  23   2   3   0   0   2   0   0   2   6   3   0   0   0  0.59 inf
  103 A    2 -1 -2  2 -4  3  4 -3 -1 -1 -3 -1 -1 -4 -3 -1  0 -5 -4  0   18   2   1  10   0  15  30   0   1   3   1   2   2   0   0   3   6   0   0   6  0.50 inf
  104 L   -5 -6 -7 -7 -5 -6 -6 -7 -6  2  6 -6  2 -2 -6 -6 -5 -5 -4 -1    0   0   0   0   0   0   0   0   0   9  85   0   4   0   0   0   0   0   0   2  1.70 inf
  105 A    7 -5 -5 -5 -2 -5 -5 -1 -5 -5 -5 -4 -5 -6 -5  0 -4 -6 -6 -3   89   0   0   0   1   0   0   3   0   0   0   0   0   0   0   7   0   0   0   1  1.86 inf
  106 D    3  1  0  3 -4  2  3 -1 -2 -4 -3  0 -2 -5 -3  0  0 -5 -4 -3   25   9   3  15   0  10  19   3   0   0   1   3   1   0   0   5   6   0   0   1  0.44 inf
  107 Q    2  2 -1 -2 -3  3  1 -3  3  0 -1  0  2 -2 -3 -1 -1 -4  0 -1   20  13   2   1   0  15   9   1   9   5   4   3   6   1   0   3   2   0   3   3  0.26 inf
  108 V    3 -5 -4 -5  5 -3 -4 -4 -5  1 -1 -4 -2 -3 -3  0  0 -5 -4  4   31   0   0   0  12   1   0   0   0   6   6   0   0   1   1   5   5   0   0  33  0.70 inf
  109 A    0 -4  0 -3 -4 -3 -2  6  6 -7 -7 -3 -5 -6 -5 -2 -4 -6 -5 -6    8   0   3   1   0   1   2  64  17   0   0   1   0   0   0   2   0   0   0   0  1.49 inf
  110 M   -2 -2 -5 -5 -3 -4 -5  1 -4  1  3 -3  5 -2 -5 -4 -2 -2  2  1    1   2   0   0   0   0   0  13   0   6  36   1  18   0   0   0   1   0   9  11  0.65 inf
  111 S    0 -5 -2 -4 -5 -4 -4 -3 -5 -6 -6 -4 -5 -6 -5  7  0 -7 -6 -5    5   0   1   0   0   0   0   1   0   0   0   0   0   0   0  89   4   0   0   0  1.98 inf
  112 P    0  1 -5 -5 -6 -1 -4 -3 -5 -5 -6 -1 -5 -7  8 -1 -2 -7 -6 -4    9   9   0   0   0   2   0   1   0   0   0   4   0   0  66   5   3   0   0   1  1.77 inf
  113 F   -2 -5 -4 -4 -5 -5 -5 -2  3 -4 -4 -5 -4  7 -4  1 -1  2  6 -4    3   0   0   1   0   0   0   3   8   0   0   0   0  42   1  10   5   2  27   0  1.33 inf
  114 H   -5 -3 -4 -6 -8 -4 -5 -7 11 -8 -7 -5 -6 -5 -7 -5 -6 -6  3 -7    1   1   0   0   0   0   0   0  89   0   0   0   0   0   0   0   0   0   9   0  3.48 inf
  115 L   -5 -6 -7 -7 -5 -6 -7 -7 -5 -2  4 -6 -1  8 -7 -6 -5 -3 -1 -2    0   0   0   0   0   0   0   0   0   1  37   0   1  59   0   0   0   0   0   2  1.86 inf
  116 H   -3 -3 -2 -5 -7  5 -1 -6 10 -7 -3 -4 -5 -6 -6 -3 -5 -6 -3 -5    3   0   1   0   0  24   2   0  65   0   2   0   0   0   0   1   0   0   0   1  2.37 inf
  117 R   -6  9 -5 -6 -8 -3 -4 -7 -2 -7 -6 -1 -6 -7 -6 -4 -5 -7 -6 -7    0  98   0   0   0   0   0   0   1   0   0   1   0   0   0   1   0   0   0   0  2.83 inf
  118 L   -1 -3 -4 -5 -3 -2 -3 -4 -5  2  3 -4  1 -3 -4 -3  2 -5 -4  3    4   1   0   0   0   1   1   1   0  13  34   0   2   0   0   0  16   0   0  25  0.62 inf
  119 F   -7 -7 -7 -8 -7 -8 -8 -8 -5 -4 -4 -7 -4  9 -8 -7 -6 -3  0 -5    0   0   0   0   0   0   0   0   0   0   0   0   0  99   0   0   0   0   1   0  3.24 inf
  120 K   -4  1 -4 -5 -7 -2 -3 -5 -5 -7 -6  8 -5 -7 -5 -3 -2 -7 -6 -6    0   6   0   0   0   1   0   0   0   0   0  89   0   0   0   1   3   0   0   0  2.17 inf
  121 A    4  4 -3 -3 -4  2 -1 -3 -3 -5 -4  1 -4 -5 -4  1 -1 -5 -4 -3   38  29   0   0   0   9   2   0   0   0   1   8   0   0   0   9   3   0   0   0  0.78 inf
  122 T    1  0 -3 -3 -1  1  1 -4  1  3  0 -2  1 -1 -4 -2 -1 -4 -2  3   14   5   0   0   1   6  10   0   4  21   4   1   3   1   0   1   3   0   1  22  0.25 inf
  123 T   -2 -3 -4 -5 -4 -4 -4 -5 -5 -1 -2  0  3 -5 -5 -2  7 -6 -5  1    2   1   0   0   0   0   1   0   0   2   3   7   8   0   0   0  66   0   0  11  1.31 inf
  124 G   -2 -5 -4 -4 -6 -5 -5  7 -2 -8 -7 -5 -6 -7 -6 -3 -5 -6 -7 -7    2   0   0   0   0   0   0  95   1   0   0   0   0   0   0   1   0   0   0   0  2.40 inf
  125 M   -3 -4 -5 -6 -3 -3 -2 -6 -5  2  4 -4  4 -3 -5 -4 -3 -5 -3  3    0   0   0   0   0   1   2   0   0  10  46   0  13   0   0   0   1   0   1  25  0.93 inf
  126 T   -4 -5 -4 -5 -5 -4 -5 -5 -5 -5 -5 -4 -5 -6 -5  2  8 -6 -6 -4    0   0   0   0   0   0   0   0   0   0   0   0   0   0   0  16  84   0   0   0  2.08 inf
  127 P   -4 -7 -6 -6 -7 -6 -5 -7 -7 -7 -6 -5 -7 -8  9 -5 -5 -8 -7 -7    0   0   0   0   0   0   0   0   0   0   1   0   0   0  99   0   0   0   0   0  3.35 inf
  128 K    1  3 -2 -4 -5 -2 -2 -1  0 -1 -3  5  0 -2 -4 -2 -2 -5 -4 -1   12  19   1   0   0   0   0   4   3   4   2  45   3   2   0   1   2   0   0   4  0.70 inf
  129 A    5 -2 -3 -1 -4  3  3  1 -4 -4 -4 -2 -4 -5 -4 -1 -2 -5 -5 -3   50   1   0   3   0  12  19   9   0   1   0   1   0   0   0   1   2   0   0   0  0.79 inf
  130 W   -6 -6 -6 -7 -7 -6 -6 -7 -2 -6 -4 -6 -5  1 -7 -6 -6  6  9 -5    0   0   0   0   0   0   0   0   1   0   1   0   0   3   0   0   0  11  84   0  2.99 inf
  131 Q    5 -3 -4 -4 -3  2 -3 -1 -2  2  0 -3 -2 -3 -4  0 -2 -3 -3  0   53   1   0   0   0   9   0   3   1  12   9   0   0   1   0   4   1   0   0   4  0.63 inf
  132 Q    1  2  0  1 -4  4  1 -3 -2 -3 -2  1 -1 -4 -3  1  0 -4 -3 -1   15  13   3   8   0  22   8   0   0   1   3   6   1   0   0  10   6   0   0   4  0.36 inf
  133 A    6  0 -3 -2 -4  2 -2 -1 -1 -4 -4  0 -3 -5 -4  0 -2 -5 -5 -3   66   4   1   2   0   9   1   4   2   0   0   5   0   0   0   4   1   0   0   1  0.97 inf
  134 W   -2  1 -1 -3  0  1 -1 -4  6  0  1  0 -1  1 -4 -2  0  2  1 -1    3   9   2   0   2   8   3   0  22   6  17   4   0   5   0   1   5   4   4   4  0.33 inf
  135 R   -5  8 -4 -6 -7 -1 -4 -6 -4 -7 -5  0 -2 -7 -6 -5 -5 -7 -6 -6    0  94   0   0   0   2   0   0   0   0   0   3   1   0   0   0   0   0   0   0  2.57 inf
  136 A    3  0 -2 -2 -3 -1  0 -1  0  2 -1 -1  0 -3 -3  1 -1 -4 -3  0   37   5   1   1   0   2   5   3   3  15   4   3   2   0   0  11   2   0   0   6  0.29 inf
  137 R   -1  4  0  1 -5  3  3 -1 -1 -5 -5  2 -3 -5 -4 -1 -2 -5 -4 -4    5  30   3   9   0  15  18   6   1   0   0   9   0   0   0   3   2   0   0   0  0.63 inf
  138 R   -4  7 -3 -4 -7  1 -3 -5 -3 -6 -6  5 -5 -6 -5 -4 -4 -6 -5 -6    0  63   0   0   0   6   0   0   0   0   0  31   0   0   0   0   0   0   0   0  1.80 inf

                      K         Lambda
Standard Ungapped    0.1313     0.3241
Standard Gapped      0.0609     0.2670
PSI Ungapped         0.1977     0.3115
PSI Gapped           0.0609     0.2670
