
Last position-specific scoring matrix computed, weighted observed percentages rounded down, information per position, and relative weight of gapless real matches to pseudocounts
           A  R  N  D  C  Q  E  G  H  I  L  K  M  F  P  S  T  W  Y  V   A   R   N   D   C   Q   E   G   H   I   L   K   M   F   P   S   T   W   Y   V
    1 G    2 -2 -1 -2 -2 -2 -2  5 -2 -3 -3 -2 -2 -3 -2  0 -1 -3 -3 -2   21   0   0   0   0   0   0  79   0   0   0   0   0   0   0   0   0   0   0   0  0.83 inf
    2 P    0 -2 -1 -1 -2 -1  0 -2 -2 -3 -3 -1 -2 -3  6  2  0 -4 -3 -2    5   0   0   0   0   0   6   0   0   0   0   0   0   0  61  28   0   0   0   0  1.12 inf
    3 R   -1  5 -1 -1 -4  1  0 -1 -1 -3 -3  4 -2 -3 -2 -1 -1 -3 -2 -3    0  45   0   0   0   0   0   2   0   0   0  53   0   0   0   0   0   0   0   0  0.64 inf
    4 R   -2  6 -1 -2 -4  1  0 -3 -1 -4 -3  2 -2 -3 -3 -1 -2 -3 -2 -3    0 100   0   0   0   0   0   0   0   0   0   0   0   0   0   0   0   0   0   0  0.99 inf
    5 T    2 -1 -1 -2 -1  0 -1 -1 -2  0  1 -1  0 -2  2  1  2 -3 -2  0   25   0   1   0   0   6   0   0   0   1  26   0   0   0   9  11  19   0   0   2  0.16 inf
    6 R   -2  6 -1 -2 -4  1  0 -3 -1 -3 -3  2 -2 -3 -3 -1 -2 -3 -2 -3    0 100   0   0   0   0   0   0   0   0   0   0   0   0   0   0   0   0   0   0  0.97 inf
    7 T    0 -2  0 -1 -1 -1 -1 -2 -2 -1 -2 -1 -1 -3 -1  1  6 -3 -2  0    0   0   0   0   0   0   0   0   0   0   0   0   0   0   0   0 100   0   0   0  0.68 inf
    8 T    4 -2 -2 -2 -1 -1 -1  0 -2 -2 -2 -1 -1 -3 -1  1  1 -3 -2  0   86   0   0   0   0   0   0   0   0   0   0   0   0   0   0   0  14   0   0   0  0.46 inf
    9 F   -2 -2 -3 -4 -3 -2 -3 -4  1 -1 -1 -3 -1  5 -4 -2 -2  2  7 -2    0   0   0   0   0   0   0   0   0   0   0   0   0  27   0   0   0   0  73   0  0.97 inf
   10 T    0 -2  0 -1 -1 -1 -1 -2 -2 -1 -2 -1 -1 -3 -2  1  5 -3 -2  0    0   0   2   0   0   0   0   0   0   0   0   0   0   0   0   0  98   0   0   0  0.66 inf
   11 S    0  2  3  0 -2  0  0 -1  0 -3 -3  0 -2 -3 -2  3  1 -3 -2 -2    0  21  29   0   0   2   0   0   0   0   0   0   0   0   0  46   2   0   0   0  0.40 inf
   12 S    2 -1  0 -1 -1  2  0  0  1 -1 -2  0 -1 -3 -1  2  2 -3 -2 -1   21   0   2   0   0  16   0   3   4   1   0   0   0   0   0  22  28   0   0   2  0.24 inf
   13 Q   -1  1  0 -1 -3  7  2 -2  0 -3 -3  1 -1 -4 -2 -1 -1 -2 -2 -3    0   0   0   0   0 100   0   0   0   0   0   0   0   0   0   0   0   0   0   0  0.92 inf
   14 I   -2 -3 -4 -4 -1 -3 -3 -4 -3  2  4 -3  2  0 -3 -3 -1 -2 -1  2    0   0   0   0   0   0   0   0   0  15  76   0   0   0   0   0   0   0   0   9  0.46 inf
   15 A    0 -2 -3 -4 -1 -2 -3 -3 -3  2  3 -2  1  0 -3 -2 -1 -2 -1  2   11   0   0   0   0   0   0   0   0   4  58   0   0   0   0   0   0   0   0  27  0.32 inf
   16 E   -1  0 -1  1 -4  2  6 -3  0 -4 -3  0 -2 -4 -2 -1 -1 -3 -2 -3    0   0   0   0   0   0 100   0   0   0   0   0   0   0   0   0   0   0   0   0  0.92 inf
   17 L   -2 -3 -4 -4 -2 -3 -3 -4 -3  1  5 -3  2  0 -3 -3 -2 -2 -1  1    0   0   0   0   0   0   0   0   0   0 100   0   0   0   0   0   0   0   0   0  0.59 inf
   18 E   -1  0 -1  1 -4  2  6 -3  0 -4 -3  0 -2 -4 -2 -1 -1 -3 -2 -3    0   0   0   0   0   0 100   0   0   0   0   0   0   0   0   0   0   0   0   0  0.92 inf
   19 Q   -1  2  0 -1 -3  3  1 -2 -1 -3 -3  5 -2 -4 -1  0 -1 -3 -2 -3    0   0   2   0   0  14   0   0   0   0   0  84   0   0   0   0   0   0   0   0  0.61 inf
   20 H   -1  0  0  1 -4  2  5 -2  3 -4 -3  0 -2 -3 -2 -1 -1 -3 -2 -3    0   0   0   0   0   8  81   0  11   0   0   0   0   0   0   0   0   0   0   0  0.74 inf
   21 F   -3 -3 -4 -4 -3 -4 -4 -4 -2 -1  0 -4  0  7 -4 -3 -3  1  3 -1    0   0   0   0   0   0   0   0   0   0   0   0   0 100   0   0   0   0   0   0  1.03 inf
   22 L   -2  0  0 -2 -3  0 -1 -3  8 -2  0 -1 -1 -1 -3 -1 -2 -3  1 -2    0   4   0   0   0   0   0   0  76   3  13   3   0   0   0   2   0   0   0   0  0.75 inf
   23 Q   -2 -2 -2 -3 -3  2 -2 -3 -1 -1  0 -2  0  6 -3 -1 -2  0  3 -1    0   0   0   0   0  18   0   0   0   2   1   0   0  63   0   5   0   0  11   0  0.52 inf
   24 G   -2 -1  6  1 -3  0 -1  1  0 -4 -4 -1 -3 -4 -2  0 -1 -4 -3 -3    0   0  89   0   0   0   0  11   0   0   0   0   0   0   0   0   0   0   0   0  0.83 inf
   25 R   -1  5 -1 -1 -4  1  0 -2 -1 -3 -3  4 -2 -3 -2 -1 -1 -3 -2 -3    0  54   0   0   0   0   0   0   0   0   0  46   0   0   0   0   0   0   0   0  0.68 inf
   26 Y   -2 -2 -3 -4 -3 -2 -3 -4  1 -2 -2 -2 -1  3 -4 -2 -2  2  8 -2    0   0   0   0   0   0   0   0   0   0   0   0   0   0   0   0   0   0 100   0  1.20 inf
   27 L   -2 -3 -4 -4 -2 -3 -3 -4 -3  2  4 -3  2  0 -3 -3 -1 -2 -1  1    0   0   0   0   0   0   0   0   0   8  92   0   0   0   0   0   0   0   0   0  0.55 inf
   28 T    0 -3 -2 -2  8 -2 -2 -2 -3 -2 -2 -2 -2 -3 -2  1  2 -3 -2 -1    0   0   0   0  60   0   0   0   0   0   0   0   0   0   0  14  26   0   0   0  0.82 inf
   29 A    0  6 -1 -2 -3  1 -1 -2 -1 -3 -2  2 -2 -3 -2 -1 -1 -3 -2 -3   11  89   0   0   0   0   0   0   0   0   0   0   0   0   0   0   0   0   0   0  0.78 inf
   30 P   -1  1 -2 -2 -3 -1 -1 -3 -2 -3 -3  0 -3 -4  8 -1 -1 -4 -3 -3    0  10   0   0   0   0   0   0   0   0   0   3   0   0  87   0   0   0   0   0  1.82 inf
   31 R   -2  6 -1 -2 -4  1  0 -3 -1 -3 -3  2 -2 -3 -2 -1 -1 -3 -2 -3    0  92   0   0   0   0   0   0   0   0   0   8   0   0   0   0   0   0   0   0  0.90 inf
   32 L   -2  6 -1 -2 -4  0 -1 -3 -1 -2  0  2 -1 -3 -3 -1 -2 -3 -2 -2    0  89   0   0   0   0   0   0   0   0  11   0   0   0   0   0   0   0   0   0  0.75 inf
   33 A    0 -3 -3 -3 -1 -3 -3 -3 -3  4  1 -3  1  1 -3 -2 -1 -2 -1  3   11   0   0   0   0   0   0   0   0  48   3   0   0   8   0   0   0   0   0  30  0.29 inf
   34 D   -1 -1  0  3 -4  1  5 -2 -1 -4 -3  0 -3 -4 -2  0 -1 -3 -3 -3    0   0   0  11   0   0  89   0   0   0   0   0   0   0   0   0   0   0   0   0  0.84 inf
   35 L   -1 -3 -3 -4 -1 -2 -3 -4 -3  3  3 -3  3  0 -3 -2 -1 -2 -1  2    0   0   0   0   0   0   0   0   0  43  28   0  21   0   0   0   0   0   0   8  0.37 inf
   36 S    4 -2 -1 -2 -1 -1 -1  0 -2 -2 -2 -1 -1 -3 -1  2  0 -3 -2 -1   86   0   0   0   0   0   0   0   0   0   0   0   0   0   0  11   2   0   0   0  0.48 inf
   37 A    3 -1  1 -1 -1 -1 -1 -1  3 -2 -2 -1 -1 -2 -1  1  1 -3 -1 -1   53   2  12   0   0   0   0   0  13   0   0   1   0   0   0   9   9   0   0   2  0.26 inf
   38 K    0 -1 -1 -2 -2  0 -1 -1 -1  0  2  1  2 -1 -2  1  0 -2  0  0    5   0   0   0   0   4   0   3   2   1  31  15  13   0   0  20   5   0   3   0  0.09 inf
   39 L   -2 -3 -4 -4 -2 -3 -3 -4 -3  1  5 -3  2  0 -3 -3 -2 -2 -1  1    0   0   0   0   0   0   0   0   0   0 100   0   0   0   0   0   0   0   0   0  0.59 inf
   40 A    1 -1  3  3  2  0  1  0 -1 -2 -2 -1  0 -3 -2  1  0 -3 -2 -2   15   1  25  25   7   3   4   6   0   0   0   0   6   0   0   6   2   0   0   0  0.26 inf
   41 L   -2 -3 -4 -4 -2 -3 -3 -4 -3  1  5 -3  2  0 -3 -3 -2 -2 -1  1    0   0   0   0   0   0   0   0   0   0 100   0   0   0   0   0   0   0   0   0  0.59 inf
   42 G    0 -1  0 -1 -1 -1 -1  1 -2 -2 -2 -1 -1 -3 -1  2  4 -3 -2 -1    0   0   1   0   0   0   0  11   0   0   0   0   0   0   0  21  66   0   0   0  0.44 inf
   43 T   -1 -1 -1  1 -4  1  5 -2 -1 -3 -3  0 -2 -4 -1  0  1 -3 -2 -2    0   0   0   0   0   0  89   0   0   0   0   0   0   0   0   0  11   0   0   0  0.76 inf
   44 A    0  6 -1 -2 -3  1  0 -2 -1 -3 -2  2 -2 -3 -2  0  0 -3 -2 -2   11  77   0   0   0   2   0   0   0   0   0   1   0   0   0   0   9   0   0   0  0.63 inf
   45 Q   -1  1  0 -1 -3  6  1 -2  3 -3 -3  1 -1 -3 -2 -1 -1 -2 -1 -3    0   0   0   0   0  92   0   0   8   0   0   0   0   0   0   0   0   0   0   0  0.83 inf
   46 V   -1 -3 -3 -4 -1 -3 -3 -4 -4  4  1 -3  1 -1 -3 -2 -1 -3 -2  4    0   0   0   0   0   0   0   0   0  47   0   0   0   0   0   0   0   0   0  53  0.45 inf
   47 K   -1  2 -1 -1 -4  1  0 -2 -1 -3 -3  6 -2 -4 -1 -1 -1 -3 -2 -3    0   0   0   0   0   0   0   0   0   0   0 100   0   0   0   0   0   0   0   0  0.72 inf
   48 I   -1 -3 -4 -4 -1 -3 -3 -4 -4  4  1 -3  1 -1 -3 -2 -1 -3 -2  3    0   0   0   0   0   0   0   0   0  72   1   0   0   0   0   0   0   0   0  27  0.47 inf
   49 W   -3 -3 -4 -5 -3 -3 -4 -3 -3 -3 -2 -4 -2  0 -4 -3 -3 12  2 -4    0   0   0   0   0   0   0   0   0   0   0   0   0   0   0   0   0 100   0   0  2.81 inf
   50 F   -3 -3 -4 -4 -3 -4 -4 -4 -2 -1  0 -4  0  7 -4 -3 -3  1  3 -1    0   0   0   0   0   0   0   0   0   0   0   0   0 100   0   0   0   0   0   0  1.03 inf
   51 K   -1  1  0 -1 -3  6  1 -2  0 -3 -3  2 -1 -4 -2  0 -1 -3 -2 -3    0   0   0   0   0  89   0   0   0   0   0  11   0   0   0   0   0   0   0   0  0.80 inf
   52 N   -2 -1  7  1 -3  0 -1 -1  0 -4 -4 -1 -3 -4 -2  0  0 -4 -3 -3    0   0 100   0   0   0   0   0   0   0   0   0   0   0   0   0   0   0   0   0  0.98 inf
   53 R   -2  6 -1 -2 -4  1  0 -3 -1 -4 -3  2 -2 -3 -3 -1 -2 -3 -2 -3    0 100   0   0   0   0   0   0   0   0   0   0   0   0   0   0   0   0   0   0  0.98 inf
   54 R   -2  6 -1 -2 -4  1  0 -3 -1 -4 -3  2 -2 -3 -3 -1 -2 -3 -2 -3    0 100   0   0   0   0   0   0   0   0   0   0   0   0   0   0   0   0   0   0  0.98 inf
   55 R   -1  1 -2 -3 -2 -1 -2 -3 -2  1  1 -1  7 -1 -3 -2 -1 -2 -2  0    0  12   0   0   0   0   0   0   0   0   0   0  88   0   0   0   0   0   0   0  0.54 inf
   56 R   -1  3 -1 -1 -4  1  0 -2 -1 -3 -3  5 -2 -3 -1 -1 -1 -3 -2 -3    0  14   0   0   0   0   0   0   0   0   0  86   0   0   0   0   0   0   0   0  0.65 inf
   57 H   -2 -1 -1 -2 -3  0 -1 -3  6 -2 -2 -2 -2  2 -3 -2 -2  7  4 -2    0   0   1   0   0   3   0   0  42   1   0   0   0   6   0   0   0  23  24   0  0.83 inf
   58 K   -1  2 -1 -1 -3  1  0 -2 -1 -3 -3  5 -2 -4 -1 -1 -1 -3 -2 -3    2   0   0   0   0   0   0   0   0   0   0  98   0   0   0   0   0   0   0   0  0.70 inf
   59 I   -1  4 -1 -2 -3  1  0 -2 -1  0 -2  4 -1 -3 -2 -1 -1 -3 -2 -1    0  37   0   0   0   0   0   0   0  12   0  50   0   0   0   0   0   0   0   0  0.47 inf
   60 Q   -1  0  0  3 -3  4  3 -2  0 -2 -3  0 -2 -3 -2  0 -1 -3 -2 -2    0   3   0  26   0  38  21   0   0   3   0   0   0   0   0   8   0   0   0   1  0.47 inf
   61 S    0  0  2  0 -2  3  1 -1  1 -2 -2  1 -1 -3 -1  1  1 -3 -1 -1    4   2  13   0   0  22   7   0   6   0   1   8   1   0   0  18  15   0   0   2  0.24 inf
   62 D   -1  2  0  2 -3  2  1 -1  0 -2 -1  3 -1 -3 -2  0  0 -3 -2 -2    4  11   1  19   0  10   0   2   3   0   6  36   2   0   0   1   4   0   0   0  0.25 inf
   63 Q    1  0  0  0  1  3  1 -1  2 -2 -2  1  0 -2 -1  1 -1 -2 -1 -1   14   1   0   5   5  26   4   2   6   0   1  14   3   2   1  12   0   0   1   3  0.17 inf
   64 H   -1  2  0 -1 -3  2  0 -1  4 -3 -3  3 -1 -1 -2  0 -1 -3 -1 -3    0  12   2   0   0  13   0   4  20   0   0  40   1   3   0   3   2   0   0   0  0.37 inf
   65 K   -1  2  0  0 -3  2  2 -2  1 -3 -2  3 -1 -2  1  0  0 -3 -2 -2    0  16   3   0   0  14  16   0   4   0   2  29   0   2   6   3   3   0   0   0  0.33 inf
   66 D   -1 -1  2  4 -3  1  2  1  0 -3 -3  0 -3 -3  1  1 -1 -4 -3 -3    0   0  17  34   0   5  13  10   2   0   0   0   0   0   8  11   0   0   0   0  0.44 inf
   67 Q    0  1  0  0 -3  3  2 -1  1 -3 -3  2 -1 -3  0  1  0 -3 -2 -2    4   6   3   0   0  26  16   3   3   0   0  17   0   0   3  19   0   0   0   0  0.33 inf
   68 S    1 -1  3  0 -1  0  0  0 -1 -3 -3  0 -2 -3 -1  4  1 -3 -2 -2    6   0  22   0   0   0   0   0   0   0   0   0   0   0   0  72   0   0   0   0  0.44 inf

                      K         Lambda
Standard Ungapped    0.1299     0.3205
Standard Gapped      0.0550     0.2670
PSI Ungapped         0.1814     0.3127
PSI Gapped           0.0550     0.2670
