
Last position-specific scoring matrix computed, weighted observed percentages rounded down, information per position, and relative weight of gapless real matches to pseudocounts
           A  R  N  D  C  Q  E  G  H  I  L  K  M  F  P  S  T  W  Y  V   A   R   N   D   C   Q   E   G   H   I   L   K   M   F   P   S   T   W   Y   V
    1 V   -1 -3 -3 -4 -1 -3 -3 -4 -3  3  1 -3  2 -1 -3 -2 -1 -3 -2  4    0   0   0   0   0   0   0   0   0  17   2   0   9   0   0   0   0   0   0  72  0.45 inf
    2 R   -2  6 -1 -2 -4  1  0 -3 -1 -4 -3  3 -2 -4 -2 -1 -2 -3 -2 -3    0  76   0   0   0   0   0   0   0   0   0  24   0   0   0   0   0   0   0   0  0.88 inf
    3 P   -2 -3 -3 -2 -4 -2 -2 -3 -3 -4 -4 -2 -3 -5  8 -2 -2 -5 -4 -3    0   0   0   0   0   0   0   0   0   0   0   0   0   0 100   0   0   0   0   0  2.33 inf
    4 P   -2  0 -3 -2 -4 -2 -2 -3 -3 -4 -4 -1 -3 -4  8 -2 -2 -5 -4 -3    0   6   0   0   0   0   0   0   0   0   0   0   0   0  94   0   0   0   0   0  2.13 inf
    5 F   -3 -3 -3 -4 -3 -3 -3 -4  0 -1 -1 -3 -1  6 -4 -3 -3  1  6 -2    0   0   0   0   0   0   0   0   0   0   0   0   0  57   0   0   0   0  43   0  1.00 inf
    6 T    0 -2  0 -1 -1 -1 -1 -2 -2 -2 -2 -1 -1 -3 -2  3  5 -3 -2 -1    0   0   0   0   0   0   0   0   0   0   0   0   0   0   0  28  72   0   0   0  0.61 inf
    7 Y   -2 -2 -3 -4 -3 -2 -3 -4  1 -2 -2 -2 -2  2 -3 -2 -2  2  8 -2    0   0   0   0   0   0   0   0   0   0   0   0   0   0   0   0   0   0  96   0  1.30 inf
    8 A    4 -2 -2 -2 -1 -1 -2 -1 -2  1 -1 -1 -1 -2 -1  0  0 -3 -2  1   76   0   0   0   0   0   0   0   0  12   0   0   0   0   0   0   0   0   0   9  0.38 inf
    9 T    1 -1  0 -1  0 -1 -1 -1 -1 -2 -2 -1 -1 -1 -1  3  3 -2  1 -1   15   0   3   0   2   0   0   0   0   0   0   0   0   2   0  38  31   0   6   0  0.30 inf
   10 L   -2 -3 -4 -4 -2 -2 -3 -4 -3  1  5 -3  2  0 -3 -3 -2 -2 -1  0    0   0   0   0   0   0   0   0   0   0  92   0   4   0   0   0   0   0   0   0  0.60 inf
   11 I   -2 -3 -4 -4 -2 -3 -4 -4 -4  6  1 -3  1 -1 -3 -3 -1 -3 -2  2    0   0   0   0   0   0   0   0   0  96   0   0   0   0   0   0   0   0   0   0  0.66 inf
   12 R    0  6 -1 -2  4  0 -1 -3 -1 -3 -3  1 -2 -3 -3 -1  0 -3 -2 -3    8  73   0   0  13   2   0   0   0   0   0   0   0   0   0   0   4   0   0   0  0.72 inf
   13 Q   -2 -1 -2 -2 -3  5  0 -3 -1 -2 -1  0  4 -2 -1 -1 -2  7 -1 -2    0   0   0   0   0  52   0   0   0   0   0   1  25   0   2   0   0  20   0   0  0.72 inf
   14 A    5 -2 -2 -2 -1 -1 -1  0 -2 -2 -2 -1 -2 -3 -1  2  0 -3 -2 -1   80   0   0   0   0   0   0   4   0   0   0   0   0   0   0  16   0   0   0   0  0.54 inf
   15 I   -2 -3 -4 -4 -2 -3 -4 -4 -4  5  1 -3  3 -1 -3 -3 -1 -3 -2  2    0   0   0   0   0   0   0   0   0  83   0   0  13   0   0   0   0   0   0   5  0.62 inf
   16 M   -2 -2 -2 -2 -2  2  0 -3 -2  2  3 -1  3  0 -3 -2 -1 -2 -1  0    0   0   0   0   0  18   7   0   0  15  45   0  14   1   0   0   0   0   0   0  0.27 inf
   17 E    0 -1  2  3 -3  1  5 -2 -1 -4 -3  0 -3 -4 -2  0 -1 -4 -3 -3   13   0  12  13   0   0  62   0   0   0   0   0   0   0   0   0   0   0   0   0  0.61 inf
   18 S    2 -1  0 -1 -1 -1 -1 -1 -2 -3 -3 -1 -2 -3 -1  5  1 -3 -2 -2   20   0   0   0   0   0   0   0   0   0   0   0   0   0   0  75   5   0   0   0  0.56 inf
   19 S    0 -1 -2 -1 -3  0 -1 -2 -2 -3 -3  1 -3 -4  7  0 -1 -4 -3 -3    5   0   0   2   0   4   0   0   0   0   0  12   0   0  71   6   0   0   0   0  1.43 inf
   20 D   -2  0  1  5 -4  2  2 -1  0 -4 -4  1 -3 -4 -2 -1 -1 -4 -3 -3    0   4   3  56   0   9  16   3   1   0   0   9   0   0   0   0   0   0   0   0  0.66 inf
   21 R   -1  4 -1 -1 -1  1  0 -1  1 -3 -3  4 -1 -3 -2  0  0 -3 -2 -2    0  28   0   0   2   6   0   4   3   0   0  45   3   0   0   3   7   0   0   0  0.42 inf
   22 Q   -1  1 -1 -1  0  6  1 -2  0 -3 -3  3 -1 -4 -2 -1 -1 -3 -2 -3    0   0   0   0   3  69   3   0   0   0   0  25   0   0   0   0   0   0   0   0  0.76 inf
   23 L   -2  2 -3 -4 -2 -2 -3 -4 -3  2  4 -1  2  0 -3 -3 -1 -2 -2  1    0  17   0   0   0   0   0   0   0  17  60   0   2   0   0   0   0   0   0   4  0.36 inf
   24 T    0 -2 -1 -2 -2 -1 -1 -2 -2 -2 -2 -1 -1 -3  0  2  6 -3 -2 -1    2   0   0   0   0   0   0   0   0   0   0   0   0   0   3   8  87   0   0   0  0.71 inf
   25 L   -2 -1 -4 -4 -2 -3 -3 -4 -3  1  5 -3  2  0 -4 -3 -2 -2 -2  0    0   4   0   0   0   0   0   0   0   0  96   0   0   0   0   0   0   0   0   0  0.65 inf
   26 N   -1 -1  6  0  0 -1 -1 -1  0 -4 -4  0 -3 -4 -2  2  0 -4 -3 -3    3   0  71   0   3   0   0   0   0   0   0   5   0   0   0  18   0   0   0   0  0.71 inf
   27 E    1 -1 -1  1  0  1  5  1 -1 -3 -3  0 -2 -4 -2  0 -1 -3 -3 -3   14   0   0   3   3   0  67  12   0   0   0   0   0   0   0   0   0   0   0   0  0.56 inf
   28 I   -2 -4 -4 -4 -2 -4 -4 -5 -4  6  1 -3  1 -1 -4 -3 -1 -3 -2  2    0   0   0   0   0   0   0   0   0  98   0   0   0   0   0   0   0   0   0   2  0.76 inf
   29 Y   -2 -3 -3 -4  3 -2 -3 -4  1 -2 -2 -3 -2  2 -4 -2 -2  1  8 -2    0   0   0   0   9   0   0   0   0   0   0   0   0   0   0   0   0   0  91   0  1.29 inf
   30 S   -1  0  5  0 -3  2  0 -1  3 -3 -3  1 -2 -3 -2  1  0 -4 -2 -1    3   0  49   0   0  16   0   0  11   0   0   6   0   0   0   6   4   0   0   5  0.45 inf
   31 W   -4 -4 -5 -5 -3 -3 -4 -4 -3 -3 -3 -4 -2  1 -5 -4 -3 12  3 -4    0   0   0   0   0   0   0   0   0   0   0   0   0   4   0   0   0  90   6   0  2.78 inf
   32 F   -2 -4 -4 -4 -3 -4 -4 -4 -2  3  1 -4  0  6 -4 -3 -2  0  2  0    0   0   0   0   0   0   0   0   0  34   5   0   0  61   0   0   0   0   0   0  0.68 inf
   33 T   -1 -1 -1 -2 -2  2 -1 -2 -2 -1 -1 -1  4 -2 -2  1  4 -3 -2 -1    0   0   0   0   0  17   0   0   0   0   0   0  22   0   0   3  58   0   0   0  0.44 inf
   34 R   -2  4  2  2 -4  1  1 -2  0 -3 -3  2 -2 -3 -2  0  0 -4 -2 -3    0  41  11  19   0   4   6   0   2   0   0  12   0   0   0   2   5   0   0   0  0.45 inf
   35 T   -1  2  3 -1 -2  0  0 -2 -1 -1 -1  0  4 -2 -2  0  3 -3 -2 -1    0  15  20   0   0   0   5   0   0   0   0   4  27   0   0   0  28   0   0   0  0.26 inf
   36 F   -3 -4 -4 -4 -3 -4 -4 -4 -2 -1  0 -4 -1  8 -5 -3 -3  0  2 -2    0   0   0   0   0   0   0   0   0   0   0   0   0 100   0   0   0   0   0   0  1.28 inf
   37 A    3 -2 -2 -3  5 -2 -2  0 -2 -2 -2 -2 -1  1  2  0 -1 -3 -1 -1   50   0   0   0  20   0   0   3   0   0   0   0   0   9  12   3   0   0   0   3  0.40 inf
   38 Y   -3 -3 -3 -4 -3 -3 -3 -4  1 -2 -1 -3 -1  5 -4 -3 -3  1  7 -2    0   0   0   0   0   0   0   0   0   0   0   0   0  28   0   0   0   0  72   0  1.15 inf
   39 F   -3 -3 -4 -4 -3 -4 -4 -4 -1 -1  0 -4 -1  7 -4 -3 -3  1  5 -2    0   0   0   0   0   0   0   0   0   0   0   0   0  81   0   0   0   0  19   0  1.10 inf
   40 R   -2  7 -1 -2 -4  0 -1 -3 -1 -4 -3  2 -2 -4 -3 -2 -2 -4 -3 -3    0 100   0   0   0   0   0   0   0   0   0   0   0   0   0   0   0   0   0   0  1.19 inf
   41 R   -2  3  1  1 -4  1  1  0  5 -4 -3  1 -2 -3 -2 -1 -1 -3  0 -3    0  30   6   7   0   5   8   9  25   0   0   7   0   0   0   0   2   0   2   0  0.39 inf
   42 N    0 -1  6  0 -3  0 -1 -1  1 -4 -4  1 -2 -4 -2  0 -1 -4 -2 -3   13   0  71   0   0   1   0   0   3   0   0   9   0   0   0   2   0   0   0   0  0.68 inf
   43 A    2 -1  0  2 -2  0  1 -1 -1 -2 -2  1 -2 -3  1  1  2 -3 -2 -1   29   0   3  13   0   2   6   0   0   0   0  12   0   0   5   4  26   0   0   0  0.24 inf
   44 A    3 -1 -1  1 -2  1  0 -1 -2 -2 -2 -1 -2 -3  4  0 -1 -3 -3 -1   53   3   0   9   0  12   0   0   0   0   0   0   0   0  20   3   0   0   0   0  0.44 inf
   45 T   -1 -2  1 -1 -2 -1 -1  1 -2 -2 -2 -1 -2 -3 -2  1  5 -3 -2 -1    0   0   9   0   0   0   0  12   0   0   0   0   0   0   0   4  75   0   0   0  0.56 inf
   46 W   -4 -4 -5 -6 -3 -3 -4 -4 -4 -4 -3 -4 -3  0 -5 -4 -4 12  1 -4    0   0   0   0   0   0   0   0   0   0   0   0   0   0   0   0   0 100   0   0  3.16 inf
   47 K   -1  1 -1 -1 -4  4  1 -2 -1 -3 -3  5 -2 -4 -2 -1 -1 -3 -2 -3    0   0   0   0   0  25   0   0   0   0   0  75   0   0   0   0   0   0   0   0  0.73 inf
   48 N   -2 -1  7  1 -4 -1 -1 -1  0 -4 -4  1 -3 -4 -3  0 -1 -5 -3 -4    0   0  89   0   0   0   0   2   0   0   0   9   0   0   0   0   0   0   0   0  0.99 inf
   49 A    4 -2 -1 -2 -1 -1 -1 -1 -2 -1 -2 -1 -1 -3 -1  2  0 -3 -2  0   66   0   0   0   0   0   0   0   0   0   0   0   0   0   0  25   0   0   0   9  0.43 inf
   50 V   -1 -3 -4 -4 -1 -3 -3 -4 -4  4  1 -3  0 -1 -3 -2 -1 -3 -2  4    0   0   0   0   0   0   0   0   0  37   0   0   0   0   0   0   0   0   0  63  0.55 inf
   51 R   -2  7 -1 -2 -4  0 -1 -3 -1 -4 -3  1 -2 -4 -3  0 -1 -4 -2 -3    0  91   0   0   0   0   0   0   0   0   0   0   0   0   0   9   0   0   0   0  1.00 inf
   52 H   -2 -1  0 -2 -4  1 -1 -3  9 -4 -4 -1 -2 -2 -3 -2 -1 -3  1 -4    0   0   0   0   0   5   0   0  90   0   0   0   0   0   0   0   4   0   0   0  1.37 inf
   53 N   -2 -1  7  1 -4 -1 -1 -1  0 -4 -4 -1 -3 -4 -3  0 -1 -5 -3 -4    0   0 100   0   0   0   0   0   0   0   0   0   0   0   0   0   0   0   0   0  1.21 inf
   54 L   -2 -3 -4 -4 -2 -3 -4 -4 -4  1  5 -3  2  0 -4 -3 -2 -2 -2  0    0   0   0   0   0   0   0   0   0   0 100   0   0   0   0   0   0   0   0   0  0.73 inf
   55 S    1 -1  0 -1 -2 -1 -1 -1 -2 -3 -3 -1 -2 -3 -2  5  1 -4 -2 -2    0   0   0   0   0   0   0   0   0   0   0   0   0   0   0 100   0   0   0   0  0.78 inf
   56 L   -2 -3 -4 -4 -2 -3 -4 -4 -3  1  5 -3  3  0 -4 -3 -2 -2 -2  0    0   0   0   0   0   0   0   0   0   0  95   0   5   0   0   0   0   0   0   0  0.69 inf
   57 H   -2 -1  4 -1 -4  0 -1 -2  8 -4 -4 -1 -3 -2 -3 -1 -2 -4  1 -4    0   0  25   0   0   0   0   0  75   0   0   0   0   0   0   0   0   0   0   0  1.17 inf
   58 K   -1  1 -1 -1 -4  1  3 -2 -1 -4 -3  5 -2 -4 -2 -1 -1 -4 -3 -3    0   0   0   0   0   0  21   0   0   0   0  79   0   0   0   0   0   0   0   0  0.72 inf
   59 C   -1 -5 -4 -5 10 -4 -5 -4 -4 -2 -2 -4 -2 -3 -4 -2 -2 -3 -3 -2    0   0   0   0 100   0   0   0   0   0   0   0   0   0   0   0   0   0   0   0  2.04 inf
   60 F   -3 -4 -4 -4 -3 -4 -4 -4 -2 -1  0 -4 -1  8 -5 -3 -3  0  2 -2    0   0   0   0   0   0   0   0   0   0   0   0   0 100   0   0   0   0   0   0  1.28 inf
   61 V   -1 -1 -3 -4 -2 -1 -3 -4 -3  2  1 -2  3 -1 -3 -2 -1 -3 -2  4    0   5   0   0   0   2   0   0   0   8   0   0  15   0   0   0   0   0   0  70  0.42 inf
   62 R   -2  6 -1 -2 -4  1  0 -3 -1 -4 -3  4 -2 -4 -2 -1 -2 -4 -2 -3    0  66   0   0   0   0   0   0   0   0   0  34   0   0   0   0   0   0   0   0  0.85 inf
   63 V   -1 -3 -3 -4 -1 -3 -3 -4 -3  2  1 -1  0 -1 -3 -2 -1 -3 -1  5    1   0   0   0   0   0   0   0   0   4   4   4   0   0   0   0   0   0   2  84  0.49 inf
   64 E   -2 -1 -1  1 -4  1  6 -3 -1 -4 -4  1 -3 -4  2 -1 -2 -4 -3 -3    0   0   0   2   0   0  86   0   0   0   0   4   0   0   8   0   0   0   0   0  0.90 inf
   65 N   -1 -1  4  1 -3 -1 -1  1 -1 -3 -3  0 -2 -4  4  0  1 -4 -3 -3    3   0  36   7   0   0   0  10   0   0   0   3   0   0  25   2  14   0   0   0  0.54 inf
   66 V    0 -2 -1 -1 -2 -1  0  3 -2  1 -1 -1 -1 -1 -2  0  0 -3 -2  2    6   1   0   2   0   0   7  32   0   3   0   2   0   3   0   3   4   0   0  37  0.19 inf
   67 K   -1  2 -1 -1 -4  1  0 -2 -1 -3 -3  5 -2 -1 -2  0 -1 -3 -2 -3    0   6   0   0   0   0   0   0   0   0   0  82   0   4   0   5   2   0   0   0  0.63 inf
   68 G    0 -3 -1 -2 -3 -3 -3  6 -3 -5 -5 -2 -3 -4 -3 -1 -2 -3 -4 -4    0   0   0   0   0   0   0 100   0   0   0   0   0   0   0   0   0   0   0   0  1.36 inf
   69 A    4 -2 -1 -2 -1 -1 -1  2 -2 -2 -2 -1 -2 -3 -1  2  0 -3 -2 -1   64   0   0   0   0   0   0  13   0   0   0   0   0   0   0  23   0   0   0   0  0.47 inf
   70 V   -1 -3 -3 -4 -2 -3 -3 -4 -2  2  0 -3  0  3 -3 -2 -1 -1  3  4    0   0   0   0   0   0   0   0   0   0   0   0   0  19   0   0   0   0  12  69  0.46 inf
   71 W   -4 -4 -5 -6 -3 -3 -4 -4 -4 -4 -3 -4 -3  0 -5 -4 -4 12  1 -4    0   0   0   0   0   0   0   0   0   0   0   0   0   0   0   0   0 100   0   0  3.16 inf
   72 T   -1 -1 -1 -2 -2  0 -1 -2 -2 -1 -2  1  1 -3  0  1  5 -3 -2  0    0   0   0   0   0   4   0   0   0   0   0   9   5   0   4   2  71   0   0   5  0.47 inf
   73 V   -1 -3 -4 -4 -1 -3 -3 -4 -4  3  1 -3  2 -1 -3 -2 -1 -3 -2  5    0   0   0   0   0   0   0   0   0   9   8   0   8   0   0   0   0   0   0  75  0.50 inf
   74 D   -2 -2  1  7 -4 -1  2 -2 -2 -4 -4 -1 -4 -4 -2 -1 -2 -5 -4 -4    0   0   2  93   0   0   5   0   0   0   0   0   0   0   0   0   0   0   0   0  1.22 inf
   75 E   -2 -1 -1  2 -4  1  5 -3 -1 -4 -4  0 -3 -4  4 -1 -1 -4 -3 -3    0   0   0  12   0   0  63   0   0   0   0   0   0   0  25   0   0   0   0   0  0.86 inf
   76 V    0  0  0  2 -2  2  1 -2 -1  0 -1  0  1 -1 -2  0  0 -3 -2  1    9   3   4  13   0  20   7   0   0   5   2   0   5   3   0   8   3   0   0  17  0.11 inf
   77 E    1  0 -1  0 -3  1  5 -2 -1 -3 -2  1 -2 -3 -2  1 -1 -3 -2 -2   13   0   0   0   0   0  65   0   0   0   3   9   0   0   0   9   0   0   0   0  0.54 inf
   78 Y   -3 -3 -3 -4 -3 -3 -3 -4  0 -1 -1 -3 -1  6 -4 -3 -3  1  7 -2    0   0   0   0   0   0   0   0   0   0   0   0   0  41   0   0   0   0  59   0  1.09 inf
   79 Q   -1  2 -1 -1 -1  5  1 -3  1 -2 -2  2  0  0 -2 -1 -1 -2  2 -2    0   9   0   0   2  47   0   0   3   0   2  19   3   3   0   0   0   0  10   3  0.38 inf
   80 K   -1  4 -1 -2 -4  1  0 -2 -1 -3 -3  5 -2 -4 -2 -1 -1 -4 -2 -3    0  33   0   0   0   0   0   0   0   0   0  67   0   0   0   0   0   0   0   0  0.73 inf
   81 R   -2  6 -1 -2 -4  1  0 -2 -1 -4 -3  3 -2 -4 -3 -1 -2 -3 -2 -3    0  78   0   0   0   5   0   3   0   0   0  15   0   0   0   0   0   0   0   0  0.84 inf
   82 R   -2  6 -1 -2 -4  1  0 -3 -1 -4 -3  3 -2 -4 -3 -1 -2 -3 -2 -3    0  82   0   0   0   0   0   0   0   0   0  18   0   0   0   0   0   0   0   0  0.94 inf

                      K         Lambda
Standard Ungapped    0.1326     0.3254
Standard Gapped      0.0545     0.2670
PSI Ungapped         0.1776     0.3134
PSI Gapped           0.0545     0.2670
