
Last position-specific scoring matrix computed, weighted observed percentages rounded down, information per position, and relative weight of gapless real matches to pseudocounts
           A  R  N  D  C  Q  E  G  H  I  L  K  M  F  P  S  T  W  Y  V   A   R   N   D   C   Q   E   G   H   I   L   K   M   F   P   S   T   W   Y   V
    1 M   -2 -2 -3 -4 -2 -2 -3 -4 -3  2  2 -2  7 -1 -3 -3 -1 -2 -2  1    0   0   0   0   0   0   0   0   0   6  15   0  71   0   0   0   0   0   0   8  0.72 inf
    2 I   -2 -3 -3 -2 -2 -3 -2 -4 -3  4  0 -3  1 -1 -3 -2  3 -3  0  2    0   0   0   2   0   0   3   0   0  44   5   0   2   0   0   0  28   0   4  13  0.43 inf
    3 P   -5 -6 -6 -6 -7 -6 -6 -7 -5 -7 -7 -5 -6 -1  8 -5 -5 -5  5 -6    0   0   0   0   0   0   0   0   0   0   0   0   0   2  77   0   0   0  21   0  2.67 inf
    4 Q   -1  0  0  1 -5  3  2 -3  0 -2 -3  4 -2 -3 -4 -1  1 -5 -2 -2    6   4   3   7   0  17  11   1   2   3   2  26   0   1   0   4  11   0   1   3  0.43 inf
    5 T   -2 -5  3  3 -5 -4 -2 -5 -3 -6 -6 -4 -5 -6 -5  4  5 -7 -6 -5    2   0  14  15   0   0   2   0   0   0   0   0   0   0   0  36  31   0   0   0  1.17 inf
    6 L   -3  1 -4 -3 -5  0  5 -5 -4  3  0  2 -1 -1 -1 -3 -2 -6 -4 -1    1   8   0   0   0   3  36   0   0  19   9  11   1   2   3   1   2   0   0   4  0.61 inf
    7 E    0 -2  1  2 -6  4  4 -4  0 -3 -4  0 -4 -6 -4  0  0 -6 -3 -3   10   1   6  11   0  18  32   0   2   1   1   4   0   0   0   6   6   0   1   1  0.66 inf
    8 Q   -1 -4 -3  0 -6  3  6 -5 -3 -2 -5 -2 -5 -6 -5  1 -2 -6 -4 -3    6   0   1   4   0  11  56   0   1   3   1   2   0   0   0  12   2   0   1   2  1.18 inf
    9 L   -2 -5 -6 -3 -4 -5 -6 -6 -6  4  5 -5 -1 -3 -6 -3 -4 -5 -4  2    3   0   0   1   0   0   0   0   0  22  54   0   1   0   0   2   0   0   0  13  1.15 inf
   10 L   -3 -3 -3 -2 -1 -2 -2 -5  2  2  4 -1  4  2 -5 -3 -1 -4  1 -1    1   1   1   3   1   1   3   0   5  13  36   4  11   9   0   1   4   0   4   3  0.53 inf
   11 S    1  0  2  1 -1  2  3 -3  0 -3 -2  1  0 -4 -4  0 -1 -5 -2 -3   13   6  10   7   1  10  22   1   2   1   3   8   2   0   0   6   4   0   1   1  0.34 inf
   12 Q   -5  6 -3 -6 -4  0 -4 -6  1  1 -2  2 -5 -1 -6 -4 -2 -5  5 -2    0  48   1   0   0   4   0   0   3   7   3   9   0   2   0   1   2   0  17   2  1.21 inf
   13 A    6 -6 -6 -6  2 -5 -5 -2 -6 -2  0 -5 -4  0 -5  0 -1 -6 -5 -1   63   0   0   0   4   0   0   3   0   2  10   0   0   5   0   5   3   0   0   4  1.16 inf
   14 Q   -2  2  2  0 -2  5  2 -4  1 -3 -2  4 -3 -4 -5 -2 -2 -1 -1 -3    3   9   8   4   1  23  13   0   3   1   4  22   0   0   0   2   2   1   2   1  0.59 inf
   15 S    1  1  1 -1 -5  2  2  0 -1 -4 -3  2 -1 -2 -3  2 -1 -1 -3 -3   13   7   8   3   0  10  15   5   1   0   2  15   1   2   1  14   2   1   1   1  0.32 inf
   16 I    2 -5 -3 -3 -2 -5 -5 -5 -5  3  4 -5  2 -1 -5 -3 -2 -5  0 -1   21   0   1   2   1   0   0   0   0  18  43   0   4   2   0   1   2   0   3   2  0.77 inf
   17 A    4 -4 -3 -3 -4 -1  1 -4 -2  3  1 -1  0 -4 -4 -1 -1 -5 -4  2   34   0   1   1   0   2  11   0   1  15  12   3   2   0   0   4   3   0   0  11  0.48 inf
   18 G   -5 -7  0 -3 -7 -6 -7  7 -1 -8 -8 -6 -8 -8 -7 -3 -6 -7 -3 -8    0   0   5   1   0   0   0  88   1   0   0   0   0   0   0   2   0   0   1   0  2.41 inf
   19 L   -4  0 -3 -5 -1 -1 -4 -6  1 -1  2  6  1  1 -6 -3 -3 -5  2 -2    1   5   1   0   1   2   0   0   4   3  19  43   3   5   0   1   1   0   7   3  0.83 inf
   20 T   -4 -1 -2 -3 -3 -3 -5 -6 -6 -6 -4 -1 -5 -7  0  4  6 -7 -3 -5    0   4   2   1   1   1   0   0   0   0   1   4   0   0   6  30  50   0   1   0  1.34 inf
   21 F   -4 -6 -7 -5 -6 -6 -4 -7 -6  0  5 -6  1  6 -7 -6 -5 -5 -1 -1    1   0   0   1   0   0   1   0   0   5  53   0   3  30   0   0   0   0   1   3  1.44 inf
   22 G    2  2 -1 -3 -2 -1  0  4 -1 -3 -2  1 -3 -5 -4 -1 -3 -1 -2 -3   14  12   3   1   1   3   6  34   1   1   4  10   1   0   0   4   1   1   1   1  0.50 inf
   23 E   -4 -5 -2  4 -3  4  6 -6 -5 -7 -6 -2 -2 -7 -6 -3 -4 -7 -4 -7    1   0   2  19   1  15  55   0   0   0   1   1   1   0   0   1   1   0   1   0  1.58 inf
   24 L   -3 -6 -7 -7 -1 -6 -6 -7 -6  4  5 -6 -1  0 -6 -4 -5 -6 -2  2    2   0   0   0   1   0   0   0   0  24  51   0   1   3   0   1   0   0   1  14  1.21 inf
   25 A    4 -2  0  4  1 -2 -3 -1 -2 -2 -1 -2 -4 -2 -4 -2 -2 -5 -1 -1   40   2   4  22   3   1   1   3   1   2   6   2   0   2   0   2   1   0   2   5  0.59 inf
   26 D    1 -1  0  1 -2  2  2 -1  0 -2 -2  1 -2 -2 -2  0  1 -4 -2 -1   12   3   4   9   1   8  14   5   2   2   4  11   1   2   2   6   9   0   1   6  0.15 inf
   27 E   -1  0  1 -1 -1  2  3 -2  0 -2 -1  2  1 -3 -2  0  0 -4 -2 -3    6   5   7   3   1  12  19   3   2   3   5  13   4   1   2   7   6   0   1   1  0.23 inf
   28 L    2 -2  2 -1  2 -1  0  0  1  0  1 -2 -1  0 -2 -1 -2 -1  2 -1   22   2  10   3   4   2   7   7   4   4  13   2   1   4   1   2   2   1   7   2  0.14 inf
   29 H   -2  1  2  1 -4  2 -1  3  1 -2 -2  0  0 -4 -2 -1 -1 -1 -1  0    2   8  12   9   0  11   2  21   3   2   4   4   2   0   2   3   4   1   3   6  0.24 inf
   30 I   -2 -2 -1 -2 -1 -1 -2 -2 -3  3  2 -2  2  3 -2 -2 -1  1  0  1    3   2   4   2   1   2   2   3   0  20  19   3   6  12   2   2   3   2   2  10  0.25 inf
   31 P    0  0  1  1 -2  1  1 -2 -1 -1 -1  1  0 -1  2  0  1 -3 -2  0    7   4   7   8   1   5  11   2   1   3   5  10   3   3  10   4   9   0   0   6  0.12 inf
   32 V    0 -1  1 -1 -1 -2  0 -2  1  2  0  0  1  0 -2 -1  0 -3  0  2    5   2  10   2   2   0   6   2   3  15   5   7   4   4   2   4   6   0   3  16  0.08 inf
   33 P   -2 -1  0 -1 -4 -2 -1 -2 -3 -1 -1  0 -3 -1  5  0  0  0  1 -1    2   4   4   3   0   1   3   4   0   4   6   6   0   3  35   7   6   2   5   5  0.53 inf
   34 I    0  0  1  1 -3  1  1 -1  1  0 -1  1 -1 -1  0  0  0 -3  0 -1    7   5   6   8   0   6  11   4   4   6   6  11   1   2   5   6   4   0   3   3  0.08 inf
   35 D   -1 -2  4  4 -4  0  2 -1  2 -2 -2  0 -3 -4 -3  0  1 -4 -1 -3    3   0  19  22   0   3  13   5   5   2   4   6   0   0   0   6   7   0   3   0  0.43 inf
   36 L   -1 -1  0 -1 -2  0  0  0 -2  0  1  0  1  1  1  0  0 -2  0 -1    4   3   5   3   0   4   5   6   0   5  22   8   4   6   9   6   4   0   3   3  0.06 inf
   37 K   -1  2  2  0 -3  1  0 -1  1 -1 -2  3 -2 -3  0  0  0 -3  0 -1    4  11  11   4   0   5   5   5   3   5   4  20   0   0   4   5   5   0   4   5  0.16 inf
   38 R    0  0  0  0 -2  1  0  0  2  0 -1  0 -1  0  1  0  0 -2  1  0    6   6   6   6   0   6   6   6   6   6   6   6   0   6   6   6   6   0   6   6  0.04 inf
   39 D   -1  0  3  3 -3 -1  0  0  0 -1 -3 -1 -3 -3  1  1 -1 -4 -2 -1    4   6  18  17   0   2   4   8   3   5   1   2   0   0   7  14   2   0   2   5  0.26 inf
   40 K   -4  0 -4 -4 -7 -2 -3 -5 -4 -6 -6  8 -5 -7 -5 -4 -1 -7 -5 -6    0   2   0   0   0   0   0   0   0   0   0  93   0   0   0   0   5   0   0   0  2.21 inf
   41 G   -2 -5  0 -3 -5 -4 -4  6  2 -6 -6 -4 -5 -6 -5  1 -1 -5 -5 -5    2   0   4   1   0   0   0  73   5   0   0   0   0   0   0  12   4   0   0   0  1.49 inf
   42 W   -1  0 -2 -2  1 -1 -2  1 -3  0 -3  0 -3  3 -4  1 -3  8  0 -3    3   5   2   2   3   3   2  10   0   8   1   5   0  11   0  15   0  25   2   1  0.65 inf
   43 V    1 -4 -2 -4 -3 -3 -4 -4 -4  3  1 -3 -1  1 -1 -2  1 -3  0  3   12   0   2   0   0   0   0   0   0  19  14   0   0   6   2   1  10   0   4  28  0.38 inf
   44 G   -2 -5 -4 -4 -6 -1 -5  7 -5 -6 -6 -5 -6 -6 -1 -1 -4 -6 -6 -2    1   0   0   0   0   4   0  85   0   0   0   0   0   0   3   3   0   0   0   4  1.84 inf
   45 M   -3 -2  3  2 -1  5  0 -3  1 -1 -1  1  1 -4 -4  0  0 -5 -4 -2    1   0  14  10   1  35   2   1   4   4   6   6   4   0   0   6   4   0   0   1  0.53 inf
   46 L    1 -4 -4 -5 -3 -4 -4 -5 -2  2  4 -3  1  1 -4 -3 -2 -4  0  3   14   0   1   0   0   0   0   0   1  10  42   1   3   5   0   1   1   0   3  21  0.58 inf
   47 L   -2 -5 -5 -6 -3 -5 -5 -6 -5  5  3 -5  0  1 -5 -4 -2  0  0  3    3   0   0   0   0   0   0   0   0  32  34   0   1   6   0   0   1   1   2  19  0.81 inf
   48 E   -4 -3  1 -2 -6  0  7 -5 -3 -6 -3 -2 -5 -6 -4 -1 -4 -6 -5 -5    0   0   6   0   0   2  82   0   0   0   3   0   0   0   0   4   0   0   0   0  1.77 inf
   49 R   -1  1 -1  0  0  1  2 -1  0 -1  1  1 -1 -1 -3  0  0  3  1 -1    2   7   2   3   3   8  15   3   2   2  16  10   1   2   0   7   4   4   5   3  0.11 inf
   50 A    1 -3 -3 -3  1 -2 -2 -2  3  1  0 -3  0  2 -4 -2 -1  6  4  1   13   0   1   1   3   1   2   2   8   7   9   0   2   6   0   1   3  11  19  12  0.44 inf
   51 L   -4 -5 -6 -6 -4 -5 -6 -6 -4  0  5 -5  0  6 -6 -5 -4 -3  1 -2    0   0   0   0   0   0   0   0   0   4  50   0   2  40   0   0   0   0   4   0  1.32 inf
   52 G   -3 -3  1  0 -5 -4 -3  6  1 -6 -4  0 -5 -1 -5 -2 -4 -5 -3 -6    0   1   6   5   0   0   1  71   3   0   1   6   0   3   0   2   0   0   1   0  1.30 inf
   53 A    2 -3 -4 -4 -2 -1 -3 -4  0  2  0 -1  1  1 -4 -2  0 -2  5  0   24   0   0   0   1   3   0   0   2  12   7   4   5   4   0   0   5   0  28   4  0.48 inf
   54 T   -1  0  1  2 -2  1  1 -2  0 -3 -3  2 -2 -4  3  0  0 -4 -2 -3    4   3   6  13   1   6  11   2   2   1   1  16   1   0  18   8   6   0   1   1  0.37 inf
   55 A    3  0 -1 -3  1 -1 -2  0 -3  0  0  0 -2 -3  2  0  0 -4 -3  0   33   6   3   0   3   2   0   5   0   7  10   5   0   0  12   7   4   0   0   5  0.25 inf
   56 G   -1 -2  4  3 -2 -1 -2  3  0 -4 -4 -1 -4 -4 -3 -1  1 -4  0 -2    5   1  26  16   1   1   1  24   3   0   0   3   0   0   0   3   8   0   4   3  0.52 inf
   57 S   -2  0  4  0  0 -2  0 -3 -3 -5 -5 -2 -4 -5 -1  5  0 -5 -1 -5    1   4  25   5   2   0   4   0   0   0   0   1   0   0   2  50   3   0   3   0  0.89 inf
   58 K   -2  1  1  4 -2  0  1 -3 -1 -2 -3  5 -1 -4 -3  0 -1 -5 -2 -3    1   4   6  22   1   3   7   0   1   2   3  37   1   0   0   7   3   0   1   1  0.56 inf
   59 A    2 -1 -1 -2  3  1 -2 -3  0 -2 -3  1  2  0  4  2 -1 -4 -3 -3   16   2   3   1   8   7   1   0   3   2   0  10   7   5  19  15   3   0   0   0  0.37 inf
   60 E   -1  1  0  0 -4  1  4 -2 -1  0  0  2 -2 -1 -3 -1 -1 -4 -3 -2    5   6   3   4   0   3  33   2   1   8  10  16   0   3   0   2   3   0   0   2  0.32 inf
   61 Q    1  0 -3 -3 -1  3  0 -4 -1  0 -1 -2 -3 -4  6 -2 -2 -4  0 -3   12   5   0   0   2  14   5   0   1   6   7   0   0   0  41   2   2   0   4   0  0.80 inf
   62 D   -4 -4  0  7 -5 -3  0 -1 -4 -5 -5 -1 -5 -5 -4 -3 -1 -6 -5 -5    0   0   3  75   0   0   5   5   0   0   1   4   0   0   0   0   4   0   0   0  1.64 inf
   63 F   -4 -5 -5 -5 -5 -5 -1 -5 -4  1  0 -5  1  8 -5 -5 -4 -2  1 -3    0   0   0   0   0   0   5   0   0   7   9   0   3  70   0   0   0   0   3   0  1.65 inf
   64 S    1 -1 -2  0 -3  0  2 -1  0 -2 -2  2 -2 -4  3  0  0 -4 -2 -2   15   2   1   5   0   2  17   3   3   3   4  15   1   0  16   5   5   0   2   2  0.28 inf
   65 H   -1 -2  2  3 -5  1  3 -2  4 -2 -4  2 -3 -3 -3 -1 -2 -5 -2 -2    5   0   8  17   0   7  25   2  13   2   1  12   0   1   0   2   0   0   1   2  0.53 inf
   66 L    2 -4 -4 -1 -2 -3 -3 -1 -1  2  3 -4 -1 -2 -4 -3 -2  1  1  1   24   0   0   4   1   0   1   4   1  10  39   0   0   0   0   0   1   2   4   9  0.42 inf
   67 G   -2 -3  3  1 -5 -3  0  6 -1 -5 -5 -1 -4 -5 -1 -1 -3 -5 -5 -2    1   1  12   7   0   0   6  58   1   0   0   3   0   0   3   3   0   0   0   4  0.97 inf
   68 V   -2 -4 -4 -4 -3 -4 -4 -5 -4  5  2 -4  1 -2 -4 -3  0 -4 -1  4    2   0   0   0   0   0   0   0   0  35  17   0   2   0   0   0   4   0   1  34  0.77 inf
   69 E   -4 -3 -3 -2 -6  1  7 -5 -3 -6 -6  0 -5 -6 -4 -1 -4 -6 -5 -3    0   0   0   0   0   5  83   0   0   0   0   4   0   0   0   4   0   0   0   2  1.75 inf
   70 L   -4 -5 -6 -6 -4 -5 -5 -6 -5  2  6 -5  1  0 -5 -5 -4 -4 -3  0    0   0   0   0   0   0   0   0   0  10  80   0   3   2   0   0   0   0   0   3  1.31 inf
   71 K   -4  2 -3 -4 -7 -2 -2 -5 -4 -6 -6  8 -5 -7 -4 -4 -4 -6 -5 -6    0   9   0   0   0   0   0   0   0   0   0  91   0   0   0   0   0   0   0   0  2.12 inf
   72 T   -1 -4 -3 -4  2 -4 -4 -4 -5 -2 -3 -4 -3 -5 -2  1  6 -5 -4  3    3   0   0   0   5   0   0   0   0   0   1   0   0   0   2  10  59   0   0  20  1.10 inf
   73 L   -2 -4  0 -4  0 -4 -4 -5 -4  5  1 -4 -2 -1 -4 -1  4 -5 -3  0    2   0   5   0   2   0   0   0   0  41  10   0   0   2   0   4  32   0   0   4  0.74 inf
   74 P   -2  1 -4 -4 -6  0 -3  1 -4 -6 -6  1 -5 -6  7 -2 -4 -6 -6 -5    3   9   0   0   0   5   0  10   0   0   0   7   0   0  64   2   0   0   0   0  1.66 inf
   75 I   -2 -3 -5 -5  1 -4 -5 -5 -4  4  3 -3  2  1 -5 -3 -3 -3  2  2    2   1   0   0   3   0   0   0   0  31  30   1   4   6   0   1   0   0   8  12  0.63 inf
   76 N   -2  0  5  4 -5 -1  0 -1 -2 -4 -3  2 -4 -5 -3  0  0  1 -4 -3    1   5  29  23   0   1   4   3   0   1   2  15   0   0   0   6   6   2   0   1  0.60 inf
   77 A    1  1  0 -1 -3  0  1  1  0 -2 -3  3 -2 -2  0  0 -1 -1  1 -2   10   9   5   2   0   3   8  12   2   2   1  24   0   1   5   7   2   1   6   1  0.21 inf
   78 E   -1  0  4  0 -3  1  0 -2  0 -2 -1  1  0 -2 -1  1  1 -4 -2 -1    4   4  24   5   0   8   4   2   2   1   5   8   2   1   2  12  11   0   1   4  0.23 inf
   79 G   -1 -3 -2 -4 -2 -3 -2  5 -3 -2  0  2 -2  1 -3 -2 -2  1  1 -3    3   0   1   0   1   0   1  46   0   2  12  14   1   8   1   1   1   2   5   1  0.59 inf
   80 Y   -1  3 -1 -2 -4  1  0 -3 -2 -2 -2  5 -1 -3 -2  2 -1 -4 -1 -3    3  14   2   0   0   4   4   1   0   2   3  42   1   1   1  15   3   0   2   1  0.54 inf
   81 P    3 -4 -4 -4 -4  0 -3 -3 -4  0 -4 -3 -4 -5  6  0 -3 -6 -5  0   30   0   0   0   0   5   0   1   0   5   0   0   0   0  44   6   0   0   0   8  1.13 inf
   82 L   -1 -1 -2 -2 -5 -1 -1 -1 -4 -2  3  6 -1 -4 -4 -3 -2 -5 -4 -3    4   1   2   2   0   1   2   5   0   1  28  53   1   0   0   0   1   0   0   0  0.78 inf
   83 E   -4 -4 -4 -1 -7  0  7 -1 -4 -7 -6 -2 -6 -7 -5 -1 -4 -6 -6 -6    0   0   0   2   0   3  87   4   0   0   0   1   0   0   0   3   0   0   0   0  1.95 inf
   84 T   -2  5 -1 -4 -4 -2 -3 -2 -3 -2 -4  0 -4 -5  2  2  4 -5 -4 -4    2  34   3   0   0   0   0   2   0   3   0   4   0   0   9  13  29   0   0   0  0.75 inf
   85 T   -3 -4 -4 -5  0 -4 -5 -5 -5  1  3 -4  5 -3 -5 -3  5 -5 -4 -1    0   0   0   0   2   0   0   0   0   7  30   0  18   0   0   0  41   0   0   3  1.01 inf
   86 F   -1 -4 -4 -5 -4 -4 -4 -4  1 -1 -2 -4 -2  5 -5  2 -3 -3  4  3    5   0   0   0   0   0   0   0   3   2   2   0   0  26   0  22   0   0  14  26  0.74 inf
   87 V   -4 -5 -2 -6  2 -5 -6 -6 -6  4  3 -5 -2  1 -6 -5 -3 -5 -3  4    0   0   2   0   4   0   0   0   0  25  28   0   0   6   0   0   0   0   0  34  0.98 inf
   88 S   -2 -4  3 -1  7 -4 -2 -1 -4 -4 -5 -3  0 -5 -2  2  4 -6 -5 -3    1   0  12   3  27   0   3   5   0   0   0   1   2   0   2  18  23   0   0   1  0.95 inf
   89 L    1 -3 -2 -2 -3  0 -3 -2 -1  2  0 -1  5 -1 -1 -1  1 -4  0  2   12   0   2   2   0   5   0   2   2  14   5   4  17   1   2   4   8   0   4  17  0.26 inf
   90 A    3 -4 -3 -5 -1 -4 -4 -4 -5  5 -1 -2  0 -1 -4 -2 -2 -5 -4  3   23   0   1   0   1   0   0   0   0  43   3   3   1   3   0   2   2   0   0  17  0.79 inf
   91 P   -3 -4  5  3 -5 -2 -1 -2  0 -5 -6 -1 -5 -5  5  1 -1 -6 -2 -5    1   0  26  19   0   1   3   2   3   0   0   3   0   0  28   9   3   0   1   0  0.94 inf
   92 L   -3 -3 -2 -5 -5 -4 -3 -2 -3  0  3 -4  0  4  0 -3 -4 -2  5 -1    1   2   2   0   0   0   2   3   0   4  31   0   2  19   5   2   0   0  25   2  0.74 inf
   93 V   -1  0  0  1  1 -1  1 -2  0  1  1  0  3  0 -2 -1  2 -3  0  0    2   5   5   7   3   1  11   2   2   9  11   4  10   3   1   3  14   0   3   5  0.09 inf
   94 Q   -2 -1  2  2 -4  1  2  1  2 -3 -2  2 -1 -4 -1  0  0 -5 -3 -3    2   2  10  13   0   5  17  12   5   1   3  12   2   0   2   7   5   0   0   2  0.29 inf
   95 N   -2 -2  2 -1 -3 -1  1 -2 -2  4  1 -2  0 -3 -1 -1 -1  1 -1  2    1   2  11   3   0   1  12   3   1  28  10   1   1   0   3   3   4   2   2  13  0.24 inf
   96 S    0 -1  1 -1 -1  1 -1 -2  2  1 -1 -2 -1 -1 -1  1  1 -1  1  1    9   2   6   3   1   8   3   1   6   9   5   1   1   2   2  11   9   1   7  13  0.09 inf
   97 G   -2 -1  2  1 -5  0  2  4  2 -5 -1  1 -4 -5 -2 -1 -2  1 -3 -5    2   2  10   7   0   5  14  30   6   0   6  10   0   0   2   4   1   2   1   0  0.45 inf
   98 V   -1 -1  0  0 -4  1  3 -3 -1  1  0  0  0 -3 -2 -2  0 -4 -3  1    4   2   5   4   0   7  25   2   1   9  12   7   2   0   2   1   6   0   0  12  0.22 inf
   99 K   -2 -1  1  2 -1  2  2 -4  1 -3 -4 -1 -3 -5  0  1  4 -5 -4 -1    2   3   8  11   1   8  11   0   3   1   1   3   0   0   5   9  30   0   0   4  0.44 inf
  100 W   -7 -7 -7 -8 -7 -7 -7 -7 -6 -5 -5 -7 -5  8 -8 -7 -7 11  1 -6    0   0   0   0   0   0   0   0   0   0   0   0   0  51   0   0   0  44   3   0  3.11 inf
  101 E   -2 -2 -1  0  0  2  6 -4  2 -5 -3  0 -4 -2 -3 -2 -2 -5  1 -4    2   1   2   4   2   9  54   1   4   0   2   6   0   1   1   2   2   0   5   1  0.96 inf
  102 N   -3 -3  4  2 -2  2  2 -3  0 -4 -5 -1 -4 -2 -4  1  4 -6 -4 -4    1   0  18  10   1  10  15   1   2   1   0   3   0   2   0  10  27   0   0   1  0.66 inf
  103 S   -1 -5 -1 -5  1 -5 -5 -5 -5 -7 -7 -5 -6 -7 -3  7  0 -7 -6 -6    3   0   3   0   2   0   0   0   0   0   0   0   0   0   1  86   5   0   0   0  1.99 inf
  104 H   -1  0  0 -2 -5  1  0 -3  6 -2 -3  0 -4 -3 -1  2 -1  2  2 -2    4   5   3   1   0   5   6   1  24   2   3   6   0   0   3  19   3   3   9   2  0.53 inf
  105 V   -1 -5 -6 -6  3 -5 -6 -6 -6  2  3 -5  2  4 -6 -5 -4 -4 -3  4    4   0   0   0   5   0   0   0   0  12  24   0   5  15   0   0   0   0   0  35  0.90 inf
  106 R   -3  4 -2 -5  1 -1 -2 -5  0 -2 -1  0  0  1 -5  0 -4  7  4 -2    2  28   2   0   3   2   2   0   2   3   6   4   2   5   0   8   0  17  13   2  0.82 inf
  107 H    0  0  2 -1 -1  2  1 -4  4 -2 -2  3 -1 -1 -2 -1 -2 -3  3 -3    7   4   9   3   2   8  11   0  12   2   3  18   1   2   2   4   2   0  10   1  0.32 inf
  108 K   -5  1  2 -5 -7 -3 -4 -6 -5 -7 -7  8 -6 -6 -6 -4 -5 -7  2 -7    0   6   8   0   0   0   0   0   0   0   0  79   0   0   0   0   0   0   6   0  2.04 inf
  109 L   -1 -4  3 -4  4 -4 -5 -2 -4  2  4 -4  0  2 -5 -2 -2 -4 -3 -1    5   0  14   0   9   0   0   3   0  10  42   0   2  10   0   2   2   0   0   2  0.61 inf
  110 S    1  2  1 -1 -1  2  0 -1  1 -3 -3  2 -1 -4 -3  2  0 -4  1 -3   10  12   6   3   2  10   4   4   3   1   1  16   1   0   0  15   4   0   6   0  0.28 inf
  111 C   -1  3  2  0  1  2  0 -3  3 -2  0  3 -1 -2 -3 -1 -1 -4 -1 -2    3  17  11   4   3   9   3   0   8   2  10  20   1   1   0   3   4   0   1   1  0.28 inf
  112 V   -3 -4 -5 -5 -3 -4 -5 -5 -5  4  2 -4  4 -2 -5 -2  1 -4 -3  4    0   0   0   0   0   0   0   0   0  31  16   0  14   0   0   2   9   0   0  28  0.80 inf
  113 L   -4 -1 -5 -5 -4 -1  0 -6 -4  1  5  0  0 -2 -5 -4 -2 -4 -4 -2    0   3   0   0   0   2   8   0   0   6  72   6   1   0   0   0   2   0   0   0  0.93 inf
  114 W   -3 -3 -4 -5 -3 -3 -4 -4 -3  2  2 -4  2  2 -4 -3 -2  8  2  1    0   0   0   0   0   0   0   0   0  16  25   0   8   8   0   0   0  28   8   9  0.82 inf
  115 M    0 -3 -3 -4 -2 -3 -3 -1 -3  2  1 -3  3  2 -3 -2 -1  3  1  3    7   0   0   0   0   0   0   6   0  19  11   0  12   9   0   0   0   6   6  26  0.28 inf
  116 P   -2 -3 -5 -5 -5 -1 -2 -3 -4 -2 -2 -4 -2  5  5 -2 -2  4  3 -2    3   2   0   0   0   3   2   2   0   2   2   0   1  29  32   3   2   5  10   2  1.01 inf
  117 I   -5 -1 -6 -6 -5 -5 -6 -7  0  3 -2 -5 -3  1 -6 -5 -4 -2  8  3    0   4   0   0   0   0   0   0   2  14   3   0   0   3   0   0   0   0  51  22  1.50 inf
  118 E   -3 -3 -1 -1  3  0  4 -4  1  1  2 -1  1  0 -4 -2 -2 -4  0 -1    0   0   3   3   6   3  32   0   4   9  19   3   4   4   0   2   2   0   3   3  0.37 inf
  119 G    0  0 -1 -1 -4 -1 -3  3  4 -4 -3 -1 -3  0 -4 -1 -1  4  4 -3    9   4   3   4   0   2   0  28   9   0   2   4   0   4   0   3   4   6  16   2  0.50 inf
  120 S   -1  0  0  2 -1  2  3 -2 -1  0 -2  1 -1 -4 -1  0 -2 -4 -2  0    4   3   5  13   2  10  24   2   1   7   3   8   1   0   2   5   1   0   1   7  0.26 inf
  121 R   -1  5  0 -1 -4  0 -1 -2 -3 -4 -4  4 -3 -4  1  0  0 -4 -1 -3    3  29   4   3   0   4   2   3   0   0   1  25   0   0   8   8   6   0   2   2  0.58 inf
  122 H    0  0  1  3 -4  1  2  2  0 -4 -2  0 -3 -4 -1  0  0 -4 -3 -3    6   4   8  19   0   5  15  15   3   0   3   6   0   0   2   7   5   0   0   2  0.31 inf
  123 I   -2 -1 -1  0 -1  1 -1 -2 -3  4  0  0  1  0 -3 -2 -1 -3  0  2    2   2   2   5   1   8   3   3   0  27   9   7   3   3   0   1   4   0   3  15  0.19 inf
  124 P   -1 -2  1  2 -5 -2  1 -4  1 -5 -3 -1 -2 -2  6  0  0 -5 -3 -4    5   1   8  12   0   1   9   0   3   0   3   4   1   2  36   8   5   0   1   0  0.76 inf
  125 L   -2  2 -1 -1 -4 -2 -3 -3 -3  0  2  1  0  1  2 -1 -2 -1  2  0    2  12   3   3   0   1   0   1   0   6  21  11   2   6  10   5   0   1   7   6  0.19 inf
  126 R    1  0  0 -1 -1  0  1  0 -1 -1  0  1 -1 -1  0  1  0 -1 -1  0   18   5   5   2   1   2   9   5   1   3  11   9   1   2   3  10   3   1   2   5  0.06 inf
  127 E   -3 -3  1  5 -5  2  4 -4  0 -3 -3  0 -2 -5 -4 -1 -2  0 -3 -3    2   0   5  33   0   8  28   1   3   2   2   5   1   0   0   4   2   1   1   2  0.79 inf
  128 R   -4  5 -2 -5 -1 -2 -2 -5 -3 -2  0 -2  0  4 -5 -2 -4  4  5 -2    0  30   2   0   1   1   2   0   0   2   8   2   2  18   0   3   0   5  19   3  0.85 inf
  129 H   -3  3 -2 -3  1  0 -1 -3  3  1 -1  2  0 -1  1 -1  0 -4  0  0    0  18   1   1   4   3   4   1   7  11   6  16   3   2   6   4   5   0   2   5  0.23 inf
  130 I   -5 -6 -7 -7 -5 -6 -7 -7 -1  6  0 -4 -1  2 -6 -4 -3 -5  0  4    0   0   0   0   0   0   0   0   1  51   6   1   1   9   0   1   1   0   3  25  1.34 inf
  131 G   -1 -1 -1  1 -4 -2  0  4 -2 -1 -1  2 -2 -1 -4 -1 -1 -4 -1 -1    5   2   2   9   0   1   5  35   1   4   8  12   0   3   0   3   4   0   3   3  0.35 inf
  132 A    0 -1  0  0 -1  0  0  0  1 -1 -1  1  0  0 -1  1  0  0  2 -2    9   3   3   5   2   4   7   7   3   3   6  10   3   5   2  10   6   1  11   1  0.07 inf
  133 P    2 -4 -4 -2 -4 -4 -3 -1 -4  1 -3 -3 -3  0  5  1 -1  0  2  2   15   0   0   2   0   0   1   5   0   7   1   1   0   4  28   9   2   1   8  13  0.56 inf
  134 I   -2 -1 -1 -1 -2  0 -1 -2  2  1  1  1 -1  4 -4 -2  0  0  0  0    3   2   3   3   1   5   4   2   5  11  16  10   0  19   0   1   5   1   3   7  0.18 inf
  135 F   -5 -3 -6 -5 -5 -5 -2 -6 -5  2  5 -4 -1  3 -6 -4 -3 -5  0 -1    0   1   0   1   0   0   3   1   0   9  65   1   1  10   0   1   1   0   3   3  1.16 inf
  136 W   -6 -3 -3 -2 -6 -6 -5 -6  3 -2 -1 -5 -1  4 -7 -2 -6 11  4 -4    0   1   2   3   0   0   1   0   6   2   5   1   1  15   0   3   0  47  11   1  2.13 inf
  137 K   -2 -1  1  1 -5  3  2 -3 -1 -4 -3  2 -4 -5 -4  3  1 -6 -5 -4    2   2   6   6   0  16  15   1   1   1   2  11   0   0   0  27   9   0   0   1  0.57 inf
  138 P   -4 -3 -6 -2 -1 -5 -5 -6 -5  1  0 -5  3  4  6 -4 -5  3  1 -4    1   1   0   2   1   0   0   0   0   7   8   0   6  18  44   1   0   4   5   1  1.27 inf
  139 T   -2 -2  4  2 -1 -2 -1 -3 -1 -3 -3 -2  1 -2  2  3  1 -5 -2 -3    2   2  17  12   1   1   3   1   1   1   2   1   3   2  11  26   9   0   1   1  0.48 inf
  140 A    1 -1 -1  0 -4  1  3 -1 -1 -2 -3  1 -3 -2  3  0 -1 -5  0 -1   15   3   2   5   0   5  24   3   1   2   2   8   0   1  12   6   3   0   3   5  0.31 inf
  141 E   -1 -1 -2  2 -6  2  5 -4  0 -3 -3  1 -4 -2 -2 -1 -1 -5  0 -1    5   2   1  10   0  10  38   1   2   2   3   8   0   2   1   3   4   0   3   4  0.57 inf
  142 Q   -5 -4 -4  5 -7  5  4 -6 -4 -2 -1 -1 -5 -7 -2 -4 -3 -7 -6 -6    0   0   0  35   0  24  27   0   0   2   6   3   0   0   2   0   2   0   0   0  1.27 inf
  143 E   -2 -1  0  1 -5  0  5 -4 -3 -2  2  0  1  0 -4 -2 -2  1 -1 -2    3   2   4   6   0   4  36   1   0   2  19   4   4   4   0   3   1   2   2   2  0.46 inf
  144 R    2  1  0 -1 -4  2  3 -3 -1 -3 -1  2 -1 -3  0 -1 -2 -1 -1 -2   18   8   5   2   0   9  21   1   1   1   5  12   2   1   4   3   1   1   3   2  0.29 inf
  145 Q   -2 -1 -4 -2 -2  5  0 -5 -2  4  1 -1  1 -4 -5 -3  0 -5 -1  1    3   3   0   2   1  25   5   0   1  25  14   3   3   0   0   1   6   0   2   7  0.53 inf
  146 L   -5 -7 -7 -8 -5 -6 -7 -8 -7  5  5 -7  1  0 -7 -6 -5 -6 -5  0    0   0   0   0   0   0   0   0   0  35  54   0   3   4   0   0   0   0   0   4  1.52 inf
  147 K   -2  5 -2 -4 -1  3  2 -5 -1 -2 -2  4 -4 -6 -5 -3 -3 -6 -2 -3    3  35   1   0   2  11  12   0   1   3   3  24   0   0   0   1   1   0   1   2  0.90 inf
  148 Q   -1  1  3 -1 -2  4  2 -4  2 -5 -3  2 -2 -4 -3  1 -1 -5 -3 -4    5   8  14   3   1  21  14   0   6   0   3  11   1   1   1   8   3   0   1   1  0.51 inf
  149 D   -7 -7 -4  8 -8 -5 -3 -6 -6 -2 -3 -6  0 -2 -7 -5 -6 -9 -7 -3    0   0   0  88   0   0   0   0   0   2   3   0   2   2   0   0   0   0   0   2  2.52 inf
  150 W   -8 -8 -9-10 -8 -8 -8 -8 -7 -8 -7 -8 -7  3 -9 -8 -8 12  5 -8    0   0   0   0   0   0   0   0   0   0   0   0   0   9   0   0   0  71  20   0  3.99 inf
  151 E   -4 -2  3  0 -7  1  6 -5  0 -6 -4  0 -5 -6 -5 -3 -2 -6  1 -3    1   1  12   4   0   5  57   0   2   0   2   6   0   0   0   1   2   0   5   2  1.16 inf
  152 E   -2  0 -2  0 -5 -1  5 -5 -1  1 -1  1 -3 -2 -4 -1  1 -5  1 -2    3   5   1   4   0   2  38   0   1  10   6   9   0   2   0   2  10   0   5   2  0.51 inf
  153 L   -4 -5 -5 -6  0 -3 -5 -6 -2  6  3 -5 -2 -2 -5 -4  1 -5 -4  2    0   0   0   0   2   1   0   0   1  46  31   0   0   1   0   0   8   0   0  10  1.05 inf
  154 M   -1  1  1 -3  1 -1 -2 -3  2  1 -1  0  6 -2 -3  0  1 -3 -1  1    4   9   7   0   3   3   1   1   5   8   2   5  28   0   0   5   7   0   2   8  0.34 inf
  155 D   -1  0  1  3 -4  2  3 -2  2 -4 -2  1 -3 -2 -3  0 -1 -4 -3 -3    3   4   8  21   0  10  25   3   5   0   4   6   0   2   0   4   4   0   0   1  0.42 inf
  156 L   -1  0 -1 -1  1  0 -2 -4  1  3  0  1  2  1 -3 -2 -1  2  1  0    4   4   3   3   4   5   0   0   4  24   7  11   7   6   0   0   4   3   6   3  0.19 inf
  157 I    1 -5 -6 -6 -4 -5 -5 -6 -6  6  2 -5  4 -3 -5 -4 -3 -5 -4  3   11   0   0   0   0   0   0   0   0  45  16   0  11   0   0   0   0   0   0  17  1.05 inf
  158 V    1  1  0 -2  1  1  0 -2  1  1 -1  1  0 -2 -3  0  1 -3 -1  1   12   7   5   0   3   7   5   2   4  10   5   7   3   0   0   4  12   0   2  10  0.09 inf
  159 L   -1  0  2 -1 -1  1  2 -3 -2 -1  1  1  0 -1 -3  0  1 -3 -2 -1    3   3  10   2   2   7  16   0   0   4  19   7   3   3   0   6  11   0   0   3  0.15 inf
  160 G   -2 -3  1 -3 -4  0 -3  5 -3 -1 -1 -1 -3 -4 -1  0 -3 -4 -4  1    0   0   7   0   0   5   0  51   0   4   6   5   0   0   3   7   0   0   0  10  0.69 inf
  161 K    0  1  0  0 -3  2  1  0  2 -1 -1  2 -2  0  0  0 -2 -3  0 -2    9   7   4   4   0  11   8   8   5   3   5  16   0   4   3   6   0   0   3   2  0.13 inf
  162 L    2 -1  0  1 -3  0  0 -3 -2  1 -1 -1 -1  1 -1 -1 -2 -3 -1  2   21   4   4   8   0   4   8   0   0  11   5   2   0   9   3   3   0   0   2  16  0.12 inf
  163 D   -2  0  2  2 -5  1  4 -1  5 -3 -3 -1 -4 -5 -1 -2 -2 -5 -2 -4    3   4   9  10   0   5  36   6  15   2   3   1   0   0   3   2   1   0   1   0  0.61 inf
  164 Q    0  1  2  0 -3  2  2 -2  1 -3 -2  1 -1  0 -3  1  0 -3  1 -2    7   7  11   4   0  10  18   2   2   0   3  10   2   4   0   9   5   0   5   1  0.23 inf
  165 I   -3 -1 -5 -5 -4 -4 -5 -6 -4  5  4 -4 -1 -2 -1 -4 -3 -4  2  1    0   4   0   0   0   0   0   0   0  39  36   0   0   0   3   0   0   0   6   9  0.86 inf
  166 T   -2  0  1  2 -4  0  0 -3  4 -5 -5  0 -4 -5 -4  3  4 -5 -4 -4    0   4   7  12   0   3   6   0  10   0   0   5   0   0   0  29  26   0   0   0  0.66 inf
  167 A    3 -2  0  1 -1 -1  3  0  0 -4 -4  0 -3 -4 -3  1  1 -5 -4 -3   31   1   5   5   1   1  23   8   2   0   0   4   0   0   0   9  10   0   0   0  0.42 inf
  168 R    0  4 -1 -3 -2 -1 -2  1  1 -4 -3  3 -3 -4  0  2  0 -4 -2 -4    6  28   1   0   1   1   1  13   4   0   2  17   0   0   4  17   5   0   1   0  0.46 inf
  169 I   -2 -1  1  3 -4  1  1 -2  5  0 -1 -2  2 -1 -4 -1 -2 -3  3 -2    2   2   6  17   0   6  10   2  18   6   7   1   6   1   0   2   1   0  11   1  0.38 inf
  170 G   -2 -4 -2  0 -4 -3 -4  6 -1 -5 -3 -2 -4 -3 -4 -2  3 -5 -5 -4    2   0   1   5   0   1   0  60   1   0   2   3   0   1   0   1  21   0   0   0  1.10 inf
  171 E   -1  0  1  1 -3  2  3 -3  0 -2 -1  0  0  1 -1 -1  0 -3 -1 -1    3   2   6   9   0   9  29   0   1   1   6   6   4   8   2   3   5   0   1   5  0.24 inf
  172 V   -1 -3 -3 -4  0 -3  0 -4  1  1 -1 -3  0  2 -4 -3  1  3  6  2    5   0   0   0   2   0   7   0   2   7   2   0   2   5   0   0   9   4  39  14  0.65 inf
  173 M    0 -3 -4 -4 -3 -3 -3 -4  2  2  4 -3  3 -2  1 -3 -2 -3 -2  0    7   0   0   0   0   0   1   1   6   9  53   0   8   0   6   1   0   0   0   5  0.55 inf
  174 Q    0  0 -1 -1 -3  5  0  1  2 -3 -2  0 -2 -3 -3  1 -2 -3  0 -1    6   3   0   2   0  34   3  13   6   0   4   4   0   0   0  14   1   0   4   4  0.41 inf
  175 L    1 -2 -2 -2 -1 -1 -2 -2 -2  1  1 -1  2 -1  2  1  1 -2 -2  1   12   1   0   1   0   0   1   1   0  12  12   1  11   0  12  12  12   0   0  12  0.16 inf
  176 R    0  4  0 -2  4  2 -1 -2  1 -2 -2  1 -2 -3  0  1  0 -3 -2 -1    9  29   3   1  14  10   1   1   5   1   1   5   0   0   4  10   3   0   0   3  0.31 inf
  177 P    0  0 -2 -2 -3  0 -1 -2 -2 -2 -3  0 -2 -2  5  1  2 -2  2 -1    6   5   0   0   0   5   1   1   0   0   1   5   0   0  32  11  18   0  10   3  0.53 inf
  178 K   -1  1  0 -2  2  0  0 -1 -2 -4 -3  5 -3 -4  2  0 -2 -4 -3 -3    4   3   3   0   5   0   3   4   0   0   0  59   0   0  10   5   0   0   0   0  0.60 inf
  179 G    3 -1 -2  0  1 -3 -2  4 -4  0 -2 -1  0 -4 -4 -1 -3 -5 -2 -3   27   4   1   6   3   0   2  37   0   7   5   3   2   0   0   3   0   0   1   0  0.55 inf
  180 A    4  0 -1 -3 -3  1 -1 -1 -3 -1 -2  2 -2 -1 -1  1 -1 -4 -3 -1   36   5   3   0   0   6   3   2   0   5   4  12   0   3   3  12   3   0   0   2  0.31 inf
  181 N   -2 -2  5  0  1 -2 -2  1  0 -3 -2  3  0 -2 -3  1  0 -4 -2 -4    2   0  35   4   3   0   0   9   2   1   4  19   2   1   0   9   7   0   1   0  0.56 inf
  182 S    1 -2  0 -1 -3 -2 -2  3 -1 -2 -3  1 -3 -4  1  3  0 -4 -4 -3    8   1   3   3   0   0   0  22   1   3   3  12   0   0   8  28   4   0   0   0  0.41 inf
  183 R   -1  2 -1  0 -4  1  1  0  1 -2 -1  3 -2 -3 -2  0 -1 -3  1 -2    2  11   2   5   0   4  10   6   3   2   8  26   0   0   2   7   3   0   6   2  0.24 inf
  184 A    2 -1 -1  1  0  0 -1  0  1  0 -2  0  0 -1 -1  1  0 -4 -3  0   22   2   3   7   2   3   3   5   4   5   3   7   2   3   2  12   6   0   0   8  0.12 inf
  185 V   -1  1 -1  0  0  0 -1 -1  0  0  2  0  1  0  0  0  0 -3  0 -1    4   8   2   5   2   5   3   6   2   4  25   5   4   4   4   9   4   0   3   4  0.06 inf
  186 T   -1  2 -3 -1  1  0 -1 -2 -4  1 -1  1  0 -4 -4 -1  5 -5 -1  0    5  10   0   3   3   4   4   3   0   8   5   7   3   0   0   3  34   0   2   5  0.42 inf
  187 K    0  0  1  1 -4  2  2 -2  0 -4 -2  1  0 -1  0  0 -1 -4  2 -2    8   5   6   9   0  11  16   2   2   0   3  10   3   3   5   5   3   0   8   2  0.23 inf
  188 G    2 -2 -2 -2  0  0 -1  0 -2 -2 -1  0 -1  0  2  1  0  1  2 -1   22   1   1   2   2   5   3   8   0   2   5   6   2   4  11  10   4   2   7   3  0.17 inf
  189 I   -2  1 -1 -2 -3  0 -2 -2 -1  3 -1  0  0  1  0 -1  0 -2  3  1    2   9   2   2   0   4   1   2   2  22   4   6   2   5   6   4   6   0  12   9  0.19 inf
  190 G   -1 -1  1  1 -3 -1 -1  4 -2 -3 -1  1  0 -2 -2  0 -1  0  0 -2    5   3   7   9   0   2   4  32   0   1   6   9   2   1   2   7   3   1   4   2  0.29 inf
  191 K   -1  0 -2  0 -4  4  1 -3 -1 -1 -3  1  0 -2  3  0 -1 -4  2 -2    6   5   1   4   0  25   9   1   1   3   1   6   3   2  12   5   4   0   7   3  0.38 inf
  192 N   -2 -1  3  3 -4  0  0 -4  3 -4 -3  0 -2 -2  4  0 -1 -4  2 -4    3   4  15  16   0   4   4   1   7   0   3   5   1   1  20   6   2   0   7   1  0.52 inf
  193 G   -1 -3  1 -2  0 -2 -3  5 -4 -4 -3 -3 -4  3 -2 -2 -1 -4  0 -3    5   1   6   2   2   2   2  49   0   0   2   1   0  13   2   2   3   0   4   2  0.80 inf
  194 E    0  1  1 -2  0  3  2 -3 -2 -5 -4  0 -1 -5  0  3  0 -5 -2 -4    8   6   6   1   2  15  16   1   1   0   0   5   2   0   5  24   4   0   1   0  0.45 inf
  195 I   -2  1  1  1 -4  0  1 -2 -1  0 -1  0 -1 -2  4 -1  0 -4  0 -1    2   7   6   9   0   3   9   2   1   6   6   7   1   1  24   3   5   0   5   3  0.32 inf
  196 I   -3 -2 -5 -5 -4 -2  0 -4 -3  6 -1  1 -2 -2 -2 -2 -1 -5 -2  2    1   2   0   0   0   2   5   2   1  49   3  11   1   1   3   2   3   0   1  13  0.77 inf
  197 D   -2  0 -1 -1 -4  2 -1 -3 -2 -3  1  2  3 -1  2  0 -1  3  1 -2    1   4   2   4   0   9   2   1   0   0  16  17   8   3  12   6   3   4   4   3  0.27 inf
  198 T    4 -4  0 -1 -4 -2 -3 -3  1 -2 -3 -3 -2 -4  0  0  4 -5 -4 -2   39   0   4   3   0   2   1   1   3   2   1   0   1   0   5   4  31   0   0   3  0.75 inf
  199 L   -2  2  2 -3 -4 -1 -2 -4  2 -3  2  4  1 -3  1 -2 -2 -4 -3 -3    3  10  10   1   0   2   1   1   5   1  24  28   4   1   6   2   1   0   0   1  0.46 inf
  200 P   -3  1  0 -4 -6  3 -4 -5 -4 -5 -5  1 -5 -3  7 -2 -2 -6 -5 -5    1   9   4   0   0  14   0   1   0   0   1   7   0   1  55   3   2   0   0   0  1.52 inf
  201 L   -5  8 -5 -4 -1 -1 -4 -6  1 -6 -2  0 -5 -4 -1 -5 -3 -6 -3 -6    0  77   0   1   1   2   0   0   3   0   5   3   0   1   3   0   1   0   1   0  1.96 inf
  202 G    5  0 -4 -4 -1 -4 -4  5 -4 -5 -5 -4 -4 -5 -4 -1 -4 -5 -5 -4   47   6   0   0   1   0   0  37   0   0   1   0   0   0   0   3   0   0   0   1  1.19 inf
  203 F   -6 -7 -7 -7 -6 -7 -7 -7 -5 -5 -3 -7 -4  9 -7 -6 -6  5  5 -5    0   0   0   0   0   0   0   0   0   0   1   0   0  73   0   0   0   7  16   0  2.62 inf
  204 Y   -1  2 -4 -5  3 -4 -2 -5 -3 -5 -5 -4 -5 -1 -5  4 -2  4  7 -5    4  10   0   0   6   0   3   0   0   0   0   0   0   1   0  29   2   5  39   0  1.27 inf
  205 L   -3 -6 -7 -8 -5 -6 -7 -7 -6  0  6 -6  0  5 -7 -6 -5 -4  1 -3    2   0   0   0   0   0   0   0   0   3  66   0   1  23   0   0   0   0   5   0  1.57 inf
  206 R   -5  5  1 -5 -7 -3 -4 -6 -5 -7 -7  7 -6 -7 -6 -4 -2 -7 -6 -7    0  28   7   0   0   0   0   0   0   0   0  63   0   0   0   0   2   0   0   0  1.88 inf
  207 K    0  3  1 -3 -5  2 -2 -4 -3 -1 -4  4 -1 -5  1  1  2 -5 -4 -2    6  14   7   0   0  10   0   0   0   4   0  26   1   0   6   9  15   0   0   2  0.52 inf
  208 E    1 -1  1 -1  0  2  1  0 -1 -5 -4 -1 -4 -4 -2  4  1 -2 -4 -4   11   2   6   3   2  11   7   8   1   0   1   4   0   1   2  34   7   1   0   0  0.45 inf
  209 F   -6 -7 -7 -8 -7 -7 -7 -8 -4 -5 -3 -7 -5  8 -8 -6 -2 -3  8 -2    0   0   0   0   0   0   0   0   0   0   2   0   0  51   0   0   3   0  42   2  2.40 inf
  210 T   -3 -5 -5 -6 -5 -5 -5 -6 -6  1 -1 -5  7 -1 -6 -4  5 -6 -5  3    2   0   0   0   0   0   0   0   0   6   5   0  28   2   0   0  36   0   0  22  1.30 inf
  211 A    1  2  2  0 -4  1 -1 -1  0 -4 -3  1 -3 -5 -4  1  4 -2 -1 -4   14  10  12   4   0   7   2   3   2   0   1   7   0   0   0   8  25   1   2   0  0.41 inf
  212 Q    1  0  0 -1 -4  2  1 -1  2 -3 -3  0 -1 -2 -1  1  2 -3  3 -2   12   4   4   2   0   9  11   3   5   1   0   6   2   1   3  10  13   0  13   2  0.24 inf
  213 I   -4 -6 -7 -7 -5 -3 -6 -7 -6  7  3 -6  1 -3 -6 -6 -4 -6 -1  1    1   0   0   0   0   1   0   0   0  56  30   0   2   1   0   0   0   0   2   8  1.44 inf
  214 L   -1 -5 -6 -6 -4 -5 -6 -4 -6  3  5 -5 -1  1 -6 -5 -3 -5 -1  2    4   0   0   0   0   0   0   1   0  19  55   0   1   5   0   0   1   0   2  12  0.99 inf
  215 N    2  4  4  0 -5  4  0 -3  0 -4 -4  0 -3 -5 -4 -1 -2 -5 -4 -4   18  20  20   5   0  19   5   1   1   0   1   4   0   0   0   3   1   0   0   0  0.65 inf
  216 A   -2  3  3  1 -5  2  2  0  0 -4 -5  2 -4 -5 -4  1 -1 -5 -4 -4    2  19  16   8   0   9  12   5   2   1   0  11   0   0   0  12   2   0   0   0  0.49 inf
  217 F   -1 -4 -2 -5 -5 -1 -3 -5  7 -1  1 -3  1  4 -5 -4 -3 -2  6 -2    5   0   1   0   0   3   1   0  24   3  11   1   3  15   0   0   1   0  28   2  1.00 inf
  218 L   -3 -5 -6 -6 -4 -4 -5 -6 -4  3  2 -4  0  6 -6 -5 -3 -3  2  1    1   0   0   0   0   1   0   0   0  17  21   1   2  41   0   0   1   0   7   9  1.02 inf
  219 E   -2  0  4  3 -5  3  2 -3  1 -4 -3  3 -3 -5 -3 -1 -2 -5 -3 -3    3   4  24  16   0  16  13   0   2   0   2  18   0   0   0   0   0   0   0   1  0.58 inf
  220 T    2 -2  3 -1 -2 -1 -1 -1 -2 -3 -3 -1 -2 -3 -2  3  3 -4 -3 -2   23   0  23   0   0   0   0   0   0   0   0   0   0   0   0  30  24   0   0   0  0.49 inf

                      K         Lambda
Standard Ungapped    0.1367     0.3187
Standard Gapped      0.0534     0.2670
PSI Ungapped         0.1746     0.3145
PSI Gapped           0.0534     0.2670
