
Last position-specific scoring matrix computed, weighted observed percentages rounded down, information per position, and relative weight of gapless real matches to pseudocounts
           A  R  N  D  C  Q  E  G  H  I  L  K  M  F  P  S  T  W  Y  V   A   R   N   D   C   Q   E   G   H   I   L   K   M   F   P   S   T   W   Y   V
    1 K   -2  6 -2 -2 -5  2  1 -3 -2 -4 -4  5 -3 -5 -3 -2 -2 -4 -3 -4    0  48   0   0   0   6   6   0   0   0   0  40   0   0   0   0   0   0   0   0  1.02 inf
    2 R   -2  6 -1 -3 -5  2 -1 -3 -2 -3 -3  1 -3 -3  0  0  0 -4  1 -4    1  52   1   0   0  10   1   1   0   1   2   6   0   0   4   7   6   0   7   0  0.78 inf
    3 I    0 -1  1 -1 -3  0 -1 -2  5  1 -2  2 -2 -1 -1  0  1 -4 -2  1    7   1   9   2   0   4   1   1  18  12   0  16   0   3   2   6   9   0   0  10  0.22 inf
    4 V   -1 -1 -1 -3 -3 -2 -3 -3 -3  0  1 -1  1 -2 -3  4  0  2 -2  0    3   4   1   0   0   1   0   0   0   6  16   2   5   1   0  46   4   3   1   8  0.43 inf
    5 A    1 -3  1  3 -4 -3 -2 -3 -3 -4 -4 -3 -4 -5 -3  3  5 -5 -4 -2   10   1   5  17   0   0   1   0   0   0   0   0   0   0   0  29  35   0   0   1  0.78 inf
    6 C    4  1 -2 -4  6 -3 -3 -3 -4 -2  0 -2 -2 -4 -4 -1  2 -5 -4  0   36   8   2   0  19   0   0   0   0   1  10   2   0   0   0   1  15   0   0   7  0.61 inf
    7 D    1  1  2  2 -3  0  1  0 -2 -2 -3  2 -2 -4 -3  0  1 -4 -3  0   16   8  11  10   0   2   7   5   0   1   0  14   1   0   0   5  11   0   0   8  0.21 inf
    8 D   -3 -4  4  6 -6  1 -1 -2  4 -6 -6 -3 -5 -6 -4 -1 -2 -6 -4 -6    1   0  22  52   0   7   1   3  10   0   0   0   0   0   0   2   1   0   0   0  1.31 inf
    9 P   -1 -4 -5 -4  2 -4 -4 -5 -5 -5 -5 -4 -3 -6  8 -1 -4 -7 -5 -1    4   1   0   1   4   1   0   0   0   0   1   1   1   0  79   4   0   0   0   5  2.22 inf
   10 D   -1 -1  6  4 -5 -1  1  0  0 -6 -5 -1 -5 -6 -4 -1 -2 -6 -5 -5    4   2  43  27   0   1   9   5   2   0   1   2   0   0   0   3   1   0   0   0  1.01 inf
   11 F   -5 -6 -4 -7 -6 -7 -7 -7 -5 -4 -3 -7 -4  9 -7 -1 -5 -3  1 -5    1   0   1   0   0   0   0   0   0   0   0   0   0  91   0   5   0   0   2   0  2.66 inf
   12 L   -4 -5 -6 -6 -4 -3 -5 -6 -5  5  4 -5  1 -2 -5 -5 -3 -5 -4  3    0   0   0   0   0   1   0   0   0  31  46   0   2   1   0   0   0   0   0  19  1.05 inf
   13 T    0  2  0  1 -4  2  3 -2 -2 -4 -4  2 -3 -5  0  2  0 -5 -4 -4    5   9   4   8   0   9  20   2   0   0   0  13   0   0   4  19   6   0   0   0  0.42 inf
   14 S   -2 -1  4  2 -5  3  3  1  4 -5 -5  0 -4 -4 -3  1 -1 -5 -3 -4    1   1  19  11   0  13  17   9  10   0   0   5   0   0   0   9   4   0   0   0  0.53 inf
   15 Y   -6 -6 -6 -7 -6 -6 -6 -7 -3 -4 -4 -6 -4  8 -7 -6 -6 -2  7 -5    0   0   0   0   0   0   0   0   0   0   0   0   0  60   0   0   0   0  39   0  2.46 inf
   16 F   -5 -5 -6 -6 -6  1 -5 -6 -1 -4 -4 -5 -2  7 -7 -5 -5 -2  8 -5    0   0   0   0   0   6   0   0   1   0   0   0   1  42   0   0   0   0  50   0  2.15 inf
   17 A    2  1  1 -1 -3  2  0 -2 -2 -4 -3  3 -3 -5 -3  2 -2 -5 -4 -3   23   8   5   2   0  10   5   2   0   0   2  22   0   0   0  20   1   0   0   0  0.47 inf
   18 H   -1  1  5 -2 -5  0  2 -4  5 -5 -5  1 -4 -5 -4  1 -2 -5  0 -5    4   8  36   0   0   3  12   0  16   0   0   8   0   0   0  10   1   0   3   0  0.84 inf
   19 S   -3 -5 -3 -4 -5 -4 -4 -4 -5 -6 -6 -4 -5 -6 -5  7 -2 -7 -6 -6    0   0   0   0   0   0   0   0   0   0   0   0   0   0   0 100   0   0   0   0  2.31 inf
   20 R   -5  9 -4 -6 -8 -3 -4 -6 -4 -7 -6 -2 -5 -7 -6 -5 -5 -7 -6 -7    0 100   0   0   0   0   0   0   0   0   0   0   0   0   0   0   0   0   0   0  2.85 inf
   21 L   -5 -6 -7 -7 -5 -6 -7 -7 -6 -2  7 -6 -1 -3 -7 -6 -5 -5 -5 -3    0   0   0   0   0   0   0   0   0   0 100   0   0   0   0   0   0   0   0   0  2.06 inf
   22 H   -6 -5 -4 -5 -7 -4 -4 -6 11 -8 -7 -5 -6 -5 -7 -2 -6 -7  0 -8    0   0   0   0   0   0   0   0  96   0   0   0   0   0   0   3   0   0   2   0  3.65 inf
   23 H   -5 -3 -4 -5 -6 -2 -4 -6 10 -5 -1 -5 -4  5 -6 -5 -5 -2  2 -6    0   1   0   0   0   2   0   0  61   0   7   0   0  23   0   0   0   1   6   0  2.19 inf
   24 L   -4 -6 -7 -7 -4 -6 -6 -7 -6  6  4 -6 -1 -3 -6 -6 -4 -5 -4 -1    0   0   0   0   0   0   0   0   0  53  47   0   0   0   0   0   0   0   0   0  1.56 inf
   25 S    1 -4 -3 -4 -4 -4 -4  4 -4 -6 -6 -4 -5 -6 -4  6 -2 -6 -5 -5    9   0   0   0   0   0   0  26   0   0   0   0   0   0   0  65   0   0   0   0  1.41 inf
   26 A   -1 -3 -1 -4 -4  1 -3 -4 -3 -4 -2 -3  2 -5 -4  2  6 -5 -5 -2    4   0   3   0   0   7   1   0   0   0   2   0   5   0   0  15  60   0   0   2  1.11 inf
   27 W   -6 -6 -7 -8 -6 -6 -7 -5 -6 -5  1 -7  1  1 -7 -5 -5 12 -1 -6    0   0   0   0   0   0   0   1   0   0  12   0   4   5   0   1   0  76   1   0  3.45 inf
   28 K   -1  3 -3 -4 -6 -2 -3  2 -4 -6 -6  7 -4 -6 -4 -3 -4 -6 -5 -5    6  16   0   0   0   0   0  14   0   0   0  64   0   0   0   0   0   0   0   0  1.39 inf
   29 A    5 -3  2 -3  2  1 -1 -3 -4 -4 -4 -3 -1 -3 -4  1  3 -4 -4 -3   46   0  10   0   5   6   2   0   0   0   0   0   1   1   0  10  18   0   0   1  0.72 inf
   30 N   -2  3  0  3 -2  0  4  0 -2 -3 -4  1 -2 -4 -3 -1 -1 -5 -4 -4    2  19   4  18   1   3  28   7   0   2   0   8   1   1   0   3   4   0   0   0  0.54 inf
   31 L   -1 -5 -6 -6 -2 -4 -5 -6 -4  0  5 -5  3  4 -6 -5 -4 -1  3 -2    4   0   0   0   1   1   0   0   0   3  52   0   7  19   0   0   0   0  12   1  1.00 inf
   32 K   -3  5 -2 -3 -6  1  1 -5  2 -5 -5  5 -4 -6 -4 -2  0 -5 -4 -4    1  31   1   0   0   6   8   0   4   0   1  41   0   0   0   2   5   0   0   1  1.06 inf
   33 D    2 -1 -1  3 -4  3  2 -2 -2 -4 -2  1 -3 -4 -2  2 -1 -4 -4 -3   17   1   1  17   0  14  14   2   1   0   5  10   0   0   2  15   1   0   0   1  0.38 inf
   34 K   -1  3 -1 -2 -3  2  0  0  1 -1  0  2  0  0 -3 -1 -2 -3  1 -1    4  17   2   0   0   9   5   6   4   2  10  18   3   4   0   4   1   0   5   3  0.19 inf
   35 F   -2 -3 -4 -4 -1 -2 -5 -5 -2  0  1 -4  3  7 -5 -2 -3 -3  1  2    2   1   1   1   1   2   0   0   1   3  10   0   9  45   0   3   0   0   4  17  0.93 inf
   36 L    0  0 -2 -2  0  3 -2 -4 -2 -1  2  0  0 -2  2  0 -2 -2 -3  1    9   5   1   1   2  17   1   0   0   2  26   4   2   0  10   6   1   0   0  11  0.24 inf
   37 N    0  2  3  1 -4  2  3 -1  1 -4 -4  1 -2 -4 -3  1  0 -5 -3 -4   10  10  16   6   0   8  18   3   3   0   0   8   1   0   0  11   4   0   0   0  0.38 inf
   38 E    0  2 -1 -1 -3 -1  2 -2 -2 -2  1  0  1 -2 -3  1  0  4 -2 -2    9  16   3   3   0   1  15   1   0   1  16   5   5   1   0  11   5   6   0   2  0.21 inf
   39 N    1  0  0 -1 -3  1  0 -2 -1  0  0  1  0  1  0  0  0 -3  0 -1   17   5   5   1   0   5   7   1   1   4  10  11   2  10   4   6   5   0   2   4  0.07 inf
   40 I    1  1 -1 -1 -2  1  0 -1 -2  0  0  0 -1 -2 -1  1  1 -3 -2  1   15   8   2   2   0   9   3   5   0   7   9   7   1   0   3   9  10   0   1  10  0.08 inf
   41 H    1  1 -1 -1 -4  1  3 -1  0 -2 -1  1 -2 -2  2  1 -1 -4 -2 -3   12   8   1   2   0   4  26   3   2   2   8   7   0   1   9   9   2   0   1   0  0.26 inf
   42 K    0  1  2 -1 -4  1  1  0 -1 -4 -4  4 -2 -3  1  1  0 -5 -4 -4    8   5  10   1   0   7   7   6   1   0   0  33   1   1   6   8   7   0   0   0  0.43 inf
   43 Y    0  0  0 -1 -1  0  0  1  0 -1 -2  1 -1 -1  2  1  0  3  1 -1    8   6   4   1   1   4   5   9   2   3   2   9   1   2  12  14   3   4   6   4  0.14 inf
   44 T    0  0  2 -1  0  0 -1 -1  0 -2  0  1  0 -3  1  2  1 -4 -3 -2    5   4  11   3   2   5   2   5   3   1  12   9   2   0   8  18  10   0   0   2  0.15 inf
   45 K    1  0  0  0 -2  0  0  0  2 -2 -2  3 -2 -3  2  1  0  0 -3 -2   11   4   4   5   1   3   4   6   7   3   2  23   1   1  11   9   4   2   0   1  0.23 inf
   46 I   -1  1  2  0 -3  0 -1  0 -1  0  0  0  0 -1  3  0  0 -2 -2  0    5   8  11   6   0   3   2   7   1   5   8   5   3   2  16   6   6   0   1   7  0.14 inf
   47 T    0  0 -1 -1 -2 -1 -1 -1  1  0 -1  1 -2  0  2  1  1 -4 -1  0    9   4   2   3   0   2   3   2   5   5   3  12   0   4  12  15  11   0   1   6  0.15 inf
   48 D    0  0  1  1 -4  1  0  0 -1 -2 -2  0 -2 -4  4  2 -1 -5 -4 -2    5   5   6   8   0   7   4   9   1   1   5   6   1   0  21  16   3   0   0   2  0.33 inf
   49 K    0  1  1  1 -3  2  0  3 -1 -3 -4  2 -2 -4 -1  1 -1 -4 -4 -3    5   9   6   7   0   9   5  23   1   1   0  13   1   0   3  12   3   0   0   1  0.32 inf
   50 D    0  1  2  2 -3  2  1 -1  2 -3 -3  1 -2 -4  1  2  0 -4 -3 -3    6   8  10  10   0  10   9   3   5   0   1   8   1   0   6  16   6   0   0   1  0.28 inf
   51 T    0  2  0  0 -4  3  2 -1 -1 -2 -3  1 -3 -4  0  0  1 -4 -3 -2    6  15   4   3   0  15  16   5   1   2   2   9   0   0   4   8   8   0   0   3  0.29 inf
   52 Y   -1  7 -2 -4  0 -2 -3 -5 -2 -3 -2  2 -4 -4 -2 -1 -2 -5 -1 -4    5  62   2   0   2   1   0   0   1   1   5   9   0   1   2   4   2   0   2   1  1.19 inf
   53 I   -1  0 -3 -4  1 -2 -3 -4 -2  1 -1  3 -1  0 -4 -2  2 -2  4  2    3   3   1   0   3   0   0   0   1   9   5  23   1   4   0   2  12   0  14  18  0.37 inf
   54 I   -5 -7 -7 -7 -5 -6 -7 -7 -7  7 -2 -4 -3  0 -6 -6 -4 -6 -2  3    0   0   0   0   0   0   0   0   0  75   1   1   0   4   0   0   0   0   1  17  1.88 inf
   55 F   -3 -5 -6 -6 -1 -5 -6 -6 -5  5  2 -5  7  3 -6 -5 -4 -4 -3  1    1   0   0   0   1   0   0   0   0  31  18   0  31  10   0   0   0   0   0   7  1.23 inf
   56 H   -6 -5 -4 -6 -8 -4 -5 -7 11 -8 -5 -5 -6 -6 -7 -6 -5 -7 -3 -8    0   0   0   0   0   0   0   0  98   0   1   0   0   0   0   0   1   0   0   0  3.94 inf
   57 I   -3 -6 -6 -6  1 -6 -6 -7 -6  6  0 -6 -1 -3 -6 -5 -4 -6 -4  5    1   0   0   0   3   0   0   0   0  43   6   0   0   0   0   0   0   0   0  45  1.44 inf
   58 D   -6 -6 -3  9 -8 -5 -3 -6 -5 -7 -8 -5 -7 -8 -6 -5 -5 -8 -7 -7    0   0   0  99   0   0   0   0   0   0   0   0   0   0   0   0   0   0   0   0  2.98 inf
   59 F   -5 -6 -7 -7 -6 -5 -7 -7 -6 -2 -1 -6 10  6 -7 -6 -5 -5 -3 -4    0   0   0   0   0   0   0   0   0   1   4   0  65  29   0   0   0   0   0   0  2.55 inf
   60 D   -6 -6 -1  8 -7 -4 -3 -5 -5 -7 -7 -5 -7 -7 -6 -4 -5 -8 -7 -7    0   0   1  97   0   0   0   0   0   0   0   0   0   0   0   0   0   0   0   0  2.84 inf
   61 C    4 -5 -5 -5  9 -4 -5 -4 -5 -5 -5 -5 -5 -4 -5  2 -3 -6 -2 -4   37   0   0   0  43   0   0   0   0   0   0   0   0   0   0  16   0   0   2   0  1.78 inf
   62 F   -6 -7 -7 -7 -6 -7 -7 -7 -5 -4 -4 -7 -4  9 -7 -6 -6 -3 -1 -5    0   0   0   0   0   0   0   0   0   0   0   0   0  96   0   0   0   0   1   0  3.14 inf
   63 F   -6 -6 -6 -7 -6 -6 -6 -7 -4 -4 -4 -6 -4  9 -7 -6 -6 -3  5 -5    0   0   0   0   0   0   0   0   0   0   0   0   0  79   0   0   0   0  18   0  2.65 inf
   64 A    5 -5 -5 -5  4 -5 -5 -4 -5 -2 -3 -4 -4 -5 -5 -3 -3 -6 -5  4   58   0   0   0   9   0   0   0   0   1   1   0   0   0   0   1   0   0   0  30  1.32 inf
   65 T    2 -4 -3 -4 -1  0 -4 -4 -4 -4 -5 -4 -5 -6 -4  6  2 -6 -5 -4   16   0   0   0   1   3   0   0   0   1   0   0   0   0   0  67  10   0   0   0  1.36 inf
   66 V    1 -6 -6 -6 -1 -5 -6 -6 -6  1 -3 -6 -3 -4 -6 -5 -3 -6 -5  7   10   0   0   0   1   0   0   0   0   5   0   0   0   0   0   0   1   0   0  81  1.76 inf
   67 A    2 -4 -3 -3 -5 -1  5  2 -4 -5 -4 -3 -4 -5 -4  3 -2 -3 -4 -1   16   0   0   0   0   1  35  18   0   0   1   0   0   0   0  21   1   0   0   5  0.73 inf
   68 Y    0 -3 -4 -4  1  4 -2 -4 -3  1  3 -3  1 -2 -4 -3 -1 -4  0  0    7   0   0   0   3  23   2   1   0   9  36   0   4   0   0   1   3   0   3   7  0.55 inf
   69 L    0  6 -3 -4 -5 -1 -3 -5 -1 -1  1  1  1 -3 -5 -2 -3 -5 -4 -1    9  48   1   0   0   2   0   0   1   4  17   9   3   1   0   2   0   0   0   4  0.85 inf
   70 C    0 -1  2  5  0 -2  0 -1 -1 -4 -4  3 -4 -4 -3  0  0 -5 -1 -4    7   2   9  36   2   1   4   4   1   1   1  19   0   0   0   5   5   0   3   0  0.61 inf
   71 R   -2  5  4  0 -3 -1 -1 -3  5 -4 -4  0 -4 -1 -4 -2 -2 -4  0 -4    4  32  19   6   0   1   4   1  16   1   1   5   0   3   0   1   1   0   4   1  0.75 inf
   72 S   -3 -2 -4 -2 -4 -4 -4 -3 -4 -4 -4 -3 -4 -5  8 -1 -3 -5 -4 -4    2   2   1   2   0   1   1   2   0   1   1   1   0   1  78   4   1   0   0   1  2.19 inf
   73 S    0  0  1  0 -1  0  0  0  2 -1 -1  0 -1 -1  0  1  0 -1  0  0    9   4   5   6   1   3   6   6   7   4   6   5   1   3   4  15   5   1   4   6  0.05 inf
   74 S    0  0  0  0  0  0  0  0  0  0  0  0  0  0  0  0  0  0  0  0    7   5   4   5   3   6   6   6   2   4  12   5   2   3   5   8   6   1   3   6  0.02 inf
   75 F    0  0  0  0  0  0  0  0  0  0  0  0  0  0  1  0  0  0  0  0    7   5   6   6   2   4   5   6   2   5   8   7   2   4   6   7   6   1   3   6  0.02 inf
   76 S    0  0  0  0 -1  0  1  0  0  0  0  0  0  0  1  0  0  0  0  0    8   5   4   5   2   4   9   7   2   6   8   7   2   4   5   7   6   1   3   5  0.03 inf
   77 A    0  0  1  0  0  0  0  0  0 -1 -1  0  0 -1  0  0  0  0  0  0    8   5   7   7   2   4   6   7   3   5   7   6   2   3   5   7   6   1   4   5  0.03 inf
   78 C    0  0  0  0  1  0  0  0  0  0  0  0  0  0  1  0  0  0  0  0   10   5   3   4   5   3   6   6   2   6   9   5   2   4   6   7   6   1   3   6  0.02 inf
   79 D   -2 -2 -1  4 -4  0  5 -3  2 -3 -3  0 -3 -3 -2 -2 -2 -3 -2 -3    2   2   2  23   0   4  42   2   5   2   2   5   1   1   1   2   1   0   1   2  0.81 inf
   80 F   -3 -5 -6 -6 -4 -5 -5 -6 -3  1  6 -5  1  1 -5 -5 -4 -1  3 -2    1   0   0   0   0   0   0   0   1   6  71   0   2   4   0   0   0   1  10   1  1.26 inf
   81 K   -1  5  0  0 -4  1 -2 -4  1 -2 -3  4 -3 -4 -4 -2 -3 -5 -3 -2    4  39   4   4   0   7   1   0   3   3   2  26   0   1   0   1   1   0   0   3  0.83 inf
   82 R   -2 -1  0  3 -5 -3 -2  6 -2 -6 -5  0 -5 -5 -4 -2 -2 -5 -5 -5    2   3   3  16   0   1   2  59   1   0   1   6   0   0   0   1   2   0   0   1  1.14 inf
   83 D   -4  1 -3  1 -5  1 -2 -5 -2 -4  0  7 -3 -5 -4 -3 -3 -6 -5 -2    0   5   0   8   0   5   1   0   1   0  12  62   0   0   0   1   1   0   0   3  1.17 inf
   84 P   -1 -6 -6 -6 -4 -5 -4 -6 -6 -7 -7 -5 -7 -8  9 -4 -5 -8 -7 -6    6   0   0   0   0   0   1   0   0   0   0   0   0   0  91   1   0   0   0   0  2.96 inf
   85 I   -1 -5 -6 -5 -2 -5 -5 -6 -6  4  1 -5 -2 -4 -5 -4 -2 -6 -4  6    4   0   0   0   1   0   0   0   0  22  10   0   0   0   0   1   2   0   0  58  1.22 inf
   86 V    5 -5 -5 -5  2 -4 -4 -2 -5  2 -3 -4 -3 -4 -4 -3 -3 -4 -5  3   52   0   0   0   4   0   0   2   0  13   1   0   0   0   1   0   0   0   0  24  1.01 inf
   87 V   -4 -5 -6 -7 -5 -5 -5 -7 -7  3 -3 -6 -3 -4 -6 -5 -4 -6 -5  7    0   1   0   0   0   0   1   0   0  16   0   0   0   0   0   0   0   0   0  80  1.90 inf
   88 C    2 -4 -3 -4  6 -4 -4  4 -5 -5 -5 -4 -4 -5 -4  1  2 -5 -5 -4   20   1   1   0  18   0   0  33   0   0   0   0   0   0   0  11  15   0   0   0  0.99 inf
   89 H   -1 -2 -3 -5 -6 -3 -4  3  9 -7 -6 -4 -5 -3 -5 -1 -4  2  0 -6    4   2   0   0   0   0   1  24  54   0   0   0   0   1   0   5   0   3   3   0  1.83 inf
   90 G    1 -3  0  1 -4 -3 -2  4  0 -3 -3 -2 -4 -4 -2  3 -1 -5 -4 -2   10   1   4   7   0   0   1  36   3   1   2   2   0   0   1  26   2   0   0   2  0.62 inf
   91 T    0  0  2 -1 -4 -1 -1  3  1 -3 -4  1 -3 -5 -2  3  0 -5 -4 -4    7   4  11   2   0   2   3  24   3   2   1  11   0   0   2  23   5   0   0   0  0.42 inf
   92 K    1  0  0 -1 -4 -1  0  3  0 -5 -4  1 -3 -4  2  3 -2 -5 -2 -4    9   4   5   2   0   2   5  26   2   0   0   9   0   0  10  22   0   0   1   0  0.46 inf
   93 N   -1  5  3 -4 -5 -3 -3  0 -3 -5 -5 -1  1 -5 -4  1  3 -5 -5 -4    4  38  13   0   0   0   0   8   0   0   0   2   3   0   0  11  19   0   0   0  0.82 inf
   94 S    1 -5 -3 -4 -5 -3 -4  5 -5 -6 -6 -4 -5 -6 -5  5  0 -6 -5 -5    9   0   0   0   0   0   0  39   0   0   0   0   0   0   0  46   4   0   0   0  1.28 inf
   95 D   -4 -4 -4  4 -6 -3  5 -5 -4 -2 -4 -4 -4 -5 -5 -4 -4 -6 -5  4    0   0   0  21   0   0  41   0   0   2   0   0   0   0   0   0   0   0   0  35  1.25 inf
   96 I   -4 -6 -6 -7 -2 -6 -6 -6 -7  6 -1 -6 -2 -4 -6 -5 -4 -6 -5  6    0   0   0   0   1   0   0   0   0  48   3   0   0   0   0   0   0   0   0  47  1.68 inf
   97 A    6 -5 -4 -5  1 -4 -4 -4 -5 -5 -5 -4 -5 -6  0  4 -2 -6 -5 -3   60   0   0   0   3   0   0   0   0   0   0   0   0   0   4  29   1   0   0   1  1.32 inf
   98 S    2 -4 -3 -4 -2 -4 -4 -4 -5 -5 -5 -4 -4 -6 -4  6  4 -6 -5 -1   15   0   0   0   1   0   0   0   0   0   0   0   0   0   0  57  23   0   0   4  1.27 inf
   99 C    4 -6 -6 -6 10 -6 -6 -5  1 -5 -5 -6 -5 -6 -6 -1 -4 -6 -6 -4   36   0   0   0  55   0   0   0   4   0   0   0   0   0   0   3   0   0   0   1  2.33 inf
  100 N   -3 -4  6 -3 -5 -4 -4 -4 -4 -6 -6 -4 -5 -6  0  6 -2 -7 -6 -6    0   0  40   0   0   0   0   0   0   0   0   0   0   0   4  54   1   0   0   0  1.68 inf
  101 Y   -6 -6 -6 -7 -7  0 -6 -7 -3 -6 -6 -6 -6 -2 -7 -6 -6 -2 10 -6    0   0   0   0   0   4   0   0   0   0   0   0   0   0   0   0   0   0  95   0  3.38 inf
  102 V    0 -3 -4 -3 -4 -2  6 -5 -4 -1 -4 -2 -4 -6  2 -3 -3 -6 -5  1    9   0   0   0   0   0  57   0   0   4   1   2   0   0  12   0   1   0   0  13  1.10 inf
  103 A    7 -5 -5 -1 -3 -5 -5 -4 -6 -5 -6 -5 -5 -6 -5 -3 -4 -7 -6 -4   94   0   0   4   0   0   0   0   0   0   0   0   0   0   0   0   0   0   0   0  2.11 inf
  104 R   -6  9 -5 -6 -8 -3 -4 -7 -5 -7 -6 -2 -6 -7 -6 -5 -5 -7 -6 -7    0  99   0   0   0   0   0   0   0   0   0   0   0   0   0   0   0   0   0   0  2.97 inf
  105 S    1  2 -1 -1 -5  1  1 -2 -2 -4 -5  5 -3 -5 -2  1 -1 -5 -4 -2   15   9   2   3   0   6   7   1   0   0   0  39   0   0   1  12   2   0   0   2  0.62 inf
  106 Y    0 -1 -5 -6  0 -4 -5 -6 -1 -4 -2 -1 -3  7 -6 -3 -4 -2  6 -3    9   4   0   0   2   1   0   0   1   0   2   4   0  45   0   1   0   0  28   1  1.41 inf
  107 G   -4 -6 -4 -5 -6 -5 -1  7 -6 -8 -7 -5 -7 -7 -6 -4 -5 -6 -7 -7    0   0   0   0   0   0   4  94   0   0   0   0   0   0   0   1   0   0   0   0  2.43 inf
  108 I   -4 -6 -6 -7 -2 -6 -6 -7 -6  5  0 -6 -2 -4 -6 -5 -4 -6 -5  6    0   0   0   0   1   0   0   0   0  28   8   0   0   0   0   0   0   0   0  62  1.58 inf
  109 K   -4  6 -3 -4 -3 -2 -1 -4  6 -6 -6  5 -5 -6 -5 -3 -4 -6 -2 -6    0  38   0   0   1   1   4   1  21   0   0  31   0   0   0   1   0   0   1   0  1.44 inf
  110 N    2 -4  6 -3 -5 -3 -3 -3 -3 -5 -6 -2 -5 -6 -4  4 -2 -6 -5 -5   14   0  41   0   0   0   0   1   0   0   0   2   0   0   0  37   1   0   0   0  1.28 inf
  111 G    4 -5 -3 -4 -5 -4 -5  6 -5 -6 -6 -4 -5 -6 -5 -3 -3 -6 -5 -5   35   0   1   1   0   0   0  59   0   0   0   0   0   0   0   0   1   0   0   0  1.54 inf
  112 M   -6 -6 -7 -8  0 -3 -6 -8 -7 -2 -1 -6 11 -5 -8 -7 -5 -7 -6 -4    0   0   0   0   2   1   0   0   0   1   4   0  92   0   0   0   0   0   0   0  3.48 inf
  113 W   -2 -4 -5 -6 -6 -5 -5 -6 -5 -5 -3 -5 -3  5  5  2 -3  8  2 -5    2   1   0   0   0   0   0   0   0   0   2   0   0  23  25  16   1  24   5   0  1.49 inf
  114 V    0 -5 -5 -5 -2 -4 -5 -2 -5  2  2 -4  6  0 -5  1 -1 -5 -3  3    6   0   0   0   1   0   0   3   0   9  17   0  21   5   0  12   2   0   0  25  0.63 inf
  115 S    1  2  0 -2 -3  1 -2  3 -2 -2 -3  2 -2 -1 -3  1 -1 -1  0  0   10  10   5   1   0   8   0  22   0   1   1  15   1   2   0  12   2   1   3   7  0.28 inf
  116 Q   -1  3 -2  1 -5  4  2 -3  1 -2 -3  1  1 -5 -3  0  1 -5 -3 -3    3  19   1   6   0  22  12   2   3   2   1   6   3   0   0   5  11   0   1   1  0.49 inf
  117 A    7 -6 -6 -6 -5 -5 -5 -4 -6 -6 -6 -5 -5 -1 -5 -3 -4 -7 -6 -4   96   0   0   0   0   0   0   0   0   0   0   0   0   3   0   0   0   0   0   0  2.26 inf
  118 E   -2  4 -3 -4 -5  1  1 -5  1 -2  1  5 -1 -2 -4 -3 -3 -5  0 -3    2  20   0   0   0   5   7   0   3   2  17  34   1   1   0   0   1   0   4   2  0.65 inf
  119 K   -1  4 -1 -1 -6  3  2 -4  1 -4 -5  4 -2 -6 -3 -2 -2 -6 -4 -3    5  23   2   2   0  11  15   0   3   1   0  30   1   0   1   2   2   0   0   1  0.76 inf
  120 M   -4  2 -5 -6 -4 -3 -5 -7  1 -1  6  1  1 -3 -6 -5 -4 -5 -4 -1    1  11   0   0   0   1   0   0   4   2  69   8   3   0   0   0   0   0   0   2  1.16 inf
  121 L   -4 -8 -7 -8 12 -8 -8 -7 -8 -5 -3 -8 -2 -1 -8 -6 -6 -7 -4 -6    1   0   0   0  90   0   0   0   0   1   2   0   1   3   0   0   0   0   1   0  3.85 inf
  122 P   -4 -6 -6 -6 -7 -5 -5 -6  1 -7 -7 -5 -6 -7  9 -4 -5 -7 -6 -6    1   0   0   0   0   0   0   1   3   0   0   0   0   0  91   1   0   0   0   0  3.04 inf
  123 N   -1 -2  4  4 -3 -1 -1 -1  4 -3 -3 -1 -2 -2 -1  0  0 -3 -2 -2    3   2  18  29   1   2   2   5  10   2   3   3   1   2   3   6   4   0   1   3  0.47 inf
  124 G    1 -1  0  0 -1  0  0  3 -1 -1 -1  0 -1 -1  0  0  0 -1 -1 -1   11   4   4   5   1   3   5  24   2   4   7   4   2   3   4   5   4   1   2   5  0.10 inf
  125 I    0  0  0  0  0  0  0  0  0  0  0  0  0  0  0  0  0  0  0  0   10   4   4   8   2   3   5   6   2   6   8   5   2   3   5   7   6   1   5   9  0.01 inf
  126 K   -1  0  0  0 -2  3  2 -1  0 -1 -1  1 -1  0 -1  0 -1 -1  1 -1    5   4   3   5   1  15  18   4   2   3   5   9   1   4   3   5   3   1   7   4  0.17 inf
  127 L    0 -4 -5 -5 -3 -4 -4 -5 -4  1  6 -4 -1 -2 -4 -4 -3 -4 -3  1    9   1   0   1   0   0   1   1   0   6  69   1   1   0   1   1   1   0   0   8  1.09 inf
  128 I   -3 -1 -3 -4 -4  1  0 -5 -1  5 -1  2 -2 -3 -4 -3  0 -5 -3  3    1   3   1   0   0   8   5   0   2  34   2  13   0   0   1   0   6   0   1  23  0.61 inf
  129 S   -1 -2 -4 -4  3 -3 -4 -4 -4  2 -1 -1 -1  4 -3 -1  2 -3  0  3    4   2   0   0   6   1   0   0   0  10   4   4   1  22   1   3  17   0   2  21  0.46 inf
  130 L   -3 -3 -5 -5 -3 -4 -5 -5 -5  4  4 -4  1 -2 -5 -4 -3 -4 -4  4    1   1   0   0   0   0   0   0   0  19  37   1   2   1   0   0   1   0   0  34  0.95 inf
  131 P   -3  1 -3  0 -6 -2 -1 -1 -1 -5 -5  0 -4 -6  7  0 -4 -6 -4 -5    2   9   1   5   0   2   4   4   2   0   1   5   0   0  58   6   0   0   1   0  1.46 inf
  132 Y   -4 -5 -5 -6 -3 -5 -5  0  0 -5 -5 -5 -5 -1  4 -1 -3 -3  8 -1    1   0   0   0   1   0   0   6   2   0   0   0   0   1  19   5   1   0  58   5  1.73 inf
  133 T   -4  4  3  5 -3  0  2 -2  0 -6 -4 -2 -5 -6 -5 -3 -2 -6 -5 -5    1  24  16  34   1   4  10   3   2   0   1   1   0   0   0   0   2   0   0   0  0.96 inf
  134 F   -6 -4 -6 -7 -6 -6 -7 -6  2 -4 -1 -6  1  9 -7 -6 -6 -3  2 -5    0   1   0   0   0   0   0   0   4   0   4   0   4  78   0   0   0   0   6   0  2.37 inf
  135 E    0 -3 -1  5 -6  0  4 -3  0 -6 -6 -1 -5 -5  2 -2 -3 -4 -4 -4    7   1   2  30   0   4  33   2   3   0   0   3   0   0  11   2   1   0   0   1  0.89 inf
  136 Q    3  3 -2 -1 -4  1  0  0  0 -2 -1  2 -2 -4 -3 -1 -2 -4 -3  1   27  14   0   4   0   5   6   7   2   1   4  15   0   0   0   2   1   0   0  11  0.31 inf
  137 F   -6 -6 -6 -7  2 -6 -6 -7 -3 -1 -5 -2 -5  1 -7 -5 -6 -3 10 -5    0   0   0   0   4   0   0   0   0   3   0   3   0   4   0   1   0   0  84   0  2.85 inf
  138 Q   -2  4 -1 -3 -6  1  4 -4 -3 -5 -5  4  1 -6 -4 -2 -2 -6 -5 -3    3  22   2   0   0   4  32   1   0   0   0  27   3   0   0   1   2   0   0   1  0.93 inf
  139 L    1  1 -2  0 -5  1  5 -4 -1 -5 -3  1 -4 -5 -4  1 -1 -5 -4 -3   13   6   1   4   0   6  43   0   1   0   2   9   0   0   0  10   2   0   0   1  0.74 inf
  140 K    2 -5 -4 -5 -1 -4 -5 -5 -4  3 -1 -1 -2 -1 -5 -4 -1 -5  0  5   16   0   0   0   1   0   0   0   0  13   5   4   0   2   0   0   4   0   3  50  0.85 inf
  141 S    2 -5 -4 -5 -2 -4 -4 -3 -5 -3 -6 -4 -5 -6 -5  7 -2 -7 -6 -4   15   0   0   0   1   0   0   1   0   1   0   0   0   0   0  79   1   0   0   1  1.77 inf
  142 E    0  3  1  0 -2  2  2 -2 -1 -3  0  2  0 -1 -3  0 -1 -2 -1 -3    7  16   7   6   1  10  12   1   1   1  10  13   2   2   0   5   2   0   3   1  0.23 inf
  143 A    0  0 -2 -2  1  5  2 -4 -1  1 -1  2 -2 -5 -4 -2  0 -5 -4 -2    9   3   1   1   3  32  10   0   1  10   6  13   1   0   0   1   7   0   0   1  0.53 inf
  144 F   -2 -5 -6 -6 -4 -5 -6 -6 -5  5  2 -5  2  6 -6 -5 -4 -4 -2  2    3   0   0   0   0   0   0   0   0  32  16   0   5  30   0   0   0   0   0  13  1.07 inf
  145 Y   -4  3 -5 -5 -6 -3 -5 -6  4 -5 -4 -4  3  2 -6 -2 -4 -3  8 -5    1  13   0   0   0   1   0   0   8   0   0   0   7   7   0   4   1   0  56   0  1.76 inf
  146 S    0  1  2  3  1  1  4 -1 -1 -5 -5  0 -4 -5 -4  0  1 -5 -4 -4    9   8  10  14   3   7  27   4   1   0   0   5   0   0   0   5   7   0   0   0  0.48 inf
  147 T   -1 -5 -5 -5 -1 -5 -4 -6 -4  6 -1 -4 -1 -1 -5 -1  1 -5  0  2    5   0   0   0   1   0   1   0   0  55   4   0   1   1   0   5  10   0   4  11  1.00 inf
  148 L   -5 -6 -6 -7 -5 -6 -6 -6 -5  2  4 -6  0  6 -6 -5 -4 -4  1  0    0   0   0   0   0   0   0   0   0  12  44   0   1  34   0   0   0   0   3   6  1.26 inf
  149 K    2  2  0 -2 -2  1 -1 -2  4 -1  0  1 -1  1 -2  0 -1 -2  0 -1   19  12   3   1   1   5   2   2  11   3   9   7   2   8   1   6   3   0   2   3  0.16 inf
  150 R   -1  2  0  2 -2  1  3 -1 -1 -3 -3  1 -3 -2 -2  2 -1 -3 -3 -3    4  14   3   9   1   6  23   5   1   1   2   7   0   2   1  17   3   0   1   2  0.34 inf
  151 L   -4 -4 -4 -4 -2 -4 -4 -5  3  0  1 -1  2  2 -5 -1 -4 -2  7 -1    1   1   0   1   1   0   0   0   7   4  16   4   6   7   0   4   0   0  43   4  1.07 inf
  152 N    0 -3  0  0  1 -2 -1  0 -4 -4 -4 -1 -3 -3 -3  2  6 -5 -4 -3    7   0   4   5   3   1   4   8   0   0   1   3   0   1   0  12  48   0   0   1  0.76 inf
  153 I   -1  0 -1 -1 -1  0 -1 -1  1  1  1 -1  0  0  1 -1  0 -1  1  0    5   4   3   3   2   3   4   4   4  13  14   4   2   5   8   3   5   1   6   8  0.04 inf
  154 F    1  0  0  1  1 -1 -1  0  0 -1 -1 -1 -1  2 -1  0  1 -1 -1 -1   12   6   6  11   4   2   3   9   2   2   4   3   1  14   2   4  10   1   1   3  0.08 inf
  155 N   -2 -2  1  5 -4 -1  0  1  3 -4 -4 -1 -4 -4  3 -1 -3 -5 -4 -3    2   2   7  35   0   2   5  11   7   1   1   3   0   0  14   4   1   0   0   2  0.68 inf
  156 L   -1 -1 -1  0  0 -1 -1 -1 -1  1  3  0  1 -2 -3 -1 -1 -3 -1  1    4   2   3   5   2   1   4   4   2  10  33   5   4   0   0   3   4   0   2  10  0.16 inf
  157 I   -4 -6 -6 -7 -4 -6 -6 -4 -7  5  1 -6  2 -3 -6 -5 -4 -6 -5  5    0   0   0   0   0   0   0   1   0  36  10   0   4   0   0   1   0   0   0  47  1.41 inf
  158 L   -4 -1 -4 -2 -7  4  6 -6 -3 -4 -1 -2 -3  1 -5 -4 -4 -5 -1 -4    0   3   0   1   0  22  54   0   0   1   7   1   1   6   0   0   0   0   3   1  1.25 inf
  159 P    3 -5 -5 -5 -5 -2 -4 -2 -5 -4 -5 -4 -5 -6  7  0 -3 -6 -5  0   26   0   0   0   0   2   0   3   0   1   0   0   0   0  51   8   1   0   0   7  1.44 inf
  160 I   -4 -5 -5 -6 -4 -5 -5 -6 -5  3  3 -5  2 -2 -5 -5 -3 -5  0  5    0   0   0   0   0   0   0   0   0  12  31   0   4   1   0   0   0   0   4  45  1.07 inf
  161 S   -2 -5 -3 -4 -5 -4 -4 -4 -5 -6 -6 -4 -5 -6 -5  7 -3 -6 -5 -5    1   0   0   0   0   0   0   0   0   0   0   0   0   0   0  95   0   0   0   0  2.27 inf
  162 I   -4 -6 -6 -6  7 -6 -6 -6 -6  5  3 -6 -2 -3 -6 -5 -4 -5 -5  3    0   0   0   0  23   0   0   0   0  32  27   0   0   0   0   0   0   0   0  17  1.31 inf
  163 D   -6 -6 -3  8 -8 -5 -3 -2 -6 -8 -8 -5 -7 -8 -6 -5 -6 -8 -7 -8    0   0   0  96   0   0   0   3   0   0   0   0   0   0   0   0   0   0   0   0  2.87 inf
  164 E   -6 -5 -5 -2 -8  0  8 -7 -5 -8 -8 -4 -7 -8 -6 -5 -6 -8 -7 -7    0   0   0   1   0   3  96   0   0   0   0   0   0   0   0   0   0   0   0   0  2.68 inf
  165 A    6 -5 -6 -6  1 -5 -5 -2 -6 -4 -3 -5  3 -6 -5 -2 -4 -6 -6  1   77   0   0   0   3   0   0   2   0   0   2   0   8   0   0   1   0   0   0   8  1.57 inf
  166 V   -5 -5 -6 -7 -5 -5 -6 -6 -3  0  3 -6  1  5 -6 -5 -5 -2  7 -1    0   0   0   0   0   0   0   0   0   5  27   0   3  23   0   0   0   0  37   4  1.40 inf
  167 C   -2 -5 -5 -6  5 -5 -5 -5 -5  3  4 -5  0 -3 -5 -4 -3 -5 -4  3    3   0   0   0  11   0   0   1   0  14  48   0   2   0   0   0   0   0   0  19  0.98 inf
  168 V   -2 -4 -1  7 -5 -3  0 -4 -1 -3 -4 -4 -3 -4 -4 -3 -1 -3 -5  0    4   0   2  68   0   0   5   1   1   1   2   1   1   1   0   1   3   0   0   7  1.46 inf
  169 R    0 -2  0  0 -2 -2 -1 -3 -3  3  1 -1  1 -1 -4 -1 -1 -4 -2  3    6   2   6   7   0   1   5   1   0  15  11   4   4   2   0   3   1   0   0  30  0.27 inf
  170 I   -1 -3 -1  1 -3 -2 -1 -3 -2  0  0 -2 -2 -1 -3  2  5 -4 -3  1    3   1   1   7   0   1   4   1   1   5   8   2   1   2   0  14  37   0   1  10  0.45 inf
  171 I    0  0  1  1 -2  0  1 -1  0 -1  0  0  0 -2 -2  1  1 -3 -1 -1    5   5   7   9   1   2  10   4   3   2  11   6   2   1   1  13  11   0   2   4  0.08 inf
  172 P    0 -1  2  0  1  0  2  1  1 -1 -1 -1 -2 -3  1  1  1 -4 -3 -1    7   2  10   3   3   2  14  14   3   3   5   2   0   1   7  11   8   0   0   4  0.15 inf
  173 D   -2  0  1  3 -2  2  1  0  1  1 -2  1  0 -2  0  0 -1  0 -2 -1    0   5   5  17   1  10   8   7   4  12   4   9   2   1   5   5   2   1   0   2  0.16 inf
  174 T    0  0 -1  1 -1  0  2  0 -1 -1  0  0  0 -2  1  0  1 -3 -1  0    9   5   2   8   2   2  15   5   1   2   9   6   3   1   8   7   8   0   2   6  0.10 inf
  175 L   -1  0  1  1 -3  0  0 -2 -1 -1  0  1 -1 -2  1  2  1 -3 -1 -1    4   3   7  10   0   3   5   2   1   4  10   8   1   2   7  20   8   0   2   5  0.12 inf
  176 N    4 -4  0 -1  0 -3 -2 -1 -3 -1 -2 -2 -3 -3  3 -1 -2 -5 -3  1   44   0   4   3   2   0   3   4   0   4   3   2   0   1  17   4   1   0   1   9  0.57 inf
  177 A    0 -1  0  1 -1  0  1 -1 -2  0 -1  0  2 -2 -1  0  2 -3 -2  0    5   3   3  10   1   2  12   4   0   5   7   5   6   1   3   6  17   0   1   7  0.11 inf
  178 R    0  1 -2  2 -2  2  4 -3 -2 -3 -2  1 -2 -3 -3 -1 -1 -5 -2 -3    7   8   0  11   1   8  35   1   0   2   5   9   1   1   0   5   3   0   2   1  0.48 inf
  179 L   -2 -5 -6 -6 -1 -4 -4 -6 -5  5  3 -4  1  3 -5 -5 -3 -2 -1  2    2   0   0   0   1   0   1   0   0  37  29   1   3  11   0   0   1   0   2  12  0.89 inf
  180 C    6 -6 -5 -6  6 -5 -5 -2 -6 -2 -4 -4 -4 -6 -5 -2 -2 -6 -6 -1   72   0   0   0  15   0   0   2   0   2   1   0   0   0   0   2   2   0   0   3  1.59 inf
  181 E   -1  1  0 -1 -4  3  3 -2 -1 -2 -1  2 -1 -4  0  1  1 -4 -3 -2    5   9   5   2   0  13  22   2   1   2   5  11   2   0   3  10   8   0   0   2  0.31 inf
  182 E    0  2  0  1 -3  1  3 -2  1 -1 -1  1  0 -1 -3  0  0 -4  1 -1    9  10   3   6   0   6  22   1   3   3   4   7   3   2   0   4   7   0   5   4  0.19 inf
  183 I   -4 -5 -7 -7 -5 -6 -6 -7 -7  7  3 -6 -1 -2 -7 -6 -4 -6 -5  2    0   0   0   0   0   0   0   0   0  66  23   0   1   1   0   0   0   0   0   9  1.68 inf
  184 R   -4  8 -5 -6 -8  0 -4 -6 -4 -5 -5  3 -5 -7 -6 -5 -5 -7 -6 -7    1  75   0   0   0   4   0   0   0   1   1  18   0   0   0   0   0   0   0   0  2.16 inf
  185 Q    2  2  1  1 -4  3  1 -3  0 -3 -3  2 -1 -5 -3  1  1 -5 -2 -3   16  12   6   8   0  15   8   1   2   1   1  12   1   0   0   9   7   0   1   0  0.36 inf
  186 E   -1  3 -2  3 -5  2  4 -3 -1 -1 -3  2 -1 -5 -4 -1 -2 -5 -3 -3    5  17   1  14   0   9  28   1   1   4   2  10   2   0   0   3   1   0   1   1  0.55 inf
  187 I   -4 -5 -6 -6 -3 -6 -6 -7 -6  7 -1 -6 -2 -4 -1 -6 -4 -6 -5  4    1   1   0   0   0   0   0   0   0  65   3   0   0   0   3   0   0   0   0  25  1.69 inf
  188 F   -2  3 -3 -4 -4 -1 -1 -4  0 -3  0  3 -2  4 -4 -3 -3  3  3 -2    3  19   1   0   0   1   5   0   2   1  11  21   1  17   0   1   0   4  10   3  0.52 inf
  189 Q    1  1  0  2 -5  2  5 -4 -2 -4 -4  0 -3 -5 -4  0  0 -5 -4 -3   11   7   3  13   0  10  35   0   1   0   1   6   1   0   0   5   6   0   0   1  0.62 inf
  190 G    2  1 -2 -2 -4  1  3 -2 -2 -2 -1  3 -2 -1 -3 -1 -2 -4 -3  0   16   8   1   1   0   6  21   2   1   1   6  22   0   4   0   4   0   0   0   6  0.34 inf
  191 T   -4 -4 -4 -3 -4 -3  0 -6 -5 -2  0 -4 -4 -5 -5 -3  7 -6 -5 -2    1   0   0   1   0   1   7   0   0   2  10   0   0   0   0   0  75   0   0   2  1.64 inf
  192 N   -1  1  1  0  0  2  0  0  1 -1 -1  1 -1 -2 -1  0  1 -2 -1 -1    4   6   9   5   2  10   5   9   5   4   5  11   1   1   2   6  12   0   1   3  0.10 inf
  193 G   -2 -2 -1 -2 -3 -2 -2  6 -1 -3 -3 -1 -3 -3 -2 -1 -2 -2  0 -3    3   2   3   2   1   2   2  61   2   2   3   3   1   1   2   3   2   0   4   2  0.94 inf
  194 C   -5 -7 -7 -8 10 -7 -7 -7 -7 -3  4 -2 -4 -5 -7 -6 -5 -6 -4 -3    0   0   0   0  58   0   0   0   0   1  36   3   0   0   0   0   0   0   0   1  2.47 inf
  195 T   -1 -3  2 -1 -3 -3  1 -3 -1 -3 -5 -3 -4 -6  2  0  6 -6 -5 -2    5   1   9   2   0   1  11   1   1   1   0   1   0   0   9   7  50   0   0   2  0.91 inf
  196 V    5 -5 -5 -6  3 -5 -5 -3 -6  1 -3 -5 -4 -5 -5 -1 -3 -6 -5  4   51   0   0   0   7   0   0   1   0   6   1   0   0   0   0   3   0   0   0  32  1.16 inf
  197 S   -1 -5 -4 -5 -5 -5 -5 -5 -6 -7 -7 -5 -6 -7 -5  8 -2 -8 -6 -6    3   0   0   0   0   0   0   0   0   0   0   0   0   0   0  96   1   0   0   0  2.40 inf
  198 I    4 -5 -5 -6  2 -5 -5 -5 -6  4 -3 -5 -2  0 -5 -3 -1 -6 -4  4   37   0   0   0   4   0   0   0   0  21   0   0   0   4   0   0   3   0   0  30  0.97 inf
  199 G   -4 -7 -5 -6 -7 -6 -7  8 -7 -8 -8 -6 -7 -8 -7 -5 -2 -7 -8 -8    0   0   0   0   0   0   0  97   0   0   0   0   0   0   0   0   3   0   0   0  2.65 inf
  200 C   -2 -6 -6 -7  4 -6 -6 -6 -6  6  0 -6  0  0 -6 -4 -4 -6 -4  4    3   0   0   0   8   0   0   0   0  50   6   0   2   3   0   1   0   0   0  27  1.29 inf
  201 S    3 -5 -4 -4 -5 -4 -4  5 -5 -6 -6 -4 -5 -6 -5  5 -3 -6  0 -5   22   0   0   0   0   0   0  37   0   0   0   0   0   0   0  38   0   0   3   0  1.22 inf
  202 D   -2 -1  0  0 -2 -3 -2  1  2 -2 -4 -2 -4  0  4  1 -1 -3  5 -3    2   3   5   6   1   0   2  10   5   3   0   2   0   3  19  12   2   0  22   2  0.51 inf
  203 S   -5 -5  8 -3 -3 -4 -5 -4 -4 -7 -7 -5 -6 -5 -6  1  1 -8 -6 -7    0   0  79   0   0   0   0   0   0   0   0   0   0   0   0  11   9   0   0   0  2.32 inf
  204 L   -4  0 -4 -5 -4 -3 -4 -6 -5  4  0  5  3 -3 -3 -3 -4 -6 -5  2    0   3   0   0   0   0   0   0   0  21   8  44   8   0   1   1   0   0   0  13  0.93 inf
  205 V   -2 -6 -7 -7 -5 -6 -6 -7 -5 -1  5 -6  3  6 -6 -6 -4 -4 -2  0    3   0   0   0   0   0   0   0   0   2  48   0   7  34   0   0   0   0   0   5  1.34 inf
  206 L   -4 -5 -6 -7 -4  2 -5 -5 -6  1  6 -5  2 -2 -6 -5 -3 -5 -5  0    1   0   0   0   0   9   0   1   0   6  73   0   3   1   0   0   1   0   0   4  1.35 inf
  207 A    7 -6 -6 -6 -5 -5 -5 -4 -6 -6 -6 -5 -5 -6 -5 -2 -4 -7  0 -5   94   0   0   0   0   0   0   0   0   0   0   0   0   0   0   2   0   0   3   0  2.19 inf
  208 R   -5  6 -4 -5 -7 -3 -4 -6 -3 -7 -6  6 -5 -7 -6 -4 -1 -7 -6 -6    0  41   0   0   0   0   0   0   0   0   0  56   0   0   0   0   3   0   0   0  1.97 inf
  209 L   -5 -6 -7 -7 -4 -5 -6 -7 -6  4  5 -6  4 -3 -6 -6 -4 -5 -5  2    0   0   0   0   0   0   0   0   0  21  58   0  10   0   0   0   0   0   0  11  1.34 inf
  210 A    7 -6  0 -6 -2 -5 -5 -4 -6 -6 -6 -5 -5 -7 -5 -2 -4 -7 -6 -5   93   0   4   0   1   0   0   0   0   0   0   0   0   0   0   2   0   0   0   0  2.11 inf
  211 L   -2 -5 -3 -5 -4 -4 -4 -5 -5 -1  2 -4  0 -5 -5  5  5 -6 -5 -4    1   0   0   0   0   0   0   0   0   4  21   0   2   0   0  39  34   0   0   0  1.06 inf
  212 K   -5  5 -2  5 -7  0  0 -1 -4 -6 -6  3 -5 -7 -5 -3 -3 -7 -6 -6    0  32   0  33   0   3   5   4   0   0   0  20   0   0   0   1   1   0   0   0  1.18 inf
  213 M   -1  2 -3 -4 -3  1 -1 -4  2 -2  0  4  2 -1 -4 -1 -2  5  2 -2    5  13   0   0   0   5   2   0   5   2   8  28   7   2   0   4   1   9   8   1  0.53 inf
  214 A    5  1  4 -2  0 -2 -2 -1 -1 -5 -5 -2 -4 -1 -4 -2 -3 -3 -5 -3   54   8  18   1   2   1   2   3   1   0   0   2   0   3   0   1   0   0   0   2  0.89 inf
  215 K   -5 -2 -5 -5 -8 -3 -4 -6 -5 -7 -3  8 -6 -8 -6 -5 -5 -8 -6 -7    0   0   0   0   0   0   0   0   0   0   3  97   0   0   0   0   0   0   0   0  2.66 inf
  216 P   -6 -7 -7 -6 -8 -6 -5 -7 -7 -7 -3 -6 -7 -8  9 -6 -6 -9 -8 -7    0   0   0   0   0   0   1   0   0   0   3   0   0   0  96   0   0   0   0   0  3.30 inf
  217 N    1 -3  6  6 -4 -4 -3 -2  0 -6 -6 -3 -3 -7 -5 -3 -4 -7 -6 -6   14   1  40  38   0   0   0   2   2   0   0   1   1   0   0   0   0   0   0   0  1.43 inf
  218 G   -3 -4 -2 -5 -7 -6 -6  7 -6 -8 -8 -4 -7 -7 -6 -1 -6 -7 -7 -7    1   1   2   0   0   0   0  92   0   0   0   1   0   0   0   4   0   0   0   0  2.40 inf
  219 Y   -1 -2 -3 -3 -1  4 -2 -3 -1  2  2 -1  1 -1 -3  0 -2 -3  2  1    3   1   1   1   1  24   1   1   1  12  22   4   3   2   1   7   2   0   7   7  0.34 inf
  220 N   -2 -2  0 -4  4  3 -3 -3  2 -3 -1  0 -1  5 -5 -3  1 -3  3 -3    2   2   4   0   9  13   0   1   5   1   4   7   2  27   0   1  11   0  11   0  0.62 inf
  221 I   -2 -2 -4 -1 -3 -2 -3 -5  3  2  0 -4  0  3 -4 -2  0  0  3  3    2   2   0   3   0   2   1   0   8  11   7   0   2  13   0   2   5   1  13  28  0.47 inf
  222 T   -3 -5 -5 -6  0  1 -4 -6  1  6  2 -5  0 -3 -5 -4 -2 -1 -1  3    1   0   0   0   2   6   0   0   3  43  19   0   1   0   0   1   1   1   2  18  0.88 inf
  223 F   -1  1  0  0 -2 -1 -1 -2  3  0  2 -1  0  0 -1 -1  1 -1 -1  0    2   8   5   5   0   2   2   3   8   6  22   3   1   5   3   4  13   1   1   5  0.09 inf
  224 K    0  0 -2 -1 -3  0  0 -3 -2 -3 -3  3 -3 -3  5  0 -1 -4  0 -3    9   4   1   3   1   4   4   1   1   1   3  21   0   1  32   7   3   0   3   1  0.66 inf
  225 S    0 -1  1  2 -3  1  2 -1 -2 -3 -2  0 -2 -3  4  1 -1 -3 -3 -2    6   3   6  10   1   6  16   4   1   1   3   6   1   1  21  10   2   0   1   2  0.38 inf
  226 N   -2 -2  2  5 -5  1  4 -1  2 -4 -4 -1 -4 -5 -3 -1 -2 -5 -4 -4    2   2  10  28   0   5  32   5   4   1   1   3   0   0   1   4   2   0   0   1  0.79 inf
  227 L    0  0  0  1 -2  1  1 -1 -1  1 -1  1  2 -2 -2 -1 -1 -3 -2  2    7   4   4   9   0   8  10   4   1   7   5   8   6   1   1   3   3   0   0  19  0.10 inf
  228 S    2 -2 -2 -1 -2 -2 -1  0 -2  2 -1 -1 -1 -2  0  0  0 -2 -3  3   20   1   2   4   1   1   3   8   1  12   4   3   1   1   5   5   4   1   0  23  0.18 inf
  229 E   -1  0  0  2 -3  2  3 -3  1 -2  1  0  0 -3  2 -1 -2 -4 -3 -2    5   4   3  12   0  11  19   1   3   1  16   3   3   0  11   2   2   0   0   1  0.30 inf
  230 E    1 -1  0  4  0  0  3 -2  0 -3 -2  0 -3 -4 -2  0  0 -4 -3 -2   13   3   3  25   2   3  20   3   2   1   3   4   0   0   1   7   5   0   1   2  0.38 inf
  231 F   -4 -6 -6 -6 -4 -6 -6 -6 -2  2  1 -5 -2  8 -6 -5 -5 -3  4 -2    1   0   0   0   0   0   0   0   1  11  11   1   1  61   0   0   0   0  10   2  1.72 inf
  232 W   -4 -5 -6 -6 -4 -5 -5 -6 -5  4  5 -5  4 -1 -6 -5 -4  3 -4  1    0   0   0   0   0   0   0   0   0  23  49   0  10   2   0   0   0   5   0  10  1.11 inf
  233 S    2  1  0  2 -3  1  1  1  1 -3 -2  0  1 -2 -3  1 -1 -3 -2 -3   20   9   3  12   0   6  10  10   3   0   3   4   5   2   0  10   2   0   1   0  0.21 inf
  234 S    0 -1  1  2 -2  1  1  0  0 -4 -4  0 -3 -5  4  1  1 -5 -4 -4    7   3   6  10   1   7  10   8   3   0   1   5   0   0  22   9   8   0   0   0  0.42 inf
  235 F   -3 -4 -6 -6 -1  0 -3 -6 -4  1  5 -5  3  2 -6 -5 -2 -4 -4 -1    1   0   0   0   1   4   2   0   0   6  65   0   8   7   0   0   2   0   0   2  1.08 inf
  236 K   -1 -2  0  2 -3 -1 -1 -4 -4 -5 -3  2 -3 -5  6  1  0 -6 -3 -4    4   2   4  10   0   2   3   0   0   0   3  13   1   0  40  11   5   0   1   1  0.89 inf
  237 L   -3 -5 -5 -6 -4 -5 -5 -6 -6  5  2 -5 -1  0 -3 -5 -3 -5 -4  5    1   0   1   0   0   0   1   0   0  29  16   0   1   4   2   0   0   0   0  46  1.13 inf
  238 D    0  2  0  2 -4  1  3  0 -2 -4 -4  2 -4 -5 -3  1  0 -5 -3 -4    6  14   4  13   0   6  17   9   0   0   1  15   0   0   0   9   5   0   0   1  0.41 inf
  239 D    0  1  0  5 -2  0  1 -3 -2 -4 -2  3 -2 -4 -4  0 -2 -5 -3 -4    7   7   3  34   1   3   9   1   1   0   4  21   1   1   0   6   2   0   1   1  0.61 inf
  240 L   -5 -6 -6 -7 -5 -6 -6 -7 -6  3  5 -6  0  5 -6 -6 -4 -4 -3  0    0   0   0   0   0   0   0   0   0  14  58   0   1  21   0   0   0   0   0   5  1.30 inf
  241 P   -5 -5 -5 -6 -7 -5 -5 -6  6 -7 -7 -5 -6 -1  7 -4 -5  6  1 -6    1   0   0   0   0   0   0   0  21   0   0   0   0   2  60   1   0   9   5   0  2.25 inf
  242 G   -4 -5 -5 -6 -7 -6 -6  8 -6 -8 -8 -6 -7 -7 -6 -3 -6 -7 -7 -7    0   1   0   0   0   0   0  97   0   0   0   0   0   0   0   2   0   0   0   0  2.62 inf
  243 V   -2 -6 -6 -7 -4 -6 -6 -7 -6  4 -1 -6 -2  2 -6 -5 -3 -6 -4  6    3   0   0   0   0   0   0   0   0  19   3   0   0   7   0   0   1   0   0  67  1.53 inf
  244 G    0 -6 -5 -5 -6 -6 -6  7 -6 -8 -8 -6 -7 -7 -6 -3 -6 -7 -7 -7    6   0   0   0   0   0   0  92   0   0   0   0   0   0   0   1   0   0   0   0  2.43 inf
  245 H   -2  3 -2 -3 -5 -2 -1 -3  3 -5 -4  3 -4 -3  3  0 -3  6  4 -4    2  15   1   1   0   1   4   2   8   0   0  17   0   0  14   8   0  10  15   0  0.70 inf
  246 S    1  0 -1 -3 -1 -1 -2 -2 -2 -3 -4  2 -2 -5 -4  4  0 -5 -4  2   13   4   2   0   1   2   2   2   1   0   0  15   1   0   0  36   4   0   0  17  0.53 inf
  247 T   -2 -4 -3 -5 -4 -2 -4 -4 -3  3  1 -4  4 -3 -5  1  5 -5 -4 -2    3   0   1   0   0   2   0   1   1  16  12   0  12   1   0   8  44   0   0   1  0.89 inf
  248 L    3  1 -2 -2 -2  1  1  1 -2 -2 -1  0  1 -3 -3  1  0 -2 -2  0   25   6   0   1   1   6   9   9   1   1   5   7   3   0   0  10   4   0   1   9  0.18 inf
  249 S    1  1  0  0 -4  2  4  0  2 -4 -4  1 -2 -4 -3  1 -1 -4 -1 -4   10   6   3   4   0   8  29   7   6   0   1  10   1   0   0   9   2   0   3   0  0.41 inf
  250 R   -4  4 -3 -4 -7 -1 -2 -5 -2 -4 -6  7 -4 -5 -5 -3 -3 -7 -5 -3    1  18   1   1   0   2   1   0   1   1   0  70   0   0   0   1   2   0   0   2  1.73 inf
  251 L   -3 -5 -6 -7 -3 -5 -6 -7 -6  1  6 -4  6 -1 -6 -5 -4 -5 -4 -1    2   0   0   0   0   0   0   0   0   5  67   1  20   2   0   0   0   0   0   2  1.47 inf
  252 E    0  2  2 -1 -2  2  3 -4  5 -3 -3  3 -2 -3 -4 -1 -1 -5 -1 -4    6   9   9   3   1   8  19   0  16   1   2  17   1   1   0   4   4   0   1   1  0.51 inf
  253 S    0  2  1  1 -2  2  3 -2 -1 -4 -3  1 -2 -4 -1  1  0 -4 -3 -3   10  10   7   6   1  11  22   1   1   0   2   9   1   0   2  10   4   0   1   0  0.37 inf
  254 T    0 -2 -2 -2 -2 -1 -1 -2  0  2  3  0  4  0 -3 -2 -1 -3 -1 -1   11   1   1   2   1   2   4   2   2  12  32   5  11   3   1   2   2   0   2   2  0.26 inf
  255 F    0  0 -1 -1 -1  0 -1 -1 -1  0  1 -1  0  2  0  0  0  0  1  0    6   4   4   4   1   3   4   6   1   7  19   4   2  12   3   6   4   1   4   6  0.02 inf
  256 D    0  1  1  0 -1  1  0  0  1 -1 -1  0  0 -1  0  0  0 -1  0 -1    6   7   6   6   2   6   6   9   5   4   8   8   2   3   4   6   4   1   3   5  0.04 inf
  257 S   -2 -3  2 -1 -5 -1 -1  6 -1 -6 -5 -1 -5 -5 -3  0  0 -5 -2 -4    3   1   9   3   0   2   4  56   1   0   1   3   0   0   1   7   5   0   2   1  0.96 inf
  258 P   -2 -5 -5 -3 -2 -3 -3 -4 -4  6  1 -3  0 -2 -1 -2 -1 -4 -2  3    2   0   0   1   1   1   1   1   0  43  11   1   2   1   3   4   3   0   1  23  0.77 inf
  259 H   -2  1  1 -1 -4  0  1 -2  4 -3 -2  2 -2  2 -2 -1  1 -2  2 -2    3   8   8   3   0   3  10   2  11   0   3  14   0  10   1   3  10   0   8   2  0.27 inf
  260 S   -3 -3  3 -1 -4 -3 -3 -5 -3 -1 -2  0 -4 -1 -3  0  6 -5  0 -3    1   1  15   3   0   0   1   0   0   3   5   6   0   3   1   5  51   0   3   1  0.87 inf
  261 L   -3 -5 -5 -4  7 -5 -5  3 -6  2  1 -5 -2 -4 -5 -4 -3 -5 -5  4    1   0   0   1  24   0   0  22   0  13  12   0   0   0   0   0   0   0   0  26  1.00 inf
  262 N    2  0 -1 -2  0  0  0  4 -3 -3 -2  2 -3 -4 -3 -1 -2  1 -2 -3   19   4   2   1   2   3   7  34   0   1   4  13   0   0   0   4   1   2   1   0  0.46 inf
  263 D   -5 -4 -1  7 -7  4  2 -5 -2 -7 -6 -3 -6 -7 -5 -2 -2 -7 -4 -6    0   0   2  61   0  16  14   0   1   0   1   1   0   0   0   2   2   0   1   0  1.64 inf
  264 L   -4 -5 -6 -5 -5 -5 -6 -7  0  2  6 -6  0 -3 -6 -5 -4 -5 -4  2    1   0   0   1   0   0   0   0   3  10  69   0   2   0   0   0   0   0   0  14  1.32 inf
  265 R    0  5 -2 -3 -3  1 -1 -2  0 -1  0  1 -1 -2 -3 -1 -2  0  1 -1    9  34   1   1   0   6   2   3   2   3  10   7   2   1   1   5   2   1   6   5  0.37 inf
  266 K    0  0  2  1 -3  5  2 -3 -2 -3 -3  3 -2 -4 -3 -1 -2 -4 -2 -3    6   3   9   8   0  32  10   1   0   1   3  16   1   1   1   5   1   0   1   1  0.58 inf
  267 R    0  2  0 -2  1  0 -1 -1  0 -2  0  3  0 -2 -1  0  0 -1  0 -2    9  13   3   2   4   3   3   4   3   2   8  22   2   1   3   9   4   1   3   2  0.14 inf
  268 Y   -1 -1 -2 -2 -2 -1 -2 -2 -1  2  2 -2  1  0 -1  0  1  0  0  2    4   3   2   2   0   2   2   2   1  14  23   2   4   3   2   7  10   1   3  13  0.13 inf
  269 T   -1 -2 -1  1 -4 -2  2 -4 -4 -4 -4 -2 -4 -6  2  5  3 -6 -5 -4    3   1   2   6   0   1  12   0   0   0   1   1   0   0  12  43  17   0   0   1  0.81 inf
  270 L   -2  2 -3 -3 -4  0  0 -4 -3  0  3  3  2 -2 -2 -2 -3 -3 -2 -1    2  13   1   1   0   3   7   1   0   5  32  23   5   1   1   1   0   0   1   4  0.44 inf
  271 D    1 -1  1  2 -4  1  4  0 -1 -4 -4 -1 -3 -4 -1  1  0  2 -2 -3   11   2   7  10   0   5  29   6   1   1   1   2   0   0   3  10   6   4   1   1  0.41 inf
  272 A   -1  3 -1 -1 -3  2  1 -3  0 -1 -1  1  1  2 -3  0  0 -1 -1  0    5  18   1   3   0   8   8   1   3   2   6   9   4  10   0   6   6   1   1   7  0.16 inf
  273 L   -4 -6 -7 -7 -3 -6 -7 -7 -6 -2  7 -6  0 -1 -7 -6 -5 -1 -3 -2    1   0   0   0   1   0   0   0   0   1  91   0   2   2   0   0   0   1   1   1  1.87 inf
  274 K   -2  0 -3 -3  0  5  1 -4 -2  3 -2  1  0 -3 -4 -2  0 -5 -3  1    2   5   0   0   2  29  10   1   1  20   1   8   2   1   0   2   6   0   0  10  0.52 inf
  275 A    0  4  1  1 -4  2  1 -2  2 -5 -4  3 -2 -5 -2  1  0 -5 -3 -4    7  22   7   6   0   9  10   2   4   0   1  16   1   0   1   8   4   0   0   0  0.43 inf
  276 S    0 -1 -1  0  1  0  1 -3  4  1  1 -1 -1 -2 -3 -1 -1 -1  0  1    8   4   2   4   3   4  11   0  12   8  14   2   0   0   1   4   4   1   3  15  0.14 inf
  277 V   -5 -6 -7 -7 -5 -6 -6 -6 -5  0  4 -6 -1  7 -7 -6 -4 -4 -1  1    0   0   0   0   0   0   0   0   0   3  39   0   1  47   0   0   1   0   1   8  1.53 inf
  278 G   -4 -6 -5 -6 -7 -5 -6  8 -6 -8 -8 -6 -7 -3 -6 -4 -6 -7 -7 -7    0   0   0   0   0   0   0  97   0   0   0   0   0   2   0   0   0   0   0   0  2.62 inf
  279 S    0  0  0 -1 -3  0  1 -1 -1 -1 -2  2 -2 -2  4  0  0 -3 -2 -1    6   5   4   2   0   4  10   5   1   3   3  17   1   1  21   7   5   0   1   4  0.30 inf
  280 K   -1  2 -2 -4 -6 -1 -3 -2 -3 -4 -5  7 -5 -6 -4 -2 -3 -6 -5 -3    4   7   1   0   0   1   1   3   0   1   0  74   0   0   0   2   1   0   0   2  1.58 inf
  281 L   -1  0  1 -3 -3 -1 -3 -3  1 -1  1 -1  1  1 -3  1  4 -4  1 -1    5   4   7   1   0   2   0   0   3   3  12   2   5   5   0  12  31   0   5   3  0.33 inf
  282 G    0 -6 -5 -5 -6 -6 -6  7 -6 -8 -7 -6 -7 -7 -6 -2 -3 -7 -7 -7    7   0   0   0   0   0   0  88   0   0   0   0   0   0   0   2   2   0   0   0  2.26 inf
  283 M    0  0  0  0 -3  2  3 -2  1 -2 -1  1 -1 -3 -1  0  1 -4 -1 -2    7   5   3   4   0  11  23   1   3   2   8   8   1   1   3   5   9   0   3   3  0.22 inf
  284 K   -2  1  1 -1 -4  1  0 -2  1 -2 -2  3  3 -1 -3 -1  1 -1  1 -1    2   7   7   3   0   7   3   3   4   2   3  25   9   3   0   3   9   1   5   3  0.25 inf
  285 I   -5 -5 -6 -7 -5 -5 -6 -7 -5  3  5 -6  0  3 -6 -5 -4 -4  3  0    0   0   0   0   0   0   0   0   0  18  54   0   1  11   0   0   1   0  11   4  1.16 inf
  286 H   -3 -3 -4 -7 -6 -3 -6 -7  3 -3 -3 -4 -5  4 -7 -4 -6  7  8 -5    2   1   1   0   0   1   0   0   7   1   2   1   0  15   0   1   0  14  53   0  2.00 inf
  287 L   -1  2  4  3 -4  2  2 -1  1 -4 -1  0 -3 -5 -4 -1 -3  0 -3 -4    4  11  20  15   0  10  15   5   3   1   7   4   0   0   0   2   0   1   1   0  0.44 inf
  288 A    0  1  0 -4 -3 -1 -4 -4  0  1  1  0  2  4 -5 -3 -3 -2  5 -2   10   7   5   0   0   3   0   0   1   8  13   6   5  16   0   0   0   0  22   1  0.48 inf
  289 L    4 -5 -5 -5  7 -4 -5 -4 -5  1  0 -4 -1 -3 -5  1 -3 -5 -5  0   42   0   0   0  22   0   0   0   0   6   9   0   1   1   0  11   0   0   0   7  0.99 inf
  290 Q   -4  8 -1 -3 -5  2 -4 -4  2 -7 -4  0 -4 -5 -6 -3 -5 -1 -5 -6    1  74   3   1   0   7   0   1   5   0   1   3   0   1   0   1   0   1   0   0  1.88 inf
  291 G   -2 -7 -5 -6 -7 -6 -6  8 -6 -8 -8 -6 -7 -7 -6 -4 -6 -7 -7 -7    3   0   0   0   0   0   0  96   0   0   0   0   0   0   0   0   0   0   0   0  2.59 inf
  292 Q   -4  0 -2 -5 -4 -1 -1 -6 -2  6  0  0 -1 -3 -5 -4 -3 -5 -3  1    0   6   2   0   0   3   5   0   1  54   8   7   1   1   0   0   0   0   1   9  0.90 inf
  293 D   -6 -6 -3  8 -5 -5 -2 -5 -2 -7 -7 -5 -7 -7 -6 -3 -5 -8 -7 -7    0   0   0  94   0   0   1   0   1   0   0   0   0   0   0   2   0   0   0   0  2.77 inf
  294 D   -3  0  3  5 -4 -1  2 -2  3 -5 -3  0 -4 -5 -1 -1  0 -3 -2 -4    1   5  15  33   0   1  13   2   7   0   3   5   0   0   3   3   5   0   1   1  0.64 inf
  295 E   -3  7 -2 -1 -3 -1  0 -5 -3 -5 -4 -1 -4 -6 -4  0  2 -6 -5 -3    2  61   2   3   1   2   5   0   0   0   1   1   0   0   1   8  12   0   0   1  1.30 inf
  296 E   -1 -2 -3 -2 -3  1  4 -4 -3 -3 -2  0 -3 -5  6  0 -3 -5 -4 -1    3   2   0   1   0   6  25   1   0   2   4   5   0   0  35   7   1   0   0   6  0.81 inf
  297 S   -3 -4 -4 -4 -3 -3 -3 -5 -5  2  1 -4 -2 -3 -4  0 -2  1 -4  6    1   0   1   1   0   1   2   1   0   8  14   0   0   1   0   7   1   2   0  59  0.98 inf
  298 L    0  0  0  0  0  0  0  0 -1  0  0  0  0 -1 -1  1  1 -1 -1  0   11   5   6   3   2   5   8   6   1   7   7   4   1   2   3  10   8   1   2  10  0.03 inf
  299 K    0  1  0  0 -1  0  0 -1  0  0  0  1  0 -1  3  0  0 -1  1  0    6   9   4   4   1   2   4   4   2   5   8  10   2   2  13   4   6   1   7   5  0.10 inf
  300 I    0  0  0  1 -1  0  0  0  0  0  0  0  0 -1  0  0  0 -1 -1  0    7   4   3  12   1   3   6   5   2   6  11   5   4   2   5   8   8   1   2   6  0.03 inf
  301 L    0  0  0  0  0  0  0  0  0  0  0  0  0  0  0  0  0 -1  0  0    7   4   3   4   2   4   6   8   2   7  14   4   2   3   5   7   8   1   3   6  0.01 inf
  302 Y    0  1  0  0 -1  0  0  0  0 -1 -1  0  0  0  0  0  0  0  1 -1    6   9   4   7   2   4   6   7   2   4   7   5   2   4   5   8   5   1   7   5  0.03 inf
  303 D    0  0  1  2 -1  0  1  0  0 -1 -1  0 -1 -1  0  0  0 -1 -1 -1    6   4   9  15   2   4  10   5   2   4   7   4   2   3   5   6   5   1   2   5  0.08 inf
  304 P    0  0  0  0 -1  0  0 -1 -1 -1  0  0  0  0  3  0  0 -1  0  0    6   5   4   4   1   5   8   5   2   4   7   6   2   6  15   6   4   1   3   6  0.10 inf
  305 K   -1  1  0 -1 -2  2  3  1  0 -2 -2  2 -2 -2 -1 -1 -1  0 -2 -2    3   8   5   3   1   7  22  13   2   2   5  16   1   1   3   3   3   1   1   2  0.24 inf
  306 E    1 -1  0  0 -1  1  1 -1  0 -1 -2 -1 -1 -2  2  2  1 -2 -2  0   15   2   4   5   1   6  12   3   2   2   3   3   1   2  12  15   7   0   1   6  0.18 inf
  307 V   -1  0  1  1 -3  2  2 -2  1  0 -1  0  0 -1 -2 -1  0 -2  0  1    3   5   9   7   0   9  17   2   4   4   4   5   2   3   2   3   5   0   4  11  0.12 inf
  308 L   -2  4 -2 -3 -4  2 -2 -2  2 -2  0  2  0  1  0 -1 -2 -1 -2 -1    2  30   1   1   0  10   1   3   5   2   9  10   2   6   5   3   2   1   1   5  0.37 inf
  309 Q    0 -2 -3  0 -3  1  3 -1 -3  2 -1 -1  0 -3  1 -1 -1 -4 -3  2    8   1   0   4   0   8  24   4   0  15   3   3   2   0   8   2   3   0   0  14  0.29 inf
  310 R   -3  8 -4 -5 -5 -2 -3 -2 -4 -4 -5 -1 -4 -4 -5 -2 -1 -6 -5 -4    2  79   0   0   0   1   1   3   0   1   0   2   0   1   0   3   3   0   0   1  1.95 inf
  311 K   -4 -1 -3 -5 -7  1 -4 -6 -5 -7 -6  8 -6 -7 -5 -3 -4 -7 -6 -7    1   1   1   0   0   5   0   0   0   0   1  89   0   0   0   1   1   0   0   0  2.37 inf
  312 S   -3 -5 -3 -5 -5 -1 -5 -5 -5 -7 -6 -5 -6 -7 -5  7  1 -7 -6 -6    1   0   0   0   0   3   0   0   0   0   0   0   0   0   0  89   6   0   0   0  2.12 inf
  313 L   -4 -6 -7 -7 -5 -6 -7 -7 -7  5  0 -6 -2 -3 -6 -5 -4 -6 -3  6    0   0   0   0   0   0   0   0   0  30   8   0   0   1   0   1   0   0   1  59  1.62 inf
  314 S   -3 -6 -4 -5 -6 -5 -5  5 -6 -7 -7 -4 -6 -7 -6  6 -3 -7 -6 -6    0   0   0   0   0   0   0  46   0   0   0   1   0   0   0  53   0   0   0   0  1.75 inf
  315 I    5 -1 -3 -5  5 -3 -4 -3 -2  0 -4  1 -2 -5 -4  0 -1 -6 -4  1   45   3   1   0  14   0   0   1   1   6   0   8   1   0   0   5   4   0   0  11  0.76 inf
  316 D   -5 -4 -3  3 -4  0  7 -6 -1 -7 -7 -4 -6 -7 -5  0 -5 -7 -6 -4    0   0   1  16   1   2  72   0   1   0   0   0   0   0   0   6   0   0   0   1  1.82 inf
  317 I   -3  1 -2  0  0 -2 -2 -4  0  4 -2 -3  4 -4 -5 -3  2 -5 -4  4    1   8   2   6   2   1   2   1   3  23   0   1  11   0   0   1  12   0   0  27  0.56 inf
  318 N   -5 -5  7 -4 -6 -5 -5 -4 -4 -6 -7 -5 -6 -7 -6 -1  5 -7 -6 -6    0   0  57   0   0   0   0   1   0   0   0   0   0   0   0   3  39   0   0   0  2.05 inf
  319 W   -6 -6 -7 -8 -6 -6 -7 -7 -4 -5  0 -7 -4  6 -7 -6 -6  9  7 -5    0   0   0   0   0   0   0   0   0   0   8   0   0  34   0   0   0  24  33   0  2.27 inf
  320 G    2 -3 -2  0 -5 -3  0  6 -5 -5 -4 -1 -4 -2 -2  0 -3 -5 -5 -4   14   1   1   6   0   0   6  54   0   0   2   3   0   2   2   6   1   0   0   1  0.93 inf
  321 I   -3 -2 -3 -2 -4 -1  1 -5 -1  6 -2  0 -2 -2 -5 -3  0 -5 -3  3    1   2   1   3   0   2  10   0   1  43   1   7   0   1   0   1   6   0   1  20  0.72 inf
  322 R   -5  7  0  5 -7 -3 -3 -6 -4 -6 -5 -3 -6 -7 -5 -5 -5 -7 -6 -7    0  60   4  33   0   0   0   0   0   0   1   0   0   0   0   0   0   0   0   0  1.93 inf
  323 F   -4 -5 -6 -6 -3 -4 -6 -6 -4  1  2 -5 -2  7 -1 -4  0 -3 -1  0    1   0   0   0   1   1   0   0   0   9  17   0   1  53   4   1   6   0   1   5  1.28 inf
  324 K   -1  0  1  3 -4  0  2 -3  1 -1 -2  1 -2 -3 -2  0  2 -3 -1 -1    4   6   6  16   0   2  14   1   3   3   4   8   0   1   1   6  16   0   2   5  0.24 inf
  325 N   -1 -2  4  3 -1  0  1 -1 -2 -3 -4  1 -3 -3 -4  1  3 -5 -4 -3    3   2  19  20   1   4   7   4   0   1   1   7   0   1   0  10  18   0   0   1  0.49 inf
  326 I   -2  0  1  1 -3  2  1 -3 -1  1  0  0  0 -1  1 -1 -1 -1 -1  0    2   6   7   6   0  11  12   1   1   9  11   6   2   2   8   4   2   1   1   9  0.12 inf
  327 T    0 -2 -1  3 -5  1  4 -1  0 -2 -3  0 -3 -5 -1  0  0 -5 -1 -2    9   1   2  18   0   6  28   5   2   2   1   6   0   0   2   7   5   0   2   2  0.42 inf
  328 Q   -1 -2 -3  3 -3  4  5 -3 -2 -4 -3 -1 -3 -2 -2 -2 -3 -3 -3 -1    5   1   0  17   1  18  37   2   1   1   3   2   0   2   1   2   1   0   1   4  0.75 inf
  329 V    3 -4 -5 -5  3 -4 -4 -4 -5  2  2 -4  3 -3 -5 -2 -2 -5 -4  3   26   0   0   0   7   0   0   1   0  13  15   0   8   1   0   2   1   0   0  26  0.66 inf
  330 D   -2  1 -1  3 -4  0  3 -4  0  0  0  1  0 -2 -4 -1 -2  3 -1 -1    2   8   2  16   0   3  25   0   3   6  10   7   3   1   0   3   2   4   2   3  0.34 inf
  331 L    0  1  0  1 -2  2  2 -1  1  0 -2  1 -2 -4 -1 -1  0 -4 -2 -2    9   7   4   9   1  11  17   4   4   6   2  11   1   0   2   3   6   0   1   2  0.20 inf
  332 F   -2 -2 -5 -5 -4 -3  2 -4 -2  0 -2 -1 -1  7 -5 -4 -1 -2  3 -2    3   2   0   0   0   1  13   2   1   5   3   4   2  51   0   0   3   0   8   2  1.13 inf
  333 I   -3 -5 -6 -6 -4 -5 -6 -6 -6  3  5 -5  3 -1 -6 -4 -3  1 -4  3    1   0   0   0   0   0   0   0   0  18  51   0   6   2   0   1   1   2   0  18  1.08 inf
  334 E   -1  2 -1  2  1  1  1 -2  0 -2  0  1  1 -1 -2 -1  0  1  2 -2    3  15   1  12   3   5   8   3   2   2   8   7   5   3   1   4   7   2   8   2  0.14 inf
  335 R   -2  3  3  1 -4  3  2 -1  2 -4 -4  1 -2 -4  0  0 -2 -4 -4 -4    3  20  13   7   0  13  12   4   5   1   1   8   1   1   5   6   1   0   0   1  0.42 inf
  336 G   -4 -5 -4 -6  2 -3 -5 -5 -6  2  5 -5  4  1 -6 -5 -3 -5 -3  0    0   0   1   0   5   1   0   1   0   8  64   0   9   6   0   0   1   0   0   4  1.18 inf
  337 C    4 -4 -4 -5  6 -4 -4 -1 -5 -1 -1 -4 -2 -5 -4  3  0 -4 -5  0   35   0   0   0  16   0   0   3   0   3   5   0   1   0   0  26   4   0   0   6  0.84 inf
  338 Q    0  0 -1  2 -1  1  3  0 -1 -2 -2  2 -2 -4 -3 -1 -1 -5 -4 -1    8   3   2  11   2   7  26   8   1   3   4  14   1   0   0   3   4   0   0   4  0.30 inf
  339 Y   -4  0 -2  0 -7  0  6 -5  0 -3 -5  2 -4 -4 -5 -2 -3 -6  1 -2    1   4   1   4   0   2  57   0   2   2   1  13   0   1   0   2   1   0   6   3  1.11 inf
  340 L   -4 -6 -6 -7 -2 -6 -6 -7 -6  2  4 -6  0 -4 -6 -5 -1 -6 -5  6    0   0   0   0   1   0   0   0   0   9  33   0   1   0   0   0   4   0   0  51  1.26 inf
  341 L    2 -3 -2 -3  3  1  1 -1  2 -2 -2 -2 -3 -2 -4  2  0  6  0  0   17   0   1   0   7   6  12   4   5   2   3   1   0   1   0  15   6  12   3   6  0.40 inf
  342 E    0  4  0  1 -4  1  2 -1  0 -4 -2  3 -2 -4 -4  0 -1 -3 -3 -3    7  22   4   6   0   5  15   5   2   0   3  17   0   0   0   7   4   0   1   1  0.39 inf
  343 K   -4  7 -3 -4 -7 -1 -3 -5 -1 -4 -6  3 -5 -6 -6 -1 -3 -1  0 -5    1  67   1   1   0   2   1   1   1   1   0  13   0   0   0   4   1   1   4   0  1.64 inf
  344 L   -2 -6 -5 -7  2 -5 -6 -6 -6  0  6 -6  5 -3 -6 -5 -3 -5 -5 -2    3   0   1   0   4   0   0   0   0   4  71   0  14   0   0   1   1   0   0   1  1.48 inf
  345 N   -1  2  1  0 -3  2  2 -2  1  0 -1  2 -1 -3 -2 -1  0 -4 -2  0    3  12   6   6   0  10  13   3   3   6   7  12   1   0   1   4   4   0   1   9  0.16 inf
  346 E    1  3  2  1 -4  0  3 -2 -2 -3 -4  4 -4 -5 -4  0 -2 -5 -4 -4   12  17   9   6   0   3  17   3   1   1   1  23   0   0   0   5   2   0   0   0  0.51 inf
  347 I    1 -1  0 -2  1  0  0 -1  1  1  0  1  0 -2 -3  0  0 -3 -1  0   16   2   6   1   4   2   7   5   5  10  13  10   1   0   0   6   4   0   2   6  0.06 inf
  348 N   -2  1  3  1 -3  2  0  4  0 -5 -4  2 -4 -5 -3 -1 -3 -5 -4 -5    2   7  15   7   0  10   5  30   2   0   2  14   0   0   0   3   0   0   0   0  0.60 inf
  349 K    0  0 -3 -4 -2 -2 -4 -4 -2  1  2  1  4  2 -4 -2 -1 -4  0  3    7   6   1   0   1   1   0   0   1   6  16   9  11   8   0   3   2   0   3  25  0.34 inf
  350 T   -1  3 -1 -3  2  1  0 -3 -2 -1 -1  4 -1 -2 -4  1  0 -2 -1  0    5  15   1   0   4   5   4   1   1   3   6  27   1   1   0  11   6   0   3   7  0.31 inf
  351 T    2 -6 -4 -5  2 -5 -5  6 -6 -4 -5 -5 -5 -5 -5 -2  1 -6 -6 -5   17   0   0   0   4   0   0  65   0   1   1   0   0   0   0   2   9   0   0   1  1.48 inf
  352 S   -2  6 -2 -3 -5  0 -3 -2  0 -5 -5  4 -5 -6 -3  2 -1 -6 -4 -5    2  41   1   1   0   3   0   2   2   1   1  27   0   0   1  15   3   0   0   0  1.06 inf
  353 Q   -2 -1 -1 -4  1  4 -3  0  2 -4 -3 -1 -4 -5 -4  1  5 -5 -5 -3    2   4   3   0   3  17   0   7   4   1   2   3   0   0   0  11  43   0   0   1  0.81 inf
  354 I   -3 -6 -6 -6 -4 -5 -6 -6 -6  4  4 -5  0  0 -6 -5 -3 -5 -4  5    1   0   0   0   0   0   0   0   0  24  33   0   2   3   0   0   0   0   0  36  1.13 inf
  355 T   -3 -1  0 -5 -5 -2 -5 -4 -5 -4 -4 -4 -3 -5 -5  0  7 -6 -4  1    1   4   5   0   0   2   0   1   0   0   0   1   0   0   0   5  70   0   0   9  1.52 inf
  356 L   -4 -6 -6 -7 -3 -5 -6 -7 -6  1  5 -6  3 -2 -6 -6 -4 -5 -3  3    0   0   0   0   0   0   0   0   0   6  64   0   6   1   0   0   0   0   0  20  1.34 inf
  357 K   -5  1 -4 -5 -7 -1 -4 -6 -5 -7 -5  8 -4 -7 -5 -4  0 -7 -6 -6    0   5   0   0   0   2   0   0   0   0   1  85   0   0   0   0   5   0   0   0  2.19 inf
  358 L   -3 -5 -6 -6 -4 -5 -5 -6 -6  5  3 -5 -1 -3 -5 -5 -4 -5 -2  4    1   0   0   0   0   0   1   0   0  36  29   0   1   0   0   0   0   0   1  29  1.16 inf
  359 M    0  1 -3 -3 -3 -2 -2 -3 -3 -2  1  3  7 -2 -3 -2 -2  0 -1 -2    7   7   1   1   0   1   2   2   1   1  14  21  31   1   1   2   2   2   2   2  0.66 inf
  360 R   -1  3 -2 -2 -2  0  0 -2 -1  0 -1  3 -1 -2 -2 -1  1 -2 -1  1    3  20   1   1   1   2   6   2   1   6   5  18   1   2   1   2  12   0   2  14  0.25 inf
  361 R   -1  7 -2 -3 -3 -1 -2 -3  0 -3 -3  1 -3 -3 -3 -1 -2 -3 -1 -3    5  60   1   1   1   1   2   2   2   2   2   7   1   1   1   4   2   0   2   2  1.12 inf
  362 C    2  1  0 -1  1  0 -1 -1  3 -2 -2  1 -2 -2 -1  1 -1 -2  1 -2   25   6   5   3   3   4   2   3   8   2   3  10   1   2   2  13   2   0   5   2  0.20 inf
  363 K    2  0 -1 -1 -2  0  1 -1 -1 -2 -1  2 -1 -2  4  0 -1 -2 -2 -1   17   3   2   4   1   3   7   3   1   3   5  14   1   1  21   5   3   0   1   3  0.29 inf
  364 D   -1 -2  1  4 -2 -1  1  2  0 -2 -1 -1 -1 -2 -1 -1 -1 -2 -2 -2    4   2   8  29   1   2  11  15   2   2   7   2   1   1   2   4   3   0   1   2  0.34 inf
  365 A    5 -2 -2 -2 -2 -1 -1 -1  2 -2 -2 -2 -2  0 -1 -1 -1  0 -1 -1   52   2   2   2   1   2   4   4   5   2   3   2   1   4   2   3   3   1   2   4  0.52 inf
  366 P   -1 -1 -2 -1 -2 -2 -2 -1 -2 -2 -2 -2 -1 -2  6  1 -1 -2 -2 -2    5   4   2   3   1   2   2   6   1   2   4   2   1   2  47   9   3   1   1   3  0.91 inf
  367 I   -1 -1 -1 -1 -1  0 -1 -1 -1  2  1  0  1  0  0 -1  0 -1 -1  2    4   3   3   2   1   3   3   4   1  13  16   9   3   3   4   4   3   1   1  18  0.07 inf
  368 E   -1 -1  1  2 -2  1  5 -2 -1 -2 -2  1 -1 -2 -1 -1 -1 -2 -2 -1    4   2   6  11   1   4  38   3   1   2   3   7   2   1   3   3   3   1   1   5  0.44 inf
  369 P    0 -2 -1 -2 -2 -2 -2 -2 -2 -2 -2 -2 -2 -2  6 -1  3 -2 -2 -2    8   2   2   2   1   2   2   3   1   2   3   2   1   1  36   4  22   1   1   2  0.72 inf
  370 P    2  0 -1 -1 -2  0  0 -1 -1 -1 -1 -1 -1 -1  4  1  0  0  0  0   18   4   2   2   1   5   4   4   1   4   5   3   1   2  20   9   4   2   3   6  0.22 inf
  371 K   -3 -1 -2 -1 -4 -1 -2 -3 -3 -4 -4  7 -3 -3 -3 -3 -3 -4 -3 -3    2   1   1   3   0   2   1   2   0   1   2  75   1   1   1   2   1   0   1   1  1.53 inf
  372 Y   -3 -3 -2 -3 -3 -3 -3 -3  4 -3 -2 -3 -3  6 -2 -3 -3 -1  7 -3    2   1   2   1   0   1   1   2   8   1   2   1   1  34   2   2   1   0  34   2  1.26 inf
  373 M    0 -2 -2 -2 -2 -1 -2 -1 -2 -1  3 -1  6 -1 -2 -2 -1 -2 -2 -1    7   2   2   2   1   2   2   5   1   2  35   3  24   2   2   2   3   0   1   2  0.53 inf
  374 G   -1 -2 -2 -2 -2 -2 -2  6 -2 -2 -2 -2 -2 -2 -2 -1 -2 -2 -2 -2    3   2   2   2   1   2   2  61   1   2   4   3   1   2   2   3   2   1   1   3  0.92 inf
  375 M   -2  1 -1 -2  3 -1 -2 -2  8 -2 -2 -2  4 -1 -2 -2 -2  1 -1 -2    4   6   2   2   6   2   2   3  39   2   4   2  11   3   2   3   2   2   1   2  0.90 inf
  376 G   -2 -3  0 -1 -3 -3 -2  6  0 -3 -3 -3 -3 -3 -3  0 -2 -3 -3 -3    3   1   3   4   0   1   3  62   2   1   2   1   1   1   1   8   2   0   1   2  1.04 inf
  377 R   -1  1 -1  4 -2  0  0 -3 -2  1 -1  2 -1 -2 -2 -1 -2  0 -1  0    4   8   2  25   1   3   5   1   1  11   7  13   1   1   2   3   1   2   2   9  0.24 inf
  378 C   -4 -6 -6 -6 10 -6 -6 -5 -5 -4 -4 -6 -4  6 -6 -5 -3 -4 -3 -1    1   0   0   0  55   0   0   1   0   0   1   0   0  33   0   1   1   0   0   4  2.49 inf
  379 D   -3  0  1  6 -5  1  2 -4 -1 -3 -4 -1 -4 -5 -4 -1  1 -5 -4 -1    0   5   5  42   0   6  13   0   1   1   2   3   0   0   0   5  10   0   0   5  0.77 inf
  380 S   -1 -3  3 -2 -3  2  0 -3 -2  0 -2 -2 -1  0 -2  0  4 -4 -1  1    4   0  14   1   0  11   6   1   1   6   2   1   1   4   2   7  29   0   2   9  0.39 inf
  381 F   -2 -3 -4 -5 -4 -2 -4 -5  3  4  2 -4  0  5 -5 -4 -3 -2  1  1    2   1   0   0   0   2   1   0   8  22  20   0   1  25   0   1   1   0   5  10  0.70 inf
  382 S   -1 -4  4 -4 -5 -1 -4 -4  2 -5 -5 -4 -5 -5 -5  4  5 -6 -5 -5    4   0  20   0   0   3   0   0   5   0   0   0   0   0   0  27  41   0   0   0  1.19 inf
  383 R   -4  6 -4 -5 -7 -2 -3 -6  2 -6 -4  6 -3 -6 -5 -4 -5 -7 -5 -3    1  47   0   0   0   1   0   0   5   0   1  41   1   0   0   1   0   0   0   2  1.67 inf
  384 S   -2 -2 -2 -4 -5  1 -4 -3 -5 -5 -6 -4 -3 -6 -1  7  1 -7 -6 -4    2   2   1   0   0   6   0   1   0   0   0   0   1   0   3  74   8   0   0   1  1.51 inf
  385 S    0  2 -2 -3  0  0 -2 -3 -1  1 -1  2  0 -3 -3  2  0 -4 -2  2    6  12   1   0   2   4   1   1   2  10   5  14   3   0   0  17   6   0   1  14  0.22 inf
  386 R   -1  1  1 -3 -4 -1 -3 -3 -3 -2 -2  0 -1 -4  0  2  5 -5 -4 -1    4   7   8   1   0   3   0   1   0   1   5   6   1   0   4  18  38   0   0   3  0.56 inf
  387 L   -3 -5 -4 -5 -4 -2 -5 -5 -5  2  5 -5  1  3 -5 -3 -2 -4 -2  1    1   0   1   0   0   2   0   1   0   9  57   0   2  14   0   2   2   0   1   8  0.95 inf
  388 G    0  0  1  0 -3 -1  0  3  0 -2 -3  0 -2 -4  3  0 -1 -5 -4 -3    9   4   6   5   1   1   5  28   2   2   3   6   1   0  15   6   4   0   0   1  0.37 inf
  389 I    0  1  0  0 -2  1  1 -1  3  0 -1  0 -1 -2 -3  0  0 -3  0  1    7   8   3   5   1   7   7   5   9   6   6   7   0   1   0   6   5   0   2  15  0.08 inf
  390 P    4 -4 -3 -4 -4 -4 -3 -2 -2 -3 -4 -4 -2  0  6 -1 -3 -5  2 -2   34   0   1   0   0   0   1   2   1   1   1   0   1   4  36   4   1   0   8   3  1.02 inf
  391 T   -3 -5 -4 -5 -2 -5 -5 -6 -6  2  0 -5  0 -1 -2 -2  6 -6 -4  2    1   0   0   0   1   0   0   0   0  13  10   0   2   2   2   2  56   0   0  12  1.13 inf
  392 N    0  2  4  4  0  1 -1 -1  1 -4 -4 -1 -4 -4 -3  1 -1 -3 -2 -4    8  12  20  24   2   5   1   3   3   0   1   2   0   1   1  12   3   0   1   0  0.52 inf
  393 E   -1 -2  2  5 -5 -1  1 -2 -3 -5 -3 -1 -5 -5 -4  3  0 -6 -4 -4    4   2   8  37   0   2  10   2   0   0   3   2   0   0   0  23   5   0   1   1  0.77 inf
  394 F    1  0 -2  0 -2  0  0 -1  0 -1 -1  1 -1  0  2  1 -1  3 -1  0   16   4   1   4   0   3   7   4   2   2   5   9   0   5  10   9   3   4   2  10  0.10 inf
  395 G    1 -1  1  3 -5  1  3  2 -2 -3 -4  1 -4 -5 -3 -1 -1 -5 -4 -2   11   3   5  17   0   5  24  14   1   1   0   8   0   0   1   3   4   0   0   3  0.44 inf
  396 I   -1 -1 -3  2 -4 -1  1 -4 -3  3  0 -3 -1 -3 -4 -2  0 -5 -4  3    4   3   0  15   0   2  12   0   0  20   8   1   1   1   0   1   6   0   0  26  0.43 inf
  397 I   -5 -7 -7 -7 -5 -6 -7 -8 -7  7  3 -6  1 -1 -7 -6 -5 -6 -4  0    0   0   0   0   0   0   0   0   0  67  24   0   3   3   0   0   0   0   0   4  1.76 inf
  398 A    1  0 -1 -2 -2  0 -1  2 -1 -2  0 -2 -1  1 -3  0  1  1  3 -2   16   6   2   1   0   4   4  18   1   2   8   1   1   5   0   6  10   2  12   1  0.19 inf
  399 T    0  2  1  0 -4  2  2 -3 -1 -4 -4  3 -3 -5  1  0  2 -5 -4 -3    9  13   6   3   0   8  11   1   1   0   1  19   0   0   5   8  12   0   0   1  0.38 inf
  400 E    1 -2 -2 -3 -1 -1  4 -4  2  2  0 -2 -1 -3 -3 -1  1 -5 -3  1   12   1   1   0   1   1  32   0   5  13   8   1   1   1   1   2   7   0   0  12  0.41 inf
  401 M    5 -5 -5 -5  2 -4 -4  0 -5  1  0 -4 -1 -5 -4  0 -1 -6 -5  2   49   0   0   0   5   0   0   6   0   6   7   0   2   0   0   5   4   0   0  17  0.78 inf
  402 K   -2  1 -3 -3  2 -1 -1 -3 -1  1  1  3  1 -1 -3 -2 -2  5  1  1    2   8   1   1   5   2   2   1   2   9  14  23   3   1   1   2   2   8   5   9  0.29 inf
  403 S    1  1  2  1 -2  2  1 -1 -1 -2 -2  1 -2 -4 -1  2  0 -4 -3 -2   12   8  10   6   0  10  10   4   1   2   4   8   0   0   2  15   5   0   0   3  0.21 inf
  404 L   -3 -6 -7 -5 -3 -4 -6 -7 -6  3  6 -6  3 -3 -6 -4 -3 -5 -5 -1    1   0   0   1   0   0   0   0   0  14  70   0   7   0   0   1   1   0   0   3  1.41 inf
  405 Y   -4 -4 -6 -5 -1 -5 -6 -7 -2 -1  5 -6  3  4 -6 -5 -4  3  4 -2    1   1   0   1   1   0   0   0   1   3  50   0   7  16   0   1   0   4  14   1  1.13 inf
  406 R   -1  5  1  0 -2  1  2 -2  2 -4 -4  2 -4 -4 -4 -1 -1 -5 -1 -4    6  33   8   5   1   4  11   3   5   0   1  12   0   0   0   4   3   0   2   1  0.56 inf
  407 T    1 -1 -1  0 -3  3  3  0 -1 -2 -3  0  1 -4 -2  2  0 -5 -4 -3   10   2   2   5   0  12  18   7   1   3   1   5   5   1   2  21   5   0   0   0  0.32 inf
  408 L   -1 -4 -3 -4 -2 -3 -2 -5 -3  1  3 -4  4  3 -4 -2 -1 -1  0  2    4   0   1   1   1   1   2   0   0   7  32   0  11  15   0   3   3   1   2  14  0.54 inf
  409 G   -1  0  3  2  0  1  0  1  2 -3 -2  2 -3 -1 -2  1 -2 -4 -1 -3    5   5  17  12   2   6   5  10   5   1   3  12   0   3   1   8   1   0   2   1  0.25 inf
  410 C   -2 -4 -4 -1  3 -3 -2 -4 -3  4  2 -3 -1  3  1 -3 -2 -2  1  1    3   0   0   3   7   1   3   1   0  23  17   1   1  14   9   0   2   0   4  10  0.41 inf
  411 P   -1 -3  1  3 -5 -1  1 -3 -1 -3 -2 -1 -4 -2  5  1  0 -6 -5 -1    3   0   6  16   0   2   7   2   1   1   4   4   0   2  31  11   5   0   0   4  0.61 inf
  412 P    0 -2 -2  0 -2 -1 -1 -2 -1  0 -2 -1 -3 -2  6 -1 -2 -5 -3  1    9   2   2   4   1   3   5   3   2   6   2   3   0   2  38   4   2   0   1  12  0.65 inf
  413 M   -1  1  0 -1 -1  1  2  1  3 -3 -3  3 -2 -4 -2  0  0 -4 -2 -2    4   7   3   3   1   6  12  13   8   1   2  23   1   0   1   7   5   0   1   4  0.29 inf
  414 E   -1  0 -2  5 -5 -1  4 -1 -3 -5 -4 -1 -5 -5  3 -1 -3 -6 -3 -5    4   5   0  29   0   2  28   5   0   0   2   3   0   0  14   4   1   0   1   0  0.79 inf
  415 L   -3 -6 -6 -7 -4 -6 -6 -7 -6  5  4 -6  1 -1 -6 -5 -4 -5 -2  3    1   0   0   0   0   0   0   0   0  28  43   0   3   3   0   0   0   0   1  20  1.16 inf
  416 R   -6  9 -5 -7 -9 -4 -5 -7 -5 -8 -6 -3 -6 -8 -7 -6 -6 -8 -7 -5    0  98   0   0   0   0   0   0   0   0   1   0   0   0   0   0   0   0   0   1  3.07 inf
  417 G   -4 -6 -5 -6 -6 -6 -7  6 -6 -4  4 -6 -4 -5 -7 -5 -5 -6 -6 -5    0   0   0   0   0   0   0  58   0   0  42   0   0   0   0   0   0   0   0   0  1.70 inf
  418 L   -3 -6 -6 -7 -4 -6 -6 -7 -6  6  3 -6  3 -3 -6 -5 -4 -6 -5  3    2   0   0   0   0   0   0   0   0  39  31   0   7   0   0   0   0   0   0  20  1.25 inf
  419 A    0 -6 -5 -5 -6 -6 -6  7 -6 -7 -7 -5 -7 -7 -6  0 -2 -7 -7 -7    7   0   0   0   0   0   0  84   0   0   0   0   0   0   0   6   3   0   0   0  2.11 inf
  420 L   -4 -6 -7 -7 -5 -6 -6 -7 -7  5  3 -6 -2 -3 -6 -6 -4 -6 -5  5    0   0   0   0   0   0   0   0   0  37  22   0   0   1   0   0   0   0   0  39  1.40 inf
  421 Q   -2 -2 -3 -4 -4  6 -3  0  3 -5 -5 -3 -4 -6 -5  3  4 -6 -5 -3    2   2   0   0   0  37   0   6   7   0   1   0   0   0   0  20  23   0   0   1  1.06 inf
  422 F    0 -5 -6 -6  0 -5 -5 -5 -6  3  3 -5  5  1 -5 -4 -3 -5 -4  4    8   0   0   0   2   0   0   0   0  14  25   0  15   5   0   0   0   0   0  30  0.87 inf
  423 N   -2 -3  2 -4 -3  1 -2  0 -1 -5 -4 -3 -4 -3 -4  5  4 -6 -1 -5    1   1  10   0   0   7   2   6   1   0   2   0   0   1   0  40  27   0   2   0  0.87 inf
  424 K   -3  2  4 -2 -6  1 -2  0  0 -6 -5  5 -5 -6 -4  1 -3 -6 -5 -6    0  11  23   2   0   6   1   7   2   0   1  39   0   0   0   8   0   0   0   0  0.95 inf
  425 L   -6 -6 -8 -8 -5 -6 -7 -8 -7 -1  7 -7 -2  2 -6 -7 -5 -5 -5 -3    0   0   0   0   0   0   0   0   0   1  90   0   0   8   0   0   0   0   0   0  1.99 inf
  426 V   -1 -1 -2 -1 -5  1  5 -4 -1 -1 -3  1 -3 -5 -3 -1  1 -5 -4  2    4   3   1   2   0   5  43   1   1   4   1   7   0   0   1   4   8   0   0  16  0.62 inf
  427 D   -2 -4  1  5 -6 -2  3 -4 -4 -6 -6 -2 -5 -6  5  0 -2 -7 -6 -5    2   0   6  37   0   0  17   1   0   0   0   2   0   0  30   5   1   0   0   0  1.18 inf
  428 V   -3 -5 -5 -5 -3 -4 -5 -5 -5  5  2 -4  2 -2 -5 -4 -2 -5 -3  5    0   0   0   0   0   0   0   0   0  31  14   0   4   0   0   0   0   0   0  51  1.01 inf

                      K         Lambda
Standard Ungapped    0.1374     0.3223
Standard Gapped      0.0525     0.2670
PSI Ungapped         0.1726     0.3154
PSI Gapped           0.0525     0.2670
