
Last position-specific scoring matrix computed, weighted observed percentages rounded down, information per position, and relative weight of gapless real matches to pseudocounts
           A  R  N  D  C  Q  E  G  H  I  L  K  M  F  P  S  T  W  Y  V   A   R   N   D   C   Q   E   G   H   I   L   K   M   F   P   S   T   W   Y   V
    1 G    0 -2  0 -1 -2 -2 -2  5 -2 -4 -4 -2 -3 -3 -2  0 -2 -2 -3 -3    0   0   0   0   0   0   0   0   0   0   0   0   0   0   0   0   0   0   0   0  0.00     0.00
    2 I   -1 -3 -3 -3 -1 -3 -3 -4 -4  4  1 -3  1 -1 -3 -2 -1 -3 -1  4    0   0   0   0   0   0   0   0   0  56   0   0   0   0   0   0   0   0   0  44  0.40 inf
    3 V   -4 -6 -6 -6 -4 -6 -6 -7 -7  8 -1 -6 -2 -3 -6 -6 -4 -6 -4  1    0   0   0   0   0   0   0   0   0  95   0   0   0   0   0   0   0   0   0   5  2.15 inf
    4 L   -4 -6 -6 -6 -4 -6 -6 -7 -6  8  1 -6  1 -3 -6 -5 -4 -5 -4  1    0   0   0   0   0   0   0   0   0  85   9   0   2   0   0   0   0   0   0   4  1.79 inf
    5 F   -5 -4 -3 -5 -7 -3 -4 -6 11 -7 -6 -5 -5  0 -6 -5 -6 -6 -2 -7    0   0   0   0   0   0   0   0  97   0   0   0   0   3   0   0   0   0   0   0  3.46 inf
    6 V   -3 -6 -6 -6 -3 -5 -6 -6 -6  6 -1 -5 -2 -3 -5 -5 -3 -5 -4  5    0   0   0   0   0   0   0   0   0  58   2   0   0   0   0   0   0   0   0  39  1.49 inf
    7 D   -5 -5 -2  8 -7 -4 -2 -5 -5 -7 -7 -4 -7 -7 -5 -4 -5 -8 -7 -7    0   0   0 100   0   0   0   0   0   0   0   0   0   0   0   0   0   0   0   0  2.69 inf
    8 F   -5 -5 -6 -7 -5 -4 -6 -7 -5 -3 -1 -5 11  0 -7 -5 -5 -5 -5 -3    0   0   0   0   0   0   0   0   0   0   1   0  96   3   0   0   0   0   0   0  3.19 inf
    9 D   -5 -5 -2  8 -7 -4 -2 -5 -5 -7 -7 -4 -7 -7 -5 -4 -5 -8 -7 -7    0   0   0 100   0   0   0   0   0   0   0   0   0   0   0   0   0   0   0   0  2.72 inf
   10 Y    7 -5 -5 -5 -1 -3 -4 -3 -4 -4 -5 -4 -4 -3 -4 -2 -3 -5  2 -3   91   0   0   0   1   0   0   0   0   0   0   0   0   1   0   1   0   0   7   0  1.68 inf
   11 F   -6 -7 -7 -7 -6 -7 -7 -7 -5 -4 -3 -7 -3  9 -7 -6 -6 -3  0 -4    0   0   0   0   0   0   0   0   0   0   0   0   0  99   0   0   0   0   1   0  2.96 inf
   12 Y   -5 -5 -6 -7 -6 -5 -6 -7 -2 -4 -4 -6 -4  7 -7 -5 -5 -1  8 -4    0   0   0   0   0   0   0   0   0   0   0   0   0  40   0   0   0   0  60   0  2.40 inf
   13 A    7 -5 -5 -5 -4 -4 -4 -3 -5 -5 -5 -4 -4 -6 -4 -2 -3 -6 -5 -3  100   0   0   0   0   0   0   0   0   0   0   0   0   0   0   0   0   0   0   0  2.00 inf
   14 Q    1 -4 -3 -3 -4  2 -3 -3 -4 -5 -5 -3 -4 -6 -4  7 -2 -6 -5 -5   10   0   0   0   0   9   0   0   0   0   0   0   0   0   0  81   0   0   0   0  1.53 inf
   15 V   -3 -6 -6 -6 -4 -5 -6 -6 -6  2 -2 -6 -2 -4 -6 -5 -3 -6 -4  7    0   0   0   0   0   0   0   0   0   9   0   0   0   0   0   0   0   0   0  91  1.90 inf
   16 E   -3 -4 -4 -2 -7 -1  8 -6 -4 -7 -6 -2 -6 -7 -5 -4 -4 -6 -6 -6    1   0   0   0   0   0  98   0   0   0   0   0   0   0   0   0   0   0   0   0  2.35 inf
   17 E   -4 -2 -3 -3 -6  8  2 -5 -3 -3 -5 -2  1 -6 -5 -3 -4 -5 -5 -2    0   0   0   0   0  80  11   0   0   2   0   0   4   0   0   0   0   0   0   3  1.97 inf
   18 V   -4  8 -4 -5 -6 -2 -3 -6  1 -4 -1 -1  2 -5 -5 -4 -4 -6 -4 -2    0  80   0   0   0   0   0   0   4   0   7   0   5   0   0   0   0   0   0   3  1.76 inf
   19 L   -5 -5 -2  8 -7 -4 -1 -5 -5 -6 -3 -4 -6 -7 -5 -4 -4 -8 -6 -6    0   0   0  95   0   0   1   0   0   0   3   0   0   0   0   0   0   0   0   0  2.45 inf
   20 N   -4 -1  7  3 -6 -2 -3 -4  5 -6 -5 -3 -5  2 -5 -2 -3 -5 -2 -5    0   3  57  15   0   1   0   0  13   0   0   1   0   9   0   0   0   0   1   0  1.37 inf
   21 P   -4 -4 -6 -5 -7 -4 -4 -5 -5 -7 -7 -2 -6 -7  9 -4 -5 -7 -7 -6    1   1   0   0   0   0   0   0   0   0   0   2   0   0  96   0   0   0   0   0  3.03 inf
   22 S    0 -2 -1  2 -5  0  5 -3 -1 -5 -5  2 -4 -5 -3  2 -1 -3 -4 -4    8   1   2   9   0   3  47   1   1   0   0  11   0   0   0  15   2   0   0   0  0.76 inf
   23 L   -4 -5 -6 -7 -4 -5 -6 -7 -4 -1  6 -5 -1  0 -6 -5 -4 -1  4 -2    0   0   0   0   0   0   0   0   0   0  84   0   0   2   0   0   0   1  14   0  1.50 inf
   24 K   -3  7 -3 -4 -5  0 -3 -4 -3 -3 -3  4 -3 -6 -5 -3 -4 -3 -5 -4    1  61   0   0   0   2   0   0   0   1   2  29   0   0   0   0   0   0   0   1  1.50 inf
   25 G   -3 -5 -1 -4 -6 -3 -5  7 -5 -7 -7 -4 -6 -6 -5 -3 -5 -6 -6 -6    0   0   2   0   0   1   0  96   0   0   0   1   0   0   0   0   0   0   0   0  2.27 inf
   26 K   -4  3 -3 -4 -6 -1 -2 -5 -1 -4 -2  7 -4 -6 -4 -3 -4 -6 -4 -4    0  11   0   0   0   1   0   0   1   1   4  80   0   0   0   0   0   0   0   1  1.63 inf
   27 P    0 -6 -6 -5 -3 -5 -5 -6 -6 -6 -6 -5 -6 -7  9 -4 -5 -7 -7 -6    6   0   0   0   1   0   0   0   0   0   0   0   0   0  93   0   0   0   0   0  2.93 inf
   28 V   -3 -5 -6 -6 -3 -5 -5 -6 -6  4  3 -5 -1 -3 -5 -4 -3 -5 -4  5    0   0   0   0   0   0   0   0   0  22  24   0   0   0   0   0   0   0   0  54  1.16 inf
   29 V    5 -5 -5 -5 -3 -4 -4 -3 -5  4 -2 -4 -2 -4 -4 -2 -3 -5 -4  2   55   0   0   0   0   0   0   1   0  28   0   0   0   0   0   0   0   0   0  17  1.03 inf
   30 V   -3 -6 -6 -6 -4 -5 -6 -6 -6  3 -2 -5 -2 -4 -6 -5 -3 -6 -4  7    0   0   0   0   0   0   0   0   0  13   0   0   0   0   0   0   0   0   0  87  1.82 inf
   31 C    0 -1  0  0  1  0  0  3 -1 -1 -1  0 -1 -1  0  0  0 -1 -1 -1    9   4   3   4   5   3   5  26   2   4   7   4   2   3   4   5   4   1   2   5  0.11 inf
   32 V    0  0  0  0 -1  0  0  1  0 -1 -1  0  0  0  0  0  0  0  0  0    8   7   3   4   1   3   5  14   2   4   7   5   2   4   4   9   4   1   4   8  0.03 inf
   33 F    0  0  0  2 -1  0  0  0  1 -1  0  0  0  0  0  0  0 -1  0  0    8   4   4  15   1   3   5   9   4   4   9   4   2   6   4   5   4   1   2   6  0.03 inf
   34 S    0 -1 -1 -1 -2 -1 -1  4 -1 -2 -2 -1 -2 -2  3  0 -1 -2 -2 -2    6   3   2   3   1   2   3  37   1   2   4   3   1   2  14   8   3   1   2   3  0.38 inf
   35 G   -1  1 -3 -3 -5 -3 -4  7 -4 -5 -5 -2 -4 -5 -2 -2 -3 -5 -5 -5    3   9   0   1   0   0   1  77   0   0   1   2   0   0   2   2   1   0   0   0  1.48 inf
   36 R   -1  2 -1  0 -4  0 -1  4  2 -4 -3  1 -3 -3  0  0 -2 -3  0 -4    2  15   2   7   0   4   2  33   6   0   3  10   0   0   4   7   0   0   3   0  0.41 inf
   37 F    1 -3  0 -1 -2 -2 -1  1 -2 -2 -3 -2 -3 -1  4  3  1 -4 -3 -2   13   1   3   3   0   0   2  13   0   2   1   0   0   3  23  24  10   0   0   1  0.47 inf
   38 E    0  1  2  1 -3  0  2  2 -1 -3 -3  0 -2 -4 -2  2 -1 -4 -3  0    7  10  10   6   0   2  20  16   1   1   1   2   0   0   0  16   2   0   0   7  0.27 inf
   39 D    1  0  0  0 -2  1  2  3  0 -2 -3  0 -2 -4  0  1 -1 -4 -3  0   10   3   2   5   0   5  16  22   3   1   2   7   1   0   4  11   0   0   0   8  0.23 inf
   40 S   -3  8 -3 -4 -5 -2 -3 -5 -3 -5 -5 -1 -4 -5 -5 -1 -4 -5 -4 -5    1  90   0   0   0   0   0   0   0   0   1   1   0   0   0   4   0   0   0   0  2.11 inf
   41 G   -2 -5 -3 -4 -5 -4 -4  7 -4 -6 -6 -4 -5 -5 -4 -1 -4 -5 -5 -5    1   0   0   0   0   0   0  91   0   0   1   0   0   0   0   3   0   0   0   0  2.02 inf
   42 A   -1 -5 -5 -5 -3 -4 -5 -5 -5  0 -2 -4 -2 -3 -4 -4 -3 -5 -4  7    4   0   0   0   0   0   0   0   0   1   1   0   0   0   0   0   0   0   0  89  1.65 inf
   43 V   -3 -5 -5 -5 -3 -4 -5 -5 -5  0 -1 -5 -2 -3 -5 -4 -3 -5 -4  7    1   0   0   0   0   0   0   0   0   2   2   0   0   0   0   0   0   0   0  91  1.72 inf
   44 A    6 -4 -3 -4  1 -3 -3 -3 -4 -4 -4 -3 -4 -5 -4  4  0 -5 -4 -3   64   0   0   0   3   0   0   0   0   0   0   0   0   0   0  29   3   0   0   0  1.21 inf
   45 T    5 -4 -4 -4 -3 -4 -4 -3 -5 -4 -4 -4 -4 -5 -4 -1  5 -5 -5 -3   54   0   0   0   0   0   0   0   0   0   0   0   0   0   0   0  45   0   0   0  1.37 inf
   46 A    6 -5 -5 -5  7 -4 -4 -3 -5 -4 -5 -4 -4 -5 -4 -2 -3 -6 -5 -3   79   0   0   0  20   0   0   0   0   0   0   0   0   0   0   1   0   0   0   0  1.76 inf
   47 N   -2 -4  2 -3 -4 -3 -3 -4 -4 -6 -6 -3 -5 -6 -4  7 -2 -6 -5 -5    0   0  11   0   0   0   0   0   0   0   0   0   0   0   0  89   0   0   0   0  1.82 inf
   48 Y   -6 -6 -6 -7 -6 -5 -6 -7 -2 -5 -5 -6 -5 -1 -7 -6 -6 -1 10 -5    0   0   0   0   0   0   0   0   0   0   0   0   0   0   0   0   0   0 100   0  3.30 inf
   49 E   -4 -4 -4 -2 -7 -1  8 -6 -4 -7 -6 -2 -6 -7 -5 -4 -4 -6 -6 -5    0   0   0   0   0   0  98   0   0   0   0   1   0   0   0   0   0   0   0   0  2.34 inf
   50 A    7 -5 -5 -5 -4 -4 -4 -3 -5 -3 -5 -4 -4 -6 -4 -2 -3 -6 -5 -3   99   0   0   0   0   0   0   0   0   1   0   0   0   0   0   0   0   0   0   0  1.95 inf
   51 R   -5  8 -4 -5 -7 -2 -4 -6 -4 -7 -6 -1 -5 -6 -6 -4 -5 -6 -5 -6    0 100   0   0   0   0   0   0   0   0   0   0   0   0   0   0   0   0   0   0  2.68 inf
   52 K    0  3 -3 -3 -5  1 -1 -4 -3 -4 -4  6 -4 -5 -1 -2 -2 -5 -4 -1    9  14   0   0   0   4   2   0   0   1   0  60   0   0   2   0   2   0   0   5  1.01 inf
   53 F   -5 -6 -6 -7 -6 -6 -6 -6 -2 -4 -3 -6 -3  8 -7 -5 -5  0  7 -4    0   0   0   0   0   0   0   0   0   0   0   0   0  66   0   0   0   0  33   0  2.33 inf
   54 G   -3 -6 -4 -5 -6 -5 -6  7 -5 -7 -7 -5 -6 -7 -6 -4 -5 -6 -7 -7    0   0   0   0   0   0   0 100   0   0   0   0   0   0   0   0   0   0   0   0  2.48 inf
   55 V   -3 -6 -6 -6 -4 -5 -6 -6 -6  4 -2 -5 -2 -4 -5 -5 -3 -6 -4  7    0   0   0   0   0   0   0   0   0  24   0   0   0   0   0   0   0   0   0  76  1.66 inf
   56 K   -5  6 -3 -4 -6 -2 -3 -5  8 -6 -6  1 -5 -4 -5 -4 -4 -6 -1 -6    0  45   0   0   0   0   0   0  45   0   0   8   0   0   0   0   0   0   1   0  1.93 inf
   57 A   -1 -4 -3 -4 -4 -3 -4 -4 -4 -6 -6 -4 -5 -6 -4  7 -2 -6 -5 -5    3   0   0   0   0   0   0   0   0   0   0   0   0   0   0  97   0   0   0   0  2.02 inf
   58 G    7 -5 -5 -5 -4 -4 -4 -1 -5 -5 -5 -4 -4 -6 -4 -2 -3 -6 -5 -3   97   0   0   0   0   0   0   3   0   0   0   0   0   0   0   0   0   0   0   0  1.89 inf
   59 I   -5 -5 -6 -7 -5 -2 -6 -7 -5  1 -1 -5 11 -4 -6 -5 -4 -5 -5 -3    0   0   0   0   0   1   0   0   0   6   2   0  90   0   0   0   0   0   0   0  2.89 inf
   60 P    0 -5 -3 -4 -5 -4 -4 -4 -5 -6 -6 -4 -5 -6  7  4 -2 -6 -5 -5    7   0   0   0   0   0   0   0   0   0   0   0   0   0  59  33   0   0   0   0  1.81 inf
   61 I    0 -4 -2 -3  3 -3 -3  1 -4  0 -3 -3  3 -4 -4  5 -1 -5 -4 -1    5   0   0   0   7   0   0  12   0   6   0   0   9   0   0  54   2   0   0   3  0.78 inf
   62 V    1  0 -2 -3 -2  1 -2 -3 -3  0 -2  2  0 -1 -3  1  0 -2  0  3   15   5   0   0   0   6   0   1   0   2   2  16   2   3   0  13   3   0   4  27  0.24 inf
   63 E   -2  2 -2 -2 -4  3  2 -4 -1  0  0  2  2 -3 -3 -1  3 -4 -3 -1    1  11   0   0   0  14  13   0   1   6   8  13   7   0   0   1  22   0   0   4  0.36 inf
   64 A    7 -5 -5 -5 -4 -4 -4 -3 -5 -5 -5 -4 -4 -6 -4 -2 -3 -6 -5 -3  100   0   0   0   0   0   0   0   0   0   0   0   0   0   0   0   0   0   0   0  2.02 inf
   65 K    0  2 -3 -3 -4  0 -2 -4  2 -1  0  4 -1 -1 -4 -2 -2 -3  4 -1   10  12   0   0   0   4   0   0   6   3   9  31   1   1   0   0   0   0  18   3  0.48 inf
   66 K   -2  6 -2 -3 -6  3  2 -4 -3 -4 -4  3 -3 -5 -4 -2 -2 -5 -4 -4    2  49   0   0   0  12  12   0   0   1   1  21   0   0   0   1   1   0   0   1  1.09 inf
   67 I   -3  4 -2 -4 -4 -1 -3 -5 -4  0  4  3  0 -3 -4 -3 -3 -4 -3 -2    0  21   2   0   0   2   0   0   0   3  48  21   1   0   0   0   0   0   1   0  0.73 inf
   68 L   -3 -7 -7 -7 11 -7 -8 -6 -7 -5 -2 -7 -5 -6 -7 -5 -5 -6 -6 -4    2   0   0   0  95   0   0   0   0   0   3   0   0   0   0   0   0   0   0   0  3.71 inf
   69 P   -4 -6 -6 -5 -7 -4 -5 -6 -6 -7 -6 -3 -6 -7  9 -4 -5 -7 -7 -6    0   0   0   0   0   0   0   0   0   0   0   1   0   0  98   0   0   0   0   0  3.15 inf
   70 N   -3 -2  3  4 -5  4  2 -2  5 -5 -5 -1 -4 -3 -4 -1 -2 -5 -2 -5    1   1  12  24   0  23  15   3  15   0   0   1   0   1   0   2   1   0   1   0  0.81 inf
   71 A    3 -4 -5 -5 -3 -4 -4  2 -5  0  4 -4 -1 -3 -4 -3 -3 -4 -4 -2   28   0   0   0   0   0   0  14   0   3  54   0   0   0   0   0   0   0   0   1  0.79 inf
   72 V   -3 -5 -5 -6 -4 -5 -6 -6 -3  7  0 -5 -1 -2 -5 -5 -2 -5  1  3    0   0   0   0   0   0   0   0   1  68   6   0   0   0   0   0   1   0   5  18  1.35 inf
   73 Y   -5 -6 -6 -7 -6 -6 -6 -7 -4 -1 -3 -6 -3  9 -7 -6 -5 -2  4 -3    0   0   0   0   0   0   0   0   0   3   0   0   0  84   0   0   0   0  11   1  2.38 inf
   74 L   -3 -4 -6 -6 -3 -5 -5 -6 -6  3  1 -3 -1 -3 -5 -4 -2 -5 -4  6    1   0   0   0   0   0   0   0   0  13   9   1   1   0   0   0   1   0   0  74  1.34 inf
   75 P   -2  3 -3 -3 -5 -1 -1 -4  0 -5 -4  3 -3 -3  5  1 -1 -5 -2 -4    1  17   0   0   0   1   2   0   3   0   1  24   1   1  35  10   3   0   1   0  0.90 inf
   76 M   -1 -5 -3 -4 -2 -4 -4  3  0 -5 -5 -4  0 -6  7 -1 -2 -6 -5 -1    4   0   1   0   1   0   0  21   3   0   0   0   3   0  57   5   2   0   0   5  1.44 inf
   77 R   -5  8  3 -1 -7 -2 -3 -5  1 -6 -6 -1 -5 -6 -5 -3 -4 -6 -5 -6    0  79  14   4   0   0   0   0   3   0   0   0   0   0   0   0   0   0   0   0  1.89 inf
   78 K   -5 -3 -5 -6 -5 -5 -5 -4  3 -2 -2 -2  4  8 -5 -4 -5 -2  3 -4    0   1   0   0   0   0   0   1   7   1   0   3  10  66   0   0   0   0   9   0  1.66 inf
   79 E   -1 -2 -1  5 -6  1  5 -3 -1 -5 -5 -1 -5 -6 -3 -1 -2 -6 -4 -5    6   1   1  36   0   4  42   1   1   0   0   3   0   0   0   2   1   0   0   0  1.05 inf
   80 V    1  3 -4 -4 -4 -3 -3 -4  1 -1 -2  2 -2 -4 -4 -3 -2 -5 -3  5   11  21   0   0   0   0   0   0   3   1   2  14   0   0   0   0   0   0   0  48  0.72 inf
   81 Y   -6 -6 -6 -7 -6 -5 -6 -7 -2 -5 -5 -6 -5 -1 -7 -6 -6 -1 10 -5    0   0   0   0   0   0   0   0   0   0   0   0   0   0   0   0   0   0 100   0  3.30 inf
   82 Q   -3  5 -3 -4 -6  2 -1 -4 -2 -5 -5  5 -4 -6 -4 -1 -2 -5 -4 -3    0  39   0   0   0   9   1   0   1   0   0  44   0   0   0   3   1   0   0   2  1.24 inf
   83 Q    3 -2 -2 -1 -5  2  5 -3 -3 -5 -5  0 -4 -5 -3  1 -1 -5 -4 -4   24   1   0   2   0  10  49   0   0   0   0   3   0   0   0   8   3   0   0   0  0.90 inf
   84 V    0 -5 -6 -5 -3 -5 -5 -6 -6  4 -1 -5 -1 -3 -5 -4 -2 -6 -4  6    6   0   0   0   0   0   0   0   0  21   1   0   0   0   0   0   1   0   0  70  1.37 inf
   85 S   -2 -4 -3 -4 -4 -3 -4  0 -4 -6 -6 -4 -5 -6 -4  7 -2 -6 -5 -5    0   0   0   0   0   0   0   7   0   0   0   0   0   0   0  93   0   0   0   0  1.87 inf
   86 S    1  3  1 -1 -3  3  1 -2  0 -2 -1  1  0 -3 -3  0 -1 -2 -1 -2   14  16   7   2   0  19   7   2   2   1   5   9   4   0   0   7   2   1   2   0  0.27 inf
   87 R   -2  1 -1 -3 -6  7  1 -4 -1 -3 -4  1 -3 -6 -4 -2 -2 -5 -4 -5    3   7   2   0   0  67   7   0   1   2   1   8   0   0   0   1   1   0   0   0  1.43 inf
   88 I   -4 -6 -6 -6 -4 -6 -6 -7 -6  8 -1 -6 -2 -3 -6 -5 -4 -6 -4  2    0   0   0   0   0   0   0   0   0  88   1   0   0   0   0   0   0   0   0  11  1.99 inf
   89 M   -4  7 -3 -5 -6  0 -3 -5  6 -5 -4 -1  4  1 -5 -4 -4 -5 -3 -5    0  61   0   0   0   3   0   0  18   0   0   0  13   5   0   0   0   0   0   0  1.56 inf
   90 N    2 -1  1  2 -3  1  4 -1 -2 -4 -4  1 -3 -5 -3  0 -1 -5 -4 -4   23   2   7  12   0   4  34   3   0   1   0   7   0   0   0   4   2   0   0   0  0.54 inf
   91 L   -4 -6 -6 -6 -4 -6 -6 -7 -7  8  0 -6 -2 -3 -6 -6 -4 -6 -4  1    0   0   0   0   0   0   0   0   0  91   4   0   0   0   0   0   0   0   0   5  2.04 inf
   92 L   -6 -6 -7 -7 -6 -7 -7 -7 -5 -3  0 -7 -1  9 -7 -6 -5 -2  0 -4    0   0   0   0   0   0   0   0   0   0   7   0   1  92   0   0   0   0   0   0  2.59 inf
   93 R    2  2 -1 -3 -3 -1 -1 -3  5 -3  0  2 -2  1 -3  0 -2  0  3 -3   19  11   2   0   0   2   2   1  18   0  11  12   0   5   0   4   0   1  10   0  0.35 inf
   94 E   -3  4 -2  3 -3  1  5 -4 -1 -5 -5 -1 -4 -5 -4  0 -2 -5 -4 -5    0  28   0  15   1   4  40   0   1   0   0   1   0   0   0   8   2   0   0   0  0.92 inf
   95 Y   -5 -5 -5 -7 -6 -5 -5 -7  3 -1 -4 -5 -4  2 -6 -5 -5 -1  9 -3    0   0   0   0   0   0   0   0   5   3   0   0   0   5   0   0   0   0  85   2  2.55 inf
   96 S   -2 -5 -3 -4 -2 -4 -4 -5 -5 -4 -5 -4 -4 -6 -4  0  8 -6 -5 -3    2   0   0   0   1   0   0   0   0   0   0   0   0   0   0   5  93   0   0   0  2.08 inf
   97 E   -2 -4 -1  7 -6 -3  1 -4 -2 -6 -5 -3 -5 -6  4 -2 -3 -7 -6 -6    2   0   1  63   0   0   9   0   1   0   1   0   0   0  20   2   1   0   0   0  1.51 inf
   98 K   -3 -2 -4 -5 -2 -2 -3 -5 -2  3  5  0  1 -1 -5 -4 -3 -4 -3  0    1   2   0   0   1   2   1   0   1  17  61   6   3   1   0   0   0   0   0   4  0.79 inf
   99 I   -3 -6 -6 -6 -4 -5 -6 -6 -6  6 -1 -5 -2 -1 -5 -5 -3 -5 -4  6    0   0   0   0   0   0   0   0   0  42   0   0   0   2   0   0   0   0   0  56  1.49 inf
  100 E   -4 -3 -4 -2 -7  2  8 -6 -3 -7 -6 -2 -5 -7 -5 -3 -4 -6 -5 -6    0   0   0   0   0   6  94   0   0   0   0   0   0   0   0   0   0   0   0   0  2.23 inf
  101 I   -4 -6 -6 -5 -6 -4 -5 -6 -6 -2 -6 -5  1 -7  9 -4 -4 -7 -6 -5    0   0   0   0   0   0   0   0   0   3   0   0   3   0  93   0   0   0   0   0  2.90 inf
  102 A   -2 -5 -6 -6 -4 -4 -5 -6 -5  1  6 -5  4 -2 -5 -5 -3 -4 -4  1    3   0   0   0   0   0   0   0   0   5  74   0   9   0   0   0   0   0   0   9  1.21 inf
  103 S   -1 -4 -3 -4 -4 -3 -4 -4 -4 -6 -6 -4 -5 -6 -4  7 -2 -6 -5 -5    4   0   0   0   0   0   0   0   0   0   0   0   0   0   0  96   0   0   0   0  2.00 inf
  104 I   -4 -5 -6 -6 -4 -5 -6 -7 -6  4  6 -5 -1 -2 -6 -5 -4 -5 -4 -1    0   0   0   0   0   0   0   0   0  22  78   0   0   0   0   0   0   0   0   0  1.45 inf
  105 D   -5 -5 -2  8 -7 -4 -2 -5 -5 -7 -7 -4 -7 -7 -5 -4 -5 -8 -7 -7    0   0   0 100   0   0   0   0   0   0   0   0   0   0   0   0   0   0   0   0  2.72 inf
  106 E   -4 -4 -4 -2 -7 -1  8 -6 -4 -7 -7 -3 -6 -7 -5 -4 -4 -7 -6 -6    0   0   0   0   0   0 100   0   0   0   0   0   0   0   0   0   0   0   0   0  2.43 inf
  107 A    7 -5 -5 -5 -4 -4 -4 -1 -5 -5 -5 -4 -4 -6 -4 -2 -3 -6 -5 -3   97   0   0   0   0   0   0   3   0   0   0   0   0   0   0   0   0   0   0   0  1.90 inf
  108 Y   -5 -5 -6 -7 -6 -5 -6 -7 -2 -4 -4 -6 -4  5 -7 -5 -5 -1  9 -5    0   0   0   0   0   0   0   0   0   0   0   0   0  24   0   0   0   0  75   0  2.57 inf
  109 L   -5 -5 -7 -7 -4 -5 -6 -7 -6 -1  7 -6 -1 -3 -6 -6 -4 -5 -4 -2    0   0   0   0   0   0   0   0   0   0  99   0   0   0   0   0   0   0   0   1  1.88 inf
  110 D   -5 -5 -2  8 -7 -4 -2 -5 -5 -7 -7 -4 -7 -7 -5 -4 -5 -8 -5 -7    0   0   0 100   0   0   0   0   0   0   0   0   0   0   0   0   0   0   0   0  2.70 inf
  111 I   -3 -6 -6 -6 -4 -5 -6 -6 -6  3 -1 -5 -2 -4 -5 -5 -3 -6 -4  7    0   0   0   0   0   0   0   0   0  11   3   0   0   0   0   0   0   0   0  86  1.72 inf
  112 S   -3 -4 -3 -4 -4 -4 -4 -5 -5 -4 -5 -4 -4 -6 -4  1  8 -6 -5 -3    0   0   0   0   0   0   0   0   0   0   0   0   0   0   0  10  90   0   0   0  2.03 inf
  113 D   -1 -2  0  2 -4  1  5 -2  4 -3 -4 -1 -3 -1 -3 -1 -1 -4 -1 -1    5   1   4  12   0   6  41   2  12   1   0   2   0   3   0   2   3   0   2   4  0.59 inf
  114 K   -3 -3  7  1 -1 -2 -3 -3 -1 -2 -1 -1 -4 -5 -1  0 -2 -6 -3 -3    1   0  64   8   2   0   0   1   1   3   6   3   0   0   3   5   2   0   1   1  1.14 inf
  115 V   -2  1 -2 -1 -4 -1 -1 -3  0 -3  1  6 -2 -3 -2 -2 -1 -5 -4  1    1   5   1   3   0   0   1   1   3   0  16  54   0   0   1   1   2   0   0  10  0.68 inf
  116 R   -1  3 -2 -2 -4  1 -1 -3 -1 -1  0  4  0 -1  0 -1 -2 -4 -2 -1    3  17   1   1   0   7   1   1   1   4  13  33   2   2   4   3   1   0   1   3  0.36 inf
  117 D   -1 -2  3  1 -2 -1 -1  5 -1 -5 -3 -2 -4 -3  1 -2 -3 -4 -2 -4    2   2  16   7   1   2   3  50   2   0   3   1   0   1   7   1   1   0   1   0  0.74 inf
  118 Y   -2 -2  1  0 -1 -2 -2 -2 -1  4  1 -2  3  0 -2 -2 -2 -2  1  0    1   2   9   6   1   1   1   2   1  37   9   1  11   4   1   2   0   0   6   2  0.34 inf
  119 R    0  0 -1 -1 -4 -1  1  2 -2 -3 -1  1 -2 -3  5  0 -1 -4 -3 -3    6   6   2   2   0   1  12  17   0   0   7  12   0   0  27   4   2   0   0   1  0.47 inf
  120 E   -1 -3 -2 -2 -3 -2  0 -3 -3  0  0 -2 -1  0  0  5  1 -4  0 -3    1   0   0   2   0   0   5   1   0   5  12   0   1   3   4  55   6   0   4   0  0.58 inf
  121 A    7 -5 -5 -5 -4 -4 -4 -2 -5 -5 -5 -4 -4 -5  0 -1 -3 -6 -5 -3   93   0   0   0   0   0   0   2   0   0   0   0   0   0   4   1   0   0   0   0  1.74 inf
  122 Y   -2 -2 -1 -3 -3 -2 -1 -4 -4  1 -2 -2 -1 -3 -3  1  5  0  0  2    1   2   2   0   0   1   3   0   0   8   2   1   1   0   1  12  45   1   3  19  0.60 inf
  123 N    0  1  0  3 -3  1  2 -3 -1 -1  1  2 -1 -3 -3 -1  0 -2 -1 -2    7   6   3  18   0   5  14   0   1   2  19  13   1   0   0   1   7   1   2   1  0.20 inf
  124 L   -3 -6 -5 -6 -4 -5 -6 -6 -6  7  1 -5  0 -3 -6 -5 -1 -5 -4  2    1   0   0   0   0   0   0   0   0  78   7   0   1   0   0   0   3   0   0   9  1.57 inf
  125 G    7 -5 -5 -5 -4 -4 -4 -1 -5 -5 -5 -4 -4 -6 -4 -2 -3 -6 -5 -3   96   0   0   0   0   0   0   3   0   0   0   0   0   0   0   0   0   0   0   1  1.86 inf
  126 L   -2  3 -1 -2 -4  3  2 -4 -2 -3  0  4 -2 -4 -3 -1 -2 -3 -2 -3    2  19   2   1   0  15  11   0   0   0  11  32   1   0   0   3   2   0   1   1  0.57 inf
  127 E    0  0 -2  0 -3  2  5 -4 -1 -3  0 -1  0 -1 -3 -2 -2 -1  1 -3    8   4   1   4   1   7  48   0   1   1  11   2   3   2   0   1   1   1   5   0  0.58 inf
  128 I   -5 -6 -7 -7 -5 -6 -7 -7 -7  8 -1 -6 -2 -3 -6 -6 -4 -6 -5  0    0   0   0   0   0   0   0   0   0  98   1   0   0   0   0   0   0   0   0   1  2.31 inf
  129 K   -4  6 -3 -4 -6  3 -2 -5 -3 -6 -4  5 -4 -6 -4 -3 -4 -6 -5 -5    0  52   0   0   0  12   0   0   0   0   1  35   0   0   0   0   0   0   0   0  1.52 inf
  130 N    2  3  0 -1 -4  4  1 -2  1 -4 -3  2 -2 -4 -3 -1 -1 -4  0 -3   23  15   5   3   0  21   8   1   4   0   2  11   0   0   0   2   2   0   3   0  0.41 inf
  131 K   -1  5 -2  3 -3  0  1 -4 -2 -5 -3  3 -3 -4 -4 -2 -2 -5 -4 -4    6  34   1  21   1   1   9   0   0   0   2  22   0   0   0   1   2   0   0   0  0.77 inf
  132 I   -5 -6 -7 -7 -4 -6 -7 -7 -7  8 -2 -6 -2 -3 -6 -6 -4 -6 -5  1    0   0   0   0   0   0   0   0   0  95   0   0   0   0   0   0   0   0   0   5  2.20 inf
  133 L   -3  4 -3 -4 -5 -1 -3 -4  1 -3  1  3 -2  3 -4 -3 -3  6  3 -3    1  21   0   0   0   2   0   0   3   0  14  22   0  14   0   0   0  12   9   1  0.71 inf
  134 E    1  1  1  2 -4  3  4 -3 -1 -4 -4  1 -2 -5 -3 -1 -1 -5 -4 -4   13   6   7   9   0  13  36   1   1   0   1   8   1   0   0   2   2   0   0   0  0.58 inf
  135 K   -1  1 -2 -1 -5  2  6 -4 -2 -4 -4  2 -4 -5 -4 -2  0 -5 -4 -1    5   8   0   1   0   8  53   0   0   0   0  10   0   0   0   0   7   0   0   5  0.85 inf
  136 E   -3 -4 -3 -4 -4 -4 -1 -5 -5  0  2 -4 -2 -3 -4 -2  6 -5 -4  1    0   0   0   0   0   0   4   0   0   3  23   0   0   0   0   0  60   0   0   8  1.05 inf
  137 K   -2  0  1 -2 -3  2 -1  5  4 -6 -5  0 -4 -5 -4 -2 -3 -5 -4 -5    1   4   7   1   0  12   3  53  12   0   0   5   0   0   0   2   0   0   0   0  0.97 inf
  138 I   -4 -5 -7 -7 -4 -5 -6 -7 -6  0  6 -6 -1 -2 -6 -6 -4 -5 -4 -2    0   0   0   0   0   0   0   0   0   4  96   0   0   0   0   0   0   0   0   0  1.78 inf
  139 T   -3 -2  2 -4 -3 -4 -4 -5 -3 -1 -4 -3 -3 -5 -4 -1  7 -6 -4 -1    0   2  10   0   0   0   0   0   0   3   0   0   0   0   0   1  79   0   0   4  1.54 inf
  140 V    6 -4 -4 -5  4 -4 -4 -3 -5 -2 -3 -4 -4 -5 -4  0 -3 -5 -5 -1   81   0   0   0   7   0   0   0   0   2   1   0   0   0   0   4   0   0   0   4  1.39 inf
  141 T   -2 -4 -3 -4 -4 -3 -4 -4 -4 -6 -6 -4 -5 -6 -4  7  0 -6 -5 -5    0   0   0   0   0   0   0   0   0   0   0   0   0   0   0  97   3   0   0   0  2.02 inf
  142 V    7 -5 -5 -5 -3 -4 -4 -3 -5 -2 -4 -4 -2 -5 -4 -2 -3 -6 -5  0   91   0   0   0   0   0   0   0   0   1   0   0   1   0   0   0   0   0   0   7  1.65 inf
  143 G   -3 -6 -4 -5 -6 -5 -6  7 -5 -7 -7 -5 -6 -7 -6 -4 -5 -6 -7 -7    0   0   0   0   0   0   0 100   0   0   0   0   0   0   0   0   0   0   0   0  2.48 inf
  144 I   -3 -6 -6 -6 -4 -5 -6 -6 -6  5 -1 -5 -2 -3 -5 -5 -3 -6 -4  6    0   0   0   0   0   0   0   0   0  37   1   0   0   0   0   0   0   0   0  62  1.52 inf
  145 S    0 -4 -3 -4 -4 -3 -3 -2 -4 -6 -6 -4 -5 -6 -4  7 -2 -6 -5 -5    4   0   0   0   0   0   0   2   0   0   0   0   0   0   0  94   0   0   0   0  1.90 inf
  146 K   -4 -5 -2 -6  0 -4 -5 -6 -2  2 -3 -2 -3  2 -3 -4 -4 -1  8  0    0   0   2   0   2   0   0   0   0  12   0   3   0   6   1   1   0   0  66   6  1.67 inf
  147 N   -5 -4  9 -2 -1 -3 -4 -4 -3 -7 -7 -4 -6 -7 -6 -1 -3 -7 -6 -6    0   0  95   0   2   0   0   0   0   0   0   0   0   0   0   2   0   0   0   0  2.56 inf
  148 K   -4  0 -4 -4 -7 -2 -3 -5 -4 -6 -6  8 -3 -7 -4 -4 -4 -7 -5 -6    0   1   0   0   0   0   0   0   0   0   0  98   0   0   0   0   0   0   0   0  2.31 inf
  149 V   -6 -6 -6 -7 -6 -7 -7 -7 -5 -3 -1 -6  0  9 -7 -6 -5 -2  0 -2    0   0   0   0   0   0   0   0   0   0   3   0   2  91   0   0   0   0   1   3  2.54 inf
  150 F   -3 -5 -6 -6 -4 -5 -5 -6 -5  3  6 -5 -1  0 -5 -5 -3 -4 -3  1    1   0   0   0   0   0   0   0   0  14  75   0   0   3   0   0   0   0   0   6  1.25 inf
  151 A    7 -5 -5 -5 -4 -4 -4 -3 -5 -5 -5 -4 -4 -6 -4 -1 -3 -6 -5 -3   98   0   0   0   0   0   0   0   0   0   0   0   0   0   0   2   0   0   0   0  1.96 inf
  152 K   -4 -1 -4 -4 -7 -2 -3 -5 -4 -6 -6  8 -5 -7 -4 -4 -4 -7 -5 -6    0   0   0   0   0   0   0   0   0   0   0 100   0   0   0   0   0   0   0   0  2.39 inf
  153 I   -3 -5 -5 -6 -3 -4 -5 -6 -5  5  4 -5  4 -2 -5 -4 -2 -4 -3  2    0   0   0   0   0   0   0   0   0  40  36   0   9   0   0   0   1   0   0  13  1.02 inf
  154 A    7 -5 -5 -5 -4 -4 -4 -3 -5 -5 -5 -4 -4 -6 -4 -2 -3 -6 -5 -3  100   0   0   0   0   0   0   0   0   0   0   0   0   0   0   0   0   0   0   0  2.02 inf
  155 A   -1 -4 -3 -4 -4 -3 -3 -4 -4 -6 -6 -4 -5 -6 -4  7 -1 -6 -5 -5    3   0   0   0   0   0   0   0   0   0   0   0   0   0   0  96   1   0   0   0  1.96 inf
  156 D   -5 -5 -2  8 -7 -4  0  0 -4 -7 -7 -4 -6 -7 -5 -3 -4 -7 -6 -7    0   0   0  89   0   0   3   8   0   0   0   0   0   0   0   0   0   0   0   0  2.24 inf
  157 M   -3 -3 -4 -5 -2  2 -2 -5  2  1  1 -2  5  2 -5 -4 -3  4  6 -1    1   0   0   0   1  11   1   0   4   8  12   2  17   7   0   0   0   6  28   2  0.73 inf
  158 A   -2  4  6  1 -5  2 -1 -3  0 -6 -5  0 -4 -6 -4 -2 -3 -6 -4 -5    3  25  49   6   0   7   3   0   2   0   0   4   0   0   0   0   0   0   0   0  1.13 inf
  159 K   -4 -1 -4 -4 -7 -2 -3 -5 -4 -6 -6  8 -5 -7 -4 -4 -4 -7 -5 -6    0   0   0   0   0   0   0   0   0   0   0 100   0   0   0   0   0   0   0   0  2.39 inf
  160 P   -5 -6 -6 -5 -7 -5 -5 -6 -6 -7 -7 -5 -6 -8  9 -5 -5 -8 -7 -6    0   0   0   0   0   0   0   0   0   0   0   0   0   0 100   0   0   0   0   0  3.29 inf
  161 N   -3 -1  6  6 -4 -3 -2 -4  2 -6 -6 -2 -5 -6 -5 -2 -3 -7 -5 -6    2   2  47  41   0   0   0   0   5   0   0   2   0   0   0   1   0   0   0   0  1.51 inf
  162 G   -3 -6 -3 -5 -6 -5 -5  7 -5 -7 -7 -5 -6 -7 -5 -4 -5 -6 -6 -7    1   0   0   0   0   0   0  99   0   0   0   0   0   0   0   0   0   0   0   0  2.43 inf
  163 I   -4 -3 -4 -5 -4  4 -3 -5 -4  2  5 -3  2  0 -5 -4 -3 -4 -3 -1    0   1   0   0   0  24   0   0   0  12  53   0   5   3   0   0   0   0   0   1  0.91 inf
  164 K    0 -3 -3 -4  5 -3 -3 -4 -2 -3 -3  2  0  3 -4 -2  4 -3  2 -1    7   0   0   0  14   0   0   0   1   0   0  18   3  16   0   1  31   0   7   3  0.63 inf
  165 V   -2 -5 -5 -5 -3 -4 -4 -5 -5  1  0 -4 -1  0 -5 -3  3 -5 -3  6    1   0   0   0   0   0   1   0   0   6   8   0   0   3   0   0  20   0   0  61  1.00 inf
  166 I   -4 -6 -6 -6 -4 -6 -6 -7 -6  7 -1 -6 -2 -3 -6 -5 -3 -6 -4  4    0   0   0   0   0   0   0   0   0  76   0   0   0   0   0   0   0   0   0  23  1.78 inf
  167 D   -2  1  1  1 -4 -1 -1 -2  4 -2  0  0 -1 -3  2  0  3 -4 -2 -2    2   7   5   7   0   1   1   3  15   1  12   5   1   0  10   4  24   0   0   0  0.32 inf
  168 D   -4 -4 -5 -1 -6 -3 -1 -5 -4 -5 -6 -2 -6 -5  8 -4 -3 -6  1 -6    0   0   0   3   0   1   4   0   0   0   0   2   0   0  82   0   1   0   6   0  2.36 inf
  169 E   -1  0  0  4 -5  1  4 -1  1 -5 -5  1 -4 -5 -3  0 -2 -5 -4 -4    4   4   4  29   0   5  31   5   3   0   0   8   0   0   0   6   1   0   0   0  0.69 inf
  170 E   -2  1  2  2 -5  4  3 -3  0 -4 -3  2  4 -5 -3 -2 -2 -5 -4 -4    1   8  11  10   0  18  24   0   1   0   0  11  12   0   0   1   1   0   0   0  0.62 inf
  171 V    4 -4 -4 -4 -3 -4 -4  3 -4  1 -3 -4 -2 -4 -4 -2 -2 -5 -4  3   36   0   0   0   0   0   0  27   0   9   0   0   0   0   0   1   1   0   0  25  0.73 inf
  172 K    0 -2 -2 -1 -4  2  3 -4  2  0  1  0  0 -3  4 -2 -2 -4 -2 -1    9   1   1   1   0  10  20   0   5   6  14   5   2   0  20   1   1   0   1   2  0.36 inf
  173 R    3  0  0  4 -2  0  2 -1 -2 -4 -4 -1 -3 -4 -1  1  0 -5 -4 -2   26   5   2  24   0   4  15   4   0   0   1   2   0   0   3   8   4   0   0   1  0.41 inf
  174 L   -5 -6 -6 -7 -5 -6 -6 -7 -5  2 -1 -6 -3  9 -7 -6 -5  0  0 -2    0   0   0   0   0   0   0   0   0  10   5   0   0  83   0   0   0   1   0   1  2.21 inf
  175 I   -2 -5 -5 -6 -3 -4 -5 -6 -5  4  4 -5  1 -2 -5 -4 -3 -4 -3  4    1   0   0   0   0   0   0   0   0  27  41   0   3   0   0   0   0   0   0  27  0.96 inf
  176 R    3  0 -2  2 -4  0  4 -1 -2 -4 -3  0  2 -3 -3 -1 -2 -2 -3 -3   26   5   0  10   0   3  35   3   0   0   1   5   7   1   0   3   0   1   0   0  0.52 inf
  177 E    1  1  1  0 -3  2  1  0 -1 -3 -3  1 -2 -4  2  1  1 -4 -3 -2   15   7   7   4   0  10   9   8   1   0   0   9   0   0  11   8   9   0   0   1  0.27 inf
  178 L   -4 -5 -6 -7 -4 -4 -6 -7 -6 -1  6 -5  2 -2 -6 -5 -4 -5 -4 -2    0   0   0   0   0   0   0   0   0   1  95   0   4   0   0   0   0   0   0   0  1.74 inf
  179 D   -1 -3 -2  3 -6 -3 -1 -4 -5 -6 -6 -2 -5 -6  8 -1 -3 -7 -6 -5    4   1   1  17   0   1   3   0   0   0   0   1   0   0  68   3   0   0   0   0  1.86 inf
  180 I   -3 -6 -6 -6 -4 -5 -6 -6 -6  7 -1 -5 -2 -3 -6 -5 -3 -6 -4  5    1   0   0   0   0   0   0   0   0  60   0   0   0   0   0   0   0   0   0  39  1.59 inf
  181 A    0  2  0  0 -5  0  4  2 -2 -5 -5  2 -4 -5 -3  0 -1 -5 -4 -4    6  11   4   3   0   1  33  20   0   0   0  12   0   0   0   7   2   0   0   0  0.56 inf
  182 D   -1  3 -2  2 -5  0 -1 -3 -3 -5 -5  6 -3 -5 -4  0 -3 -5 -4 -4    5  18   0  11   0   3   1   1   0   0   0  54   0   0   0   6   0   0   0   1  0.98 inf
  183 V   -5 -6 -6 -7 -5 -6 -7 -7 -5  0 -1 -6 -3  9 -7 -6 -5 -2  0  0    0   0   0   0   0   0   0   0   0   5   3   0   0  86   0   0   0   0   0   7  2.31 inf
  184 P   -4 -4 -3 -5 -6 -3 -4 -5  9 -5 -5 -4 -4  3  2 -4 -5  7  5 -5    1   0   0   0   0   0   0   0  47   0   0   0   0  10   9   0   0  15  18   0  1.85 inf
  185 G   -3 -6 -4 -5 -6 -5 -6  7 -5 -7 -7 -5 -6 -7 -6 -4 -5 -6 -7 -7    0   0   0   0   0   0   0 100   0   0   0   0   0   0   0   0   0   0   0   0  2.48 inf
  186 I   -3 -6 -6 -6 -4 -5 -6 -6 -6  5 -1 -5 -1 -3 -5 -5 -3 -6 -4  6    1   0   0   0   0   0   0   0   0  35   1   0   1   0   0   0   0   0   0  63  1.49 inf
  187 G   -3 -6 -4 -5 -6 -5 -6  7 -5 -7 -7 -5 -6 -7 -6 -4 -5 -6 -7 -7    0   0   0   0   0   0   0 100   0   0   0   0   0   0   0   0   0   0   0   0  2.48 inf
  188 N   -3  0  0 -3 -6 -1  0 -4 -2 -5 -5  6 -4 -6  5 -3 -3 -6 -5 -4    1   4   3   0   0   1   4   0   1   0   0  50   0   0  34   1   0   0   0   0  1.32 inf
  189 I    3  0 -4 -4 -3 -2 -3 -4 -4  0 -2  3 -2 -4 -4 -2 -2 -5 -4  5   24   4   0   0   0   1   0   0   0   3   0  23   0   0   0   0   0   0   0  44  0.72 inf
  190 T   -3 -4 -3 -4 -4 -4 -4 -3 -5 -4 -5 -4 -2 -5 -4  2  7 -6 -5 -3    0   0   0   0   0   0   0   2   0   0   0   0   1   0   0  13  84   0   0   0  1.82 inf
  191 A    5 -2 -3 -3 -3 -1  1 -2 -4 -3 -3  0 -3 -4 -3  0  0 -5 -4  1   60   1   0   0   0   2  10   1   0   0   1   5   0   0   0   4   4   0   0  13  0.74 inf
  192 E    1  1 -1  0 -5  2  5 -3 -1 -4 -4  2 -3 -5 -1 -1 -2 -5 -4 -4   14   8   2   2   0   8  42   1   1   1   1  15   0   0   2   1   2   0   0   0  0.68 inf
  193 K   -4  4 -3 -4 -6  0 -2 -5 -3 -2 -5  7 -3 -6 -4 -3 -2 -6 -5 -2    0  20   0   0   0   2   0   0   0   2   0  70   0   0   0   0   2   0   0   2  1.47 inf
  194 L   -5 -5 -6 -7 -5 -4 -6 -6 -5 -2  3 -5 10 -1 -6 -5 -4 -5 -4 -3    0   0   0   0   0   0   0   0   0   0  23   0  75   2   0   0   0   0   0   0  2.38 inf
  195 K   -2  0  2 -3 -5  1  0 -4  8 -5 -4  3 -4 -2 -4 -2 -3 -4  3 -5    3   5  11   0   0   5   5   0  42   0   1  16   0   1   0   1   0   0  10   0  1.12 inf
  196 K    1  3  1  0 -4  2  2 -1  0 -3 -2  2 -1 -3 -3  0 -1 -4 -2 -3   14  18   5   5   0  11  13   3   2   1   3  13   2   1   0   6   3   0   0   0  0.29 inf
  197 L   -4 -3 -2 -5 -3 -4 -4 -6  2  1  5 -2  6 -1 -5 -4 -3 -3 -3 -1    0   1   2   0   0   0   0   0   6   5  60   2  20   2   0   0   0   0   0   0  1.03 inf
  198 G   -2 -4 -1 -2 -6 -3 -4  7 -2 -7 -7 -3 -6 -6 -5 -3 -4 -6 -6 -6    1   1   3   2   0   1   0  89   1   0   0   1   0   0   0   1   0   0   0   0  1.97 inf
  199 I   -4 -6 -6 -6 -4 -6 -6 -7 -6  8  0 -6 -1 -3 -6 -5 -4 -6 -4  2    0   0   0   0   0   0   0   0   0  85   3   0   0   0   0   0   0   0   0  11  1.88 inf
  200 N   -2  1  0 -2 -3  0  1 -4  5 -3 -2  0 -3  5 -4 -3 -2 -2  5 -3    2   7   5   1   0   3  12   0  15   0   2   5   0  26   0   0   1   0  19   1  0.66 inf
  201 K   -3 -3  3 -3 -2 -3 -3 -4 -3 -3 -4  1 -4 -4 -4  0  7 -5 -3 -3    0   0  13   0   1   0   0   0   0   1   0  11   0   0   0   3  69   0   1   0  1.32 inf
  202 L   -3 -5 -4 -4 -5 -5 -5  7 -5 -2 -3 -5 -5 -6 -5 -3 -4 -6 -6 -1    0   0   0   0   0   0   0  89   0   3   3   0   0   0   0   0   0   0   0   4  1.92 inf
  203 V    3  0 -2 -2 -3  1  1 -2 -1 -2  0  2 -1 -2 -3 -1 -1 -1  0 -1   37   4   1   1   0   5   8   2   1   0  10  17   1   1   0   2   1   1   3   4  0.29 inf
  204 D   -5 -5 -2  8 -7  1  0 -5 -2 -6 -7 -4 -6 -7 -5 -3 -3 -7 -6 -6    0   0   0  88   0   6   3   0   1   0   0   0   0   0   0   0   1   0   0   0  2.21 inf
  205 T   -4 -5 -6 -7 -4 -5 -6 -7 -6  0  6 -5  1 -2 -6 -5 -1 -5 -4 -2    0   0   0   0   0   0   0   0   0   3  92   0   2   0   0   0   3   0   0   0  1.61 inf
  206 L   -2  5 -3 -4 -5  0 -2 -4  0 -4  1  4 -3 -3 -4 -3 -3 -4  2 -4    3  40   0   0   0   2   0   0   2   0  13  30   0   0   0   0   0   0   9   0  0.90 inf
  207 S    1  1  2  0 -3  3  2 -1 -1 -4 -3  2 -1 -4 -3  1  0 -4 -3 -3   16   8  10   4   0  14  13   2   1   0   2  13   1   0   0  10   4   0   0   1  0.32 inf
  208 I   -2  2 -3 -3  4  2 -2 -4 -2  1  1  3  0  0 -4 -2 -2  4  0 -1    1  10   0   0   9  11   0   0   0   8  15  27   2   3   0   0   1   6   3   4  0.38 inf
  209 E   -2 -3  0  2 -4 -3  0 -3 -3 -5 -5 -2 -4 -5  3  5  2 -6 -4 -4    0   0   4  10   0   0   5   0   0   0   0   1   0   0  14  52  14   0   0   0  0.90 inf
  210 F   -3 -1 -4 -3 -4  0  4 -5 -3  1  4 -1  0  0 -2 -3 -3 -4 -2 -1    1   4   0   0   0   4  29   0   0   6  44   2   1   4   1   0   0   0   0   3  0.55 inf
  211 D    1 -1 -1  2 -4  1  3 -2 -1 -1 -2 -1  2 -1  0  0 -1  0 -2 -2   14   3   2  14   0   5  28   1   1   3   3   2   8   3   4   4   3   1   0   2  0.27 inf
  212 K   -2 -1 -2  0 -4  0  3 -4  1 -3 -2  0  2  5 -4 -2  0  2  1 -2    1   3   1   4   0   3  22   0   4   0   2   4   6  32   0   2   7   2   4   2  0.48 inf
  213 L   -4 -5 -6 -7 -1 -5 -6 -7 -6 -1  6 -5  1 -2 -6 -5 -4 -5 -3 -2    0   0   0   0   1   0   0   0   0   1  95   0   2   1   0   0   0   0   1   0  1.72 inf
  214 K   -1  0 -1 -2 -3  2  1 -4 -1  3 -1  0  0 -3 -3 -1  2 -4 -3  2    3   5   2   1   0  13   8   0   1  27   4   5   1   0   0   2  14   0   0  14  0.28 inf
  215 G    0  4 -1  2 -4  4  2 -1  0 -4 -4  1 -2 -4 -3 -1 -1 -3 -2 -4    7  24   2  10   0  19  16   4   2   0   1   9   0   0   0   3   2   0   1   0  0.50 inf
  216 M   -2  1  2 -2 -3  1  0 -4  7  0  0 -1  1 -2 -4 -2 -2 -1  1 -1    2   7   9   1   0   7   4   0  36   5  11   2   4   1   0   1   1   1   4   4  0.64 inf
  217 I   -6 -6 -7 -7 -6 -7 -7 -7 -5 -1 -2 -7 -3  9 -7 -6 -6 -3  0 -4    0   0   0   0   0   0   0   0   0   3   1   0   0  95   0   0   0   0   0   0  2.76 inf
  218 G   -3 -5 -3 -4 -5 -5 -5  7 -2 -6 -6 -4 -6 -6 -5 -3 -5 -5 -6 -6    0   0   0   0   0   0   0  96   1   0   0   0   0   0   0   0   0   0   0   0  2.27 inf
  219 E   -3  2  0 -3 -5 -1  0 -4 -3 -4 -4  7 -4 -5 -3 -2 -3 -5 -4 -3    1   9   4   0   0   1   4   1   0   1   1  75   0   0   0   1   1   0   0   2  1.39 inf
  220 A    2 -2 -1 -2 -3 -2 -2 -2 -3 -2 -2 -2  3  2 -2  4  0 -3 -1  0   23   1   3   1   0   1   1   1   0   1   2   2   9   9   1  35   4   0   1   6  0.39 inf
  221 K    0  1 -1 -1 -2  0 -1  4  0 -2 -1  0 -1 -1 -1  0 -1 -1 -1 -2    7   8   2   2   1   3   3  37   2   2   5   7   1   3   2   5   2   1   2   3  0.28 inf
  222 A    2 -2 -2 -4 -3 -2 -3  5  0 -3 -3 -2 -2  0 -3 -2 -3 -4  1 -2   21   1   0   0   0   1   0  54   2   1   2   2   1   4   1   1   0   0   6   2  0.83 inf
  223 K   -1  1  0  2 -3  1  1 -2  2 -1 -1  1 -1 -2  1  1  0 -3  0 -1    1   9   3  13   0   6   9   2   8   4   8   6   1   1   6  10   5   0   4   3  0.13 inf
  224 Y   -3 -2 -3 -3 -4 -2 -3 -1  4  1 -1 -3 -1  4 -4 -2 -3  4  7 -2    1   1   0   1   0   2   1   4  10   8   5   1   1  14   1   2   1   5  40   2  0.87 inf
  225 L   -4 -4 -5 -5 -4 -4 -5 -5 -2 -2  3 -4 -1  4 -5 -4 -4 -1  8 -3    0   0   0   0   0   0   0   0   0   1  26   0   1  17   0   0   0   0  50   0  1.43 inf
  226 I   -5 -5 -2 -2 -6 -2 -3 -6  4 -1 -3 -5 -4  2 -6 -4 -5  0  9 -4    0   0   1   2   0   1   1   0  10   3   1   0   0   6   0   0   0   1  72   0  2.02 inf
  227 S   -1  4  3  2 -4  1  0  1 -1 -3 -3  1 -3 -3 -3  0 -2  2 -3 -3    3  24  20  11   0   6   4  10   1   1   1   6   0   1   0   6   0   3   0   1  0.43 inf
  228 L    0 -2 -4 -4 -2 -3 -4 -5 -2  5  1  2 -1  3 -4 -3 -3 -4 -1  2    7   1   0   0   1   0   0   0   1  42   9  14   0  12   0   0   0   0   2  10  0.56 inf
  229 A    5  0 -4 -4 -1 -3 -3 -3 -4 -2 -3 -3 -3 -4 -3  1 -2 -5 -4  3   59   6   0   0   1   0   0   0   0   1   0   0   0   0   0  11   0   0   0  20  0.87 inf
  230 R   -4  8 -3 -5 -7 -1 -3 -1  1 -6 -6 -1 -5 -6 -5 -4 -4 -6 -5 -6    0  89   1   0   0   1   0   6   4   0   0   0   0   0   0   0   0   0   0   0  2.15 inf
  231 D    0 -5 -3 -1 -5 -5 -5  7 -5 -1 -6 -4 -5 -4 -5 -3 -4 -5 -4 -5    6   0   0   3   0   0   0  85   0   5   0   0   0   1   0   0   0   0   0   0  1.80 inf
  232 E   -4 -2 -3  0 -4 -1  1 -6 -4  7 -1 -4 -1 -2 -5 -4 -3 -5 -4  2    0   2   1   5   0   3  10   0   0  66   2   0   1   1   0   0   0   0   0   8  1.03 inf
  233 Y   -4 -4 -1  7 -6 -3 -2 -4  5 -6 -6 -3 -6 -5 -5  0 -4 -6  1 -6    0   0   2  70   0   0   0   1  15   0   0   0   0   0   0   7   0   0   5   0  1.69 inf
  234 N   -3  1  5  3 -5  0  3 -3  4 -4 -1 -1 -3 -3 -1  0 -1 -5 -2 -4    0   7  29  14   0   2  20   0  10   0   6   1   0   1   2   5   2   0   1   0  0.59 inf
  235 E   -2  7 -1 -3 -6 -1  2 -4 -3 -6 -5 -1 -4 -6 -4  2 -3 -6 -5 -5    1  63   2   1   0   0  11   0   0   0   0   1   0   0   0  19   0   0   0   0  1.34 inf
  236 P   -2 -3 -4 -3 -5  0  2 -5 -4 -2 -4 -2 -2 -6  7 -2 -3 -6 -5  1    3   0   0   0   0   5  12   0   0   2   1   1   1   0  60   2   1   0   0  12  1.48 inf
  237 I   -3 -4 -5 -6 -4 -2 -4 -6 -6  1 -2  0 -2 -4 -5 -4 -2 -6 -4  7    0   1   0   0   0   2   0   0   0   4   0   7   0   0   0   0   1   0   0  85  1.53 inf
  238 R   -1  3  0 -2 -4  1  3 -4 -1 -2 -4  3 -3 -5  4 -1 -2 -5 -4 -1    3  16   3   0   0   4  20   0   1   3   0  22   0   0  20   2   1   0   0   4  0.61 inf
  239 T   -1 -2  4  2 -4 -2  1 -2  2 -4 -4 -2 -4 -4  4  1  1 -5 -4 -3    4   0  26  11   0   0   9   1   6   0   1   0   0   0  18  12  10   0   0   1  0.62 inf
  240 R   -5  8 -4 -5 -7 -2 -3 -6 -1 -7 -6 -1 -5 -6 -6 -4 -5 -1 -4 -6    0  96   0   0   0   1   0   0   1   0   0   0   0   0   0   0   0   1   0   0  2.45 inf
  241 V   -2 -3 -3 -1 -4 -1  3 -5 -4  5 -1 -2  0 -3  0 -3 -1 -5 -4  3    2   0   0   2   0   2  23   0   0  39   1   1   1   0   5   0   3   0   0  19  0.61 inf
  242 R   -3  8 -4 -5 -6 -1 -3 -5 -2 -2 -4 -1 -4 -6 -2 -2 -1 -6 -5 -3    1  83   0   0   0   1   1   0   1   2   1   0   0   0   2   1   4   0   0   1  1.83 inf
  243 K   -4 -1 -4 -4 -7 -2 -3 -5 -4 -6 -6  8 -5 -7 -4 -4 -4 -7 -5 -6    0   1   0   0   0   0   0   0   0   0   0  99   0   0   0   0   0   0   0   0  2.35 inf
  244 S   -2 -4 -3 -4 -4 -4 -4 -4 -4 -6 -6 -4 -5 -6 -4  7 -2 -6 -5 -5    0   0   0   0   0   0   0   0   0   0   0   0   0   0   0 100   0   0   0   0  2.12 inf
  245 I   -3 -5 -5 -6 -3 -5 -5 -6 -5  5  1 -5 -1 -2 -5 -2 -3 -5 -3  5    0   0   0   0   0   0   0   0   0  38  13   0   0   1   0   3   0   0   0  44  1.08 inf
  246 G   -1 -5 -3 -4 -5 -5 -5  7 -5 -7 -7 -4 -6 -6 -5  0 -4 -6 -6 -6    4   0   0   0   0   0   0  89   0   0   0   0   0   0   0   7   0   0   0   0  2.02 inf
  247 R    3  1 -1 -3  5 -2 -2 -1 -2 -2 -3  2 -2 -4 -3  1  1 -4 -4  0   35   6   3   0  12   0   0   3   0   1   0  14   0   0   0  10   7   0   0   7  0.44 inf
  248 I   -4 -4 -4 -2 -7 -1  8 -6 -4 -2 -6 -3 -5 -7 -5 -4 -4 -6 -6 -6    0   0   0   0   0   0  97   0   0   3   0   0   0   0   0   0   0   0   0   0  2.27 inf
  249 V   -3  4  2  1 -3  0 -1 -4  4 -2 -4  0 -3 -4 -4 -1  3 -5 -3 -1    0  28  11  10   0   3   2   0  11   3   0   4   0   0   0   2  22   0   0   4  0.55 inf
  250 T   -3 -5 -3 -5 -4 -4 -4 -5 -5 -4 -5 -4 -4 -6 -5 -1  8 -6 -5 -4    0   0   0   0   0   0   0   0   0   0   0   0   0   0   0   2  98   0   0   0  2.32 inf
  251 M   -5 -6 -6 -7 -5 -6 -6 -6 -4 -3  1 -6  1  8 -6 -5 -5 -2  5 -4    0   0   0   0   0   0   0   0   0   0  12   0   3  69   0   0   0   0  16   0  1.92 inf
  252 K    1  0 -1  1 -3  0  2  0 -1 -2 -1  0 -2  0 -1  2 -1 -2 -2 -2   16   4   2   8   0   2  16   8   1   2   5   6   1   6   1  19   2   0   0   2  0.16 inf
  253 R   -1  2 -1  0 -4  2  3 -3  2 -3 -3  3 -3 -3 -2  0  1 -4 -2 -2    2   9   2   4   0   8  26   0   5   1   0  21   0   1   1   4  11   0   1   2  0.42 inf
  254 N   -4 -4  4  7 -6 -3 -1 -4 -3 -3 -2 -4 -5 -6 -2 -3 -4 -7 -6 -5    0   0  18  71   0   0   0   0   0   1   6   0   0   0   1   1   0   0   0   0  1.67 inf
  255 S   -3 -3 -4 -5 -3 -3 -4 -5 -4  4  4 -2  0 -2 -4 -1  0 -4 -3  1    0   1   0   0   0   1   0   0   0  29  46   3   1   0   0   5   7   0   0   7  0.71 inf
  256 R    0  1  2  1 -3 -1  0 -2  2 -1 -1  0 -1  0 -2  2  2 -1  2 -1    5   7  10   8   0   1   3   1   6   2   4   4   1   5   0  18  14   1   7   3  0.15 inf
  257 N    0 -1  2  4 -4 -1  1 -2 -1 -2 -2 -1 -3 -4 -3  2  1 -5 -4 -2    5   4  10  32   0   2   8   2   1   2   5   2   0   0   0  17  10   0   0   2  0.44 inf
  258 L   -1  1 -1  2 -3  0  3 -2 -1 -1  0  1  0  0  2 -1 -1  0  0 -2    2   8   1  10   0   1  24   1   1   3  13   7   2   4   9   2   3   1   4   2  0.19 inf
  259 E    1 -1 -1  3 -4  0  4 -2 -2  0 -3 -1 -2 -4 -1  1 -1 -5 -3 -1   10   2   2  17   0   3  32   1   0   6   1   2   1   0   3  11   3   0   0   5  0.39 inf
  260 E    1 -1 -2  3 -3  0  3 -3 -2 -2 -2 -1 -2  1  0  0 -1 -2 -1 -1   16   2   0  16   0   4  26   0   0   2   4   2   1   8   3   6   3   0   2   6  0.27 inf
  261 I    1 -4 -5 -5 -2 -4 -5 -5 -5  4  3 -4  5 -2 -5 -3 -2 -2 -3  2   11   0   0   0   0   0   0   0   0  27  27   0  19   0   0   0   0   1   0  13  0.76 inf
  262 K   -1  1 -1 -2 -3 -1  1 -4  0  1  2  2  0 -2 -3 -1 -1 -1 -1  0    3  10   3   1   0   2  11   0   2  11  29  16   2   1   0   2   3   1   1   3  0.19 inf
  263 P    2  0  0  0 -3  1  3 -2 -1  1 -2  1 -1 -3  0  0  0 -4 -3 -1   19   5   3   3   0   7  21   1   1  11   1  11   1   0   4   3   6   0   0   2  0.21 inf
  264 Y    1  1 -1 -1 -4  2  4 -1  0 -1 -3  2 -3 -2 -2 -1 -1 -3  2 -2   11   5   1   0   0   9  33   5   2   4   0  12   0   1   1   1   4   0   9   2  0.37 inf
  265 L   -4 -5 -6 -6 -4 -5 -6 -6 -6  2  6 -5  1 -2 -6 -5 -3 -4 -4  0    0   0   0   0   0   0   0   0   0  11  81   0   2   0   0   0   0   0   0   6  1.36 inf
  266 F   -1  1 -1  1 -3  1  1 -2  0 -2 -1  1 -1  0 -2  0  0  2  3 -2    6  10   1  10   0   7  12   2   1   1   7   8   1   4   0   6   5   3  13   2  0.16 inf
  267 R   -1  2  0  1 -4  1  2 -2  4 -3 -1  1 -1 -3  3 -1 -1 -3 -2 -3    4  10   3   9   0   6  15   2  13   1   5  10   1   0  13   3   2   0   1   1  0.32 inf
  268 A   -1 -4 -1 -5 -2 -2 -4 -5 -4  4  4 -4  2  1 -4 -3 -1 -4 -2  2    4   0   3   0   1   2   0   0   0  26  41   0   4   6   0   0   3   0   0  10  0.57 inf
  269 I    4 -3 -2 -4  1 -3 -3 -2 -4  2 -1 -3 -1 -2 -3  2  0 -4 -3  1   45   1   1   0   3   0   0   0   0  11   3   0   1   1   0  17   5   0   0  11  0.52 inf
  270 E    0  0  0  2 -2  1  4 -1 -1 -2 -1  0 -2 -3 -2 -1  0 -4 -3  0    7   4   3  13   1   6  32   4   1   2   5   5   1   1   0   3   5   0   0   7  0.30 inf
  271 E   -2  2 -2  1 -5  1  4 -3 -3 -1 -4  4 -3 -5 -3 -1 -1 -5 -4 -3    1   8   1   8   0   4  34   1   0   5   1  30   0   0   0   3   3   0   0   1  0.66 inf
  272 S   -1 -5 -5 -5 -2 -4 -5 -5 -5  2  3 -4 -1 -2 -5 -2  0 -5 -3  5    4   0   0   0   0   0   0   0   0   9  27   0   0   0   0   3   5   0   0  52  0.85 inf
  273 Y    2 -3 -3 -2  0 -2  2 -2 -1 -2 -2 -2 -2  0 -4  1 -1  8  1  0   17   0   0   1   2   1  14   3   2   2   4   1   0   3   0  11   3  26   4   7  0.67 inf
  274 Y   -1  3  0  1 -1  1  3  0  1 -3 -2  1 -2 -3 -3 -1 -1 -4  0 -3    5  22   4   6   2   4  23   7   3   1   3   8   1   0   0   3   4   0   4   1  0.30 inf
  275 K   -3  6 -1 -2 -4 -1  0 -2  2 -3 -3  1 -4 -3 -4  0 -2  2  1 -4    1  56   2   1   0   1   5   2   4   2   2   5   0   0   0   9   2   3   5   0  0.90 inf
  276 L    0 -4 -5 -6  5 -4 -5 -5 -5  2  5 -4  2 -2 -5 -3 -2 -4 -3  0    8   0   0   0  12   0   0   0   0  11  60   0   5   0   0   1   1   0   0   3  0.91 inf
  277 D    0  1  1  1 -4  2  4 -2 -1 -4 -3  2 -2 -4 -3  0 -1 -4 -2 -3    9   5   7   7   0  11  28   1   1   0   2  15   0   0   0   6   3   0   1   1  0.41 inf
  278 K   -1  4  0 -2 -5  1  1 -1 -1 -5 -4  5 -4 -5 -4 -2 -3 -5 -4 -5    5  24   4   0   0   4   6   5   1   0   0  49   0   0   0   2   0   0   0   0  0.92 inf
  279 R    0  3  1 -2 -4  0 -1 -3  3 -1 -1  4 -2 -3 -3  1  0 -4 -2 -2    7  14   7   0   0   3   1   0   7   5   6  33   0   0   0  10   4   0   1   1  0.38 inf
  280 I    1  0  0 -1 -1  1  0  1  1 -1 -1  0 -1  0 -2  2  0 -3  1 -1   15   3   5   1   1   7   3  12   4   4   5   6   1   4   0  17   4   0   5   4  0.09 inf
  281 P    1 -5 -3 -4 -1 -4 -5  7 -5 -6 -5 -4 -5  0 -1 -3 -4 -5 -5 -5   13   0   0   0   1   0   0  76   0   0   0   0   0   5   3   0   0   0   0   0  1.56 inf
  282 K   -3  6 -2 -3 -4 -1 -2 -4  2 -5 -5  6 -3 -5 -4 -2 -3 -5 -2 -4    1  42   1   0   0   1   0   0   4   0   0  47   0   0   0   1   1   0   1   1  1.35 inf
  283 A   -1 -4 -2 -4 -2 -4 -4 -4 -5 -1 -4 -4 -4 -5 -4 -1  8 -6 -5 -3    3   0   1   0   1   0   0   1   0   4   0   0   0   0   0   1  89   0   0   1  1.89 inf
  284 I   -2 -4 -6 -6 -3 -5 -5 -6 -6  4  3 -5 -1 -3 -5 -4 -3 -5 -4  5    1   1   0   0   0   0   0   0   0  25  23   0   0   0   0   0   0   0   0  50  1.08 inf
  285 H   -3 -4 -3 -4 -4 -4 -4 -5  1 -1 -4 -4 -4 -5 -4 -2  7 -6 -4  1    0   0   0   0   0   0   0   0   4   2   0   0   0   0   0   1  82   0   0  11  1.68 inf
  286 V   -4 -5 -6 -6 -4 -5 -5 -6 -6  2  5 -5  0 -2 -5 -5 -3 -4 -4  3    0   0   0   0   0   0   0   0   0   8  69   0   0   0   0   0   0   0   0  23  1.22 inf
  287 V   -4 -1 -4 -4 -6 -2 -3 -5 -4 -6 -6  8 -5 -7 -4 -4 -4 -6 -5 -2    0   0   0   0   0   0   0   0   0   0   0  97   0   0   0   0   0   0   0   3  2.21 inf
  288 A   -1 -5 -5 -6 -3 -5 -5 -6 -5  6  1 -5  0 -2 -5 -4 -3 -5 -4  4    4   0   0   0   0   0   0   0   0  47  11   0   2   1   0   0   0   0   0  35  1.10 inf
  289 V   -4  4 -3 -4 -6 -2 -2 -5 -4 -5 -5  7 -4 -6 -4 -3 -4 -6 -5 -2    0  21   0   0   0   0   0   0   0   0   0  76   0   0   0   0   0   0   0   3  1.75 inf
  290 T   -5 -5 -3 -5 -5 -5 -5 -6 -2 -4 -3 -5 -4  5 -6 -4  2  2  8 -4    0   0   1   0   0   0   0   0   0   0   0   0   0  26   0   1  14   2  55   0  1.79 inf
  291 E    3 -2  1  0 -3 -1  0 -1  3 -4 -3 -1 -3 -2 -1  3 -1 -3  1 -3   27   1   5   5   0   1   5   3  10   0   1   2   0   2   3  28   2   0   5   0  0.38 inf
  292 D   -4 -2  2  8 -7 -2 -1 -4 -3 -6 -7 -2 -6 -7 -5 -3 -4 -7 -6 -6    1   2   8  84   0   2   0   0   0   0   0   2   0   0   0   1   0   0   0   0  2.04 inf
  293 L   -6 -6 -6 -7 -6 -7 -7 -7 -4 -3 -1 -7 -3  9 -7 -6 -4 -2  2 -4    0   0   0   0   0   0   0   0   0   0   3   0   0  92   0   0   1   0   4   0  2.61 inf
  294 D   -1  2 -1  0 -4  3  2 -3 -1 -3 -3  1 -3 -4 -3  2  3 -4 -3 -1    2  12   2   4   0  13  12   0   1   1   0   7   0   0   0  16  26   0   0   4  0.42 inf
  295 I   -3 -2 -1 -3 -3  6 -2 -5 -2  2  0 -2 -2 -4 -4 -2  4 -5 -4 -1    0   0   2   0   0  42   0   0   0  11  10   0   0   0   0   1  28   0   0   4  0.83 inf
  296 V   -2 -2 -3 -4 -3  2 -3 -5  2  5  1 -1  0  0 -4 -2 -2 -4 -1  1    3   1   1   0   0  10   0   0   6  43  14   5   2   3   0   1   1   0   2   9  0.52 inf
  297 S   -3 -4 -3 -4 -4 -4 -4 -4 -5 -4 -5 -4 -4 -5 -4  2  7 -6 -5 -3    0   0   0   0   0   0   0   0   0   0   0   0   0   0   0  12  87   0   0   1  1.91 inf
  298 R   -4  8 -4 -5 -7 -2 -3 -5 -2 -6 -5  4 -5 -6 -5 -4 -4 -6 -5 -6    0  79   0   0   0   0   0   0   0   0   0  20   0   0   0   0   0   0   0   0  2.04 inf
  299 G    1  2 -1 -3 -3  1 -3 -1 -3 -5 -5 -2 -4 -5 -4  6 -2 -5 -4 -4    9  12   2   0   0   6   0   4   0   0   0   0   0   0   0  65   0   0   0   0  1.06 inf
  300 R   -2  5 -3 -3 -3  1 -2 -4  2  0 -1  4  1 -3 -4 -2 -1 -4 -2 -1    2  36   0   0   0   4   0   0   5   8   4  27   4   1   0   1   4   0   1   3  0.63 inf
  301 T   -3 -4 -3 -4 -4 -4 -4 -4 -5 -4 -5 -3 -4 -5 -4  4  7 -6 -5 -4    0   0   0   0   0   0   0   0   0   0   0   0   0   0   0  31  69   0   0   0  1.62 inf
  302 F   -1 -2 -3 -3 -2  0 -3 -3 -2  1  4 -3  0  3 -4 -2 -1 -3 -1  2    3   2   0   1   0   6   1   2   1   4  48   0   1  12   0   3   3   0   1  14  0.44 inf
  303 P    1  0  1  1 -3 -1  1 -1  0 -2 -1 -1 -2 -2  4  1 -1 -4 -3 -2   11   5   8  10   0   1   8   2   2   1   6   2   1   1  26  11   3   0   0   1  0.40 inf
  304 H    0  0  0  1 -2  2  2 -2  4 -2 -2  1 -2 -1 -1  0  0 -3  2 -2    8   5   3   9   0   8  14   2  12   1   3   7   1   2   1   5   6   0   8   3  0.19 inf
  305 G    1 -3 -3 -3 -2 -2 -1 -1 -1 -2 -2 -3 -3  2  5 -1 -2 -1  4 -1   11   0   1   0   1   1   5   6   1   2   2   1   0   9  35   4   1   1  16   4  0.67 inf
  306 I   -3 -4 -4 -5 -3 -4 -5 -5 -5  5  2 -4  0  1 -2 -3  1 -4 -2  3    0   0   0   0   0   0   0   0   0  35  16   0   1   7   2   1  12   0   0  26  0.70 inf
  307 S    1  2  1  1 -1  1  0  0  0 -2 -3  0 -2 -1 -1  2  1 -3  0 -2   11  13   7   7   1   9   5   4   2   2   0   3   0   2   3  16   9   0   3   1  0.17 inf
  308 K    0 -1  1  4 -4  0  1  0 -1 -4 -3  1 -3 -3 -2  2  1 -5 -4 -3    5   1   7  25   0   4   7   5   1   0   2  10   0   1   0  21  11   0   0   0  0.42 inf
  309 E    1  1 -1  0 -3  1  2 -2  0 -1  0  2 -1 -1 -1  0 -1 -3  0 -1   15   9   1   5   0   4  14   1   1   2  11  19   1   3   2   3   2   0   3   2  0.15 inf
  310 T    1 -1  0  3 -4  1  4 -1 -1 -2 -4  0 -3 -4 -1  0  1 -5 -4 -2   11   3   3  20   0   4  28   3   1   2   0   4   0   0   2   6   8   0   0   3  0.41 inf
  311 A    0 -1 -1  3 -3  1  2 -2 -2  1  0 -1  0 -3 -3 -1  0 -4 -3  0    9   2   1  21   0   7  19   2   0  10  11   2   2   0   0   2   4   0   0   6  0.23 inf
  312 Y   -3 -5 -5 -5 -4 -4 -4 -6 -4  5  3 -4  1  2 -5 -4 -2  0  2  0    1   0   0   0   0   0   1   0   0  46  24   0   4  10   0   0   1   1   8   3  0.88 inf
  313 S    0  0 -2 -1 -2  0  2 -3  0 -1  2 -1  1  2 -2  0 -1 -1  3 -1    6   6   1   2   0   2  15   1   3   3  22   2   3   8   2   8   3   0  12   2  0.14 inf
  314 E    0  2  1  1 -4  2  3 -2  0 -2 -3  0 -2 -2  2  0 -1 -2 -1 -2    9  11   7   6   0  10  22   1   1   3   2   3   1   1  11   5   2   1   2   2  0.28 inf
  315 S    1 -2 -2 -3  0 -1 -2 -2 -1  3  2 -2  0 -1 -3  0  1 -1 -2  2   15   2   2   0   2   3   1   2   2  20  18   1   2   1   0   5  10   1   0  13  0.20 inf
  316 V    4 -3 -3 -4  1 -3 -3  1 -3  0 -1 -1 -2 -4 -2  0 -1 -3 -2  1   50   1   0   0   4   0   0   9   1   4   5   3   0   0   1   7   3   0   1  11  0.51 inf
  317 K   -1  2 -1 -1  1  1  1 -2  2 -2 -1  3 -2 -1 -1  0 -1 -3  2 -2    4   9   2   3   3   5  10   2   5   2   7  26   0   2   2   6   3   0   8   2  0.20 inf
  318 L    0 -1 -1  2 -3  2  3 -1 -2 -1  2 -1 -1 -3 -3  0 -1 -1 -3 -2   11   2   1  12   0   9  22   4   1   2  22   2   0   0   0   5   4   1   0   1  0.22 inf
  319 L   -4 -5 -6 -6 -4 -5 -6 -7 -6  2  6 -5  0 -1 -6 -5 -4 -3 -4 -2    0   0   0   0   0   0   0   0   0  11  86   0   1   2   0   0   0   0   0   0  1.54 inf
  320 Q   -3 -2 -4 -4 -4  0 -2 -5 -2  0  5 -3  1  2 -5 -3 -3  2  3 -1    2   2   0   1   0   4   3   0   1   3  57   1   2   7   0   1   0   3  10   2  0.70 inf
  321 K    0  2  0  2 -3  2  3 -2  0 -3 -2  2 -2 -3 -2  0  0 -4 -2 -2   10  11   4  11   1   8  22   2   2   0   3  13   0   1   0   5   4   0   1   1  0.31 inf
  322 I    0 -1  0  0 -3  0  2 -1  0  0 -1  0 -1  0  1  1  0 -3  1 -1    8   2   4   5   0   3  20   4   3   6   4   3   1   4   7  11   6   0   7   3  0.12 inf
  323 L   -1 -2 -2 -2 -1  2 -1 -3 -1  1  2 -2  0  0 -3 -1  1 -2 -2  2    4   1   2   2   1  11   3   1   2   9  26   0   1   5   1   4   9   0   0  20  0.21 inf
  324 E   -1 -1 -1  3 -4  0  3 -2 -1 -2  0  1  0  2 -1 -1 -2 -1  2 -2    3   1   1  16   0   2  24   3   1   2  11   8   2  12   3   2   1   1   7   1  0.26 inf
  325 E   -1 -1  0  1 -3 -1  1 -2 -2 -1 -1  0 -2 -1  5  0 -1 -3  1 -1    5   3   4   7   0   1  13   2   1   3   5   6   0   2  28   6   2   0   7   3  0.39 inf
  326 D   -1 -1  0  0 -2  0  0  0 -1  0  1  0  1  0  2  0  0 -3 -2  0    3   1   4   5   0   3   8   8   1   4  20   5   4   5  10   6   4   0   0   7  0.07 inf
  327 E   -1  1  1  2 -4  1  2  0  1 -3 -3  2 -2 -3  2  0  0 -4 -2 -2    4   7   6  10   0   6  17   5   3   1   0  13   0   0  12   7   5   0   1   3  0.28 inf
  328 R   -2  3  1 -1 -3  2  1 -2  3 -2 -2  3  0 -3 -2 -1 -1 -4 -2 -1    2  20   6   2   0   7   6   1   8   2   4  26   2   1   1   3   3   0   0   4  0.38 inf
  329 K    0 -1 -3 -3 -5 -2 -2  3 -4 -5 -5  1 -4 -5  5  2 -2 -5 -3 -4    6   2   0   1   0   1   2  27   0   0   0  11   0   0  34  15   0   0   1   0  0.89 inf
  330 I   -2 -6 -6 -6 -4 -5 -6 -6 -6  6 -1 -5 -2 -2 -6 -5 -3 -6 -4  5    2   0   0   0   0   0   0   0   0  51   3   0   0   1   0   0   0   0   0  44  1.49 inf
  331 R   -5  9 -4 -6 -7 -3 -4 -6 -4 -7 -6 -2 -5 -7 -6 -5 -5 -7 -6 -6    0 100   0   0   0   0   0   0   0   0   0   0   0   0   0   0   0   0   0   0  2.80 inf
  332 R   -5 -1 -7 -7 -5 -5 -6 -7 -6 -2  7 -5 -1 -3 -6 -6 -4 -5 -4 -2    0   3   0   0   0   0   0   0   0   0  97   0   0   0   0   0   0   0   0   0  1.85 inf
  333 I   -4 -5 -6 -6 -4 -5 -6 -6 -5  4  5 -5  3 -2 -5 -5 -3 -4 -4  2    0   0   0   0   0   0   0   0   0  22  62   0   5   1   0   0   0   0   0  10  1.17 inf
  334 G   -3 -6 -4 -5 -6 -5 -6  8 -6 -7 -7 -5 -6 -7 -6 -4 -5 -6 -7 -7    0   0   0   0   0   0   0 100   0   0   0   0   0   0   0   0   0   0   0   0  2.54 inf
  335 V   -3 -5 -6 -6 -2 -5 -5 -6 -6  4  3 -5  0 -3 -5 -5 -3 -5 -4  5    0   0   0   0   0   0   0   0   0  25  31   0   1   0   0   0   0   0   0  42  1.09 inf
  336 R   -1 -1 -2 -4 -3 -2 -3  0 -4 -4 -5 -3 -4 -5 -4  5  5 -6 -5 -3    2   3   1   0   0   1   0   5   0   0   0   0   0   0   0  41  46   0   0   0  1.15 inf
  337 F   -3 -5 -6 -6 -3 -5 -5 -6 -5  2  4 -5  2  1 -5 -4 -3 -4 -2  4    0   0   0   0   0   0   0   0   0   9  43   0   4   4   0   0   0   0   1  39  0.97 inf
  338 S   -1 -4 -1 -3 -4 -3 -3  0  0 -5 -5 -2 -4 -5 -4  6  2 -6 -5 -5    2   0   1   0   0   0   0   8   3   0   0   1   0   0   0  74  11   0   0   0  1.33 inf
  339 K   -2 -3  7 -2 -5 -2 -3  2  3 -6 -6  0 -5 -6 -4  2 -2 -6 -4 -5    2   0  53   0   0   1   0  14   7   0   0   6   0   0   0  15   2   0   0   0  1.16 inf
  340 F   -4 -5 -6 -6 -4 -5 -6 -6 -5 -1  6 -5 -1  5 -6 -5 -4 -4 -2 -2    0   0   0   0   0   0   0   0   0   0  77   0   0  23   0   0   0   0   0   0  1.49 inf
  341 I   -2 -4 -4 -4 -2 -3 -4 -4 -4  4  2 -3  1 -1 -4 -3 -1 -3 -2  4    0   0   0   0   0   0   0   0   0  27  20   0   3   0   0   0   0   0   0  50  0.62 inf

                      K         Lambda
Standard Ungapped    0.1379     0.3185
Standard Gapped      0.0614     0.2670
PSI Ungapped         0.2001     0.3135
PSI Gapped           0.0614     0.2670
