
Last position-specific scoring matrix computed, weighted observed percentages rounded down, information per position, and relative weight of gapless real matches to pseudocounts
           A  R  N  D  C  Q  E  G  H  I  L  K  M  F  P  S  T  W  Y  V   A   R   N   D   C   Q   E   G   H   I   L   K   M   F   P   S   T   W   Y   V
    1 D   -2 -1  2  5 -4  2  4 -2 -1 -4 -4  0 -3 -4 -2 -1 -1 -4 -3 -4    0   0  10  41   0  11  38   0   0   0   0   0   0   0   0   0   0   0   0   0  0.76 inf
    2 L   -4 -4 -5 -6 -5 -3 -5 -5 -2 -3 -2 -4 -3  4 -5 -4 -3  9  7 -3    0   0   0   0   0   1   0   0   0   1   3   0   0  14   0   0   1  27  53   1  1.88 inf
    3 N   -2  5  2 -2 -5  0  1 -4 -2 -5 -3  5 -2 -5 -3 -2 -3 -5 -4 -4    1  39   9   1   0   0   8   0   0   0   1  41   1   0   0   0   0   0   0   0  0.99 inf
    4 W   -6 -1 -7 -8 -6 -5 -6 -6 -6 -6 -5 -6 -5 -2 -7 -6 -6 13 -1 -6    0   4   0   0   0   0   0   0   0   0   0   0   0   0   0   0   0  96   1   0  4.35 inf
    5 W   -6 -7 -8 -8 -6 -6 -7 -6 -6 -7 -5 -7 -5 -3 -8 -7 -6 13  0 -7    0   0   0   0   0   0   0   0   0   0   0   0   0   0   0   0   0  99   1   0  4.70 inf
    6 E   -3 -3  2  1 -6  0  7 -4 -3 -5 -3  0 -4 -5 -4 -2 -2 -5 -5 -4    1   0  10   6   0   1  74   1   0   0   3   4   0   0   0   0   1   0   0   0  1.33 inf
    7 Q    1  0  0  2 -4  2  5 -2 -1 -4 -4  0 -3 -4 -3 -1 -2 -4 -3 -3   14   5   3  10   0  10  44   2   1   0   1   4   0   0   0   3   1   0   0   0  0.62 inf
    8 E   -1 -1 -1  0 -4  2  4 -2 -2 -3 -3  2  0 -4  3  0 -1 -4 -3 -2    3   1   1   5   0  10  32   3   0   0   1  12   3   0  17   5   2   0   0   3  0.51 inf
    9 N   -1  1  2  1 -3  1  1  0 -1 -3 -3  4 -2 -3  0 -1  0 -3 -3 -3    3   7   9  10   0   6   8   5   1   1   2  33   0   0   4   3   6   0   0   1  0.34 inf
   10 L    0  0  0  0 -1  0  0 -1  1 -1  0  2  0 -1  1  0  0  0  0 -1    6   4   4   4   1   3   4   4   4   2  14  19   2   1   8   5   6   1   4   5  0.06 inf
   11 R   -1  0  1  2 -2  1  3 -1 -1 -3 -2  0 -2 -2  3  0 -1 -3 -2 -2    4   3   6  13   1   4  28   3   1   1   3   5   1   1  16   4   3   0   1   2  0.37 inf
   12 I    0 -1  0  3 -2  0  2 -1 -1  0 -1  0 -1  0  1  0 -1 -2 -1 -1    8   2   4  20   1   4  15   3   1  11   3   4   2   4   5   7   3   0   2   2  0.14 inf
   13 A    0 -1  0  1 -2  0  1  3 -1 -2 -1  1 -2 -2 -1  0  0 -1 -2 -2    7   1   3   7   1   4   8  30   1   1   6   9   1   1   2   8   5   1   1   2  0.22 inf
   14 M    0  0  0  0  0  0  0  3  0 -2 -1  0  0 -2 -1  1  0 -2 -1 -1    3   4   4   5   2   2   8  23   2   2   6   5   3   1   2  15   6   0   2   3  0.13 inf
   15 K   -1 -1  1  5 -3  0  1  1 -2 -3 -3  2 -2 -3 -1 -1 -1 -3 -2 -3    3   2   4  37   0   4   8   9   1   1   2  15   1   1   2   3   2   0   1   2  0.45 inf
   16 G   -1 -2  1  4 -3  0  0  4 -2 -3 -3 -1 -3 -3  0  0 -1 -3 -2 -3    4   1   5  25   0   3   5  32   0   1   2   3   0   1   3   8   3   0   1   1  0.43 inf
   17 E   -1  1 -1  0 -2  1  2  2 -2 -2 -3  0 -2 -3 -2  2  1 -3 -2 -2    2   7   1   5   0   5  16  16   0   1   2   5   0   1   1  22  12   0   1   1  0.26 inf
   18 R   -1 -1 -1 -3 -1  2 -1 -4 -3  3 -1  2  0 -3 -3 -1 -1 -4 -3  3    2   2   3   0   1  10   4   0   0  25   1  15   1   0   0   3   2   0   0  30  0.37 inf
   19 R   -2  2 -3 -3 -6  2 -2 -4 -1 -5 -5  7 -1 -5 -4 -3 -3 -5 -2 -4    1   8   0   0   0  10   0   0   1   0   0  76   1   0   0   0   0   0   2   1  1.46 inf
   20 W   -7 -7 -8 -9 -7 -6 -7 -7 -7 -7 -6 -7 -6 -3 -8 -7 -7 13 -2 -7    0   0   0   0   0   0   0   0   0   0   0   0   0   0   0   0   0 100   0   0  4.88 inf
   21 E   -2  2  1  0 -2  1  0 -3  0 -3 -3  3 -2 -4 -3  0  4 -4 -2 -2    0  14   6   6   1   7   5   0   2   0   1  18   1   0   0   5  32   0   1   1  0.46 inf
   22 T   -3 -3 -2 -3 -4  3 -2 -4 -3 -3 -4 -2 -2  1 -4  1  6 -3  3 -1    0   0   1   0   0  13   1   0   0   0   0   1   0   7   0   9  55   0  11   3  0.91 inf
   23 L   -4 -5 -6 -7 -4 -5 -6 -7 -6 -1  6 -5  1  0 -6 -5 -4 -4 -4 -2    0   0   0   0   0   0   0   0   0   0  95   0   2   3   0   0   0   0   0   0  1.66 inf
   24 A   -3 -1 -3 -1 -2  2  6 -4 -2 -2 -3  0 -2 -5 -4  0 -3 -5 -4  0    1   3   0   0   1   8  63   0   0   2   3   4   0   0   0   5   0   0   0   9  0.98 inf
   25 H   -5 -4 -3 -5 -7 -3 -4 -6 11 -7 -7 -4 -5 -5 -6 -5 -5  2 -2 -7    0   0   0   0   0   0   0   0  98   0   0   0   0   0   0   0   0   2   0   0  3.48 inf
   26 N   -2  2  6 -2  0 -1 -2 -3  3 -5 -5  3 -2 -5 -4  0 -3 -6 -4 -5    3  13  51   0   2   1   1   1   6   0   0  17   1   0   0   4   0   0   0   0  1.05 inf
   27 G   -1 -5 -3 -4 -6 -5 -5  7 -5 -7 -7 -5 -6 -6 -5 -3 -5 -6 -6 -6    2   0   0   0   0   0   0  98   0   0   0   0   0   0   0   0   0   0   0   0  2.30 inf
   28 V   -2 -5 -5 -5 -4 -4 -5 -5 -5  1 -1 -4  1 -4  6 -4 -3 -6 -4  5    1   0   0   0   0   0   0   0   0   7   4   0   4   0  36   0   0   0   0  48  1.30 inf
   29 L   -1 -2 -4 -5 -1 -2 -4 -5  0  2  3 -2  3  0 -4 -3 -1  1  3  2    3   1   0   0   1   1   0   0   3  15  26   2   9   2   0   1   3   2  14  17  0.43 inf
   30 F   -6 -6 -7 -7 -6 -7 -7 -7 -5 -2 -1 -7  1  9 -7 -6 -6 -3  0 -4    0   0   0   0   0   0   0   0   0   1   3   0   3  93   0   0   0   0   0   0  2.65 inf
   31 P    4 -5 -4 -2 -4 -3 -3 -4 -5 -5 -5 -4 -4 -2  7 -1 -1 -6 -5 -2   32   0   0   2   0   1   1   0   0   0   0   0   0   2  54   2   3   0   0   3  1.50 inf
   32 P   -1 -5 -5  0 -6 -4 -1 -4 -5 -6 -6 -4 -6 -6  8 -3 -3 -7 -2 -5    5   0   0   5   0   0   5   1   0   0   0   0   0   0  80   1   1   0   2   0  2.26 inf
   33 E    1 -2 -3  1 -5 -2  3  0 -1 -5 -2 -2 -4 -2  6 -2 -3 -5 -1 -4   11   1   1   7   0   1  18   6   2   0   4   1   0   2  43   1   1   0   3   1  0.91 inf
   34 Y   -6 -5 -3 -7 -6 -5 -6 -7  3 -5 -5 -6 -5  1 -7 -5 -5  3 10 -5    0   0   2   0   0   0   0   0   5   0   0   0   0   3   0   0   0   3  88   0  2.81 inf
   35 E   -3 -2 -2 -1 -5  3  5 -4 -3 -2 -2  2 -2 -3 -4 -2  0 -5 -4  1    1   0   1   1   0  13  50   0   0   1   3  11   1   1   0   1   5   0   0  12  0.82 inf
   36 P   -2 -2 -5 -5 -6 -1 -4 -5 -5 -6 -6 -1 -6 -7  8 -2 -3 -7 -6 -2    3   2   0   0   0   3   0   0   0   0   0   3   0   0  83   2   1   0   0   3  2.38 inf
   37 H   -2  0 -1  1 -4  0  1 -2  7 -4 -4  3 -3 -4  0  1 -2 -4 -2 -3    2   3   2   6   0   2  10   2  35   0   1  21   0   0   4   9   1   0   0   1  0.80 inf
   38 G   -1 -1  3  1 -2  0  0  4  4 -4 -4 -1 -3 -4 -3  0 -1 -4 -1 -4    4   2  18   9   1   4   5  32  10   0   1   2   0   0   0   7   2   0   2   0  0.53 inf
   39 I   -2 -3 -4 -5 -3 -4 -4 -5 -5  3 -1 -2  1 -1 -1 -4 -2 -4 -3  6    2   2   0   0   0   0   0   1   0  16   2   3   4   2   3   0   2   0   0  63  1.01 inf
   40 P   -1  1 -1 -3  1  0 -2 -3  3 -3 -3  5 -2 -3  4 -1 -1 -4 -2 -3    3   6   2   0   4   4   0   2   7   1   1  39   1   1  20   2   3   0   1   2  0.66 inf
   41 I   -3 -4 -4 -4 -3 -3 -4 -4 -4  3  2 -4  5  5 -2 -1 -1 -2 -1  1    0   0   0   0   0   0   0   0   0  15  21   0  17  27   2   5   3   0   0   7  0.64 inf
   42 F   -3  0 -2 -3 -1 -1 -2 -4  0  0  2  2  0  3 -3 -3 -1  2  4 -1    0   4   1   0   1   1   2   0   2   6  21  20   2  11   0   0   4   3  17   2  0.35 inf
   43 Y   -4 -4 -5 -5  0 -4 -5 -5  1  0 -4 -4  1  1 -5 -2 -4  2  9 -2    0   0   0   0   2   0   0   0   2   5   1   0   3   2   0   4   0   2  73   3  1.94 inf
   44 D   -2  0  3  5 -1  0  1 -2 -1 -2 -4  2 -2 -4  1 -1 -2 -5 -4 -4    2   3  13  39   1   3   5   2   1   4   1  15   1   0   6   2   0   0   0   0  0.65 inf
   45 G   -1  0  0  0 -4  0  0  5 -3 -4 -4 -1 -4 -4 -3  0 -3 -4 -4 -1    4   4   5   6   0   4   6  55   0   0   1   3   0   0   0   5   0   0   0   6  0.77 inf
   46 R   -1  1  0  0  1  2  2 -3  1 -1 -2  3 -2 -3  0 -1  0 -4 -3 -1    4   4   5   4   3   9  13   0   4   4   4  27   0   0   4   4   4   0   0   6  0.25 inf
   47 E    0  0  0  0 -3  0  1 -3  1 -1 -2  0 -2 -1  5 -1  0 -4 -3 -1    6   5   4   5   0   4  10   0   3   4   4   6   0   3  31   4   7   0   0   4  0.45 inf
   48 F   -3 -4  1 -4 -3 -4 -4 -5 -4  3  1 -4  5  0 -4 -4 -2 -4 -1  5    0   0   8   0   0   0   0   0   0  16   9   0  17   3   0   0   0   0   1  44  0.82 inf
   49 K   -1  1  1  3 -4  1  2 -3  0 -3 -3  2 -3 -2 -2  0  1  2 -2 -1    3   6   7  16   0   5  13   0   2   1   1  18   0   1   1   6  12   3   0   4  0.31 inf
   50 M   -1 -5 -6 -6 -4 -5 -6 -6 -6 -1  6 -5  2 -2 -6 -5 -1 -5 -4 -2    4   0   0   0   0   0   0   0   0   0  87   0   4   1   0   0   3   0   0   1  1.49 inf
   51 T   -1 -3  1 -1 -4 -2 -2 -2  1 -4 -3 -1 -3 -4  3  3  4 -5 -4 -2    4   0   7   3   0   0   1   2   4   0   2   2   0   0  18  24  29   0   0   2  0.61 inf
   52 P   -2 -2 -2 -3 -4 -2  0 -1 -3 -2  1 -2 -2 -1  6 -1 -2 -3 -4 -2    2   2   1   1   0   1   7   4   0   2  15   2   0   4  49   4   2   0   0   3  0.95 inf
   53 E    0 -1 -1  2 -1  1  5 -3  1 -3 -2  0  1 -1 -2 -2 -2 -4 -1 -2    9   3   2   9   2   4  44   1   3   1   4   4   4   4   2   1   1   0   2   2  0.47 inf
   54 E    4 -2 -2  0 -3  4  0 -3 -3 -1 -2  0 -2 -4 -3  1  1 -4 -3 -1   38   0   0   4   0  23   4   0   0   3   3   6   0   0   0   9   7   0   0   3  0.51 inf
   55 E   -4 -1 -3 -2 -6 -1  7 -5 -3 -5 -5  1 -4 -5 -4 -3 -4 -5 -5 -2    0   2   0   0   0   0  84   0   0   0   0   8   0   0   0   0   0   0   0   3  1.74 inf
   56 E   -3  0 -3  0 -6  0  7 -5 -3 -6 -5 -2 -5 -5 -4 -3 -4  3 -4 -5    1   5   0   4   0   1  82   0   0   0   0   0   0   0   0   0   0   3   0   0  1.70 inf
   57 V    0 -4 -4 -4 -1 -4 -4 -3 -4  3  0 -2  2 -3 -1 -2 -2 -4 -3  5    9   0   0   0   1   0   0   2   0  16   6   2   5   0   3   1   0   0   0  52  0.71 inf
   58 A    6 -4 -4 -4  2 -3 -3 -2 -1 -1 -2 -3 -1 -4 -1  0 -2 -4 -4 -1   74   0   0   0   4   0   0   1   1   3   2   0   2   0   3   5   0   0   0   3  1.03 inf
   59 T   -2 -3 -1 -3 -1 -2 -3  3 -2 -3 -3 -3  2 -3 -3  1  5 -1  1 -2    1   0   2   0   1   1   0  20   1   0   1   0   5   1   0   8  47   1   6   1  0.70 inf
   60 M   -2 -4 -4 -5 -4  0 -4 -4 -2 -2  0 -4  5  7 -1 -3 -4  2  3 -3    4   0   0   0   0   4   0   1   1   0   6   1  15  51   3   1   0   2   9   0  1.13 inf
   61 F   -4 -5 -5 -5 -5 -4 -5 -5 -3 -2 -2 -5 -1  6 -5 -4 -4  8  7 -4    0   0   0   0   0   0   0   0   0   1   3   0   2  37   0   0   0  18  35   0  1.78 inf
   62 A    5 -3 -3 -3  2 -3 -3  2 -4 -3 -4 -3 -3 -4  0  1 -2 -4 -4 -1   59   0   0   0   4   0   1  18   0   0   1   0   0   0   4   7   0   0   0   3  0.85 inf
   63 V    2  1 -1 -2 -3  2 -1 -1 -2 -2 -2  3 -1 -3 -2  1  0 -4 -3  1   22   5   1   1   0  10   1   2   1   0   1  24   1   1   0   9   5   0   0  14  0.29 inf
   64 M   -2 -2 -3 -1 -3 -3 -3 -4 -3  0  1  0  8 -1 -4  0 -1 -3  0  1    1   2   0   4   0   0   0   1   0   5   9   6  48   1   0   8   3   0   3   8  0.90 inf
   65 K   -2  0 -3 -1 -3 -2 -3 -3 -2  2  4  1  2 -2 -1 -3 -2 -2 -3 -1    1   6   0   3   0   0   0   2   1  12  49  11   4   1   3   1   2   0   0   1  0.46 inf
   66 E   -2 -2  2  4 -4 -1  3  1  2 -4 -3 -1 -3 -4  0 -1 -2 -4 -3 -4    1   1   9  30   0   2  23  11   6   0   3   2   1   0   5   3   1   0   0   0  0.57 inf
   67 H   -1 -2 -2  0 -3 -1 -2 -3  5 -3 -3  0 -3 -4 -3  2  5  2 -2 -3    3   1   0   4   0   2   1   1  19   0   2   6   0   0   0  17  38   4   0   0  0.73 inf
   68 D   -2 -2  1  5 -4  1  3 -2  1 -4 -2  0 -3 -4  1 -2 -1 -4 -3 -3    3   0   7  35   0   7  19   2   4   0   5   4   0   0   8   1   3   0   0   2  0.58 inf
   69 Y   -4 -3 -1 -4  2 -2 -3 -4  6 -2 -2 -1 -3  1  0 -3 -4  4  7 -4    1   0   3   0   5   1   0   1  19   2   3   4   0   3   6   1   0   5  45   0  1.21 inf
   70 Y    2 -1 -2 -2  1 -1  1 -2 -2  0  0  0  1 -2 -2  0  2 -3  1  2   21   2   0   0   4   1  10   1   0   3   7   5   3   0   1   3  16   0   5  16  0.16 inf
   71 R   -2  0  0  0 -3  3  2 -2  2 -2 -3  2 -1 -3 -3  0  3 -4 -3 -2    1   3   4   4   0  14  15   1   5   2   1  12   2   1   0   7  24   0   0   2  0.37 inf
   72 M   -2  0  4  1 -4 -1 -2 -2 -2 -2 -2  5 -1 -4 -3 -1 -2 -4 -4 -2    3   2  26   9   0   1   0   2   0   3   5  38   2   0   0   4   1   0   0   4  0.60 inf
   73 E   -1 -1 -2  1 -4  0  4 -3  1 -4 -4  1 -4 -5  5 -1 -2 -5 -4 -3    6   2   1   9   0   2  31   0   4   1   1   9   0   0  29   2   1   0   0   1  0.78 inf
   74 V   -1  0 -2 -3 -1  0 -2 -1 -3  3  0  1  1 -2 -3 -2  2 -4 -3  3    4   4   1   0   1   3   2   6   0  19   4  10   3   0   0   1  16   0   0  24  0.25 inf
   75 F   -5 -1 -5 -5 -5 -5 -5 -5 -4 -3 -3 -5 -3  9 -5 -5 -4 -2  2 -1    1   4   0   0   0   0   0   0   0   0   1   0   0  82   0   0   0   0   5   3  2.14 inf
   76 R   -2  3  4 -2  0  4 -1 -3 -2  1 -2  0 -2 -4 -3  0 -2 -2 -3 -1    1  21  22   0   3  20   2   0   0  11   2   5   0   0   1   5   1   0   1   4  0.50 inf
   77 R   -1  1  2  1 -4  1  2 -3 -1 -4 -2  5 -3 -4 -3  0 -1 -4 -3 -3    4   7   9   6   0   6  11   1   1   0   4  42   0   0   0   6   3   0   1   1  0.55 inf
   78 N   -4 -1  8 -2 -5 -3 -3 -4 -3 -6 -6 -3 -5 -6 -1 -1 -3 -6 -5 -6    0   4  87   0   0   0   0   0   0   0   0   0   0   0   3   2   0   0   0   0  2.18 inf
   79 F   -3 -5 -5 -6 -5 -5 -5 -5 -4 -1 -1 -5 -3  9 -1 -4 -5 -2  0 -2    1   0   0   0   0   0   0   0   0   2   4   0   0  82   4   1   0   0   1   2  2.09 inf
   80 F   -2 -3 -4 -5 -4 -4 -3 -5 -4 -1 -2 -3  3  7 -1 -1 -3  6  0 -1    2   2   0   0   0   0   1   0   0   2   2   1   8  53   4   5   1  13   1   3  1.20 inf
   81 E    1  1  2  1 -3  0  1 -1  1 -3 -2  2 -1 -3 -2  1  1 -4 -2 -2   12   6  14   7   0   4   9   2   4   1   4  15   2   0   0  10   8   0   1   1  0.21 inf
   82 S   -1 -3 -1  7 -4 -1  0  0 -3 -4 -2 -3 -4 -3 -3  0 -1 -5 -4 -3    4   0   0  62   0   2   4   6   0   0   4   0   0   1   0   7   4   0   0   2  1.07 inf
   83 W   -4 -4 -5 -5 -4 -4 -5 -5 -4 -2 -1 -5 -3  7 -5  0 -4  9  0 -4    1   0   0   0   0   0   1   1   0   2   6   0   0  45   0   9   0  32   0   1  1.80 inf
   84 R   -1  5 -1 -3 -1  2 -2 -3 -1  0  0  3 -1 -3 -3 -1 -1 -4 -3 -2    3  36   2   0   1  10   1   1   1   5  11  18   1   0   0   3   4   0   0   2  0.50 inf
   85 E    0  0  0  0 -3  1  4 -2 -1 -3 -4  3 -3 -4 -1  0  0 -4 -3 -3    7   4   4   4   1   3  35   2   1   1   0  23   0   0   2   6   4   0   1   1  0.51 inf
   86 I   -1 -2 -1 -2  1 -2 -1 -3 -1  2  0 -1  4 -1 -3  0  1 -3  0  3    5   1   4   2   4   0   3   0   2  12   7   4  18   2   0   5   7   0   4  21  0.25 inf
   87 L   -3 -4 -1 -4  2 -4 -4 -5 -4  1  4 -4  3  2 -4 -3  2 -3 -3  0    0   0   3   0   4   0   0   0   0   5  47   0   9   8   0   0  17   0   0   5  0.66 inf
   88 D    0  0  0  1 -4  1  0  1 -1 -3 -2  3 -1 -4  3  0  0 -4 -3 -2    6   3   5   8   0   4   5  12   1   0   3  22   2   0  15   6   5   0   0   2  0.30 inf
   89 K   -1  1  0  2 -4  1  3  0  1 -4 -4  3  0 -4  0  0 -2 -4 -3 -3    5   5   4  11   0   4  21   8   3   0   1  25   3   0   4   5   0   0   0   0  0.38 inf
   90 R   -1  1  1  1  0  0  3  0  1 -3 -2  2  0 -3 -1  0  0 -3 -2 -3    4   7   8   5   3   3  25   6   4   0   3  13   4   0   3   4   7   0   0   1  0.24 inf
   91 Q   -1  3  2  0 -4  1  0  1  1 -3 -2  2 -2  0  1  0 -1 -3 -2 -3    3  17  10   3   0   8   3  14   4   0   3  14   0   6   8   5   3   0   0   0  0.25 inf
   92 H   -1  1 -1 -2 -1  0  1 -1  5  0 -2  2  0 -2 -2  0  0 -4 -2  1    4   7   2   1   1   2   8   5  22   5   2  13   2   2   1   5   4   0   0  14  0.26 inf
   93 P    0  0  0  1 -3  0  0 -3  0  1  0  1 -1 -2  2 -1  0 -3 -2  1    5   4   6   9   0   4   6   1   3   8   8  14   1   1  10   1   5   0   0  14  0.11 inf
   94 I   -3 -5 -3 -5 -3 -4 -5 -3 -5  7  0 -4 -1 -1 -3 -4 -3 -4 -2  2    1   0   1   0   0   0   1   2   0  72   5   0   1   2   1   1   0   0   2  10  1.32 inf
   95 R   -2  1 -1 -2 -3  2  0 -3 -2 -2 -2  5 -2 -2 -3 -1  3 -4 -3 -2    1   6   2   1   0  11   3   1   1   3   4  37   1   2   1   3  22   0   0   3  0.53 inf
   96 R   -2 -1  2  4 -1  0  2 -2  2 -4 -3  2 -3 -4 -3  2 -1 -4 -3 -3    2   3  10  27   2   2  12   1   5   0   2  12   0   0   1  16   2   0   0   1  0.47 inf
   97 L   -4 -4 -5 -5 -2 -4 -5 -5 -4  0  4 -4  1  6 -5 -4 -3  0  1 -2    1   0   0   0   1   0   0   1   0   4  43   0   2  39   0   1   0   1   4   1  1.08 inf
   98 E   -1 -1  0  4 -4  0  3 -2  1 -4 -4  2 -3 -4 -2  1 -1 -4 -3 -3    5   1   4  27   0   2  22   1   3   0   1  15   0   0   1  13   3   0   0   1  0.56 inf
   99 L   -2  0 -2  2 -4 -1  0 -3 -1 -4  0  6 -3 -1 -3 -2 -3 -4 -3 -4    2   3   1  13   0   1   4   1   1   0  10  55   0   2   0   2   0   0   1   0  0.80 inf
  100 C   -2 -5 -5 -5 10 -5 -5 -5 -5  1 -1 -5  0 -1 -5 -4 -4 -5 -4 -1    3   0   0   0  68   0   0   1   0  10   7   0   2   3   0   1   0   0   0   3  2.23 inf
  101 D   -5 -4  3  8 -6 -3 -1 -4 -4 -6 -6 -4 -6 -6 -4 -3 -4 -6 -6 -6    0   0  15  80   0   0   1   0   0   0   0   0   0   0   0   0   0   0   0   0  2.07 inf
  102 F   -5 -6 -6 -6 -5 -6 -6 -6 -4 -2 -3 -6  0  9 -6 -5 -5  1  2 -4    0   0   0   0   0   0   0   0   0   1   0   0   2  88   0   0   0   1   3   0  2.49 inf
  103 E   -1  2 -1 -1  0  1 -1 -1 -2 -3 -3  1 -1 -4  0  3  4 -2 -2 -3    1  12   2   2   2   6   2   3   0   0   2   9   2   0   4  24  28   0   1   1  0.41 inf
  104 P    0 -1 -1  1 -4  0  3 -4  0 -3 -2  2 -3 -4  5 -2 -2 -5 -2 -3    6   2   2   6   0   4  21   0   2   1   4  16   0   0  31   1   2   0   1   1  0.69 inf
  105 I   -1 -4 -5 -5 -3 -4 -5 -5 -5  6  0 -4  6 -1 -4 -4 -2 -4 -3  0    6   0   0   0   0   0   0   0   0  60   3   0  22   2   0   0   2   0   0   3  1.25 inf
  106 Y   -1  0 -2 -2 -2 -2 -3 -3  6 -3 -3  0 -3  4 -4 -1 -3  2  6 -2    6   4   2   2   1   1   0   1  20   0   1   7   0  18   0   4   0   2  27   2  0.78 inf
  107 Q    1  1  2  2 -4  1  3 -2 -1 -3 -3  2 -1 -3 -2 -1 -1 -4 -3 -2   14   9   9  13   0   7  23   1   1   1   1  11   2   1   0   3   3   0   0   1  0.35 inf
  108 W   -4 -2 -3 -5 -5 -3 -4 -5  6 -2 -2 -3  0  1 -5 -4 -4  7  7 -4    0   1   1   0   0   0   0   0  22   2   4   1   2   4   0   0   0  13  46   0  1.58 inf
  109 H   -2 -3 -2 -3  0 -2 -3 -4  3  0  2 -2 -1  5 -2 -2 -3  3  3  0    2   0   1   1   2   2   0   1   9   4  21   2   0  26   2   3   0   5  11   8  0.46 inf
  110 L   -1 -1 -1  3 -2  2  3 -3 -2 -1  0  1  1 -2 -2 -1 -1 -3 -3  0    4   1   2  16   1  11  22   1   0   2  11   9   5   1   1   3   3   0   0   8  0.26 inf
  111 V    2  1  0  1 -1  2  2 -1 -2 -2 -2  1  0 -3 -2  0 -1 -3 -3 -1   20   7   3   8   2  12  14   3   0   2   3  11   3   0   0   4   2   0   0   4  0.21 inf
  112 Q   -2  1 -2 -1 -3  4  4 -3 -2 -2  0  3 -1 -3 -3 -1 -2 -4 -3 -3    2   5   0   1   1  20  30   1   0   2   9  22   1   1   0   2   1   0   0   1  0.60 inf
  113 R    0  4 -1 -3 -4  0 -2 -2 -3 -3 -3  5 -1 -4 -3  1  0 -4 -4 -2    7  26   2   0   0   2   0   2   0   1   1  37   1   0   0  12   5   0   0   2  0.68 inf
  114 E    0 -2 -2  1 -5  1  6 -4  0 -3 -3  0 -4 -3 -3 -2 -2 -5 -4 -2   10   0   1   8   0   3  60   0   3   1   3   4   0   1   0   1   1   0   0   2  0.94 inf
  115 K    2  1 -1  0  0  1  3 -3 -2  0 -1  3 -1 -3 -1 -1 -1 -4 -3 -2   18   8   2   3   3   6  22   0   0   6   5  19   1   0   2   3   2   0   0   2  0.27 inf
  116 K   -3  5  0 -2 -5  0 -1 -2 -1 -3 -4  6 -4 -5 -4 -3 -2  0 -2 -3    0  30   4   2   0   3   2   3   1   1   0  48   0   0   0   0   1   1   1   1  1.01 inf
  117 L   -2  2  0 -2 -5 -1  0 -4 -3 -2 -1  6 -3 -5 -4 -2 -2 -5 -4 -2    2  11   4   2   0   1   3   0   0   3   6  63   0   0   0   2   1   0   0   2  0.99 inf
  118 S    3 -1  3 -1 -3  2  0  0 -1 -3 -2  0  0 -4 -3  1 -1 -4 -3 -2   29   1  20   2   0  11   6   4   1   0   4   4   3   0   0   8   3   0   0   2  0.35 inf
  119 R    0  1  0  0 -2  2  0 -2 -2  0  1  0  2 -2 -2  0  0 -3 -2  0    9  10   4   4   0  11   5   1   0   4  20   5   9   0   0   6   4   0   0   7  0.11 inf
  120 T    0  0  1  0  1 -1  0 -1 -2 -1 -1  0 -2 -3  3  2  1 -4 -3  0    4   5   8   4   3   0   5   4   0   4   4   5   0   0  15  17  11   0   0   7  0.20 inf
  121 K    1  1 -2  0 -4 -1 -1 -2  1 -2 -2  5 -3 -4  1  0  1 -4 -3 -3   11   8   1   4   0   1   2   1   4   3   4  38   0   0   7   7   7   0   0   1  0.43 inf
  122 E    1 -1  0  0  0  0  6 -2 -2 -4 -4 -1 -3 -4 -3  0 -2 -4 -2 -3   15   3   3   4   2   3  54   3   1   0   1   1   1   0   0   5   1   0   2   1  0.81 inf
  123 E   -1 -1 -3  0 -5  1  6 -2 -3 -5 -5  0 -2  0 -4 -3 -3  1 -1 -4    4   3   0   4   0   4  64   2   0   0   1   6   1   4   0   0   0   2   3   0  1.10 inf
  124 K   -3  2 -1 -3 -5 -1  0 -4  0 -4 -4  7 -4 -4 -1 -3 -3 -4  1 -4    1   9   3   1   0   0   4   1   2   0   1  67   0   0   3   1   1   0   5   1  1.25 inf
  125 K   -1  1 -1 -1 -4  3  1 -3 -2 -4  0  5 -2 -4 -3 -2 -2 -4 -3 -3    4   6   2   2   0  17   9   1   1   0   9  45   1   0   0   1   1   0   0   2  0.71 inf
  126 A    3  1 -2 -2 -3  2  1 -2 -1 -1 -1  3 -2 -4 -1 -1 -1 -4 -3  0   28   7   1   0   0  11  11   1   1   3   5  18   0   0   3   2   2   0   0   6  0.32 inf
  127 I    0 -2 -1 -1 -3  1  2 -3 -3  2  2  0  0 -1 -2 -1 -2 -3 -3 -1    7   1   3   3   0   6  19   0   0  17  26   6   1   2   2   3   1   0   0   2  0.23 inf
  128 K   -2  2 -3 -3 -5  1 -2 -2  0 -2 -3  7 -4 -5 -2 -2 -2 -5 -4 -4    2  10   0   0   0   6   0   2   2   2   2  65   0   0   2   2   2   0   0   0  1.16 inf
  129 E    1  0  0  0 -4  1  5 -3 -2 -3 -1  1 -1 -4 -3 -2 -2 -4 -4 -2   14   4   3   4   0   7  42   0   0   1   7  10   2   0   0   1   2   0   0   2  0.57 inf
  130 K    0  0 -2  0 -1  2  5 -3 -3 -1 -1  2 -1 -4 -3 -2 -2 -4 -4 -2   10   4   1   4   1   8  43   1   0   4   6  13   1   0   0   2   1   0   0   2  0.57 inf
  131 Q   -1  3  3 -1 -5  1  0 -3 -2 -4 -4  5  0 -5 -3 -1 -1 -5 -4 -4    6  19  14   2   0   5   5   0   0   0   0  38   3   0   0   3   3   0   0   0  0.72 inf
  132 D    0 -1  0  3  0  0  4 -2  0 -3 -1  1 -1 -4 -1 -1 -2 -4 -1 -2    9   2   3  20   2   3  32   2   2   0   6   7   2   0   2   3   1   0   2   2  0.41 inf
  133 A    1  1 -1 -1 -4  1  3 -2 -2 -2 -2  4  0 -1 -3  0 -1 -4 -1 -2   13   4   1   3   0   6  21   1   0   1   4  28   2   2   0   5   2   0   2   3  0.36 inf
  134 E   -1  0 -2 -2 -1  1  1 -3 -2  2  2  0  2  0 -3 -2 -1 -3 -2 -1    6   6   1   1   1   9  13   0   0  12  27   5   7   4   0   1   2   0   1   2  0.20 inf
  135 A    0  0 -2  1 -2  3  5 -2 -2 -2 -1  0 -1 -4 -3 -2 -2 -4 -2 -1    8   5   0   6   1  12  40   3   0   2   7   5   2   0   0   1   1   0   2   5  0.47 inf
  136 E    1 -1  1  1 -4  1  4 -2  1 -3 -2  2 -3  0 -3  0 -1 -4 -1 -3   12   2   6   5   0   7  28   1   4   0   5  14   0   4   0   6   1   0   2   1  0.33 inf
  137 P   -2  1 -1 -1 -5  0  3 -4  0 -2 -4  4 -2 -2  5 -2 -1 -5 -2 -4    1   7   2   2   0   2  20   0   3   2   0  27   1   2  26   1   3   0   1   0  0.72 inf
  138 Y   -5 -5 -2 -6  0 -4 -5 -6  1 -4 -2 -5 -4  4 -2 -3 -4  3  8 -3    0   0   2   0   2   0   0   0   2   0   2   0   0  18   3   2   0   3  63   2  1.85 inf
  139 R   -1 -1 -1 -3 -2  0 -3  4 -3 -2 -1  2  3 -4 -4 -2  1 -4 -4 -2    4   3   3   0   1   3   0  40   0   1   5  15  10   0   0   1  10   0   0   3  0.54 inf
  140 Y   -3 -3 -3 -5 -2 -4 -4 -1  2  0 -2 -3 -3  5 -5 -1  0  6  6 -1    1   1   1   0   1   0   1   4   5   4   1   1   0  22   0   5   5  11  32   5  0.95 inf
  141 C    4 -4 -5 -6  9 -5 -5 -1 -6 -4 -3 -5  0 -2 -5 -2 -4 -6 -5 -2   38   1   0   0  48   0   0   4   0   0   2   0   2   2   0   1   0   0   0   2  1.78 inf
  142 V   -2 -3 -3 -3 -3 -2 -1 -5 -3  3  3 -1  2  1 -4 -2  0 -1  1  2    0   1   1   1   0   1   5   0   0  23  27   4   6   4   0   1   6   1   5  14  0.39 inf
  143 W   -2 -5 -5 -1 -3 -4 -5 -5 -5  3  2 -4  3 -1 -5 -4 -3  5 -3  4    2   0   0   4   0   0   0   0   0  20  19   0   7   1   0   0   0   9   0  38  0.82 inf
  144 D   -5 -5  2  8 -7 -4 -2 -3 -4 -7 -7 -4 -7 -7 -5 -4 -4 -8 -7 -7    0   0   8  91   0   0   0   1   0   0   0   0   0   0   0   0   0   0   0   0  2.40 inf
  145 G   -3 -5 -1 -3 -5 -5 -3  7 -1 -1 -6 -4 -5 -2 -5 -2 -4  4 -5 -5    0   0   2   1   0   0   1  81   2   4   0   0   0   2   0   1   0   5   0   0  1.70 inf
  146 R   -1  3 -1 -2 -1  0  1 -3  4  1 -2  1 -2 -2 -3 -2 -1 -3 -1  1    2  25   2   0   1   1  10   1  15  10   1  11   0   2   0   1   2   0   1  15  0.29 inf
  147 R   -2  4  1 -2  0  1  2 -3 -2 -3 -1  3 -1 -4  1 -1 -1 -4 -3 -2    0  25   6   0   2   4  12   0   0   1   6  27   1   0   8   3   1   0   0   1  0.44 inf
  148 E   -1  0 -2 -1 -4  4  5 -3  2 -3 -3 -1 -3 -2 -3 -2  0 -4 -3  0    3   4   0   0   0  19  46   0   6   0   0   0   0   2   0   0   6   0   0   7  0.63 inf
  149 Q   -2  4 -1  0 -4  1  1 -3 -1 -3 -3  5 -1 -1  0 -1 -1 -3  1 -3    0  24   1   3   0   3   6   0   0   0   2  44   1   3   3   1   1   0   6   0  0.55 inf
  150 V   -1 -4 -2 -4 -2 -3 -4 -4 -4  4  1 -3  1  1 -4 -3 -1 -3 -2  4    3   0   2   0   0   0   0   0   0  26  12   0   2   5   0   0   2   0   0  48  0.57 inf
  151 A    1 -3  0 -2 -3 -1 -1  5 -3 -4 -4 -2 -3 -4  0  1 -1 -4 -4 -4   11   0   3   0   0   3   5  60   0   0   0   0   0   0   5  12   3   0   0   0  0.82 inf
  152 N   -2 -2  6  1 -4  1 -1  0  2 -1 -4 -2 -3 -4  0  1 -2 -5 -3 -4    0   0  59   6   0   8   0   4   5   5   0   0   0   0   5   8   0   0   0   0  0.83 inf
  153 F   -3 -4 -1 -4 -4 -4 -4 -4 -2 -2  0 -4 -2  7 -2 -3 -2  5  4  0    0   0   5   0   0   0   0   0   0   0   6   0   0  58   2   0   2   8  13   5  1.07 inf
  154 R   -1  4  0 -2 -4  0  0 -3 -2 -2 -1  3  1 -3 -3  0  0 -4 -3 -1    2  36   5   0   0   2   4   0   0   0   4  25   6   0   0   6   5   0   0   6  0.46 inf
  155 V    0 -3 -4 -4 -2 -3 -3 -4 -4  4  1 -3  1  1 -3 -2  1 -3 -2  4    6   0   0   0   0   0   0   0   0  39   3   0   4   5   0   0   9   0   0  34  0.49 inf
  156 E   -2 -1 -1  1 -5  0  6  0 -2 -5 -4  1 -3 -5  0  0 -2 -4 -4 -4    0   0   0   5   0   0  71   7   0   0   0   5   0   0   5   7   0   0   0   0  0.91 inf
  157 P   -2  0 -3 -3 -4 -2 -2 -1  1 -3 -4 -2 -4 -5  7 -2  0 -5 -4 -4    0   5   0   0   0   1   0   5   5   1   1   0   0   0  73   0   7   0   0   0  1.64 inf
  158 P   -2 -4 -4 -3 -4 -3 -3 -4 -4 -4 -2 -3 -4 -5  8 -2  0 -5 -5 -4    2   0   0   0   0   0   0   0   0   0   4   0   0   0  87   0   7   0   0   0  2.19 inf
  159 G   -1  1 -1 -2 -3 -2 -2  5 -3 -4 -4 -2 -3 -4 -3  1 -1  1 -3 -2    1  12   1   1   0   0   0  63   0   0   0   0   0   0   0  13   2   2   0   4  0.80 inf
  160 L   -2 -3 -4 -4 -2 -3 -4 -4 -4  2  5 -3  1 -1 -4 -1 -2 -3 -2  1    1   0   0   0   0   0   0   0   0  13  71   0   0   0   0   7   0   0   0   8  0.67 inf
  161 F   -3 -4 -4 -5  4 -4 -5 -5 -3 -1  0 -4 -1  7 -5 -4 -3 -1  3  1    0   0   0   0   9   0   0   0   0   0   4   0   0  72   0   0   0   0   6   9  1.22 inf
  162 R   -2  5 -2 -3  4  1 -2 -4 -2 -1  0  1  0 -3 -3 -2 -2 -4 -3 -1    0  52   0   0  11   8   0   0   0   2  13   4   3   0   0   0   0   0   0   2  0.59 inf
  163 G   -1  1 -2 -3 -4 -3 -3  6 -3 -5 -5 -2 -4 -5  2 -2 -3 -4 -4 -4    0  12   0   0   0   0   0  79   0   0   0   0   0   0   9   0   0   0   0   0  1.26 inf
  164 R   -2  7 -2 -3 -2 -1 -2 -4 -2 -4 -2  0 -3 -4 -4  1 -2  3 -3 -4    0  77   0   0   1   0   0   0   0   0   5   0   0   0   0  12   0   4   0   0  1.14 inf
  165 G   -1 -3 -2  0 -4 -3 -2  6 -3 -5 -5 -1 -4 -4 -3 -2 -3  4 -3 -4    0   0   0   5   0   0   1  80   0   0   0   5   0   0   0   0   0   7   0   0  1.26 inf
  166 K    0  1  0  2  0  1  3  0 -1 -3 -2  2 -1  0 -2  0 -1 -3 -2 -3    6   8   5  11   3   3  29   8   0   0   2  13   1   7   0   3   2   0   0   0  0.26 inf
  167 H    0 -2  0 -3 -4  0 -2 -3  9 -3 -4 -2 -3 -3 -3  1 -3 -3  2 -4    8   0   3   0   0   3   0   0  65   2   1   0   0   0   0  10   0   0   6   0  1.36 inf
  168 P   -2 -4 -3 -3 -4 -3 -3 -4 -4 -4 -4 -3 -4 -5  8  1  0 -5 -4 -4    0   0   0   0   0   0   0   0   0   0   0   0   0   0  77  13   7   0   0   0  1.95 inf
  169 L   -2  1 -1 -2 -4  1 -1 -3 -2 -3 -1  6  0 -4 -3 -2  1 -4 -3 -3    0   4   2   0   0   3   0   0   0   0   5  70   3   0   0   0  12   0   0   0  0.90 inf
  170 M   -1  1 -1  1 -2  0 -1 -2 -2  0  0  1  5 -2 -2  0  2 -2 -1 -1    4   6   2   8   0   5   1   1   0   3   3   9  31   1   1   4  16   0   2   3  0.26 inf
  171 G   -1 -2 -1 -2 -3 -2  0  6 -2 -3 -3 -2 -3 -3  1 -1 -2 -3 -3 -3    1   1   1   1   0   1   8  69   0   1   2   1   0   1   8   1   1   0   1   1  0.91 inf
  172 K   -1  2 -1 -1  0  2  0 -2  0 -1  0  2  3 -1 -2  0  0 -2 -1 -1    4  15   1   1   2   9   3   1   3   1   6  19  14   3   1   4   8   0   1   3  0.16 inf
  173 L   -1 -2 -3 -3 -2 -2 -2 -3  0  2  3 -2  1  1 -2 -2 -1  3  0  2    1   1   1   1   0   1   1   1   3  16  34   1   3   4   1   1   1   4   4  19  0.25 inf
  174 K   -2  2 -1 -2 -3  0  0 -2 -2 -3 -3  6 -2 -3 -2 -1 -2 -3 -2 -3    1  10   1   1   0   1   1   1   0   1   2  73   0   1   1   1   1   0   1   1  0.88 inf
  175 V   -1  3 -1 -2 -2  0  0 -1 -1 -2 -1  3 -1 -2  2 -1  0 -3 -1 -1    5  23   1   1   1   3   3   5   1   1   6  22   1   1  10   3   4   0   2   6  0.24 inf
  176 R   -2  7 -1 -3 -2 -1 -2 -3 -2  0 -3  0 -3 -4 -3 -2 -3 -4 -2 -2    2  75   3   1   1   1   1   1   0   5   1   1   0   1   1   1   1   0   1   3  1.27 inf
  177 V   -2 -3 -3 -3 -2 -3 -3 -1 -4  4  0 -3  0 -2 -3 -3 -1 -3 -2  4    1   1   1   1   0   1   1   6   0  33   5   1   2   1   1   1   2   0   0  43  0.63 inf
  178 Q   -1  1 -1 -2 -1  2 -1 -2  1  0  1 -1  2  2 -2  0  0  0  2 -1    2   9   1   1   1  12   3   2   4   3  13   1   9   9   1   7   6   1  11   2  0.11 inf
  179 P   -1 -3 -3 -3 -4 -3 -2 -3 -3 -4 -4 -3 -4 -4  8 -1 -2 -4 -4 -4    6   1   1   1   0   1   2   1   0   1   1   1   0   1  76   5   2   0   0   1  1.93 inf
  180 E   -2 -1 -1  0 -1  1  6 -2  0 -4 -3  0 -3 -4 -2  1 -1 -3 -1 -3    2   2   2   2   2   4  60   2   2   1   1   5   0   1   1  10   2   0   2   1  0.79 inf
  181 D   -2 -2  0  6 -4  3  1 -3 -1 -3 -1 -2 -2 -4 -3 -1 -2 -4 -3 -3    3   1   2  58   0  13   6   1   1   1   6   1   1   1   1   2   1   0   0   1  0.94 inf
  182 I   -2 -3 -4 -4 -2 -3 -3 -4 -4  5  0 -3  0 -2 -3 -3 -2 -3 -2  5    1   1   1   1   0   1   1   1   0  39   3   1   2   1   1   1   1   0   0  45  0.84 inf
  183 T    0 -2 -1 -2 -2 -2 -2 -3 -2  2 -1 -2  0 -2 -2  0  5 -3 -2  1    7   1   2   1   0   1   1   1   1  17   4   2   2   1   1   4  43   0   0  11  0.44 inf
  184 I   -2 -3 -4 -4 -2 -3 -4 -4 -4  6  3 -3  1 -1 -3 -3 -2 -3 -2  1    1   1   1   1   0   1   1   1   0  55  26   1   2   1   1   1   1   0   0   7  0.79 inf
  185 N   -3 -2  8 -1 -4 -2 -2  0 -2 -4 -4 -2 -4 -4 -3 -2 -2 -4 -4 -4    1   1  82   1   0   1   1   6   0   1   1   1   0   1   1   1   1   0   0   1  1.68 inf
  186 I   -2 -3 -3 -4  6 -3 -3 -4 -1  4  2 -3  0 -2 -3 -2 -2 -3 -2  1    1   1   1   1  23   1   1   1   2  35  22   1   2   1   1   3   1   0   0   4  0.68 inf
  187 G    0 -3 -1  0 -3 -1 -2  5 -2 -3 -3 -2 -3  0 -2  3 -1 -3 -3 -3    6   1   1   6   0   2   1  45   0   1   1   1   0   5   1  26   2   0   0   1  0.63 inf
  188 E    0  1 -1 -1 -3  0  3 -2 -1 -2 -2  5  1 -3 -1 -1 -1 -3 -3 -2    7   6   1   1   0   2  19   2   1   2   2  42   6   1   2   2   4   0   0   1  0.46 inf
  189 T   -2 -2  2  5 -2  0  2  1 -1 -3 -3 -1 -3  0 -2 -1 -1 -3 -1 -3    1   1  10  36   1   3  12  14   1   1   2   3   0   6   1   3   3   0   2   1  0.46 inf
  190 A    4 -2 -2 -1 -1 -1 -1 -1  0 -2 -3 -2 -1 -3 -2  3 -1 -3 -3  0   47   2   1   3   1   1   4   3   2   2   1   1   1   1   1  22   3   0   0   5  0.49 inf
  191 E   -1  0 -1 -2  0 -1  0 -3 -2 -4 -4  4 -2 -4  5 -2 -1 -4 -4 -2    4   3   2   2   2   1   6   1   1   0   1  33   1   0  35   1   4   0   0   2  0.85 inf
  192 V    0 -4 -5 -5 -3 -3 -4 -5 -2  4 -1 -4 -1 -2  0 -3 -1 -2 -2  5    7   0   0   0   0   1   0   0   1  27   1   0   1   1   6   0   3   1   1  51  0.84 inf
  193 P   -4 -5 -5 -5 -6 -5 -4 -5 -5 -6 -6 -4 -6 -7  9 -4 -4 -7 -6 -6    0   0   0   0   0   0   0   0   0   0   0   0   0   0  97   0   0   0   0   0  3.09 inf
  194 V   -1  0 -2  1  6  0  2 -2  0 -1 -2  2 -1 -4  2 -1 -1 -4 -3  0    4   3   0   7  18   2  14   3   2   3   2  18   2   0  10   2   3   0   0   6  0.35 inf
  195 P    0 -3  0  0  2  0 -1 -2  1 -4 -3 -1 -3 -4  6 -1 -1 -5 -4 -1    6   0   4   6   4   4   3   3   3   0   3   3   0   0  49   3   3   0   0   4  0.96 inf
  196 P   -3  1  0 -3 -4 -3 -3 -2  0  0  0 -3  3 -1  6 -1 -3 -4 -3 -1    1   8   5   0   0   0   0   4   3   7   8   0   9   3  41   4   0   0   0   5  0.77 inf
  197 A    0 -1 -1 -1  2  0  1 -3 -3  0 -2  1  0 -2  5 -1 -1 -4 -3  0   10   3   2   3   4   3  10   1   0   5   2   9   3   2  29   2   3   0   0   6  0.43 inf
  198 G   -2 -1  1 -3 -4 -3 -4  6 -4 -5 -5 -3 -4 -5  2 -3 -3 -4 -4 -5    1   4   6   1   0   0   1  70   0   1   1   1   0   0  12   1   1   0   0   1  1.39 inf
  199 H   -2  1 -2 -3 -5  1  0  2  8 -5 -5 -3 -4 -4 -2 -2 -2 -4  1 -5    2   8   0   0   0   6   5  19  48   0   1   0   0   0   2   2   3   0   3   0  1.25 inf
  200 K    0  2  2 -1  1  2  0 -1  0 -3 -3  4 -2 -3 -2  1  0 -3 -3 -3    7  12  10   3   3   8   2   3   2   0   2  32   1   0   0  11   3   0   0   1  0.36 inf
  201 W   -5 -5 -6 -6 -5 -5 -5 -5 -5 -5 -4 -5 -4 -2 -6 -5 -5 12  1 -5    1   0   0   0   0   0   0   1   0   0   1   0   0   0   0   1   0  89   4   1  3.95 inf
  202 A    0  0  0 -2 -3  0 -1  3 -1 -4 -4  5 -2 -4 -3 -1 -2 -4 -3 -3    6   2   4   0   1   2   2  22   1   0   1  54   1   0   0   2   0   0   0   1  0.75 inf
  203 A    1  0 -1  2 -3  1  4 -1 -2 -3 -3  1 -2 -4 -2  0 -1 -4 -3 -3   10   4   1  12   0   4  41   4   0   1   1   9   1   0   1   8   1   0   0   1  0.50 inf
  204 V   -2 -4 -4 -4 -3 -4 -4 -4 -4  5  0 -4 -1 -2 -4 -3 -1 -4 -3  5    1   0   0   0   0   0   1   1   0  32   3   1   0   0   0   1   2   0   0  56  0.94 inf
  205 Q   -2  3 -2 -3 -3  1 -1 -1 -2  1 -1  1 -1 -1 -3 -2 -1 -3  0  2    1  25   0   0   0   8   1   5   0  11   3  11   1   2   0   1   4   0   3  25  0.27 inf
  206 H   -3 -3 -1 -3  3 -2 -1 -4 10 -4 -4 -3 -3 -2 -4  0 -3 -4  0 -4    1   0   2   0   7   0   3   1  71   0   1   1   0   2   0   7   1   0   1   1  1.86 inf
  207 D   -3  0  1  6 -4 -1  1 -3 -2 -4 -4  1 -4 -4 -3 -1 -2 -4 -3 -2    1   5   7  61   0   1   5   1   0   0   2   8   0   0   0   2   1   0   1   4  0.99 inf
  208 H   -3  2  5  1 -2  3 -1 -2  1 -5 -4  1 -3 -3  1 -1 -1 -5 -3 -4    0   9  37   8   1  18   1   1   4   0   0   8   0   1   8   2   1   0   0   0  0.68 inf
  209 T   -1 -1  0  1 -3 -1  0 -2 -3 -3 -4  2 -2 -4 -3  1  5 -4 -2 -3    2   2   4   9   0   1   6   1   0   0   0  12   1   0   0   6  54   0   1   0  0.69 inf
  210 V    1 -2 -4 -4 -1 -2 -2 -1 -4  0 -1 -3 -2 -2 -4 -1 -1 -4  2  5   11   3   0   0   1   1   2   4   0   0   1   0   0   0   0   5   1   0   9  62  0.66 inf
  211 T   -1 -1 -2 -2 -3  0 -2 -4 -3  0 -1  1  3 -4 -3  1  5 -4 -3 -2    2   2   0   2   0   3   1   0   0   5   4   9   8   0   0   7  56   0   0   1  0.68 inf
  212 W   -6 -1 -6 -7 -6 -5 -6 -6  4 -6 -5 -6 -5 -3 -7 -6 -6 12 -1 -6    0   3   0   0   0   0   0   0   9   0   0   0   0   0   0   0   0  88   0   0  3.94 inf
  213 L   -4 -4 -6 -6 -4 -4 -5 -6 -5  0  6 -5  1 -2 -5 -3 -3 -4 -3  0    0   0   0   0   0   0   0   0   0   2  90   0   1   0   0   2   0   0   0   4  1.36 inf
  214 A    6 -3 -4 -4  2 -3 -3 -2 -4 -3 -4  1 -3 -2 -3  0 -2  1 -1 -2   78   0   0   0   4   0   0   0   0   0   0   9   0   1   0   2   0   2   2   2  1.04 inf
  215 M    1 -2 -1 -3  0 -1 -2 -1  0 -1  0  0  3  1 -3  2  1  0  2 -2   10   1   2   0   2   1   0   3   2   1  10   7  15   8   0  21   9   1   9   0  0.19 inf
  216 W   -5 -3  1 -6 -5 -5 -5 -5 -4 -5 -5 -5 -4  0 -6 -5 -5 12  3 -5    0   1   9   0   0   0   0   0   0   0   0   0   0   3   0   0   0  76   9   0  3.20 inf
  217 R   -2  2  1 -1 -1  1 -1 -3  0 -1 -2  4  1 -4 -3 -1  3 -4 -2 -1    1   9   7   2   1   7   2   0   2   4   1  30   4   0   0   1  26   0   1   4  0.39 inf
  218 D   -3 -3 -2  5  0  2  5 -3 -3 -5 -5 -2 -4 -5 -4 -2 -3 -5 -5 -5    0   0   0  40   2   8  46   2   0   0   0   0   0   0   0   0   0   0   0   0  1.28 inf
  219 S   -1 -2  6 -1 -3 -2 -1 -2 -1 -1 -2  0 -3 -2  2  1  0 -4 -2 -2    4   1  44   1   0   0   2   1   1   4   4   4   0   2  11  13   5   0   1   2  0.57 inf
  220 V   -2 -4 -4 -4 -3 -3 -4 -4 -4  5  1 -3 -1 -2 -2 -2 -1 -4 -3  3    1   1   0   1   0   0   1   1   0  50  13   1   0   0   2   3   3   0   0  24  0.75 inf
  221 A   -1 -1  5 -1 -3  3 -1 -2 -1 -2 -2  0 -1 -2  0  1  2 -3 -1 -2    3   1  33   1   0  17   1   1   0   2   4   4   2   2   4   9  12   0   3   2  0.44 inf
  222 G   -2 -2  3  1 -4  1 -1  5 -1 -4 -4  1 -3 -4 -1 -1 -2 -4 -3 -4    1   1  16   8   0   6   2  46   1   1   1   9   0   0   2   2   1   0   0   1  0.67 inf
  223 N    0  0  2  1  0  2  0 -1  0 -3 -1  2 -2 -2 -2  1  0 -3 -2 -2    6   4  13   6   2  15   4   4   2   1   7  14   0   1   1  15   3   0   0   1  0.20 inf
  224 M   -1  0  0 -1 -1 -2 -1 -2  1  1  0 -2  0  3 -2 -1  0  1  2  1    2   6   5   2   2   0   4   3   5  13   4   1   3  14   1   4   7   2  10  11  0.10 inf
  225 K   -3  0 -2 -3 -4 -1  0 -3  1 -4 -4  7 -3 -4 -3 -2 -3 -4 -1 -4    1   1   1   1   0   0   3   1   4   1   1  82   0   0   1   1   1   0   2   1  1.46 inf
  226 Y   -2 -4 -4 -4 -4 -3 -4 -4  1 -3 -3 -4 -3  1 -4 -4 -4 -1  9 -3    4   1   1   1   0   1   1   1   3   1   1   1   0   2   1   1   1   0  82   1  2.13 inf
  227 V   -1 -3 -3 -4  0 -1 -3 -4 -4  3 -1 -3  2 -2 -3 -3 -1 -3 -2  5    4   1   1   1   2   3   1   1   0  15   1   1   5   1   1   1   3   0   0  59  0.70 inf
  228 M   -2  2 -1 -3 -3  0 -2 -1 -2  0  0 -1  4  2 -3 -1 -1  4  1  1    1  15   2   0   0   4   1   5   0   3   3   2  21  12   0   5   2   7   5  11  0.25 inf
  229 L    0 -2 -2 -3 -2 -2 -2 -3 -2  1  3 -2  1  2  2 -1  1 -2 -1  0    9   1   0   1   0   0   1   1   0   8  36   1   4  11  10   1  11   0   0   4  0.22 inf
  230 A    2  1  2  0 -2  1  0  1  2 -3 -3  1 -2 -3 -2  1 -1 -3 -2 -2   22  10  13   6   0   7   1   9   8   0   1   8   0   0   0  13   1   0   0   1  0.22 inf
  231 P    0  1  1  1 -2  1  1 -2 -1  0 -2  0 -1 -2  2  1 -1 -3 -2  0   10  10   9  10   0   9  10   1   0  10   1   1   0   0  10  10   1   0   0  10  0.15 inf
  232 S    0 -1  2  2  1  0  1  1 -1 -3 -3  0 -1 -3 -2  2  1  2 -2 -2    6   0   9  12   5   4  10  12   0   0   1   3   3   0   0  19  11   3   0   1  0.22 inf
  233 S    1 -2 -1 -2  2  1 -1 -2 -2 -3 -1  0 -2 -3 -2  4  1 -3 -3 -2   11   0   0   0   4   8   1   1   0   0   6   7   0   0   0  54   5   0   0   1  0.48 inf
  234 S    0  1  0  0 -3  0 -1 -1  0 -3 -3  3 -3 -3  0  3  0 -4 -2 -3    6   7   2   5   0   2   1   3   2   0   1  28   0   1   5  30   3   0   1   0  0.38 inf
  235 V   -2  0 -3 -4 -3  0 -3 -4 -3  2  4 -1  1  2 -2 -1 -2  1 -1  0    0   5   0   0   0   5   0   0   0  10  47   5   1  11   1   4   0   2   0   5  0.37 inf
  236 K   -2  2 -1  0 -4  0 -1 -3 -2 -2 -4  6 -1 -4 -3  1 -2 -4 -3 -4    0   7   1   5   0   2   0   1   0   3   1  67   1   0   0   9   0   0   0   0  0.96 inf
  237 G    0  0 -2 -2 -1  2 -2  5 -2 -3 -3  1 -2  0 -3 -1 -1 -3  1 -1    6   6   0   1   1  11   1  45   0   1   1   8   0   5   1   2   2   0   5   5  0.48 inf
  238 Q    0  1 -1  0 -3  3  3 -2 -1 -2 -2  1  0  0  0 -1  0 -3 -1 -2    8   6   2   3   0  20  23   1   0   1   3   7   4   6   5   2   4   0   2   1  0.27 inf
  239 S    0  1  0 -1 -2  1 -1 -2  0 -2 -1  3  0 -3  0  2  0 -3 -2 -2    5   7   4   1   0   5   1   1   3   1   5  29   2   0   5  26   3   0   0   2  0.28 inf
  240 D   -1  0  1  6 -4 -1  0 -2 -2  0 -3 -2 -3 -3  0 -1  0 -4 -3 -2    3   5   6  56   0   0   4   1   0   9   1   1   0   0   5   1   5   0   0   1  0.74 inf
  241 M   -1  2 -2 -3 -2 -1 -1 -3  0 -1  1  0  2  2 -3  0 -1  7  1 -2    4  13   1   1   0   2   2   1   3   2  16   7   7   8   1  11   1  17   4   1  0.33 inf
  242 V    1  1  0  0 -2  2  2 -1  0 -1 -1  2  0 -3 -2  0  0 -3 -2 -1   17   6   3   5   0  16  12   3   1   2   6  13   2   0   1   4   6   0   0   2  0.17 inf
  243 K   -2  1 -1 -2 -3  1 -1 -1 -2 -3 -1  6 -2 -3 -2  1 -2 -3 -3 -3    1   3   1   1   0   4   1   5   0   1   9  61   0   0   1  11   1   0   0   1  0.64 inf
  244 F   -3 -3 -3 -4 -3 -3 -3 -4 -1 -2  1 -3 -1  5  2 -3 -3  0  6 -2    1   1   1   1   0   1   1   1   0   1  12   1   0  32  10   1   1   0  36   1  0.88 inf
  245 E   -2 -1  0  2 -3  1  5 -3 -2 -3 -3 -1  1 -3 -2  0  1 -3 -3 -3    1   1   4  11   0   3  52   1   0   1   1   1   6   0   1   7  10   0   0   1  0.62 inf
  246 K    0  0  0 -2 -2  1 -1 -2 -2 -1 -1  4 -1 -3 -2  1  2 -3 -2  0    5   2   4   1   0   7   1   1   0   2   4  37   2   0   1  11  17   0   0   6  0.29 inf
  247 A    5 -2  0 -2 -2 -2 -2 -1 -3 -1 -2 -2 -2 -3 -2  0 -1 -3 -3  1   64   1   6   1   0   1   1   1   0   3   1   1   0   0   1   4   1   0   0  14  0.59 inf
  248 R   -1  6 -2 -2 -3  0 -1 -2 -2 -3 -3  2 -1 -3 -3 -2 -2  1 -3 -2    3  59   1   1   0   3   2   3   0   1   2  13   2   1   1   1   1   2   1   3  0.89 inf
  249 K   -1  3  0 -1 -2  1  2 -2  0 -2 -1  3  3 -3 -2 -1 -1 -3 -2 -2    2  17   3   2   1   7  13   2   2   1   4  24  13   1   1   3   2   0   1   2  0.30 inf
  250 L   -2 -2 -3 -3 -3 -2 -3 -4 -3  0  5  1  0 -1 -3 -3 -2 -3 -2 -1    1   1   1   1   0   1   1   1   0   1  74  11   0   1   1   1   1   0   1   1  0.79 inf
  251 K   -1  1  0  0  1  3  0 -1  1 -3 -3  5 -2 -3 -2  0 -1 -3 -2 -3    4   3   3   3   4  15   3   4   4   2   2  42   0   0   1   5   2   0   1   1  0.45 inf
  252 D   -1  0  1  3 -3  1  1  1  1 -3 -3  3 -2 -3 -2  0 -1 -3 -2 -3    3   4   7  22   0   8   6  10   3   1   2  21   1   1   1   6   2   0   1   1  0.32 inf
  253 K   -1 -1  0 -2  3 -1 -1 -3  7 -2 -2  0 -2  0  0  1 -2 -3  3  0    3   2   4   1   8   2   3   1  30   2   2   5   0   4   5  10   1   0   9   8  0.49 inf
  254 V   -2 -2 -4 -4 -3 -3 -3 -1 -4  5  0 -3 -1 -2 -4 -3 -2 -4 -3  4    2   2   1   1   0   0   2   6   0  47   5   1   0   0   1   1   1   0   0  31  0.78 inf
  255 D   -2 -1  0  5 -4  0  2  0  2 -3 -3  2 -2 -4 -1 -1 -1 -4 -3 -2    2   2   3  39   0   2  12   8   5   1   2  13   1   0   3   4   2   0   0   2  0.53 inf
  256 D    0  2  1  1 -3  1  1 -2  0 -3 -3  4 -2 -3 -2  0 -1 -3 -2 -2    6  13   6  10   0   6   9   2   3   1   1  31   0   0   1   6   2   0   1   2  0.37 inf
  257 I   -3 -4 -4 -4 -3 -3  0 -4 -4  7  0 -4 -1 -2 -4 -4 -3 -4 -3  1    1   1   1   1   0   0   8   1   0  69   6   1   0   0   1   1   1   0   0   8  1.11 inf
  258 R   -3  7 -3 -3  0  0 -1 -4 -3  0 -4  1 -3 -4 -4 -3 -3 -4 -4 -4    1  73   1   1   2   2   2   1   0   7   1   4   0   0   1   1   1   0   0   1  1.47 inf
  259 A    1  2  1  2 -3  0  2 -2 -1 -3 -3  3 -2 -3 -2  1  0 -3 -2 -2   15   9   5  11   0   3  15   1   1   1   2  19   0   1   1   9   5   0   1   1  0.29 inf
  260 S   -1  0  1  5 -2  3  2 -2 -2 -3 -4  0 -3 -4 -3  0  1 -2 -3 -2    5   3   6  33   1  16  10   2   0   1   1   4   0   0   0   4  10   1   1   2  0.51 inf
  261 Y   -4 -4 -2 -5 -5 -4 -4 -5 -2  1 -3  0 -2  0 -5 -4 -4 -1  9 -1    1   0   2   0   0   0   0   1   0   7   1   7   1   1   0   1   0   0  71   5  1.79 inf
  262 M   -2  3  0 -2 -3  1  0  0  0 -2 -2  1  0 -1 -3 -1  2 -2 -2 -1    1  23   5   1   0   7   5   8   2   2   3  10   3   4   0   1  20   0   0   4  0.27 inf
  263 E    0  3  0  0 -4  1  2 -2 -1 -3 -3  4 -2 -3 -2 -1  1 -4 -3 -2    9  14   4   4   0   5  14   2   1   1   1  30   1   1   0   2   9   0   0   1  0.41 inf
  264 D   -1 -2  2  5 -1 -1  1 -1 -2 -3 -1  1  1 -4 -3 -1 -2 -4 -4  0    6   1   9  42   2   1   6   5   1   0   5   8   4   0   0   2   0   0   0   7  0.53 inf
  265 F   -4 -4 -4 -5 -4 -1 -4 -3 -4 -2  4 -4  5  3 -4 -4 -3  8 -2 -2    1   0   0   0   0   3   0   3   0   0  41   0  14  11   0   1   0  22   0   1  1.09 inf
  266 K   -2  2  0 -1 -4  0  0 -2 -2 -3 -3  5 -2 -4 -3  0  1 -4 -1 -1    1  10   3   2   0   3   3   2   0   0   2  49   1   0   0   6   8   0   2   6  0.60 inf
  267 S    0 -3  1  0 -2 -2 -2 -1 -1 -4 -4 -1 -4 -4 -3  6 -1 -5 -4 -4    7   0   5   4   1   1   1   2   1   1   1   3   0   0   0  70   1   0   0   0  1.01 inf
  268 N   -2  1 -1  1 -4  0  2 -1 -2 -4 -3  5 -2 -4  2 -1 -1 -4 -3 -4    2   5   3   6   0   2  16   4   0   1   2  42   1   0  10   4   2   0   0   0  0.58 inf
  269 D   -2 -2  0  4 -4  0  3 -2 -2 -1 -1  0 -2 -3 -1 -1 -2 -4 -3  0    1   0   4  29   0   3  24   2   0   2   8   7   1   1   3   4   1   0   0  10  0.41 inf
  270 L   -2  0 -2 -2 -3 -1 -1 -3 -3  0  0  0  7 -2  1 -1  0  1 -2  0    1   7   0   2   0   2   4   1   0   5   5   4  45   0   7   4   7   2   0   3  0.52 inf
  271 H    0  2 -1 -1 -2  1  1 -2  1 -1 -1  2  0 -1 -2  0  0 -2 -1  0   11  11   1   1   1   4  14   1   4   2   7  21   2   3   1   2   5   0   1   9  0.12 inf
  272 V    0  0  0  3 -2  0  2 -2 -1  0 -1  1  1 -2 -1 -1  1 -3 -2  0    8   3   3  20   0   4  14   1   1  10   3  10   5   0   1   1   9   0   0   6  0.15 inf
  273 A    0  5  0 -2 -3  1 -1 -3 -1 -3 -3  3 -2 -3 -2  0 -2  1 -2 -3    7  50   3   1   0   6   1   1   0   1   1  21   0   0   1   5   1   2   0   1  0.71 inf
  274 Q   -2  1  0  1 -4  7  1 -3 -1 -4 -3  1 -1 -4 -3 -2 -2 -3 -3 -4    1   4   2   8   0  71   2   1   0   0   1   5   2   0   0   1   0   0   0   1  1.14 inf
  275 R   -2  4 -2 -3  0 -1 -2 -3 -2  2  1  0  1 -2  1 -2  0 -1 -1  0    1  32   0   1   3   2   1   1   0  15  15   4   4   0   8   1   6   1   2   5  0.24 inf
  276 A    5 -3 -1 -2 -2 -2 -2  2 -3 -3 -3 -2 -2 -3 -2  1 -1 -3 -3 -2   66   0   2   0   0   0   1  15   0   0   1   0   0   0   0  11   0   0   0   1  0.70 inf
  277 V   -1 -3 -2  1 -2 -2 -2 -3 -3 -1 -1 -2 -1 -3 -2  0  5 -3 -3  3    2   0   0   8   0   0   1   1   0   0   5   0   0   0   0   2  51   0   0  27  0.57 inf
  278 A    4  1  1 -2  0 -1 -2  0 -2 -1 -2 -1 -2 -3 -2  0  0 -3 -2  0   57   9  10   0   2   0   1   5   0   4   1   0   0   0   0   1   4   0   0   5  0.34 inf
  279 M    0 -2 -2 -3  3 -2 -2 -2 -2  1  2 -2  3 -1 -2 -1  1 -2 -1  1    5   1   1   1   7   1   1   1   0   5  32   1  14   1   1   1  12   0   1  14  0.21 inf
  280 Y   -2 -2 -3 -3  0 -2 -2 -3  1 -2 -2 -2 -2  3 -3 -2 -2  6  7 -2    1   1   1   1   3   1   1   1   3   1   2   1   0  10   1   1   1  12  58   1  1.04 inf
  281 F   -2 -2 -2  1  0 -2 -2 -3 -2  1  3 -2  0  4 -2 -2 -2 -1  0  0    1   1   1  10   2   1   1   1   0   3  46   1   0  22   1   1   1   0   1   5  0.29 inf
  282 I    0 -3 -3 -3 -2 -2 -3 -3 -3  5  1 -2  0 -1 -2 -2 -1 -3 -2  2   11   1   1   1   0   1   1   1   0  64   6   1   0   1   1   1   1   0   1   8  0.47 inf
  283 D   -2 -2  0  6 -4 -1  2 -2 -2 -3  0 -2 -2 -2 -2 -1 -2 -3  1 -3    1   0   2  64   0   0   9   1   0   0  12   0   0   0   0   1   0   0   6   1  0.77 inf
  284 R   -1  2  0  1 -3  2  0 -2  1 -1 -2  3 -1 -2 -2 -1  1 -3 -2 -1    1  15   4   9   0   9   1   1   3   2   2  31   1   2   0   1  11   0   0   7  0.24 inf
  285 L    1 -2 -2 -3 -2 -2 -2  1 -2  0  1 -2  2  2 -3 -1  1 -1  2  1   12   0   0   0   0   0   0  12   0   0  13   0  12  13   0   0  12   0  12  12  0.16 inf
  286 A    3 -2 -1 -2 -1 -2 -2  2 -2 -1 -2 -2 -1 -3 -2  1  2 -3 -2  1   41   0   0   0   0   0   0  17   0   0   0   0   0   0   0   6  22   0   0  14  0.33 inf
  287 L   -1 -2 -2  1  3 -2 -2 -3 -2  1  2 -2  3  1 -3 -2 -1 -2 -1  1    1   1   0  11  11   0   1   1   0   4  35   1  15   7   1   1   1   0   0  11  0.22 inf
  288 R    1  2  0  2 -2  2  0 -1 -1 -2 -2  0 -1 -2 -1  1  1 -2 -2 -1   15  15   1  15   0  15   1   1   0   1   1   1   0   1   1  15  15   0   0   1  0.21 inf
  289 V    2 -2 -2  1  5 -1 -1 -2 -2 -1 -1 -2  2 -2  1  0  1 -3 -2  1   28   0   0   9  16   0   1   1   0   0   1   1  12   0   7   4   7   0   0  10  0.23 inf
  290 G   -1 -2 -1  2  2 -2 -1  5 -2 -3 -3 -2 -3 -3  2 -1 -2 -3 -3 -3    1   1   1  17   6   1   1  51   0   1   2   1   0   1  13   1   1   0   1   1  0.60 inf
  291 N    0 -1  3  1 -2  0  1  0  2 -3 -3  1 -2 -2 -2  1  1 -2  1 -2    5   1  25   8   0   0   7   7   5   1   1   9   0   0   1  12   8   0   8   1  0.24 inf
  292 E   -1  1 -1  1 -3  2  3  1 -1 -3 -3  2 -2 -3 -2  1 -1 -3 -2 -3    1   8   0   7   0   7  32  12   0   1   1  14   0   0   1  14   1   0   0   1  0.37 inf
  293 K   -1  0  2  2 -2  0  2 -1 -1 -2 -2  2 -2 -3 -1  0  1 -3 -2 -2    1   1  17  18   0   1  18   1   0   1   2  18   0   1   1   1  18   0   1   1  0.27 inf
  294 G    0 -1  0  4 -3  0  2  1 -2 -2 -3  0 -2 -3 -2  0  0 -3 -1 -1    8   3   3  30   0   2  14  10   0   1   1   7   0   0   1   4   5   0   2   7  0.29 inf
  295 E   -1 -1  0  2 -3  1  3 -1 -2 -1 -2  0  0 -3  2  0  0 -3 -3 -1    5   1   4   9   0   4  31   5   0   4   1   5   4   0  12   4   5   0   0   4  0.32 inf
  296 D    0 -2  2  5 -4 -1  2  1 -2 -4 -4 -2 -3 -4 -2  0 -2 -4 -3 -3    8   1   8  43   0   0  15  12   0   1   1   1   0   0   1   8   1   0   0   1  0.66 inf
  297 E   -1  0 -1  0 -3  2  4  1 -1 -3 -2  0 -2 -3 -2  0  1 -3 -2 -2    3   3   1   1   0   9  49  13   0   1   3   1   0   0   1   3  11   0   0   1  0.45 inf
  298 A    4 -2 -1  0 -1 -1 -1 -1  2 -2 -1 -1 -1 -2  1  1  1 -3 -2 -1   53   1   1   5   0   1   1   1   6   1   7   1   0   0   6   4  11   0   0   1  0.32 inf
  299 D   -1 -2  1  5 -3 -1  1  1 -2 -3 -3 -1 -3 -3 -2  1  1 -3 -3 -3    1   1   3  50   0   1   9  13   0   1   1   1   0   0   1   9   9   0   0   1  0.59 inf
  300 T   -1 -2 -1 -2 -2 -1 -1  1 -2 -1 -2  0 -2 -3 -2  1  5 -3 -2  0    1   1   1   1   0   1   1  13   0   1   1   6   0   0   1  12  52   0   0   9  0.42 inf
  301 V    0 -2 -3 -3  2 -2 -2 -3 -2  1  0 -2  0  0 -2 -2 -1 -2  2  4    6   1   1   1   6   1   1   1   0   3   2   1   0   3   1   1   1   0   8  61  0.37 inf
  302 G   -1 -3 -1 -2 -3 -2 -2  6 -2 -3 -3 -2 -3 -3 -2 -1  0 -3 -3 -3    1   1   1   1   0   1   1  79   0   1   2   1   0   1   1   1   6   0   1   1  1.05 inf
  303 C    0 -3 -3 -3  9 -3 -3 -3 -3 -1  1 -3 -1 -2 -3 -2 -2 -3 -3  0    8   1   1   1  60   1   1   1   0   1  14   1   0   1   1   1   1   0   0   8  1.15 inf
  304 C   -2 -3 -3 -3 10 -3 -3 -3 -3 -2 -2 -3 -2  0 -3 -1  0 -3 -3 -2    1   1   1   1  73   1   1   1   0   1   1   1   0   5   1   3   8   0   0   1  1.61 inf
  305 S    0 -2 -1  0 -2 -1 -1 -1 -2 -2 -2 -1 -2 -3 -2  5  3 -3 -2 -2    1   1   1   3   0   1   1   1   0   1   4   1   0   1   1  57  24   0   1   1  0.55 inf
  306 L   -2 -3 -3 -3 -2 -3 -3 -3 -3  1  5 -3  1 -1 -3 -3 -2 -2 -2  0    1   1   1   1   0   1   1   1   0   5  81   1   0   1   1   1   1   0   1   1  0.72 inf
  307 R   -2  6 -1 -2 -3  1 -1 -2  1 -3 -2  3 -2 -3 -1 -1 -2 -3 -2 -3    1  52   1   1   0   3   1   1   3   1   4  24   0   1   3   1   1   0   1   1  0.69 inf
  308 V   -1 -2 -3 -3  2 -2 -2 -3 -2  1  0  0  0  0 -1 -2 -1 -2  2  4    2   1   1   1   6   1   1   1   0   3   2   6   1   4   4   1   2   0   9  55  0.35 inf
  309 E   -1  0 -1  1 -4  2  6 -1 -1 -4 -3  1 -3 -4 -2 -1 -2 -3 -3 -3    3   2   1   3   0   6  66   6   0   1   1   8   0   0   1   1   1   0   0   1  0.77 inf
  310 H   -3 -2  4 -2 -4 -1 -1 -3  9 -4 -4 -2 -3 -3 -3 -2 -2 -3  0 -4    1   1  25   1   0   1   1   1  63   1   1   1   0   0   1   1   1   0   0   1  1.40 inf
  311 I   -1 -3 -3 -3 -2 -2 -3 -3 -3  4  1 -3  2  0 -3 -2 -1 -2  0  4    4   1   1   1   0   1   1   1   0  29   8   1   4   2   1   1   2   0   3  41  0.40 inf
  312 Q   -1  2  0 -1 -2  2  1 -2  0 -2 -2  3 -1 -2 -2  0  2 -3 -2 -2    2   9   2   2   0  11  10   1   2   2   1  23   2   1   1   6  23   0   0   1  0.27 inf
  313 L   -1 -2 -3 -3  3 -2 -3 -3 -3  1  4 -3  1  2 -1 -2 -1 -2 -1  0    4   2   1   1   8   1   1   2   0   4  57   1   2  10   3   1   2   0   0   2  0.38 inf
  314 M   -2  0 -1 -1  1  0  1 -2  6  0 -1  1  0 -2 -1 -1 -1 -3  0  0    2   4   2   3   4   3  10   1  26   6   6  10   3   1   3   4   2   0   2   8  0.26 inf
  315 P   -1  0  0  1 -4  1  1  0  2 -3 -3  3  0 -4  3  0  0 -4 -3 -3    5   5   5   7   0   5  10   5   5   0   0  21   4   0  18   4   6   0   0   0  0.36 inf
  316 D   -1  1  1  1 -3  1  1  0  2  0 -2  1 -2 -2  1  0  0 -3  1  0    1   7   7   7   0   7   7   7   7   7   1   7   0   0   7   7   7   0   7   7  0.11 inf
  317 N   -1 -1  5  1  1  0 -1 -1  2 -2 -3 -1 -2 -1 -1 -1 -1 -3  1 -1    5   2  43   6   3   4   2   2   6   1   1   2   0   2   3   3   2   0   5   7  0.44 inf
  318 I   -1  0 -1 -2  0  0 -1 -2 -2  0  0  1  0 -2  1 -1  2 -3 -1  2    3   3   2   1   2   4   4   1   1   3   5  13   1   1   8   2  17   0   1  28  0.16 inf
  319 V   -1 -3 -3 -3 -2 -3 -3 -3 -3  4  2 -3  0 -1 -3 -2 -1 -3 -2  4    2   1   1   1   0   1   1   1   0  23  18   1   0   1   1   3   2   0   0  43  0.53 inf
  320 R   -1  1 -1  0 -3  1  3 -2  2  0 -2  2 -1 -2 -2 -1  1 -2  0  0    2   9   2   2   0   7  25   2   6   7   1  13   0   1   1   2   8   0   3   6  0.21 inf
  321 F   -3 -3  0 -4 -3 -4 -4 -4 -3 -1  3 -4 -1  6 -4 -3 -3 -2  0  0    1   0   6   0   0   0   1   1   0   0  31   1   0  50   0   1   1   0   0   6  0.89 inf
  322 D   -2 -2  2  6 -4  1  2 -3 -2 -4 -2 -1 -3 -4 -3 -1 -2 -4 -4 -3    2   0   7  60   0   6  10   1   0   0   6   3   0   0   0   2   1   0   0   1  0.95 inf
  323 F    2 -4 -4 -4 -3 -4 -4 -3 -3 -2 -2 -4 -2  8 -4 -1 -3 -1  0 -3   17   0   0   0   0   0   1   1   0   0   1   1   0  70   0   6   1   0   0   1  1.30 inf
  324 L   -3  0  0 -3 -3 -3 -3 -1 -3 -1  5 -3  1 -1 -1 -2 -2 -3 -3 -1    1   6   6   0   0   0   1   5   0   0  70   1   2   0   3   2   1   0   0   1  0.64 inf
  325 G   -1  0  0 -3 -4 -3 -3  6 -3 -4 -4  0 -4 -4 -2 -2 -3 -4 -4 -4    2   6   5   0   0   0   1  74   0   0   1   6   0   0   2   1   1   0   0   1  1.20 inf
  326 K   -2  1 -2 -2 -4 -1 -1  0  2 -4 -4  6 -3 -4 -3  0 -1 -4 -3 -4    1   5   0   0   0   0   1   6   6   0   1  67   0   0   0   6   4   0   0   1  0.91 inf
  327 D   -3 -1  1  7 -4 -2  1 -3 -2 -4 -4  0 -4 -4 -3 -1 -2 -5 -4 -4    1   4   6  70   0   0   6   1   0   0   1   6   0   0   0   2   1   0   0   1  1.24 inf
  328 S   -1  2  2 -2 -1 -2 -2 -2  2 -4 -4 -1 -1 -4 -3  5 -1 -4 -3 -3    2  11   9   0   1   0   1   2   6   0   1   1   1   0   0  62   1   0   0   1  0.74 inf
  329 I   -2 -3 -3 -3 -2  2 -2 -3 -3  5  1 -2  3 -2 -3 -2 -2 -3 -2  3    1   1   1   1   0  11   1   1   0  46   6   1   9   1   1   1   1   0   0  17  0.54 inf
  330 R   -2  6 -2 -2 -3  1  0 -3 -2 -3 -1  2 -2 -3  1 -2 -2 -3 -3 -3    1  56   1   1   0   5   3   1   0   1   6  10   0   1   8   1   1   0   1   1  0.78 inf
  331 Y   -3 -3 -3 -3 -3 -3 -1 -4 -1 -2 -2 -3 -2  3 -4 -2 -3  4  8  0    1   1   1   1   0   1   6   1   0   1   1   1   0  13   1   2   1   5  58   7  1.22 inf
  332 Q   -2  0  0 -1 -2  1  1 -3  2 -2 -1  1 -1  2 -3 -2 -1 -1  5 -2    1   4   5   3   1   8   8   1   5   1   4  11   1  10   1   1   3   0  30   2  0.36 inf
  333 N   -2  1  6  0 -3  2  1 -2  0 -4 -3  2 -3 -3 -2 -1 -2 -4 -2 -3    2   8  47   3   0   9   8   1   1   1   1  13   0   1   1   1   1   0   1   1  0.68 inf
  334 D   -1  2 -1  0 -1  0  2 -2 -1 -2 -2  0 -2 -2 -2  1  3 -2 -2 -1    3  12   1   3   1   3  19   1   1   1   2   5   0   1   1  10  31   1   0   4  0.31 inf
  335 V    0 -4 -4 -4 -3 -3 -4 -4 -1  2  0 -3 -1 -1 -4 -1 -1 -4 -2  6    8   0   0   1   0   0   1   1   2   8   7   1   1   2   0   4   2   0   1  61  0.76 inf
  336 A    0 -1 -1  1  1  1  3 -3 -1 -2 -2  1  0 -3  3  1  1 -4 -3 -2    5   1   1   6   4   4  24   1   1   1   2  11   3   0  13  11  10   0   0   3  0.32 inf
  337 V   -1 -4 -4 -4 -3 -4 -4 -1 -2  2  1 -4  0 -3 -4 -3 -2 -4 -3  6    4   0   0   1   0   0   1   5   1  10  10   1   1   0   0   1   1   0   0  63  0.87 inf
  338 L   -2 -1  0  4 -4  1  4 -1  0 -2 -3 -1 -3 -4  1  0  0 -4 -3 -3    1   3   3  24   0   4  31   5   2   2   3   1   0   0   7   8   4   0   1   1  0.50 inf
  339 P   -1  0 -2 -1 -4  0  1 -3  0 -3 -2  4 -3 -3  5 -2 -2 -4 -3 -3    4   3   1   4   0   3   8   1   2   1   4  31   0   1  33   1   1   0   0   1  0.76 inf
  340 E   -1  2 -2  1 -4  4  1 -2 -1 -1 -1  1 -2 -4  2 -1 -1 -4 -2 -1    4  11   0   8   0  26   6   2   1   3   7  10   0   0  10   2   2   0   2   6  0.33 inf
  341 V    1 -4 -5 -5 -3 -4 -4 -4 -5  1  0 -4 -2  1 -4 -3 -2 -4 -3  6   13   0   0   0   0   0   0   0   0   4   7   0   0   6   0   0   0   0   0  66  1.02 inf
  342 Y   -4 -2 -4 -4 -1 -1 -1 -5  1 -3 -3 -4 -3  6 -5 -3 -2  2  6 -1    1   2   0   0   1   3   5   0   3   0   1   0   0  38   0   2   3   2  33   5  1.17 inf
  343 A   -2  1  3  0 -4  1  1 -3  0 -3 -3  5 -3 -4 -3 -1 -2 -1  0 -4    3   4  13   4   0   4  10   0   2   2   2  46   0   0   0   3   2   1   3   0  0.65 inf
  344 L    1 -2  7 -1  0 -2 -2  0  0 -4 -1 -3  1 -4 -4 -1 -2 -5 -4 -1   11   2  57   1   2   0   1   5   2   0   5   1   5   0   0   1   1   0   0   4  0.94 inf
  345 L   -3  0 -4 -4 -3 -3 -4 -4 -4  3  4 -3  2  1 -4 -1 -3 -3 -3  0    1   5   0   0   0   0   0   1   0  20  53   0   4   4   0   5   0   0   0   5  0.69 inf
  346 Q   -1  2 -1 -2 -1  3  0  0 -1 -1 -2  3  0 -2 -2  0 -1 -3 -3 -1    4  11   1   0   1  17   6   9   1   3   3  22   2   2   0   8   3   0   0   5  0.25 inf
  347 R   -1  0 -2 -1 -3  1  1  0 -1  2  1  1  1 -1 -2 -1 -1  1 -1  0    2   6   1   1   0   7  10   8   2  15  19  10   4   2   1   5   2   2   1   3  0.08 inf
  348 F   -4 -5 -5 -5 -1 -5 -5 -5 -4 -3  0 -5  0  8 -5 -2 -1  4  0 -3    1   0   0   0   2   0   0   1   0   0   8   0   2  71   0   3   5   5   0   0  1.67 inf
  349 T   -2  0  0 -3  5  1 -2 -3 -3  1  0  3  4 -3 -1 -1 -1 -4 -3  0    1   5   5   0  14   7   0   1   0   7   6  19  15   0   3   5   3   0   0   8  0.34 inf
  350 R    0  2  1  1 -1  1  2 -2 -1 -4 -4  4 -3 -4 -3 -1 -1 -4 -2 -2    7  11   6   6   2   4  17   1   1   0   1  36   0   0   0   3   2   0   1   2  0.49 inf
  351 R    0  0  3  1 -3 -1 -1  3  1 -4 -4  0 -3 -4  0  1 -1 -4 -3 -3    9   5  19   6   0   1   2  27   4   0   1   7   0   0   5   9   2   0   0   1  0.40 inf
  352 K   -3  0 -3 -3 -4 -2 -2 -4 -3 -2 -4  7 -3 -4 -3 -2 -1 -4 -4 -3    1   1   1   1   0   1   1   1   0   2   1  81   0   0   1   2   4   0   0   2  1.55 inf
  353 S   -1  1  0  1 -2  1  1  1  0 -3 -3  4 -3 -4 -2  1 -1 -3 -3 -3    2   5   4   9   1   7   8  12   2   1   1  32   0   0   1  10   4   0   0   1  0.36 inf
  354 P   -2 -2 -2  2 -4 -1  1 -1 -3 -3 -4  1 -4 -4  6  0 -1 -5 -4 -2    2   1   1  10   0   2  10   4   0   1   1  11   0   0  43   5   2   0   0   4  0.90 inf
  355 G   -1 -1  1  2  1 -1  1  4 -1 -4 -4  1 -2 -4 -2  2  0 -4 -3 -3    2   3   5  11   3   2   8  30   1   0   1   8   1   0   1  18   4   0   0   1  0.40 inf
  356 M   -1 -3 -1  7 -5  0  2 -3  0 -4 -2 -2 -1 -4 -3 -2 -1 -5 -2 -3    4   0   1  61   0   3  11   1   2   0   4   1   2   0   0   2   3   0   1   2  1.11 inf
  357 D   -2 -2  1  5 -3  2  2 -2 -1 -3 -1 -1  0 -2  1 -2 -2 -4 -1 -3    2   0   7  36   0   8  15   2   1   0   8   1   4   2   7   1   0   0   2   1  0.51 inf
  358 I   -3 -4 -4 -5 -3 -4 -4 -5 -4  4  4 -4  0 -2 -4 -4 -3 -4 -3  3    1   0   0   0   0   0   1   1   0  26  47   0   0   0   0   1   0   0   0  20  0.88 inf
  359 F   -4 -5 -5 -5 -5 -5 -5 -2 -4 -3 -2 -5 -3  9 -5 -3 -4 -2  0 -4    1   0   0   0   0   0   1   3   0   0   2   0   0  86   0   2   0   0   0   1  2.24 inf
  360 D   -3 -2  0  7 -5  0  1 -3  0 -5 -5 -2 -4 -5 -3  0 -2 -5 -1 -5    1   1   3  67   0   3   7   1   2   0   1   2   0   0   0   5   2   0   2   1  1.33 inf
  361 Q   -2  5 -1  1 -1  3  1 -2 -1 -3 -2  2 -1 -3 -1 -1 -1 -3  0 -3    2  35   1   7   2  12   6   2   1   0   5  11   1   0   3   3   2   0   3   1  0.46 inf
  362 L   -3 -4 -4 -4 -3 -4 -4 -4 -4  4  4 -4  1 -1 -4 -2 -3 -3 -3  1    1   1   0   1   0   0   1   1   0  28  51   1   2   2   1   3   1   0   0   8  0.82 inf
  363 N   -1 -1  4  3 -3 -1 -1 -2 -1 -3 -3 -1 -3 -4 -1  1  3 -4 -3 -2    2   3  26  19   0   3   2   1   1   1   1   2   0   0   2   9  24   0   0   3  0.55 inf
  364 P    0 -3 -3 -3  0 -3 -3 -2 -4 -3 -3 -3 -1 -3  3  1  6 -4 -4 -1    6   0   0   0   2   0   0   3   0   1   1   0   1   1  15   8  54   0   0   5  0.90 inf
  365 T    1  0  0 -1 -2  1 -1  0 -1 -3 -3 -1 -3 -4 -2  3  3 -4 -3 -2   12   5   4   3   1   7   2   7   1   1   1   1   0   0   2  30  21   0   0   2  0.38 inf
  366 Q   -1  0 -1  1 -3  1  0 -1  1  1 -1  2 -1 -2 -2  2  0 -3 -2  0    3   4   1   7   0   5   5   4   4  10   4  18   1   2   0  18   5   0   0   6  0.12 inf
  367 L   -3 -4 -5 -5 -3 -4 -5 -5 -5  0  5 -4  1 -2 -5 -4 -3 -4 -3  3    1   0   0   0   0   0   0   0   0   2  71   0   2   0   0   0   0   0   0  20  1.16 inf
  368 N   -4 -3  8  0 -5 -3 -3 -3 -2 -5 -5 -3 -4 -5 -4 -2 -2 -5 -4 -5    1   0  88   4   0   0   1   1   0   0   1   0   0   0   0   1   2   0   0   1  2.14 inf
  369 D    1  1  0  1 -4  1  1 -3 -2 -3 -3  4 -1 -4 -2 -1  0 -4 -3 -3   15   8   4  10   0   5   7   1   1   0   1  38   1   0   0   1   7   0   0   1  0.46 inf
  370 H   -3 -1 -3 -4 -5 -1 -2 -4  9 -4 -4 -2 -3  2 -4 -3 -4  1  5 -4    1   4   0   0   0   3   1   1  51   0   1   1   0   9   0   1   0   1  24   0  1.65 inf
  371 L   -4 -4 -5 -6 -4 -4 -5 -6 -5 -1  6 -5 -1  1 -5 -5 -4 -4  1  0    0   0   0   0   0   0   0   0   0   0  84   0   0   4   0   0   0   0   4   3  1.34 inf
  372 K   -1  0  1 -1  1  4 -1 -1 -1 -4 -4  4 -3 -4 -3  1  0 -4 -3 -4    2   3   5   1   3  22   2   3   1   0   0  37   0   0   0  13   5   0   0   0  0.62 inf
  373 S   -2 -1  2  3  1  0  3  0 -1 -4 -4  0 -3 -2 -3  3  0 -4 -2 -3    1   1   8  17   3   3  19   5   1   0   0   5   0   1   0  28   5   0   1   0  0.43 inf
  374 F   -2 -2 -1 -3  0 -1 -1 -2  0  1  2 -2  1  2  2 -1 -2 -1  3 -1    1   0   4   1   3   3   3   3   3   8  26   1   3  11  11   4   1   0  15   1  0.21 inf
  375 M   -2  0 -3 -1 -3 -2 -3 -4 -3 -1  1  0  8 -2 -3 -3  0 -3 -3  1    1   6   0   5   0   0   1   1   0   0   8   5  55   0   0   1   6   0   0  10  0.86 inf
  376 D   -1 -1  0  3 -3  1  1 -2 -2 -2 -2  3 -2 -4  4  0  0 -4 -3 -3    4   0   3  22   0   6   6   1   0   3   3  22   0   0  19   4   4   0   0   0  0.43 inf
  377 G   -1 -1  3  0 -3 -2 -1  5 -2 -4 -4 -1 -3 -3 -2  0 -1 -3 -3 -3    1   2  16   3   0   1   3  62   0   1   1   2   0   0   1   3   3   0   0   1  0.77 inf
  378 L   -2 -3 -3 -4 -2 -3 -3 -4 -3  2  5 -3  1  1 -3 -3 -2 -2 -1  1    1   1   1   1   0   1   1   1   0   7  74   1   0   5   1   1   1   0   0   4  0.61 inf
  379 S    1 -2 -1 -2 -2  0 -1 -2 -2 -2 -2 -1 -2 -3 -2  3  5 -3 -2 -1    8   1   1   1   0   5   1   1   0   1   1   1   0   0   1  24  54   0   0   1  0.58 inf
  380 A    5 -2 -2 -2 -1 -2 -2 -1 -2 -1 -2 -2 -2 -3 -2  0  0 -3 -2  0   71   1   1   1   0   1   1   1   0   3   1   1   0   0   1   3   6   0   0   8  0.56 inf
  381 K   -2  2 -2 -2 -4  0 -1  0  1 -4 -4  6 -3 -4 -2  0 -2 -4 -3 -3    1   8   0   0   0   0   1   8   3   0   1  68   0   0   0   5   1   0   0   1  0.86 inf
  382 V   -1 -1 -3 -3 -2 -3 -3 -3 -3  1  1 -3 -1 -2 -3 -1 -1 -3 -2  5    1   4   1   1   0   1   1   1   0   4   9   1   0   1   1   4   1   0   0  70  0.66 inf
  383 F   -3 -3 -4 -4 -3 -3 -4 -4 -3 -1  0 -3 -1  8 -4 -3 -3  1  1  0    1   1   1   1   0   1   1   1   0   1   6   1   0  73   1   1   1   2   0   8  1.22 inf
  384 R   -2  7 -2 -3  4 -1 -2 -3 -2 -3 -3  0 -3 -3 -3 -2 -2 -3 -3 -3    1  73   1   1  11   1   1   1   0   1   1   1   0   1   1   1   1   0   0   1  1.21 inf
  385 T   -2 -2 -2 -2 -2 -2 -2 -3 -3  1 -2 -2 -2 -3 -2  0  7 -3 -3 -1    1   1   1   1   0   1   1   1   0   8   1   1   0   1   1   1  79   0   0   1  1.07 inf
  386 Y   -3 -3 -3 -4  2 -3 -3 -4  0 -2 -1 -3 -2  3 -3 -3 -2  0  8  0    1   1   1   1   5   1   1   1   1   1   3   1   0   9   1   1   1   0  62   8  1.13 inf
  387 N   -2 -1  7  0 -3 -1 -1 -2  0 -1 -1  1 -2 -3 -3  0 -1 -4 -3 -3    1   1  63   1   0   2   1   1   1   4   6  10   0   1   1   4   1   0   0   1  0.85 inf
  388 A    5 -2  0 -2 -2  1 -2 -1 -2 -2 -3 -2 -2 -3 -2  0 -1 -3 -3 -2   74   1   4   1   0   8   1   1   0   1   1   1   0   1   1   1   3   0   0   1  0.75 inf
  389 S   -1 -2 -1 -2  4 -2 -2 -2 -2 -3 -3 -2 -2 -3 -2  5  1 -3 -3 -2    1   1   1   1  10   1   1   1   0   1   1   1   0   1   1  70   8   0   0   1  0.84 inf
  390 I   -1 -1 -1 -2 -2  0 -1 -2 -1  2  1  0  0  1 -2  0  1  2  2  1    3   3   2   1   0   5   1   1   1  25  10   7   0   5   1   9   9   3   8   6  0.08 inf
  391 T   -1 -2 -2 -2 -2 -2 -2 -2 -2  0  1 -1  2 -2 -2  1  5 -3 -2  1    1   1   1   1   0   1   1   1   0   4  13   2   6   1   1   9  51   0   0   8  0.46 inf
  392 L    0 -2 -3 -3 -1 -2 -3 -3 -3  0  3 -2  4  2 -3 -2 -2 -2 -1  1    9   1   1   1   1   1   1   1   0   1  43   1  16  11   1   1   1   0   0  10  0.39 inf
  393 D    0 -1  0  3 -2  4  2 -2 -1 -3 -3  1 -2 -3 -2  0 -1 -3 -2 -3    5   1   1  21   1  31  14   2   0   1   2   7   0   1   1   7   1   0   1   1  0.46 inf
  394 R   -1  3  1  1 -2  2  2 -1 -1 -3 -3  2 -2 -3  1 -1  0 -3 -2 -2    1  19   8  10   1  13  12   5   1   0   1  12   0   0   8   1   6   0   0   2  0.31 inf
  395 W   -1  0 -1 -2 -3  4  1 -3  0 -1  0  0  1 -1  2 -1 -1  1  1  0    1   5   1   0   0  27   9   1   2   2  13   2   4   1  11   4   0   2   5   8  0.23 inf
  396 F   -3 -3 -4 -4 -3 -3 -4 -4 -4  0  5 -3  0  2 -4 -3 -2 -2 -2  1    1   0   0   0   0   0   0   1   0   1  74   0   0  10   0   1   0   0   0   8  0.80 inf
  397 K   -1  1  1  1 -3  0  0 -2 -1 -2 -2  2 -2 -3  2  1  2 -3 -2 -1    2   6   6   6   0   3   3   1   1   2   1  21   0   1  11  14  17   0   1   3  0.25 inf
  398 E   -1  3  1  1 -3  1  2 -2 -1 -3 -3  2 -2 -4  3  0 -1 -3 -3 -3    2  17   6   7   0   5  18   2   1   0   1  18   1   0  15   4   1   0   0   1  0.40 inf
  399 K    1  0  0 -1 -2 -1  0 -1 -1 -1 -1  1  0 -2  2  0  1 -2 -2 -1   20   5   6   1   0   1   6   4   2   4   6  15   3   0  12   3   8   0   1   4  0.15 inf
  400 P   -2 -1  1  3 -2  0  3  0  0 -3 -3  1 -3 -4  2  0  1 -4 -3 -3    1   1   7  18   1   0  28   7   2   0   1   9   0   0  10   3  11   0   0   1  0.41 inf
  401 W    0  0  0  0 -3  1  0  0  1  0 -1  0  1  0  1  0  0  3 -1  0    6   6   5   6   0   5   6   6   5   6   6   6   5   5   6   6   6   5   0   6  0.06 inf
  402 S   -1 -3  2  2 -4  0 -1 -3  1 -4 -2 -1 -3 -4 -1  4  3 -5 -4 -3    3   0  10  10   0   3   3   0   3   0   5   4   0   0   3  31  23   0   0   0  0.54 inf
  403 T    0 -1 -1 -1 -3  0  0 -4 -3  3  1 -2  1 -3  1 -1  0 -4 -3  3    6   2   2   4   0   4   7   0   0  16  12   0   4   0   7   3   6   0   0  24  0.24 inf
  404 A    3 -2  1 -1 -3  2 -1 -1  2 -2 -2  0  0 -1  2  1  0 -4 -3 -2   30   0   6   3   0  10   3   2   5   2   3   5   3   2   9   9   4   0   0   2  0.27 inf
  405 D    0 -2  1  1 -2  1  6 -3 -1 -2 -4  0 -2 -3 -3 -2 -2 -5 -4 -2    7   2   5   8   1   4  54   2   1   2   1   4   1   1   1   2   1   0   0   2  0.85 inf
  406 K   -4  0 -2 -4 -6 -1 -2 -5 -4 -2 -1  7  0 -5 -3 -4 -3 -6 -2 -5    0   3   1   0   0   2   2   0   0   2   8  74   2   0   1   0   1   0   1   0  1.51 inf
  407 L   -2 -2 -5 -5 -4 -4 -3 -6 -2  4  3  0  1 -1 -5 -4 -2 -5 -2  4    2   2   0   0   0   0   1   0   1  25  28   6   3   2   0   0   1   0   1  28  0.72 inf
  408 A    1 -1  0 -1 -3 -2 -3 -3 -2  0  3  1 -1 -1 -4 -1 -1 -3  2  1   13   2   6   3   0   1   0   1   1   3  32  11   1   2   0   4   2   0   9  10  0.23 inf
  409 Y    3 -2 -3  0 -1 -1 -1 -3  2 -1 -1  0 -2  2 -3  2 -1 -3  1  1   27   1   0   5   1   2   2   0   6   2   6   5   0  10   0  14   3   0   6   9  0.23 inf
  410 F    0 -6 -6 -7 -7 -6 -6 -7  1 -6 -5 -6 -5  3 -7 -6 -6 -2  9 -5    8   0   0   0   0   0   0   0   3   0   0   0   0  11   0   0   0   0  79   0  2.71 inf
  411 N   -4 -1  8  1 -6  1 -2 -4 -3 -6 -6  1 -5 -6 -5 -2 -2 -7 -5 -6    0   3  70   6   0   7   2   0   0   0   0   9   0   0   0   2   1   0   0   0  1.66 inf
  412 K    0  4  0  2 -4  1  1 -3  2 -2 -2  2 -3 -3 -3 -1 -2 -4 -2 -4    8  29   4  15   0   7  10   0   5   2   4  10   0   1   0   3   1   0   1   0  0.44 inf
  413 A    7 -5 -5 -5  4 -2 -4 -3 -5 -5 -5 -4 -4 -6 -4 -1 -3 -6 -5 -4   88   0   0   0   9   2   0   0   0   0   0   0   0   0   0   2   0   0   0   0  1.80 inf
  414 N   -5 -4  9 -3 -7 -4 -4 -4 -3 -7 -3 -4 -6 -7 -6 -3 -4 -8 -6 -7    0   0  96   0   0   0   0   0   0   0   4   0   0   0   0   0   0   0   0   0  2.72 inf
  415 T   -3  7 -2 -4 -6 -2 -3 -5 -3 -5  0  4 -4 -5 -5 -3 -1 -6 -2 -3    2  57   1   0   0   0   0   0   0   0   8  25   0   0   0   0   3   0   1   2  1.32 inf
  416 E    2 -1 -1  0 -4  3  4 -4 -3 -3 -4  2  0 -5 -3 -2  0 -5 -4 -3   19   3   2   3   0  16  35   0   0   1   1  11   3   0   0   0   5   0   0   1  0.64 inf
  417 V    1 -5 -6 -6  1 -5 -5 -3 -6 -1 -2 -5 -2 -4 -5 -4 -3 -6 -4  7   10   0   0   0   2   0   0   2   0   0   0   0   0   0   0   0   0   0   0  86  1.63 inf
  418 A    7 -4 -4 -2 -4 -4 -4 -3  3 -5 -5 -4 -4 -5 -4 -2 -3 -6 -5 -3   91   0   0   2   0   0   0   0   6   0   0   0   0   0   0   0   0   0   0   0  1.73 inf
  419 I   -4 -1 -5 -5 -4 -2 -2 -6 -5  7 -1 -3  2  1 -5 -2 -3 -5 -3  1    0   3   0   0   0   1   4   0   0  71   2   1   4   5   0   3   0   0   0   7  1.21 inf
  420 L   -3 -4 -5 -6 -4 -4 -5 -6  0  2  5 -3  3  0 -5 -4 -2 -4 -1 -1    1   0   0   0   0   0   0   0   3  11  70   1   6   3   0   0   2   0   2   0  1.04 inf
  421 C   -4 -2 -6 -7 11 -6 -7 -6 -6 -5 -2 -6 -5 -6 -6 -4 -4 -6 -6 -4    0   3   0   0  93   0   0   0   0   0   4   0   0   0   0   0   0   0   0   0  3.44 inf
  422 N   -4 -4  8 -2 -6 -3 -3  0 -3 -6 -7 -3 -5 -6 -5 -1 -3 -7 -5 -6    0   0  90   0   0   0   0   7   0   0   0   0   0   0   0   3   0   0   0   0  2.24 inf
  423 H   -5  0 -3 -5 -7 -2 -4 -6 11 -7 -5 -4 -5 -5 -6 -4 -5 -6 -2 -7    0   4   0   0   0   1   0   0  94   0   1   0   0   0   0   0   0   0   0   0  3.19 inf
  424 Q   -4  0 -3 -3 -6  8 -1 -5 -3 -6 -5  3 -4 -6 -4 -2 -4 -5 -5 -5    0   4   0   0   0  74   0   0   0   0   0  20   0   0   0   2   0   0   0   0  1.84 inf
  425 K   -4  7 -3 -4 -6  1 -2 -5 -3 -6 -5  3 -4 -6 -5 -3 -4 -6 -4 -5    0  78   0   0   0   4   0   0   0   0   0  18   0   0   0   0   0   0   0   0  1.83 inf
  426 S    3 -3 -2 -3 -3 -2 -3 -3 -3 -3 -4 -2 -3 -4 -3  3  5 -5 -4 -2   33   0   0   0   0   0   0   0   0   0   0   0   0   0   0  26  41   0   0   0  0.89 inf

                      K         Lambda
Standard Ungapped    0.1358     0.3206
Standard Gapped      0.0474     0.2670
PSI Ungapped         0.1544     0.3111
PSI Gapped           0.0474     0.2670
