
Last position-specific scoring matrix computed, weighted observed percentages rounded down, information per position, and relative weight of gapless real matches to pseudocounts
           A  R  N  D  C  Q  E  G  H  I  L  K  M  F  P  S  T  W  Y  V   A   R   N   D   C   Q   E   G   H   I   L   K   M   F   P   S   T   W   Y   V
    1 M   -2 -3 -4 -4 -2 -3 -4 -4 -4  4  2 -3  5 -1 -4 -3 -2 -3 -2  3    0   0   0   0   0   0   0   0   0  35  19   0  27   0   0   0   0   0   0  18  0.62 inf
    2 L   -2 -4 -4  0 -3 -4 -4 -5 -4  1  4 -4  2  4 -2 -4 -3 -3 -1 -1    2   0   0   7   0   0   0   0   0   6  52   0   5  25   2   0   0   0   0   0  0.73 inf
    3 E   -2  0 -1  2 -5  1  5 -4  1 -5 -5 -1 -4 -5  5 -2 -3 -5 -4 -5    2   4   2  10   0   6  38   0   3   0   0   2   0   0  31   2   0   0   0   0  1.02 inf
    4 D    0  0  1  3 -4  4  2 -2 -1 -2 -2  1 -3 -3  1  0  0 -4 -3 -3    6   3   6  16   0  22  13   2   1   2   4   7   0   1   7   5   7   0   0   0  0.35 inf
    5 P   -1 -1  2  1 -5  0  4 -1 -3 -5 -4  0 -2 -3  4 -1 -1 -5 -2 -4    3   2  10   8   0   3  28   4   0   0   1   5   1   1  25   4   2   0   2   0  0.63 inf
    6 G   -1 -1  1  2 -2 -1  1  3 -2 -4 -3  0 -3 -2  1  2  0 -4 -3 -3    4   3   5  14   1   1  10  23   0   0   2   5   0   2   8  16   5   0   0   0  0.33 inf
    7 G   -2  0  1  2 -3  2  2  2 -1 -3 -3  1 -2 -2 -1 -2  0 -4 -2 -3    2   5   5  12   1  12  16  18   1   2   1  10   1   2   3   0   6   0   1   2  0.30 inf
    8 R   -1  4 -1 -2 -4  2  2 -1 -2 -3 -3  2 -3 -5  3  0 -1 -2 -4 -1    5  23   2   1   0  10  11   5   0   0   1  14   0   0  13   7   4   0   0   4  0.43 inf
    9 P   -1 -2 -3 -3 -5 -2 -4 -5 -2  0 -2 -3 -1 -2  6 -2  1 -5  1  3    3   2   1   1   0   2   0   0   1   5   3   1   1   2  41   1  10   0   6  20  0.92 inf
   10 R   -1  3 -2 -2  5  1  0 -4 -1 -1 -1  2  0 -3 -3 -1  1 -4 -3  1    4  18   1   2  14   8   5   0   1   3   6  14   3   0   1   3   7   0   0   9  0.34 inf
   11 V   -4 -7 -7 -7 -5 -6 -7 -7 -7  6  0 -6 -1 -4 -6 -6 -3 -7 -5  5    0   0   0   0   0   0   0   0   0  52   6   0   1   0   0   0   1   0   0  40  1.73 inf
   12 Y   -3 -2 -5 -5 -4 -4 -5 -6 -5  4  3 -3 -2  1 -5 -4  0 -4  2  3    1   3   0   0   0   1   0   0   0  26  26   1   0   5   0   0   7   0   6  24  0.72 inf
   13 V    1 -6 -7 -7 -2 -6 -6 -6 -7  3 -2 -6 -1 -2 -6 -5 -4 -7 -3  7   13   0   0   0   1   0   0   0   0  13   3   0   1   1   0   0   0   0   1  67  1.54 inf
   14 D   -4 -7 -4  9 -9 -5 -3 -4 -6 -8 -9 -6 -8 -9 -7 -5 -6 -9 -8 -8    2   0   0  97   0   0   0   1   0   0   0   0   0   0   0   0   0   0   0   0  3.08 inf
   15 V   -1 -2  0  2 -1  0 -1 -4  1 -1 -3 -3  4 -3 -3  3  1 -5  0  1    2   1   5  10   1   5   3   0   4   4   1   1  13   1   0  28   7   0   3  10  0.40 inf
   16 R   -6  8 -4 -7 -5 -3 -4 -5  0 -8 -7 -2 -6 -6 -7 -4 -4 -8 -7 -8    0  91   1   0   0   1   1   1   2   0   0   1   0   0   0   1   1   0   0   0  2.73 inf
   17 E   -5 -5 -5 -3  2 -2  8 -5 -5 -8 -8 -4 -7 -8 -6 -5 -6 -8 -7 -8    0   0   0   0   4   0  94   1   0   0   0   0   0   0   0   0   0   0   0   0  2.70 inf
   18 E   -2  1 -3 -4 -4 -1 -3 -4  1  3  0  0  2  5  0 -2 -1 -2 -1 -1    2   8   1   1   0   3   1   1   4  17   9   5   5  26   6   2   5   0   1   3  0.39 inf
   19 R    0  5  1  0 -2 -1  0  0 -1 -5 -4  2 -1 -5 -2  1 -1 -5 -4 -4    7  35   8   6   1   1   5   9   1   0   1  10   2   0   2   9   4   0   0   1  0.54 inf
   20 S    1 -3  0 -3 -1 -1 -2 -1 -4 -5 -4 -1 -3 -5 -3  6 -1 -5 -3 -4    9   1   5   1   1   2   2   4   0   0   2   3   1   0   1  64   3   0   1   1  1.12 inf
   21 P    0  0 -1  0 -3 -1  2  2 -1 -1 -2  1 -1 -2  0  2  1 -4 -3  0    6   4   2   4   0   1  16  14   1   4   4   7   1   1   4  16   8   0   0   7  0.16 inf
   22 V   -2 -5 -4 -6 -4 -5 -5 -6 -2  3  4 -4  1  1 -4 -3 -3 -5 -3  4    3   0   1   0   0   0   0   0   1  15  42   0   3   6   1   1   1   0   0  25  0.87 inf
   23 P    1 -3 -4 -1 -2  0  1 -4 -3  2 -1 -3 -3 -3  6 -2 -3 -6 -4  0   10   1   0   3   1   4  10   1   0  11   6   1   0   1  39   3   1   0   0   8  0.80 inf
   24 S    0  3  0 -1  0  0  1 -1  0 -3 -3  1 -3  0  0  3 -1 -4  1 -3    5  15   4   3   2   4   9   3   2   1   2   7   0   4   5  25   3   0   5   1  0.26 inf
   25 I    0  0 -2 -1 -3 -1  0 -2  0  1  2 -1  0  0 -4  0 -1 -2  1  0    7   5   1   3   0   2   7   2   3  11  30   4   2   4   0   7   2   0   4   6  0.14 inf
   26 L   -3  2 -6 -6 -2 -5 -3 -6 -5  1  6 -5 -2  0 -6 -4 -4 -5 -3 -2    2  10   0   0   1   0   2   0   0   6  71   0   0   4   0   1   0   0   1   2  1.23 inf
   27 E   -1  3 -2  0 -4  1  1 -3  5 -3 -3  2 -3  1 -4  1 -1 -3  2 -3    4  15   1   5   0   7   7   1  16   1   1  12   0   6   0  10   4   0   9   2  0.43 inf
   28 S    1  3  0 -1  0  1  1  1  1 -2 -2  2 -2 -3 -3  1  0 -4 -2 -2   14  17   3   2   2   5   7  10   4   2   3  11   0   1   0  10   5   0   0   3  0.21 inf
   29 L    0  3 -1 -2 -2 -1 -1 -2  5 -1  1  2  1 -2 -1 -1 -1 -4  0 -2   10  15   2   1   1   2   3   3  16   3  14  12   4   1   3   3   3   0   4   2  0.25 inf
   30 G   -1 -2  2  1 -3 -1 -2  6  1 -5 -4 -1 -4 -3 -3  0 -3 -5 -4 -5    3   2  10   7   1   3   2  55   3   0   1   3   0   1   1   6   0   0   0   0  0.95 inf
   31 V    0 -4 -2 -4  1 -3 -4 -3 -4  3  2 -4  3  1 -4 -3 -2 -4 -1  3   10   0   2   1   2   0   0   1   0  18  21   0   7   7   0   0   1   0   2  25  0.50 inf
   32 Q   -1  2  1  1 -2  2  2 -2  1 -1 -2  2 -2 -2 -2  0  0 -3 -2 -1    2  12   6   8   1  10  15   2   4   3   3  14   0   1   1   5   6   0   0   5  0.24 inf
   33 V   -2 -5 -5 -5  0 -4 -5 -5 -2  4  1 -5 -2 -1 -2 -3  0 -5 -1  5    3   0   0   0   2   0   0   0   1  21  13   0   0   2   2   1   5   0   3  46  0.85 inf
   34 I   -1  1 -2 -1 -2  1  3 -3  2  2 -1 -1 -2 -3 -3 -1  0 -4 -2  2    4   7   1   3   1   6  25   2   5  17   4   2   0   1   0   3   5   0   1  14  0.29 inf
   35 P   -2 -1 -4 -3 -4 -2 -3 -5 -4  1  0 -1  0  2  4 -2 -1 -4 -2  4    1   4   0   1   0   1   1   0   0   6  10   3   2   9  24   2   4   0   1  29  0.57 inf
   36 K    0  2 -2 -2  7  0  2 -2 -3 -2 -2  1 -2 -3 -4 -1  0 -4 -3  0    6  12   1   2  25   3  15   2   0   1   4  11   1   1   0   3   6   0   1   7  0.52 inf
   37 Q   -1  2  0  0 -2  2 -1 -3 -2 -3 -3 -1  2 -3  2  2  3 -4 -3 -1    4  12   5   6   1   9   2   1   1   0   1   3   6   1   9  14  25   0   0   4  0.36 inf
   38 L   -4 -5 -6 -6 -4 -5 -6 -6 -6  0  6 -5  0 -1 -6 -5 -4 -1 -4 -2    1   0   0   0   0   0   0   0   0   3  89   0   1   2   0   0   0   1   0   0  1.70 inf
   39 P    0 -2  1  2 -4 -1  3  1  1 -3 -3 -1 -3 -3  2  0  2 -4 -3 -3    6   1   8  11   0   2  21  11   3   1   2   3   0   1   9   7  13   0   0   1  0.31 inf
   40 M    0 -3 -3 -2 -1 -3 -3  1 -4  1  1 -3  0 -3 -4  0 -1 -4 -2  5    7   1   1   2   1   1   2  11   0   8  11   0   1   0   0   7   3   0   1  44  0.46 inf
   41 G    1 -5 -3 -4  4 -4 -5  6 -5 -5 -5 -4 -5 -5 -5  0 -2 -5 -5 -2    9   0   0   0   9   0   0  68   0   0   0   0   0   0   0   7   2   0   0   3  1.46 inf
   42 D   -5 -5 -3  8 -7 -4 -2 -3 -5 -6 -7 -4 -6 -6 -5 -3 -3 -7  0 -6    0   0   0  90   0   0   0   1   0   0   0   0   0   0   0   1   2   0   3   0  2.45 inf
   43 Y   -4 -5 -5 -6 -5 -5 -5 -6  0  0 -3 -5 -2  5 -6 -5 -5  0  9 -3    1   0   0   0   0   0   0   0   1   6   2   0   1  20   0   0   0   1  66   1  2.15 inf
   44 L   -2 -2 -4 -4 -3 -1 -3 -5  0  5  2 -3 -1 -3 -4 -2 -2 -4 -2  4    3   2   0   1   0   3   2   0   3  40  15   1   0   0   0   2   1   0   1  26  0.75 inf
   45 V   -2 -5 -5 -5 -1 -4 -5 -5 -5  3  4 -4 -1 -1 -5 -4 -2  2 -3  4    2   0   0   0   1   1   0   0   0  18  38   1   0   1   0   0   1   3   0  33  0.89 inf
   46 S   -1 -3 -1 -1 -3 -3 -3  0 -2 -3 -4 -2 -3 -5  1  5  2  0 -3 -2    3   1   3   3   0   0   1   6   1   1   1   2   0   0   6  52  15   2   0   3  0.77 inf
   47 D   -2 -1  5  3 -5 -2  0 -1 -1 -4 -4 -1 -2 -4  4  0 -2 -5 -3 -5    2   3  30  16   0   1   5   4   1   1   2   3   1   1  24   5   1   0   1   0  0.81 inf
   48 S   -3  5  1  3 -1  0  2 -2 -1 -4 -3  1 -3 -5 -3 -1 -1  0 -3 -4    1  36   6  16   2   3  11   3   1   0   2   6   0   0   1   5   3   2   1   1  0.62 inf
   49 I   -3 -4 -4 -5 -1 -3 -4 -3 -2  3  1 -3  6 -1 -4 -1  1 -1  1  2    1   0   0   0   1   0   0   2   1  21  13   1  25   2   0   4   8   1   4  16  0.64 inf
   50 I    3 -4 -4 -4  6 -3 -2  0 -4  1  0 -3 -2 -3 -3 -1 -2 -4 -2  3   26   0   0   0  22   1   2   7   0   6   6   0   0   1   0   4   1   0   1  21  0.62 inf
   51 V   -1 -5 -5 -5 -4 -4 -3 -5 -5  4 -1 -5 -1 -1 -5 -4 -3 -5 -4  6    3   0   0   0   0   0   2   0   0  21   3   0   1   3   0   0   0   0   0  64  1.25 inf
   52 E   -4 -3 -3  0 -6 -2  7 -5 -3 -3  0 -3 -4 -5 -4 -3 -4 -5 -5 -2    0   0   0   3   0   0  79   0   0   2   9   0   0   0   0   0   0   0   0   3  1.67 inf
   53 R   -4  8 -4 -4 -5 -2 -3 -5 -3 -5 -3  0 -4 -4 -5 -4 -4  1  1 -5    1  82   0   0   0   0   0   1   0   0   2   2   0   0   0   1   0   2   5   1  2.00 inf
   54 K   -3  2 -3 -3 -5  0 -1 -4  0 -1 -3  7 -2 -5 -4 -3 -2 -5 -2 -1    1   8   0   0   0   4   2   1   2   3   2  66   1   0   0   1   2   0   1   6  1.18 inf
   55 T   -1  0 -1 -2 -2 -1 -2 -2 -2 -3 -2 -1 -3 -1 -2  5  3 -4 -2 -3    3   6   2   1   1   2   1   3   1   1   5   3   0   3   1  47  21   0   1   1  0.65 inf
   56 S    0 -2 -2 -2 -1  2  1 -2  0  2  1 -2  0 -2 -1 -1 -1  1  0  2   10   1   1   1   1  14  10   1   2  14  15   1   1   1   3   2   2   2   3  14  0.15 inf
   57 S    0  0  0  1  0  0  0 -2  0 -2 -3 -1 -1 -3  1  4  0 -4 -2 -3    8   6   4   9   3   3   5   2   2   2   2   2   1   1   6  38   5   0   1   1  0.35 inf
   58 D   -4 -4 -2  7 -6 -3  3 -4 -4 -5 -5 -2 -5 -5 -4 -3 -4 -6 -5 -5    1   0   0  73   0   0  18   1   0   0   1   2   0   0   0   1   0   0   0   1  1.88 inf
   59 F   -4 -4 -5 -5 -4 -4 -4 -5 -4  0  4 -4  4  5 -5 -4 -3 -3  0 -1    1   0   0   0   0   0   0   1   0   4  45   0  12  28   0   1   0   0   3   3  1.01 inf
   60 A    1 -2 -3 -3  0 -1 -2 -3 -2  3  2 -3  0 -1 -3 -1  0  0 -1  3   13   1   1   0   2   4   2   1   1  19  17   0   1   2   0   4   6   1   2  21  0.24 inf
   61 K    1 -2  4  1 -2  1 -1  1 -1 -2 -3 -1 -1 -3 -3  3 -1 -4 -3 -3   14   1  20   7   1   8   3   9   1   2   2   2   2   1   0  24   2   0   0   1  0.37 inf
   62 S    0 -3  1 -2 -1 -2 -2  1 -3 -4 -3 -2 -1 -4 -1  5  2 -4 -2 -2    3   0   6   0   1   0   0   9   0   0   2   0   2   0   2  59  10   0   2   2  0.71 inf
   63 L   -1 -3 -3 -3 -2  0 -2 -2 -1  3  3 -2  2  1 -3 -1  0 -3 -2  1    5   0   0   0   0   4   2   4   2  21  29   0   4   7   0   6   4   0   0  11  0.24 inf
   64 F   -1  1  3 -1 -1  0 -1 -2  0  1 -1  0  0  0 -2  1  1 -3 -1  0    3   7  23   2   1   3   1   2   1  10   4   6   4   5   0  10   8   0   2   9  0.13 inf
   65 D   -2  3  2  4 -4  0  0 -1 -1 -4 -4  2 -3 -3 -3  1 -1 -4  0 -3    1  16   9  28   0   2   4   5   1   0   1  15   0   0   0  11   2   0   4   2  0.43 inf
   66 G   -1  3  3 -1  0  0 -1  4  1 -3 -4  2 -3 -4 -3  0 -1 -4 -3 -3    2  17  14   2   2   3   2  32   4   2   1  13   0   0   0   5   2   0   0   0  0.47 inf
   67 R   -3  6 -1 -1 -4  0 -1 -2  1 -4 -4  3 -3 -4 -3  0 -1 -4 -3 -4    1  52   2   3   0   2   2   2   3   0   1  20   0   0   0   9   3   0   0   0  0.92 inf
   68 L    0 -2 -2 -3 -2 -1 -2 -2 -2  1  1  0  2  2 -2 -2 -1  5  2  1   11   1   0   1   0   0   1   1   0  11  11  11  10  10   1   1   1  10  10  11  0.21 inf
   69 F   -2 -1 -2 -3 -4 -1 -2 -4  1  0 -1 -2  0  5 -4 -2 -1  4  5 -1    4   3   2   2   0   2   2   1   4   6   4   2   3  28   0   3   3   6  21   4  0.72 inf
   70 E   -1  1  2  2 -4  1  3 -2  1 -4 -3  1 -1 -3 -2  0  1 -4 -3 -2    3   8   8  11   0   7  24   3   3   0   3   7   1   1   2   6   8   0   0   3  0.34 inf
   71 Q   -5  2  0 -4 -6  8 -1 -5 -4 -6 -5 -1  0 -6 -5 -2 -4 -6 -5 -6    0   9   4   0   0  72   3   0   0   0   1   3   2   0   0   3   0   0   0   0  2.02 inf
   72 A    2 -3 -4 -4  6 -3 -4 -2 -1  2  1  0  1 -3 -4 -1 -2 -4 -1  1   18   0   0   0  17   0   0   3   2  15  13   7   3   0   0   5   2   0   3  11  0.43 inf
   73 S    0  1  0 -1 -1  3  3 -1 -1 -2 -2  2 -1 -1 -3  0 -1 -3  0 -1   10   8   4   2   2  14  19   5   1   3   3  11   1   3   0   6   3   0   3   3  0.22 inf
   74 R    0  4  0  0 -1  1  0 -3  1 -3 -1  2  0 -2 -3  0  0  0  0 -2    8  23   5   6   2   5   5   0   3   1   6  13   3   1   0   7   7   1   3   1  0.27 inf
   75 L   -3 -6 -7 -5 -2 -5 -6 -5 -6 -2  5 -6  8 -3 -6 -6 -5 -5 -5 -2    2   0   0   1   1   0   0   1   0   1  56   0  36   1   0   0   0   0   0   1  1.80 inf
   76 A    1  0  0 -2  2  2 -2 -1 -2 -1 -1  2 -1  0 -3  2  0 -4 -2 -1   15   5   4   1   4   9   1   4   1   3   6  16   1   4   0  16   5   0   1   4  0.18 inf
   77 E    1  4  1  0 -4  1  1 -1  0 -3 -2  2 -1 -3 -2  1 -1 -4 -1 -2   11  23   6   3   0   6   9   4   3   1   3  11   1   0   1  12   2   0   2   2  0.32 inf
   78 H    1  0  2 -3  0  0 -2 -2  5 -2 -2 -1  2  0 -4  1  0 -1  3 -2   10   5  10   1   2   3   2   2  18   2   3   3   6   3   0   9   5   1  12   2  0.37 inf
   79 Y   -3 -3 -3 -3  0 -2 -2  0  0 -4 -4 -1 -4  4 -1 -4 -5 -2  8 -3    2   1   1   1   2   2   3   6   1   0   1   4   0  17   3   1   0   0  50   2  1.37 inf
   80 E   -1  1  0  1 -4  2  3  0 -1 -3 -2  3 -2 -3  1  0 -2 -4 -2 -2    5   6   5   7   0   8  18   6   1   1   3  20   1   1   6   8   1   0   1   3  0.29 inf
   81 T   -2  5  2 -3  0  1 -1 -4  3 -1 -1  2 -3 -2 -2 -1  0 -4 -1 -2    2  30   9   1   2   6   3   0   7   4   7  12   0   2   1   3   7   0   3   2  0.44 inf
   82 V    0 -1 -4 -4 -2 -3 -4 -3 -2  1 -4 -1 -3 -2  6  0 -1 -5 -2  1    6   4   0   0   1   1   0   2   1   8   1   3   1   2  47   7   4   0   1   9  1.01 inf
   83 F   -1 -5 -5 -5  4 -5 -5 -5 -4  4  0 -5  3  2 -5 -4 -1 -4  3  3    4   0   0   0   9   0   0   0   0  24   8   0   7   7   0   0   3   0  10  25  0.75 inf
   84 I   -4 -5 -6 -6 -1 -4 -5 -6 -5  2  5 -5  1 -1 -6 -5 -4  0  3  3    0   0   0   0   1   1   0   0   0  11  52   0   2   1   0   0   0   1  10  18  1.04 inf
   85 I   -3 -5 -6 -6  0 -5 -6 -6 -6  5  5 -6  1 -1 -6 -5 -4 -5 -4  1    1   0   0   0   2   0   0   0   0  31  52   0   3   2   0   0   0   0   0   7  1.25 inf
   86 V   -4 -6 -6 -6 -1 -5 -4 -6 -6  6  2 -5  0 -4 -6 -5 -4 -5 -4  4    0   0   0   0   2   0   1   0   0  51  16   0   1   0   0   0   0   0   0  26  1.38 inf
   87 E   -5 -4 -5 -2 -7 -1  8 -6 -4 -2 -4 -4 -2 -7 -3 -4 -5 -6 -6 -4    0   0   0   1   0   2  88   0   0   3   2   0   1   0   1   0   0   0   0   1  2.25 inf
   88 G   -2 -2 -1 -3 -1 -4 -2  5 -3 -3 -3  1 -4  5 -5 -3 -3 -4 -1 -2    2   2   2   1   1   0   2  43   1   2   2   9   0  27   0   2   1   0   1   2  0.94 inf
   89 P   -3 -1  2  5  0 -1  2 -1  0 -3 -4 -1 -4 -5  0  0  0 -5 -2 -4    1   2  10  37   2   2  16   4   2   1   2   2   0   0   5   6   5   0   2   1  0.67 inf
   90 P   -1  1  1  1 -3  1  1  1 -1 -1  0 -1  0 -2  2  0 -1 -4 -2 -1    3  10   6   9   0   8  11  10   1   3  10   2   2   1   9   6   4   0   1   4  0.13 inf
   91 V   -1  0  2  1 -3  0  1 -2  1  0  1 -1  0  1 -2  0  0  0  1 -1    3   5  10   7   0   3  10   2   3   6  16   3   2   7   1   9   5   1   4   4  0.07 inf
   92 P   -1 -1  0  1 -4  0  1 -2  0 -1 -2  3 -1  0  0  1  0 -2  3 -2    4   2   3  10   0   4   8   2   2   4   4  18   1   3   4  12   5   0  13   2  0.21 inf
   93 R    0  0  0  0 -2  0  2 -1  0 -1 -2  0 -2  0  1  2  1 -2  0 -2    7   5   3   3   1   2  13   5   3   4   4   5   1   5   7  20   8   0   3   2  0.13 inf
   94 R   -1  3 -1 -2 -4  2  0  0  0 -1 -2  1 -1  3 -2  1 -2 -4 -1 -2    5  19   3   2   0   9   7   9   2   4   3   7   2  14   1   9   1   0   1   2  0.27 inf
   95 Y   -1  3 -1 -2 -3  1  0 -3  0  0 -1  0 -1  1 -2  1  2  0  2 -2    4  17   3   1   0   5   5   2   2   5   6   4   1   7   1  13  13   1   8   2  0.21 inf
   96 R    0  1  1  1 -1  0  1 -1  0 -2  0  1  1  1 -2  0  1 -4 -1 -2    6   7   8   8   1   4   8   4   2   1   8   7   5   8   1   8   8   0   1   2  0.09 inf
   97 G   -1  0  0 -2 -4  1 -1  0 -1  3  0 -2  1  0 -2  1 -1  1  0  1    3   4   5   1   0   8   4   7   2  20   7   2   3   4   2  11   3   2   3   9  0.14 inf
   98 R   -1  3  3  0 -5  1 -1 -2  4 -3 -4  0  0 -2 -1  2 -1 -5 -2 -3    6  19  12   4   0   6   3   3   9   2   1   6   3   2   3  15   4   0   1   2  0.39 inf
   99 E   -1  1  0 -1  0  0  1 -1 -2 -1 -3 -1 -1 -1  4  0  1  1 -2 -1    5   8   4   4   2   4   9   4   1   3   2   4   2   2  22   7   9   2   1   4  0.30 inf
  100 R   -1  1  3  0 -1  1  1 -3 -1 -3 -2  1  0 -2 -1  1  1  0 -2 -2    6   8  16   5   1   7   7   2   1   1   4   9   2   1   3   8  10   1   1   3  0.22 inf
  101 S    3 -3  0  3 -2 -1 -1 -2  1 -2 -3  0 -2 -2 -3  2  0 -5  0 -2   21   1   4  16   1   3   4   2   3   2   2   7   1   2   1  18   5   0   4   3  0.33 inf
  102 L   -2 -6 -4 -7  1 -6 -6 -4 -2  5  3 -6  0  1 -4 -2 -1  0  2  2    3   0   1   0   2   0   0   1   1  32  23   0   2   5   1   3   4   1   6  13  0.81 inf
  103 Y   -3  2 -1  0 -2  4 -1 -4  1  0 -1 -1  1  0 -5  0 -1 -4  4 -2    2  10   2   6   1  22   3   1   3   5   5   3   3   3   0   7   4   0  15   3  0.48 inf
  104 A    0  0 -2  0 -5  1 -3  3  0 -4 -3 -2 -1 -3 -3  4  0 -6 -5 -4    9   5   2   5   0   6   1  24   2   1   2   2   1   1   1  30   6   0   0   1  0.59 inf
  105 A    4  0 -3 -4  1 -1 -3 -4 -4 -3 -1  4 -1 -3 -4  0  0 -5 -2 -1   37   5   1   0   3   2   1   0   0   1   6  22   1   1   0   7   6   0   1   5  0.60 inf
  106 M   -4 -6 -6 -7 -1 -3 -5 -7 -6  3  5 -6  3  0 -6 -6 -2 -5 -3  1    1   0   0   0   1   2   1   0   0  17  57   0   5   4   0   0   3   0   1   8  1.20 inf
  107 A    2 -4 -3 -2  2 -2 -3 -2 -4  1  0 -3  0 -1 -3  2  2  0 -2  2   21   0   1   2   4   2   1   2   0   7   9   1   2   2   1  14  11   1   1  18  0.31 inf
  108 A    1 -1 -1 -3 -2 -2 -1 -4 -1 -2  2 -1  0 -2 -4  4  2  1  0 -2    9   3   3   1   1   2   3   1   1   2  21   3   2   2   0  29  11   2   3   1  0.38 inf
  109 L   -1 -6 -6 -7 -5 -6 -6 -7 -6  3  5 -6  0 -2 -6 -3  2 -6 -5  1    5   0   0   0   0   0   0   0   0  16  54   0   1   1   0   1  13   0   0   7  1.13 inf
  110 Q    2 -3 -2 -3  0  1 -2 -3 -2  1  1 -2  0 -2 -3  0  3 -4 -3  1   15   1   2   1   2   7   2   2   1   7  13   3   2   1   1   6  24   0   1  11  0.30 inf
  111 L   -1 -2 -5 -5 -1 -3 -4 -5 -3  3  3 -3  2 -1 -3 -3 -1 -3  0  3    6   3   0   0   1   1   1   1   0  17  29   2   5   2   2   2   4   0   4  21  0.53 inf
  112 D    0  1  1  3 -2  0  1 -1  4 -1 -3  0 -3 -2 -3  0 -1 -5 -1 -1    9   8   8  18   1   3   8   4  11   4   2   5   0   1   1   6   4   0   2   5  0.25 inf
  113 Y   -1 -4  0 -1 -5 -1 -2 -3  0 -3  0 -2  2  7 -3 -2 -3  2  3 -4    5   1   4   4   0   2   2   2   2   1   8   3   4  41   2   4   1   3  10   0  0.88 inf
  114 G   -3  0 -1  0 -7 -1 -3  5 -3 -7 -5  3 -6 -7  4 -3 -5 -7 -3 -7    1   4   3   4   0   3   1  41   1   0   1  20   0   0  19   1   0   0   1   0  1.07 inf
  115 I   -2 -6 -4 -7 -5 -3 -6 -5 -6  4  3 -6  3  4 -6 -5 -3 -5 -1  3    3   0   1   0   0   2   0   1   0  21  31   0   6  14   0   0   1   0   2  18  0.92 inf
  116 R   -3  5 -2 -3 -3  0 -4 -2  0 -2 -3  2 -1  0  3  1  1 -6 -5 -2    1  29   2   1   0   4   0   3   2   2   2  12   1   4  14  10   7   0   0   3  0.59 inf
  117 L   -5 -7 -7 -7 -1 -6 -7 -7 -7  6  2 -6  0 -1 -4 -6 -3 -6 -3  5    0   0   0   0   1   0   0   0   0  38  17   0   1   3   1   0   1   0   1  36  1.38 inf
  118 M   -4 -4 -6 -7 -5 -3 -6 -7 -4  5  4 -1  2  1 -6 -6 -5 -5 -2  2    1   1   0   0   0   1   0   0   0  32  38   4   4   4   0   0   0   0   1  13  1.08 inf
  119 N   -6  3  0 -7 -7 -1 -2 -7  2 -5 -4 -4 -2  3  2 -5 -3 10  2 -5    0  13   4   0   0   3   3   0   4   1   1   1   1  13   9   0   2  38   7   1  1.76 inf
  120 T    0 -6 -4 -5  4 -5 -5 -4 -6 -4 -5 -3 -5 -6 -2  5  5 -7 -3 -1    6   0   0   0   8   0   0   1   0   1   1   1   0   0   2  43  31   0   1   5  1.27 inf
  121 M    0  2  0 -1 -1  0  0 -2 -1 -3 -2  1 -2 -3  2  3  0  1 -1 -4    6  14   5   3   1   3   6   2   1   1   5   8   1   1  10  26   4   2   2   0  0.32 inf
  122 D   -3 -3  3  4  2 -3 -3  1 -2 -5 -7 -2 -6 -3 -6  5 -2 -7 -3 -6    1   1  12  23   4   0   1   9   1   1   0   2   0   1   0  40   2   0   1   0  1.00 inf
  123 P    0  0  0  0 -3  1  0  0  2  0 -1  0  1  0  1  0  0 -2  1  0    6   6   6   6   0   6   6   6   6   6   6   6   6   6   6   6   6   0   6   6  0.04 inf
  124 K    0  0  0  2 -4  2  2 -2  2 -1 -1  0 -1 -1 -2  0  1  0  2 -2    7   6   4  10   0   9  13   2   7   3   5   5   2   2   2   5   9   1   8   1  0.17 inf
  125 G    1 -1 -1  2  0  1  4 -1  2 -2 -3 -2  1  1 -4 -2 -2 -5 -4 -3   10   3   3  12   2   7  28   4   5   2   2   2   4   6   0   2   2   0   0   2  0.39 inf
  126 T    0 -5 -1 -5  1 -4 -2 -2 -5 -4 -1 -4 -4 -1 -5  2  6 -6 -5 -2    6   0   3   0   3   0   3   3   0   0   6   0   0   3   0  16  54   0   0   3  1.13 inf
  127 A    5 -3 -5 -3  1 -4 -5  0 -5  0 -3 -3 -2 -5 -5  0  0 -6 -5  2   55   1   0   2   3   0   0   6   0   5   3   1   1   0   0   5   4   0   0  13  0.93 inf
  128 L    0  0  1  2 -2  1  4 -2  1 -3 -2  1  0 -2 -2  0 -2 -1 -1 -2    7   6   6  11   1   5  26   3   4   1   4   9   2   1   2   6   1   1   3   2  0.29 inf
  129 V   -2 -4 -5 -5 -4 -4 -5 -5 -4  4  3 -3  3  2 -1 -3 -2  1  2  1    3   0   0   0   0   0   0   0   0  21  33   1   7   8   3   2   3   2   7   8  0.66 inf
  130 I   -1 -5 -6 -6  2 -5 -5 -6 -5  4  3 -5  1  5 -5 -5 -4 -4 -1  0    5   0   0   0   4   0   0   0   0  25  32   0   4  21   0   0   0   0   2   4  0.99 inf
  131 E    1  0 -1 -1  0 -1  1 -2  1  0 -1  1  0  0 -3 -1  0  1  2  0   14   6   2   4   2   2   9   2   3   6   6   8   3   3   0   4   6   2  10   6  0.08 inf
  132 S    0  2 -2  1 -1  1  2 -3 -1 -1  1  0 -1 -1 -3  1  1 -4 -1  0    6  12   1   8   1   5  12   1   1   3  14   6   1   3   0   9   8   0   2   5  0.13 inf
  133 L    0 -2  0 -2  2  1  0  0  2  0  0  0  1  1 -3  0  0  4  1  0    6   0   6   0   6   6   6   6   6   6   6   6   6   6   0   6   6   6   6   6  0.09 inf
  134 A    2  0 -1 -2  1 -1 -1 -1  0 -1 -2  3 -1 -1 -4 -1  0  1  1 -1   23   4   2   2   3   2   2   3   2   4   4  24   2   2   0   4   6   2   5   5  0.26 inf
  135 R   -1  3 -1 -1  0  0  0 -1  0 -1 -1  3  0 -3 -4  0  0  1  0  0    4  17   3   3   2   4   5   4   3   3   7  20   2   0   0   7   5   2   4   6  0.21 inf
  136 L   -1  3  2 -1 -2  2 -1 -1  2 -1 -1  1  1 -4 -4  0 -1 -1 -1 -1    5  19  12   3   1  11   3   4   5   4   7   8   3   0   0   5   3   1   2   4  0.26 inf
  137 S    0  0  0 -1  1  1  3 -1  1 -1  0 -1 -1 -1 -2  0 -1 -4 -1 -1    7   5   4   3   3   6  24   5   4   3  11   3   1   3   1   7   2   0   2   5  0.17 inf
  138 T   -1  0  0  0 -2  4  2 -2  1 -3 -2  1  1 -3  2 -1  0 -5 -1 -2    5   4   5   5   1  22  11   2   3   2   5   7   3   1   9   5   5   0   2   3  0.30 inf
  139 R   -1  2  1  0 -5  1  3 -2  2 -2 -2  1 -1 -3  1  0  0 -2 -1 -2    3  10   6   5   0   7  23   3   5   2   3   8   1   1   6   5   5   1   2   3  0.27 inf
  140 E   -2  1 -1  2 -5 -1  2  0  0 -3 -3  1 -2 -2  4 -1 -1 -1  0 -3    2   6   2  14   0   2  15   7   2   2   2   8   1   2  20   3   4   1   3   2  0.39 inf
  141 G    0  0  1  3 -2 -1  1  0 -1 -2 -1  0 -2 -4  2  0  0 -4  0 -1    9   5   5  15   1   2  10   8   1   2   5   7   1   0  10   6   5   0   3   4  0.17 inf
  142 G    0  0  1  2 -1  0  1  0 -1 -1 -1  1 -1 -2  1  0  0 -4 -2 -1    8   5   6  13   1   4   7   8   1   4   5   7   1   2   8   8   4   0   1   5  0.10 inf
  143 Q    0  3  0  0 -3  0  1 -1  0 -2 -3  3 -2 -3  0  0 -1 -4  0 -1   10  15   3   4   1   4  11   5   2   3   2  18   1   1   5   6   4   0   3   4  0.24 inf
  144 R    0  1  1  1 -1  1  2  0  0 -1 -2  1 -2 -2  0  0  0 -4 -2  0   10   8   6   9   1   5  13   6   2   3   4   7   1   2   5   6   7   0   1   6  0.11 inf
  145 I    3 -1 -2 -2  0 -1 -2 -2 -2  2  0 -1  0 -1  1 -1 -1 -4  0  2   24   3   2   2   2   3   2   2   1  12   7   3   2   2   7   3   3   0   3  18  0.24 inf
  146 V    1 -1 -1 -2 -2  0 -1  0 -1  0  0  0  1  0  2  1 -1 -2 -1  1   12   3   3   2   1   4   3   6   1   6   9   6   4   4   9  10   2   1   2  14  0.08 inf
  147 I    1  0 -2 -2 -1 -2 -2 -3 -2  2  1 -1  1 -1  1 -1  0 -1 -2  2   10   5   2   2   1   2   3   2   1  16  16   3   4   2   8   4   5   1   1  14  0.16 inf
  148 H    0  2 -1 -2 -2  0 -1  1  5  0 -2  1 -1 -2 -1 -1 -1 -4 -1  0    7  14   2   2   1   3   4  12  15   7   3   7   2   1   4   5   3   0   2   6  0.24 inf
  149 K   -1  2 -1  0 -2  0  0  3 -2 -1 -2  1 -1 -2 -1  0  0 -4 -1  1    4  10   1   6   1   3   5  21   0   4   3   9   1   1   3   6   7   0   2  11  0.17 inf
  150 K    0 -1  0  1  0  0  2  1  0 -1 -1  1 -1 -2  1  0 -1 -4 -3 -1    6   3   4   9   2   3  12  11   2   3   5  12   2   2   8   8   3   0   0   5  0.13 inf
  151 P    0  0  0  1  0  0  1 -1 -3 -2 -2  3 -1 -2  2  0  0  1 -1 -1    7   4   4   9   2   3   7   4   0   3   2  19   2   2  12   5   7   2   2   4  0.19 inf
  152 R   -1  2  1  1  1  1  2 -1  0 -2 -2  1  0 -4 -1  1  0 -4 -3 -1    5  11   6   7   3   5  14   4   2   2   3  10   3   0   2   9   6   0   0   6  0.17 inf
  153 L    1 -1 -1  0 -3  0  0  0  0 -1  0  0  0 -1  2  1  0 -3 -1  0   10   3   2   6   0   3   5   6   3   4   8   4   3   3  10  15   4   0   2   8  0.09 inf
  154 S   -1  2  1  1 -1  0  1 -1  0 -1 -1  1  1 -2  0  1  0 -4 -2 -2    5  10   8   7   1   4  11   4   2   3   6  11   4   2   4   9   7   0   1   2  0.12 inf
  155 D   -1 -1  0  3 -5 -2  1  0 -1 -2 -3  1 -2 -5 -1  2  3  0 -5 -2    5   3   5  15   0   1   8   7   1   2   2   8   1   0   2  18  17   1   0   3  0.36 inf
  156 V    0 -1  0 -1 -3  0 -1 -1  1  0  1  0  0  1  0  0 -1 -1  2  0    6   3   5   4   0   4   3   4   4   7  15   6   1   6   4   6   4   1   9   8  0.05 inf
  157 R    0  2  4  0 -1  0  2 -2  0 -4 -4  2 -2 -3 -2  1 -1  0 -2 -3    8   9  22   5   1   3  13   2   2   1   2  10   1   1   2   9   3   2   2   2  0.39 inf
  158 E    0  0  1  2  1  2  3 -3  1 -3 -3  0 -2 -3  1  0  0 -1 -3 -3    7   4   7  12   3  10  19   2   3   2   2   5   1   1   7   7   5   1   1   2  0.30 inf
  159 W    0  1 -1  0 -4  3  1 -1 -1 -1  0 -1  1 -1 -2 -1  0  2  1 -1    8   7   2   5   0  17  11   5   1   3   8   3   3   2   2   5   5   2   6   4  0.16 inf
  160 Q    3 -2 -1 -3 -2  5 -2 -3 -1 -2 -2 -1 -1 -3  2  0 -1 -2 -2 -1   24   2   3   1   1  23   2   1   1   3   4   3   2   1  11   6   3   1   1   5  0.48 inf
  161 L   -2 -1 -3 -3 -5  3  2 -4  0  1  3  0  1  0 -2 -2 -1 -5  0  0    2   4   1   1   0  13  13   1   3   9  24   5   3   3   2   3   3   0   3   6  0.30 inf
  162 Y   -1  2  0  4 -3  1  2 -4  1 -3 -4 -1 -2  2 -4 -2 -3 -5  4 -4    4  10   4  21   1   6  12   1   3   1   2   3   1   8   1   3   1   0  15   1  0.54 inf
  163 I   -3 -4 -4 -5 -3 -3 -4 -5 -6  3  2 -4  5  5 -3 -2 -1 -5 -4  2    2   1   1   1   1   1   1   1   0  16  15   1  14  20   2   3   4   0   0  16  0.75 inf
  164 L   -4 -3 -5 -7 -6 -6 -5 -7 -6  1  5 -4  1 -2 -7 -4 -4 -6  2  2    1   2   1   0   0   0   1   0   0   7  56   1   3   1   0   1   1   0   8  16  1.15 inf
  165 Q    0  3 -4 -3  1  2  2 -2 -4 -2  2  0  2 -5 -5  1 -2 -5 -3 -3    8  16   0   1   3  10  12   3   0   2  21   4   4   0   0  13   2   0   1   1  0.39 inf
  166 S    2  1  0 -3  2  1 -2  0 -2 -3 -5  1 -5 -6 -5  4  0 -6 -3 -2   18   7   3   1   5   6   2   8   1   2   0  10   0   0   0  28   5   0   1   3  0.49 inf
  167 F   -4 -6 -7 -7  0 -4 -5 -7 -6  5  4 -4  3  2 -7 -4 -5 -6 -3  2    1   0   0   0   2   1   1   0   0  32  35   1   6   7   0   1   0   0   1  11  1.12 inf
  168 P   -1 -3 -4 -2  0 -6 -3 -5 -7 -7 -4 -3 -7 -3  8 -2 -5 -8 -7 -7    4   2   1   3   2   0   2   1   0   0   3   2   0   2  74   3   1   0   0   0  2.23 inf
  169 G   -3 -3  2  0 -3 -2 -1  6 -3 -7 -7 -4 -6 -5 -6 -1 -3 -7 -2 -5    2   2   8   6   1   2   5  62   1   0   0   1   0   0   0   5   2   0   2   1  1.36 inf
  170 I   -3 -7 -4 -7  1 -6 -7 -7 -7  6 -1 -7  0 -1 -7 -4 -3 -7 -5  5    2   0   1   0   3   0   0   0   0  39   6   0   2   2   0   1   2   0   0  42  1.51 inf
  171 G   -3 -3  4 -1 -6 -5 -3  4  0 -6 -6 -4 -6 -6 -4  4  3 -6 -6 -6    1   1  16   3   0   0   2  27   2   0   0   1   0   0   1  28  17   0   0   0  0.99 inf
  172 R    1 -2  0  1 -5  0  0 -2  1 -2 -3  0 -2 -3  4  1  1 -1  2 -2   10   2   4   7   0   4   6   3   3   2   2   4   1   1  24   9   7   1   7   3  0.40 inf
  173 R   -1  0 -2 -1 -5  0  1 -2  0  0 -3  4 -2  1 -3  0  0 -2 -1  2    4   4   2   3   0   3   7   3   2   6   2  27   1   6   1   7   5   1   2  15  0.30 inf
  174 T   -1 -1  6  0 -1 -1 -2 -4 -2  0 -1  0 -1 -3 -5 -2  3 -3 -4 -2    6   4  36   5   2   2   2   1   1   5   7   6   2   1   0   2  16   0   0   2  0.68 inf
  175 A    5 -5 -5 -4  2 -2 -4 -4 -3  1 -1 -5 -1 -1 -4 -2 -2 -3  4  1   44   0   0   1   5   2   1   0   1   8   7   0   1   3   1   2   2   0  14   8  0.81 inf
  176 E   -2  4 -1 -2 -2  0  1 -1  1 -1  0  2 -1  0 -2 -1 -1 -2  2 -2    3  22   3   2   1   4   8   5   4   3  10  13   1   3   2   4   3   1   7   2  0.25 inf
  177 R    1  3  4 -1 -2  0 -1 -3  1 -3 -1  1 -2 -2 -4  1  0 -4  0 -2   13  17  18   3   1   3   3   1   4   1   5   9   1   1   0   9   5   0   3   2  0.32 inf
  178 I   -5 -6 -7 -7 -5 -6 -6 -7 -6  4  5 -5  4 -2 -6 -5 -3 -6 -5  2    1   0   0   0   0   0   0   0   0  24  47   1   9   2   0   1   1   0   0  13  1.30 inf
  179 L   -1 -1 -5 -6  3 -3 -3 -5 -2  2  4 -1  6 -1 -5 -2 -2 -5  0  0    4   3   0   0   5   1   1   1   1   9  34   5  18   2   0   3   3   0   3   5  0.65 inf
  180 E    0  2  2  1 -4  1  2 -1  3 -4 -1  1 -2 -3 -4  1 -1 -5 -1 -3    6  12  11   7   0   5  15   4   7   1   6  10   1   1   0   8   3   0   2   1  0.30 inf
  181 R   -1  3  1 -3 -1  2  1 -3  6 -5 -5  4 -4 -5 -5 -1 -2 -3 -1 -5    5  13   7   1   1   7  10   2  17   0   1  26   0   0   0   4   2   0   2   0  0.77 inf
  182 F   -2 -6 -5 -7  3 -6 -7 -2 -3 -1 -3 -6 -1  7 -4 -3  0 -2  3  3    4   0   0   0   5   0   0   4   1   4   2   0   1  42   1   2   5   0   9  18  1.19 inf
  183 G   -2  1  0  0 -6  1  0  4 -1 -4 -5  3 -5 -6  1  0 -2 -6 -6 -5    3   6   4   5   0   6   7  28   2   1   1  20   0   0   7   8   2   0   0   1  0.57 inf
  184 S   -4 -3  4  0  0 -5 -5 -3 -3 -7 -7 -4 -3 -7 -6  5  4 -8 -7 -6    0   1  18   5   2   0   0   2   1   0   0   1   1   0   0  48  22   0   0   0  1.42 inf
  185 L   -5 -6 -7 -7 -5 -6 -7 -7 -7  4  4 -4  2  0 -1 -6 -5 -6  0  4    0   0   0   0   0   0   0   0   0  23  32   1   5   3   4   0   0   0   3  28  1.12 inf
  186 E    1  3 -1 -1 -2  2  2 -3  2 -3 -2  2 -3 -3 -4  0 -2 -5 -1 -3   14  17   2   3   1   7  14   1   5   1   5  15   0   1   0   8   2   0   3   1  0.38 inf
  187 R    1  1  2  3 -6  1  4 -1  1 -5 -6  1 -5 -6 -5 -1 -2 -6 -4 -4   13   7   8  15   0   6  26   4   3   1   0  10   0   0   0   4   2   0   0   1  0.60 inf
  188 F   -3 -7 -7 -7 -6 -6 -7 -7 -7  3  5 -7  3  0 -7 -5 -4 -6 -5  4    2   0   0   0   0   0   0   0   0  13  48   0   7   4   0   1   0   0   0  25  1.28 inf
  189 F    2 -3 -3 -5  4 -2 -4 -3 -5  2  0 -2  3  3 -5  0 -1 -5 -2  2   21   1   1   0   9   2   0   1   0  10   9   2   8  13   0   7   3   0   1  12  0.45 inf
  190 T    0 -2  5  0 -2  1  1 -3 -2 -3 -3  1 -3 -4 -5  1  3 -4 -5 -4    8   2  30   4   1   5   8   1   1   2   3   8   1   1   0   9  16   0   0   1  0.61 inf
  191 A    4  0 -4 -5 -1 -4 -3 -4 -5 -2  2 -2  5 -4 -5  1 -1 -3 -4 -3   36   5   1   0   1   0   1   0   0   2  21   3  13   0   0  11   3   0   0   1  0.72 inf
  192 S   -2 -1  0  2 -2 -3 -1 -3 -3 -5 -4 -2 -5 -5  1  5  3 -6 -2 -4    2   3   5   9   1   1   4   2   0   0   2   2   0   0   6  44  16   0   1   1  0.80 inf
  193 K   -1 -1 -2 -2 -3  2  3 -3 -1  1  1  1  1 -3  1 -2 -1 -3 -2  2    4   3   1   2   0   8  20   1   1   8  11   8   3   1   7   2   3   0   1  15  0.24 inf
  194 A    0 -1  0  3 -4  1  5 -2 -1 -2 -5  1 -3 -5 -2  0 -2 -5 -4 -3    9   3   4  14   0   7  35   2   1   2   1   8   1   0   2   6   3   0   0   1  0.62 inf
  195 E   -1  0 -3  3 -7  3  5 -4 -2 -4 -6  0 -1 -7 -5 -3 -2 -1 -6 -2    5   5   1  13   0  14  43   1   1   1   0   4   2   0   0   1   3   1   0   3  0.97 inf
  196 I   -5 -5 -8 -8 -3 -7 -7 -8 -7  2  6 -7  2 -1 -5 -7 -4 -3 -6 -2    1   1   0   0   0   0   0   0   0  11  77   0   4   2   1   0   1   0   0   2  1.75 inf
  197 S    2  0 -2 -2  0  2  1 -3 -2 -1 -1  1  5 -4 -4  1  1 -5 -2 -2   15   5   2   2   2   9  10   1   0   4   6   8  14   0   0  11   7   0   2   2  0.29 inf
  198 K    0  1  0  1  0  2  3 -2 -2 -4 -3  2  0 -4  0  0  0 -2 -3 -3    7   6   3   9   2   8  20   2   1   1   2  14   2   0   5   7   7   1   1   1  0.30 inf
  199 V   -1 -3 -5 -6  1 -5 -4 -3 -1  4  2 -4  0 -3 -6 -2 -1 -5  0  4    4   1   0   0   2   0   1   2   2  25  20   1   2   1   0   2   4   0   3  30  0.76 inf
  200 E    0  1 -2  1 -2 -1  1 -2 -1  0  2  1  1 -2  1 -1 -2  1 -3 -1    8   7   2   8   1   1  12   3   1   4  24   7   3   1   6   4   1   2   0   4  0.13 inf
  201 G   -2 -1 -1 -2  0  1 -2  6 -2 -5 -3 -1 -1 -4 -4 -3 -2 -4 -4 -4    3   3   3   3   2   6   2  60   1   1   4   3   2   1   1   2   2   0   0   1  1.09 inf
  202 I   -2 -3 -2 -3 -3 -3 -3 -4 -3  5  1 -3  3 -1 -3 -3 -2 -3 -3  4    3   1   2   2   0   1   2   2   1  29  10   2   7   3   1   2   2   0   1  32  0.73 inf
  203 G   -3 -5  2  2 -5 -3 -1  5 -3 -6 -6 -4 -5 -6 -3  2  1 -6 -5 -5    1   0  10  10   0   1   3  44   1   0   1   1   0   0   2  18   7   0   0   1  0.98 inf
  204 E    0  1 -1  0 -5  2  3  0  2 -4 -2  2 -4 -4  3 -1 -1 -5 -3 -3    7   7   2   5   0   7  18   6   5   0   3  13   0   1  16   5   3   0   0   2  0.40 inf
  205 K    0  0  0  0 -3  1  4  0 -1 -2 -3  3 -2 -5 -2 -1 -1 -5 -4  0    7   3   5   4   1   6  26   6   1   2   2  20   1   0   1   5   4   0   0   7  0.40 inf
  206 R    1  3  3 -1 -2 -1 -2 -3 -1 -1 -2  4 -2 -4 -3  0  2 -5 -3 -2   10  13  14   4   1   2   2   1   1   3   5  24   1   0   1   5  11   0   0   3  0.40 inf
  207 A    7 -6 -6 -6 -5 -6 -6  2 -1 -3 -5 -6 -3 -7 -6 -3 -3 -4 -6 -2   75   0   0   0   0   0   0  14   2   2   1   0   1   0   0   1   1   0   0   3  1.72 inf
  208 E    0  4 -2 -1 -4  2  3 -3 -3 -2 -2  3 -2 -5 -4 -1  0 -5 -4 -2    8  21   2   2   0   8  19   2   0   3   3  20   1   0   0   4   5   0   0   2  0.52 inf
  209 E    1  3 -1 -2 -3  3  2 -3 -3 -3  0  3  1 -4 -4 -1  0 -5 -4 -3   10  13   3   1   0  12  15   2   0   1   9  19   3   0   0   4   5   0   0   1  0.41 inf
  210 I   -3 -7 -7 -8  0 -7 -7 -8 -7  6  3 -7  0 -1 -7 -6 -4 -6 -5  1    2   0   0   0   2   0   0   0   0  52  30   0   2   2   0   0   0   0   0   9  1.52 inf
  211 K   -4  3 -4 -5 -2  0 -3 -6  4 -3 -2  0 -2  2 -6 -4 -4  4  7  0    1  16   1   0   1   5   1   0  11   1   3   6   1   6   0   1   1   6  34   6  1.10 inf
  212 K   -2  4  1  2 -6  0  4 -1 -1 -5 -5  2 -5 -6 -5  0  0 -1 -3 -5    2  20   7  12   0   3  24   5   1   0   1  11   0   0   0   6   5   1   1   0  0.60 inf
  213 I   -1 -1 -6 -5 -4 -4 -4 -5  0  2 -2 -3 -2  7 -7 -5 -4 -3  2  3    6   3   0   1   0   1   1   1   3  10   3   1   1  44   0   0   1   0   7  18  1.16 inf
  214 L   -4 -6 -5 -7 -2 -6 -7 -7 -6  3  4 -6  1  5 -7 -5 -4  2  1  1    1   0   0   0   1   0   0   0   0  16  39   0   3  23   0   1   1   3   4  10  1.09 inf
  215 M   -4  2  4  0 -4  0  0  0  7 -6 -6 -1 -4 -6 -1 -1  0 -7 -4 -6    1  12  18   6   0   4   6   6  31   0   0   2   0   0   3   4   7   0   0   0  1.01 inf
  216 T    1  3 -2 -3 -2  0 -1 -3  0 -4 -3  0 -3 -4 -4  2  4 -3  1 -3   12  16   1   1   1   3   4   2   2   0   2   4   0   0   0  15  29   0   6   2  0.52 inf
  217 P   -2 -2 -2  1 -6  0  3 -1 -2 -6 -5  3 -3 -5  5 -1 -1 -6 -5 -4    3   1   2   8   0   4  20   6   1   0   0  18   1   0  29   5   3   0   0   1  0.78 inf
  218 Y   -4 -5 -4 -6 -3 -5 -6 -6  3 -2 -2 -6 -4  6 -6  0 -5  3  8 -4    1   0   1   0   1   0   0   0   6   2   4   0   0  28   0   8   0   3  47   1  1.69 inf
  219 K   -3  5 -3 -3 -6  0  4 -4 -3 -6 -5  5 -4 -6 -4 -3 -3 -5 -4 -5    0  28   0   0   0   3  25   0   0   0   0  45   0   0   0   0   0   0   0   0  1.26 inf

                      K         Lambda
Standard Ungapped    0.1382     0.3199
Standard Gapped      0.0526     0.2670
PSI Ungapped         0.1712     0.3135
PSI Gapped           0.0526     0.2670
