
Last position-specific scoring matrix computed, weighted observed percentages rounded down, information per position, and relative weight of gapless real matches to pseudocounts
           A  R  N  D  C  Q  E  G  H  I  L  K  M  F  P  S  T  W  Y  V   A   R   N   D   C   Q   E   G   H   I   L   K   M   F   P   S   T   W   Y   V
    1 A    5 -3 -2 -3 -2 -2 -2 -1 -3 -3 -3 -2 -2 -4 -2  2 -1 -4 -3 -2   87   0   0   0   0   0   0   0   0   0   0   0   0   0   0  13   0   0   0   0  0.94 inf
    2 S    1 -2  2 -1 -2  0 -1 -2 -2 -1 -2 -1  2 -3 -2  3  2 -4 -3 -1   16   0  15   2   0   4   0   0   0   2   0   0   8   0   0  33  18   0   0   2  0.35 inf
    3 V   -2 -3 -4 -4 -2 -3 -4 -5 -4  4  3 -3  2  0 -4 -3 -2 -3 -2  3    0   0   0   0   0   0   0   0   0  30  39   0   5   1   0   0   0   0   0  25  0.63 inf
    4 V   -2 -3 -1 -3 -2 -2 -3 -3 -1  1 -1 -2 -2 -3 -3  1  6 -4 -3  1    0   0   2   0   0   0   0   0   2   8   5   0   0   0   0   5  69   0   0  10  0.78 inf
    5 I   -2 -4 -5 -5 -2 -4 -4 -5 -5  5  0 -4  0 -2 -4 -3 -2 -4 -3  5    0   0   0   0   0   0   0   0   0  47   2   0   0   0   0   0   0   0   0  51  0.96 inf
    6 R   -3  8 -2 -4 -5 -1 -2 -4  0 -5 -3  0 -3 -5 -4 -3 -3 -5 -3 -4    0  96   0   0   0   0   0   0   2   0   2   0   0   0   0   0   0   0   0   0  1.76 inf
    7 N   -3 -1  7  2 -4  0  0  0 -1 -5 -5  0 -4 -5 -3  0 -2 -5 -4 -4    0   1  72   8   0   2   3   6   1   0   0   4   0   0   0   3   0   0   0   0  1.15 inf
    8 L   -3 -4 -5 -5 -3 -4 -4 -5 -4  2  5 -4  1  0 -4 -4 -2 -3 -2  2    0   0   0   0   0   0   0   0   0  10  72   0   2   1   0   0   0   0   0  14  0.84 inf
    9 S   -2 -3  0  5 -4 -2  1 -3 -3 -4 -4 -1 -4 -5  5  2 -1 -5 -4 -4    0   0   3  36   0   0   6   0   0   0   0   2   0   0  35  17   1   0   0   0  0.99 inf
   10 E   -2 -2 -1  5 -5  0  4 -3 -1 -5 -5 -1 -4 -5  1 -1 -2 -5 -4 -4    2   0   1  49   0   1  37   0   1   0   0   0   0   0   8   1   0   0   0   0  1.05 inf
   11 A    1 -2  0  2 -4  0  5 -2  0 -3 -3 -1 -3 -4 -2  1 -1 -4 -3 -2   12   0   2  12   0   2  53   2   2   0   2   0   0   0   1   8   2   0   0   2  0.60 inf
   12 T   -1 -3 -3 -3 -2 -3 -3 -4 -4  3  2 -3  0 -2 -3 -2  2 -4 -2  4    3   0   0   1   0   0   0   0   0  15  16   0   1   0   0   0  16   0   0  48  0.52 inf
   13 H   -3  0 -2 -3 -4 -1 -2 -4  8 -2 -1  4 -1 -3 -3 -2 -2 -4 -1  0    0   2   0   0   0   0   0   0  47   2   5  34   1   0   0   0   1   0   0   7  0.98 inf
   14 N    0  5  0  0 -3  2  1 -2 -1 -1 -2  1 -2 -4 -3  0 -1 -4 -3 -2   11  40   5   5   0  10  11   1   1   4   2   3   0   0   0   5   3   0   0   0  0.43 inf
   15 A    4  2 -2 -3 -2  1 -1 -1 -2 -3 -1  0  0 -3 -2  0 -1 -4 -3 -2   61  14   1   0   0   6   1   3   0   0   4   5   2   0   0   3   0   0   0   0  0.53 inf
   16 I   -2 -4 -5 -5 -3 -4 -4 -5 -4  2  5 -4  0 -1 -4 -4 -3 -3 -3  0    2   0   0   0   0   0   0   0   0   8  87   0   0   0   0   0   0   0   0   3  1.06 inf
   17 K   -1  6  0 -3 -2  1 -1 -3 -2 -4 -4  4 -3 -4 -3 -2 -1 -4 -3 -3    3  58   3   0   1   3   0   0   0   0   0  29   0   0   0   0   2   0   0   2  1.03 inf
   18 F    1 -1 -3 -3 -2  0  0 -2 -3  2  1 -1  1  0 -3 -1 -1 -3 -2  3   13   3   0   0   0   4   7   3   0  13  14   2   4   4   0   1   1   0   0  29  0.15 inf
   19 R   -2  6 -2 -3 -4  2  0 -3 -2 -3 -2  1 -2 -4 -3 -1 -2 -4 -3 -1    2  73   0   0   0  10   2   0   0   0   4   2   0   0   0   4   0   0   0   4  1.00 inf
   20 A    6 -3 -3 -3 -2 -2 -2 -1 -3 -3 -3 -2 -2 -4 -2  0 -2 -4 -3 -2  100   0   0   0   0   0   0   0   0   0   0   0   0   0   0   0   0   0   0   0  1.23 inf
   21 R    5  0 -2 -3 -2 -1 -1 -1 -3 -2 -2  0 -1 -3 -2  0  0 -4 -3 -1   74   5   0   0   0   1   2   1   0   0   2   4   1   0   0   3   3   0   0   2  0.61 inf
   22 A    0  2 -1 -2 -3  4  1 -2  2 -2 -1  1  0 -3 -2  0 -1 -3 -2 -2   10  14   2   0   0  35   7   0   7   1   8   7   3   0   0   4   3   0   0   0  0.35 inf
   23 A   -1  0  5  0 -4 -1 -2 -3  8 -5 -4 -2 -3 -3 -4 -2 -2 -4 -1 -4    4   4  33   5   0   0   0   0  54   0   0   0   0   0   0   0   0   0   0   0  1.27 inf
   24 G    0 -3  0  0 -4  0 -3  6  1 -5 -5 -2 -4 -4 -3 -1 -3 -4 -4 -4    3   0   4   4   0   4   0  81   4   0   0   0   0   0   0   0   0   0   0   0  1.24 inf
   25 R   -2  6 -1 -3  0  0 -2 -4  3 -1 -1  1 -2 -3 -3 -2 -2  1 -2 -1    0  66   2   0   2   2   0   0   9   4   6   2   0   0   0   2   0   2   0   4  0.81 inf
   26 S    0 -2 -1 -2 -2 -2 -2 -2 -3 -4 -4 -2 -3 -4 -2  6  2 -4 -3 -3    0   0   0   0   0   0   0   0   0   0   0   0   0   0   0  91   9   0   0   0  1.16 inf
   27 T    1 -3 -2 -3 -2 -2 -3 -3 -3  1  1 -2  5 -2 -3 -1  3 -3 -2  1   10   0   0   0   0   0   0   0   0   9  15   0  26   0   0   0  31   0   0   9  0.41 inf
   28 E   -2 -1 -1  1 -5  2  6 -3 -1 -5 -4  0 -3 -5 -2 -1 -2 -4 -3 -4    0   0   0   3   0   7  88   0   0   0   0   0   0   0   0   2   0   0   0   0  1.27 inf
   29 A    4 -2 -2  1 -2  0  2 -1 -2 -3 -3 -1 -2 -4 -2  0 -1 -4 -3 -2   67   0   0   8   0   2  21   0   0   0   0   0   0   0   0   2   0   0   0   0  0.61 inf
   30 E   -1 -2 -2  0 -5  1  7 -3 -2 -5 -4 -1 -3 -5 -3 -1 -2 -4 -3 -4    4   0   0   0   0   0  96   0   0   0   0   0   0   0   0   0   0   0   0   0  1.39 inf
   31 I    2 -3 -3 -3 -2 -2 -3 -3  1  3  0 -2  2 -2 -3 -1 -1 -3 -2  3   24   0   0   0   0   0   0   0   6  18   4   0   7   0   0   3   0   0   0  38  0.32 inf
   32 R   -3  7 -2 -3  2  1 -1 -4 -2 -4 -1  1 -2 -4 -4 -2 -2 -4 -3 -3    0  84   0   0   5   5   0   0   0   0   5   0   0   0   0   0   0   0   0   0  1.24 inf
   33 L    2  0  0  4 -3  1  2 -2  0 -2 -2  0 -1 -2 -2  0 -1 -3 -2 -2   23   5   2  31   0  10  11   0   2   2   2   2   2   2   0   2   2   0   0   2  0.29 inf
   34 I   -1 -4 -4 -4 -2 -4 -4 -5 -4  6  1 -4  2 -1 -4 -3 -2 -4 -2  2    4   0   0   0   0   0   0   0   0  78   7   0   6   0   0   0   0   0   0   4  0.85 inf
   35 L   -2 -3 -4 -5 -2 -3 -4 -5 -4  2  5 -4  1 -1 -4 -3 -2 -3 -2  1    0   0   0   0   0   0   0   0   0  13  80   0   0   0   0   0   0   0   0   7  0.81 inf
   36 D    1  2 -2  1 -3  0  4 -2  0 -1 -2  1 -2 -3 -2  0  0 -4 -3  0   12  16   0   5   0   1  32   1   2   4   1   6   0   0   0   5   5   0   0   8  0.32 inf
   37 N    2  1  1  0 -1  2  1 -1 -1 -2 -2  1 -1 -3 -2  1  1 -4 -3 -2   23   8   9   5   1  14   9   1   1   1   1   7   2   0   0   6  11   0   0   1  0.23 inf
   38 I    5 -4 -4 -4 -3 -2 -3 -2 -4 -1 -2 -3 -1 -1 -2  0  0  3 -3  1   66   0   0   0   0   1   0   1   0   2   2   0   1   2   1   3   7   4   0   9  0.82 inf
   39 A    1 -4 -4 -4 -2 -3 -4 -4 -4  1  2 -3 -1 -2 -4 -1  1 -4 -1  5   15   0   0   0   0   0   0   0   0   2  20   0   0   0   0   2   8   0   2  50  0.57 inf
   40 K    0  4  0 -2 -1  2  0 -1 -1 -2  0  3 -1 -2 -2  0  0 -4 -3 -3    7  25   4   1   1   8   4   3   1   1   9  18   2   2   1   5   7   0   0   0  0.29 inf
   41 A    0 -2 -3 -1 -4  2 -1 -1 -3 -4 -4  0 -4 -5  7  0 -1 -5 -4 -4    9   2   0   4   0   9   2   3   0   0   0   5   0   0  56   8   2   0   0   0  1.25 inf
   42 Q    1  0 -2  1 -3  1  3 -1 -1 -3 -2  0 -3 -4  3  1  0 -4 -3 -1   10   3   0   7   0   6  25   3   1   0   2   4   0   0  18   8   6   0   0   5  0.38 inf
   43 Q    0  0  1  0 -3  3  2  2  0 -3 -3  1 -2 -4  1  0  0 -4 -3 -2    7   3   6   4   0  16  14  17   2   1   1   7   0   0   8   5   6   0   0   1  0.29 inf
   44 T   -2  6 -1 -2 -5  0  0 -1  0 -5 -4  1 -3 -4 -1  1 -1 -5 -2 -4    3  57   1   1   0   3   4   4   2   0   1   6   0   0   2   9   4   0   1   0  0.93 inf
   45 V    0 -1 -2 -3 -2 -1 -2  0 -3  1  1  0 -1 -1  2 -1  0 -3  0  3    7   2   1   0   0   3   2   7   0  10  12   6   0   2  11   2   4   0   5  27  0.17 inf
   46 R   -1  4  1  0 -2  0  0  2  1 -4 -3  2 -2 -4 -3  0 -1 -4 -3 -3    4  25   5   4   1   2   5  18   4   0   1  17   1   0   0   8   3   0   0   0  0.40 inf
   47 L   -2 -4 -5 -5 -3 -1 -4 -5 -4  2  5 -4  3  2 -2 -4 -3  1 -2  0    3   0   0   0   0   3   0   0   0  10  58   0   7  10   2   0   0   2   0   3  0.77 inf
   48 G    1 -4 -3 -2 -1 -4 -3  6 -4 -5 -4 -4 -4 -1 -2 -1 -2 -4 -3 -2   10   0   0   1   1   0   1  70   0   0   1   0   0   3   2   3   2   0   1   3  1.21 inf
   49 S   -1 -2 -1  3 -3  1  2 -3 -3 -3 -2 -1  0 -4 -3  4  2 -4 -3 -2    2   1   2  15   0   5  15   0   0   1   4   1   2   0   0  34  15   0   0   1  0.49 inf
   50 M    3  2 -3 -3 -3  0 -1 -3 -3 -1  2 -1  0 -1 -3 -2 -1  1 -3  0   33  17   0   0   0   5   3   0   0   1  26   1   2   2   0   0   2   2   0   7  0.35 inf
   51 L   -1 -4 -5 -5 -3 -4 -5 -5 -4  3  5 -3  3  0 -5 -3 -3  1 -1  0    4   0   0   0   0   0   0   0   0  19  59   1   9   2   0   1   0   2   2   1  0.86 inf
   52 A    4  2 -1 -2 -1 -1 -1 -2  4 -1 -1 -1  0 -3 -3  0  0 -4 -1 -1   40  11   2   2   1   1   3   1  13   2   7   2   3   0   0   3   5   0   2   4  0.35 inf
   53 S    2  0 -1  2 -3  2  3 -2  0 -4 -3 -1 -1 -4 -3  2 -1 -4 -3 -2   23   4   1  10   0  10  25   1   2   0   1   2   1   0   0  17   1   0   0   2  0.45 inf
   54 I    0  3 -3 -4 -3 -2 -3 -4  1  4  2 -2  2  1 -4 -3 -2 -3  0  1    9  19   0   0   0   1   0   0   3  31  17   0   5   5   0   0   0   0   3   8  0.41 inf
   55 G    1 -1 -2 -3 -3 -3 -3  4 -1 -2 -1 -3 -2  4 -1  0 -2  0  0 -1   10   4   1   0   0   0   0  35   1   2   4   0   0  25   3   7   1   1   1   4  0.49 inf
   56 Q    2  5 -1 -1 -4  3 -1 -3 -1 -4 -2  1 -3 -3 -3  0 -1 -4 -3 -3   18  43   2   2   0  14   2   1   1   0   3   4   0   1   0   5   2   0   0   1  0.66 inf
   57 E   -1  3 -1  2 -4  1  3  0 -1 -4 -3  1 -3 -3  0  1 -2 -4 -3 -2    5  16   2  10   0   4  27   7   1   0   1  10   0   1   4  10   1   0   0   3  0.38 inf
   58 I    2 -3 -1 -3 -2 -2 -2 -1 -1  2  2 -3  0  1 -3 -1 -1 -3 -1  2   23   0   3   0   0   1   1   4   1  10  22   0   1   6   0   2   3   0   1  20  0.24 inf
   59 G   -2 -1  0 -1 -5 -2  1  6 -4 -5 -4 -2 -4 -5 -4  0 -3 -5 -5 -3    1   3   4   3   0   1   9  69   0   0   2   2   0   0   0   5   0   0   0   1  1.17 inf
   60 G   -2 -4 -3 -1 -4 -4 -4  6 -4 -2  3 -4 -2 -4 -5 -3 -1 -5 -4 -2    1   0   0   4   0   0   1  59   0   1  29   0   0   0   0   0   3   0   0   2  1.03 inf
   61 V   -1 -3 -3 -2 -2 -3 -2 -4 -4  1  1 -3 -1  0 -4  0  3 -4 -3  4    2   0   0   3   0   0   1   0   0   6  14   0   1   4   0   8  24   0   0  36  0.45 inf
   62 E   -3 -3  3  5 -5 -1  4 -4 -3 -5 -3 -1 -4 -5 -4 -1  0 -6 -4 -4    1   0  15  35   0   1  34   0   0   0   2   3   0   0   0   2   7   0   0   0  0.98 inf
   63 L   -1 -1 -3  1 -3 -1  1 -4 -3  0  3 -2 -1  1 -1 -1 -2 -3 -1 -1    6   3   0  11   0   2  12   0   0   4  43   2   0   7   3   3   1   0   1   2  0.29 inf
   64 E    0 -3  1  5 -5 -1  5 -3 -3 -5 -5 -2 -4 -5  1 -1 -1 -6 -5 -5    7   0   5  36   0   0  39   1   0   0   0   1   0   0   6   2   3   0   0   0  0.97 inf
   65 D   -1 -1 -2 -1 -3  1  1 -4 -3  3  2 -1  0 -1 -3 -2 -2 -4 -2  2    2   4   1   3   0   7  11   0   0  26  23   3   1   2   0   0   0   0   0  18  0.30 inf
   66 V    2 -3 -3 -2 -3  1  3 -3 -3 -2 -2 -2 -2 -4  4 -1  0 -4 -3  2   17   0   0   0   0   5  24   0   0   0   1   0   0   0  23   2   7   0   0  20  0.54 inf
   67 R   -2  6 -2 -2 -5  2  3 -4 -2 -4 -2  1 -3 -4 -1 -1 -2 -4 -3 -4    2  52   0   0   0  10  20   0   0   0   4   6   0   0   3   3   0   0   0   0  0.81 inf
   68 G    0  0  0  6 -4 -1  1  1 -2 -4 -5 -2 -4 -5 -3 -1 -2 -5 -4 -4    9   7   2  69   0   0   3  10   0   0   0   0   0   0   0   0   0   0   0   0  1.01 inf
   69 R   -2  4 -1 -2 -4  2  1 -3 -1 -4 -3  5 -2 -4 -2 -1 -2 -4 -3 -3    0  29   0   0   0  10   4   0   0   0   0  58   0   0   0   0   0   0   0   0  0.83 inf

                      K         Lambda
Standard Ungapped    0.1310     0.3169
Standard Gapped      0.0489     0.2670
PSI Ungapped         0.1590     0.3097
PSI Gapped           0.0489     0.2670
