
Last position-specific scoring matrix computed, weighted observed percentages rounded down, information per position, and relative weight of gapless real matches to pseudocounts
           A  R  N  D  C  Q  E  G  H  I  L  K  M  F  P  S  T  W  Y  V   A   R   N   D   C   Q   E   G   H   I   L   K   M   F   P   S   T   W   Y   V
    1 M   -7 -7 -8 -9 -7 -6 -8 -8 -7 -4 -3 -7 11 -6 -8 -7 -6 -7 -7 -5    0   0   0   0   0   0   0   0   0   0   0   0 100   0   0   0   0   0   0   0  4.13 inf
    2 I   -6 -7 -8 -8 -7 -7 -8 -8 -3  6 -3 -6 -2  4 -8 -7 -5 -4  7 -3    0   0   0   0   0   0   0   0   0  42   1   0   1  14   0   0   0   0  40   0  2.08 inf
    3 L   -5 -6 -7 -8 -5 -6 -7 -8 -7  3  6 -7 -2  0 -6 -6 -5 -6 -5  3    0   0   0   0   0   0   0   0   0  13  64   0   0   3   0   0   0   0   0  19  1.48 inf
    4 L   -5 -7 -8 -8 -2 -7 -8 -8 -5  1  6 -7 -3 -3 -8 -7 -6 -6 -6  1    1   0   0   0   1   0   0   0   0   6  81   0   0   1   0   0   0   0   0  10  1.84 inf
    5 D   -8 -7 -3  9 -9 -6 -4 -5 -7 -9-10 -6 -9 -9 -7 -6 -7-10 -9 -9    0   0   1  98   0   0   0   1   0   0   0   0   0   0   0   0   0   0   0   0  3.27 inf
    6 T   -5 -7 -6 -7 -7 -6 -7 -7 -8 -4 -7 -6 -6 -8 -4 -3  8 -8 -7 -6    1   0   0   0   0   0   0   0   0   1   0   0   0   0   1   1  97   0   0   0  2.95 inf
    7 N   -5 -6  9 -2  3 -6 -6 -5 -3 -9 -9 -5 -5 -9 -4 -4 -5 -9 -8 -5    1   0  88   1   5   0   0   0   1   0   0   0   0   0   1   1   0   0   0   1  2.87 inf
    8 V   -4 -8 -8 -8 -6 -7 -8 -8 -8  4 -3 -7 -3 -6 -8 -6 -3 -8 -6  7    1   0   0   0   0   0   0   0   0  18   2   0   0   0   0   0   1   0   0  78  2.18 inf
    9 I   -5 -6 -8 -8 -3 -7 -7 -8 -7  6  3 -7 -1 -4 -6 -6 -5  0 -4  4    0   0   0   0   0   0   0   0   0  41  25   0   1   0   0   0   0   1   0  30  1.47 inf
   10 S   -2 -6 -5 -6 -4 -6 -6 -5 -7 -8 -5 -6 -5 -5 -6  8 -4 -5 -4 -7    3   0   0   0   0   0   0   0   0   0   1   0   0   1   0  93   0   0   1   0  2.47 inf
   11 E    1 -6 -1 -2 -8 -3  8 -6 -6 -7 -7 -4 -7 -8 -6 -5 -6 -8 -7 -5   10   0   3   2   0   0  83   0   0   0   0   0   0   0   0   0   0   0   0   1  2.27 inf
   12 P    1 -5 -6 -6 -3 -3 -5 -5 -6  1  5 -5  1  0  1 -3  0 -2 -3  0   11   0   0   0   0   1   0   0   0   7  50   0   3   3   8   1   7   0   1   6  0.76 inf
   13 L   -1  5 -5 -6 -6 -1 -4 -4 -5  0  1 -3  6 -2 -5 -2 -1  1 -4  0    4  36   0   0   0   3   0   1   0   5  11   1  21   2   0   2   4   2   0   6  0.94 inf
   14 R   -4  6 -2 -6 -4 -2 -4 -4 -4 -7 -6  6 -6 -8 -5 -3 -4 -8 -7 -5    2  39   2   0   0   1   0   2   0   0   1  50   0   0   0   1   1   0   0   1  1.80 inf
   15 P    1  2 -3 -4 -6 -1 -3  1 -4 -3 -3  1 -4 -7  6  0 -3 -7 -5 -2   10  11   1   1   0   2   1  10   0   1   2   9   0   0  39   6   1   0   0   3  0.90 inf
   16 Q    1  3  1 -1 -5  2  1 -2  0 -3 -3  3 -2 -3 -3  0  0 -3 -4 -2   11  17   6   2   0  11  11   2   2   1   3  17   1   1   1   7   5   0   0   3  0.36 inf
   17 P    2  0 -6 -6  0 -4 -6 -1 -2 -4 -7 -3 -7 -8  8 -3 -3 -8 -5 -5   18   5   0   0   2   1   0   4   1   1   0   1   0   0  62   2   1   0   0   1  1.84 inf
   18 N   -1 -5  4  6 -7 -1  1 -5  4 -7 -6 -4 -6 -6 -4  2 -4 -8 -4 -6    6   0  20  37   0   2   8   0  10   0   1   0   0   0   1  14   0   0   0   0  1.17 inf
   19 E    2  0 -3 -1 -6 -1  1 -1 -3 -4 -4  0 -4 -6  6 -1 -2 -4 -2 -2   16   4   1   3   0   3  10   5   1   1   2   5   0   0  39   5   2   0   2   3  0.84 inf
   20 R    3  2  3 -2 -2  2 -2  2  0 -4 -4  1 -3 -5 -2  0 -2 -5 -3 -3   23  13  15   1   1   8   2  14   2   1   1   7   0   0   2   6   2   0   1   1  0.44 inf
   21 V   -3 -7 -8 -8 -6 -7 -7 -8 -8 -1  0 -7 -3 -1 -7 -7 -4 -7 -6  8    2   0   0   0   0   0   0   0   0   2   8   0   0   3   0   0   0   0   0  84  2.20 inf
   22 V    0  2 -4 -5 -4  0 -2 -5 -4  3  3 -1  2 -3 -5 -3 -1 -3 -4  3    9  10   1   0   0   4   2   0   0  14  24   4   5   0   0   1   4   0   0  22  0.46 inf
   23 A    5  1  0  1 -2  1  1 -2 -1 -4 -4 -1 -4 -4 -5  0  0 -6 -5 -3   42   7   4   8   1   6   8   3   1   1   1   3   0   1   0   7   6   0   0   1  0.58 inf
   24 W   -7 -5 -4-11 -6 -5 -9 -9 -9 -9 -8 -7 -5  2-10 -9 -9 13 -3 -9    0   1   1   0   0   1   0   0   0   0   0   0   0   7   0   0   0  88   1   0  4.71 inf
   25 L    1 -5 -4 -7 -4 -5 -6 -5 -5  2  4 -6  3  3 -6 -4 -3  0 -2  1   14   0   1   0   0   0   0   0   0   9  43   0   8  12   0   1   1   1   1   8  0.84 inf
   26 D    1  2  2  4 -5  0  1 -1  0 -4 -4 -1 -3 -5 -4  0 -2 -6 -2 -2   14  12   8  26   0   4  10   5   2   1   2   3   0   0   0   6   1   0   1   3  0.49 inf
   27 S    3  2  0  0 -5  1  1  0 -1 -4 -5 -1 -3 -6 -3  3  1 -6 -5 -3   24  11   4   4   0   6   9   8   1   1   0   2   0   0   1  21   8   0   0   1  0.46 inf
   28 L   -1 -1 -3 -5 -5  6 -2 -6  3  1  0 -2 -2 -3 -5 -3 -1 -4  0  2    4   3   1   0   0  38   1   0   7   8   9   2   0   1   0   1   4   0   3  17  0.81 inf
   29 I    1 -1  0  4 -5 -1  0 -2  0 -2 -3 -2 -2 -4  4  1 -2 -4 -5 -2   12   4   4  26   0   2   5   3   2   2   2   2   1   1  19  10   2   0   0   3  0.54 inf
   30 L    3  0 -2  1 -4  0  1  0 -2 -1 -1 -2 -2 -3  2  0 -1 -4 -4  0   24   6   1   9   0   3  10   6   1   4   6   1   1   1  10   7   3   0   0   6  0.21 inf
   31 E    1 -2 -1  3 -4  1  4 -2  0 -4 -2 -2 -1 -4 -2  1  0 -4 -2 -3   12   2   2  15   0   4  28   3   2   1   3   1   2   1   2  12   7   0   1   1  0.46 inf
   32 D    0  1  0  4 -3  2  2 -3  0 -4 -3 -1 -3 -4 -2  2  2 -4 -4 -3    6   9   4  22   0   8  11   1   2   1   2   2   0   1   1  14  14   0   0   1  0.45 inf
   33 V   -2 -4 -7 -7  0 -3 -6 -7 -6  2  5 -6  1  1 -5 -4 -1 -5 -4  1    3   1   0   0   2   1   0   0   0   9  60   0   3   5   0   2   4   0   0   9  1.08 inf
   34 Y    1 -4 -5 -7 -3 -6 -7 -6  3 -6 -4 -6 -3  7 -7 -6 -3  4  7 -4   12   1   1   0   1   0   0   0   7   0   1   0   0  36   0   0   2   5  33   1  1.72 inf
   35 L   -5 -7 -5 -7 -5 -6 -7 -8 -7  5  5 -6 -1 -3 -7 -5  2 -6 -5  1    0   0   0   0   0   0   0   0   0  26  49   0   1   1   0   0  13   0   0   9  1.29 inf
   36 S    0 -6 -2 -6  1 -5 -5 -6 -6 -7 -7 -5 -6 -8  0  6  4 -8 -7 -6    6   0   2   0   3   0   0   0   0   0   0   0   0   0   4  65  20   0   0   0  1.71 inf
   37 A    5 -6 -5 -6 -3 -5 -4 -4 -6 -1 -5 -5 -4 -6 -4  3  2 -7 -6  4   41   0   0   0   1   0   1   1   0   3   0   0   0   0   0  18  12   0   0  23  1.05 inf
   38 I   -3 -7 -7 -7 -5 -5 -7 -8 -7  6  2 -7  1 -5 -2 -6 -3 -7 -6  5    2   0   0   0   0   1   0   0   0  43  16   0   3   0   3   0   1   0   0  32  1.40 inf
   39 T   -3 -6 -3 -6 -3 -6 -6 -4 -7 -5 -6 -6 -4 -7 -6  2  7 -8 -7  2    2   0   1   0   1   0   0   1   0   0   0   0   0   0   0  14  68   0   0  12  1.82 inf
   40 V   -3 -2 -6 -7 -5 -1 -3 -6 -6  5  3 -3  0 -1 -6 -5 -4  1 -5  4    2   2   0   0   0   3   2   0   0  27  27   2   2   2   0   0   0   2   0  29  0.93 inf
   41 A    5 -5 -5 -4 -5 -3 -4  4  1 -5  0 -4  3 -1 -6 -3 -4 -6 -4 -4   47   0   0   1   0   1   1  25   3   0   8   1   7   3   0   1   0   0   1   1  1.03 inf
   42 E   -5 -6 -6 -4-10 -3  8 -8 -6 -9 -9 -4 -8 -9 -7 -6 -7 -9 -8 -7    1   0   0   0   0   0  98   0   0   0   0   1   0   0   0   0   0   0   0   0  3.01 inf
   43 M   -4 -6 -8 -8 -6 -2 -7 -7 -7  6  4 -7  1 -4 -7 -7 -5 -7 -2  0    1   0   0   0   0   2   0   0   0  48  41   0   2   0   0   0   0   0   1   4  1.61 inf
   44 R   -1  5 -4 -1 -6  2  4 -3 -2 -2  1 -2  0 -1 -5 -3 -3 -2 -2 -3    4  29   0   2   0   8  23   2   1   2  16   1   2   3   0   1   1   1   1   1  0.64 inf
   45 L    1  3 -4 -3 -4  0 -4 -5  1 -2 -1  1 -1  4 -5 -2  0 -2  5 -2   10  19   0   1   0   3   0   0   4   3   5  10   1  15   0   3   5   0  18   2  0.56 inf
   46 G   -4 -5 -6 -7 -8 -7 -6  8 -8 -9 -9 -7 -8 -9 -8 -4 -7 -3 -9 -7    1   1   0   0   0   0   0  97   0   0   0   0   0   0   0   1   0   1   0   0  2.86 inf
   47 V   -1 -5 -7 -8 -2 -7 -6 -8 -7  7  1 -6  0 -5 -7 -5 -4 -1 -6  4    6   1   0   0   1   0   0   0   0  51  13   0   1   0   0   0   0   1   0  24  1.46 inf
   48 A    4  1 -3 -1 -3  0  3 -1 -1 -3  1 -2 -2 -3 -5 -2 -2 -4 -2 -3   31   7   1   3   0   5  21   4   1   1  17   1   1   1   0   2   1   0   2   1  0.46 inf
   49 L    0  4 -1 -4  1  0 -2 -4 -2  0  3  2 -1 -4 -4 -1 -2 -2 -4 -2    9  25   3   1   3   3   2   1   1   5  26  11   1   0   0   4   2   1   0   1  0.46 inf
   50 L   -2  1 -6 -6 -5 -3 -5 -7 -6  2  4  0  5 -2 -4 -5  0 -4 -5  1    3   7   0   0   0   1   0   0   0  11  42   6  16   1   1   0   5   0   0   7  0.85 inf
   51 L   -1  4 -4 -1 -7 -2  1 -3 -2 -6 -4 -1 -3 -6  6 -2 -3 -7 -4 -5    5  24   0   3   0   2   8   3   1   0   2   3   1   0  42   3   1   0   1   0  1.19 inf
   52 N    1  1  0  6 -6 -1  2 -4  2 -5 -3 -1 -4 -6  0 -2 -3 -7 -5 -4   11   8   4  38   0   2  13   1   4   0   2   4   0   0   5   3   1   0   0   1  0.77 inf
   53 G    0  0 -2  0 -6 -1 -2  5 -1 -4 -5  0 -5 -5  2  0 -3 -6 -5 -5    9   6   2   5   0   3   2  44   1   1   1   6   0   0  11   7   1   0   0   0  0.77 inf
   54 K    1  4 -2  1 -6  2  0 -3  0 -4 -5  4 -3 -5 -2 -2  1 -6 -5 -2   10  23   1   9   0  10   5   2   2   1   1  21   0   0   2   2   7   0   0   3  0.57 inf
   55 K   -2  7 -5 -4 -4  4 -4 -3 -3 -6 -6  3 -6 -1 -1 -4 -4 -7 -6 -6    3  52   0   1   0  19   0   2   0   0   0  14   0   2   3   0   1   0   0   0  1.53 inf
   56 K    2  5 -3 -4 -4  2 -2  2 -4 -4 -6  4 -5 -5 -4 -1 -4 -5 -4 -5   19  28   1   1   0   7   1  14   0   1   0  22   0   0   0   4   0   0   1   0  0.82 inf
   57 N    2  1  0  3 -5  2  1 -2 -1 -4 -4  1 -3 -5 -3  0  1 -5 -4 -3   21   9   4  15   0   9   9   3   1   1   1   9   0   0   1   7   9   0   0   1  0.37 inf
   58 V    2  2 -2  0 -4  1  1 -1 -1  0 -1  0  1 -3 -2  0 -1 -2 -2  0   19  15   1   6   0   5   9   5   1   4   6   4   4   1   1   5   4   1   1   7  0.15 inf
   59 L   -4 -2 -7 -5 -6 -6 -6 -8 -3  0  6 -6 -2  0 -7 -6 -5 -6 -1 -2    1   2   0   1   0   0   0   0   1   4  81   0   0   3   0   0   1   0   2   3  1.69 inf
   60 H    0  3 -1  0 -4  3  3 -3  1 -1 -1 -1 -2 -3 -4  0  0 -1 -1 -2    9  20   2   5   0  11  17   2   4   3   7   2   1   1   0   5   6   1   2   2  0.31 inf
   61 E    2  2  0  1 -4  2  2 -2  0 -3 -2 -1 -2 -4 -3  0  0 -3 -3 -2   22   9   5   8   0  10  15   2   3   2   3   3   1   1   1   7   7   0   1   2  0.29 inf
   62 R    2  2 -1 -4 -7 -4 -4 -2 -2 -5 -4 -2 -3 -3 -7 -2 -3 11 -2 -3   19   9   3   1   0   1   1   4   1   1   2   2   1   1   0   3   2  47   1   2  1.94 inf
   63 M    0 -6 -7 -7 -3 -6 -5 -7 -6  2  5 -6  1  4 -7 -4 -4  5 -2  0   10   0   0   0   0   0   0   0   0   9  48   0   3  14   0   1   1   7   1   5  1.05 inf
   64 E    0  0  0  4 -4  0  4 -3  0 -2  0 -1 -2 -3 -4  0  0 -5 -3 -2    9   5   4  22   0   4  25   2   2   2   9   2   1   1   0   5   5   0   1   3  0.41 inf
   65 Q    1  1  2  2 -4  3  2  0  2 -3 -2  0 -2 -3 -2  0 -1 -2 -3 -3   12   7   9  11   0  13  13   6   5   2   4   4   1   1   1   4   4   1   0   2  0.25 inf
   66 S    0  0 -1  0 -3  0  0  1  2  0  0 -1  3 -1 -3 -1  1 -2 -1  0    8   7   1   6   0   5   6  10   5   6   9   3  10   3   0   3   8   0   1   7  0.07 inf
   67 I   -3 -6 -6 -6 -5 -6 -4 -7 -6  3  4 -6  0  3 -3 -5 -4  2 -4  5    1   0   0   0   0   0   2   0   0  12  32   0   1  11   2   0   0   3   0  35  1.00 inf
   68 L   -1  2 -1 -1 -3  1  1 -2 -2 -1  2  0  1 -2  0 -1  0 -4 -3 -1    5  12   2   3   0   7  12   2   1   3  27   5   3   1   4   4   5   0   0   4  0.19 inf
   69 P    0  1 -2  0 -4  1  3 -2  2 -2 -3 -1 -3 -5  4 -1  1 -5 -3 -2   10   9   2   5   0   7  17   3   4   2   2   2   0   0  21   4   8   0   1   3  0.43 inf
   70 L    1  2 -1  3 -3  0  1 -2  0 -2  1 -2  0 -2 -3 -1 -1  0  0 -1   12  13   2  16   0   5  10   3   2   2  16   1   3   1   0   3   4   2   3   3  0.18 inf
   71 F   -5 -3 -4 -6 -1 -6 -5 -6 -1 -3 -1 -7 -1  9 -7 -5 -5 -4  4 -4    1   1   1   0   2   0   1   1   2   1   5   0   1  68   0   1   1   0  13   1  2.16 inf
   72 A    4  0 -2  1 -4  0  1  1 -1 -3 -3 -1 -3 -4 -2  1 -1 -5 -3 -3   34   6   1   9   0   4   9  10   2   1   2   2   0   1   2  12   3   0   1   1  0.41 inf
   73 G   -2 -2  1  4 -4  0  1  5  0 -6 -6 -3 -5 -5 -3 -1 -3 -2 -1 -5    3   2   6  21   0   4   8  40   2   0   1   1   0   0   1   4   2   1   2   0  0.82 inf
   74 R   -5  8  0 -5 -5  0 -4 -6  1 -6 -6 -1 -6 -6 -2 -4 -6 -7 -4 -6    1  76   5   0   0   4   1   1   3   0   1   3   0   0   2   1   0   0   1   1  2.11 inf
   75 I   -4 -7 -7 -7  1 -7 -7 -8 -7  7  0 -7 -2 -4 -7 -5  0 -7 -6  4    1   0   0   0   3   0   0   0   0  53   6   0   1   0   0   0   6   0   0  29  1.64 inf
   76 L   -3 -6 -8 -8 -6 -5 -6 -8 -8  0  6 -7 -2  0 -8 -7 -5 -3 -3 -1    2   0   0   0   0   1   0   0   0   4  83   0   0   4   0   0   1   0   1   3  1.84 inf
   77 P    1 -4 -2  0 -5 -6 -2  0 -5 -6 -6 -4 -5 -8  7  1 -3 -8 -6 -3   11   1   2   5   0   0   2   6   0   0   0   1   0   0  57  10   1   0   0   2  1.54 inf
   78 F   -5 -7 -8 -8 -6 -7 -7 -8 -6  3  0 -7  2  7 -5 -7 -5  0  0  3    1   0   0   0   0   0   0   0   0  16   9   0   4  47   1   0   0   1   3  19  1.57 inf
   79 D   -5 -7 -1  8 -4 -5 -2 -2 -4 -8 -8 -6 -5 -9 -7 -1  2 -9 -8 -6    0   0   2  74   0   0   2   4   0   0   0   0   0   0   0   5  11   0   0   0  2.13 inf
   80 E    2 -1 -2  1 -2  0  2 -1 -1 -2  0 -2 -1 -3 -1  0  2 -5 -3 -1   20   3   1   8   1   3  16   5   1   2  12   1   1   1   3   6  12   0   1   4  0.19 inf
   81 P    3  0 -1  2 -4  1  3 -2  0 -3 -3 -1 -2 -5  1  0 -1 -6 -5 -1   26   5   3  12   0   5  17   3   2   1   2   4   1   0   6   5   3   0   0   4  0.36 inf
   82 V    5 -6 -6 -2  3 -5 -3 -5 -6  3 -4 -5 -3 -6 -6 -2  1 -7 -6  4   43   0   0   2   5   0   2   0   0  14   0   0   0   0   0   2   8   0   0  23  1.00 inf
   83 A    7 -6 -6 -7 -1 -6 -6 -2 -6 -3 -4 -6  0  0 -3  0 -2 -3 -5 -2   75   0   0   0   1   0   0   3   0   2   2   0   3   3   1   5   2   0   0   3  1.57 inf
   84 A   -1  4 -2  0 -4  2  1 -3  1 -1  1  0  1 -3 -3 -2  0 -2 -3  0    4  22   2   6   0  11   8   1   4   3  15   3   4   1   1   1   5   0   0   8  0.29 inf
   85 I    2  3 -2 -3  1  1  0 -4  3  1 -1 -1 -1 -2 -4 -2 -1  1 -1  1   18  19   1   0   3   5   7   1   9   9   6   3   1   1   0   1   4   2   2   8  0.31 inf
   86 Y    1 -4 -6 -8  5 -5 -7 -6  1 -6 -5 -7 -4  1 -8 -4 -3  9  7 -5   10   1   0   0  12   0   0   0   4   0   1   0   0   5   0   1   2  30  32   1  2.10 inf
   87 A    6 -2 -4 -6 -6 -6 -6  5 -7 -7 -6 -6 -6 -7 -4 -2 -5 -7 -7 -4   56   2   0   0   0   0   0  37   0   0   0   0   0   0   1   2   0   0   0   1  1.66 inf
   88 Q    0  4 -1  1 -4  2  3 -3  1 -3 -2  1 -2 -5 -3 -1  0 -4 -3 -3    7  23   3   9   0   8  18   1   4   1   3   7   1   0   1   4   6   0   1   2  0.44 inf
   89 I   -5 -6 -8 -8 -6 -4 -5 -8 -7  4  5 -6  1 -1 -7 -6 -5  0 -2  0    1   0   0   0   0   1   1   0   0  24  61   0   3   2   0   0   0   1   1   4  1.44 inf
   90 R    1  2 -2 -4  0 -1 -2 -4  5 -1 -1 -2  6 -3 -3  0 -1 -5 -3  1   14  13   1   0   2   2   2   1  15   2   5   2  18   1   1   8   3   0   0   9  0.57 inf
   91 S    4 -4 -4 -1 -4 -3 -2  1  1  0 -4 -4 -2 -4 -4  0 -2 -6 -3  3   40   1   0   3   0   1   2  11   3   5   1   1   1   0   0   6   2   0   1  22  0.67 inf
   92 Y    0  2 -1 -1 -4  2  1 -3  1 -2 -2  1 -2 -5  4  0  0 -5 -3 -3   10  13   2   4   0   9   9   2   3   2   3   9   1   0  21   5   5   0   1   1  0.41 inf
   93 A    3  4  0  2 -1 -1 -2 -1  0 -2 -1 -1 -3 -4 -3  0 -1 -5 -4 -2   23  24   4  14   1   2   2   5   2   2   8   2   0   1   1   5   2   0   0   2  0.40 inf
   94 K   -1  5 -2 -2 -3  1  3 -2  1 -4 -3  3 -3 -3 -1  0 -1 -4 -3 -3    4  27   1   2   0   6  17   4   3   1   3  16   1   1   4   6   3   0   1   1  0.53 inf
   95 T    2  4  0 -2 -3  1 -1 -2  0 -3 -2  1 -2 -3 -3  1  0 -4 -2 -2   20  24   5   1   0   6   3   3   2   1   5   9   1   1   1   9   4   0   1   3  0.35 inf
   96 H    2  1  1 -1 -2  1 -1 -1  2  0 -1  0  0 -2 -1  0  0 -3 -2 -1   21   7   7   3   1   8   3   5   6   5   6   6   2   1   2   7   5   0   1   3  0.12 inf
   97 G   -2 -2 -1 -2 -3 -3 -1  6 -3 -3 -4 -2 -3 -4  0 -2 -3 -3 -3 -3    3   2   3   2   0   1   4  64   1   2   2   2   1   1   4   2   2   0   1   2  1.20 inf
   98 K   -2  5  1 -1 -1  0 -1 -3  3 -1 -1  1 -2 -2 -3 -2 -1 -3 -2 -2    3  38   6   3   1   4   3   2   6   4   6   9   1   2   1   3   4   0   1   3  0.55 inf
   99 E    1 -2 -2  0 -4 -2 -2  0  0 -3 -3 -2 -2 -4  6 -1  1 -4 -4 -2   12   2   2   5   0   2   3   8   2   2   2   2   1   1  40   4   9   0   1   3  0.79 inf
  100 I   -1  1 -3 -3 -2 -1 -2 -3 -2  4  1 -1  3  1  1 -2  0 -2 -2  1    4   9   1   1   1   2   2   2   1  23  14   3   9   6   7   1   5   0   1   9  0.30 inf
  101 A    1 -3 -2  0 -1 -2 -1  1 -1 -4 -2 -3 -3 -5  4  4 -2 -5 -3 -4   10   1   2   5   1   2   4  10   2   1   4   1   1   0  23  29   2   0   1   1  0.62 inf
  102 A    1 -2 -2 -1 -3  1  1 -2 -2  0  0 -2  2  0  0 -1  1 -2  1  1   13   1   1   3   0   8  10   2   1   5   6   2   6   4   4   4  11   0   6  14  0.13 inf
  103 A    3  1  0 -2 -2 -1  0 -2 -3  1  0 -2  2  1  2 -2 -2 -4 -2  0   25   7   5   1   1   2   6   2   0   8   8   2   7   6  11   2   1   0   1   5  0.23 inf
  104 D   -6 -6 -3  9 -9 -6 -3 -6 -7 -9 -9 -6 -9 -9 -7 -6 -7-10 -9 -9    1   0   1  96   0   0   1   0   0   0   0   0   0   0   0   0   0   0   0   0  3.18 inf
  105 G    5 -5 -4 -5 -2 -5 -5  3 -5 -1 -1 -1  2 -6 -5  0  0 -6 -6 -2   42   0   1   0   1   0   0  23   0   3   7   4   5   0   0   7   6   0   0   2  0.80 inf
  106 Y   -3 -5 -6 -6 -4  5 -5 -7 -3  0  4 -5  6  0 -5 -5 -4  1  3 -2    2   0   0   0   0  22   0   0   1   5  32   0  18   4   0   0   0   2  10   2  1.06 inf
  107 I   -6 -8 -8 -8 -6 -7 -8 -8 -8  8  0 -6 -2 -3 -8 -7 -4 -7 -6 -1    0   0   0   0   0   0   0   0   0  87   7   1   1   1   0   0   1   0   0   2  2.56 inf
  108 A    7 -7 -7 -7 -4 -6 -6 -3 -7 -6 -7 -6 -3 -7 -5 -4 -4 -7 -7 -4   94   0   0   0   0   0   0   2   0   0   0   0   1   0   0   0   1   0   0   1  2.40 inf
  109 A    7 -6 -6 -7 -5 -6 -5 -1 -6 -5 -6 -6 -6 -7 -6 -1 -5 -7 -7 -4   89   0   0   0   0   0   0   4   0   0   0   0   0   0   0   4   0   0   0   1  2.19 inf
  110 T   -4 -6 -6 -6 -3 -2 -6 -7 -5  6 -4 -6 -2 -6 -6 -2  6 -7 -6  0    1   0   0   0   0   2   0   0   0  38   1   0   1   0   0   2  49   0   0   5  1.65 inf
  111 A    7 -6 -6 -7  6 -6 -6 -3 -7 -5 -6 -6 -6 -7 -6 -3 -2 -7 -7 -3   78   0   0   0  14   0   0   2   0   0   0   0   0   0   0   1   2   0   0   1  2.06 inf
  112 K    0  2 -4 -3 -3  0 -2 -4 -1  1  4  0  0 -1 -5 -2 -2 -2 -1  0    9  14   0   1   0   5   3   1   2   9  37   6   2   2   0   2   1   1   2   4  0.39 inf
  113 Q    3  0 -2 -3 -1  1  0 -4  1 -1 -3 -3 -3 -3 -4  1  1 -6 -3  3   28   4   1   1   1   6   6   0   4   3   2   0   0   1   0  12   9   0   0  22  0.44 inf
  114 H   -3  2  4 -5 -3 -1 -4 -5  9 -8 -6 -3 -6 -6 -6 -4 -5 -2  3 -7    2  12  17   0   1   3   1   0  52   0   1   2   0   0   0   1   0   1   7   0  2.04 inf
  115 S   -3  0  2  3 -7  0 -1  6  1 -7 -7 -3 -5 -7 -6 -2 -4 -7 -6 -6    2   6   8  16   0   4   4  52   3   0   0   1   0   0   0   3   0   0   0   0  1.17 inf
  116 M    3 -5 -6 -7  2 -5 -6 -2 -4 -2  4 -5  4  2 -5 -4 -4  0 -2 -3   24   0   0   0   4   0   0   3   0   1  45   0  10   8   0   0   0   1   1   0  0.95 inf
  117 T    1  0 -4 -3 -1 -2 -4 -4 -4  2 -3 -3  0 -4 -1  0  6 -6 -2  1   10   5   0   1   1   2   1   1   0  13   2   1   2   1   3   5  45   0   1   8  0.80 inf
  118 V   -4 -6 -7 -7 -1 -6 -7 -7 -7  2  4 -6 -1 -3 -5 -6 -5 -6 -5  5    1   0   0   0   2   0   0   0   0  11  44   0   1   1   0   0   0   0   0  40  1.37 inf
  119 A    5 -6 -7 -7 -5 -6 -5 -6 -7 -2 -2 -6 -3 -6 -6 -3 -4 -7 -6  6   46   0   0   0   0   0   0   0   0   1   3   0   1   0   0   1   1   0   0  47  1.55 inf
  120 T   -4 -7 -6 -7 -6 -6 -6 -7 -7 -5 -7 -6 -6 -8 -7  0  8 -8 -7 -6    1   0   0   0   0   0   0   0   0   0   0   0   0   0   0   6  92   0   0   0  2.75 inf
  121 R   -6  9 -6 -1 -3 -4 -3 -6 -3 -8 -6 -3 -7 -8 -8 -5 -5 -8 -7 -8    0  91   0   3   1   0   1   1   0   0   1   0   0   0   0   1   1   0   0   0  2.82 inf
  122 D   -6 -4  9  3 -8 -4 -4 -6 -1 -9 -9 -5 -8 -9 -7 -4 -6 -9 -6 -8    0   1  82  14   0   0   1   0   1   0   0   0   0   0   0   0   0   0   0   0  2.74 inf
  123 T   -1 -4 -5 -3 -5 -4 -1 -5 -6  2 -1 -5 -2 -5 -4 -3  5 -6 -5  5    4   1   0   1   0   0   5   1   0  10   6   0   0   0   1   1  32   0   0  38  0.96 inf
  124 G    2  4 -3 -1 -5 -1 -2 -1 -2 -5 -5  4 -4 -6 -4  2 -1 -4 -4 -3   17  22   1   3   0   2   2   5   1   0   0  29   0   0   0  14   3   0   0   1  0.74 inf
  125 S   -3 -3 -2  8 -5 -5 -3 -5  5 -8 -8 -6 -8 -8  1 -4 -6 -9 -7 -6    2   2   1  72   0   0   0   1  12   0   0   0   0   0   8   0   0   0   0   1  2.18 inf
  126 F   -7 -8 -8 -9 -8 -8 -8 -8 -7 -4 -4 -7 -1  9 -9 -8 -5 -4  1 -2    0   0   0   0   0   0   0   0   0   0   1   0   2  89   0   0   1   0   3   3  3.11 inf
  127 F    2  0 -2  0 -4  2  4 -3 -2 -2 -2  0 -2 -4 -4 -1 -1 -3 -5 -1   20   5   2   5   0   8  33   1   1   3   3   5   1   0   0   3   4   0   0   4  0.50 inf
  128 A    2  0 -1  2 -3 -1 -1  3  2 -4 -3 -2 -3  0  2  0 -1 -1 -2 -3   17   6   3  11   0   2   2  20   6   0   2   1   0   4  12   5   3   1   1   1  0.31 inf
  129 A    1 -4 -3 -5  5 -4 -4 -3 -5  0  2 -4  1  1 -3  1  4 -5 -3 -1   13   1   1   0  10   0   0   1   0   4  17   0   3   7   1   8  28   0   1   4  0.57 inf
  130 D   -4 -2 -1  1 -4 -4 -3  7 -2 -8 -7 -5 -7 -8 -1 -3 -4 -7 -7 -7    1   2   3   8   0   1   2  75   1   0   0   0   0   0   4   2   1   0   0   0  1.78 inf
  131 V    0 -6 -7 -7 -4 -5 -6 -5 -7  3  3 -5 -3 -3 -6 -5 -3 -6 -5  6    8   0   0   0   0   0   0   1   0  17  23   1   0   0   0   0   1   0   0  49  1.23 inf
  132 A    1  2 -1  1 -4  1  2 -3 -2 -3 -3  1 -2 -4  3  0  1 -5 -4 -2   13  10   2   7   0   6  14   1   0   1   2  10   1   0  14   6   7   0   0   3  0.33 inf
  133 V   -3 -6 -7 -6  0 -5 -7 -7 -7  3  4 -6 -1 -2 -7 -5 -2 -6 -4  5    1   0   0   0   2   0   0   0   0  16  40   0   1   1   0   0   2   0   0  36  1.19 inf
  134 F   -4 -5 -6 -4 -3 -5 -5 -7 -1  5  2 -6 -1  3 -6 -4 -4 -5 -2  3    1   1   0   1   0   0   1   0   2  37  21   0   1  13   0   1   0   0   1  21  1.05 inf
  135 N   -7 -6  8  4 -4 -5 -3 -6 -5 -8 -6 -5 -8 -8 -7 -1 -5 -9 -8 -8    0   0  71  23   0   0   1   0   0   0   1   0   0   0   0   3   0   0   0   0  2.44 inf
  136 P   -6 -6 -4 -7 -8 -7 -7 -8 -8 -8 -7 -7 -8 -9  9 -6 -7 -9 -8 -8    0   0   1   0   0   0   0   0   0   0   0   0   0   0  97   0   0   0   0   0  3.50 inf
  137 W   -9 -9-10-10 -8 -8 -9 -9 -8 -8 -5 -9 -7  6-10 -9 -8 12 -3 -8    0   0   0   0   0   0   0   0   0   0   1   0   0  25   0   0   0  74   0   0  4.22 inf
  138 H   -2  1  1  3 -6  3  5 -4  2 -5 -5  0 -5 -4 -4 -1 -1 -6 -5 -5    3   6   6  18   0  11  37   0   4   0   1   5   0   1   0   4   3   0   0   0  0.83 inf
  139 L    3 -3 -1 -2 -2 -2 -2  0  0  0  0 -3  1  3 -1 -1 -1  0  1  0   32   0   2   2   0   1   3   6   3   6   7   0   4  13   2   2   2   1   5   7  0.23 inf
  140 E   -3  3  1  2 -5  4  4 -2 -2 -4 -5  1 -3 -5 -1  0 -2 -5 -2 -4    0  15   5   9   0  18  31   2   0   1   0   8   0   0   3   6   1   0   1   0  0.64 inf
  141 H   -1 -2  1 -2 -4  2 -1  4  4 -4 -4 -1 -3  0 -3  1  1 -4 -2 -4    3   0   5   0   0  13   1  35  14   0   0   2   0   6   0  13   8   0   0   0  0.52 inf
  142 H   -1 -2  3 -2 -4  3 -1 -3  5  0 -2 -1 -2 -3  4 -2 -2 -4  0 -3    3   0  16   0   0  19   0   0  23   7   3   0   0   0  26   0   0   0   2   0  0.66 inf
  143 H   -2 -1  2 -1 -3  2  0 -2  7 -3 -3 -1 -2 -1 -3 -1 -2 -2  3 -3    0   0  13   0   0  13   0   0  59   0   0   0   0   0   0   0   0   0  16   0  0.76 inf
  144 H   -2  0  1 -1 -3  0  0 -2  8 -4 -3 -1 -2 -1 -2 -1 -2 -3  2 -3    0   0   0   0   0   0   0   0 100   0   0   0   0   0   0   0   0   0   0   0  0.94 inf

                      K         Lambda
Standard Ungapped    0.1343     0.3216
Standard Gapped      0.0591     0.2670
PSI Ungapped         0.1921     0.3140
PSI Gapped           0.0591     0.2670
