
Last position-specific scoring matrix computed, weighted observed percentages rounded down, information per position, and relative weight of gapless real matches to pseudocounts
           A  R  N  D  C  Q  E  G  H  I  L  K  M  F  P  S  T  W  Y  V   A   R   N   D   C   Q   E   G   H   I   L   K   M   F   P   S   T   W   Y   V
    1 M   -2 -3 -4 -4 -2 -2 -3 -4 -3  1  4 -3  6  0 -4 -3 -2 -2 -2  0    0   0   0   0   0   0   0   0   0   0  59   0  41   0   0   0   0   0   0   0  0.68 inf
    2 D    0  0  0  0 -3  0  1  1 -1 -2 -3  3 -2 -3 -2  1  1 -3 -2 -1    5   0   0   5   0   0  10   9   0   0   0  38   0   0   0  15  13   0   0   5  0.27 inf
    3 P    2 -2  1 -1 -2  0 -1 -1 -2 -3 -3 -1 -2 -3  2  4  1 -4 -3 -2   14   0   8   0   0   4   0   0   0   0   0   0   0   0   9  59   7   0   0   0  0.52 inf
    4 N   -2  1  5  1 -3  1 -1 -2 -1 -3 -4 -1 -3 -4 -3  1  3 -4 -3 -3    0   7  47   4   0   5   0   0   0   0   0   0   0   0   0  11  26   0   0   0  0.65 inf
    5 S    1 -2 -1  1 -2 -2 -1  0 -2 -1  1 -2 -1 -2  0  3  1 -3 -2 -1   14   0   0   9   0   0   0   6   0   0  26   0   0   0   4  31  10   0   0   0  0.21 inf
    6 L   -3 -3 -1 -2 -4  0 -2 -4 -3 -1  1  1  8 -3  1  0 -1 -4 -3 -2    0   0   4   1   0   3   2   0   0   2  12   8  50   0   8   8   2   0   0   0  0.81 inf
    7 M    0 -4 -1 -4 -4 -2 -1 -5 -2  2 -1 -3  8 -1 -3 -2  2 -4 -1 -1    7   0   3   0   0   1   5   0   1  13   2   1  47   2   1   2  13   0   2   2  0.89 inf
    8 T    0 -1  1  2  0  0  1 -3 -1  0  0 -2  1  0 -3  0  2 -3 -2  0    6   2   6  16   2   4  12   0   1   7  12   0   3   5   0   4  14   0   0   5  0.14 inf
    9 N   -6 -4  9 -3 -7 -4 -4 -5  1 -7 -8 -4 -6 -7 -6 -3 -4 -8 -6 -7    0   0  97   0   0   0   0   0   3   0   0   0   0   0   0   0   0   0   0   0  2.88 inf
   10 R   -3  5  1 -3  2  3 -1 -4  2 -2 -2  1 -3 -3 -4 -1  0 -5 -3 -3    0  40   6   0   5  15   2   0   5   2   3   9   0   1   0   4   5   0   1   1  0.73 inf
   11 L   -3 -5 -5 -6  0 -5 -5 -6 -5  2  4 -5  2  3 -5 -4 -1  0 -2  4    1   0   0   0   2   0   0   0   0   8  40   0   4  11   0   0   3   1   1  29  0.79 inf
   12 V   -1  1 -2 -2 -2  1  1 -4 -1  2 -1 -1  1 -2 -4  0  1 -4 -2  3    2   7   2   1   0   8  11   0   2  14   2   1   3   1   0   9   8   0   0  28  0.28 inf
   13 L   -4 -5 -6 -7 -4 -5 -6 -5 -6  3  6 -6  0 -1 -6 -5 -4 -5 -4 -1    0   0   0   0   0   0   0   1   0  16  78   0   1   2   0   0   0   0   0   2  1.44 inf
   14 S    0 -2 -2  1 -1 -1 -1 -2 -3  2 -2 -2  0 -3 -3  3  3 -5 -4  2    5   2   1   7   1   2   2   1   0  17   2   0   2   0   0  23  22   0   0  13  0.36 inf
   15 G    3 -5 -4 -5 -5 -5 -5  7 -5 -6 -4 -5 -5 -6 -5 -3 -4 -6 -6 -1   22   0   0   0   0   0   0  73   0   0   1   0   0   0   0   0   0   0   0   4  1.66 inf
   16 T   -2  4  0 -3  1 -1  0 -4 -1  0 -2  0 -1 -3 -4  0  3 -5 -3  1    2  27   5   0   3   1   5   0   1   6   3   4   1   1   0   6  25   0   0  10  0.41 inf
   17 V   -4 -5 -6 -6 -4 -5 -5 -6 -6  4  4 -5  0  0 -4 -5 -2 -5 -4  4    0   0   0   0   0   0   0   0   0  28  35   0   1   2   1   0   1   0   0  32  1.02 inf
   18 C    2 -3 -3 -3  4 -2 -2 -1 -2  1 -1 -3 -2 -3 -1 -1  4 -4 -2  2   17   1   0   0  10   1   2   4   1   8   4   1   0   1   2   3  29   0   1  16  0.41 inf
   19 R   -1  4 -1  0 -5  1  3 -2 -1 -5 -5  4 -4 -4 -4  1 -1 -5 -4 -4    3  21   2   4   0   6  23   2   1   0   0  27   0   1   0   8   3   0   0   0  0.67 inf
   20 A    0  1  0  3  0  0  0 -2 -1 -1  0  0 -1 -2 -1  0  0 -4 -3 -1   10  11   3  25   2   4   4   1   1   4  10   5   1   1   3   4   8   0   0   5  0.18 inf
   21 P    0 -2 -1  1 -5 -2  2 -2 -3 -3 -2 -1 -4 -3  6 -2 -3 -5 -4 -1    6   2   2   9   0   1  12   3   0   1   3   3   0   1  46   2   1   0   0   5  0.94 inf
   22 L    0  0 -2  1 -4  0  4 -2 -3  0 -3  2 -2 -4  1 -1  0 -5 -4  0    7   4   0   7   0   1  31   2   0   7   1  18   1   0   7   3   4   0   0   6  0.37 inf
   23 R   -3  2 -4 -4 -2  1 -3 -5 -1  2  4 -2  2  0 -1 -3 -1 -4 -2  1    0  16   0   0   1   6   0   0   1  10  43   0   5   4   3   0   3   0   1   8  0.46 inf
   24 K   -2  7 -1 -4 -6 -2 -2 -5  0 -5 -2  2 -4 -2 -5  1 -2 -5 -3 -5    2  66   2   0   0   0   1   0   2   0   4  10   0   2   0  11   1   0   1   0  1.32 inf
   25 V   -4 -1 -4 -3 -2  1 -2 -5  1 -3 -2 -1 -2  3 -5 -3 -1  2  8 -1    0   4   0   1   1   8   1   0   2   1   4   5   1   9   0   1   4   2  52   5  1.10 inf
   26 S   -2 -4  0 -4 -4 -4 -4 -2 -4 -4 -5 -4 -4 -5 -4  4  7 -6 -5 -4    2   0   4   0   0   0   0   3   0   0   0   0   0   0   0  29  63   0   0   0  1.41 inf
   27 P   -3 -3 -3 -5 -6 -1 -4 -6 -2 -2 -3 -3 -5 -7  8 -2 -4 -7 -6 -5    1   1   1   0   0   3   0   0   1   3   2   1   0   0  84   2   0   0   0   0  2.42 inf
   28 S    4 -3  3 -3 -3 -3 -3 -1 -2 -3 -2 -2 -3 -5 -3  3 -1 -5 -4 -2   46   1  15   0   0   0   0   3   1   1   4   1   0   0   0  24   3   0   0   1  0.71 inf
   29 G   -3 -2  0 -4 -6 -2 -5  7 -2 -7 -7 -3 -6 -6 -5 -2 -5 -6 -6 -6    0   2   4   0   0   2   0  89   1   0   0   1   0   0   0   1   0   0   0   0  2.01 inf
   30 I   -2 -3 -3 -5 -4 -1 -5 -5 -5  5  2 -2  1 -3 -5 -3  1 -5 -4  4    3   2   1   0   0   3   0   0   0  36  15   2   3   0   0   1   9   0   0  25  0.72 inf
   31 P    3 -4 -3 -3 -2 -2 -1 -3 -5 -3 -4 -3 -2 -4  7 -2 -3 -6 -3 -3   29   1   1   1   1   1   5   1   0   2   1   1   1   1  49   3   1   0   1   1  1.29 inf
   32 H    0 -1 -1 -5  0 -4 -4 -5  6  3 -1 -4  0 -4 -5 -2 -1 -5 -3  5    7   3   2   0   2   0   0   0  21  14   4   0   2   0   0   2   3   0   0  40  0.80 inf
   33 C    1 -2 -4 -4  6 -1 -4 -2 -4  0  2 -3  0  0 -4 -1  1  0  1  0   15   2   0   0  20   3   0   2   0   4  21   0   2   4   0   4  11   1   4   7  0.43 inf
   34 Q   -1  1  2  1 -4  2  3 -2  1 -2 -2  0 -1 -2 -3  1  1 -4 -1 -1    2   8  10   8   0   9  18   2   3   2   2   3   2   2   0  13   9   0   2   4  0.26 inf
   35 F   -1 -4 -4 -4  2 -3 -4  0 -3  1  2 -4  1  5 -4 -3 -3  2  1  1    6   0   0   0   6   0   0   9   0   6  17   0   5  34   0   0   0   3   3   9  0.48 inf
   36 V   -1  0 -1 -4  1 -1 -1 -2 -3  0 -1 -1  1 -3 -1 -1  2  6  0  3    3   4   4   0   3   3   3   3   0   3   4   3   3   0   3   4  17  12   3  22  0.34 inf
   37 L    1 -3 -3 -3 -2 -2 -3 -3 -3  2  2 -2  3  3 -3 -2 -1 -2  0  2   17   0   0   0   0   0   0   0   0  17  17   0  17  17   0   0   0   0   0  17  0.23 inf
   38 E    3  2 -1 -1 -5  2  4 -3  1 -5 -3  0 -1 -5 -4  0  0 -1 -4 -4   23  11   3   2   0   8  28   1   4   0   2   5   1   0   0   6   5   1   0   1  0.53 inf
   39 H   -4 -2  2 -3 -6 -3 -4 -2  9 -6 -4 -2 -3 -3 -1 -2 -2 -6  1 -1    1   2  11   2   0   1   0   3  55   0   2   2   1   1   3   3   3   0   4   6  1.70 inf
   40 R   -1  4  1  0 -2  2  1 -2  0 -2 -4  1 -1  2 -4  0 -1 -5 -2 -2    4  29   6   4   1   9  10   3   2   2   1   8   1   8   0   8   3   0   1   3  0.41 inf
   41 S   -2  0 -1 -1 -5 -1 -1 -1 -5 -6 -6 -2 -5 -6 -5  6  0 -7 -6 -6    2   6   3   3   0   3   3   5   0   0   0   1   0   0   0  67   6   0   0   0  1.31 inf
   42 V   -2  2  1 -1 -5  3  2  0 -1 -1 -3  0  0 -2 -2 -1  1  3  0 -2    2  12   7   3   0  16  15   7   1   4   1   4   3   2   1   4   8   4   3   3  0.26 inf
   43 Q   -2 -1 -2 -3 -1  7  0 -6 -2 -3 -2 -1 -2  0 -3 -2 -2 -5 -1  2    3   3   2   1   1  47   5   0   1   1   4   4   1   5   1   2   3   0   2  13  0.94 inf
   44 E   -1  0  0  0 -3  3  1 -2 -1  0 -1  1  0 -2 -1  0  2 -3  0  0    4   5   4   5   0  16  10   3   1   4   4   8   3   2   2   4  14   0   3   8  0.13 inf
   45 E   -2 -2 -1  1 -5  2  6 -1 -1 -2 -3 -1 -4 -5 -4 -2 -1 -5 -4 -2    3   2   3   6   0   6  57   4   2   3   3   2   0   0   0   2   4   0   0   3  0.92 inf
   46 A    4 -2  1 -1 -3  0  0  0 -3 -2 -1  0  0 -1 -3  0 -1 -4 -3  0   43   0   6   3   0   3   6   6   0   0   7   5   3   3   0   4   3   0   0   7  0.30 inf
   47 G   -1  0  1  1  1  1  1  4  1 -5 -5 -1 -4 -5  1  0 -1 -5 -4 -4    5   4   7   8   4   6   8  34   4   0   1   4   0   0   6   5   4   0   0   0  0.50 inf
   48 F    0  0  0  0  2  1  0  0  1  0 -1  0  1  0  1  0  0 -3 -2  0    6   6   5   6   5   5   6   6   5   6   6   6   5   5   6   6   6   0   0   6  0.03 inf
   49 H    0 -1  1  1 -3  1  2 -3  0 -2 -2  1 -1 -3  4  0  0 -2 -2 -2    7   2   8   6   0   6  13   1   2   3   4   7   1   1  21   7   5   1   1   3  0.32 inf
   50 R   -4  8 -2 -4  1 -2 -2 -4 -1 -3 -5  1 -4 -5 -4 -3 -3 -5 -3 -5    1  74   1   1   3   1   2   2   1   2   1   5   0   0   1   1   1   0   1   1  1.78 inf
   51 Q   -3  0  0  0 -1  5  2 -3 -2 -2 -1  2 -2 -3 -2 -1  0 -1 -3 -3    1   5   5   5   1  32  13   1   1   3   5  13   1   1   2   3   6   1   0   1  0.53 inf
   52 A    2 -4 -4 -2 -2 -1 -1 -4 -4  1  0 -3 -2 -3 -2 -1  0 -4 -3  5   17   0   0   2   1   2   5   1   0   7   9   1   0   0   1   5   5   0   0  41  0.52 inf
   53 W   -1  0  1  0 -4  1  2 -3 -2 -3 -3  0 -1 -1 -2  0 -1  7  3 -2    6   6   6   5   0   7  17   1   0   1   1   5   1   3   2   6   3  16  11   3  0.47 inf
   54 C   -1 -4 -3 -5  7 -4 -5 -4 -2 -2  1 -4  1  5 -4 -4 -2  3  0  1    6   0   1   1  27   0   1   1   1   1  12   1   4  27   1   1   2   3   2   9  0.98 inf
   55 Q   -1  4 -1  1 -3  1  2 -3  0 -3 -2  1 -2  0 -3  0  1 -3  1 -2    4  22   2   8   0   6  16   1   2   1   3  10   0   4   1   5   8   0   5   3  0.30 inf
   56 M   -3 -5 -5 -6 -4 -5 -5 -6 -1  6  1 -5  6  1 -5 -5 -2 -5 -4  2    2   0   0   0   0   0   0   0   2  47  10   0  18   5   0   0   2   0   0  12  1.15 inf
   57 P    0  0  2  0 -4  3  0 -1 -1 -4 -2 -1 -2 -5  4  0 -1  0 -4 -3    8   4  12   6   0  14   6   5   1   0   5   3   1   0  24   6   2   2   0   2  0.46 inf
   58 V    4 -3 -5 -5  3 -5 -5 -3 -5  1 -2 -5 -1 -2 -5 -2 -2 -6 -4  5   30   1   0   0   6   0   0   2   0   7   2   0   1   1   0   2   1   0   0  45  0.93 inf
   59 I   -2  0 -5 -4 -4  0 -2 -5 -2  3 -1  0  1 -2 -5 -3 -2  0 -4  5    2   5   0   1   0   6   2   0   1  18   4   6   3   1   0   1   1   1   0  48  0.79 inf
   60 V    4 -5 -5 -5  0 -4 -4 -2 -5  2  1 -4  2 -1 -4 -2 -1  0 -1  3   36   0   0   0   2   0   0   3   0  12  12   0   5   2   0   2   3   2   2  19  0.60 inf
   61 S    1 -3 -1 -5 -2 -4 -4 -4 -4  2  0 -4  0  2 -5  4 -1  7 -1  0   11   1   2   0   1   0   0   0   0  10   7   0   2   7   0  31   2  15   2   6  0.69 inf
   62 G   -1  2 -1 -3 -6 -2 -5  7 -5 -7 -7 -3 -6 -7 -6 -3 -5 -6 -6 -6    5  10   3   2   0   2   0  75   0   0   0   2   0   0   0   2   0   0   0   0  1.76 inf
   63 H    0  0  1  2 -2  3  2 -2  1 -4 -3  3 -3 -5  0 -1  0 -5 -4 -3    6   5   8  10   1  14  14   2   3   1   2  20   0   0   4   4   5   0   0   1  0.39 inf
   64 E    0  0 -1  0 -4  4  0 -1 -1  1  1 -1  1 -3  0 -2 -1 -1 -2 -1   10   4   3   4   0  21   4   6   2   8  18   2   3   0   4   2   4   1   1   4  0.17 inf
   65 N    4 -5 -1 -6 -5 -2 -5 -2  0  0  2 -2  0  2 -5  1 -1 -6 -5 -2   37   0   3   0   0   2   0   3   3   5  17   2   2   9   0  11   3   0   0   2  0.62 inf
   66 Q   -1  0  0 -1  1  5  3 -1  0 -1 -2 -1 -1 -6 -5  0  0 -6 -5 -2    4   4   5   3   3  24  21   5   2   4   4   4   2   0   0   7   5   0   0   3  0.51 inf
   67 A    2  0  1 -1 -1  3  1 -2  1 -2 -1  0 -1 -2 -1  0  0 -5 -1  0   17   5   7   2   1  14   9   2   3   2   8   6   2   2   3   6   5   0   2   6  0.17 inf
   68 I   -2 -2 -3 -2  2  1 -2 -2  0  3  3  0  0  0 -2 -3 -1  3 -1  1    4   1   1   2   4   6   2   3   2  14  27   7   2   3   2   1   3   4   2   9  0.29 inf
   69 T    3 -2 -1 -2 -3  0 -2 -2 -3 -2  0 -1 -2 -3 -2  1  4 -4 -2  0   26   1   3   1   0   4   2   3   0   2   9   3   0   1   1   9  26   0   2   5  0.38 inf
   70 H   -1  1  3  1 -5  5  1 -1  3 -4 -5  0 -1 -5 -4 -1 -2  1 -2 -4    4   9  14   8   0  28   8   4   8   1   1   5   1   0   0   3   1   2   1   1  0.63 inf
   71 S    0  1  1  0 -2  2  0  0  2 -3 -3  1 -3  0 -3  1 -1 -2  3 -3    9   7   7   4   1  11   4   6   5   1   1   8   0   4   1  13   4   0  12   1  0.25 inf
   72 I   -2 -3 -3 -4  1 -3 -4 -3 -3  4  4 -4  3 -1 -2 -3 -2  0  0  0    3   1   1   1   3   1   1   2   1  22  41   1   7   2   2   1   1   1   3   5  0.62 inf
   73 T    1  1 -1 -1 -4  1  1 -2  0 -2 -3  2 -3 -4  3  0  2 -4 -2 -1   11   8   2   2   0   5   8   3   2   2   2  11   0   0  12   7  16   0   1   5  0.25 inf
   74 V    0 -2 -2 -4 -4  1 -1 -4 -4  1  2  2  2 -3  0 -2 -2 -4 -4  2    8   1   2   0   0   6   3   0   0   8  22  17   6   1   5   2   1   0   0  18  0.33 inf
   75 G   -3 -7 -1 -1 -7 -6 -4  7 -6 -8 -8 -4 -7 -8 -4 -4 -6 -7 -7 -7    1   0   3   4   0   0   2  86   0   0   0   1   0   0   1   1   0   0   0   0  2.25 inf
   76 S    0  0 -1 -1  1  2 -1 -2 -2 -4 -4  0  1 -5 -4  4  2 -1 -3  0    7   4   2   3   3   8   3   2   1   0   0   5   3   0   0  35  14   1   1   7  0.49 inf
   77 R    0  1  0 -2 -2  2  1 -3  1 -2  1  1  2 -2  0 -1 -1 -2 -1  0    7   8   4   1   1  11   9   0   3   1  15  10   7   1   5   4   4   0   2   5  0.15 inf
   78 I    0 -5 -5 -6 -1 -5 -5 -4 -3  4  2 -4  0  1 -5 -4  0  2 -1  4    8   0   0   0   1   0   0   1   1  23  17   1   2   6   0   0   5   3   2  30  0.69 inf
   79 T    0  2 -1 -1 -2  2  1  0  0 -2  0  1 -1 -3 -4 -1  2 -2 -2 -2    7  14   2   2   1  11   9   7   2   2  12   9   1   1   0   3  13   0   1   2  0.18 inf
   80 V    0 -7 -7 -7  1 -6 -7 -7 -7  2 -1 -6 -3  4 -6 -4 -3  1 -4  6    9   0   0   0   3   0   0   0   0   9   6   0   0  18   0   1   1   2   0  53  1.25 inf
   81 Q   -1  0 -2  1 -5  2  3 -2 -1 -3 -4  1 -3 -5 -4  2  3 -5 -3 -1    5   5   1   6   0   8  21   3   2   1   0   7   0   0   0  17  17   0   1   4  0.43 inf
   82 G   -5 -8 -6 -7 -8 -7 -8  8 -8 -9 -9 -7 -8 -9 -8 -6 -7 -8 -9 -9    0   0   0   0   0   0   0 100   0   0   0   0   0   0   0   0   0   0   0   0  3.01 inf
   83 F   -4  3 -6 -6 -2 -6 -3 -6 -3 -5 -3 -4 -4  9 -7 -3 -6 -4  0 -5    1  14   0   0   1   0   2   0   1   0   1   1   0  73   0   2   0   0   2   0  2.16 inf
   84 I   -5 -5 -6 -6 -5 -5 -6 -6 -6  5  5 -6  3 -3 -6 -5 -4 -5 -4  0    0   0   0   0   0   0   0   0   0  30  56   0   6   0   0   0   0   0   0   5  1.38 inf
   85 S    4 -2  2 -2 -2  3 -2 -2  1 -3 -4 -3 -4 -5 -4  2  1 -5 -4 -3   40   1   9   2   1  14   1   2   3   1   1   0   0   0   0  14   9   0   0   1  0.66 inf
   86 C    0  4 -1 -3  3  1 -2 -3 -3 -2 -1  2 -3 -2  0  0  2 -1  1 -2    7  23   2   0   6   7   1   1   0   1   5  10   0   1   4   7  15   1   7   3  0.34 inf
   87 H    0  5 -2 -2 -4  2 -1 -2  6 -2 -2  1 -2 -3 -2 -1 -3 -1  0 -3    7  28   1   2   0  10   2   2  20   2   3   9   1   1   2   4   1   1   2   2  0.64 inf
   88 K   -2  0  0 -2 -5  4  1 -2 -2 -5 -5  3 -2 -5 -1  3  1 -5 -3 -4    1   5   4   1   0  18  10   3   1   0   0  16   1   0   4  26   9   0   1   1  0.57 inf
   89 A    1 -1 -1  0 -3  1 -2  2  2 -2 -1 -1  0 -1 -1  1  1 -3  2 -2   11   2   3   6   0   8   1  15   5   1   8   2   2   2   2  12  10   0   8   2  0.15 inf
   90 K   -2  7 -1 -1 -7  0 -1 -4 -2 -5 -6  3 -3 -4 -5 -2 -4 -6 -1 -6    3  57   3   3   0   4   3   1   1   1   0  17   1   1   0   2   0   0   3   0  1.34 inf
   91 N   -4 -1  7  2 -5 -1  0 -4 -1 -5 -6  0 -3 -6 -5  2 -2 -6 -2 -5    0   2  53   9   0   2   5   1   1   1   0   5   1   0   0  16   1   0   1   1  1.23 inf
   92 G    0  1  0 -1 -4 -1 -3  5 -2 -4 -3 -1 -4 -3 -2  0 -2 -2  0 -4    7   9   5   4   0   3   1  48   1   1   2   3   0   1   1   8   1   1   4   1  0.70 inf
   93 L   -2  1  0 -1 -3  1  1 -3 -2  0  1  1  0 -1 -2  1  0 -3  0  0    1  10   5   3   0   8  12   1   0   4  19   8   2   2   1  10   5   0   3   7  0.12 inf
   94 S    0 -1  2 -1 -1 -1 -2  2 -1 -3 -4  0 -3 -3  2  2  2 -4 -2 -2    7   3  11   3   2   2   1  18   1   1   1   5   0   1  10  17  12   0   1   3  0.31 inf
   95 K   -3  4 -2 -3 -4  5 -1 -3  0 -3 -2  4 -2 -4 -1 -2 -2 -4 -3 -3    2  23   1   1   0  23   3   1   2   1   4  28   1   1   4   1   2   0   1   2  0.79 inf
   96 M   -3  0 -4 -5 -4 -3 -3 -5 -4  1  5 -3  2 -1 -1 -3 -1 -1  0  1    2   7   0   0   0   0   2   1   0   6  54   1   4   1   4   1   3   1   3   8  0.65 inf
   97 V   -3 -2 -6 -6 -5 -2 -4 -7 -6  2 -2 -1  0 -3 -6 -4 -2 -6 -5  7    1   2   0   0   0   2   1   0   0  10   2   4   2   1   0   1   1   0   0  73  1.46 inf
   98 L   -4 -5 -4 -6 -4 -5 -5 -6 -5  1  5 -5  0  4 -5 -5 -2 -4 -1  1    0   0   1   0   0   0   0   0   0   7  57   0   2  18   0   0   3   0   1  10  1.06 inf
   99 H   -4  1 -2 -4 -1 -2 -1 -5 10 -1 -4 -4 -3 -3 -5 -2 -5 -5 -3 -1    1   7   1   0   1   1   4   0  67   4   2   0   1   1   0   3   0   0   0   5  2.07 inf
  100 A    5 -5 -5 -6 -4 -5 -5 -4 -5  5  0 -5 -1 -4 -5 -3 -2 -6 -5  0   50   0   0   0   0   0   0   0   0  32   8   0   1   0   0   1   2   0   0   6  1.10 inf
  101 E   -4 -1  1  3 -6  5  4 -5 -2 -5 -6 -1 -4 -6 -4 -1  0 -6 -5 -4    0   2   6  16   0  32  29   0   1   1   0   3   0   0   0   3   7   0   0   1  1.02 inf
  102 Q   -2  2  3  1 -5  4  1 -3  3 -5 -5  0 -2 -2 -4  0  1 -5  0 -4    3  11  17   8   0  19   9   1   8   0   0   3   1   2   0   5  10   0   3   0  0.50 inf
  103 I   -2 -6 -6 -6 -4 -6 -6 -7 -6  6  1 -6 -1  2 -6 -5 -3 -5 -1  3    3   0   0   0   0   0   0   0   0  57   9   0   1   7   0   0   1   0   2  21  1.28 inf
  104 E   -3  1 -3  1 -6  5  5 -5 -1 -4 -5  0 -4 -6 -4 -1  0 -6 -4 -5    1   8   0   7   0  30  38   0   1   1   0   5   0   0   0   3   6   0   0   0  1.04 inf
  105 L   -3  1 -4 -1 -3  2 -3 -5 -1 -1  2 -1  1  6 -2 -2 -3 -3  0 -2    1   9   0   4   1  12   0   0   1   3  20   3   4  36   2   3   0   0   1   1  0.62 inf
  106 I   -4 -5 -6 -6 -4 -5 -6 -5 -6  6  4 -5  0 -2 -6 -5 -4 -5 -4  1    0   0   0   0   0   0   0   1   0  52  38   0   1   1   0   0   0   0   0   6  1.28 inf
  107 D   -1 -3  2  5  0 -2  4 -2 -3 -4 -5 -2 -5 -5 -4 -1 -2 -6 -2 -5    4   0   9  39   2   0  35   2   0   1   0   1   0   0   0   3   2   0   1   0  0.97 inf
  108 S   -1  1 -2 -3 -3 -2 -2  0 -3 -1 -3  0 -3 -2 -2  5  0  3 -3 -3    2   9   0   0   0   0   0   7   0   4   1   4   0   2   1  63   3   4   0   0  0.69 inf
  109 V    0 -3  2 -2 -4 -3 -3  6 -3 -5 -3  1 -4 -5 -2 -2 -1 -4 -4 -4    8   0  12   0   0   0   0  63   0   0   2  10   0   0   1   0   4   0   0   0  0.94 inf
  110 D   -2 -1  2  6 -5 -1  3 -1 -2 -5 -5 -1 -4 -5 -3 -2 -2 -5 -4 -4    1   2  11  56   0   1  22   3   0   0   0   3   0   0   0   0   0   0   0   0  1.04 inf
  111 K   -1  2  0  0 -4  2  3 -1 -1 -4 -3  4 -2 -4 -2 -1 -1 -4 -3 -3    4  12   2   3   0   8  28   4   0   0   0  39   0   0   0   0   0   0   0   0  0.51 inf
  112 L    0  1 -1 -1 -2  2 -1  1 -2 -1  2 -1  0 -2 -2  1  1 -3 -2 -1    6   8   0   3   0  15   0  12   0   0  33   0   0   0   0  12  12   0   0   0  0.10 inf
  113 A    3 -2 -1 -1 -1 -1  1  2 -2 -2 -2 -1 -2 -3 -1  1  1 -3 -2 -1   52   0   0   0   0   0  11  18   0   0   0   0   0   0   0   8  11   0   0   0  0.33 inf
  114 A    3 -2 -1 -2 -1 -1 -1  4 -2 -2 -2 -1 -2 -3 -2  1  1 -3 -3 -1   52   0   0   0   0   0   0  33   0   0   0   0   0   0   0   7   7   0   0   0  0.45 inf
  115 A    4 -2 -2 -2 -1 -1 -1  1 -2 -2 -2 -1 -2 -3  2  2  0 -3 -2 -1   72   0   0   0   0   0   0   5   0   0   0   0   0   0  11  12   0   0   0   0  0.46 inf
  116 L   -1  2 -2 -2 -2  1 -1 -3 -1  0  2  0  2  2  3 -2 -1 -2  0 -1    0  22   0   0   0   9   0   0   0   0  26   0  13  14  15   0   0   0   0   0  0.21 inf
  117 E    1 -1 -1  1 -3  1  5 -2 -1 -3 -3  0 -2 -3 -1  0  1 -3 -2 -2   15   0   0   0   0   0  71   0   0   0   0   0   0   0   0   0  14   0   0   0  0.50 inf
  118 H   -2  0  1 -1 -3  0  0 -2  8 -4 -3 -1 -2 -1 -2 -1 -2 -3  2 -3    0   0   0   0   0   0   0   0 100   0   0   0   0   0   0   0   0   0   0   0  0.93 inf
  119 H   -2  0  1 -1 -3  0  0 -2  8 -4 -3 -1 -2 -1 -2 -1 -2 -3  2 -3    0   0   0   0   0   0   0   0 100   0   0   0   0   0   0   0   0   0   0   0  0.87 inf
  120 H   -2 -1 -1 -2 -3  0 -1 -3  6 -2 -2 -1 -1  2 -3 -1 -2  1  6 -2    0   0   0   0   0   0   0   0  50   0   0   0   0   0   0   0   0   0  50   0  0.66 inf
  121 H   -1 -1  0 -1 -3 -1 -1  4  6 -4 -3 -1 -2 -2 -2 -1 -2 -3  0 -3    0   0   0   0   0   0   0  50  50   0   0   0   0   0   0   0   0   0   0   0  0.62 inf
  122 H   -2  0  1 -1 -3  0  0 -2  8 -4 -3 -1 -2 -1 -2 -1 -2 -3  2 -3    0   0   0   0   0   0   0   0 100   0   0   0   0   0   0   0   0   0   0   0  0.87 inf

                      K         Lambda
Standard Ungapped    0.1319     0.3217
Standard Gapped      0.0543     0.2670
PSI Ungapped         0.1769     0.3142
PSI Gapped           0.0543     0.2670
