
Last position-specific scoring matrix computed, weighted observed percentages rounded down, information per position, and relative weight of gapless real matches to pseudocounts
           A  R  N  D  C  Q  E  G  H  I  L  K  M  F  P  S  T  W  Y  V   A   R   N   D   C   Q   E   G   H   I   L   K   M   F   P   S   T   W   Y   V
    1 T   -1 -2 -1 -2 -2 -2 -2 -2 -3 -3 -3 -2 -3 -4 -2  5  5 -4 -3 -2    0   0   0   0   0   0   0   0   0   0   0   0   0   0   0  52  48   0   0   0  0.95 inf
    2 Y   -3 -2 -3 -4  0 -3 -1 -5 -1  0 -3 -3 -4  1  7 -3 -3 -5  1 -1    0   2   1   0   2   1   5   0   2   5   2   0   0   5  65   1   0   0   5   4  1.49 inf
    3 E   -3  1  1  1 -5  4  2 -4 -2 -5 -5  5 -4 -6 -4  0 -2 -5 -4 -5    0   5   7   7   0  23  15   0   1   0   0  37   0   0   0   5   1   0   0   0  0.87 inf
    4 I   -5 -6 -7 -7 -5 -6 -7 -7 -7  8  2 -6  0 -4 -6 -6 -4 -6 -5  0    0   0   0   0   0   0   0   0   0  80  15   0   2   0   0   0   0   0   0   4  1.94 inf
    5 S   -2 -5 -2 -4 -5 -4 -4 -4 -5 -6 -6 -4 -5 -6  0  7  3 -7 -5 -5    2   0   1   0   0   0   0   0   0   0   0   0   0   0   5  74  19   0   0   0  1.62 inf
    6 S   -2 -3  2  5 -6  0  4 -3 -2 -6 -5 -1 -3 -6 -1 -1 -2 -6 -5 -4    3   1  11  39   0   3  30   1   1   0   1   3   1   0   3   2   2   0   0   1  0.99 inf
    7 A    6 -5 -4 -5 -4 -4 -4 -2 -5 -5 -5 -3 -5 -6 -4  4 -1 -6 -5 -4   66   0   0   0   0   0   0   2   0   0   0   1   0   0   0  28   2   0   0   0  1.42 inf
    8 E   -5 -4 -5 -3 -8 -2  8 -6 -4 -8 -7 -3 -6 -8 -5 -4 -5 -7 -6 -7    0   0   0   0   0   0 100   0   0   0   0   0   0   0   0   0   0   0   0   0  2.70 inf
    9 W   -3 -6 -7 -8 -6 -5 -7 -7  0 -5  2 -6 -1  3 -7 -2 -5 11  1 -5    2   0   0   0   0   0   0   0   3   0  17   0   1   9   0   3   0  60   4   0  2.64 inf
   10 E   -2 -1 -1 -1 -3  2  6 -5 -3 -3 -4  1 -3 -5 -4 -3 -3 -5 -1 -1    3   3   2   2   0   9  60   0   0   2   1   7   0   0   0   1   1   0   3   6  1.05 inf
   11 V   -4 -6 -7 -7 -4 -6 -6 -7 -7  4  0 -6 -2 -4 -6 -5 -3 -6 -5  7    0   0   0   0   0   0   0   0   0  24   5   0   0   0   0   0   1   0   0  71  1.70 inf
   12 M   -6 -6 -7 -8 -6 -5 -7 -8 -6 -2  0 -6 11 -5 -7 -6 -5 -6 -6 -4    0   0   0   0   0   0   0   0   0   1   7   0  92   0   0   0   0   0   0   0  3.39 inf
   13 N   -3  5  2  0 -6  0  1 -4 -2 -6 -5  5 -4 -6 -4 -3 -3 -6 -5 -5    1  33   9   4   0   3  10   0   1   0   1  37   0   0   0   0   1   0   0   0  1.09 inf
   14 I    0 -4 -6 -6  1 -4 -4 -6 -5  4  0 -5 -2 -4 -5 -3 -2 -6 -3  6    8   0   0   0   3   0   1   0   0  25   6   0   0   0   0   1   1   0   0  54  1.10 inf
   15 I   -2 -5 -6 -6 -2 -5 -6 -6 -6  5  4 -5 -1 -2 -6 -5 -4 -5 -4  3    3   0   0   0   1   0   0   0   0  30  43   0   0   1   0   0   0   0   0  23  1.11 inf
   16 W   -8 -8 -9-10 -8 -7 -8 -8 -8 -8 -7 -8 -7 -4 -9 -8 -8 13 -3 -8    0   0   0   0   0   0   0   0   0   0   0   0   0   0   0   0   0 100   0   0  5.24 inf
   17 M    2  0  0  1 -4  1  2 -2 -1 -3 -3  2  0 -4 -3  1  2 -5 -4 -3   19   3   3   9   0   7  13   1   1   0   1  14   2   0   0   8  18   0   0   0  0.35 inf
   18 K   -2  1  3 -1 -3  2  1 -2  1 -3  1  3 -1 -2 -3  0 -1 -4  1 -3    2   7  14   2   0   8  10   2   4   1  14  21   1   1   0   6   2   0   5   0  0.26 inf
   19 K    1 -2  1  0 -4  0  1  3  1 -4 -5  0 -4 -5  2  2 -2 -5 -2 -4   13   1   8   4   0   5   7  20   3   0   0   6   0   0  10  20   0   0   1   0  0.39 inf
   20 Y   -2  0 -2 -1 -4  2  1 -3  0 -6 -5  0 -4 -5  7 -1 -2 -6 -3 -5    2   5   2   3   0   8  10   2   3   0   0   4   0   0  51   5   2   0   1   0  1.22 inf
   21 A    2 -1 -4 -4  3  1 -3 -4 -4  2  2 -1  1 -3 -4 -1  0 -4 -3  2   17   4   0   0   7   9   0   0   0  12  21   3   3   0   0   2   7   0   0  16  0.31 inf
   22 S   -2 -2  0 -1 -4 -4 -3 -3 -2 -4 -3 -1 -4 -5 -1  3  6 -6 -3 -3    1   1   4   3   0   0   1   2   1   0   2   4   0   0   3  19  57   0   1   0  1.07 inf
   23 A    4 -4 -3 -4 -4 -2 -4 -3 -4 -1 -2 -4 -2 -2 -4  5  2 -5 -4 -3   34   0   0   0   0   1   0   1   0   4   4   0   1   2   0  42  11   0   0   1  0.85 inf
   24 N    1  1  4 -2 -4  1  0 -2  0 -3 -4  2  1 -4 -1  2  1 -5 -3 -3   10   6  20   1   0   5   6   2   1   1   0  13   5   0   3  19   8   0   1   0  0.38 inf
   25 N   -3 -3 -2  3 -6  4  6 -4 -1 -4 -4  0 -2 -4 -4 -3 -1 -6 -1 -5    1   0   1  14   0  18  50   0   1   1   2   4   1   1   0   1   4   0   2   0  1.09 inf
   26 I   -4 -6 -7 -7 -4 -6 -6 -7 -7  7  1 -6 -1 -4 -6 -6 -4 -6 -5  5    0   0   0   0   0   0   0   0   0  56  10   0   1   0   0   0   0   0   0  33  1.57 inf
   27 I   -1 -3 -3 -5  1 -4 -5 -5 -4  6  0 -4  2 -2 -5 -2  2 -5 -2  3    5   2   1   0   2   0   0   0   0  45   4   0   4   1   0   2  14   0   1  19  0.83 inf
   28 E    1 -1  0  3 -3  1  4 -3  0 -4 -3  1 -3 -5 -2  0 -1 -5 -4 -3   14   3   4  17   0   6  32   1   2   1   2   7   0   0   1   7   3   0   0   1  0.51 inf
   29 E    1  1 -1 -2 -2  1  2 -3 -1  1  0  1 -1 -3 -3  0 -1 -4 -2  1   15  10   2   1   0   7  14   0   1  12   7   9   0   0   0   6   2   0   1  13  0.16 inf
   30 I   -4 -6 -7 -7 -3 -5 -6 -7 -6  0  6 -6  3 -2 -6 -6 -3 -5 -4  1    0   0   0   0   0   0   0   0   0   4  79   0   5   1   0   0   1   0   0  10  1.51 inf
   31 Q    1 -1  0  0  0  3  2  0  0 -3 -2  2 -2 -4 -1  1  0 -3 -3 -2    9   2   4   3   2  15  14   7   2   1   4  13   1   0   2  14   6   0   0   1  0.25 inf
   32 M    1 -1  0  2 -5  3  4  0 -1 -4 -4  2 -3 -5  0 -1 -2 -5 -4 -3   11   3   4  12   0  12  26   8   1   0   0  13   1   0   4   4   2   0   0   1  0.45 inf
   33 Q   -1  1  0  1 -4  2  1 -3  1 -2 -3  4 -2 -4 -1  0  1 -5 -2 -2    4   6   4   7   0   7  10   1   3   2   2  31   0   0   2   7  10   0   1   2  0.37 inf
   34 K   -2  1  1 -2 -1  0 -1 -3  1 -2 -2  3  4  0 -4  0  3 -4 -1 -1    2   7   6   1   1   3   2   1   4   2   2  22  14   4   0   5  21   0   1   3  0.38 inf
   35 D   -2 -2  2  5 -3  0  2  2  0 -5 -5 -1 -5 -5 -3  0 -1 -6 -5 -5    3   1  10  36   1   3  11  18   2   0   0   3   0   0   1   8   3   0   0   0  0.71 inf
   36 W   -8 -5 -9-10 -4 -7 -8 -8 -8 -8 -7 -6 -4 -4 -9 -8 -8 13 -3 -6    0   1   0   0   0   0   0   0   0   0   0   1   0   0   0   0   0  97   0   1  5.00 inf
   37 S   -1 -2  1 -2 -5  0 -1 -3  2 -5 -5  4 -4 -5 -4  4  1 -6 -4 -5    4   1   6   2   0   3   2   1   5   0   0  30   0   0   0  37   9   0   0   0  0.79 inf
   38 P    0 -1 -2  1 -5  0  2 -4 -2 -2 -3  2 -2 -3  5 -2 -1 -5 -4 -1    9   3   1   9   0   3  12   0   1   2   3  13   1   1  32   2   3   0   0   4  0.62 inf
   39 K    1  0  2 -3 -4  1 -2 -2  0 -5 -5  4 -4 -5 -1  3  0 -5 -3 -4   13   3  12   0   0   7   0   3   2   0   0  24   0   0   3  27   5   0   1   0  0.57 inf
   40 T   -4 -6 -4 -5 -5 -5 -5 -6 -6 -5 -6 -5 -5 -7 -5 -2  8 -7 -6 -2    0   0   0   0   0   0   0   0   0   0   0   0   0   0   0   1  97   0   0   2  2.58 inf
   41 I   -3 -6 -6 -6 -2 -6 -6 -7 -6  6 -1 -6 -2 -4 -6 -3  1 -6 -5  5    1   0   0   0   0   0   0   0   0  54   2   0   0   0   0   1   8   0   0  33  1.44 inf
   42 R   -3  3 -2 -4 -6  2 -3 -5  1  0 -1  6 -1 -3 -4 -3 -4 -5 -1 -4    1  13   1   0   0   8   0   0   4   6   6  55   2   1   0   1   0   0   2   0  1.03 inf
   43 T   -3 -5 -4 -5 -5 -5 -5 -6 -6 -5 -5 -5  0 -6 -5  0  8 -7 -6 -4    1   0   0   0   0   0   0   0   0   0   0   0   2   0   0   5  92   0   0   0  2.35 inf
   44 L   -5 -6 -7 -7 -5 -5 -6 -7 -6 -1  6 -6  4  2 -6 -6 -4 -5 -2 -3    0   0   0   0   0   0   0   0   0   2  75   0  12   9   0   0   1   0   1   0  1.56 inf
   45 I   -5 -6 -7 -7 -5 -6 -6 -7 -6  5  5 -6  0 -3 -6 -6 -4 -5 -4 -1    0   0   0   0   0   0   0   0   0  31  65   0   2   0   0   0   0   0   0   2  1.53 inf
   46 T    0  2  3  0 -4 -2 -2  2  1 -4 -3  1 -4 -5 -4  2  1 -5 -4 -3    7  13  16   3   0   0   0  19   4   0   2   9   0   0   0  19   8   0   0   1  0.44 inf
   47 R   -6  9 -3 -6 -8 -3 -4 -7 -5 -8 -7 -2 -6 -7 -7 -5 -6 -7 -6 -7    0  99   1   0   0   0   0   0   0   0   0   0   0   0   0   0   0   0   0   0  2.94 inf
   48 L   -5 -6 -7 -8 -2 -6 -7 -8 -7 -2  7 -6  3 -3 -7 -6 -5 -5 -5 -3    0   0   0   0   1   0   0   0   0   0  93   0   6   0   0   0   0   0   0   0  2.00 inf
   49 Y   -1 -5 -5 -5 -1 -3  0 -6 -2  1  1 -3  0 -4 -5 -2  0 -5 -2  6    3   0   0   0   1   1   8   0   1   4  10   1   2   0   0   2   6   0   2  59  0.88 inf
   50 K    0  0  2  2 -5  2  3 -2 -1 -5 -5  4 -4 -5 -4 -1 -1 -5 -4 -4    8   2   8  11   0  10  18   2   1   0   0  33   0   0   0   3   4   0   0   0  0.64 inf
   51 K   -5  0 -4 -5 -7 -2 -3 -6 -5 -7 -7  8 -6 -8 -5 -4 -5 -7 -6 -7    0   2   0   0   0   1   0   0   0   0   0  97   0   0   0   0   0   0   0   0  2.58 inf
   52 G   -3 -2  1  0 -6  1  2  6 -1 -6 -6  2 -5 -6 -5 -2 -4 -6 -5 -6    0   1   7   5   0   6  15  53   1   0   0  11   0   0   0   1   0   0   0   0  1.05 inf
   53 F    5 -5 -5 -5  0 -4 -4 -4 -4  0  0 -4  1  3 -4 -3 -3  1  2  2   46   0   0   0   2   0   0   0   0   4   7   0   3  11   0   0   0   2   7  17  0.74 inf
   54 I   -3 -6 -6 -6 -4 -5 -6 -7 -6  4  4 -5 -1 -3 -6 -5 -4 -5 -4  4    2   0   0   0   0   0   0   0   0  27  46   0   0   0   0   0   0   0   0  24  1.19 inf
   55 D    0  1  0  0 -4  0  0  2  0 -3 -4  1 -3 -4 -3  2  3 -1 -3 -3    9   9   4   4   0   3   5  19   3   1   0   7   0   0   0  15  19   1   0   1  0.33 inf
   56 R    2  0 -3 -4  0 -1 -3 -4  2 -2 -3 -3 -1  3 -3  0  3 -3  4  1   16   5   0   0   2   2   0   0   6   1   0   1   1  12   1   6  24   0  15   9  0.45 inf
   57 K   -3  1  0  1 -6  1  5 -4  2 -3 -5  2 -4 -5 -4 -2  0 -6 -3 -3    1   7   5   7   0   5  44   0   5   2   0  15   0   0   0   2   6   0   1   1  0.79 inf
   58 K   -2  3 -2 -2 -6  2  1 -2 -2 -5 -5  6 -3 -6 -1 -2 -2 -6 -5 -2    2  15   1   2   0   9   9   4   0   0   0  49   0   0   2   1   2   0   0   3  0.91 inf
   59 D   -2 -1  2  3 -3  3  3  0  0 -1 -3  0 -3 -4 -3  0 -2 -5 -3 -1    1   3  10  19   0  15  20   6   2   4   2   6   0   0   0   7   1   0   1   4  0.42 inf
   60 N   -3 -3 -1 -3 -6  0 -1  6 -4 -6 -5 -1 -4 -6 -4  1 -2 -6 -6 -5    0   1   3   1   0   4   4  71   0   0   1   4   0   0   1   8   2   0   0   1  1.41 inf
   61 K   -5  7  1 -4 -7 -2 -3 -3 -4 -6 -6  4 -5 -4 -3 -2 -4 -6 -5 -5    0  62   6   0   0   0   0   2   0   0   0  24   0   1   1   2   1   0   0   1  1.63 inf
   62 I    0  3 -1 -2 -2  0  1 -2 -1  0 -1  2  0 -2  0  0  0 -4 -2  1   10  17   2   0   0   2   8   2   1   6   3  14   3   1   3   7   6   0   1  10  0.15 inf
   63 F   -5  0  0 -6 -6 -2 -5 -6  0 -3 -4  1 -4  6 -6 -5 -4 -2  7 -4    0   4   5   0   0   2   0   0   2   1   0   8   0  33   0   0   1   0  44   1  1.61 inf
   64 Q   -2 -1 -2 -4 -3 -1 -1 -5  0  3  2 -1  0  0 -4 -2  1  0  2  2    1   3   2   0   0   3   4   0   3  20  26   3   1   2   0   1   9   1   8  13  0.32 inf
   65 Y   -6 -6 -7 -8 -3 -6 -7 -8 -3 -6 -5 -7 -5  3 -8 -6 -6 -2 10 -6    0   0   0   0   1   0   0   0   0   0   1   0   0   9   0   0   0   0  89   0  3.18 inf
   66 Y   -1  1 -2 -3 -4 -1 -2 -4  1 -2 -4 -2 -3  2 -4  3  3 -1  5 -3    3   8   1   1   0   2   1   0   4   2   0   2   0  10   0  23  18   1  24   1  0.65 inf
   67 S    2 -6 -5 -5 -6 -5 -4 -5 -6 -6 -6 -5 -6 -7  8  0 -2 -7 -4 -5   19   0   0   0   0   0   0   0   0   0   0   0   0   0  71   6   2   0   0   1  2.15 inf
   68 L    0 -2  0 -3 -1 -3 -3 -4 -4  1  4 -1  0 -2 -4 -2  0 -4 -4  0   10   2   5   2   1   1   1   0   0   6  51   5   1   0   0   2   7   0   0   6  0.49 inf
   69 V   -4 -6 -6 -6 -2 -6 -6 -7 -6  6  1 -6  0 -2 -6 -5 -4 -2  0  5    0   0   0   0   1   0   0   0   0  40  11   0   2   1   0   0   0   1   3  42  1.29 inf
   70 E    0 -1  0  1 -4  0  1 -1 -3 -4 -3  1 -3 -5 -1  4  2 -5 -3 -3    8   2   5   7   0   3  11   4   0   0   2   8   0   0   3  35  12   0   0   1  0.43 inf
   71 E   -4  4 -3 -3 -7  3  6 -5 -1 -6 -4  1 -5 -6 -4 -4 -4 -6 -1 -6    0  19   0   0   0  14  54   0   1   0   1   7   0   0   0   0   0   0   2   0  1.32 inf
   72 S   -1  0  1  3 -3  2  4 -2 -1 -3 -4  1 -3 -5 -4  0  0 -5 -4 -4    5   4   7  18   0  10  30   2   1   1   0   9   0   0   0   8   5   0   0   0  0.56 inf
   73 D   -1 -2 -1  4 -6  2  6 -4 -3 -5 -5  0 -4 -6 -4 -2 -2 -6 -4 -4    5   2   1  26   0   7  47   1   0   1   0   4   0   0   0   2   1   0   1   1  1.08 inf
   74 I    2 -4 -5 -5  6 -4 -5 -4 -1 -2 -4 -5  1  1 -5  0  0  2  7 -1   15   0   0   0  18   0   0   1   1   1   0   0   4   4   0   6   6   2  35   5  1.02 inf
   75 K   -1 -1 -2 -4 -1  2 -3 -5 -4  2  2  0  4 -3 -4 -2 -1 -4 -3  3    5   3   1   0   1   9   1   0   0  14  17   5  14   0   0   1   3   0   0  26  0.45 inf
   76 Y   -1  3  0  1 -3  2  1 -1  1 -2 -1  2 -1 -2 -2  0 -1 -1  0 -1    5  17   5   7   0  10   8   5   3   2   7  14   1   1   1   4   2   1   3   3  0.17 inf
   77 K    1  0 -1 -1 -3  3  1 -2  0 -2 -2  1 -1 -1 -2  1  0 -4 -1 -1   15   3   2   3   0  20   9   2   2   2   4  10   1   4   0  11   4   0   2   5  0.21 inf
   78 T    1 -3 -2 -2 -1  2  6 -5 -3 -4 -3 -1  1 -4 -4 -2 -1 -5 -1 -3   15   0   1   0   1   9  55   0   0   0   3   2   3   0   0   2   4   0   2   2  0.96 inf
   79 S    1 -2  0 -3 -4 -2 -2 -2 -4 -2 -2 -3 -3 -5 -4  4  5 -2 -3  0   12   2   5   0   0   1   1   2   0   2   3   0   0   0   0  31  34   1   1   6  0.68 inf
   80 K   -2  3  1  1 -5  3  2 -2  1 -5 -4  4 -2 -5 -4  0 -1 -5 -4 -3    2  15   5   7   0  14  16   2   3   0   1  24   1   0   0   6   3   0   0   1  0.55 inf
   81 N   -2  0  2  2 -3  0  1  0  0 -5 -4 -1 -3 -4 -4  4  0 -5 -3 -3    1   4   9  13   0   4  10   6   2   0   1   3   0   0   0  39   6   0   1   1  0.55 inf
   82 F   -5 -5 -5 -7 -4 -5 -5 -6 -5  1  3 -6  1  7 -6 -5 -3 -2 -1 -1    0   0   0   0   0   0   1   0   0   6  26   0   3  56   0   0   2   0   0   4  1.46 inf
   83 I   -3 -4 -6 -6 -4 -5 -5 -6 -5  2  5 -3  2  4 -6 -4 -4 -4 -2  1    1   1   0   0   0   0   0   0   0  12  50   2   4  21   0   1   0   0   0   8  0.98 inf
   84 N   -2 -2  4  4 -5  2  2 -2  0 -5 -5  2 -4 -6 -4  1 -2 -6 -5 -4    2   1  17  27   0   8  11   3   2   0   0  16   0   0   0  11   1   0   0   0  0.71 inf
   85 K   -4  6  0 -3 -7  0 -3 -5  3 -6 -6  5 -2 -6 -5 -3 -3 -6 -5 -5    0  48   4   1   0   3   0   0   8   0   0  32   1   0   0   1   1   0   0   0  1.42 inf
   86 V   -3 -5 -6 -6 -3 -5 -5 -6 -3  4  2 -5  3  3 -5 -5 -3 -4  1  4    0   0   0   0   0   0   0   0   0  20  22   0   9  13   0   0   0   0   5  29  0.85 inf
   87 Y   -4 -6 -6 -7  8 -6 -7 -7  0 -5 -4 -5 -5  5 -7 -5 -5 -3  7 -4    1   0   0   0  33   0   0   0   2   0   0   0   0  26   0   0   0   0  36   0  2.17 inf
   88 K    0 -1  3  2 -3  2  0  3 -1 -4 -4  0 -4 -5 -4  0 -2 -5 -3 -3    9   2  18  13   1  10   5  26   1   0   1   4   0   0   0   7   0   0   1   2  0.50 inf
   89 G   -2  1  0 -4 -5 -4 -4  6 -2 -5 -5  1  4 -6 -5 -3  0 -6 -5 -5    2   8   3   0   0   0   0  61   1   0   0   9  11   0   0   1   5   0   0   0  1.22 inf
   90 G    1  3  1  0 -2 -1 -1 -3  2 -5 -5  3 -4 -5 -4  3  0 -5 -4 -4   12  15   6   5   1   1   2   1   6   0   0  22   0   0   0  26   3   0   0   0  0.55 inf
   91 F    0 -2 -4 -5 -3 -2 -4 -4  2  2  2  0  1  1 -3 -3 -1 -1 -2  3    8   2   0   0   0   1   0   0   6  13  24   6   4   5   1   1   2   1   0  26  0.38 inf
   92 N    1 -2  1 -2 -4 -1 -2  4 -1 -3 -4  3 -2 -5 -3  1  0 -5 -3 -3   11   1   5   1   0   2   1  35   2   1   1  20   1   0   1  11   6   0   1   1  0.55 inf
   93 S    0 -1  1  0 -4  0  0 -2 -1 -2  0  0  2 -4  4  2  0 -4 -3 -2    7   3   7   4   0   4   5   2   2   1  10   6   6   0  20  17   3   0   0   1  0.30 inf
   94 L   -2 -5 -5 -6 -4 -4 -5 -6 -3  0  4 -5  7  0 -5 -4  1 -5 -3  1    3   0   0   0   0   0   0   0   1   4  44   0  27   3   0   0  10   0   1   8  1.05 inf
   95 V   -3 -5 -6 -6 -3 -5 -6 -6 -6  3  4 -5  3  1 -6 -5 -3 -5 -3  4    1   0   0   0   0   0   0   0   0  17  39   0   6   6   0   0   0   0   0  32  1.00 inf
   96 L    3 -2  0 -2 -3 -2 -1 -1 -2 -1  0 -1  0 -3 -3  2  1 -4 -3  1   32   1   5   1   0   0   3   3   1   3  11   4   3   0   0  14   8   0   0  11  0.28 inf
   97 N    1 -1  4  1 -3  1  0  0  5 -4 -5  0 -4 -4 -4  1  1 -5 -2 -4   14   2  21   6   0   6   4   5  16   0   0   5   0   0   0  11   8   0   1   0  0.50 inf
   98 F   -4 -6 -6 -7 -5 -5 -6 -6 -5  1  4 -6  3  7 -6 -5 -4 -1  1 -1    1   0   0   0   0   0   0   0   0   6  38   0   7  41   0   0   0   1   4   4  1.29 inf
   99 V    1 -4 -5 -5 -2 -4 -5 -4 -3  4  3 -4  1 -1 -5 -1 -2 -4  1  3   10   0   0   0   1   0   0   1   0  28  27   0   3   1   0   5   1   0   4  20  0.62 inf
  100 E   -1  0  0  2 -5  3  4 -3 -2 -5 -5  3 -4 -6 -4  0 -1 -5 -4 -4    5   5   4  11   0  12  34   1   0   0   0  18   0   0   0   6   2   0   0   1  0.70 inf
  101 K   -2  1  3  3 -5  3  3 -1  1 -5 -5  0 -3 -5 -3  1 -1 -5 -2 -5    1   7  13  17   0  12  24   4   3   0   0   5   0   0   0  11   3   0   1   0  0.56 inf
  102 E    0  0  1  2  0  1  2  0  1 -2 -2  1 -2 -3 -3  0  1 -4 -3 -1    5   4   6  13   2   5  18   7   3   1   3  11   0   0   0   7   9   0   0   4  0.22 inf
  103 D    0  0  1  1 -3  1  2 -2 -1 -3 -3  3 -2 -4  2  0  0 -5 -4 -2    8   4   6   9   0   7  13   1   1   1   2  21   0   0  12   5   7   0   0   3  0.33 inf
  104 L   -5 -6 -7 -7 -3 -5 -6 -7 -6  2  6 -6  3  0 -6 -6 -4 -3 -4  0    0   0   0   0   0   0   0   0   0   8  76   0   8   3   0   0   0   0   0   4  1.47 inf
  105 S   -2 -3  0 -3 -5 -3 -4 -4 -5 -5 -5 -2 -5 -6 -4  6  4 -6 -5 -5    1   1   4   1   0   0   0   0   0   0   0   2   0   0   0  65  26   0   0   0  1.47 inf
  106 Q    1  0  0  2 -4  3  3 -3 -1 -4 -2  3 -2 -1 -1  0 -2 -4 -3 -3   11   3   3   9   0  15  18   1   1   0   4  20   1   3   3   5   1   0   0   1  0.37 inf
  107 D    1 -1  0  3 -5  3  4 -2 -2 -5 -5  2 -4 -5 -3  1  0 -5 -4 -4   10   3   4  16   0  12  25   2   1   0   0  10   0   0   0  12   4   0   0   0  0.54 inf
  108 E   -4 -5 -2  7 -7 -2  5 -5 -5 -7 -7 -4 -7 -7 -5 -4 -5 -8 -7 -7    1   0   1  66   0   1  32   0   0   0   0   0   0   0   0   0   0   0   0   0  2.06 inf
  109 I   -3 -5 -6 -7 -5 -5 -6 -7 -6  7  3 -5 -1 -3 -6 -6 -4 -6 -2  1    1   0   0   0   0   0   0   0   0  67  22   1   1   0   0   0   0   0   1   6  1.56 inf
  110 E    2 -2  1  4 -5  2  4 -3 -1 -4 -4  1 -2 -5 -4 -1 -2 -5 -3 -3   19   1   6  24   0   8  24   1   1   0   1   8   1   0   0   3   1   0   1   1  0.60 inf
  111 E    0  0 -1  2 -6  1  6 -3 -1 -5 -3  1  0 -5 -4 -2 -1 -5 -4 -4    6   4   2   9   0   6  52   1   1   0   2   6   3   0   0   2   3   0   0   1  0.86 inf
  112 L   -4 -6 -7 -7 -5 -6 -6 -7 -6  2  6 -6  2 -1 -6 -6 -4 -5 -4 -2    1   0   0   0   0   0   0   0   0  12  81   0   4   2   0   0   0   0   0   1  1.61 inf
  113 R   -3  3 -3 -3 -6  4  3 -5 -2 -1 -4  4 -2 -4 -4 -1 -3 -5  0 -4    1  18   0   0   0  20  17   0   1   4   1  31   1   0   0   3   1   0   4   0  0.82 inf
  114 N    2  2  0  1 -4  2  2 -2 -1 -4 -4  3 -3 -4 -3  1 -1 -5 -3 -3   19   9   4   6   0  11  16   1   1   0   1  19   0   0   0   8   3   0   0   1  0.43 inf
  115 I   -2 -5 -5 -5 -4 -2 -2 -6 -5  5  4 -3  2 -1 -5 -4 -1  3 -2  1    2   0   0   0   0   2   3   0   0  36  36   1   4   1   0   0   3   4   1   7  0.80 inf
  116 L   -5 -6 -7 -7 -5 -6 -6 -7 -6  3  6 -6 -1  0 -6 -6 -4 -5 -4 -1    0   0   0   0   0   0   0   0   0  15  82   0   0   2   0   0   0   0   0   1  1.63 inf
  117 N   -4 -4  4  7 -5 -3 -2 -3 -3 -6 -6 -3 -5 -6 -4  2 -3 -7 -5 -5    0   0  22  59   0   0   0   0   0   0   0   0   0   0   0  19   0   0   0   0  1.48 inf

                      K         Lambda
Standard Ungapped    0.1326     0.3151
Standard Gapped      0.0602     0.2670
PSI Ungapped         0.1967     0.3176
PSI Gapped           0.0602     0.2670
