
Last position-specific scoring matrix computed, weighted observed percentages rounded down, information per position, and relative weight of gapless real matches to pseudocounts
           A  R  N  D  C  Q  E  G  H  I  L  K  M  F  P  S  T  W  Y  V   A   R   N   D   C   Q   E   G   H   I   L   K   M   F   P   S   T   W   Y   V
    1 M   -3 -4 -5 -6 -4 -3 -5 -5 -4  0  3 -4  9 -2 -5 -4 -3 -4 -3  0    0   0   0   0   0   0   0   0   0   3  28   0  64   0   0   0   0   0   0   5  1.52 inf
    2 D   -3 -2  2  6 -5  1  2 -3 -3 -5 -5 -1 -4 -5 -2  0  1 -6 -5 -4    0   1   9  57   0   5  10   0   0   0   0   2   0   0   2   5  10   0   0   0  1.03 inf
    3 R   -2 -2 -2 -5 -2 -3 -4 -4 -4  2  4 -3  1  1 -2 -3 -3  8 -2 -1    2   3   2   0   0   1   0   1   0  10  44   1   2   4   3   1   1  23   0   1  0.88 inf
    4 E    2 -1 -1  2 -3  1  3 -1 -2 -4 -3 -1 -3 -4  2  1  0 -4 -3 -3   24   3   1  15   0   6  24   2   0   0   1   2   0   0   9   8   4   0   0   0  0.42 inf
    5 A    3 -2 -1  1 -3  1  3 -1 -1 -2 -2  0 -2 -2 -1  1  0 -4 -3 -2   27   1   2   7   0   8  23   2   1   1   3   4   0   1   1  10   6   0   0   2  0.31 inf
    6 F   -3 -3 -5 -5 -4 -4 -5 -6 -5  2  5 -5  1  2 -2 -4 -3 -4 -2  0    1   1   0   0   0   0   0   0   0   8  69   0   2  10   3   1   1   0   1   3  0.97 inf
    7 V    1  0  2  3 -2  1  2 -2  0 -1 -2 -1 -2 -4  0  0  0 -4 -2 -1   11   6  11  24   1   4  15   1   2   3   2   1   0   0   4   4   4   0   1   5  0.29 inf
    8 Q    3  1 -1  1 -1  2  4 -2 -1 -4 -4  0 -3 -5 -2 -1 -1 -5 -4 -3   25   9   3   6   2  10  32   2   1   0   0   3   0   0   1   2   2   0   0   0  0.51 inf
    9 T    1  4 -1  0 -3  0  2 -3 -1 -3 -3  1 -2 -3  4 -1 -1 -5 -4 -2   12  23   2   4   0   3  12   1   1   1   2   6   1   1  24   2   2   0   0   2  0.53 inf
   10 L   -1 -4 -4  0 -1 -3 -3 -3 -5  4  1 -4 -1 -3  3 -1 -2 -5 -4  4    3   0   0   6   1   1   1   2   0  27   9   0   1   0  13   4   0   0   0  34  0.59 inf
   11 T    1  3 -2 -3 -2  0 -1 -3 -1  1 -1  0 -1 -3  0  2  1 -4 -3  1   13  17   0   0   0   3   2   0   2  10   4   5   1   0   4  17  10   0   0  12  0.22 inf
   12 A    0 -1  2  4 -3 -1  0  1 -1 -3 -4 -1 -3 -4 -3  1  0 -5 -4  0   10   3  10  30   0   2   6  11   1   0   0   4   0   0   0   9   4   0   0  11  0.40 inf
   13 C   -5 -8 -7 -8 12 -7 -8 -7 -8 -6 -6 -8 -6 -7 -7 -3 -5 -7 -7 -5    0   0   0   0  99   0   0   0   0   0   0   0   0   0   0   1   0   0   0   0  4.19 inf
   14 R   -1  5  0 -1 -2  1  0 -3 -1 -4 -4  1 -4 -3  3 -1  1 -5 -3 -3    3  39   5   2   1   5   6   1   1   0   1   6   0   1  13   3  10   0   0   1  0.64 inf
   15 L    3  4 -1 -2 -4  0 -3 -3 -3 -2  2  2 -2 -3 -4 -2 -3 -5 -3 -3   30  22   2   2   0   3   0   0   0   1  23  13   0   1   0   1   0   0   0   0  0.50 inf
   16 C   -5 -8 -5 -8 12 -7 -8 -7 -8 -6 -6 -8 -6 -7 -7 -5 -5 -7 -7 -5    0   0   1   0  99   0   0   0   0   0   0   0   0   0   0   0   0   0   0   0  4.23 inf
   17 P   -2 -4 -3 -1 -5 -2 -2 -4 -4 -5 -5 -3 -5 -5  8 -2 -2 -5 -5 -5    2   1   1   3   0   1   3   1   0   0   1   1   0   0  77   3   2   0   0   1  2.09 inf
   18 R   -1  8 -3 -3 -5 -2 -1 -2 -3 -5 -4  0 -4 -5 -4 -3 -4 -5 -4 -4    6  76   0   1   0   0   4   4   0   0   1   2   0   0   0   1   1   0   0   1  1.66 inf
   19 L   -5 -5 -6 -6 -4 -5 -6 -6 -6 -1  7 -5  0 -3 -6 -5 -4 -5 -4 -2    0   0   0   0   0   0   0   0   0   1  95   0   1   0   0   0   0   0   0   0  1.86 inf
   20 V    2 -1 -3 -4  3 -3 -4 -2  2  0 -2 -3 -2 -4 -4 -1 -2 -3 -2  5   15   4   1   1   7   1   1   3   6   3   1   1   1   0   0   3   1   0   1  52  0.70 inf
   21 A    3 -1 -1  2 -3  1  3 -1 -2 -4 -3  0 -3 -4 -3  0 -1 -5 -3 -3   33   3   2  11   0   5  24   3   0   0   3   4   0   0   0   5   4   0   1   1  0.47 inf
   22 W   -4 -2 -5 -5  0 -3 -4 -3  0 -4  0 -3 -3  5 -3  0 -2  8  5 -3    1   2   0   0   2   1   1   2   3   0   7   1   0  25   1   7   3  25  18   1  1.20 inf
   23 R   -4  8 -4 -3  0 -3 -4 -5 -2  0  0 -2 -4 -5 -5 -3 -4 -6 -5 -4    1  76   0   2   2   0   0   1   1   6   8   0   0   0   0   2   0   0   0   0  1.68 inf
   24 E    1  1 -1  1 -3  1  5 -2  1 -3 -3  1 -3 -4 -3  1  0 -4 -3 -2   10   6   2   6   1   5  39   1   4   1   2   6   0   0   1   8   6   0   0   2  0.48 inf
   25 E    0  0 -1  2 -3  3  4  0  1 -3 -3  0 -1 -3 -2  0 -1 -2 -2 -2    8   5   2   9   0  13  28   6   4   1   2   5   1   1   1   6   4   1   1   2  0.33 inf
   26 V    0 -2  1 -2  0 -1 -2 -3 -2  1  0 -2  0 -1 -2 -1  1  4 -1  4    5   1   8   1   2   2   2   2   1   8   6   2   1   2   1   3   7   6   2  38  0.30 inf
   27 V    3  3 -1 -2 -2  0 -1  0 -1 -1 -1  0 -1 -2  0  0 -1 -2 -2 -1   32  18   2   2   1   4   3   5   1   3   5   6   1   1   4   4   2   0   1   4  0.24 inf
   28 G    1  2 -1  0 -1  1  1  0  0 -1 -1  1 -1 -2  0  0  0 -2 -1  0   18  14   2   3   1   6   8   8   2   5   4   6   1   2   4   4   5   0   1   6  0.09 inf
   29 R   -1  2  0  0 -1  1  1 -2  0 -1 -1  2 -1 -2 -1  0  1 -2 -2  0    4  14   3   4   1   5  12   3   3   3   5  19   1   2   3   4   9   0   1   6  0.16 inf
   30 K   -1  3 -1 -1  1  0  0 -1  3 -2 -1  3 -1 -1  1 -1 -1 -2  0 -1    4  16   2   3   3   2   5   4   9   2   6  22   1   2   6   3   2   1   4   3  0.19 inf
   31 R    0  4  1 -1 -2  0 -1 -1 -1 -2 -2  1 -1 -2  1  0 -1 -2 -1 -1   10  32   6   3   1   3   3   4   1   3   4   7   1   2   7   5   3   1   1   3  0.27 inf
   32 A    3  2  0 -1 -1  0  0  0 -1 -1 -1  0 -1 -2 -1  1  0 -1 -1 -1   30  14   3   3   1   3   4   5   1   2   4   5   1   2   3   8   4   1   2   4  0.16 inf
   33 F    0 -1 -1 -1  1  0 -1 -1  0 -1 -1 -1 -1  4 -1 -1 -1  2  3 -1    7   3   2   3   4   5   4   4   2   3   6   3   1  27   3   4   4   2  11   4  0.23 inf
   34 R    2  2  0 -1 -1  0  0 -1  0 -1 -1  1  0 -1 -1  0  0 -1 -1 -1   22  18   3   3   1   4   5   5   2   3   6   6   2   2   3   5   4   1   2   4  0.11 inf
   35 G    0 -1  1  3 -1  0  0  1  1 -1 -1 -1 -1  0  0  0 -1 -2  0 -1    6   3   8  23   1   3   5  10   4   3   9   3   1   5   3   4   3   1   3   3  0.13 inf
   36 E   -1 -1 -2 -1 -1  3  3 -2  1 -3 -2 -1 -2 -2  4 -1 -2  4 -1 -2    4   2   1   3   1  15  24   2   4   1   3   2   1   1  20   2   2   7   1   2  0.52 inf
   37 P   -1 -1  0  3 -2  0  1 -1 -1 -2 -2 -1 -2 -3  4 -1  1 -3 -2 -2    5   2   3  17   1   4  10   5   1   2   3   3   1   1  21   3  12   0   1   3  0.34 inf
   38 Y   -2 -2 -2  0 -3 -2 -2 -1  1 -3 -2 -2 -2  0 -3 -1 -2  7  7 -2    2   2   2   6   0   1   2   4   2   1   4   2   1   2   1   4   3  14  45   2  1.00 inf
   39 W   -2  0 -3 -3 -3 -3 -3 -3  4 -3 -2 -3 -3  2 -3 -3 -3 11  1 -3    4   5   1   1   0   1   2   2   9   1   3   1   1   7   1   2   1  51   4   2  1.83 inf
   40 A    1 -1  3 -2 -1 -2 -2  3  2 -3 -3 -1 -2  0 -2  0  1  0 -2 -2   15   3  19   1   2   1   1  23   5   1   2   3   1   5   1   4  10   1   1   2  0.29 inf
   41 R    1  5  4 -2 -4  0 -2 -1 -1 -4 -3  2 -3 -4 -3 -2 -2 -4 -3 -3   14  39  19   1   0   3   1   5   1   1   3  10   0   0   1   1   1   0   0   1  0.68 inf
   42 P    1 -4 -4 -4 -4 -4 -4 -3 -4  0 -4 -4 -4 -5  8 -3 -1 -5 -5 -3   10   0   0   0   0   0   1   1   0   6   1   0   0   0  71   1   5   0   0   1  1.88 inf
   43 V   -2 -5 -6 -6 -4 -5 -6 -5 -6  1 -1 -5 -2 -3 -6 -5 -3 -6 -4  7    3   0   0   0   0   0   0   1   0   3   3   0   0   1   0   0   1   0   0  88  1.74 inf
   44 P   -1 -4  0 -2 -6 -4 -2 -5  1 -5 -4 -3 -5  3  7 -2 -2 -5 -2 -4    5   1   5   2   0   0   2   0   4   0   1   1   0  12  63   2   3   0   1   0  1.61 inf
   45 G    0 -3 -2 -2 -3 -3 -4  6 -4 -5 -6 -4 -5 -6  3  2 -2 -5 -5 -5    5   1   1   2   0   0   0  58   0   0   0   0   0   0  13  19   2   0   0   0  1.18 inf
   46 F   -3 -4 -4 -4 -5 -4 -1 -4 -2 -2 -1 -4 -1  7 -6 -2 -2  4  2  2    2   0   1   1   0   0   5   1   1   1   4   0   1  53   0   3   2   5   6  14  1.10 inf
   47 G   -3 -6 -4 -4 -6 -4 -6  7 -6 -7 -5 -5 -6 -7 -6 -3 -4 -6 -7 -7    1   0   0   0   0   0   0  97   0   0   1   0   0   0   0   0   0   0   0   0  2.39 inf
   48 D   -1 -3  1  6 -5 -2 -1 -2 -1 -5 -6 -3 -5 -5  5  1 -2 -6 -5 -4    4   0   5  47   0   1   1   2   2   0   0   0   0   0  25  10   1   0   0   1  1.14 inf
   49 P    1  1 -3 -1 -2 -1  0 -2 -2  0 -1 -1 -2 -3  5 -1  0 -4  0  0   13   7   0   4   1   1   8   2   0   6   7   2   0   1  30   2   7   0   4   5  0.43 inf
   50 E   -1  1  3  5 -4  2  2  0  0 -4 -3  0 -1 -4 -3  0 -1 -5 -4 -4    6   7  13  33   0   8  10   5   2   0   2   5   1   0   0   4   4   0   0   0  0.51 inf
   51 A    6 -4 -4 -5 -2 -4 -4 -1 -3 -4 -5 -4 -4 -5  1  0 -2 -6 -5 -2   80   0   0   0   0   0   0   4   0   0   0   0   0   0   8   4   2   0   0   1  1.35 inf
   52 R   -2  5 -2  2 -5  0  1 -1  0 -5 -4  2 -3 -4  0  0 -2  2 -4 -4    3  40   0  12   0   2  10   4   2   0   1  10   0   0   4   6   1   3   0   0  0.63 inf
   53 I   -3 -3 -5 -6 -3 -4 -5 -5 -5  4  4 -5  1  0 -5 -4 -3  5 -3  2    0   1   0   0   0   0   0   0   0  23  45   0   3   3   0   0   0   9   0  15  0.90 inf
   54 L    0 -4 -5 -6 -3 -4 -5 -3 -3  0  4 -4  5 -1 -5 -4 -3  0  0  1   10   0   0   0   0   0   0   2   0   2  52   0  18   1   0   0   0   1   3  10  0.82 inf
   55 L   -3 -5 -6 -6 -2 -5 -5 -6 -5  5  1 -5 -1  4 -5 -5 -3 -4 -2  3    1   0   0   0   0   0   0   0   0  45  12   0   0  18   0   0   0   0   0  23  1.06 inf
   56 F   -2 -5 -6 -6 -2 -5 -5 -6 -6  3  1 -5 -1 -1 -5 -4 -3 -5 -4  6    2   0   0   0   1   0   0   0   0  16   9   0   1   2   0   0   0   0   0  70  1.32 inf
   57 G   -3 -6 -4 -5 -6 -5 -4  7 -6 -7 -7 -5 -6 -7 -6 -4 -5 -6 -7 -7    0   0   0   0   0   0   1  99   0   0   0   0   0   0   0   0   0   0   0   0  2.46 inf
   58 L   -4 -4 -5 -4 -5 -2  4 -6 -5 -2  5 -4  0 -3 -5 -4 -4 -5 -4 -3    0   0   0   0   0   1  30   0   0   0  68   0   1   0   0   0   0   0   0   0  1.24 inf
   59 A    7 -5 -5 -5 -4 -2 -4  1 -5 -5 -5 -4 -4 -6 -4 -1 -3 -6 -5 -4   89   0   0   0   0   1   0   8   0   0   0   0   0   0   0   2   0   0   0   0  1.71 inf
   60 P   -5 -6 -6 -5 -7 -5 -5 -6 -6 -7 -7 -5 -7 -8  9 -5 -2 -8 -7 -6    0   0   0   0   0   0   0   0   0   0   0   0   0   0  98   0   2   0   0   0  3.24 inf
   61 G    4 -5 -4 -4 -5 -4 -5  6 -5 -6 -6 -4 -5 -6 -5  0 -4 -6 -6 -5   32   0   0   0   0   0   0  63   0   0   0   0   0   0   0   5   0   0   0   0  1.54 inf
   62 A    5  0 -3 -3 -3 -1  0 -2 -1 -2  1 -1  2 -3 -3 -1 -2 -4 -3 -1   51   6   0   1   0   1   7   1   1   0  15   2   6   1   1   1   0   0   0   3  0.55 inf
   63 H   -3  2  3 -2 -5  2  1 -4  8 -5 -5  1 -2 -4 -4 -2 -2 -3  1 -5    1   9  13   2   0   9   7   1  41   0   1   8   1   0   0   1   3   0   3   0  1.10 inf
   64 G   -1 -3 -2 -2 -3 -3 -2  6 -3 -4 -4 -3 -3 -4 -3 -2 -2  2 -3 -3    3   1   1   2   0   1   3  73   0   1   2   1   0   1   1   2   2   3   1   2  1.33 inf
   65 S    5 -4 -3 -2 -4 -3  4  3 -4 -5 -5 -3 -4 -6 -4 -1 -2 -5 -5 -4   46   0   0   1   0   0  26  23   0   0   0   0   0   0   0   3   1   0   0   0  0.98 inf
   66 N   -5 -4  8  5 -6 -4 -2 -4 -2 -7 -7 -4 -6 -7 -5 -3 -2 -8 -6 -7    0   0  68  28   0   0   2   0   1   0   0   0   0   0   0   0   2   0   0   0  2.05 inf
   67 R    0  7 -4 -4 -4  2  0 -5 -4 -6 -3  0 -4 -5 -5 -3 -4 -6 -5 -5    7  72   0   0   0   8   6   0   0   0   2   3   0   0   0   1   0   0   0   0  1.63 inf
   68 T   -3  0 -2 -4 -3  2 -2 -4 -3 -4 -3 -2 -2 -5 -4 -1  7 -3 -5 -3    0   4   1   0   0   9   1   1   0   0   2   2   1   0   0   3  73   0   0   1  1.41 inf
   69 G   -2 -6 -1 -5 -6 -5 -6  7 -6 -7 -7 -5 -6 -7 -6 -3 -5 -6 -7 -7    2   0   2   0   0   0   0  95   0   0   0   0   0   0   0   1   0   0   0   0  2.36 inf
   70 R   -5  7 -4 -4 -7 -1  3 -6 -4 -2 -2 -1 -4 -6 -5 -4 -4 -6 -5 -3    0  74   0   0   0   1  16   0   0   3   3   1   0   0   0   0   0   0   0   1  1.77 inf
   71 P   -1 -5 -3 -5 -5 -5 -5 -6 -5  0 -3 -5  6 -4  7 -4 -4 -6 -3  0    4   0   1   0   0   0   0   0   0   5   1   0  22   1  59   0   0   0   1   7  1.80 inf
   72 F   -6 -7 -7 -8 -7 -7 -8 -7 -5 -4 -4 -7 -4  9 -8 -7 -6 -3 -1 -5    0   0   0   0   0   0   0   0   0   0   0   0   0 100   0   0   0   0   0   0  3.23 inf
   73 T   -3 -5 -4 -5 -2 -4 -5 -5 -2 -3 -4 -4 -4 -3 -5 -2  7  0 -5  3    1   0   0   0   1   0   0   0   1   0   0   0   0   1   0   0  73   1   0  22  1.67 inf
   74 G   -4 -6 -1 -5 -6 -6 -6  8 -6 -8 -8 -5 -7 -7 -6 -4 -5 -6 -7 -7    0   0   2   0   0   0   0  98   0   0   0   0   0   0   0   0   0   0   0   0  2.54 inf
   75 D   -3 -3 -1  8 -4 -2 -1 -3 -3 -4 -4 -1 -4 -4 -3 -2 -3 -4 -4 -4    1   1   2  78   0   1   1   1   0   1   2   4   0   1   1   1   1   0   1   1  1.73 inf
   76 A    0  5 -3 -2 -4  1  0 -1  1 -3 -4  0 -3  1  0 -1 -2  1  4 -3    9  32   0   1   0   7   4   4   3   1   0   4   0   5   5   5   1   2  17   2  0.50 inf
   77 S    5 -4 -3 -4 -2 -4 -4 -2 -4 -5 -5 -4 -4 -6 -4  5 -1 -6 -5 -4   49   0   0   0   1   0   0   1   0   0   0   0   0   0   0  47   3   0   0   0  1.33 inf
   78 G   -1 -6 -4 -5 -6 -5 -6  7 -6 -7 -7 -5 -6 -7 -6 -1 -5 -6 -7 -7    5   0   0   0   0   0   0  92   0   0   0   0   0   0   0   3   0   0   0   0  2.26 inf
   79 A   -2  0  0  6 -5  2  1 -3  0 -1 -3  2 -3 -4 -2 -1 -2 -1 -3 -2    2   4   2  46   0  10   8   1   2   4   2  11   0   0   1   2   2   1   1   2  0.74 inf
   80 F   -3 -3 -2 -6 -4 -3 -5 -6 -5 -1  4 -5  2  4 -6 -5 -3  7 -1  2    1   1   2   0   0   1   0   0   0   1  41   0   4  17   0   0   1  16   1  14  0.99 inf
   81 L   -5 -6 -7 -7 -5 -6 -6 -7 -6 -1  6 -6  1 -1 -6 -6 -5 -5 -4 -1    0   0   0   0   0   0   0   0   0   2  93   0   2   1   0   0   0   0   0   2  1.83 inf
   82 Y   -2 -3 -2  3 -5 -3 -3 -5 -2 -1 -3 -4 -2  5 -5 -4 -1  1  7 -2    2   1   2  18   0   1   0   0   0   3   1   0   1  22   0   0   4   2  40   3  1.15 inf
   83 P    3  2  1  0 -4  1  2  0  0 -4 -4  1 -3 -5  1  1 -2 -5 -4 -4   27  14   6   6   0   5  12   5   2   0   0   7   0   0   6  10   1   0   0   0  0.38 inf
   84 L    4 -4 -4 -4  2 -2 -4 -2 -4 -1 -1 -3  5 -4 -4  0  4 -2 -4 -1   33   0   0   0   4   1   0   3   0   2   6   1  14   0   0   5  27   1   0   3  0.68 inf
   85 L   -5 -6 -7 -7  1 -6 -7 -7 -6 -1  6 -6  2 -1 -7 -6 -5 -5 -5 -3    0   0   0   0   2   0   0   0   0   1  90   0   4   2   0   0   0   0   0   0  1.84 inf
   86 H    0  1 -2 -2 -3  0 -1 -2  6  0 -1  0 -3  0 -4 -2 -2  0  4 -3   10   9   1   2   0   3   3   2  26   5   5   5   0   4   0   2   2   1  18   1  0.59 inf
   87 E    2  4 -1  1 -4  0  2 -2  0 -3 -3  3 -2 -5 -3  0 -1 -5 -4 -3   18  21   1   9   0   3  16   2   2   1   2  17   1   0   0   5   3   0   0   0  0.47 inf
   88 A    2 -3 -2 -4  0 -3 -3 -3  0  1  1 -4  0  4 -4 -1  0 -3  2  2   23   1   2   0   2   0   0   0   3   9  13   0   1  19   0   2   5   0   7  13  0.37 inf
   89 G   -1 -4 -2 -3 -3 -3 -4  7 -3 -7 -7 -3 -6 -7 -5 -2 -4 -6 -6 -6    3   1   2   1   0   1   1  86   1   0   0   1   0   0   0   1   1   0   0   0  2.00 inf
   90 L   -4 -4 -6 -6 -4 -5 -6 -6 -5  0  5 -5  1  5 -6 -5 -2  2  1 -2    1   1   0   0   0   0   0   0   0   4  53   0   3  29   0   0   3   2   3   1  1.17 inf
   91 S    5 -2 -2  0 -1 -2 -2 -2 -4 -3 -4 -1 -1 -5 -4  2  0 -5 -4 -2   60   1   1   4   1   1   1   1   0   1   0   3   1   0   0  17   5   0   0   2  0.91 inf
   92 S   -1  4  4 -2 -5  1 -1 -4 -1 -3 -5  0 -2 -5 -4  3  2 -5 -4 -3    3  23  22   2   0   5   3   0   1   1   0   3   1   0   0  23  11   0   0   2  0.68 inf
   93 K   -1  2 -2 -2 -5  5  0  4  0 -2 -2  0 -2 -5 -4  0 -2 -4 -2 -3    4  11   1   1   0  25   4  29   2   2   3   5   1   0   0   7   1   0   1   1  0.58 inf
   94 P    1 -2 -1  0 -4 -2  1 -1  0 -3 -3 -2 -3  0  5  0  0 -4  1 -2   12   2   3   5   0   1   9   4   2   1   2   2   0   4  32   6   7   0   5   3  0.54 inf
   95 E   -1 -1 -1  0 -2 -1  3 -2  0 -2 -2 -1 -3  0 -2 -1  3 -3  4 -2    5   3   3   4   1   2  21   2   3   1   3   3   0   4   2   2  23   0  15   3  0.36 inf
   96 S    3 -2 -2  0  0 -1  0  1 -3 -4 -3 -3 -3 -4  0  4  0 -4 -4 -2   23   2   0   5   2   2   5  10   0   1   2   1   0   0   5  35   4   0   0   3  0.51 inf
   97 L    0  3 -1  0 -3  0  1 -2  1  0 -1  0 -1 -2  0 -1  1  3 -2  1    7  21   2   4   0   2  10   2   4   4   5   4   1   1   4   2  12   4   0  12  0.20 inf
   98 P    3  1 -1  0  0 -2 -1 -1  3 -3 -3 -2 -3 -4  4  2 -2 -4 -3 -2   24   8   3   5   2   0   2   5   7   2   2   2   0   0  19  16   2   0   0   2  0.44 inf
   99 G    2  1  1  3 -2 -1  0  2 -1 -1 -2  0 -2 -3 -3 -1 -1 -4 -2 -2   20   8   7  21   1   1   5  14   2   3   3   4   1   0   1   2   3   0   1   3  0.27 inf
  100 D   -3 -3 -1  8 -5 -1 -1 -2 -4 -5 -4 -4 -5 -5 -1 -2 -3  0 -5 -5    2   1   2  74   0   3   2   2   0   1   2   1   0   0   3   2   2   1   0   1  1.71 inf
  101 D   -2 -2  0  5 -4 -3 -2  5 -4 -5 -5 -3 -4 -5 -2 -1 -2 -4 -4 -4    2   3   4  30   0   1   2  45   0   1   1   1   0   0   2   3   3   0   0   1  1.03 inf
  102 L   -1 -2 -3 -3 -3  1 -3 -2 -3  0  5 -3  2 -1 -2 -3 -2 -3 -2  0    6   2   1   1   0   6   1   3   0   2  59   1   4   2   1   1   2   0   1   3  0.59 inf
  103 R    0  3 -1 -1 -3  2  3 -2 -1 -2 -2  1 -1 -2 -1  0  1 -3 -2  0    8  16   1   2   0  12  20   2   1   2   2   7   1   1   3   5   8   0   1   8  0.25 inf
  104 L   -2 -1 -3 -3 -2 -3 -3 -3 -3  0  5 -2  0 -1 -1 -3 -1 -2  0  0    3   3   1   1   0   1   1   2   1   2  63   2   1   1   3   2   3   0   3   5  0.64 inf
  105 Y   -1  2  0 -1 -2  0 -1 -1  1  1  0  1 -1  0 -2 -1  1 -1  2  0    2  13   5   3   0   3   3   3   5  10   7   9   1   3   1   4   9   0   9   9  0.07 inf
  106 G   -2 -1  3  5 -1  0 -1  4  0 -4 -5 -2 -4 -5 -4 -1 -2 -5 -3 -2    2   3  12  34   1   3   1  30   2   0   0   2   0   0   0   3   1   0   1   3  0.76 inf
  107 V    2 -5 -5 -5  6 -4 -5 -4 -5  0 -1 -4 -2 -3 -3 -2  2 -5 -4  4   18   0   0   0  19   0   0   0   0   4   3   0   0   0   1   2  13   0   0  39  0.88 inf
  108 Y   -1  6 -1 -5 -4 -3 -4 -4 -3 -2 -3 -2  1  2 -5 -3 -4  2  6 -3    5  43   3   0   0   0   0   1   0   2   1   0   3   8   0   1   0   2  30   1  1.19 inf
  109 L   -2 -6 -6 -6 -4 -6 -6 -7 -6  7  1 -6  2 -2 -6 -5 -4 -6 -3  2    3   0   0   0   0   0   0   0   0  70   9   0   5   1   0   0   0   0   0  11  1.53 inf
  110 T    1 -4 -3 -4  1 -4 -4 -2 -5 -1 -2 -4 -2 -3 -4  0  6 -5 -4  2   13   0   0   0   2   0   0   3   0   4   3   0   0   1   0   5  57   0   0  12  0.97 inf
  111 A    3 -4  7 -2 -3 -3 -3 -3  1 -5 -4 -1 -3 -6 -4  1 -3 -6 -5 -4   26   0  55   0   0   0   0   0   3   0   1   3   0   0   1   8   0   0   0   0  1.30 inf
  112 A    4 -4 -4 -4  1 -3 -4 -3  0  0 -2 -3 -2 -4  3  0  0 -5 -4  2   46   0   0   0   3   0   0   0   3   5   3   0   0   0  14   6   5   0   0  14  0.66 inf
  113 V   -2 -6 -6 -6  0 -5 -6 -5 -6  0  1 -5 -2 -1 -6 -5 -1 -6 -4  7    2   0   0   0   2   0   0   1   0   2  11   0   0   3   0   0   3   0   0  76  1.42 inf
  114 R   -3  6 -3 -4 -6 -2 -3 -5  5 -6 -5  5 -5 -6 -5 -3 -4 -6 -4 -6    1  49   0   0   0   0   0   0  12   0   1  36   0   0   0   1   0   0   0   0  1.61 inf
  115 C   -4 -7 -6 -7 11 -3 -7 -6 -2 -5 -5 -7 -5 -6 -7 -3 -5  4 -6 -5    0   0   0   0  90   1   0   0   1   0   0   0   0   0   0   1   0   5   0   0  3.54 inf
  116 A    4  4 -4 -4  0 -2  0 -3 -3 -2 -1 -2 -1 -4 -4 -2 -3 -5 -4  2   38  31   0   0   2   0   5   0   0   0   7   0   1   0   0   0   0   0   0  16  0.67 inf
  117 P   -4 -5 -5 -5 -6 -5 -4 -5  2 -6 -6 -4 -6 -6  9 -4 -5 -7 -6 -6    0   0   0   0   0   0   0   0   6   0   0   0   0   0  91   0   0   0   0   0  2.90 inf
  118 P   -5  1 -6 -5 -7 -5 -5 -6 -6 -6 -3 -4 -6 -7  9 -5 -5 -7 -7 -6    0   7   0   0   0   0   0   0   0   0   3   0   0   0  90   0   0   0   0   0  2.84 inf
  119 K    1  0  0  1 -5  4  3  2  0 -5 -4  1 -2 -5 -3 -2 -3 -5 -4 -3   11   3   4   8   0  19  25  17   2   0   1   8   1   0   0   0   0   0   0   1  0.53 inf
  120 N   -5  0  8  0 -7 -4 -4 -4  4 -7 -7 -1 -6 -7 -6 -3 -4 -7 -5 -7    0   4  81   5   0   0   0   0   8   0   0   3   0   0   0   0   0   0   0   0  2.23 inf
  121 K   -1  5 -4 -4 -6 -1 -3 -5 -4 -6 -4  6 -1 -6 -5 -2 -3  1 -5 -4    4  34   0   0   0   1   0   0   0   0   1  52   1   0   0   1   1   2   0   1  1.40 inf
  122 P   -1 -6 -6 -2 -6 -5 -5 -6 -6 -5  0 -5 -5 -7  8 -5 -5 -7 -6 -2    4   0   0   3   0   0   0   0   0   0   9   0   0   0  80   0   0   0   0   4  2.36 inf
  123 T   -1 -1 -1 -3 -4 -1  2 -3 -2 -2  0 -1 -1 -4 -1  0  5 -2 -4 -1    4   3   3   0   0   2  16   1   1   1  12   3   1   0   3   5  41   1   0   3  0.48 inf
  124 P    0  0 -1  0 -4  0 -2  0 -4 -3 -3  0 -1 -5  5 -1  2 -5 -4 -2    6   6   2   5   0   4   2   9   0   1   1   5   1   0  35   3  17   0   0   2  0.68 inf
  125 E    2 -1 -1  2 -2  1  4 -1 -3 -2 -2 -1 -2 -4 -2  1  0 -5 -4 -2   17   3   2  13   1   5  29   3   0   1   3   2   1   0   1  12   4   0   0   3  0.38 inf
  126 E   -5 -4 -4  2 -8 -2  8 -6 -4 -7 -7 -3 -6 -7 -5 -4 -5 -7 -6 -7    0   0   0   8   0   0  92   0   0   0   0   0   0   0   0   0   0   0   0   0  2.37 inf
  127 L   -1  3 -4 -4 -2 -2 -2 -5 -4  4  1  1  0 -1 -4 -2 -1 -1 -2  2    4  17   0   0   1   1   2   0   0  29  11  11   2   2   0   1   2   1   1  16  0.42 inf
  128 R    2  3  3  1 -4  0  0 -2  1 -2 -2  1 -2 -4 -3 -1 -1 -5 -2 -1   21  18  17  10   0   2   6   1   3   2   3   8   1   0   0   2   3   0   1   4  0.31 inf
  129 A    2  0  5 -2 -2  0 -2 -3  3 -3 -4 -2 -2 -5 -4 -1  4 -5 -4 -3   19   5  28   1   1   3   2   1   9   1   1   1   1   0   0   2  26   0   0   1  0.67 inf
  130 C   -3 -9 -8 -4 12 -8 -9 -8 -8 -6 -7 -8 -7 -8 -8 -6 -6 -8 -8 -6    3   0   0   1  96   0   0   0   0   0   0   0   0   0   0   0   0   0   0   0  4.29 inf
  131 A    1  5  2 -3 -5 -1  0 -3 -2 -2 -1 -1 -1 -1 -4  2 -3 -2 -3 -4   12  38  10   1   0   1   5   2   1   3   7   1   1   3   0  14   0   1   0   0  0.60 inf
  132 R   -1  0 -3 -3 -6  0 -2  0  1 -3 -6 -2 -3 -4  7  0 -1 -6 -1 -3    5   5   1   1   0   4   3   9   3   2   0   2   0   1  52   6   3   0   3   2  1.14 inf
  133 W   -6 -6 -3 -7 -7 -6 -3 -7  0 -5 -4 -7 -5  6 -8 -6 -6  9  7 -6    0   0   1   0   0   0   3   0   2   0   1   0   0  33   0   0   0  28  32   0  2.39 inf
  134 T   -2 -5 -7 -7 -5 -6 -6 -7 -6 -1  6 -6 -1  2 -7 -5 -2 -5 -3 -2    3   1   0   0   0   0   0   0   0   2  80   0   1   9   0   1   2   0   0   1  1.56 inf
  135 E    2  1  0  2 -2  0  2 -2  0  0 -2  0 -1 -2 -3  0  0 -3 -3  1   19   8   3  13   0   3  14   2   2   4   3   6   1   1   0   5   4   0   0  11  0.17 inf
  136 V    3  4 -1 -1 -4  1  0 -1 -1 -3 -2 -1 -2 -3  0  0 -1 -5 -2 -3   26  30   2   3   0   6   6   4   1   1   4   1   1   1   4   6   2   0   1   1  0.45 inf
  137 E   -3  0 -3 -1 -7  4  6 -4 -4 -6 -4 -3 -3 -7 -4 -3  1 -6 -6 -5    1   5   1   2   0  15  61   1   0   0   2   0   1   0   0   1   9   0   0   0  1.38 inf
  138 L   -4 -2 -6 -6 -4 -5 -6 -7 -6  5  4 -4  2  1 -6 -5 -3  3 -3  1    1   3   0   0   0   0   0   0   0  33  43   1   4   4   0   0   0   4   0   8  1.05 inf
  139 G    3  2 -1  1 -3  0  3 -2 -1 -4 -2  1 -2 -5 -3 -1  0 -5 -3 -3   27  13   2   8   0   3  22   3   1   0   3   6   1   0   0   3   5   0   1   0  0.42 inf
  140 L    2  0 -1 -3 -3 -1 -2 -2 -1  1  4 -3  1 -2 -4 -1 -1 -3 -3  0   19   5   3   1   0   3   3   2   2   6  39   0   4   1   0   4   3   0   0   5  0.34 inf
  141 L   -3 -4 -4 -6 -3 -5 -5 -6 -4  2  5 -5  5  1 -5 -2 -2 -4 -3  2    1   0   1   0   0   0   0   0   0   9  49   0  17   4   0   4   1   0   1  12  0.95 inf
  142 P   -1  0 -2  0 -3 -1 -1 -2 -2 -2 -3  1 -3 -3  6  0  0 -3 -2 -2    5   6   2   6   0   2   2   4   1   2   2   9   0   1  43   6   6   0   1   2  0.81 inf
  143 E   -1  2  3  1 -4  2  1 -2  3 -4 -4  2 -3 -3 -1  0  1 -3 -2 -3    3  13  17   6   0   9   7   2   7   0   0  14   0   1   3   5  10   0   1   1  0.40 inf
  144 V   -1 -4 -5 -4 -3 -4 -3 -2 -3  1  4 -3  0 -3  4 -2 -2 -3 -4  2    5   1   0   1   0   0   1   3   1   5  38   1   1   0  24   2   1   0   0  15  0.69 inf
  145 R   -2  7 -2 -2 -2  0  0 -3  0 -4 -5  3 -4 -6 -3 -2 -2 -4 -5 -4    4  54   1   2   1   4   5   1   2   1   0  18   0   0   1   3   3   0   0   1  1.15 inf
  146 V    3 -5 -3 -5 -1 -4 -5 -3 -5  2  0 -4 -3 -4 -5  0 -1 -6 -4  5   28   0   1   0   1   0   0   1   0  10   6   0   0   0   0   7   4   0   0  41  0.79 inf
  147 Y   -2 -6 -6 -6 -4 -6 -6 -7 -6  6  1 -6  0  0 -6 -5 -3 -5  0  4    2   0   0   0   0   0   0   0   0  48  10   0   2   3   0   0   1   0   4  30  1.24 inf
  148 V   -4 -6 -6 -7 -2 -6 -6 -7 -6  2  4 -6  2 -2 -6 -5 -4 -6 -4  6    0   0   0   0   1   0   0   0   0   9  33   0   4   1   0   0   0   0   0  52  1.30 inf
  149 A    5 -5 -5 -5  4 -4 -4 -4 -5 -3 -3 -4 -2 -4  0 -2  2 -2 -5  1   59   0   0   0   8   0   0   0   0   1   2   0   1   1   4   1  13   1   0  11  1.05 inf
  150 L   -3 -6 -7 -7 -5 -6 -7 -7 -7  0  6 -6  1 -2 -7 -6 -5 -5 -5 -1    2   0   0   0   0   0   0   0   0   4  89   0   3   1   0   0   0   0   0   2  1.81 inf
  151 G   -3 -7 -5 -6 -7 -6 -6  8 -6 -8 -8 -6 -7 -7 -6 -5 -6  1 -7 -7    1   0   0   0   0   0   0  96   0   0   0   0   0   0   0   0   0   2   0   0  2.62 inf
  152 R    1  4 -2 -1 -3  2 -1  2 -1 -5 -4  3 -3 -5 -4  0 -1  0 -4 -4   12  29   1   3   0   8   2  15   1   0   1  16   0   0   0   5   4   1   0   1  0.56 inf
  153 I   -2 -3 -4 -5 -4 -5 -4 -6  1  5 -1 -2 -1  5 -3 -4 -1  0 -1  3    3   1   0   0   0   0   1   0   3  35   3   2   1  22   1   0   4   2   2  18  0.81 inf
  154 A    6 -5 -5 -5 -5 -5 -5  2 -5 -5 -4 -5 -5 -6  0  1 -4  1 -6 -4   67   0   0   0   0   0   0  16   0   0   1   0   0   0   5   9   0   2   0   0  1.36 inf
  155 L    1 -3 -5 -6 -6 -5 -5 -5  7 -5 -1 -5  0  3 -6 -2 -3  9  0 -4   12   1   0   0   0   0   0   1  30   0   6   0   2  12   0   3   2  29   2   1  1.72 inf
  156 E   -2  2  0  4 -6  5  2 -3  0 -5 -4 -1 -1 -6 -2 -2 -1  0 -4 -5    3  10   4  22   0  31  12   2   2   0   1   3   2   0   2   2   3   1   0   0  0.77 inf
  157 A    4 -3  0 -3 -3  0 -1  0  1 -3 -4 -3 -4 -2 -4  3  1 -2  0 -1   37   1   5   0   0   3   4   5   4   1   0   0   0   1   0  23   7   1   3   5  0.51 inf
  158 L    1 -4 -5 -5  0 -4 -4 -4 -5  2  3 -4  0  0 -5 -3  2  1 -1  3   15   0   0   0   2   0   0   0   0  11  30   0   1   3   0   1  13   2   2  20  0.52 inf
  159 L   -1 -3 -6 -6  0 -5 -4 -5 -5  1  5 -3  0  0 -6 -4 -4  3 -3  1    5   2   0   0   2   0   1   0   0   6  64   1   2   3   0   1   0   4   0  10  1.00 inf
  160 A    1  4 -1  0 -4  1  0 -1 -1 -2 -3  3 -1 -4  0 -1 -1 -3 -1 -3   13  28   2   4   0   6   5   4   1   2   1  16   2   0   5   4   4   0   2   1  0.40 inf
  161 H    3 -2 -2 -2 -2 -2 -2  1  1 -1  0 -1  0 -1 -2  0  2 -1 -1  0   30   2   0   2   0   0   2  12   3   2   9   3   2   2   1   5  13   1   2   8  0.22 inf
  162 F   -1 -3 -3 -2 -1 -2 -2 -3 -1 -1  3 -3  0  3 -3 -2 -1  6  3  0    6   1   1   2   1   2   2   2   1   1  33   1   1  11   1   2   3  13  11   5  0.53 inf
  163 G    1  0  0 -1 -5  0 -1  5 -4 -4 -5  1 -4 -5 -3 -1  0 -5 -5 -3   11   5   5   4   0   5   4  45   0   1   0   8   0   0   1   3   7   0   0   2  0.69 inf
  164 L    0 -1 -3 -3 -2 -1 -1 -1 -2  1  2 -1  0  0 -2 -1 -1 -3  0  3   10   3   0   0   0   2   5   5   1   7  25   3   1   4   2   3   3   0   3  22  0.20 inf
  165 R   -3  4 -2 -1 -5 -2 -1 -2 -3 -1 -3  4 -4 -5  4 -1  0 -6 -5 -3    1  20   2   3   0   1   3   3   0   5   2  24   0   0  24   5   6   0   0   1  0.71 inf
  166 K    0  3 -2 -3 -3  0 -1  1 -3 -1  0  1  0 -3  1 -1  0  0 -2  0    9  20   1   0   0   3   2  11   0   3  12   9   2   1   8   4   4   1   1   9  0.16 inf
  167 S    1  1 -2 -4 -5 -2  0  0 -3 -4 -3  1 -4 -5  5  2 -2 -3 -5 -3   10   6   2   0   0   1   7   6   0   1   2  10   0   0  33  19   2   0   0   2  0.74 inf
  168 A    2  4  0  1 -4  0 -1 -2 -1 -3 -1  2 -2 -4  0  0 -2 -2 -3 -3   23  23   3   9   0   2   3   2   1   1   6  12   1   0   4   5   2   1   0   1  0.33 inf
  169 H    0  0 -3 -4 -1 -2 -3 -2  3  0 -1 -3  0  2  5 -2 -3 -1  3 -1    9   5   1   0   1   1   0   3   8   6   7   0   3   7  30   2   1   1   9   4  0.54 inf
  170 P    0  4 -3 -3 -4  0 -2 -2 -3 -2 -3  4 -3 -4  4  0 -1 -4 -4 -2    8  20   1   1   0   3   1   2   0   3   1  24   0   0  22   7   3   0   0   3  0.64 inf
  171 F   -3 -1 -4 -5 -5 -5 -4 -4 -4 -3 -2 -2 -2  9 -4 -3 -5  0 -1 -4    2   4   1   1   0   0   1   1   0   1   4   3   1  76   1   2   1   1   1   1  2.04 inf
  172 R    2  2 -3 -4 -3 -3 -2  5 -4 -1 -4  0 -1 -3 -4  0 -1 -4 -2 -1   18  11   0   0   1   0   2  41   0   4   1   4   1   1   0   5   3   0   1   4  0.62 inf
  173 H   -4 -2 -2 -3 -5 -2 -3 -3 11 -6 -5 -4 -5 -5 -5 -2 -4 -5 -3 -5    1   2   2   2   0   2   1   2  79   1   2   1   0   0   1   3   1   0   0   1  2.83 inf
  174 G    0 -3  0 -3 -5 -4 -3  7 -1 -4 -2 -5 -4 -4 -5 -3 -5 -6 -6 -3    6   1   5   1   0   0   2  73   2   1   4   0   0   1   0   1   0   0   0   2  1.54 inf
  175 A    4  2 -2 -3 -2 -1 -1 -1 -3 -3 -3  1 -2 -4 -4 -1  0 -3 -3  1   43   9   1   1   1   3   3   4   0   1   2   9   1   0   0   4   5   0   0  12  0.51 inf
  176 H   -1  1 -3 -1 -2  1  3 -3  3  0 -1 -1 -2 -2 -2 -1  0 -1 -1  3    3  10   0   2   1   5  23   1   7   4   6   3   1   2   1   3   6   1   2  21  0.28 inf
  177 Y    0 -2 -2 -4 -5 -1 -3 -4  7 -1 -2 -4 -2  2 -5 -3  0  1  4  2   10   2   2   0   0   2   1   1  28   3   3   0   1  10   0   1   6   2  12  18  0.78 inf
  178 P    0  3 -1  2 -4  2  3 -2 -2 -2 -2  0 -2 -4  0  0  0 -4 -2 -1    7  15   2  12   0   8  18   2   1   3   4   5   0   0   4   6   7   0   1   5  0.26 inf
  179 L   -2 -2 -3 -3 -2 -3 -3 -2 -3  2  4 -3  2  0 -3 -3 -2  1  2  1    2   2   1   1   1   1   1   3   1  13  43   1   4   4   1   1   1   2   6   9  0.51 inf
  180 P    1  0  0  0 -3 -1  0  0 -1 -3 -2 -1 -2 -1  5 -1  0 -3 -2 -2   12   6   4   6   0   3   6   7   1   2   3   3   1   3  30   4   7   0   1   2  0.45 inf
  181 G    0  1  1  3 -3 -2 -1  4  0 -4 -5 -1 -4 -5 -1  0 -2 -3 -4 -3    9   8   8  19   1   1   2  35   2   1   1   2   0   0   2   5   1   0   0   1  0.60 inf
  182 G    0  0  0 -1 -5 -2 -1  5 -1 -3 -4 -1 -4 -4  2 -1 -2 -5 -4 -3    6   5   4   4   0   1   4  48   2   2   1   4   0   0  11   4   3   0   0   2  0.72 inf
  183 R   -3  3 -4 -4 -2 -2 -3 -4 -2  2  2 -1  0 -1  1 -3 -2 -3  0  3    0  19   0   0   1   1   0   1   1  12  22   4   1   1   8   0   2   0   4  21  0.44 inf
  184 H   -1  4 -3 -1 -4 -1 -2 -4  1  0 -1  0 -1 -3  1 -2  2  3  0  1    4  25   0   4   0   2   2   0   3   5   5   5   2   0   8   2  14   4   4  11  0.33 inf
  185 L   -5 -6 -7 -7 -5 -6 -7 -6 -7  3  5 -6  0 -2 -7 -6 -4 -6 -3  3    0   0   0   0   0   0   0   0   0  13  61   0   2   1   0   0   0   0   0  22  1.38 inf
  186 L   -2 -4 -6 -6 -4 -5 -6 -5 -2  3  3 -5  2  4 -6 -5 -3 -2  2  3    2   1   0   0   0   0   0   1   1  15  31   0   5  17   0   0   0   0   6  20  0.82 inf
  187 A    0 -4 -1  3  0 -4 -3  4 -4 -1 -3 -4 -2 -5  1  0 -2 -5 -5  1    9   0   2  20   2   0   0  30   0   3   3   0   1   0   8   8   2   0   0  10  0.51 inf
  188 S   -3 -6 -4 -5  8 -5 -5 -5 -6 -4 -5 -5  1 -6 -6  6  3 -7 -6 -4    1   0   0   0  26   0   0   0   0   1   1   0   4   0   0  51  16   0   0   1  1.68 inf
  189 Y   -7 -7 -7 -8 -7 -7 -7 -8 -4 -4 -4 -7 -3  3 -8 -7 -7 -1 10 -1    0   0   0   0   0   0   0   0   0   1   1   0   1  11   0   0   0   1  81   5  2.96 inf
  190 H   -7 -6 -5 -7 -9 -5 -6 -8 11 -9 -9 -6 -7 -7 -8 -7 -7 -8 -4 -9    0   0   0   0   0   0   0   0 100   0   0   0   0   0   0   0   0   0   0   0  4.39 inf
  191 V   -5 -7 -7 -7  7 -6 -6 -7 -7 -5 -6 -6 -6 -7  7 -4 -1 -8 -7  3    0   0   0   0  23   0   0   0   0   0   0   0   0   0  55   1   3   0   0  17  2.20 inf
  192 S    3 -6 -4 -5 -5 -5 -5 -5 -6 -7 -7 -5 -6 -7 -5  7 -3 -7 -6 -6   24   0   0   0   0   0   0   0   0   0   0   0   0   0   0  75   1   0   0   0  1.96 inf
  193 R    1  5 -4 -5 -6  5 -3 -5 -4 -6 -4 -2 -4 -5  2 -3 -5 -5  4 -5   12  33   0   0   0  26   0   1   0   0   1   1   0   0  11   1   0   0  13   0  1.16 inf
  194 Q   -2  3 -4 -4 -5  5 -3 -5  0 -4  1 -3 -3 -3 -5 -4 -4 -3  6 -3    4  16   0   0   0  30   0   0   2   0  13   0   0   0   0   0   0   0  29   2  1.12 inf
  195 N   -5 -4  8 -2 -6 -4 -4 -4 -4 -5  1 -4 -5 -5 -5 -4 -4 -6 -5 -5    1   0  79   1   0   0   0   0   0   0  15   0   0   0   0   0   0   0   0   0  2.23 inf
  196 T   -4  2 -4 -5 -5 -1 -5 -6 -3 -2 -4 -4  1 -4 -2 -3  7 -3  0  1    0  11   0   0   0   3   0   0   0   1   1   0   4   0   2   0  64   0   3  10  1.37 inf
  197 Q   -3 -1  6 -3 -6  3 -4 -5 -3 -5 -1 -2 -4  5 -5 -1 -3 -5 -2 -5    1   4  40   1   0  15   0   0   0   0   7   2   0  23   0   4   1   0   1   0  1.11 inf
  198 T   -4 -2 -4 -5 -5 -5 -4 -6 -5 -4 -4 -5 -5 -5  2 -3  7 -6  2 -3    0   2   0   0   0   0   1   0   0   1   2   0   0   0   9   0  77   0   7   1  1.89 inf
  199 G   -3  1 -2  1 -6 -4 -4  6 -3 -6 -6  1 -5 -6 -4 -2 -4 -6 -4 -6    0   9   1   8   0   0   0  68   1   0   0   9   0   0   1   2   0   0   0   0  1.49 inf
  200 R   -2  7 -3 -5 -6 -3 -3 -5 -4 -3 -1  1 -4 -5 -4 -4 -3 -6 -5  0    3  70   1   0   0   0   1   0   0   1   5   8   0   0   1   0   1   0   0   7  1.62 inf
  201 L   -4 -5 -5 -1 -4 -5 -5 -5 -5  0  6 -4  0 -3 -4  0 -4 -5 -4 -1    0   0   0   4   0   0   0   1   0   5  76   1   1   0   1   8   0   0   0   2  1.29 inf
  202 T   -3 -3 -1 -3 -2  2 -4 -4 -5 -3 -4  0 -4 -6 -5  0  7 -6 -5 -3    1   1   3   1   1   8   0   1   0   1   1   5   0   0   0   5  72   0   0   1  1.56 inf
  203 R    0  2 -3 -1 -5 -1  3 -4 -2 -2 -4 -1 -1 -5  5 -3  0  5 -3 -3    8  13   0   3   0   2  19   0   1   2   1   4   1   0  27   0   6   8   1   2  0.71 inf
  204 E    2 -1 -1  2 -5  1  4 -2 -2 -4 -5  0 -4 -5  2 -1 -1 -6 -5 -3   22   2   2  10   0   5  34   2   1   0   0   5   0   0   8   3   4   0   0   1  0.61 inf
  205 M   -3 -5 -5  2 -6 -1 -1 -2 -6 -4 -2 -2 10 -5 -5 -3  0 -6 -6 -4    2   0   0  10   0   3   5   3   0   0   1   2  66   0   0   1   7   0   0   0  2.00 inf
  206 F   -4 -6 -7 -7 -6 -5 -7 -7 -6 -1  4 -5  1  7 -7 -6 -5  4 -2 -2    1   0   0   0   0   0   0   0   0   3  34   1   3  51   0   0   0   5   0   2  1.63 inf
  207 L   -1  2 -2  4 -2  0  3 -4  2 -2 -2 -1 -2 -1 -4 -2 -1 -3 -2  0    5  14   0  24   1   2  20   0   5   2   3   2   1   3   0   2   3   0   1   9  0.41 inf
  208 E    2  0  0  4 -5  1  3 -2 -3 -5 -5  0 -3 -6 -4  1 -1 -6 -5 -4   19   4   4  25   0   7  22   2   0   0   0   6   0   0   0   9   2   0   0   0  0.63 inf
  209 V    0 -5 -5 -1 -4 -5 -5 -6 -6  3  0 -5 -2 -3 -5 -4  1 -6 -4  6    7   0   0   4   0   0   0   0   0  14   8   0   0   1   0   0   7   0   0  59  1.12 inf
  210 L   -5 -3 -7 -7 -4 -5 -6 -7 -5  2  3 -5 -1  7 -7 -6 -4  0 -2  0    0   1   0   0   0   0   0   0   0  10  30   1   1  48   0   0   0   1   0   6  1.40 inf
  211 M    3  4 -1 -1 -3  1  1 -1 -2 -3 -2  1 -2 -4 -3  0  0 -5 -2 -1   25  21   2   2   0   6  11   3   1   1   3   9   1   0   0   6   5   0   1   3  0.36 inf
  212 E    0  5 -2  0 -5  1  1 -2 -1 -5 -3  2 -1 -5 -4 -1  1 -5 -3 -3    7  38   1   5   0   5   8   2   1   0   3  14   1   0   0   4  10   0   1   1  0.64 inf
  213 A    6 -5 -5 -5 -3 -4 -5 -3 -5  2  0 -4 -2 -4 -5 -2 -3 -6 -2  2   61   0   0   0   0   0   0   1   0  13   9   0   0   0   0   1   0   0   2  11  1.05 inf
  214 K    2  5 -3 -4 -5  0 -3 -3 -2 -4 -3  4  0 -5 -4 -2 -2  0 -3 -2   20  33   1   0   0   4   0   2   1   0   2  27   2   0   0   1   1   1   1   3  0.82 inf
  215 R    2  3 -1  1 -4  0  4 -2 -2 -4 -4  1 -3 -5 -3  0 -1 -5 -4 -3   22  14   2   8   0   3  28   3   1   0   1   8   0   0   0   4   4   0   0   0  0.52 inf
  216 L   -1 -3 -5 -4 -2 -3 -2 -6 -1  1  5 -4  0  1 -5 -3 -2 -4  2 -1    6   1   0   1   0   1   2   0   2   8  58   0   2   4   0   1   2   0   8   2  0.75 inf
  217 A    6 -4 -4 -5 -3 -4 -3 -2 -5 -1  0 -3 -3 -5 -4  1 -1 -5 -5 -2   73   0   0   0   0   0   1   1   0   3   8   0   0   0   0   9   2   0   0   1  1.12 inf
  218 G    0 -4 -2 -1 -5 -4 -4  7 -5 -6 -6 -4 -5 -6 -5 -2 -4 -5 -6 -6    7   0   1   3   0   0   0  87   0   0   0   0   0   0   0   1   0   0   0   0  1.89 inf
  219 L   -3 -4 -5 -5 -3 -4 -5 -5 -5  3  5 -4  1 -2 -5 -4 -3 -4 -3  3    0   0   0   0   0   0   0   0   0  16  63   0   1   0   0   0   0   0   0  20  0.94 inf

                      K         Lambda
Standard Ungapped    0.1402     0.3231
Standard Gapped      0.0534     0.2670
PSI Ungapped         0.1742     0.3139
PSI Gapped           0.0534     0.2670
