
Last position-specific scoring matrix computed, weighted observed percentages rounded down, information per position, and relative weight of gapless real matches to pseudocounts
           A  R  N  D  C  Q  E  G  H  I  L  K  M  F  P  S  T  W  Y  V   A   R   N   D   C   Q   E   G   H   I   L   K   M   F   P   S   T   W   Y   V
    1 S    2 -2  2 -1 -2 -1 -1 -2 -2 -2 -3 -1 -2 -3 -2  3  4 -4 -3 -2   17   0  10   0   0   0   0   0   0   0   0   0   0   0   0  34  40   0   0   0  0.53 inf
    2 S    0 -1  2  1 -2  3  0 -1  2 -2 -2  0 -1 -3  0  2  1 -3 -1 -2    6   0  14   6   1  23   3   2   5   1   2   1   1   1   3  24   6   0   1   2  0.28 inf
    3 R   -3  8 -2 -4 -3 -1 -2 -4 -2 -5 -4  1 -3 -5 -3 -2 -3 -5 -4 -5    0  95   1   0   1   0   0   0   0   0   0   2   0   0   1   1   0   0   0   0  1.84 inf
    4 V   -2  0 -2 -3 -2 -1 -1 -4 -3  2 -2  4 -1 -3 -3 -1  0 -4 -2  3    0   2   0   0   1   0   1   0   0  13   0  44   1   0   0   2   7   0   1  30  0.48 inf
    5 I   -3 -5 -5 -5 -3 -5 -5 -6 -5  7  0 -5 -1 -1 -5 -4 -2 -4 -3  3    0   0   0   0   0   0   0   0   0  78   0   0   0   2   0   0   0   0   0  20  1.26 inf
    6 V    1 -4 -4 -4 -2 -4 -4 -4 -4  5  2 -4  0 -1 -4 -3 -2 -4 -3  3   15   0   0   0   0   0   0   0   0  55  13   0   1   1   0   0   1   0   0  15  0.68 inf
    7 H   -3 -3 -2 -4 -5  0 -3 -5 10 -4  1 -3 -3 -3 -5 -3 -4 -5 -1 -4    2   0   0   0   0   4   0   0  78   0  16   0   0   0   0   0   0   0   0   0  1.98 inf
    8 V   -2 -4 -4 -4  1 -4 -4 -5 -4  4  1 -4  0  3 -2 -3 -2 -3 -1  4    2   0   0   0   3   0   0   0   0  32   9   0   1  13   2   0   1   0   0  38  0.60 inf
    9 D   -4 -4 -1  8 -6 -3 -1 -4 -4 -6 -6 -3 -6 -6 -4 -3 -4 -7 -6 -6    0   0   0 100   0   0   0   0   0   0   0   0   0   0   0   0   0   0   0   0  2.31 inf
   10 L   -3 -4 -5 -5  4 -3 -5 -5 -3  0  1 -4  9 -2 -5 -4 -3 -3  3  0    1   0   0   0   9   0   0   0   0   2   9   0  63   0   0   0   0   0  13   4  1.41 inf
   11 D   -4 -4 -1  8 -6 -3 -1 -4 -4 -6 -6 -3 -6 -6 -4 -3 -4 -7 -6 -6    0   0   0 100   0   0   0   0   0   0   0   0   0   0   0   0   0   0   0   0  2.31 inf
   12 C    4 -5 -4 -5  9 -4 -4 -3 -4 -3 -4 -4 -3 -4 -4 -2 -3 -4  0 -3   36   0   0   0  57   0   0   0   0   0   0   0   0   0   0   0   0   0   4   0  1.78 inf
   13 F   -5 -5 -5 -6 -5 -5 -5 -5 -3 -3 -2 -5 -2  9 -6 -5 -4 -1  2 -3    0   0   0   0   0   0   0   0   0   0   0   0   0  94   0   0   0   0   3   0  2.29 inf
   14 Y   -4 -5 -5 -6 -5 -4 -5 -6 -1 -3 -3 -5  0  5 -6 -4 -4 -1  9 -4    0   0   0   0   0   0   0   0   0   0   0   0   3  25   0   0   0   0  72   0  2.10 inf
   15 A    6 -4 -4 -4  3 -3 -4 -3 -4 -2 -3 -3 -1 -4 -2 -1 -2 -5 -4  1   78   0   0   0   6   0   0   0   0   1   0   0   2   0   1   0   0   0   0  12  1.16 inf
   16 Q    2 -2 -2 -3 -4  6 -1 -3 -3 -5 -5 -2 -3 -5 -3  4 -2 -5 -4 -4   19   0   0   0   0  43   0   0   0   0   0   0   0   0   0  39   0   0   0   0  1.09 inf
   17 V   -3 -5 -5 -6  0 -5 -5 -6 -6  2 -1 -5 -2 -3 -5 -3 -3 -5 -4  7    0   0   0   0   2   0   0   0   0  10   1   0   0   0   0   2   0   0   0  85  1.46 inf
   18 E   -2 -3 -3 -1 -2 -1  7 -5 -3 -2 -3 -2 -2  2 -4 -3 -3 -5 -1 -3    2   0   0   0   1   0  81   0   0   2   2   0   1   9   0   0   0   0   2   1  1.42 inf
   19 M   -3 -2 -3 -3 -5  6  3 -5 -3 -1 -2 -1  6 -4 -4 -3 -1 -5 -4 -2    1   0   0   0   0  42  22   0   0   3   2   1  23   0   0   0   3   0   0   2  1.10 inf
   20 I   -1  6  0 -4 -5  0 -3 -4  0  1  0  1  1 -4 -4 -2 -2 -5 -4 -1    4  53   6   0   0   2   0   0   2   9   9   5   4   0   0   1   1   0   0   4  0.78 inf
   21 S   -3  2 -1  6 -3  1  2 -4  0 -4 -1  1 -2 -3 -4 -1 -2 -5 -4 -4    1  11   1  49   1   5  10   0   2   0   8   7   1   1   0   3   1   0   0   0  0.79 inf
   22 N   -3  0  6  3 -2  2 -1 -3  4 -5 -5  0 -4  0 -4 -2 -2 -5 -2 -5    1   4  44  19   1   9   1   0   9   0   0   4   0   5   0   1   1   0   1   0  0.93 inf
   23 P   -3 -5 -5 -5 -6 -2 -4 -4 -2 -6 -5 -3 -6 -7  9 -3 -4 -7 -6 -6    1   0   0   0   0   2   0   1   1   0   1   1   0   0  91   1   0   0   0   0  2.74 inf
   24 E    1  0 -1  0 -2  1  4 -2  2 -3 -3  0 -3 -3 -3  2 -1  0 -2 -3   12   4   1   4   1   4  36   2   5   1   1   3   0   1   0  20   3   1   1   1  0.46 inf
   25 L   -4 -5 -3 -6 -4 -5 -5 -6 -1 -1  6 -5  0  0 -6 -5 -4  1  1 -2    0   0   2   0   0   0   0   0   2   1  86   0   1   2   0   0   0   2   4   0  1.37 inf
   26 K    0  6 -1 -3 -2  0 -1 -4 -3 -3 -4  5 -2 -5 -4 -2 -2 -5 -4 -3    7  44   2   0   1   2   3   0   0   1   1  34   1   0   0   1   2   0   0   1  1.00 inf
   27 D   -2 -3  2  1 -2 -2 -2  6  0 -4 -4 -2 -4 -5 -4  1 -1 -5 -5 -5    1   1   9  10   1   2   1  57   2   1   1   1   0   0   0  11   2   0   0   0  0.94 inf
   28 K   -3  2 -3 -4 -2  0 -2 -4  0 -1  1  6 -1 -2 -4 -2 -2 -5 -2 -1    0  10   0   0   1   3   0   0   2   4  14  59   1   2   0   1   1   0   1   4  0.84 inf
   29 P    0 -6 -5 -5  1 -5 -5 -5 -6 -6 -6 -4 -6 -7  8 -4 -4 -7 -6 -6    8   0   0   0   3   0   0   0   0   0   0   0   0   0  89   0   0   0   0   0  2.74 inf
   30 L   -2 -4 -5 -5  3 -4 -5 -5 -5  3  4 -4  1 -1 -4 -3 -1 -4 -3  3    2   0   0   0   8   0   0   0   0  16  41   0   3   2   0   1   2   0   0  26  0.70 inf
   31 G    5 -5 -5 -5 -2 -4 -5  4 -5  1 -4 -4 -4 -5 -5 -3 -4 -6 -5  1   56   0   0   0   1   0   0  26   0   7   0   0   0   0   0   0   0   0   0   9  1.16 inf
   32 V   -4 -6 -6 -7 -4 -6 -6 -7 -7  4 -3 -3 -3 -4 -6 -5 -4 -6 -5  7    0   0   0   0   0   0   0   0   0  18   0   2   0   0   0   0   0   0   0  78  1.86 inf
   33 Q   -2 -1 -3 -4 -4  4 -3  5 -4 -3 -4  0  0 -5 -5 -3 -3 -5 -5  2    2   3   0   0   0  23   1  43   0   1   0   6   2   0   0   1   1   0   0  16  0.91 inf
   34 Q   -3  1 -4 -4 -6  7 -2  3  0 -6 -6 -2 -4 -6 -3 -1 -4 -1 -5 -3    1   7   0   0   0  54   0  26   2   0   0   0   0   0   1   4   0   1   0   2  1.38 inf
   35 K   -3  6 -4 -4 -6 -2 -3 -2 -2 -5 -5  5  1 -4 -4 -2 -4 -4  5 -5    1  38   0   0   0   0   0   3   0   0   0  33   3   0   0   2   0   0  18   0  1.24 inf
   36 Y   -2 -4  2 -3 -4  2 -4  6 -1 -6 -6 -4 -5  0 -5  0 -4 -5  2 -6    1   0  10   1   0   8   0  57   1   0   0   0   0   4   0   8   0   0   7   0  1.13 inf
   37 L   -1 -5 -4 -5 -1 -4 -5  2 -4  4  1 -4  1 -2 -3 -3 -3 -5 -4  4    3   0   1   0   1   0   0  18   0  22   9   0   4   1   1   1   0   0   0  38  0.71 inf
   38 V   -4  0 -6 -6 -2 -2 -5 -6 -6  4  2 -5 -2 -3 -6 -5 -3 -6 -4  5    0   5   0   0   1   2   0   0   0  27  15   0   0   0   0   0   0   0   0  50  1.16 inf
   39 V    3 -5 -4 -5  2 -4 -4 -3 -5  3 -3 -4 -3 -4 -4  2 -1 -5 -4  4   28   0   0   0   4   0   0   1   0  18   0   0   0   0   0  16   3   0   0  30  0.73 inf
   40 T    4 -5 -3 -5 -4 -4 -5 -5 -5 -5 -5 -4 -4 -2 -5 -2  7 -6 -5 -3   34   0   1   0   0   0   0   0   0   0   0   0   0   2   0   1  61   0   0   1  1.58 inf
   41 C    4 -6 -5 -6  9 -5 -6 -5 -6 -4 -4 -5 -4 -6 -5  1 -3 -6 -5  3   30   0   0   0  41   0   0   0   0   0   0   0   0   0   0  10   1   0   0  19  1.65 inf
   42 N   -4 -4  7 -1 -6 -4 -4 -2 -4 -7 -7 -4 -6 -7 -5  5 -2 -7 -6 -6    0   0  55   2   0   0   0   2   0   0   0   0   0   0   0  40   1   0   0   0  1.82 inf
   43 Y   -7 -7 -7 -8 -7 -6 -7 -8 -3 -2 -6 -7 -6 -1 -8 -7 -6 -2 10 -6    0   0   0   0   0   0   0   0   0   3   0   0   0   0   0   0   0   0  97   0  3.48 inf
   44 E   -4 -3 -1 -2 -6 -2  7 -6  1 -2 -3 -2 -5 -5  1 -3 -2 -6 -5  1    0   0   3   0   0   0  67   0   3   3   2   1   0   0   7   0   2   0   0  11  1.31 inf
   45 A    7 -6 -6 -6  0 -5 -5 -4 -6 -5 -6 -5 -5 -6 -5 -3 -4 -7 -6 -4   97   0   0   0   2   0   0   0   0   0   0   0   0   0   0   0   0   0   0   0  2.25 inf
   46 R   -6  9 -5 -6 -8 -3 -5 -3 -5 -8 -7 -2 -6 -7 -7 -5 -6 -7 -6 -7    0  98   0   0   0   0   0   2   0   0   0   0   0   0   0   0   0   0   0   0  2.90 inf
   47 K    2  3 -2 -2 -5  1  1 -3 -3 -4 -5  5 -4 -5 -3 -1 -3 -5 -1 -2   21  19   1   2   0   4  10   1   0   0   0  34   0   0   1   3   1   0   2   2  0.70 inf
   48 L   -5  3 -5 -6  0 -3 -4 -6  0 -4  1 -1 -1  7 -6 -4 -5 -2  5 -4    0  14   0   0   2   1   1   0   2   0  11   3   1  42   0   1   0   0  21   0  1.25 inf
   49 G   -4 -7 -3 -5  0 -6 -6  8 -6 -8 -8 -6 -7 -7 -6 -4 -6 -7 -7 -7    0   0   1   0   2   0   0  97   0   0   0   0   0   0   0   0   0   0   0   0  2.60 inf
   50 V   -4 -6 -7 -7 -5 -6 -6 -7 -7  3  1 -6 -3 -4 -6 -6 -4 -6 -5  7    0   0   0   0   0   0   0   0   0  13  11   0   0   0   0   0   0   0   0  76  1.76 inf
   51 K   -4  5 -2 -4 -6 -2 -3 -4  6 -6 -5  3 -4 -5 -3 -2  2 -6 -1 -5    0  34   1   0   0   1   0   1  21   0   1  21   0   0   1   2  15   0   2   0  1.14 inf
   52 K   -1  3 -3 -4 -5 -2 -3 -4 -4 -6 -6  5 -5 -2 -4  5 -3 -6 -5 -5    3  17   0   0   0   0   0   0   0   0   0  35   0   2   0  43   0   0   0   0  1.21 inf
   53 L    5 -4  0 -5  2 -2 -4 -3  1 -1  3 -4  0 -4 -4  0 -3 -5 -3 -3   46   0   4   0   5   1   0   1   4   2  28   0   2   0   0   7   0   0   0   0  0.72 inf
   54 M   -6 -6 -7 -7 -6  2 -6 -7 -6 -1 -2 -6 11 -5 -7 -5 -5 -6 -6 -3    0   0   0   0   0  10   0   0   0   3   1   0  84   0   0   0   0   0   0   1  3.07 inf
   55 N    0  2  0 -4 -5 -3 -4 -3 -4 -4  1 -2 -2 -2  5  3 -2  4 -2 -4    6  13   4   0   0   0   0   1   0   0  16   1   0   1  27  22   1   6   1   0  0.69 inf
   56 V    1 -4 -3 -4  0 -4 -4  3 -4  3 -1 -4  2 -4 -4  2  0 -5 -4  2   10   0   0   0   2   0   0  21   0  17   3   0   7   0   0  15   6   0   0  17  0.46 inf
   57 R    2  1 -1  2 -3  1 -1 -1 -1 -2 -3  2 -2  0 -2  1  1 -4 -2  0   17   9   1  13   0   6   2   4   1   1   1  14   0   4   1   8   8   0   1   8  0.20 inf
   58 D   -3  0 -2  4 -5  2  4 -5  0  0 -2 -1  1 -5 -4 -2  1 -5 -3 -3    1   6   0  22   0  10  33   0   3   5   4   2   4   0   0   1   8   0   1   1  0.67 inf
   59 A    7 -6 -6 -6 -5 -5 -5 -4 -6 -6 -6 -5 -5 -7 -5 -2 -4 -7 -6 -5   98   0   0   0   0   0   0   0   0   0   0   0   0   0   0   2   0   0   0   0  2.32 inf
   60 K   -2  3 -3 -4 -6  1 -2 -5 -1 -2  1  6 -2 -3 -5 -3 -3 -5  0 -3    4  14   0   0   0   4   1   0   1   2  16  51   0   1   0   0   1   0   3   1  0.94 inf
   61 E   -2  5 -3 -3 -6  2  3 -4 -2 -4 -5  5 -3 -6 -4 -2 -3 -6 -5 -5    4  33   1   0   0   8  17   0   1   1   1  32   1   0   0   1   1   0   0   0  1.06 inf
   62 K   -2  2 -3 -5 -1 -2 -4 -5 -4  2  4  3  0 -3 -5 -4 -3 -5 -3  0    3   9   1   0   1   1   0   0   0   9  44  23   2   0   0   0   1   0   0   6  0.67 inf
   63 C   -3 -8 -8 -8 12 -8 -8 -7 -8 -6 -6 -8 -6 -7 -8 -6 -6 -7 -7 -4    2   0   0   0  97   0   0   0   0   0   0   0   0   0   0   0   0   0   0   1  4.27 inf
   64 P   -4 -7 -7 -6 -7 -5 -6 -7 -7 -7 -7 -4 -7 -8  9 -3 -6 -8 -7 -7    1   0   0   0   0   0   0   0   0   0   0   1   0   0  96   2   0   0   0   0  3.24 inf
   65 Q   -4 -3  2  5 -6  4  3 -1  4 -6 -6 -2 -5 -6 -5 -2 -3 -6 -4 -5    1   1   8  37   0  19  15   5  10   0   0   1   0   0   0   2   0   0   0   0  1.08 inf
   66 L    1 -5 -6 -6 -2 -5 -6 -3 -6  2  5 -5 -1 -3 -6 -5 -4 -5 -4  1   12   0   0   0   1   0   0   2   0  11  64   0   0   0   0   0   0   0   0  10  1.11 inf
   67 V   -1 -3 -1 -5 -4 -1 -3 -5 -1  4  1 -2 -2 -3 -3 -3  0 -5 -2  5    4   1   3   0   0   4   1   0   2  24   9   2   0   0   1   0   6   0   1  42  0.71 inf
   68 L   -5 -5 -6 -7 -4 -6 -6 -7 -5  4  4 -6 -1  5 -6 -5 -3 -4  1  0    0   0   0   0   0   0   0   0   0  21  44   0   0  25   0   0   1   0   4   4  1.15 inf
   69 V    0 -5 -6 -6 -2 -5 -4 -6 -6  2  0 -4 -1 -3 -6 -5 -2 -6 -3  6    9   0   0   0   1   0   1   0   0   9   9   1   1   0   0   0   1   0   1  68  1.33 inf
   70 N   -2  2  3  0 -4  2 -1 -3 -1 -3  0  2 -3 -3  3  0 -1 -4 -3 -2    2  11  16   6   0  11   3   0   1   0  10  12   0   1  16   6   2   0   0   2  0.39 inf
   71 G   -3 -4 -4 -3 -5 -4 -4  5 -2 -5 -7  3 -6 -7  5 -3 -4 -6 -6 -5    1   0   0   1   0   0   0  46   1   0   0  18   0   0  30   1   1   0   0   0  1.41 inf
   72 E    2  5 -3 -2 -4 -2  5 -4 -3 -4 -3 -1 -4 -5 -2 -2 -1 -4 -4 -3   19  30   0   1   0   0  35   1   0   0   2   2   0   0   1   2   3   0   0   2  0.85 inf
   73 D   -3 -2  3  7 -3 -1 -1 -2 -1 -3 -3 -2 -3 -3 -2 -2 -2 -3 -3 -3    2   2  15  55   1   2   3   2   2   1   3   2   1   1   1   2   2   0   1   2  1.09 inf
   74 L   -5 -5 -6 -7 -5 -5 -6 -6 -2  0  5 -6  4  6 -6 -5 -1 -4  0 -2    0   0   0   0   0   0   0   0   1   3  49   0   9  31   0   0   3   0   2   1  1.29 inf
   75 T    0 -4  0  3 -5 -1  2 -3  0 -5 -5 -2 -4 -5 -2  1  5 -6 -4 -4    8   0   4  16   0   2  14   2   2   0   0   1   0   0   2  11  38   0   0   0  0.73 inf
   76 R    0  4 -1 -3 -5 -2 -2 -4  1 -2 -2  4 -3 -4  2 -2 -2 -5 -3  1    9  28   3   1   0   0   1   1   3   1   3  23   0   0  10   1   1   0   1  12  0.56 inf
   77 Y   -7 -7 -7 -8 -7 -6 -7 -8 -3 -6 -6 -7 -6  4 -8 -6 -7 -3 10 -6    0   0   0   0   0   0   0   0   0   0   0   0   0  16   0   0   0   0  83   0  3.16 inf
   78 R   -5  8 -5 -6 -8 -1 -4 -4 -4 -7 -6  3 -6 -7 -6 -4 -4 -7 -6 -4    0  75   0   0   0   2   0   1   0   0   0  19   0   0   0   1   1   0   0   1  2.15 inf
   79 E    1 -2  1  4 -5  1  5 -4  0 -5 -4  0 -3 -6 -4 -1 -1 -6 -3 -4   13   1   6  19   0   6  39   0   2   0   2   4   0   0   0   4   3   0   1   0  0.79 inf
   80 M    4 -5 -4 -5 -4 -4 -4 -4 -5  1 -2 -5  5 -3 -5 -3 -1 -5 -1  4   37   0   0   0   0   0   0   0   0   8   1   0  15   1   0   0   3   0   2  31  0.96 inf
   81 S   -3 -5 -4 -5 -5 -5 -5  2 -5 -7 -7 -4 -6 -7 -4  7 -3 -7 -6 -6    1   0   0   0   0   0   0  12   0   0   0   0   0   0   0  86   0   0   0   0  2.06 inf
   82 Y    1  3 -1 -2 -4  2  0 -2  0 -3 -3  3 -1 -2 -4  0 -1 -2  3  0   11  14   2   2   0   9   4   3   1   0   1  24   1   1   0   6   3   0  11   6  0.36 inf
   83 K   -3  1 -3 -1 -6  5  4 -4  0 -2 -4  3 -3 -6 -4 -2 -1 -6 -5 -3    1   6   1   2   0  26  30   1   2   3   1  19   0   0   0   2   4   0   0   2  0.82 inf
   84 V   -4 -6 -6 -6 -4 -5 -6 -6 -6  6  2 -6 -2 -4 -5 -5 -3 -6 -4  5    1   0   0   0   0   0   0   0   0  40  16   0   0   0   0   0   1   0   0  41  1.35 inf
   85 T   -3  4 -2 -4 -4  0 -3 -5  3  0 -1 -2  5  2 -5 -2  1 -3  3 -1    2  24   1   0   0   3   0   0   9   6   3   0  14  10   0   2   9   0  12   5  0.59 inf
   86 E    2 -1  0  1 -3  1  4  0 -1 -5 -3  0 -4 -5 -3  1 -1 -5 -4 -4   17   2   5   8   0   6  34   6   2   0   3   4   0   0   0   8   3   0   0   0  0.50 inf
   87 L   -3 -6 -6 -6 -4 -5 -6 -6 -5  6  2 -5 -1  3 -6 -5 -3 -5  0  3    1   0   0   0   0   0   0   0   0  46  15   0   0  12   0   0   1   0   2  21  1.17 inf
   88 L   -4 -6 -6 -7 -5 -5 -6 -6 -5  1  4 -6  4  6 -6 -5 -5 -4  0 -2    1   0   0   0   0   0   0   0   0   6  43   0   9  36   0   0   0   0   3   1  1.36 inf
   89 E    0  4 -2 -3 -1  1  1 -2  3 -4 -1  2 -1 -2 -4  2 -2 -4  0 -4    8  21   0   0   1   7   7   2   9   0   8  11   1   2   0  17   2   0   3   0  0.36 inf
   90 E   -2  4 -1  2 -3  1  3 -1  0 -5 -5  1 -4 -5 -4  2  0 -5 -4 -4    3  22   2  10   0   6  22   4   2   0   0   8   0   0   0  16   5   0   0   0  0.56 inf
   91 F   -5 -4 -5 -6 -5 -5 -5 -6  4 -3 -2 -5 -3  6 -6 -5 -5  3  7 -2    0   1   0   0   0   0   0   0   8   1   4   0   0  37   0   0   0   4  39   3  1.76 inf
   92 S    0 -3 -3 -1  3 -4 -4  0 -5 -5 -5 -1 -4 -5 -4  3  6 -6 -5 -4    8   1   0   4   7   0   0   8   0   0   0   3   0   0   0  24  45   0   0   0  0.99 inf
   93 P   -2 -3  1  4 -1 -2  1  1 -1 -4 -4 -2 -4 -5  5 -1 -2 -2 -4 -4    2   1   6  27   2   1   7  12   2   1   1   2   0   0  28   5   1   1   0   1  0.76 inf
   94 V   -2  2  0 -3  0 -1 -3 -5 -1  1  4  1  0 -2 -3 -3 -2 -3 -3  2    2  11   5   1   2   2   0   0   2   6  39  11   2   1   1   1   1   0   0  14  0.41 inf
   95 V    0 -6 -6 -6  3 -5 -6 -6 -6  5 -2 -6 -2  0 -6 -5 -4 -6 -4  6    6   0   0   0   6   0   0   0   0  28   2   0   1   4   0   0   0   0   0  52  1.31 inf
   96 E   -5 -4 -5 -3 -2 -1  8 -6 -3 -7 -7 -4  0 -7 -5 -5 -5 -7 -6 -7    0   0   0   0   1   2  92   0   1   0   0   0   3   0   0   0   0   0   0   0  2.46 inf
   97 R   -5  6 -5 -5 -7 -3 -4 -4 -5 -7 -6  1 -3 -7  6 -5 -5 -7 -6 -6    0  45   0   0   0   0   0   1   0   0   0   8   1   0  43   0   0   0   0   0  1.90 inf
   98 L    2 -4 -6 -6 -4 -5 -6 -4 -6 -1  6 -5  2 -3 -6 -4 -4 -5 -5 -2   18   1   0   0   0   0   0   1   0   1  70   0   5   0   0   0   0   0   0   2  1.29 inf
   99 G   -2 -5 -4 -4 -5 -4 -5  5 -5 -6 -7 -4 -6 -6 -5  6 -3 -6 -6 -6    1   0   0   0   0   0   0  36   0   0   0   0   0   0   0  61   0   0   0   0  1.68 inf
  100 F   -5 -6 -6 -6 -5 -6 -6 -6 -5  3  4 -6  0  5 -6 -5 -4 -4 -2  0    0   0   0   0   0   0   0   0   0  18  47   0   1  27   0   0   0   0   0   5  1.25 inf
  101 D   -6 -6 -3  9 -8 -5 -3 -6 -6 -7 -8 -5 -7 -8 -6 -5 -6 -8 -7 -7    0   0   0  98   0   0   0   0   0   0   0   0   0   0   0   0   0   0   0   0  3.02 inf
  102 E   -5 -5 -5 -1 -8 -3  8 -6 -5 -7 -7 -4 -6 -7 -6 -5 -5 -7 -6 -7    0   0   0   2   0   0  96   0   0   0   0   0   0   0   0   0   0   0   0   0  2.66 inf
  103 N    6 -5  3 -5 -2 -4 -4 -3 -5 -3 -3 -4 -4 -5 -5 -3 -3 -6 -4  3   59   0  17   0   1   0   0   1   0   0   2   0   0   0   0   0   0   0   1  19  1.21 inf
  104 F   -5 -6 -6 -7 -3 -6 -6 -7 -3 -5 -5 -6 -5  7 -7 -5 -6  2  8 -5    1   0   0   0   1   0   0   0   0   0   0   0   0  42   0   1   0   2  53   0  2.50 inf
  105 V   -4 -5 -6 -7 -5 -5 -6 -7 -6  1  5 -6  4 -3 -6 -5 -4 -5 -4  2    0   0   0   0   0   0   0   0   0   7  66   0  11   0   0   0   0   0   0  14  1.38 inf
  106 D   -6 -6 -1  8 -7 -5 -2 -6 -5 -7 -8 -5 -7 -7 -6 -5 -5 -8 -7 -7    0   0   2  95   0   0   1   0   0   0   0   0   0   0   0   0   0   0   0   0  2.88 inf
  107 L   -3 -6 -6 -7 -2 -6 -6 -7 -6  3  2 -6 -1 -3 -6 -5 -4 -6 -5  6    1   0   0   0   1   0   0   0   0  11  20   0   1   1   0   0   0   0   0  65  1.48 inf
  108 T   -3 -5 -4 -5 -5 -5 -4 -5 -6 -5 -5 -5 -5 -6 -5  2  8 -6 -6 -4    1   0   0   0   0   0   1   0   0   0   0   0   0   0   0  13  83   0   0   0  2.15 inf
  109 E    0 -2 -1  5 -4 -1  4 -1  0 -4 -4 -1 -4 -4 -3  1 -2 -4 -4 -2    9   2   2  30   0   2  29   3   2   1   1   2   0   0   1  11   1   0   0   2  0.68 inf
  110 M    1 -2 -1 -2 -1 -1 -1 -1  1  2  1 -2  4 -1 -1  0 -1 -2 -2  1   14   2   2   2   1   2   5   3   4  14  10   2  16   1   3   7   3   0   1   8  0.17 inf
  111 V    0 -2 -2 -2 -1 -2 -2 -2 -2  3  0 -2 -1 -2 -1 -1 -1 -2 -2  5    9   2   2   2   1   1   2   3   1  15   7   2   1   1   3   3   4   0   1  41  0.43 inf
  112 E   -1  0  1  2 -1  2  3 -2  1 -2 -2  0 -1 -2 -1  0 -1 -2 -2 -2    5   6   6  14   1  11  23   3   4   2   4   5   1   1   2   4   4   0   1   2  0.28 inf
  113 K   -1  0 -1  0 -1  0  2 -1  1 -2 -2  3 -2 -1 -1 -1 -1 -1  4 -2    5   3   2   4   2   3  15   4   4   2   4  21   1   2   3   4   4   1  16   2  0.26 inf
  114 R   -1  5  4 -1 -2  0 -1 -2  0 -2 -2  1  1 -2 -2 -1 -2 -2 -1 -2    4  32  19   3   1   4   2   3   2   2   4   6   5   1   2   3   2   0   3   2  0.47 inf
  115 L   -1 -2 -2 -2 -2  0 -2 -2 -2  1  4 -2  3 -1 -2 -2 -1 -2 -2  1    4   2   2   2   1   4   2   3   1   7  44   2   7   2   2   3   4   0   1   7  0.34 inf
  116 Q    0  0  0  0 -2  3  1  0  0 -1 -1  1 -1 -1 -1  1 -1 -2 -1 -1    8   5   5   4   1  16  11   5   2   4   6   9   1   3   2  11   3   0   1   3  0.13 inf
  117 Q   -1  0  0  0  2  3  1 -1 -1 -1  0  1 -1 -1 -1  0 -1  1 -1 -1    4   2   4   3   6  15  10   4   1   3   9  11   1   2   3   7   3   3   2   6  0.11 inf
  118 L    0 -1 -1 -1 -1 -1 -1 -1 -2  0  3 -2  1  0 -1 -1  0 -1 -1  0    8   2   2   4   1   3   3   5   1   5  37   2   3   2   3   5   6   1   2   5  0.15 inf
  119 Q   -1  0  4  0 -2  3  0 -1  0 -2 -2 -1 -2 -1  2  1  0 -2 -2 -2    4   3  21   4   1  14   6   4   3   2   4   3   1   3  10   8   4   0   1   3  0.26 inf
  120 S    0  1  0  0 -1  0  0  1  0 -1 -1  0 -1 -1  2  1  0 -2 -1 -1    6  10   3   6   1   4   5  11   2   3   6   5   1   2  12  13   3   1   2   4  0.11 inf
  121 D    0 -1  2  2 -1  1  1 -1  1 -2 -2  0 -1 -1  0  1  0 -2 -1 -1    7   3  10  14   1   8  10   4   4   2   4   6   1   3   4   9   4   1   2   3  0.14 inf
  122 E    0 -1  0  3 -1  1  2 -1 -1 -2 -1 -1 -2 -1  1  1 -1 -1 -2 -1    5   3   3  16   2   6  18   5   1   3   5   3   1   3   8   9   3   1   1   4  0.18 inf
  123 L   -1 -1 -1 -2  0 -1 -1 -2 -1  1  3 -1  1  0 -1 -1 -1 -1  0  1    5   2   3   3   2   2   3   3   1   9  34   3   3   4   4   4   4   1   3   7  0.14 inf
  124 S    0 -1  1  3 -2  0  0 -1  0 -1 -2 -1 -2 -2  1  2  0 -2 -2 -1    6   2   5  18   1   4   6   5   2   5   4   3   1   2   7  21   6   1   1   3  0.19 inf
  125 A    2 -1  0  0 -1  0  0  0  0 -1  0 -1  0 -1  0  1  0 -2 -1 -1   26   3   6   4   1   3   5   4   2   2   9   3   3   2   5  10   4   1   2   4  0.10 inf
  126 V    0  0 -1 -1 -1 -1  0 -1 -1  0  0 -1  0  0  0  1  3 -2 -1  0    5   4   2   2   1   2   6   3   2   5   8   4   2   4   4   9  25   1   2   8  0.13 inf
  127 T    0  0  0 -1 -1  0  0 -1  0 -1  0  0  0  0  1  1  2 -1  0  0    7   7   4   3   1   2   5   5   2   3   7   3   2   6   5   9  16   1   3   6  0.05 inf
  128 V    0 -1 -2 -1 -1 -1 -1 -2 -2  1  0 -1  0  2  0 -1  0 -1  0  2    9   2   2   2   1   2   5   3   1   7  10   2   2  10   5   4   5   0   4  23  0.10 inf
  129 S    1 -1  0 -1  2  0  1 -1  0 -1 -1  0 -1  0 -1  2  0 -2 -1  0   16   2   4   3   4   4  11   3   2   2   6   4   1   4   2  17   3   0   2  10  0.10 inf
  130 G    0 -2 -1 -1 -3 -2 -1  5 -1 -3 -3 -2 -2 -2  0  0  0 -3 -3 -2    5   2   2   2   1   1   4  53   1   2   3   2   1   2   4   5   6   0   1   2  0.71 inf
  131 H   -1 -1  0  0  3 -1  0 -2  7 -3 -2 -2 -2  0  1  0  0 -2  2 -2    3   3   4   4   7   3   5   3  28   1   5   2   1   4   7   5   6   0   7   2  0.49 inf
  132 V    0 -2 -1 -1  2 -1 -1 -2 -2  1  0  0 -1  0  0  0  1  1 -1  3    5   2   2   3   4   1   3   2   1   9   7   5   1   3   5   5  10   2   2  27  0.13 inf
  133 Y   -1 -1 -2 -1 -2  1 -1 -2  2 -1  0 -1 -1  2 -2 -1 -1  1  5  0    4   2   1   3   1   8   4   4   5   2   7   4   1   9   2   5   3   2  24   8  0.29 inf
  134 N   -1 -2  2 -1  0 -1  0  3 -2 -3 -2  0 -1 -2  3  0 -1 -2 -2 -2    4   2  12   3   2   2   5  27   1   2   3   7   1   2  16   4   3   0   2   2  0.36 inf
  135 N    0 -1  2  1 -2  0  1 -1  0 -2 -1  0 -2 -2  2  1 -1 -2  0 -2    8   3  14   6   1   3  10   5   2   2   6   5   1   2   9  15   3   0   3   3  0.15 inf
  136 Q    0 -1  0  1 -2  1  2  0 -1 -1 -1  0 -1 -2  2  1  0  0 -2 -1    6   3   4   9   1   9  13   5   1   3   7   4   2   1   9  12   4   1   1   5  0.12 inf
  137 S    0 -1  1  1 -1  0  1  0 -1 -1 -1  0  0 -1  1  2  1 -1 -1 -1    8   3   6   8   1   3  10   6   1   3   5   3   3   4   5  17   8   1   2   3  0.09 inf
  138 I    1 -1  0  0 -1  0  0  0 -1  1  0  0  0 -1  0  0  0 -1 -1  1   11   3   5   5   1   2   8   5   1  12   7   3   2   2   4   7   8   1   1  11  0.03 inf
  139 N    0  0  2  2 -1  1  1  0  0 -2 -2  0 -1 -2  1  0  0 -1 -2 -1    6   4  14  16   2   5  11   5   2   3   4   4   1   2   5   6   4   1   1   4  0.16 inf
  140 L    0 -1  0 -1  3  0 -1  0 -1  0  1  0  0  0  0  0  0  2 -1  0    5   3   5   4   8   4   4   6   1   4  20   5   2   4   5   5   5   3   1   6  0.04 inf
  141 L    0  0  1  1  0  0  1 -1  1 -1  0  0  0 -1  0  0  0 -1 -1  0    8   3   6  10   2   4   8   3   5   3  10   5   2   3   5   9   7   1   2   6  0.05 inf
  142 D   -1 -1  2  4  3 -1  0 -1 -1 -2 -2 -1 -2 -2 -1  1  0 -2 -1 -1    5   2   9  26   7   2   6   4   2   2   5   3   1   2   3   9   5   1   2   3  0.26 inf
  143 V    0 -1  0  0  0  0  0  1 -1  0 -1  0 -1 -1  1  1  0  1 -1  0    6   3   5   5   2   5   8  10   1   7   5   5   2   2   8  13   5   2   2   6  0.06 inf
  144 L   -1 -1  2  0  3  0  0 -1 -1 -1  1  0  0 -2  1  0  0 -2 -1 -1    5   3  12   5   9   4   7   3   1   3  18   4   2   1   8   5   4   0   2   3  0.11 inf
  145 H    0  1  0  2 -2  0  1 -1  4 -2 -1  2 -1 -1 -2 -1  0 -2  2 -2    6   7   3  11   1   3  11   4  13   2   5  13   1   2   2   4   4   0   7   3  0.19 inf
  146 I   -1  1 -1 -1 -2  1 -1 -2  0  1  1  1  1 -1 -1 -1  0 -1 -1  1    5  10   2   2   1   9   3   3   2   7  19  10   3   1   3   3   6   1   1   9  0.07 inf
  147 R   -2  5  0 -2  1  1 -1  1  0 -3 -1  0 -2  0 -2 -1 -2 -3 -2 -2    3  37   5   2   3   8   3  10   2   1   8   4   1   4   1   2   2   0   1   3  0.43 inf
  148 L   -2 -2 -3 -2 -2 -1 -2 -2  0  2  5 -1  1 -1 -2 -2 -2 -2 -2 -1    2   2   1   2   1   2   2   4   2   9  54   3   3   1   2   2   2   0   1   2  0.53 inf
  149 L    2 -1 -2 -2 -2 -1 -1  1 -2  1  1 -1  0 -1  1 -1  1 -2 -2  0   21   4   1   1   0   2   3  11   1   8  16   4   2   1   7   3  11   0   1   4  0.12 inf
  150 V   -1 -2 -2 -3  2 -2 -2 -3 -2  2  2 -2  1 -1 -3  2 -1 -3  0  2    2   1   2   1   5   1   2   1   1  10  23   1   3   2   1  18   3   0   3  19  0.27 inf
  151 G    5 -5 -4 -5 -5 -2 -5  5 -5 -5 -6 -4 -5 -6 -5 -3 -4 -6 -6 -4   57   0   0   0   0   2   0  39   0   0   0   0   0   0   0   0   0   0   0   1  1.52 inf
  152 S    2 -3 -3 -3 -4 -3 -1 -2 -4 -2 -3 -3 -3 -5 -3  4  5 -4 -5 -1   14   1   0   0   0   0   4   3   0   2   1   0   0   0   0  35  33   0   0   4  0.83 inf
  153 Q   -1  1 -2 -1 -2  2  0 -4  5  0  1 -1 -1 -2 -4 -2 -1  2 -1  0    4   9   0   4   1  10   7   0  19   5  18   3   1   1   0   2   3   3   1   8  0.32 inf
  154 I   -4 -6 -7 -7 -5 -6 -7 -5 -7  7  3 -6  3 -1 -6 -6 -3 -6 -5  1    1   0   0   0   0   0   0   1   0  60  21   0   7   2   0   0   1   0   0   7  1.48 inf
  155 A    6 -4 -6 -6 -2 -4 -5 -3 -6 -3 -3 -4 -2 -6 -5 -3 -3 -7 -6  3   76   1   0   0   1   1   0   1   0   0   2   1   1   0   0   0   0   0   0  17  1.57 inf
  156 A    1  2  1 -2 -3  4  3 -2  0 -4 -2  2 -2 -2 -3 -1 -2 -2 -1 -3   14  10   6   1   1  18  22   2   2   0   4  10   1   1   0   3   1   0   2   1  0.42 inf
  157 E   -1 -2 -3  1 -5  1  6 -4  3 -4 -3 -1 -3 -1 -5 -2 -2  0  3 -4    5   2   0   7   0   5  49   1   6   0   3   3   1   2   0   2   2   1  10   1  0.86 inf
  158 M   -5 -6 -7 -7 -5 -6 -7 -7 -6  7  3 -6  6 -1 -7 -6 -3 -6 -5 -1    0   0   0   0   0   0   0   0   0  55  22   0  19   2   0   0   1   0   0   1  1.62 inf
  159 R   -6  8 -5 -6 -8  0 -4 -7 -5 -7 -4  2 -6 -7 -7 -5 -6 -7 -6 -7    0  87   0   0   0   3   0   0   0   0   1   8   0   0   0   0   0   0   0   0  2.55 inf
  160 E    2  1 -1  0 -2  3  2 -2  1 -3 -1  0  0 -1 -3 -1  0 -4 -2 -2   24   9   2   4   1  13  15   2   3   0   6   5   2   3   0   3   4   0   1   2  0.26 inf
  161 A    2  4 -2  1 -1  2  1 -3 -3 -4 -2  2 -3 -5 -4 -2 -1 -5 -4 -3   22  29   0   7   1  11   7   0   0   0   3  11   0   0   0   2   4   0   0   1  0.58 inf
  162 M   -4 -6 -6 -6 -2 -6 -6 -7 -1  7  2 -6  3 -4 -6 -5 -3 -6 -5  3    0   0   0   0   1   0   0   0   2  56  15   0   7   0   0   0   1   0   0  18  1.42 inf
  163 Y   -2  1 -3 -1 -4 -1  4 -4  2 -4  0  1 -3  3 -4 -2 -3  3  3 -3    2   9   0   2   0   2  26   1   5   0  10   8   0  13   0   3   0   5  12   1  0.51 inf
  164 N    0  2  2  2 -2  3  4 -3  0 -4 -3  1 -4 -5 -4  0 -1 -5 -2 -4   10  10  12   9   1  13  25   0   2   0   2   7   0   0   0   6   2   0   1   0  0.50 inf
  165 Q   -2  1 -3  1 -6  4  5 -4  1 -5 -5  2 -3 -6 -4 -3 -1 -6 -5 -1    3   7   1   6   0  17  41   1   3   0   0  13   0   0   0   0   3   0   0   5  0.88 inf
  166 L   -2 -3 -4 -5 -4 -3 -4 -5 -1 -1  3  0 -1  1 -5 -3  5 -5 -3  0    2   1   0   0   0   0   0   0   2   2  28   5   1   5   0   1  46   0   1   7  0.86 inf
  167 G   -3 -2 -1 -4 -6  2 -1  6  3 -7 -5 -3 -6 -7 -6 -2 -4 -6 -6 -7    0   2   3   0   0  10   4  69   7   0   1   1   0   0   0   2   0   0   0   0  1.54 inf
  168 L   -5 -5 -6 -7 -5 -6 -6 -7 -5  2  5 -3 -1  4 -6 -6 -5 -3  4 -2    0   0   0   0   0   0   0   0   0  10  52   2   1  19   0   0   0   0  15   1  1.25 inf
  169 T   -4  0  0 -5 -5  1 -5 -6 -3 -4 -3 -2 -3 -6 -5 -2  7 -7 -6 -3    0   5   4   0   0   6   0   0   1   0   2   2   0   0   0   1  78   0   0   1  1.79 inf
  170 G    5 -5 -5 -6  7 -5 -5  0 -6 -3 -5 -5 -5 -6 -5  1 -2 -6 -6  0   48   0   0   0  25   0   0   8   0   1   0   0   0   0   0  10   2   0   0   5  1.33 inf
  171 C   -2 -5 -4 -5  6 -5 -5 -5 -5 -3 -6 -5 -5 -6 -5  6  2 -7 -6 -5    2   0   0   0  14   0   0   0   0   2   0   0   0   0   0  69  13   0   0   0  1.72 inf
  172 A    6 -6 -6 -6  3 -5 -5 -3 -6 -3 -5 -5 -5 -6 -5 -3 -3 -7 -6  2   76   0   0   0   7   0   0   1   0   1   0   0   0   0   0   0   0   0   0  14  1.66 inf
  173 G   -4 -7 -5 -6 -7 -6 -7  8 -7 -9 -8 -6 -7 -8 -7 -5 -6 -7 -8 -8    0   0   0   0   0   0   0 100   0   0   0   0   0   0   0   0   0   0   0   0  2.83 inf
  174 V   -3 -7 -7 -7 -5 -6 -7 -7 -7  7 -2 -6 -2 -4 -7 -6 -4 -7 -5  5    2   0   0   0   0   0   0   0   0  61   2   0   0   0   0   0   0   0   0  35  1.84 inf
  175 A    5 -5 -4 -5 -5 -4 -4 -2 -5 -3 -6 -4 -5 -6 -5  5 -3 -7 -6 -5   48   0   0   0   0   0   0   3   0   2   0   0   0   0   0  48   0   0   0   0  1.50 inf
  176 S   -3 -4 -2 -4  0 -2 -4 -4  6  0 -4 -4 -4 -1  4  0  3 -4  4 -2    2   0   1   0   2   1   0   1  21   5   0   0   0   2  20   7  18   0  17   3  0.88 inf
  177 N   -5 -5  8 -3 -1 -4 -5 -5 -4 -3 -6 -4 -6 -7 -6  1 -4 -7 -6 -3    0   0  82   0   1   0   0   0   0   2   0   0   0   0   0  11   0   0   0   2  2.32 inf
  178 K   -5 -2 -5 -5 -7 -3 -4 -6 -5 -7 -7  8 -2 -7 -5 -5 -2 -7 -6 -6    0   0   0   0   0   0   0   0   0   0   0  96   1   0   0   0   2   0   0   0  2.59 inf
  179 L   -5 -6 -7 -7 -5 -6 -6 -7 -5  1  4 -6  5  7 -7 -6 -4 -4 -2  1    0   0   0   0   0   0   0   0   0   6  33   0  13  40   0   0   0   0   0   8  1.39 inf
  180 L   -5 -6 -7 -8 -5 -6 -7 -8 -7  1  6 -7 -1 -4 -7 -6 -5 -6 -5 -1    0   0   0   0   0   0   0   0   0   6  89   0   1   0   0   0   0   0   0   4  1.91 inf
  181 A    7 -6 -5 -6 -5 -5 -5 -4 -6 -6 -6 -5 -5 -7 -5  2 -3 -7 -6 -5   88   0   0   0   0   0   0   0   0   0   0   0   0   0   0  12   1   0   0   0  2.02 inf
  182 K   -5 -2 -5 -5 -8 -3 -4 -6 -5 -8 -7  8 -6 -8 -6 -5 -5 -8 -7 -7    0   0   0   0   0   0   0   0   0   0   0 100   0   0   0   0   0   0   0   0  2.86 inf
  183 L   -5 -6 -7 -7 -5 -6 -6 -7 -6  5  5 -6  2 -3 -6 -6 -3 -5 -5  1    0   0   0   0   0   0   0   0   0  27  59   0   5   0   0   0   1   0   0   9  1.39 inf
  184 V    6 -6 -6 -6  1 -5 -5 -3 -6 -2 -4 -5 -4 -6 -5 -2 -3 -6 -5  4   64   0   0   0   3   0   0   1   0   1   0   0   0   0   0   1   1   0   0  29  1.45 inf
  185 S   -2 -5 -4 -5  6 -5 -5  3 -5 -6 -6 -5 -6 -7 -5  6 -3 -7 -6 -6    2   0   0   0  16   0   0  23   0   0   0   0   0   0   0  59   1   0   0   0  1.61 inf
  186 G   -1 -5  2  6 -3 -4  0  4 -4 -7 -7 -4 -6 -7 -3  1 -4 -7 -6 -6    4   0   8  43   1   0   4  29   0   0   0   0   0   0   1  11   0   0   0   0  1.19 inf
  187 V   -3  0 -4 -5 -1  1 -3 -5 -1  1  3  0  3  0 -5 -3  0  6  2  1    1   6   0   0   1   7   1   0   1   6  26   5   9   2   0   1   5  11   7  10  0.45 inf
  188 F   -3  2  7 -2 -7 -1 -2 -5  7 -7 -6 -1 -5  1 -6 -4 -4 -6 -3 -6    2  11  48   1   0   2   2   0  23   0   0   4   0   7   0   0   0   0   1   0  1.53 inf
  189 K   -5 -2 -5 -5 -8 -3 -4 -6 -5 -8 -7  8 -6 -8 -6 -5 -5 -8 -7 -7    0   0   0   0   0   0   0   0   0   0   0 100   0   0   0   0   0   0   0   0  2.86 inf
  190 P   -6 -7 -7 -7 -8 -3 -6 -7 -7 -8 -8 -6 -8 -9  9 -6 -6 -9 -8 -7    0   0   0   0   0   1   0   0   0   0   0   0   0   0  99   0   0   0   0   0  3.49 inf
  191 N   -1  2  7  4 -7 -3 -4 -5 -2 -7 -7 -1 -4 -7 -6 -3 -4 -8 -6 -6    5   9  59  22   0   1   0   0   1   0   0   3   0   0   0   0   0   0   0   0  1.68 inf
  192 Q   -2  2  2 -3 -6  4 -4  5 -2 -7 -6  0 -5 -6 -5 -2 -4 -6 -6 -6    2  10  11   1   0  17   0  50   1   0   0   6   0   0   0   2   0   0   0   0  1.15 inf
  193 Q   -5 -3 -5 -5 -7  8 -3 -7 -4 -2  2 -4 -1 -3 -6 -4 -5 -6 -6 -4    0   1   0   0   0  72   0   0   0   2  22   0   1   1   0   0   0   0   0   1  2.01 inf
  194 T   -2 -5 -4 -5  2 -5 -5 -6 -5 -4 -3  0 -4  4 -5 -3  6 -5  2 -1    3   0   0   0   5   0   0   0   0   0   1   6   0  15   0   0  60   0   6   4  1.35 inf
  195 V   -2 -2 -5 -5 -2 -4 -4 -5 -5  1  1 -4 -2 -2 -5 -2  4 -5 -4  5    1   2   0   0   1   0   0   0   0   5  13   1   0   1   0   1  27   0   0  46  0.93 inf
  196 L   -4 -6 -7 -7 -5 -6 -6 -7 -7  6  4 -6 -1 -2 -6 -6 -4 -6 -5  4    0   0   0   0   0   0   0   0   0  39  35   0   1   1   0   0   0   0   0  24  1.34 inf
  197 L   -1  0 -1 -3 -2 -2 -2 -4  0 -1  2 -2  1 -1  3  0  2 -4 -1 -1    3   6   2   1   0   1   2   0   3   2  26   2   3   3  18   8  14   0   2   3  0.32 inf
  198 P   -1 -6 -4 -5 -7 -1 -4 -6  3 -7 -5 -5 -4 -3  8  0 -3 -7 -1 -6    6   0   0   0   0   3   1   0   6   0   1   0   0   2  71   8   1   0   2   0  2.05 inf
  199 E    0 -1  0  3 -1  1  4  1  0 -4 -3 -1 -4 -4  0  1 -1 -3 -4 -4    6   2   3  17   1   4  26  12   2   0   2   3   0   1   4  12   2   0   0   0  0.43 inf
  200 S    0  0  2  1 -1  2  2 -3  2 -4 -4  0  0 -3 -3  3  0 -2  1 -3    8   5   8   7   1   9  12   1   5   0   0   5   3   1   0  23   5   0   5   0  0.33 inf
  201 C    2 -4 -3 -2  2 -3 -1  0 -2  1 -2 -3 -1 -4 -4 -1 -1 -5 -3  5   18   0   1   2   4   1   4   9   1   6   2   1   1   0   0   5   3   0   0  45  0.59 inf
  202 Q    0 -1 -1  1 -2  2  2 -2  0 -1  0 -1  0 -3  3 -1 -1 -4 -3  0   10   2   2   7   1  11  15   2   2   4  11   1   3   1  16   4   3   0   0   7  0.25 inf
  203 H    2 -1  0  4 -3  2  2 -1  1 -4 -4 -1 -2 -5 -2  1 -1 -5 -4 -3   18   2   3  24   0  11  13   5   3   0   1   3   1   0   1   9   4   0   0   1  0.46 inf
  204 L   -4 -4 -6 -5 -5 -4 -4 -7 -5  0  3 -6 -2  8 -4 -3 -3 -2 -1 -1    1   1   0   1   0   1   1   0   0   4  25   0   0  57   1   3   2   0   0   4  1.47 inf
  205 I   -4 -5 -6 -6 -4 -4 -6 -6 -5  4  4 -5  3  4 -6 -5 -4 -4 -1  3    0   0   0   0   0   0   0   0   0  19  36   0   8  15   0   0   0   0   2  18  0.98 inf
  206 H    2  0 -1  1 -2  1  2  0  1 -3 -1  0  2 -2 -3  1 -1 -2  0 -2   18   6   2   8   1   5  14   5   4   0   5   6   6   1   0  14   1   0   4   1  0.18 inf
  207 S    0 -1  0  3 -1  2  0 -1  0 -4 -4  0 -3 -3  2  3  2 -5 -4 -3    7   2   3  17   1  10   6   3   2   0   0   4   0   1  10  21  13   0   0   1  0.40 inf
  208 L   -2 -3 -5 -2 -4 -2 -4 -2 -5  0  5 -5  4 -1 -4 -4  0 -5 -3 -1    3   1   0   3   0   2   0   3   0   3  65   0   8   2   1   0   5   0   0   2  0.97 inf
  209 N   -4 -4  1  0 -5 -3 -3 -1  5 -5 -2 -2 -4 -5  7 -3 -2 -5 -4 -5    1   0   6   6   0   1   1   5  14   0   6   3   0   0  53   1   2   0   0   0  1.42 inf
  210 H    0  0  0  1 -1  0  1  0  2 -1 -1  0 -1 -1  1  1  0 -1 -1 -1    7   4   3   7   2   3  13   5   7   3   7   7   1   2   6  12   5   1   2   4  0.08 inf
  211 I   -3 -6 -6 -7 -4 -6 -6 -7 -7  6  2 -6 -2 -4 -4 -5 -3 -6 -5  5    1   0   0   0   0   0   0   0   0  41  15   0   0   0   1   0   1   0   0  41  1.40 inf
  212 K   -2  5  0 -2 -3  0  1  2 -1 -5 -5  4 -4 -6 -4  0 -2 -5 -4 -5    3  30   3   1   0   2  10  16   1   0   0  23   0   0   0   8   1   0   0   0  0.73 inf
  213 E   -2  3 -1 -1 -7  0  0 -5 -3 -6 -6  7 -5 -7 -5  0 -2 -7 -5 -5    2  14   2   3   0   2   5   0   0   0   0  64   0   0   0   5   1   0   0   1  1.41 inf
  214 I   -4 -6 -6 -7 -5 -6 -6 -7 -6  5  1 -6  2  5 -6 -6 -4 -4 -3  3    0   0   0   0   0   0   0   0   0  39  11   0   6  24   0   0   0   0   0  20  1.27 inf
  215 P   -3  2 -3 -5 -6 -4 -4 -4  6 -6 -6 -1 -5  0  6 -3 -1  3  2 -6    1  13   1   0   0   0   0   1  17   0   0   4   0   4  42   1   3   4   6   0  1.33 inf
  216 G   -4 -6  2 -5 -7 -1 -6  7  1 -8 -8 -4 -7 -7 -6 -1 -5 -3 -7 -7    0   0   8   0   0   3   0  81   3   0   0   1   0   0   0   4   0   0   0   0  2.00 inf
  217 I   -4 -6 -7 -7 -3 -6 -6 -7 -7  5  2 -6  0 -3 -6 -6 -4 -6 -5  5    0   0   0   0   0   0   0   0   0  38  20   0   1   0   0   0   0   0   0  40  1.40 inf
  218 G   -4 -7 -5 -6 -7 -6 -7  8 -7 -9 -8 -6 -7 -8 -7 -5 -6 -7 -8 -8    0   0   0   0   0   0   0 100   0   0   0   0   0   0   0   0   0   0   0   0  2.83 inf
  219 Y   -2  0 -3 -3 -4  0 -1  3 -1 -4 -4  4 -4  2  3  0 -3 -4  1 -5    1   3   0   1   0   5   2  21   2   0   0  28   0  10  13   7   0   0   6   0  0.58 inf
  220 K    1  0 -4 -5 -5 -1 -4 -5 -5 -3 -5  6 -3 -6 -5 -3 -4 -7 -5  4   11   4   0   0   0   2   0   0   0   0   0  53   0   0   0   1   0   0   0  29  1.25 inf
  221 T   -3 -5 -4 -5 -5 -5 -5 -4 -6  0  2 -5  2  1 -5  0  7 -6 -5 -3    1   0   0   0   0   0   0   1   0   6  16   0   4   5   0   6  61   0   0   0  1.27 inf
  222 A    5 -4 -2 -4 -3 -1  0  2 -4 -3 -3 -2 -2 -3 -4  0  0 -5 -4 -1   49   0   1   0   0   3   7  17   0   1   2   1   1   1   0   5   7   0   0   5  0.69 inf
  223 K    1  1 -1  1 -2  3  3 -2  0 -5 -4  2 -3 -5 -2  1 -1 -5 -4 -4   11   7   1   8   1  14  22   2   2   0   1  16   1   0   1  10   3   0   0   0  0.46 inf
  224 C   -1  3 -3 -4 -1  0 -2 -5  0 -1 -1  5  0 -4 -4  0 -2 -5 -4  1    4  19   0   0   1   3   1   0   2   3   6  40   2   0   0   6   2   0   0  10  0.67 inf
  225 L   -5 -6 -7 -7 -5 -5 -6 -7 -6  2  5 -6  7 -3 -6 -6 -4 -5 -5  0    0   0   0   0   0   0   0   0   0  12  57   0  25   0   0   0   0   0   0   5  1.55 inf
  226 E   -1  1  0  0 -5  2  4 -1  4 -3 -3  1 -3 -3 -4 -1 -2 -5  1 -4    6   8   5   3   0   9  34   4  12   1   2   7   0   1   0   2   1   0   5   0  0.56 inf
  227 A    2  2 -1  0 -2  1  1 -2 -2 -1 -3  1 -2 -4 -3  2  0 -5 -3 -2   18  13   2   5   1   6  11   2   1   4   2   7   1   0   0  17   6   0   0   2  0.26 inf
  228 L   -1 -5 -3 -6  0 -2 -5 -6 -1  0  5 -3  4  0 -6 -4 -4 -4 -2  1    4   0   1   0   2   2   0   0   2   3  60   1  10   3   0   1   0   0   1  11  0.98 inf
  229 G   -3 -4  0 -3 -6 -3 -4  7  0 -7 -4 -1 -6 -4 -6 -2  1 -6 -6 -6    0   1   5   1   0   1   1  71   2   0   2   4   0   1   0   2  10   0   0   0  1.50 inf
  230 I   -2 -5 -7 -7  2 -6 -6 -7 -7  6  1 -6  0 -3 -6 -5 -4 -4 -5  4    3   1   0   0   4   0   0   0   0  48   9   0   2   0   0   0   0   0   0  33  1.35 inf
  231 N   -1  2  1 -1 -2  1  2 -2  3 -2 -2  1 -2  2 -3  0  0 -3  0 -1    5  14   7   2   1   5  15   2   7   1   2   9   0   9   0   8   4   0   3   5  0.21 inf
  232 S   -2 -3  1  1 -2 -2 -2 -4 -2 -4 -5 -2 -4 -3 -5  1  6 -5  2 -1    2   1   5   8   1   1   2   0   1   0   0   2   0   1   0   9  54   0   7   4  0.98 inf
  233 V   -2 -6 -5 -6  6 -5 -6  3 -6  1 -2 -5  5 -5 -4 -4 -4 -6 -5  5    3   0   0   0  15   0   0  25   0   6   1   0  13   0   1   0   0   0   0  37  1.11 inf
  234 R    2  4 -2 -2 -2  0  0  3  0 -4 -2  1 -3 -4 -3 -1 -2 -4 -2 -4   17  22   1   2   1   3   6  27   3   0   4   7   0   0   1   4   2   0   2   0  0.47 inf
  235 D   -5 -4 -2  7 -7  2  2 -5 -1 -6 -1 -3 -4 -7 -5 -3 -1 -7 -6 -5    0   0   1  64   0   7  13   0   1   0   6   1   0   0   0   1   4   0   0   0  1.54 inf
  236 L   -4 -6 -5 -7 -5 -5 -6 -7  3  0  6 -6  0  1 -6 -6 -4 -5 -2  0    1   0   1   0   0   0   0   0   8   4  74   0   1   5   0   0   0   0   1   6  1.39 inf
  237 Q   -1  4 -3 -4 -5  4 -2 -4 -2 -3  0  1 -2 -5  3 -2  0 -5  0 -3    5  23   0   0   0  23   0   1   1   1   9   9   1   0  14   1   7   0   4   1  0.61 inf
  238 T    1  1  1  0 -2  4  1  0 -1 -4 -3  1 -3 -5 -2  0  1 -5 -3 -4   13   8   6   5   1  22   9   8   1   0   3   8   0   0   1   6   9   0   0   0  0.36 inf
  239 F   -1 -1 -4 -5  3 -1 -4 -4 -2  1  0  1  3  4 -4 -2 -1  4  2  0    6   4   0   0   7   3   0   0   1   7   7  10  10  20   0   1   4   6   8   5  0.41 inf
  240 S   -2 -4 -1  2 -5 -2 -1  1 -4 -5 -5 -3 -5 -6  3  4  2 -6 -4 -5    2   0   3  12   0   1   4  11   0   0   0   0   0   0  15  39  12   0   1   0  0.77 inf
  241 P   -2  0 -4 -3 -5 -1  3 -5 -4 -1  3 -1  1 -3  4 -1 -3 -5 -3 -1    3   6   0   0   0   2  21   0   0   3  30   4   3   0  18   4   0   0   1   3  0.52 inf
  242 K    2 -1 -1  1 -4  0  3 -1 -1 -2 -1  1  0 -2 -1  1 -1 -3 -3 -2   16   2   2   8   0   4  23   3   1   1   7   8   3   2   3  12   3   0   0   2  0.23 inf
  243 I    0  0 -2  0 -4  2  2 -4  0  0  0  0  2  3 -3 -1  0 -1  0  0    6   3   1   4   0  11  13   0   2   6   9   7   5  14   0   2   5   1   3   6  0.16 inf
  244 L   -6 -6 -8 -8 -5 -6 -7 -8 -7 -1  7 -7  1 -3 -7 -5 -5 -3 -5 -3    0   0   0   0   0   0   0   0   0   2  94   0   3   0   0   1   0   0   0   0  2.10 inf
  245 E   -1 -1 -2  0 -4  4  3 -4 -2  1 -1  0 -1 -4 -4  0  0 -5 -4  1    3   3   1   5   0  21  23   0   1   7   6   4   2   0   0   6   4   0   0  13  0.39 inf
  246 K    0  3  0  0 -5  2  1 -3 -1 -5 -2  4 -1 -5 -3  0  0 -4 -3 -3    6  19   3   4   0   9  10   1   1   0   4  27   1   0   1   7   4   0   0   1  0.52 inf
  247 E   -2  2  0 -3 -2  1  2 -4  6  0  2  1 -1 -3 -5 -3 -3 -3 -1 -2    2  11   4   0   1   5  15   0  24   6  19   7   1   0   0   1   1   0   1   2  0.56 inf
  248 L   -6 -7 -7 -8 -2 -7 -7 -7 -5 -2  3 -7 -3  8 -8 -6 -5 -4  2 -4    0   0   0   0   1   0   0   0   0   1  28   0   0  64   0   0   1   0   5   0  2.06 inf
  249 G   -2 -6 -3  0 -6 -4 -3  7 -6 -7 -7 -5 -6 -5 -3  0 -5 -6 -7 -7    3   0   1   5   0   1   1  82   0   0   0   0   0   1   1   6   0   0   0   0  1.93 inf
  250 I   -1  2 -1  0 -3  0  2 -1  0  0 -2  3 -2 -1 -1  0 -1 -3 -1  0    3  13   2   5   0   3  13   4   3   7   3  21   1   3   2   6   3   0   2   6  0.18 inf
  251 S    0  0  1  0 -4 -1  0  2 -2 -5 -5  4 -3 -5 -2  3 -1 -5 -4 -4    6   3   5   5   0   2   5  14   0   0   0  29   0   0   1  25   2   0   0   1  0.54 inf
  252 V   -1 -2  1 -3 -2  0 -2 -2  0  2  0 -2  1  3 -3 -1  2 -1  0  1    5   1   8   1   1   5   1   3   3  11   6   2   4  15   1   4  19   1   2  10  0.19 inf
  253 A    3 -6 -5 -6 -1 -6 -6  7 -6 -7 -7 -5 -6 -7 -6 -3 -5  2 -6 -5   21   0   0   0   1   0   0  74   0   0   0   0   0   0   0   1   0   3   0   0  1.92 inf
  254 Q    1  1  0 -1 -2  2  1 -2  2 -2 -1  0 -1 -1 -1  1  1 -3  1 -1   10  10   3   1   1  12   8   2   5   2   5   3   1   3   2  14  10   0   5   4  0.14 inf
  255 R   -3  4 -2 -3 -5  0 -3 -3  3 -2 -3  1 -4  0 -5 -1 -3  8  3 -1    2  28   2   1   0   3   1   2   8   2   2   9   0   4   0   5   1  19   8   4  0.86 inf
  256 I   -4 -5 -6 -7 -5 -5 -6 -7 -5  3  5 -6  0  3 -6 -5 -3 -4  4  1    0   0   0   0   0   0   0   0   0  16  49   0   2   9   0   0   1   0  15   8  1.09 inf
  257 Q   -4 -1 -6 -7 -6  1 -5 -7  3 -5 -1 -1 -5  2 -7 -5 -6  9  7 -6    1   3   0   0   0   7   0   0   5   0   5   5   0   7   0   1   0  27  38   0  1.82 inf
  258 K    0  1  3  2 -1  1  2  1  1 -5 -4  1 -3 -5 -4  0 -3 -2 -3 -4    9   9  17  11   1   7  15  12   4   0   1   8   0   0   0   5   0   1   1   0  0.40 inf
  259 L   -2  0 -3 -6 -3 -4 -5 -6 -3  4  4 -1  3  0 -5 -4 -2 -2 -1  0    3   7   1   0   0   0   0   0   1  22  41   3   9   4   0   0   2   0   1   6  0.69 inf
  260 S    4 -5 -4 -5  5 -4 -4 -4 -5 -1  1 -4 -3 -5 -5  3 -3 -6 -5  1   38   0   0   0  14   0   0   0   0   3  13   0   0   0   0  22   0   0   0   9  0.88 inf
  261 F   -4  6  0 -5 -3  1 -2 -6  6 -5 -1 -1 -4  2 -6 -4 -4 -4 -2 -4    1  52   5   0   1   5   2   0  17   0   8   1   0   7   0   0   0   0   1   1  1.29 inf
  262 G   -2 -7 -5 -6 -7 -6 -7  8 -7 -8 -8 -6 -7 -8 -7 -5 -6 -7 -8 -8    2   0   0   0   0   0   0  98   0   0   0   0   0   0   0   0   0   0   0   0  2.72 inf
  263 E   -3  0 -5 -5  0 -2  1 -6 -2  6  0 -3 -1 -3 -6 -4 -3 -3 -4  3    1   5   0   0   2   2  10   0   1  54   5   2   1   0   0   1   0   0   0  17  1.04 inf
  264 D   -6 -6 -1  8 -4 -4  1 -2  3 -7 -8 -5 -7 -8 -6 -1 -5 -8 -6 -7    0   0   1  77   0   0   6   3   7   0   0   0   0   0   0   5   0   0   0   0  2.10 inf
  265 N   -3 -3  4  4 -4 -1  3 -1  4 -5 -3 -2 -3 -3  0  0 -1 -5 -1 -4    1   1  18  21   0   1  19   6  11   0   4   2   0   1   5   5   4   0   2   0  0.57 inf
  266 S   -2  5 -1  0 -5 -3  2 -4 -4 -6 -5 -2 -4 -6 -5  3  2 -6 -5 -4    3  36   2   5   0   0  12   0   0   0   0   0   0   0   0  26  15   0   0   0  0.94 inf
  267 P   -1 -2 -4 -1 -5  0  4 -4 -1 -3 -4 -2 -5 -4  7 -2 -3 -7 -4 -3    5   2   0   3   0   3  26   1   2   2   1   1   0   1  47   2   1   0   1   2  1.26 inf
  268 V   -5 -7 -7 -8 -5 -7 -7 -8 -8  0 -2 -7 -2 -5 -7 -6 -4 -7 -6  8    0   0   0   0   0   0   0   0   0   3   2   0   1   0   0   0   0   0   0  94  2.40 inf
  269 I   -2  1  1 -3 -4  3  2 -4 -1 -1 -3  4 -2 -5 -3  0  1 -5 -4  0    2   8   5   0   0  13  14   0   1   3   1  28   1   0   1   5   9   0   0   9  0.50 inf
  270 L    2 -1  1 -1 -3 -1 -2 -3 -4 -2 -4 -3 -4 -6  6  0  0 -3 -5  0   21   3   6   3   0   3   2   1   0   2   0   1   0   0  39   6   6   0   0   6  0.84 inf
  271 S   -1  4  1  3 -3 -1  1 -3  2 -4 -5  0 -4 -2 -4  2  1 -3 -3 -3    5  22   8  17   1   1   9   1   5   0   0   4   0   2   0  15   9   0   1   1  0.47 inf
  272 G   -3  6 -2  1 -6  2 -1  2 -1 -3 -1 -1 -4 -4 -4 -1 -2 -5 -3 -4    1  42   1   8   0   9   2  18   1   1   7   2   0   1   1   5   2   0   1   1  0.75 inf
  273 P   -2  0 -3 -1 -4  0  2 -5 -4  2  1  0  0 -2  2 -3 -1 -4 -3  2    1   4   1   3   0   4  15   0   0  16  17   7   2   1  10   0   3   0   0  16  0.28 inf
  274 P    0  6 -5 -5 -6 -3 -4 -6 -3 -5 -5 -2 -5 -7  6 -2 -2 -7 -4 -2    7  37   0   0   0   1   0   0   1   0   1   1   0   0  44   3   3   0   0   3  1.57 inf
  275 Q   -4 -1 -3 -5 -7  4 -3 -5 -2 -5 -6  7 -3 -7 -5  0  0 -7 -6 -4    0   2   0   0   0  17   0   0   1   1   0  65   0   0   0   7   6   0   0   1  1.58 inf
  276 S   -3 -5 -4 -5 -5  4 -4 -5 -5 -7 -7 -4 -6 -7 -5  7  1 -7 -6 -6    0   0   0   0   0  18   0   0   0   0   0   0   0   0   0  75   7   0   0   0  1.87 inf
  277 F   -4 -6 -6 -7 -5 -6 -5 -7  1  6  1 -6  1  1 -6 -4 -4 -6 -3  4    0   0   0   0   0   0   0   0   4  51  11   0   3   5   0   1   0   0   0  25  1.28 inf
  278 S   -1 -6 -4 -5 -6 -5 -5  6 -6 -7 -7 -5 -6 -7 -6  5 -4 -7 -6 -6    3   0   0   0   0   0   0  52   0   0   0   0   0   0   0  46   0   0   0   0  1.73 inf
  279 E    2 -2 -3 -1  5 -3 -1 -3 -3  2 -1 -1  0 -4 -4  0  0 -5 -4  3   16   2   0   4  14   0   5   1   0  14   5   3   2   0   0   7   6   0   0  20  0.37 inf
  280 E   -5 -5 -4 -3  2 -3  7 -1 -5 -8 -7 -4 -6 -8 -6  0 -5 -7 -7 -7    0   0   0   0   5   0  82   6   0   0   0   0   0   0   0   7   0   0   0   0  2.10 inf
  281 D   -4  3  1  5 -5 -1 -1 -4  2 -3 -6  3 -5 -6 -5 -3  1 -7 -5 -5    0  17   7  37   0   2   3   0   4   1   0  18   0   0   0   1   8   0   0   0  0.96 inf
  282 S   -2 -4  2 -5 -5 -3 -5 -3 -5 -5 -6 -2 -5 -5 -5  3  7 -7 -6 -5    2   0   9   0   0   1   0   2   0   0   0   3   0   0   0  21  62   0   0   0  1.53 inf
  283 F   -6 -7 -7 -8  2 -7 -7 -8 -5 -4  0 -7 -3  8 -8 -7 -6 -3  6 -5    0   0   0   0   4   0   0   0   0   0   8   0   1  64   0   0   0   0  23   0  2.31 inf
  284 K    0  1 -2  1 -5 -1  2  0 -2 -2 -4  3 -2 -3  3  0 -1 -5 -4 -3    9   9   1   8   0   2  11   6   1   3   1  24   1   1  13   8   2   0   0   0  0.39 inf
  285 K   -1  1  1  2 -1  2  1  2  0 -4 -4  1 -3 -5 -1  0  1 -5 -3 -2    5   8   8  12   2   9   8  17   2   0   0  11   0   0   3   5   8   0   0   3  0.29 inf
  286 C   -2 -5 -2  4  4 -4 -4 -6 -5  3  4 -3  1 -3 -5 -4 -4 -6 -5 -1    2   0   2  27   8   0   0   0   0  14  39   1   3   0   0   0   0   0   0   3  0.86 inf
  287 S   -1 -2 -1  1 -1 -1  0 -3  1  1  1  0 -2 -2 -3  3  1 -4 -2  0    5   1   1  10   1   2   5   1   3   8  18   6   0   1   0  24   8   0   1   5  0.19 inf
  288 S    0 -2  1  0 -4 -1 -2 -3  1 -2 -3 -3 -4 -4  1  3  4 -5 -3 -1    7   2   7   5   0   2   2   1   4   2   2   0   0   0   8  21  33   0   1   5  0.53 inf
  289 E   -1  1 -2  3 -3  0  2 -3 -1  0  1 -1  1 -1 -2 -1 -1  0 -2 -1    5  10   1  17   0   2  18   1   1   5  15   3   5   2   1   5   2   2   1   4  0.19 inf
  290 V    1 -1 -1  1 -3  0  2 -2 -2  0  0  0 -1 -2  1  0  0  0 -2  1   11   3   3   8   0   3  19   2   0   5   8   4   0   1   7   7   5   2   1  10  0.13 inf
  291 E    0 -1 -2  3 -5  3  4 -3 -2 -5 -4  0 -3  0 -3  1 -2 -5 -2 -4   10   3   1  15   0  14  33   1   1   0   1   3   1   4   1   8   2   0   1   0  0.62 inf
  292 A    2 -5 -5 -4  3  0 -4 -4 -5  2  1 -4  3 -3 -4 -3 -3 -1 -4  5   17   0   0   1   7   4   0   0   0  11  11   0   7   0   0   1   0   1   0  38  0.70 inf
  293 K   -2  2 -2 -2  1  1  2 -3 -1  0  2  3  0 -2 -4 -2  0 -1  0 -1    1  10   1   1   4   8  13   1   1   5  20  18   2   1   0   1   6   1   3   4  0.25 inf
  294 N    0  1  0  0 -4  1  3 -2  3 -2 -3  2 -3 -3 -2  0 -1  3  0 -3    9   7   4   5   0   5  22   3   9   3   2  11   0   1   2   7   4   4   2   1  0.29 inf
  295 K    0  1 -3 -3 -5  1  3 -3 -1 -2 -2  3 -1 -3 -4 -3 -2  7 -2 -2    8   8   1   0   0   7  24   1   1   2   4  18   1   1   0   0   3  17   1   2  0.72 inf
  296 I   -2 -6 -6 -7  1 -5 -6 -6 -6  3  5 -6  2  1 -6 -5 -4  0 -4  0    3   0   0   0   3   0   0   0   0  17  63   0   4   5   0   0   0   1   0   4  1.19 inf
  297 E   -1  2  0  1 -3  1  2 -1  1 -2  0  0 -1 -2  1  0  0 -1  0 -1    3  13   4   6   0   5  17   5   5   2  10   5   1   1   7   6   4   1   3   4  0.13 inf
  298 E    0  1 -1  1 -2  3  3 -2  2 -3 -2  2  0 -4  1 -1 -1 -5 -3 -2    6   8   2   7   1  12  21   2   6   1   4  11   3   0   7   3   2   0   0   3  0.32 inf
  299 L   -4 -4 -5 -7 -5 -2 -5 -7 -4  2  6 -6  2 -2 -6 -5 -3 -5 -5 -1    1   1   0   0   0   2   0   0   0  12  75   0   4   1   0   0   1   0   0   2  1.46 inf
  300 L    4 -4 -3 -5  4 -3 -4 -3 -4  0  2 -4  0 -2 -4  1  0 -3  1  0   35   0   1   0   8   0   0   1   0   5  21   0   2   1   0  12   4   0   4   5  0.52 inf
  301 A    2  1 -1  1  1  2  3 -1  0 -2 -2  0 -2 -4  0 -1 -1 -4 -4 -1   17   8   2   9   4   9  21   4   2   2   4   5   1   0   4   3   4   0   0   4  0.25 inf
  302 S   -3  3  0  2 -5  0  4 -4 -2 -3 -4  1 -4 -6 -4  3 -1 -6 -5 -5    1  13   3  11   0   3  32   1   1   1   1   9   0   0   0  21   3   0   0   0  0.72 inf
  303 L   -3 -5 -7 -5  0 -6 -4 -7 -6  0  6 -6 -1 -3 -6 -6 -2 -6 -5  3    1   0   0   1   2   0   1   0   0   4  66   0   1   0   0   0   2   0   0  22  1.31 inf
  304 L    1 -3 -2 -2  1 -1  2 -2 -1  1  1 -2  0 -2 -4  0 -1  6 -2  1   12   0   1   2   4   3  16   3   1  11  14   1   2   1   0   6   3  11   0   9  0.28 inf
  305 N   -1  4  1  0 -5  1  3 -1 -1 -4 -3  2 -3 -5 -3 -1  0  0 -4 -3    4  25   6   4   0   7  24   4   1   1   2   9   0   0   0   3   5   2   0   2  0.51 inf
  306 R   -3  8 -2 -1 -7  0 -3 -5  0 -5 -3 -1 -4 -6 -6 -2 -5  0 -1 -6    2  74   2   4   0   4   1   1   2   0   3   1   0   0   0   3   0   1   2   0  1.78 inf
  307 V   -2 -3 -6 -6  2 -3 -5 -6 -5  2  4 -5  6 -3 -6 -4 -2 -3 -3  2    3   2   0   0   4   1   0   0   0  11  46   0  18   0   0   1   1   0   1  11  0.96 inf
  308 C    1  3  0  0  2  2  2 -3  3 -2 -3  1 -1 -4 -4 -1  0 -4 -2 -2   12  18   4   5   4   8  15   1   7   2   2   9   2   0   0   3   5   0   1   2  0.32 inf
  309 Q    0  3 -2 -1 -3  2  2 -2 -2 -2 -4  4 -2 -5 -3 -2  0 -5 -4 -1    6  16   0   3   1  10  12   2   1   3   1  32   1   0   1   2   5   0   0   4  0.57 inf
  310 D    0 -2  2  6 -6 -1  0 -3  2 -3 -4  0 -4 -6 -4  0 -1 -6 -3 -4    7   2   9  47   0   2   4   1   5   1   1   6   0   0   0   8   4   0   1   1  0.87 inf
  311 G   -1  0  2  1 -2  1 -1  4 -2 -4  1  1 -2 -4 -4 -1 -2 -5 -3 -4    4   5  10   7   1   7   2  32   0   0  17   9   0   0   0   2   1   0   0   0  0.43 inf
  312 R    0  5 -2 -3 -4  0 -2 -4 -2  0  2  0 -2  0 -3 -3 -2 -3  0  0   10  37   1   1   0   3   2   1   1   5  19   5   0   3   1   1   1   0   3   7  0.51 inf
  313 K    0  3 -2 -2 -3  1 -1 -3  3  2 -2  2 -1 -2 -1  0 -1 -2 -1  1    7  17   1   1   0   5   3   1   9  12   2  15   1   1   2   7   3   1   1  10  0.23 inf
  314 P    3 -1 -3 -4 -6 -5 -4  4 -3 -6 -6 -3 -6 -6  6 -3 -4 -7 -6 -5   24   3   1   1   0   0   1  33   1   0   0   1   0   0  34   0   0   0   0   0  1.28 inf
  315 H   -1  5 -2 -3 -3  1 -2 -3  4 -1 -4  4 -3 -4 -3 -2  0 -5 -1 -2    4  28   1   1   1   5   0   2  10   5   1  30   0   0   1   1   5   0   2   2  0.75 inf
  316 T   -1 -4 -4 -5 -4  2 -4 -3 -1 -2 -3 -1 -4 -5 -4 -1  7 -6 -5 -2    5   0   0   0   0  11   0   2   1   2   3   3   0   0   0   3  65   0   0   3  1.33 inf
  317 V   -3 -5 -4 -5 -4 -4 -5 -5 -2  3  4 -4  1 -1 -1 -5 -4 -5 -4  4    1   0   1   0   0   0   0   1   1  19  35   1   3   2   3   0   0   0   0  32  0.90 inf
  318 R   -2  4 -2 -4 -5 -3 -4 -4 -3 -3 -2  2 -2 -1 -5 -2  5 -5 -4  1    3  25   1   0   0   0   0   1   1   0   3  12   1   3   0   2  37   0   0  11  0.82 inf
  319 L   -4 -6 -7 -6 -5 -3 -6 -6 -6  2  5 -6 -1 -1 -6 -6 -3 -3 -4  4    0   0   0   0   0   1   0   0   0   9  60   0   0   2   0   0   1   0   0  26  1.27 inf
  320 I   -2 -2 -3 -4 -4 -2 -3 -3  2  0 -5  6 -2 -3 -4  2  2 -6 -4  0    2   0   0   0   0   0   0   2   5   5   0  48   1   1   0  17  13   0   0   6  0.91 inf
  321 I   -1 -4 -5 -5 -1 -4 -5 -5 -5  5  2 -3  0 -2 -4 -2  1 -2 -4  4    5   0   0   0   1   0   0   0   0  31  17   2   1   1   0   3  11   0   0  26  0.71 inf
  322 R   -4  6 -4 -4 -3 -2 -3 -5 -4 -3 -5  5 -3 -5 -5 -3 -4 -5 -1 -3    1  47   0   1   1   0   0   1   0   2   0  39   1   0   0   2   1   0   3   2  1.50 inf
  323 R   -1  2  0 -2 -3  0 -2 -3  1 -3 -2  2 -1  3  1  0  0  0  4 -3    4  12   5   1   0   4   1   1   3   1   3  12   1  12   7   8   6   1  17   1  0.33 inf
  324 Y    1  1 -1 -2 -3 -1 -2 -2  4 -2 -2 -2 -3  3 -3  0 -2  3  4  0   13  10   2   1   0   2   1   2   9   1   3   2   0  15   1   9   1   4  15   7  0.38 inf
  325 S   -2 -4  2  6 -4  1 -2 -1 -2 -6 -5 -1 -4 -6 -2  2  0 -6 -1 -3    3   0   8  46   0   6   1   5   1   0   1   2   0   0   2  15   5   0   3   2  0.91 inf
  326 S   -1  0 -2  2 -3  1 -2  0 -1 -3 -3 -2 -3  6 -1  1 -2 -3  0 -2    4   6   1  14   0   7   2   6   2   0   1   2   0  34   4  11   1   0   1   2  0.54 inf
  327 E   -1  0  2  2 -3  2  2 -2 -2 -2 -3  0 -2  2  0  1  1 -3 -2 -2    4   4  11  10   0  10  11   3   1   2   2   4   0  12   4  10  11   0   1   2  0.23 inf
  328 K   -2  3 -1 -3 -3  4 -1 -2 -1 -1 -2  3 -3 -3 -2  0  2 -4 -1 -1    1  15   1   1   1  20   1   2   1   4   5  19   0   1   2   8  12   0   2   4  0.41 inf
  329 H   -1  1  0 -2 -3  1 -1 -2  3  1  0  0  0 -2 -1  1  1  2 -1 -1    3   7   5   1   0   7   1   2   8  11  10   7   2   1   3  12  10   4   2   3  0.12 inf
  330 Y   -3 -4 -2 -3  0 -2 -4 -4  0 -1  0 -1 -3  4 -4  1  5 -1  2 -2    1   0   1   1   2   1   0   1   2   2   8   4   0  18   0   8  41   1   7   2  0.73 inf
  331 G   -2  4  2 -3 -3 -1 -3 -1  0 -3 -2  2 -3 -4 -4  3  3 -5 -4 -1    2  21   8   0   0   1   0   5   3   1   3  12   0   0   0  20  16   0   0   5  0.45 inf
  332 R   -1  5 -3 -3 -4  2 -1 -3 -2 -2 -1 -2 -3  0 -3  3 -1 -5 -3 -2    5  35   0   1   0   7   3   1   0   2   5   1   0   4   1  27   3   0   1   3  0.69 inf
  333 E   -2  1 -3 -2 -3  2  3 -4  0  2  0  1 -2 -1  0 -1 -1 -4 -3  0    3   9   0   1   0  10  26   0   2  13   8   7   1   2   4   4   3   0   0   8  0.30 inf
  334 S   -2  1 -3 -4 -1 -3 -4 -4 -2 -4 -5 -4 -4 -5 -4  5  5 -6 -5 -4    1   7   1   0   1   0   0   0   1   1   1   0   0   0   0  49  36   0   0   1  1.31 inf
  335 R   -2  6 -3 -4 -4 -1 -3 -4  0 -3  0  2 -3  0 -4 -3 -2 -5 -2 -1    3  52   1   1   0   2   0   1   2   1  10  12   0   3   1   1   3   0   1   5  0.98 inf
  336 Q    0  0 -1 -1  3  4  0 -3 -1 -4 -3 -2 -4 -3 -3  4  1 -5 -4 -3    6   4   2   3   7  18   5   1   1   1   2   1   0   1   1  38   7   0   0   1  0.63 inf
  337 C    1 -1 -2 -1  7  0 -1  0  1 -3  0  0 -2 -1 -3 -1  0 -4 -2 -1   12   3   1   4  27   6   5   6   3   1   8   6   0   2   1   4   6   0   1   4  0.45 inf
  338 P    2 -3 -1 -2 -4 -1 -3 -2 -3 -3 -4 -2 -4 -3  6  0  2 -5  0 -3   17   1   3   2   0   3   1   3   0   1   1   2   0   1  42   5  11   0   3   1  0.94 inf
  339 I   -1 -4 -3 -3 -2 -4 -4 -2 -4  4  4 -4  2  0 -4 -4 -1 -4 -3  2    4   1   1   2   1   0   1   3   0  21  42   0   4   3   1   1   3   0   0  12  0.64 inf
  340 P   -1  1  0 -1 -3 -2  0 -3 -4 -3 -3 -1 -4 -3  6 -1  1 -5 -3 -2    5   7   5   4   0   1   5   2   0   1   2   3   0   1  46   5   9   0   1   2  0.94 inf
  341 S    0  1  1  0 -1  0  0 -2  1 -3 -3 -1 -3 -3  0  3  1 -3  2 -2    6   9   8   5   2   4   7   3   3   1   2   3   0   1   5  28   7   0   8   2  0.27 inf
  342 H   -1 -2 -1  0 -1  0  0  0  4 -3 -2 -2 -2  4 -1 -1 -2 -1  5 -2    4   2   2   6   1   5   5   7  12   0   3   2   1  17   3   4   2   0  20   3  0.43 inf
  343 V    0 -3 -1  1 -3 -2 -1 -2 -3  3  1 -1  0  0 -1 -1  0 -3 -1  2    8   0   2  10   0   0   4   3   0  19  12   4   2   4   2   2   5   0   1  20  0.19 inf
  344 I    1  0 -2 -2 -3 -2  0 -1 -1  0  1 -2 -1  4 -1 -1 -1  1  1  0   16   5   1   2   0   1   7   4   1   7  12   1   1  20   4   5   2   2   4   6  0.16 inf
  345 Q    0  1  1  2 -3  3  2 -2  3 -4 -4  1 -2 -4 -1  1 -1 -5 -2 -4    6   7   7  10   1  16  14   2   8   1   1   9   1   0   3  11   2   0   1   0  0.39 inf
  346 V    0 -1 -2  0 -2 -1 -1 -3 -3  2  1  2 -1 -1 -3 -1  1 -4 -2  1    6   2   2   7   1   3   2   1   0  16  17  15   1   2   0   4  10   0   1  11  0.17 inf
  347 M    1 -1 -2 -1 -1  1 -1 -1  0  1  1  0  4  1 -2  0 -1 -2  0  0   14   1   1   4   1   8   4   3   2   8  11   7  15   5   1   5   3   0   3   3  0.12 inf
  348 T    0  0  0  1  0  1  4 -2  0 -3 -2 -1 -3 -3 -2  1  2 -3 -1 -2   10   5   4   9   2   4  27   2   2   1   5   3   0   1   1   9  12   0   2   1  0.30 inf
  349 P   -1  1  0  3 -3  2  1 -1 -2 -2 -1  1 -3 -4  2  1  0 -4 -4 -2    5   6   3  19   0  10   9   4   0   2   6   9   0   0  10   8   6   0   0   3  0.27 inf
  350 M    1 -4 -5 -3  1 -4 -4 -4 -5  3  4 -4  3 -2 -3 -3 -2 -4 -2  1   13   1   0   2   3   0   0   1   0  18  39   0   7   0   1   1   1   0   1  10  0.63 inf
  351 V    0 -1 -3  0 -3 -2  0 -3 -2  1  3 -1  1  1 -4 -2 -2  1  0  1   11   3   1   5   0   1   9   1   1   6  31   3   3   7   0   1   1   2   3  11  0.22 inf
  352 D    1  0  1  3 -3  2  3 -2  1 -3 -3  0 -3 -2 -1  0 -1 -5 -2 -3   12   5   6  20   0   8  18   2   3   1   2   6   0   2   2   6   4   0   1   1  0.35 inf
  353 I    0 -2 -3 -1 -3  0  1 -2 -3  3  2 -2  0 -3 -3 -1  0 -2 -3  1    9   1   1   4   0   4   9   2   0  20  23   1   1   0   1   4   7   1   0  10  0.24 inf
  354 L    3 -4 -5 -5 -2 -1 -3 -3 -1  1  3 -4  0  1 -5 -3 -2 -1 -3  2   28   0   0   0   1   2   1   1   2   9  35   0   1   5   0   1   1   1   0  12  0.58 inf
  355 M   -1 -1 -3 -1 -2  0  1 -3 -1  0  2 -1  5  2 -4 -2 -1  2  1  0    5   2   1   3   1   4  11   1   1   4  17   5  21   8   0   2   3   3   4   5  0.31 inf
  356 K    0  3 -1  1 -6  0  0 -2 -3 -5 -5  4 -4 -5  4 -1 -2 -6 -4 -3    7  18   3   7   0   4   4   2   0   0   1  26   0   0  21   3   2   0   0   1  0.72 inf
  357 L   -1  0 -3 -4 -3 -2 -3 -1 -2 -1  4 -2  2 -2 -1 -2  0 -3 -4  0    4   5   1   1   0   2   1   6   1   2  50   3   5   1   3   2   7   0   0   7  0.49 inf
  358 F   -2  0 -2 -1 -4  0  1 -2 -2  0  1 -1 -2  5  0 -2 -1  0  0  0    3   5   2   3   0   4   9   4   0   4  11   4   0  32   4   3   3   1   2   7  0.35 inf
  359 R   -2  5  1 -1  1  0  1 -2  4 -4 -2  3 -2 -5 -3 -2 -2 -3 -2 -5    2  32   7   4   3   4   8   2  10   1   5  15   1   0   1   1   2   0   2   0  0.61 inf
  360 N   -3  0  4 -2 -6 -2 -1  1  2 -6 -6  1 -4 -6  5  2 -3 -6 -5 -6    1   6  22   1   0   1   3  13   4   0   0  10   0   0  25  14   0   0   0   0  0.81 inf
  361 M   -2 -6 -6 -7 -2 -5 -5 -7 -6  4  3 -6  4 -1 -6 -5 -4 -5 -2  5    2   0   0   0   1   0   0   0   0  25  26   0   8   2   0   0   0   0   1  34  1.08 inf
  362 T   -2  7 -1 -5 -1  1 -4 -5 -5 -6 -6 -2 -5 -7 -6 -1  3 -7 -6 -4    3  60   3   0   1   5   0   0   0   0   0   1   0   0   0   5  21   0   0   1  1.55 inf
  363 L   -6 -6 -5 -8 -3 -6 -7 -8 -7 -3  6 -7  3 -1 -4 -6 -5 -6 -2 -2    0   0   1   0   1   0   0   0   0   0  87   0   6   2   1   0   0   0   1   1  1.89 inf
  364 L   -3 -6 -7 -7 -5 -5 -6 -7 -6  3  5 -5  4 -2 -6 -6 -4 -5 -5  2    1   0   0   0   0   0   0   0   0  18  58   0  10   1   0   0   0   0   0  11  1.31 inf
  365 S   -4 -6  4 -5 -6 -4 -6  7 -5 -7 -7 -5 -6  0 -6  0 -5 -7 -6 -7    0   0  20   0   0   0   0  69   0   0   0   0   0   4   0   5   0   0   0   0  1.84 inf
  366 V   -4 -6 -7 -7 -3 -6 -6 -7 -7  5  3 -4 -1 -4 -6 -6 -4 -6 -5  5    0   0   0   0   0   0   0   0   0  28  24   1   1   0   0   0   0   0   0  46  1.41 inf
  367 C    2 -2 -3 -5  7 -4 -4  2 -1 -5 -5 -4 -5 -6 -5  4  3 -6 -5 -4   14   3   0   0  22   0   0  13   1   0   0   0   0   0   0  28  18   0   0   0  1.02 inf
  368 F    1 -5 -6 -6 -4 -5 -6 -6 -5  1  3 -5  1  4 -6 -4 -3 -4 -2  5   12   0   0   0   0   0   0   0   0   5  25   0   3  19   0   0   0   0   0  37  0.93 inf
  369 C    1 -5 -2 -4  3 -3 -4 -1 -1 -5 -5 -3 -5 -2 -5  5  4 -6 -2 -4    9   0   1   0   6   1   0   5   2   0   0   1   0   2   0  47  27   0   1   0  1.04 inf
  370 N   -2 -3  7 -3 -6 -2 -4  1  1 -7 -7  3 -6 -7 -3  0 -4 -7 -6 -6    3   0  56   0   0   1   0  10   3   0   0  20   0   0   1   6   0   0   0   0  1.48 inf
  371 L   -5 -6 -7 -7 -5 -6 -7 -7 -6 -3  5 -6  5  6 -7 -6 -5 -4 -3 -2    0   0   0   0   0   0   0   0   0   0  50   0  16  33   0   0   0   0   0   1  1.64 inf
  372 K   -3  2 -3 -2 -6  5  5 -4 -2 -5 -5  4 -4 -6 -4 -3 -3 -5 -4 -5    0   7   0   0   0  29  36   0   0   0   0  28   0   0   0   0   0   0   0   0  1.16 inf

                      K         Lambda
Standard Ungapped    0.1348     0.3190
Standard Gapped      0.0524     0.2670
PSI Ungapped         0.1710     0.3135
PSI Gapped           0.0524     0.2670
