
Last position-specific scoring matrix computed, weighted observed percentages rounded down, information per position, and relative weight of gapless real matches to pseudocounts
           A  R  N  D  C  Q  E  G  H  I  L  K  M  F  P  S  T  W  Y  V   A   R   N   D   C   Q   E   G   H   I   L   K   M   F   P   S   T   W   Y   V
    1 M   -2 -3 -4 -5 -3 -2 -4 -4 -3  0  1 -3  9 -1 -4 -3 -2 -3 -3 -1    0   0   0   0   0   0   0   0   0   0   1   0  99   0   0   0   0   0   0   0  1.67 inf
    2 L    0 -1  2 -1 -3  2  3 -2  0 -1 -1  1  3 -2 -2  0  0 -3 -2 -1    8   0  12   0   0  12  25   0   1   1   2   9  20   0   0   2   5   0   0   2  0.25 inf
    3 E   -1  0  2 -1 -3  4  1 -2  1 -2 -2  2 -1 -3 -2  0  2 -3 -2 -2    0   3  16   0   0  36   6   0   3   1   2  12   0   0   0   1  18   0   0   2  0.42 inf
    4 G   -1 -4 -2 -3 -4 -3 -3  7 -3 -5 -5 -3 -4 -4 -3 -1 -3 -4 -4 -4    0   0   0   0   0   0   0 100   0   0   0   0   0   0   0   0   0   0   0   0  1.65 inf
    5 K   -1  0  0 -2 -2  0 -1 -3 -2  0 -2  3 -2 -3 -2  0  5 -4 -3 -1    0   3   2   0   0   2   0   0   0   5   0  29   0   0   0   1  56   0   0   3  0.53 inf
    6 V   -1 -4 -4 -4 -2 -3 -4 -4 -4  2  0 -4  0 -2 -4 -3 -1 -4 -2  6    0   0   0   0   0   0   0   0   0   1   0   0   0   0   0   0   0   0   0  99  1.03 inf
    7 K   -2  1 -1 -2 -4  0  0 -3 -2 -4 -4  7 -3 -5 -2 -1 -2 -4 -3 -4    0   0   0   0   0   0   0   0   0   0   0 100   0   0   0   0   0   0   0   0  1.28 inf
    8 W   -4 -5 -6 -6 -4 -4 -5 -4 -4 -5 -4 -5 -3 -1 -6 -5 -4 12  1 -5    0   0   0   0   0   0   0   0   0   0   0   0   0   0   0   0   0 100   0   0  3.74 inf
    9 F   -4 -4 -5 -5 -4 -5 -5 -5 -3 -2 -1 -5 -1  8 -5 -4 -4  0  2 -2    0   0   0   0   0   0   0   0   0   0   0   0   0 100   0   0   0   0   0   0  1.76 inf
   10 N   -3 -2  7  1 -4 -1 -1 -2 -1 -5 -5 -1 -4 -4 -3  0 -1 -5 -3 -4    0   0  93   3   0   0   0   0   0   0   0   0   0   0   0   4   0   0   0   0  1.44 inf
   11 S    4 -2  1  0 -2 -1 -1  0 -2 -2 -2 -1 -2 -3 -1  2 -1 -4 -3 -2   61   0  10   4   0   1   2   3   0   1   1   0   0   0   2  16   0   0   0   0  0.45 inf
   12 E   -1 -1 -1  3 -5  1  6 -3 -1 -4 -4  0 -3 -4 -2 -1 -1 -4 -3 -4    2   0   1  15   0   1  77   0   0   0   0   3   0   0   0   1   2   0   0   0  1.00 inf
   13 K   -2  1 -1 -2 -4  0  0 -3 -2 -4 -4  7 -3 -4 -2 -1 -2 -4 -3 -4    0   1   0   0   0   0   1   0   0   0   0  98   0   0   0   0   0   0   0   0  1.24 inf
   14 G   -1 -4 -2 -3 -4 -3 -3  7 -3 -5 -5 -3 -4 -4 -3 -1 -3 -4 -4 -4    0   0   0   0   0   0   0 100   0   0   0   0   0   0   0   0   0   0   0   0  1.65 inf
   15 F   -3 -4 -4 -5 -4 -4 -4 -4 -1 -2 -1 -4 -1  7 -5 -3 -3  0  6 -2    0   0   0   0   0   0   0   0   0   0   0   0   0  64   0   0   0   0  36   0  1.38 inf
   16 G   -1 -4 -2 -2 -4 -3 -3  7 -3 -5 -5 -3 -4 -4 -3 -1 -3 -4 -4 -4    0   0   0   1   0   0   0  99   0   0   0   0   0   0   0   0   0   0   0   0  1.62 inf
   17 F   -4 -4 -5 -5 -4 -5 -5 -5 -3 -2 -1 -5 -1  8 -5 -4 -4  0  2 -2    0   0   0   0   0   0   0   0   0   0   0   0   0 100   0   0   0   0   0   0  1.76 inf
   18 I   -3 -4 -5 -4 -2 -4 -5 -5 -5  7  1 -4  0 -1 -4 -4 -2 -4 -3  2    0   0   0   0   0   0   0   0   0  98   1   0   0   0   0   0   0   0   0   1  1.14 inf
   19 E    0 -1 -1  0 -3  1  5 -2 -1 -3 -3  0 -2 -4 -2  2  2 -4 -3 -3    3   0   0   0   0   5  59   0   0   0   0   0   0   0   0  16  17   0   0   0  0.67 inf
   20 V   -1  4 -1 -2 -2  1 -1 -1 -2  0 -1  0 -1 -2 -3 -1  0 -3 -2  2    4  36   0   1   0   6   0   6   0   2   2   1   1   0   0   3   6   0   1  31  0.25 inf
   21 E   -2 -1  0  2 -5  1  6 -3 -1 -4 -4  0 -3 -4 -1 -1 -2 -4 -3 -4    1   0   2  10   0   1  82   0   0   0   0   0   0   0   2   2   1   0   0   0  1.07 inf
   22 G   -1 -2  2  3 -3 -1  1  4 -2 -4 -4 -1 -3 -4 -2  0 -1 -4 -3 -4    2   0  13  27   0   1   7  44   0   0   0   0   0   0   0   5   1   0   0   0  0.65 inf
   23 Q   -1 -3 -1 -2 -4 -1  0  6 -2 -5 -5 -2 -4 -4 -3 -1 -3 -4 -4 -4    1   0   1   0   0   2   7  88   0   0   0   0   0   0   0   0   0   0   0   0  1.28 inf
   24 D   -1 -1  3  4 -3  0  2  0 -1 -3 -4  1 -3 -4 -1  1  0 -4 -3 -3    1   0  16  34   0   3  14   8   0   0   0   8   0   0   2   9   4   0   0   0  0.46 inf
   25 D   -3 -3  0  7 -5 -2  1 -3 -2 -5 -5 -2 -4 -5 -3 -2 -2 -6 -5 -5    0   0   0  99   0   0   1   0   0   0   0   0   0   0   0   0   0   0   0   0  1.68 inf
   26 V   -1 -4 -4 -4 -2 -3 -4 -4 -4  2  0 -4  0 -2 -4 -3 -1 -4 -2  6    0   0   0   0   0   0   0   0   0   2   1   0   1   0   0   0   0   0   0  96  0.99 inf
   27 F   -4 -4 -5 -5 -4 -5 -5 -5 -3 -2 -1 -5 -1  8 -5 -4 -4  0  2 -2    0   0   0   0   0   0   0   0   0   0   0   0   0 100   0   0   0   0   0   0  1.76 inf
   28 V    1 -4 -4 -4 -2 -3 -3 -4 -4  1  0 -3  0 -2 -3 -2 -1 -4 -2  6   11   0   0   0   0   0   0   0   0   0   0   0   0   0   0   0   0   0   0  89  0.83 inf
   29 H   -3 -2 -1 -3 -5 -1 -2 -4 10 -5 -4 -2 -3 -3 -4 -2 -3 -4  0 -5    0   0   0   0   0   0   0   0 100   0   0   0   0   0   0   0   0   0   0   0  2.26 inf
   30 F   -3 -4 -4 -5 -4 -4 -4 -4 -2 -2 -1 -4 -1  8 -5 -4 -3  0  4 -2    0   0   0   0   0   0   0   0   0   0   0   0   0  88   0   0   0   0  11   0  1.53 inf
   31 S    0 -2 -1 -2 -2 -1 -1 -2 -2 -4 -4 -1 -3 -4 -2  6  1 -4 -3 -3    0   0   0   0   0   0   0   0   0   0   0   0   0   0   0  95   5   0   0   0  1.03 inf
   32 A    5 -3 -2 -3 -2 -1 -1  0 -3 -3 -3 -2 -2 -3 -2  0 -1 -4 -3 -1   92   0   1   0   0   1   1   3   0   0   0   0   0   0   0   3   0   0   0   0  0.87 inf
   33 I   -3 -4 -5 -4 -2 -4 -5 -5 -5  7  1 -4  0 -1 -4 -4 -2 -4 -3  2    0   0   0   0   0   0   0   0   0  98   1   0   0   0   0   0   0   0   0   1  1.15 inf
   34 Q   -1  0  0 -1 -4  7  1 -3 -1 -4 -3  0 -2 -4 -3 -1  0 -3 -3 -3    2   0   4   0   0  82   4   0   0   0   1   1   0   0   0   1   4   0   0   1  1.12 inf
   35 G    0 -2 -1  0 -2  0  0  5 -2 -3 -3 -1 -1 -4 -2  1  1 -3 -3 -3    4   0   1   3   0   3   8  53   0   0   0   1   2   0   0  14  10   0   0   0  0.57 inf
   36 E   -2 -2  0  5 -5  0  5 -2 -1 -4 -4 -1 -4 -4 -2 -1 -2 -5 -4 -4    0   0   3  47   0   1  47   0   0   0   0   1   0   0   0   1   0   0   0   0  1.00 inf
   37 G   -1 -4 -2 -3 -4 -3 -3  7 -3 -5 -5 -3 -4 -4 -2 -1 -3 -4 -4 -4    0   0   0   0   0   0   0  98   0   0   0   0   0   0   2   0   0   0   0   0  1.59 inf
   38 F   -3 -2 -4 -5 -4 -4 -4 -4 -2 -2 -1 -4 -1  7 -5 -3 -3  0  5 -2    0   2   0   0   0   0   0   0   0   0   0   0   0  79   0   0   0   0  19   0  1.40 inf
   39 K   -2  2 -1 -2 -4  0  0 -3 -2 -4 -4  7 -3 -4 -2 -1 -2 -4 -3 -4    0   4   0   0   0   0   0   0   0   0   0  96   0   0   0   0   0   0   0   0  1.21 inf
   40 T    0 -2  0 -2 -2 -1 -2 -2 -2 -2 -3 -1 -2 -3 -2  3  5 -4 -3 -2    2   0   3   0   0   0   0   0   0   0   0   0   0   0   0  36  60   0   0   0  0.75 inf
   41 L   -3 -3 -5 -5 -2 -3 -4 -5 -4  1  5 -4  1 -1 -4 -4 -2 -3 -2  0    0   0   0   0   0   0   0   0   0   1  99   0   0   0   0   0   0   0   0   0  0.99 inf
   42 E   -1 -1  0  4 -4  1  5 -3 -1 -4 -4  0 -3 -4 -2 -1 -1 -4 -3 -3    3   0   2  30   0   1  60   0   0   0   0   1   0   0   0   1   1   0   0   0  0.89 inf
   43 E   -2 -1 -1  1 -5  1  7 -3 -1 -5 -4  0 -3 -5 -2 -1 -2 -4 -3 -4    0   0   0   4   0   0  95   1   0   0   0   0   0   0   0   0   0   0   0   0  1.33 inf
   44 G   -1 -4 -1 -2 -4 -3 -3  7 -3 -5 -5 -3 -4 -4 -3 -1 -3 -4 -4 -4    0   0   0   1   0   0   1  98   0   0   0   0   0   0   0   0   0   0   0   0  1.58 inf
   45 Q   -2  0 -1 -1 -4  7  1 -3 -1 -4 -4  0 -2 -5 -3 -1 -2 -3 -3 -4    1   0   0   2   0  92   4   0   0   0   0   0   0   0   0   1   0   0   0   0  1.39 inf
   46 A    1  2  0  1 -3  1  2 -1  1 -3 -3  2 -2 -3 -1  1  0 -3 -2 -2   18  10   4   5   0   3  21   1   3   0   1  20   0   0   1   9   3   0   0   1  0.27 inf
   47 V   -1 -4 -4 -4 -2 -3 -4 -4 -4  2  0 -4  0 -2 -4 -3 -1 -4 -2  6    0   0   0   0   0   0   0   0   0   0   0   0   0   0   0   0   0   0   0 100  1.05 inf
   48 S   -1 -1  0  0 -3  1  4 -2 -1 -3 -3  0 -2 -3 -2  2  3 -4 -3 -2    0   0   3   1   0   4  40   0   0   1   0   0   0   0   0  25  25   0   0   0  0.50 inf
   49 F   -4 -4 -4 -5 -4 -5 -5 -5 -2 -1 -1 -5 -1  8 -5 -4 -4  0  2 -2    0   0   0   0   0   0   0   0   0   0   1   0   0  97   0   0   0   0   2   0  1.68 inf
   50 E   -2 -2  1  5 -4  0  4 -2 -1 -4 -4 -1 -3 -4 -2 -1 -1 -5 -4 -4    0   0   5  48   0   0  44   0   0   0   0   0   0   0   0   1   1   0   0   0  0.96 inf
   51 I   -2 -4 -4 -4 -2 -3 -3 -4 -4  5  1 -3  0 -1 -4 -3 -1 -4 -2  4    0   0   0   0   0   0   1   0   0  54   1   0   0   0   0   0   1   0   0  43  0.73 inf
   52 V   -1 -2 -2 -1 -3  0  4 -3 -2  1 -1 -1 -1 -3 -3 -1  1 -4 -2  4    1   0   0   0   0   1  38   0   0   3   0   0   0   0   0   0   9   0   0  48  0.43 inf
   53 E   -2 -1  0  3 -4  3  5 -3 -1 -4 -4  0 -3 -4 -2 -1 -1 -4 -3 -3    0   0   2  16   0  19  58   0   0   0   0   2   0   0   0   2   1   0   0   0  0.82 inf
   54 G   -1 -3 -1 -2 -4 -3 -3  6 -3 -5 -5 -3 -4 -4 -3  0 -2 -4 -4 -4    1   0   0   0   0   0   0  92   0   0   0   0   0   0   0   7   0   0   0   0  1.43 inf
   55 N    1 -1  3  3 -3  3  1 -1 -1 -3 -3 -1 -2 -4  1  0 -1 -4 -3 -3   19   0  25  18   0  22   5   0   0   0   0   0   0   0   5   3   1   0   0   0  0.42 inf
   56 R   -3  7 -2 -3 -5  0 -1 -3 -1 -4 -3  3 -3 -4 -3 -2 -2 -4 -3 -4    0  87   0   0   0   0   0   0   0   0   0  13   0   0   0   0   0   0   0   0  1.33 inf
   57 G   -1 -4 -2 -3 -4 -3 -3  7 -3 -5 -5 -3 -4 -4 -3 -1 -3 -4 -4 -4    0   0   0   0   0   0   0 100   0   0   0   0   0   0   0   0   0   0   0   0  1.65 inf
   58 P   -1 -3 -3 -2 -4 -2 -1 -3 -3 -3 -1 -2 -2 -4  8 -2 -2 -5 -4 -3    3   0   0   2   0   0   2   0   0   0   9   1   1   0  82   0   0   0   0   0  1.85 inf
   59 Q   -2  0 -1 -2 -5  8  1 -3 -1 -4 -4  0 -2 -5 -2 -2 -2 -4 -3 -4    0   0   0   0   0  99   0   0   0   0   0   0   0   0   1   0   0   0   0   0  1.58 inf
   60 A    6 -3 -3 -3 -2 -2 -2 -1 -3 -3 -3 -2 -2 -3 -2  0 -1 -4 -3 -1   99   0   0   0   0   0   0   0   0   0   0   0   0   0   0   1   0   0   0   0  1.00 inf
   61 A    4 -2 -2 -1 -1 -1  1 -1 -2 -1 -2 -1 -2 -3 -2  1  1 -3 -2  1   57   0   0   1   0   0  10   0   0   0   0   2   0   0   0   8  12   0   0   9  0.38 inf
   62 N   -3 -2  8  0 -4 -1 -1 -2  0 -5 -5 -1 -4 -4 -3  0 -1 -5 -3 -4    0   0  95   1   0   0   2   0   0   0   0   1   0   0   0   1   0   0   0   0  1.47 inf
   63 V   -1 -4 -4 -4 -2 -3 -4 -4 -4  3  0 -3  0 -2 -4 -3 -1 -4 -2  6    0   0   0   0   0   0   0   0   0  11   0   0   0   0   0   0   0   0   0  89  0.90 inf
   64 T   -1 -1  0 -2 -1  1 -1 -3 -2  1 -1 -1  0 -2 -2  0  2 -3 -1  3    1   3   5   0   1   8   4   0   1   7   0   1   0   1   0   4  23   0   1  43  0.23 inf
   65 K   -2  2 -1 -2 -4  0  0 -3 -2 -4 -4  6 -3 -4 -2 -1 -2 -4 -3 -3    0   7   0   0   0   0   0   0   0   0   0  91   0   0   1   0   1   0   0   0  1.10 inf
   66 E   -1  0  2  2 -3  2  1 -2  0 -1  0  1  0 -2 -1  0  0 -3 -2 -1    2   0  19  18   0  16   4   0   2   2  13  11   2   0   1   1   5   0   0   4  0.18 inf
   67 A    4 -1 -1 -1 -1 -1 -1  0 -2 -2 -2 -1 -1 -3 -1  3  0 -3 -2 -1   57   0   0   0   0   0   0   3   0   0   0   0   0   0   0  40   0   0   0   0  0.41 inf

                      K         Lambda
Standard Ungapped    0.1351     0.3144
Standard Gapped      0.0589     0.2670
PSI Ungapped         0.1914     0.3117
PSI Gapped           0.0589     0.2670
