
Last position-specific scoring matrix computed, weighted observed percentages rounded down, information per position, and relative weight of gapless real matches to pseudocounts
           A  R  N  D  C  Q  E  G  H  I  L  K  M  F  P  S  T  W  Y  V   A   R   N   D   C   Q   E   G   H   I   L   K   M   F   P   S   T   W   Y   V
    1 L   -4 -5 -6 -6 -4 -5 -6 -6 -6  5  5 -5  1 -2 -5 -5 -3 -5 -4  2    0   0   0   0   0   0   0   0   0  31  53   0   2   0   0   0   0   0   0  14  1.17 inf
    2 A    5 -3 -3  0  0 -2 -2  3 -3 -4 -4 -3 -4 -5 -1  0 -2 -5 -5 -1   57   0   0   5   2   2   2  20   0   0   1   0   0   0   2   4   1   0   0   3  0.82 inf
    3 A    0 -3 -3  1 -6 -1  2 -5 -5 -6 -5 -3 -4 -7  7 -2 -2 -7 -6 -5    7   1   1   9   0   2  15   0   0   0   0   0   0   0  60   3   2   0   0   0  1.59 inf
    4 G   -2 -5 -3 -2 -4  2 -3  7 -2 -7 -7 -4 -6 -7 -5 -3 -5 -6 -6 -6    1   0   1   3   0   9   1  83   1   0   0   0   0   0   0   1   0   0   0   0  1.90 inf
    5 A    6 -4 -4 -5 -2 -4 -4 -3 -5 -1 -1 -4 -3  1 -4  1 -1 -5 -4  1   67   0   0   0   0   0   0   0   0   3   5   0   0   5   0   8   2   0   0   9  0.99 inf
    6 V   -1  1 -4 -4  1 -3 -3 -5 -1  1 -1 -3  2  1 -5 -3 -1  3  1  5    4  10   0   1   3   1   1   0   2   5   4   0   5   7   0   1   3   3   5  45  0.54 inf
    7 I   -3 -4 -4 -5 -5 -3 -4 -6  7  2  3 -4 -1 -3 -5 -4 -4  1  0  3    1   0   0   0   0   1   0   0  34  14  25   0   1   0   0   0   0   2   2  20  1.05 inf
    8 L   -4 -5 -6 -6 -4 -4 -5 -6  0  0  5 -5  1  0 -6 -5 -4  2  0  2    0   0   0   0   0   0   0   0   3   3  65   0   2   3   0   0   0   2   3  16  1.08 inf
    9 R   -3  5 -4 -5 -6 -2 -3 -4  1 -6 -6  1 -5 -7  7 -3 -3 -7 -4 -5    1  37   0   0   0   1   0   1   3   0   0   6   0   0  48   1   1   0   0   0  1.65 inf
   10 R   -1  2 -2  2 -6 -3 -2  6 -2 -7 -6 -4 -6 -6 -5 -3 -4 -6 -6 -6    3  11   1  11   0   1   2  68   1   0   0   0   0   0   0   1   0   0   0   0  1.44 inf
   11 F   -4 -1 -6 -7 -6 -4 -5 -6  1 -3  0 -6 -2  7 -7 -6 -5  9  4 -4    1   4   0   0   0   1   1   0   3   0   8   0   1  44   0   0   0  25  11   1  1.77 inf
   12 A    5 -4 -4 -1 -4 -4 -3 -3 -5 -2  3 -4 -1 -2 -4  0 -3 -5 -2 -1   47   0   0   3   0   0   1   0   0   0  35   0   1   1   0   6   0   0   1   3  0.75 inf
   13 F   -2  3 -2  2 -2 -1 -1 -2 -2 -1  3 -1 -1  0 -2 -1  0 -1 -2 -1    2  21   1  12   1   1   2   4   1   2  32   2   0   3   2   5   5   1   1   2  0.27 inf
   14 N    2 -1 -2  2 -4  0  2 -1 -2 -4 -3 -2 -2 -5  5  0 -1 -5 -4 -3   22   3   1  12   0   4  12   3   1   0   2   1   1   0  28   6   2   0   0   1  0.62 inf
   15 A    2  2 -1  1 -2  2  2 -1  1 -1 -3 -1 -2 -3 -3  0 -1  3 -1 -1   20  13   1   8   1  12  15   3   3   3   1   1   1   1   0   4   3   5   2   4  0.26 inf
   16 A    3 -2 -3  0 -5  6  1 -2 -3 -2 -3 -2 -1 -5 -4 -2 -2 -5 -4 -1   28   2   0   5   0  41   9   2   0   3   2   0   1   0   0   1   2   0   0   4  0.83 inf
   17 E    1  3 -2  1 -5  4  3 -1 -1 -4 -4 -1 -3 -5  1 -1 -1 -5 -4 -3   12  19   1   8   0  19  21   4   1   0   0   2   0   0   7   3   2   0   0   1  0.53 inf
   18 Q    3  2 -2  2 -4  1  3 -2 -1 -4 -4 -2 -3 -5 -2 -1 -1 -3 -3 -3   33  14   1  10   0   7  21   2   1   0   1   0   0   0   1   3   3   0   0   1  0.51 inf
   19 L   -3 -4 -6 -6 -3 -5 -6 -7 -6  1  6 -5  1 -2 -6 -5 -3 -2 -3 -1    2   1   0   0   0   0   0   0   0   5  84   0   3   1   0   0   1   1   0   3  1.47 inf
   20 I   -2 -4 -6 -6 -3 -4 -5 -5 -3  2  4 -4  2 -2 -5 -4 -3  0 -2  4    3   1   0   0   0   0   0   0   1  10  48   1   4   1   0   0   0   2   1  29  0.88 inf
   21 R    3  1 -2  1 -3  1  3 -2  0 -3 -3 -1 -2 -5  1  0  0 -5 -4 -2   32   8   1   9   0   6  20   1   2   1   2   1   1   0   7   4   6   0   0   1  0.40 inf
   22 D    4 -1 -2  2 -2  0  1  0  0 -3 -2 -3 -2 -4 -3 -1 -1 -3 -4 -2   47   4   1  13   1   3  10   6   2   1   3   0   1   0   0   3   2   0   0   1  0.52 inf
   23 I   -2 -5 -6 -5  7 -5 -4 -6 -6  4  3 -5 -1 -2 -5 -4 -3 -5 -4  3    1   0   0   0  24   0   1   0   0  29  24   0   1   1   0   1   1   0   0  18  1.06 inf
   24 N   -1  6 -1  1 -5  2  1 -3  1 -3 -2 -1  0 -4 -3 -2 -3 -5 -4 -3    6  51   3   7   0   7   9   2   3   1   3   1   2   0   1   2   1   0   0   1  0.83 inf
   25 D    2  1 -1  2 -3  1  2  1  0 -4 -3 -1 -2 -3  0  0  0 -4 -3 -3   25   8   2  12   0   6  16   9   2   0   1   1   1   1   4   4   7   0   0   1  0.29 inf
   26 V   -3 -3 -6 -6 -1 -5 -5 -3 -1  4 -1 -5 -2 -2 -6 -5 -3  8 -3  4    2   1   0   0   1   0   0   3   2  24   4   0   0   1   0   0   1  24   0  37  1.25 inf
   27 A    4 -3 -3 -3 -2 -2 -3 -2 -4  1  2 -3  0 -2 -3  0  0 -4 -3  2   38   0   0   1   0   1   1   1   0   7  18   0   2   1   0   5   7   0   0  17  0.42 inf
   28 S    4  4 -2 -2 -3  1  0 -1 -1 -3 -2  1 -3 -4 -3  0 -1 -4 -4 -3   35  26   1   2   0   5   5   5   1   1   3   6   0   0   1   6   3   0   0   1  0.48 inf
   29 Q    2  1 -1 -1 -2  4  1 -3 -1 -2 -2 -1 -2 -4  4 -1 -1 -2 -3 -1   19   7   2   3   1  21   8   1   1   2   4   3   0   0  20   3   2   1   0   4  0.43 inf
   30 S    5 -2  0 -3 -3 -3 -3 -2 -2 -4 -4 -3 -3 -5 -3  3 -2 -5 -4  1   61   2   4   1   0   0   0   1   1   0   0   0   0   0   1  19   1   0   0   9  0.93 inf
   31 P   -2 -6 -5 -5 -6 -5 -5  2 -3 -7 -7 -5 -4 -7  8 -4 -4 -7 -7 -6    2   0   0   0   0   0   0  15   1   0   0   0   0   0  81   0   0   0   0   0  2.49 inf
   32 F   -3 -5 -6 -6 -4 -5 -5 -6 -4 -1  3 -5  3  6  0 -5 -2  3  1 -2    1   0   0   0   0   0   0   0   0   3  35   0   7  40   5   0   2   4   3   1  1.07 inf
   33 R   -3  7 -4 -5 -6 -1 -3 -5 -1 -4 -4 -2 -3  3 -5 -3 -3 -2  3 -2    1  65   0   0   0   2   1   0   1   1   1   0   0  14   0   1   1   0  10   2  1.42 inf
   34 Q   -2  3  0 -3 -5  3 -2 -4  7 -4 -4 -1 -4 -4 -4  0  2 -4 -1 -1    3  17   4   0   0  14   0   0  33   1   0   2   0   0   0   7  14   0   1   4  0.87 inf
   35 M   -2 -1 -4 -5 -4 -2 -4 -5  1 -1  0 -4  7 -2  5 -3  1 -2 -1  0    3   3   0   0   0   2   0   0   3   1   6   0  35   1  26   0   9   0   2   7  0.96 inf
   36 V    0  3 -3 -3 -2  1  0 -4 -1  1 -1 -1  2 -3 -2 -1  1 -4 -2  3    7  19   0   0   1   6   6   0   2   8   2   3   6   0   1   3   9   0   0  27  0.28 inf
   37 T   -3 -5 -4 -5 -4 -4 -5 -5 -5 -3  1 -4  6 -4 -4 -3  6 -5 -5  0    1   0   0   0   0   0   0   0   0   0  13   0  23   0   0   0  58   0   0   5  1.37 inf
   38 P   -2 -1 -6 -5 -7 -5 -5 -6 -6 -7 -7 -3 -6 -8  9 -4 -5 -8 -7 -6    2   4   0   0   0   0   0   0   0   0   0   2   0   0  91   1   0   0   0   0  2.89 inf
   39 G   -2  3  0 -3 -5 -3 -4  6 -3 -6 -6 -3 -1 -4 -5  0 -1 -4 -1 -5    1  18   4   1   0   0   0  62   0   0   0   0   2   1   0   5   4   0   2   0  1.18 inf
   40 G   -3 -6 -3 -4 -6 -5 -4  7 -6 -7 -7 -5 -6 -7 -6 -3 -4 -6 -7 -7    0   0   1   0   0   0   1  96   0   0   0   0   0   0   0   1   0   0   0   0  2.37 inf
   41 Y   -2  1 -1 -3 -5  0 -3  3  4 -4 -2  2 -3  2 -4 -2 -3 -1  3 -4    2   8   1   0   0   5   0  26  12   0   4  18   0  11   0   1   0   1  11   0  0.51 inf
   42 T    0  3 -2 -3 -4  0 -1 -4 -1 -3 -3  0 -2 -4  4 -1  3 -1 -2  1    6  18   0   0   0   5   3   0   1   0   1   4   1   0  23   3  20   1   1  13  0.50 inf
   43 M   -5 -6 -6 -7 -5 -5 -6 -7 -6 -2  0 -6 10  2 -7 -6 -5  0 -4 -3    0   0   0   0   0   0   0   0   0   1   6   0  84   8   0   0   0   1   0   1  2.75 inf
   44 S   -2 -4 -1 -4 -4 -2 -4 -3 -4 -6 -6 -3 -5 -6 -4  7  1 -6 -5 -5    1   0   2   0   0   1   0   1   0   0   0   1   0   0   0  88   6   0   0   0  1.78 inf
   45 V    1 -6 -6 -6 -4 -5 -5 -6 -6  0 -2 -5 -3 -4 -5 -4 -3 -6 -2  7   12   0   0   0   0   0   0   0   0   2   0   0   0   0   0   1   0   0   1  83  1.65 inf
   46 A    4  5 -3 -2 -1  1 -1 -2 -3 -4 -4  0 -4 -5 -4 -1 -3 -5 -4 -3   41  36   0   1   1   6   2   2   0   0   1   4   0   0   0   3   0   0   0   1  0.88 inf
   47 M   -3 -2 -4 -5 -4  1 -4 -5 -4 -1  1 -4  9 -3 -4 -1  1 -4 -4 -2    1   1   0   0   0   7   1   1   0   1   9   1  63   0   0   5   8   0   0   1  1.61 inf
   48 T   -2 -4 -3 -4 -3 -3 -4 -4 -5 -3 -2 -4 -3 -4 -4  3  6 -6 -5  1    1   0   0   0   0   1   0   0   0   0   3   0   0   1   0  22  61   0   0  10  1.25 inf
   49 N   -2 -4  6 -3  5 -3 -4 -3 -3 -4 -4 -4 -2 -5 -5  3 -2 -2 -5  1    3   0  48   0  12   0   0   1   0   0   1   0   1   0   0  23   0   1   0  10  1.15 inf
   50 C    1 -5 -5 -5 10 -5 -5 -4 -5 -3  0 -5 -2  0 -5 -3 -3 -4 -4 -2   12   0   0   1  65   0   1   1   0   1   8   1   1   4   0   1   1   0   0   2  2.07 inf
   51 G   -2 -4 -3 -3 -4 -3 -3  7 -4 -4 -2 -3 -4 -4 -3 -2 -3 -4 -4 -4    1   1   1   1   0   1   1  81   0   1   4   1   0   1   1   1   1   0   1   1  1.62 inf
   52 H    1  1 -1  1 -2  0  1  0  0 -2 -2  0 -2 -3  3  0  1 -3 -2 -2   16  10   2  11   0   4   8   5   2   1   2   4   1   1  14   7   9   0   1   2  0.23 inf
   53 L   -2 -1 -5 -5 -1 -3 -4 -4 -3 -1  5 -4 -1  2 -4 -4 -3  4  2  0    3   3   0   0   1   1   0   1   1   1  62   0   0   9   0   0   1   5   6   4  0.83 inf
   54 G   -3 -5 -3 -4 -5 -5 -5  7  1 -6 -6 -4 -5 -6 -3 -3 -4 -5 -5 -5    0   0   0   0   0   0   0  90   4   0   0   0   0   0   1   1   0   0   0   1  2.10 inf
   55 W   -6 -3 -7 -7 -6 -6 -6 -6 -6 -6 -5 -6 -5 -3 -7 -6 -6 13 -2 -6    0   2   0   0   0   0   0   0   0   0   0   0   0   0   0   0   0  93   0   0  4.51 inf
   56 T   -2 -3 -2 -4 -1 -2 -3 -4  4  2 -1 -3 -1  0 -4 -1  2 -3  0  4    2   0   1   0   1   1   0   1  13  10   2   0   1   4   0   4  14   0   3  41  0.58 inf
   57 T   -1 -4 -3 -4 -4 -3 -4 -3 -4 -4 -4 -4 -4 -4 -1  4  5  7 -3 -3    4   0   0   0   0   0   0   1   0   0   0   0   0   0   2  38  34  17   0   1  1.24 inf
   58 H   -5 -1  0  7 -6 -1 -1 -4  3 -5 -5 -3 -5 -5 -5 -2 -3 -6  2 -5    0   4   4  69   0   3   1   0   7   0   1   1   0   0   0   1   1   0   8   1  1.56 inf
   59 R    0  5 -2 -3 -4  0  0 -2 -1 -3 -4  2 -3 -4  3  0 -1  4 -3 -2    9  32   0   1   0   3   5   2   2   1   1  10   0   0  18   5   3   6   0   2  0.59 inf
   60 Q   -1  4  0 -1 -4  2 -1 -2  4 -4 -3  0 -3 -2 -4  1  1 -3  4 -4    5  24   3   2   0  10   3   2   9   0   1   5   0   0   0  10   8   0  17   0  0.50 inf
   61 G    0 -1 -4 -4 -3 -4 -5  7 -5 -6 -6 -3 -5 -6  1 -1 -4 -6 -6 -6    5   4   0   0   1   0   0  79   0   0   0   1   0   0   7   3   0   0   0   0  1.68 inf
   62 Y   -6 -5 -5 -7 -7 -6 -6 -7 -1 -6 -5 -6 -5 -1 -7 -6 -6 -2 10 -5    0   1   0   0   0   0   0   0   1   0   0   0   0   0   0   0   0   0  98   0  3.33 inf
   63 L   -1  7 -4 -5 -1  0 -2 -3 -2 -5 -2 -1 -4 -5 -5  0 -2 -6 -5 -4    6  72   0   0   1   3   1   1   1   0   4   1   0   0   0   7   2   0   0   1  1.47 inf
   64 Y   -4  2 -5 -5 -6 -5 -5 -6 -2 -5 -5 -4 -5 -1 -4 -5 -5 -2  9 -5    1  12   0   1   0   0   0   0   0   0   0   1   0   0   1   0   0   0  82   0  2.55 inf
   65 S    1 -2 -2  1 -3  4  1 -2 -3 -3 -3 -2 -3 -4 -3  2  3 -5 -4  0   11   1   0   8   0  19   8   2   0   1   2   0   0   0   0  20  22   0   0   6  0.46 inf
   66 P    2  2 -2  0 -4 -1  0 -2 -2 -3 -2 -1 -3 -4  5  0  0 -5 -4  0   22  13   1   4   0   2   6   2   0   0   3   2   0   0  28   5   5   0   0   6  0.53 inf
   67 I    0  1  0 -1 -1  0  0 -2  1  1  0 -1 -1 -1 -1 -1  2 -3 -1  1    5  11   3   3   1   5   4   2   4   7   7   3   1   2   3   3  20   0   1  16  0.10 inf
   68 D   -4 -4 -1  7 -6 -2 -1 -4  7 -6 -5 -4 -6 -6 -5 -3 -4 -7 -4 -5    1   0   1  63   0   1   1   1  28   0   1   0   0   0   0   1   0   0   0   1  1.91 inf
   69 P   -3 -5 -3  1 -6 -4 -3  1 -5 -6 -5 -4 -5 -6  8 -3 -4 -6 -6 -4    2   0   1   7   0   0   1  12   0   0   1   0   0   0  72   1   1   0   0   1  2.02 inf
   70 Q   -1  0 -1  2 -3  1  2 -2  0 -1  1 -1 -1 -2 -3 -1  0 -2 -2  1    5   4   1  15   0   9  13   3   2   1  17   3   1   1   0   3   5   0   0  16  0.15 inf
   71 T   -1 -2  2 -1 -3 -2 -2 -1 -2 -3 -3 -2 -3 -4  0  3  5 -4 -3 -2    2   1  10   3   0   1   1   4   0   1   1   1   0   0   5  20  47   0   0   2  0.75 inf
   72 N   -1 -2  0  0 -5  0 -2  6 -3 -5 -5 -2 -5 -6 -5 -2 -4 -5 -5 -1    3   2   5   5   0   4   2  70   1   0   0   1   0   0   0   1   0   0   0   5  1.27 inf
   73 K    1  4 -1 -2 -3  4  1 -2  0 -4 -1  2  0 -4 -2 -1 -1 -4 -3 -2   14  22   2   0   0  20   8   2   2   0   5  13   3   0   1   3   2   0   0   2  0.43 inf
   74 P    0  1 -3 -2 -6 -1 -3 -3 -2 -5 -4 -2 -4 -5  8 -2 -2 -6 -6 -3    6   9   1   2   0   2   1   2   1   0   1   1   0   0  67   2   2   0   0   2  1.70 inf
   75 W   -4 -4 -7 -8 -6 -6 -7 -5 -6 -5 -5 -7 -5  1 -7 -6 -6 12 -2  2    2   1   0   0   0   0   0   1   0   0   0   0   0   6   0   0   0  74   0  16  3.41 inf
   76 P   -1 -4 -5 -5 -6 -2 -4 -6 -4 -6 -4  0 -4 -7  8 -4 -4 -7 -6 -4    5   0   0   0   0   2   0   0   0   0   2   7   0   0  81   0   1   0   0   1  2.37 inf
   77 A    4 -3 -3  1 -4 -2  1 -3 -2 -4 -3 -2 -3 -5  5 -1 -2 -6 -5 -3   38   1   0   9   0   2   8   0   1   0   2   1   0   0  33   3   1   0   0   1  0.93 inf
   78 M   -4 -5 -6 -6 -5 -4 -6 -6 -5  4  2 -5  8  3 -4 -5 -4  1 -3 -1    0   0   0   0   0   0   0   0   0  26  14   0  45  11   1   0   0   2   0   1  1.44 inf
   79 P   -5 -6 -6 -6 -7 -5 -5 -6 -6 -6 -2 -5 -6 -4  9 -5 -5 -8 -7 -6    0   0   0   0   0   0   0   0   0   0   4   0   0   1  95   0   0   0   0   0  3.06 inf
   80 Q    2 -1 -1  3 -4  1  2  0 -1 -4 -3 -1 -3 -5  3  0 -1 -5 -4 -3   20   3   2  19   0   7  13   8   1   0   2   1   0   0  17   4   2   0   0   1  0.44 inf
   81 S    1 -1 -3 -1  0  0  1 -3 -3  0  0 -2  0 -2 -1  1  0  6 -2  2   16   4   0   3   2   3   9   1   0   4   9   1   3   0   3  12   5  12   0  15  0.23 inf
   82 F   -2 -5 -6 -6 -4 -5 -5 -6 -5  1  4 -5  1  6 -5 -5 -4  2 -1  0    3   0   0   0   0   0   0   0   0   5  45   0   2  36   0   0   0   3   0   5  1.09 inf
   83 H    0  2 -3 -3 -2  0 -2  0 -1  0  3 -1  2 -1 -3 -1 -1 -3 -2  0   11  17   0   1   1   4   1   9   1   2  33   2   5   2   0   3   2   0   0   7  0.22 inf
   84 N    2  1  0  3 -3  2  3 -1 -1 -4 -3  0 -3 -4 -3  0  0 -5 -4 -2   20   9   3  19   0   9  19   2   1   0   1   3   0   0   0   7   4   0   0   2  0.39 inf
   85 L   -1 -1 -5 -4 -4 -2 -5 -6 -5  2  5 -4  0 -1 -5 -4 -3  0 -3  0    5   4   0   1   0   1   0   0   0  12  69   0   1   1   0   0   0   1   0   3  0.98 inf
   86 C    5 -5 -5 -5  2 -4 -5  1 -5 -5 -4 -5 -4 -4 -5 -1 -4  9 -3 -3   50   0   0   0   4   0   0  12   0   0   1   0   0   0   0   2   0  30   0   1  1.59 inf
   87 Q    0  4  1  0 -1  2  1 -2  1 -2 -1  1 -2 -3 -3 -1  0 -3 -3 -1    9  27   6   5   1  13   7   3   4   2   5   4   0   0   0   1   6   0   0   5  0.28 inf
   88 R    2  3 -1  2 -4  3  2 -2  0 -4 -3  0 -2 -3 -3  0  0 -4 -3 -3   18  19   2  13   0  12  16   2   2   0   1   2   1   1   0   5   4   0   0   1  0.39 inf
   89 A    5 -4 -3 -3  0 -3 -3 -3 -4 -1  1 -3 -2 -2 -3 -2 -2 -2 -3  2   61   0   1   1   2   0   1   1   0   2  13   0   0   2   0   1   1   1   1  13  0.79 inf
   90 A    5 -4 -4 -3 -2 -3 -3 -3 -4 -2 -2 -3 -3 -4 -3  1  0  0 -4  1   62   0   0   1   0   0   0   0   0   2   3   0   0   0   0  10   6   1   0  12  0.88 inf
   91 T    2  0 -1  1 -3  1  1  1 -2 -2 -2 -1 -2 -3 -1  0  0 -2  0 -1   27   7   1   8   0   5  10  13   0   1   4   2   0   0   2   6   6   0   3   3  0.18 inf
   92 A    2  0 -1  1  0  1  3 -1  0 -2  0  0 -1 -2 -2 -1 -1  0 -1 -1   26   5   1   8   2   6  20   4   2   2   9   3   1   1   1   2   3   1   1   4  0.18 inf
   93 A    5 -2 -3 -3  0 -2 -1 -1 -3 -2 -1 -2 -2 -3 -1  0  0 -3 -1  0   63   1   1   1   2   1   3   2   0   1   5   2   1   1   2   3   4   0   2   5  0.70 inf
   94 G    1 -1 -1 -2 -3 -2 -2  6 -2 -4 -3 -2 -3 -3  0 -2 -2 -3  0 -3   10   4   2   2   0   1   3  57   1   1   3   1   0   1   5   2   1   0   4   1  0.83 inf
   95 Y    0 -2 -2 -1 -3 -2 -2  0  0 -2 -1 -3 -1  5 -1 -2 -2  2  5 -2    7   1   2   4   0   2   2   9   2   1   5   1   1  31   3   2   2   2  20   2  0.52 inf
   96 P    1 -1 -2  1 -2 -1  1 -1  0 -3 -3 -1 -2 -2  5  0  0 -3  1 -2   16   4   1   8   1   2   9   4   2   1   2   3   1   1  27   7   4   0   7   2  0.43 inf
   97 D   -1 -1  0  4 -3  0  1  3  2 -4 -4 -1 -3 -4  2 -1 -2 -4 -3 -4    5   2   3  27   1   4  11  23   5   0   1   2   0   0  10   3   2   0   0   1  0.50 inf
   98 F   -1  0 -3 -2 -4 -2 -3 -4 -1 -1 -1  0 -2  7 -1 -3 -2 -2  4 -1    6   6   0   2   0   1   1   1   1   2   3   6   0  47   3   1   3   0  12   4  0.77 inf
   99 Q    1  0 -1  0 -1  1  1 -3 -1 -2 -2 -1 -1 -3  4  0  1 -4 -2  0   15   6   2   5   1   8  10   1   1   2   2   1   1   0  20   6   9   0   1   9  0.30 inf
  100 P   -2 -6 -6 -5 -6 -5 -5 -5 -2 -6 -5 -5 -6 -6  9 -4 -4 -7  1 -6    2   0   0   0   0   0   0   0   1   0   1   0   0   0  89   0   1   0   5   0  2.77 inf
  101 D   -4 -4  1  7 -6  1  3 -4 -2 -6 -6 -3 -6 -6 -4 -3 -4 -7 -3 -6    0   0   4  69   0   6  18   0   1   0   0   0   0   0   0   1   0   0   1   0  1.70 inf
  102 A    5 -4 -4 -4  4 -4 -4 -3 -4  1 -3 -3 -3 -4 -4  1  1 -5 -4  0   57   0   0   0   8   0   0   0   0   7   1   0   0   0   0  10   8   0   0   7  0.86 inf
  103 C    3 -7 -6 -7 11 -6 -7 -3 -6 -5 -5 -6 -5 -6 -6 -4 -4 -6 -6 -4   20   0   0   0  77   0   0   2   0   0   0   0   0   0   0   0   0   0   0   0  2.99 inf
  104 L   -5 -6 -7 -7 -5 -6 -6 -7 -6 -1  7 -6 -1 -3 -6 -6 -5 -5 -4 -2    0   0   0   0   0   0   0   0   0   1  99   0   0   0   0   0   0   0   0   0  1.99 inf
  105 I   -4 -6 -6 -6 -4 -6 -6 -7 -6  7 -1 -6  0 -2 -6 -5 -3 -6 -4  5    0   0   0   0   0   0   0   0   0  60   3   0   1   1   0   0   0   0   0  35  1.58 inf
  106 N   -6 -4  9 -3 -7 -4 -4 -4 -3 -7 -8 -4 -6 -7 -6 -3 -4 -8 -6 -7    0   0 100   0   0   0   0   0   0   0   0   0   0   0   0   0   0   0   0   0  2.95 inf
  107 R   -4  5 -4 -5 -1 -1 -4 -4  1 -3  0 -2 -3  5 -5 -3 -4  3  3 -2    0  38   0   0   2   2   0   1   3   0  10   0   0  28   0   1   0   4   9   2  0.94 inf
  108 Y   -6 -6 -6 -7 -7 -6 -6 -7 -1 -6 -5 -6 -5  0 -7 -6 -6 -2 10 -5    0   0   0   0   0   0   0   0   1   0   0   0   0   1   0   0   0   0  99   0  3.38 inf
  109 A    1  0 -1  4 -3  1  2  1 -3 -2 -2 -1 -3 -4 -3  0 -1 -5 -3  0   15   6   1  26   0   6  11  13   0   1   3   1   0   0   0   6   3   0   0   7  0.33 inf
  110 P    1 -2 -3  1 -5 -2  1  0 -4 -3 -4 -2 -4 -5  6 -1 -1 -6 -5 -1   13   1   0   7   0   1  10   8   0   1   1   1   0   0  45   3   3   0   0   6  0.93 inf
  111 G    0 -3 -2  3 -5 -2  0  6 -1 -6 -6 -2 -5 -6 -4 -2 -1 -6 -5 -5    6   1   1  17   0   2   6  60   1   0   0   2   0   0   0   2   4   0   0   0  1.14 inf
  112 A    6 -5 -4 -4 -3 -4 -3 -3 -5 -4 -5 -4 -4 -5 -4  1  2 -6 -5 -3   79   0   0   1   0   0   1   0   0   0   0   0   0   0   0   7  11   0   0   1  1.41 inf
  113 K   -3  7 -3 -4 -6 -2 -3 -4  0 -6 -6  5 -5 -6 -5 -3 -3 -6 -5 -6    1  57   0   0   0   0   0   1   2   0   0  38   0   0   0   1   1   0   0   0  1.67 inf
  114 L   -5 -5 -6 -7 -5 -5 -6 -7 -6 -2  4 -5 10 -4 -6 -6 -5 -5 -5 -3    0   0   0   0   0   0   0   0   0   0  30   0  70   0   0   0   0   0   0   0  2.41 inf
  115 S   -2 -5 -3 -4 -5 -4 -4  6 -5 -6 -6 -4 -5 -6 -5  4  0 -6 -6 -5    1   0   0   0   0   0   0  62   0   0   0   0   0   0   0  30   7   0   0   0  1.47 inf
  116 L   -4 -4 -6 -7 -5 -4 -6 -7 -6 -2  6 -5  6 -3 -4 -5 -4 -5 -4 -2    0   1   0   0   0   0   0   0   0   0  77   0  20   0   1   0   0   0   0   0  1.65 inf
  117 H   -6 -5 -4 -6 -8 -4 -4 -7 11 -8 -7 -5 -6 -6 -7 -5 -6 -7 -2 -8    0   0   0   0   0   0   0   0 100   0   0   0   0   0   0   0   0   0   0   0  3.89 inf
  118 Q   -5  1 -4 -4 -3  9 -2 -6 -3 -4 -6 -2 -4 -7 -5 -4 -5 -6 -5 -3    0   8   0   0   1  88   0   0   0   1   0   0   0   0   0   0   0   0   0   2  2.41 inf
  119 D   -6 -5 -2  9 -7 -4 -2 -5 -5 -7 -7 -4 -7 -7 -5 -4 -5 -8 -7 -7    0   0   0  99   0   0   0   0   0   0   0   0   0   0   0   0   0   0   0   0  2.78 inf
  120 K   -2  5 -1 -3 -4  0 -1 -3 -3 -5 -5  6 -3 -6 -4 -1 -3 -3 -4 -4    3  35   2   0   0   2   2   1   0   0   0  47   1   0   0   4   0   0   0   0  1.20 inf
  121 D   -5 -5  3  8 -7 -4  0 -3 -3 -7 -7 -4 -6 -7 -5 -3 -3 -8 -6 -7    0   0  12  81   0   0   4   2   0   0   0   0   0   0   0   0   1   0   0   0  2.10 inf
  122 E   -5 -4 -4 -2 -8 -1  8 -6 -4 -7 -7 -3 -6 -7 -5 -4 -5 -7 -6 -6    0   0   0   0   0   1  99   0   0   0   0   0   0   0   0   0   0   0   0   0  2.50 inf
  123 P    2  4 -2 -1 -3  2  0 -1  1 -3 -2  1 -2 -4  0  0 -1 -4 -3 -2   18  31   1   2   0  11   6   4   4   1   3   6   0   0   4   4   2   0   1   1  0.40 inf
  124 D    0 -3  1  7  0 -3  0 -3 -3 -5 -5 -3 -3 -6 -4  2 -2 -6 -5 -5    9   1   6  57   2   0   3   0   0   0   0   0   1   0   0  18   1   0   0   0  1.19 inf
  125 L   -1 -2 -3 -4 -3 -2 -2 -3  1 -1  2 -2  0  5  0 -2 -1 -2  3 -1    5   2   1   1   0   2   2   1   3   1  27   3   2  31   5   1   4   0   8   2  0.47 inf
  126 R    1  2  1  3 -3  0  1  1 -2 -4 -4  0 -3 -4 -2  2  1 -4 -3 -3   13  13   5  18   0   3   6   9   1   0   1   3   0   0   0  19   8   0   1   1  0.33 inf
  127 A    5 -3 -3 -4 -2  3 -1 -3  1 -3 -3 -3 -2  0 -3 -1 -2  3 -1 -3   59   0   1   0   1  14   3   0   4   1   2   1   1   4   0   2   2   5   2   1  0.82 inf
  128 P   -3 -6 -6 -6 -7 -5 -5 -6 -6 -7 -5 -5 -7 -8  9 -5 -5 -8 -7 -6    2   0   0   0   0   0   0   0   0   0   1   0   0   0  97   0   0   0   0   0  3.22 inf
  129 I   -4 -6 -6 -6 -4 -6 -6 -7 -6  6 -2 -6 -2 -4 -6 -5 -3 -6 -4  6    0   0   0   0   0   0   0   0   0  47   1   0   0   0   0   0   0   0   0  53  1.65 inf
  130 V   -4 -6 -6 -7 -4 -6 -6 -7 -7  1  1 -6 -2 -4 -6 -5 -3 -6 -5  7    0   0   0   0   0   0   0   0   0   3  12   0   0   0   0   0   0   0   0  85  1.77 inf
  131 S   -3 -5 -2 -4 -5 -4 -4 -4 -5 -6 -6 -4 -5 -6 -5  7 -2 -7 -6 -6    0   0   1   0   0   0   0   0   0   0   0   0   0   0   0  99   0   0   0   0  2.23 inf
  132 V   -3 -5 -6 -6 -4 -5 -5 -6 -6  3  3 -5 -1  1 -5 -5 -3 -5 -3  5    0   0   0   0   0   0   0   0   0  17  24   0   0   5   0   0   0   0   0  53  1.09 inf
  133 S   -3 -5 -3 -4 -5 -4 -4 -4 -5 -6 -6 -4 -5 -6 -5  7 -2 -7 -6 -6    0   0   0   0   0   0   0   0   0   0   0   0   0   0   0  99   1   0   0   0  2.23 inf
  134 L   -5 -5 -7 -7 -4 -5 -6 -7 -6  1  6 -6 -1  0 -6 -6 -4 -5 -4 -1    0   0   0   0   0   0   0   0   0   6  89   0   0   3   0   0   0   0   0   2  1.65 inf
  135 G   -3 -6 -4 -5 -6 -6 -6  8 -6 -8 -8 -5 -7 -7 -6 -4 -5 -6 -7 -7    0   0   0   0   0   0   0 100   0   0   0   0   0   0   0   0   0   0   0   0  2.58 inf
  136 L   -1 -3  0  5 -1 -3 -2 -4 -4  0  3 -4  1 -4 -5 -3 -3 -5 -4 -1    4   1   4  42   1   1   0   0   0   4  35   0   3   0   0   0   0   0   0   4  0.81 inf
  137 P    0 -2 -3  2 -5 -3 -1 -4 -4 -5 -5 -3 -4 -6  6  1  3 -6 -5 -4    9   2   0  12   0   0   4   0   0   0   0   1   0   0  39  11  22   0   0   0  1.04 inf
  138 A    6 -4 -5 -5  8 -5 -5  0 -5 -3 -4 -4 -3 -6 -5 -3 -3 -6 -5 -3   62   0   0   0  29   0   0   7   0   1   0   0   0   0   0   0   0   0   0   1  1.59 inf
  139 I   -2  0 -4 -5 -3 -3 -4 -4 -3  3  2 -3  1 -2 -4 -3  2 -4 -2  4    0   7   0   0   0   0   0   0   1  13  22   0   4   0   0   1  13   0   1  36  0.58 inf
  140 F   -6 -7 -7 -8 -6 -7 -7 -7 -5 -4 -2 -7 -4  9 -8 -6 -6 -3  0 -5    0   0   0   0   0   0   0   0   0   0   2   0   0  98   0   0   0   0   1   0  3.02 inf
  141 Q   -3  6 -4 -3 -5  4 -3 -5 -3 -2  3 -1 -1 -4 -5 -3 -4 -5 -4 -3    1  49   0   1   0  18   0   0   0   1  27   0   1   0   0   1   0   0   0   1  1.10 inf
  142 F   -4 -5 -6 -6 -5 -5 -6 -6 -3  2  1 -6  0  7 -6 -5 -4  5  1  1    0   0   0   0   0   0   0   0   0  10  11   0   2  53   0   0   0   9   3  11  1.37 inf
  143 G   -3 -6 -4 -5 -6 -5 -6  8 -6 -7 -7 -5 -6 -7 -6 -4 -5 -6 -3 -5    1   0   0   0   0   0   0  97   0   0   0   0   0   0   0   0   0   0   1   1  2.42 inf
  144 G   -3 -4  4 -3 -4 -3 -4  7 -2 -7 -7 -4 -6 -6 -4 -2 -3 -6 -6 -6    1   1  21   1   0   1   0  72   1   0   0   0   0   0   0   1   1   0   0   0  1.68 inf
  145 L    0 -1 -1 -2 -2 -1 -1 -3  2 -1  2 -2  1  1  2 -1  3 -4 -2 -1    8   3   2   2   0   3   2   0   5   0  27   1   4   6   9   2  21   0   0   3  0.24 inf
  146 K    0  2  1 -1 -4  2  3 -3 -1 -3 -3  2 -2 -4 -3  1  3 -4 -3 -3    7  10   5   2   0  11  19   1   1   0   2  12   1   0   0   8  22   0   0   0  0.40 inf
  147 R   -5  8 -1 -5 -7 -2 -4 -5  0 -7 -6 -1 -5 -6 -6 -4 -5 -6 -5 -6    0  93   3   0   0   0   0   1   2   0   0   1   0   0   0   0   0   0   0   0  2.41 inf
  148 N    0  0  2 -1 -4 -1 -1  3 -2 -4 -4  1 -4 -5 -3  3  2 -5 -3 -4    6   5  12   2   0   2   2  26   0   0   0   9   0   0   0  21  14   0   0   0  0.48 inf
  149 D   -1  2 -2  6 -6 -2  0  2 -2 -6 -5 -1 -4 -6 -4 -2 -3 -6 -5 -5    4  13   0  54   0   1   3  18   1   0   1   3   0   0   0   2   0   0   0   0  1.08 inf
  150 P   -1  3 -3 -4 -6 -1 -2 -4 -4 -6 -5  4 -5 -6  7 -1 -2 -6 -5 -5    4  14   0   0   0   1   1   1   0   0   0  24   0   0  49   3   3   0   0   0  1.37 inf
  151 L    0 -3 -3 -4  0 -3 -3 -4 -2 -2 -1 -2 -3 -3  2  0  5  3  3  0    8   0   0   0   2   0   0   0   1   1   6   2   0   0  10   5  40   4  12   8  0.59 inf
  152 K   -1  4 -2 -1 -3  4  0 -3 -1 -2 -1  1 -1 -4 -4 -1  2 -4 -4 -2    5  24   0   2   0  24   5   0   1   1   5   8   1   0   0   2  17   0   0   3  0.51 inf
  153 R   -2  5 -1  3 -4  0 -2 -4 -2 -4 -5  1 -4 -5 -4  3  0 -5 -2 -4    2  36   1  17   0   2   1   0   0   0   0   7   0   0   0  27   4   0   1   0  0.79 inf
  154 L   -3 -5 -5 -5 -3 -4 -5 -6 -1  4  2 -4  0  3 -5 -4 -2 -2  1  4    0   0   0   0   0   0   0   0   2  23  18   0   1  13   0   1   1   0   4  35  0.74 inf
  155 L   -1  3 -2 -1 -4 -1  2 -3 -3 -2  0  1  0 -3  3 -1 -1  5 -2 -2    5  22   0   2   0   1  15   0   0   2  12   7   2   0  13   5   2   8   0   3  0.36 inf
  156 L   -5 -5 -7 -7 -4 -5 -6 -7 -6 -1  6 -6 -1 -3 -6 -6 -4 -5 -4  0    0   0   0   0   0   0   0   0   0   1  94   0   0   0   0   0   0   0   0   5  1.79 inf
  157 E    1  3  0 -1 -2  1  2 -2  2 -2 -1  0 -1  0 -2  1 -1 -3 -1 -1   11  18   5   1   1   7  18   1   5   1   5   2   1   6   1  10   3   0   1   4  0.20 inf
  158 H   -3 -4 -2 -1 -3 -3 -3 -4  8 -6 -6 -4 -5 -5 -3  5 -3 -6 -3 -6    1   0   1   4   0   0   0   1  42   0   0   0   0   0   1  50   0   0   0   0  1.71 inf
  159 G   -2 -6 -4 -5 -3 -5 -6  8 -6 -7 -7 -5 -6 -7 -6 -3 -5 -6 -7 -7    1   0   0   0   1   0   0  98   0   0   0   0   0   0   0   1   0   0   0   0  2.42 inf
  160 D   -5 -5 -2  8 -7 -4 -2 -5 -5 -7 -8 -4 -7 -7 -5 -4 -3 -8 -7 -7    1   0   0  98   0   0   0   0   0   0   0   0   0   0   0   0   1   0   0   0  2.71 inf
  161 V    0 -5 -6 -6 -4 -5 -5 -6 -6  2  2 -5 -1 -3 -5 -4 -3 -5 -4  6    8   0   0   0   0   0   0   0   0   8  17   0   1   0   0   0   0   0   0  67  1.21 inf
  162 V   -1 -5 -5 -6  1 -5 -5 -6 -5  1  1 -5  2  4 -5 -4 -3 -4 -2  5    4   0   0   0   3   0   0   0   0   3  14   0   4  18   0   0   0   0   0  52  0.95 inf
  163 V   -2 -3 -6 -6 -4 -5 -6 -6 -6  2 -1 -5 -1 -4 -6 -5 -3 -1 -4  7    3   2   0   0   0   0   0   0   0   6   2   0   1   0   0   0   1   1   0  85  1.66 inf
  164 W   -5 -6 -7 -7 -5 -5 -6 -6 -6 -2  2 -6  3  5 -7 -6 -5 11 -1 -4    0   0   0   0   0   0   0   0   0   2  22   0   8  21   0   0   0  47   0   0  2.22 inf
  165 G   -2 -5 -3 -5 -6 -4 -5  7 -3 -7 -5 -5 -6 -6 -5 -1 -3 -2 -6 -6    3   0   0   0   0   1   0  89   1   0   1   0   0   0   0   4   2   1   0   0  2.00 inf
  166 G   -3 -4 -3 -4 -6 -5 -6  8 -6 -7 -7 -5 -6 -7 -6 -3 -5 -6 -7 -7    1   1   0   0   0   0   0  97   0   0   0   0   0   0   0   0   0   0   0   0  2.39 inf
  167 E    1 -2 -3 -1 -5 -1  3 -4 -4 -3 -4 -2 -4 -5  6 -2 -3 -6 -5  1   12   2   0   3   0   2  24   0   0   1   0   2   0   0  43   1   1   0   0  10  1.07 inf
  168 S    4 -4 -2  2 -4 -3 -3  0 -4 -5 -4 -3 -3 -4 -4  5 -2 -4 -4 -4   31   0   0  14   0   0   0   7   0   0   1   0   0   1   0  46   1   0   0   0  0.88 inf
  169 R   -5  9 -4 -5 -7 -3 -4 -6 -4 -7 -6 -1 -5 -7 -6 -5 -5 -7 -6 -6    0 100   0   0   0   0   0   0   0   0   0   0   0   0   0   0   0   0   0   0  2.74 inf
  170 L   -3 -1 -3 -5 -4 -4 -5 -6 -3 -1  6 -4  3  1 -6 -4 -4 -3 -1 -2    1   4   1   0   0   0   0   0   0   0  77   0   7   6   0   0   0   0   1   0  1.20 inf
  171 F    4  4  1 -4  3 -2 -3 -3 -1 -1 -3 -2 -2  2 -4 -2 -1 -4  0  0   38  23   6   0   6   0   0   0   1   4   1   1   1   8   0   1   2   0   3   5  0.48 inf
  172 Y   -5 -3 -6 -7 -6 -5 -6 -6  2 -4 -4 -5 -4  7 -7 -5 -5  2  8 -4    0   2   0   0   0   0   0   0   5   0   0   0   0  40   0   0   0   2  51   0  2.11 inf
  173 H   -6 -4 -3 -5 -7 -4 -4 -6 11 -8 -7 -5 -6 -5 -6 -5 -6 -7 -2 -7    0   0   0   0   0   0   0   0 100   0   0   0   0   0   0   0   0   0   0   0  3.80 inf
  174 G   -1 -6 -4 -5 -6 -5 -6  7 -6 -7 -7 -5 -6 -7 -6 -4 -5 -6 -7 -7    4   0   0   0   0   0   0  96   0   0   0   0   0   0   0   0   0   0   0   0  2.36 inf
  175 I   -3 -6 -6 -6 -4 -5 -6 -6 -6  5 -2 -6 -2 -2 -6 -5 -3 -6 -4  6    0   0   0   0   0   0   0   0   0  29   0   0   0   1   0   0   0   0   0  70  1.61 inf
  176 Q    0 -1 -1  4 -4  1 -1 -3 -3 -3  2 -1  2 -4  3 -1 -1 -5 -4 -3    8   2   1  32   0   6   1   0   0   0  20   4   5   0  14   2   2   0   0   0  0.49 inf
  177 P   -2  5 -4 -4 -4 -2 -3 -2 -2 -5 -5  2 -5 -6  6 -2 -1 -6 -5 -4    3  38   0   0   0   0   1   3   1   0   0  10   0   0  38   2   4   0   0   1  1.27 inf
  178 L   -3 -5 -5 -6 -4 -5 -5 -6 -6  5  4 -5  0 -3 -5 -4  0 -5 -4  3    0   0   0   0   0   0   0   0   0  36  36   0   1   0   0   0   6   0   0  21  0.99 inf
  179 K    0  3 -3 -3 -4 -1 -1 -4  2 -2  0  4 -1  0 -3 -2 -2 -3  3 -1    7  16   0   1   0   1   2   0   4   2  12  34   1   3   0   0   1   0  11   4  0.46 inf
  180 A    2 -2 -2  2 -5 -1  1 -1 -1 -4 -3 -3 -3  0  6 -1 -2 -5 -3 -3   16   2   1  13   0   2  10   3   1   0   2   0   0   4  39   3   1   0   1   1  0.81 inf
  181 G    1 -3  1 -2 -5 -2 -2  6 -3 -6 -5 -3 -4 -6 -3 -1 -2 -5 -5 -5   10   1   5   2   0   1   2  70   1   0   0   1   0   0   1   3   2   0   0   0  1.30 inf
  182 F   -1 -2 -2 -1 -2  1  1 -3  1 -2 -3 -2 -1  0  1  2  4 -2 -1  0    3   1   1   2   0   5  10   0   4   2   1   0   1   4   7  17  34   0   2   5  0.39 inf
  183 H    1 -3 -1 -1 -5 -3 -2 -2  8 -5 -4 -3 -4 -5 -4  4 -3 -6 -2 -4   14   0   2   4   0   0   1   3  44   0   1   0   0   0   0  29   0   0   0   1  1.29 inf
  184 P    1 -1 -2 -1 -5 -1 -2 -2 -4 -5 -5 -3 -4 -4  7  0  2 -6 -5 -4   10   4   2   3   0   2   2   2   0   0   1   1   0   1  54   7  12   0   0   0  1.24 inf
  185 L    0  0 -5 -3 -4  0 -3 -4 -4 -1  5 -3  1 -2 -2 -3 -3 -4 -4  0    8   5   0   2   0   4   1   1   0   1  66   1   3   0   2   1   1   0   0   5  0.76 inf
  186 T   -1 -4 -4 -4 -2 -3 -3  0 -4 -1  4 -3  1 -1  0 -2  3  0 -3  0    4   0   0   0   0   0   1   9   0   1  44   0   3   3   4   1  22   1   0   5  0.47 inf
  187 I   -1 -2 -2 -2 -4 -2 -3  6 -4 -4  0  1 -4 -3  2 -2 -2 -5 -5 -4    2   1   1   2   0   2   1  55   0   0  11  10   0   1  10   2   1   0   0   0  0.85 inf
  188 D    1  1 -1  1 -4  0  2  3 -2 -4 -4 -1 -3 -5  1  0  0 -4 -3 -3   13   9   2  10   0   4  15  25   0   0   0   1   0   0   8   7   4   0   0   1  0.39 inf
  189 C   -2 -1 -3 -3  4  2 -3  5  0 -3 -3 -2 -1  0 -4 -2 -2 -1  1 -1    2   4   0   0   8  11   1  47   3   1   1   2   1   5   0   0   2   1   5   6  0.68 inf
  190 R   -5  9 -4 -6 -8 -3 -4 -6 -4 -7 -6 -2 -5 -7 -6 -5 -5 -7 -6 -7    0 100   0   0   0   0   0   0   0   0   0   0   0   0   0   0   0   0   0   0  2.81 inf
  191 Y   -4 -5 -6 -6  0 -5 -5 -6 -3  5  3 -5 -1  2 -5 -5 -3 -1  4  1    0   0   0   0   2   0   0   0   0  43  26   0   0   6   0   0   0   0  15   7  0.97 inf
  192 N   -6 -4  9 -3 -7 -4 -4 -4 -3 -7 -8 -4 -6 -7 -6 -3 -4 -8 -6 -7    0   0  99   0   0   0   0   0   0   0   0   0   0   0   0   1   0   0   0   0  2.91 inf
  193 L   -4 -5 -6 -7 -4 -5 -6 -7 -6  3  6 -6  0  0 -6 -5 -4 -5 -4  0    0   0   0   0   0   0   0   0   0  14  78   0   1   3   0   0   0   0   0   4  1.41 inf
  194 T   -4 -5 -4 -5 -5 -5 -5 -6 -6 -5 -5 -5 -5 -6 -5 -2  8 -7 -6 -4    0   0   0   0   0   0   0   0   0   0   0   0   0   0   0   1  99   0   0   0  2.50 inf
  195 F   -5 -5 -6 -7 -2 -5 -6 -6 -5  0  4 -6  1  7 -6 -5 -4 -3 -1 -1    0   0   0   0   1   0   0   0   0   4  48   0   3  42   0   0   0   0   0   2  1.39 inf
  196 R   -5  9 -4 -6 -8 -3 -4 -6 -4 -7 -6 -2 -5 -7 -6 -5 -5 -7 -6 -7    0 100   0   0   0   0   0   0   0   0   0   0   0   0   0   0   0   0   0   0  2.81 inf
  197 Q   -1  5 -2 -3  0  2 -1 -4 -1 -3 -3  3 -1 -5 -4 -3 -1 -5 -4  2    4  34   1   0   2   9   3   0   1   0   1  21   1   0   0   0   3   0   0  18  0.65 inf
  198 A    4 -4 -4 -4 -3 -4 -4 -3 -5 -2 -3 -4 -3 -4 -4  1  2 -5 -4  4   43   0   0   0   0   0   0   0   0   0   1   0   0   0   0  12  11   0   0  33  0.85 inf
  199 G    0 -3 -3 -4 -4 -4 -4  6 -4 -5 -5 -2 -4 -5 -4 -1  4 -5 -5 -4    6   1   0   0   0   0   0  64   0   0   0   1   0   0   0   1  26   0   0   0  1.28 inf
  200 K   -2  5 -1 -2 -4  2  1 -3 -1 -4 -3  4 -2 -4 -3 -1 -2 -4 -3 -3    0  49   0   0   0   6   7   0   0   0   0  38   0   0   0   0   0   0   0   0  0.84 inf

                      K         Lambda
Standard Ungapped    0.1392     0.3230
Standard Gapped      0.0526     0.2670
PSI Ungapped         0.1714     0.3135
PSI Gapped           0.0526     0.2670
