
Last position-specific scoring matrix computed, weighted observed percentages rounded down, information per position, and relative weight of gapless real matches to pseudocounts
           A  R  N  D  C  Q  E  G  H  I  L  K  M  F  P  S  T  W  Y  V   A   R   N   D   C   Q   E   G   H   I   L   K   M   F   P   S   T   W   Y   V
    1 M   -1 -2 -3 -4 -2 -1 -3 -3 -2  1  2 -2  8  0 -3 -2 -1 -2 -1  0    0   0   0   0   0   0   0   0   0   0   0   0 100   0   0   0   0   0   0   0  0.69 inf
    2 N   -2 -1  5  4 -4  0  2 -1  0 -4 -4 -1 -3 -4 -2  0 -1 -4 -3 -3    0   0  53  34   0   0  13   0   0   0   0   0   0   0   0   0   0   0   0   0  0.72 inf
    3 L   -2  2 -2 -2 -3  0 -1 -3 -2  0  2  4  0 -1 -2 -1 -1 -3 -2 -1    0  12   0   0   0   0   0   0   0   0  43  45   0   0   0   0   0   0   0   0  0.31 inf
    4 V    1 -2 -2 -2 -1  1  0 -2 -2  2  0 -1  0 -2 -2  0  1 -3 -2  3   22   0   0   0   0  11   7   0   0  13   0   0   0   0   0   0  10   0   0  38  0.17 inf
    5 E   -1  1  1  1 -4  3  4 -2  0 -3 -3  3 -2 -4 -2  0 -1 -3 -2 -3    0   0   5   5   0  23  36   0   0   0   0  31   0   0   0   0   0   0   0   0  0.54 inf
    6 L   -2  0 -3 -4 -2 -2 -3 -4 -3  2  4 -1  1  3 -3 -3 -2 -2  0  0    0   6   0   0   0   0   0   0   0  10  63   4   0  16   0   0   0   0   0   0  0.39 inf
    7 G   -1 -3 -1 -2 -3 -3 -3  7 -3 -5 -5 -2 -4 -4 -3 -1 -2 -3 -4 -4    0   0   0   0   0   0   0 100   0   0   0   0   0   0   0   0   0   0   0   0  1.46 inf
    8 S    0 -1  0 -1 -2  2  1 -1 -1 -3 -3 -1 -2 -3  1  5  0 -4 -3 -3    0   0   0   0   0  10  10   0   0   0   0   0   0   0   5  75   0   0   0   0  0.60 inf
    9 K   -2  1  0 -2 -3  3  0 -3 -1  0 -1  4  1  1 -2 -1 -1 -3 -1 -1    0   4   4   0   0  18   0   0   0   8   5  44   8   9   0   0   0   0   0   0  0.28 inf
   10 T   -1 -2 -1 -1 -2 -1  2 -3 -2  1 -2 -1 -1 -3 -2  0  5 -3 -2  0    0   0   0   0   0   0  20   0   0  14   0   2   0   0   0   0  63   0   0   0  0.48 inf
   11 A    6 -2 -2 -3 -1 -2 -2 -1 -3 -2 -2 -2 -2 -3 -2  0 -1 -4 -3 -1  100   0   0   0   0   0   0   0   0   0   0   0   0   0   0   0   0   0   0   0  0.84 inf
   12 K   -2  4 -1 -2 -4  1  0 -3  1 -4 -3  5 -2 -4 -2 -1 -2 -4 -2 -3    0  27   0   0   0   0   0   0   4   0   0  69   0   0   0   0   0   0   0   0  0.80 inf
   13 D   -2 -2  4  2 -3 -1 -1  3 -1  1 -2 -2 -2 -3 -3 -1 -1 -4 -3 -1    0   0  40  12   0   0   0  27   0  20   0   0   0   0   0   0   0   0   0   0  0.44 inf
   14 G   -1 -3 -1 -2 -4 -3 -3  7 -3 -5 -5 -2 -4 -4 -3 -1 -3 -3 -4 -4    0   0   0   0   0   0   0 100   0   0   0   0   0   0   0   0   0   0   0   0  1.47 inf
   15 F   -3 -4 -4 -5 -3 -4 -4 -4 -2  0  2 -4  0  7 -4 -3 -3  0  2 -1    0   0   0   0   0   0   0   0   0   0  20   0   0  80   0   0   0   0   0   0  1.05 inf
   16 K    0  1 -1  2 -3  0  1 -2 -2  0  1  3 -1 -2 -2 -1 -1 -3 -2 -1    7   8   0  20   0   0   8   0   0   8  18  31   0   0   0   0   0   0   0   0  0.20 inf
   17 N    0 -1  7  0 -3 -1 -1 -1  0 -4 -4 -1 -3 -4 -3  1 -1 -4 -3 -3   10   0  80   0   0   0   0   0   0   0   0   0   0   0   0  10   0   0   0   0  0.94 inf
   18 E   -2 -1 -1  1 -5  1  6 -3 -1 -4 -4  0 -3 -4 -2 -1 -2 -4 -3 -4    0   0   0   0   0   0 100   0   0   0   0   0   0   0   0   0   0   0   0   0  1.23 inf
   19 K    0  1  1  0 -3  4  1 -2 -1 -3 -3  4 -2 -4 -2  0  2 -3 -2 -2    5   0   4   4   0  27   3   0   0   0   0  38   0   0   0   0  18   0   0   0  0.42 inf
   20 D    0 -1  1  4 -3  0  2 -1  0 -3 -3  0 -2  1 -2  0 -1 -3 -2 -3    7   0   8  38   0   0  20   3   3   0   0   5   0   9   0   8   0   0   0   0  0.40 inf
   21 I   -1 -4 -4 -4 -2 -3 -4 -4 -4  5  1 -3  0 -1 -3 -3 -1 -4 -2  4    0   0   0   0   0   0   0   0   0  58   0   0   0   0   0   0   0   0   0  42  0.65 inf
   22 A    3 -3 -3 -3  5 -2 -3 -2 -3  2  0 -2 -1 -2 -2 -1 -1 -3 -2  3   36   0   0   0  18   0   0   0   0  15   0   0   0   0   0   0   0   0   0  32  0.38 inf
   23 D    0 -1  3  4 -3  2  2 -2 -1 -3 -3  1 -2 -4 -2  0 -1 -4 -3 -1    8   0  20  38   0  14   8   0   0   0   0   7   0   0   0   0   0   0   0   5  0.47 inf
   24 R   -2  4 -1 -2 -4  0  0 -3 -1 -1 -3  5 -2 -4 -2 -1  0 -4 -3 -2    0  31   0   0   0   0   0   0   0   5   0  60   0   0   0   0   4   0   0   0  0.67 inf
   25 F   -3 -4 -4 -4 -3 -4 -4 -4 -2  1  1 -4  0  7 -4 -3 -3  0  2 -1    0   0   0   0   0   0   0   0   0  10  13   0   0  77   0   0   0   0   0   0  0.96 inf
   26 E   -3 -1  7  0 -4 -1  0 -1  0 -4 -5 -1 -3 -4 -3  0 -1 -5 -3 -4    0   0  94   0   0   0   6   0   0   0   0   0   0   0   0   0   0   0   0   0  1.24 inf
   27 N    0 -1  5  2 -3  0  0 -1  2 -4 -4  0 -2 -3 -2  2  0 -4 -2 -3    4   0  41  14   0   4   0   0   6   0   0   5   0   0   0  25   0   0   0   0  0.50 inf
   28 W   -3 -3 -3  2 -4 -2 -2 -3 -2 -3 -3 -3 -3  0 -4 -3 -3 10  5 -4    0   0   0  20   0   0   0   0   0   0   0   0   0   0   0   0   0  58  22   0  1.79 inf
   29 K   -1  1  2 -1 -3  5  2 -2 -1 -1 -1  2 -1 -3 -2  0 -1 -3 -2 -2    0   7  10   0   0  42  10   0   0   4   5  17   0   0   0   5   0   0   0   0  0.42 inf
   30 E   -1 -1  5  0 -3  0  2 -1  1 -2 -3  1 -2 -3 -2  2  1 -4 -2 -2    0   0  41   0   0   0  16   0   4   4   0   8   0   0   0  18   8   0   0   0  0.41 inf
   31 N   -2  1  1  5 -4 -1  1 -2  0 -3 -3 -1 -3  1 -2  0 -1 -3 -2 -3    0  10   6  60   0   0   5   0   3   0   0   0   0  10   0   7   0   0   0   0  0.63 inf
   32 S   -1  1  2  1  0  1  0 -2  3  0 -2  1 -1 -3 -2  1  0 -3 -2 -1    0   9  18   7   3   8   3   0  10  12   0  13   0   0   0  13   4   0   0   0  0.18 inf
   33 E   -2 -1  2  4 -4  0  4 -2 -1 -1 -1 -1 -2 -3 -2 -1 -1 -4 -3 -1    0   0  10  36   0   0  36   0   0   3   9   0   0   0   0   0   0   0   0   5  0.49 inf
   34 A    5 -2 -3 -3 -1 -2 -2 -1 -2 -1 -2 -2 -1  1 -2  0 -1 -3 -1  0   82   0   0   0   0   0   0   0   0   0   0   0   0  10   0   0   0   0   0   8  0.55 inf
   35 Q   -2  2 -1 -1 -4  6  1 -3 -1  0 -2  2 -1 -4 -2 -1 -1 -3 -2 -2    0   8   0   0   0  66   0   0   0  10   0  16   0   0   0   0   0   0   0   0  0.71 inf
   36 D   -1  0 -1  1 -3  1  3 -2 -1  0 -2  2 -1 -2 -2  0 -1 -2  1 -1    2   0   0   9   0   4  32   0   0  14   0  26   0   0   0   4   0   0   8   0  0.28 inf
   37 W   -3 -4 -5 -6  6 -3 -4 -4 -4 -4 -3 -4 -3 -1 -5 -4 -3 11  1 -4    0   0   0   0  20   0   0   0   0   0   0   0   0   0   0   0   0  80   0   0  2.67 inf
   38 L   -2 -3 -4 -5 -2 -3 -4 -5 -4  1  5 -3  1  0 -4 -3 -2 -2 -2  0    0   0   0   0   0   0   0   0   0   0 100   0   0   0   0   0   0   0   0   0  0.84 inf
   39 V   -1  0  0 -2 -2  0 -1 -2 -2  1  0  1  2  1 -2  1  1 -2 -1  1    0   3   7   0   0   3   0   0   0  12   4  14  11   8   0  18   7   0   0  13  0.08 inf
   40 T    1  1 -2 -3 -2 -2 -2 -3 -3  3  1 -1  0 -1 -3 -1  1 -3 -2  2   14  10   0   0   0   0   0   0   0  44   8   4   0   0   0   0   9   0   0  10  0.21 inf
   41 M   -2 -3 -3 -4 -2 -2 -3 -4 -3  0  3 -3  8 -1 -4 -3 -2 -2 -2  0    0   0   0   0   0   0   0   0   0   0  19   0  81   0   0   0   0   0   0   0  0.98 inf
   42 G   -1 -3  2 -1 -3 -2 -1  6  0 -5 -4 -2 -3 -4 -3 -1 -2 -3 -3 -4    0   0  10   0   0   0   4  83   3   0   0   0   0   0   0   0   0   0   0   0  1.06 inf
   43 H   -3 -3 -3 -4 -3 -2 -3 -4  2 -2 -2 -3 -2  4 -4 -3 -3  1  8 -2    0   0   0   0   0   0   0   0   5   0   0   0   0  21   0   0   0   0  74   0  1.22 inf
   44 N   -1 -1  3  4 -3  2  1 -2 -1 -3 -3 -1 -2 -4 -2  1  1 -4 -3 -3    0   0  18  41   0  15   5   0   0   0   0   0   0   0   0   9  12   0   0   0  0.54 inf
   45 L   -1 -2 -3 -3 -2 -2 -3 -4  2  3  3 -3  1 -1 -3  0 -1 -3 -1  1    0   0   0   0   0   0   0   0   9  27  49   0   0   0   0  10   0   0   0   5  0.32 inf
   46 D   -1 -1  2  4 -3  1  1 -2 -1 -3 -3  1 -2 -1 -2  2  0 -3 -2 -3    0   0  13  31   0   9   6   0   0   0   0   9   0   5   0  24   3   0   0   0  0.38 inf
   47 E   -1  1  0  2 -3  1  2 -2 -1 -3 -2  4 -2 -3 -2  0  1 -4 -3 -3    0   0   0  11   0   3  14   0   0   0   3  57   0   0   0   3   9   0   0   0  0.45 inf
   48 I   -2 -4 -4 -4 -2 -3 -4 -4 -4  5  2 -3  1  2 -4 -3 -2 -3 -1  2    0   0   0   0   0   0   0   0   0  72  19   0   0   9   0   0   0   0   0   0  0.59 inf
   49 K   -1  2  1  0 -4  2  4 -2 -1 -3 -3  3 -1 -4 -2 -1 -1 -3 -2 -3    0  10   9   0   0  12  38   0   0   0   0  29   3   0   0   0   0   0   0   0  0.51 inf
   50 S    1 -1  0 -1 -2 -1  1 -1  0 -2 -2  0 -2  1 -2  2  1 -1  3 -2   19   0   3   0   0   0   9   0   2   0   0   5   0   4   0  29   9   0  21   0  0.24 inf
   51 V   -1  0 -3 -4 -2 -2 -3 -4 -3  2  1 -2  0  2 -3 -2 -1 -3 -1  4    0  10   0   0   0   0   0   0   0   0   9   0   0  10   0   0   0   0   0  72  0.42 inf
   52 K   -2  2 -1 -1 -4  2  0 -2 -1 -4 -3  6 -2 -4 -2 -1 -1 -4 -3 -3    0   3   0   0   0   9   0   0   0   0   0  88   0   0   0   0   0   0   0   0  0.86 inf
   53 A    4 -2 -2  1 -1 -1 -1 -1 -2 -1 -2 -1 -1 -2 -1  0 -1 -3 -2  1   72   0   0  10   0   0   1   1   0   0   1   1   0   0   0   1   1   0   0  10  0.40 inf
   54 V    0 -2  0 -2 -2  0  0 -2 -2  3  1 -1  0 -1 -2 -1  0 -3 -2  2    6   0   8   0   0   6   7   1   0  37  10   1   0   0   0   3   4   0   0  16  0.13 inf
   55 V   -1  0 -1 -2 -2  3  0 -3  3  0 -1  2 -1 -2 -2 -1  1 -3 -1  2    0   0   0   0   0  27   0   0  10   6   0  20   0   0   0   0  10   0   0  27  0.23 inf
   56 L   -1 -3 -3 -3 -2 -2 -3  0 -3  4  3 -3  1  0 -3 -2 -1 -2 -2  2    1   0   0   1   0   0   1  10   0  42  36   1   0   0   0   1   1   0   0   6  0.29 inf
   57 S    0  1  0 -1 -2  0  0 -1  0 -3 -3  2 -2 -3  5  2  0 -3 -2 -2    1   6   3   1   0   0   1   1   3   0   1  21   0   0  28  32   1   0   0   1  0.51 inf
   58 G    0 -1 -1 -1 -2 -1 -1  5 -2 -2 -2  1 -2 -3 -2  0  2 -2 -2 -2    2   1   1   1   0   1   1  55   0   1   2  10   0   1   1   1  19   0   1   1  0.49 inf
   59 Y   -1  1 -2 -2 -2 -1 -2 -2  0 -2 -1 -1 -1  3 -2  0 -1  1  6 -1    2  10   1   1   0   1   1   1   0   1   2   1   0  14   1  10   1   0  50   1  0.51 inf
   60 K   -1  1 -1 -1 -3  0  0 -2 -1  1 -2  5 -1 -3 -2 -1 -1 -3 -2 -1    1   1   1   1   0   1   1   1   0  12   1  77   0   0   1   1   1   0   0   1  0.56 inf
   61 S    4 -1 -1 -2 -1 -1 -1 -1 -2 -2 -2  1 -1 -2 -1  2  1 -3 -2 -1   57   1   1   1   0   1   1   1   0   1   1  12   0   0   1  14   7   0   0   1  0.34 inf
   62 D   -2 -1  0  6 -3 -1  1 -2 -2 -3 -3  1 -3 -3 -2 -1 -1 -4 -3 -3    1   1   1  77   0   1   1   1   0   1   1  12   0   0   1   1   1   0   0   1  0.92 inf
   63 I   -1 -3 -3 -3 -2 -3 -3 -3 -3  5  1 -3  1 -1 -3 -2 -1 -3 -2  3    1   1   1   1   0   1   1   1   0  63   7   1   0   0   1   1   1   0   0  20  0.46 inf
   64 N   -2  1  4  1 -3  3  1 -2 -1 -2  0  0 -1 -2 -2 -1 -1 -3 -2 -2    1   7  31   8   0  24   7   1   0   0  17   0   0   0   0   1   0   0   0   0  0.33 inf
   65 V   -1 -3 -4 -4 -2 -3 -4 -4 -4  3  2 -3  0 -1 -3 -3 -1 -3 -2  5    0   0   0   0   0   0   0   0   0  19  18   0   0   0   0   0   0   0   0  63  0.59 inf
   66 Q   -1  1  1 -1 -3  4  0 -2 -1  0 -2  2 -1 -2 -2 -1 -1 -2  1  0    1   8   7   0   0  41   1   1   0  10   1  12   0   0   0   1   1   0   7   9  0.30 inf
   67 V   -2 -3 -3 -3 -2 -3 -3 -4 -3  4  1 -3  0  3 -3 -2 -1 -2 -1  3    1   0   0   0   0   0   1   1   0  49   8   1   0  15   0   1   1   0   0  21  0.41 inf
   68 L   -1 -1  1 -1 -2  3  0 -2 -1  0  0  0  0  2 -1 -1  1 -1  2  0    2   1   8   1   0  26   1   2   1   6   6   1   1  11   1   2  12   0   8   9  0.11 inf
   69 V   -1  0 -2 -2 -2  0 -1 -2 -2  3  0 -1  0  1 -2 -1 -1 -2 -1  2    2   9   1   1   0   8   1   2   1  41   2   1   1   8   1   2   1   0   1  16  0.16 inf
   70 F   -2  0 -1  1 -3  0 -1 -2 -1 -1 -1  4  1  4 -2 -1 -1 -1  0 -2    1   1   1   8   0   1   1   1   0   1   2  41   8  29   1   1   1   0   1   1  0.30 inf
   71 Y   -1 -1  0 -2 -2 -1 -1 -2 -1  0  2  1  2  0 -2  0 -1 -1  1  0    1   1   8   1   0   1   1   1   0   1  30  16   7   3   1  10   1   0   8   8  0.08 inf
   72 K   -1  1 -1  2 -3  2  1 -2 -1 -3 -3  4 -2 -2 -2 -1 -1 -2  2 -3    1   3   0  15   0  11   8   1   0   0   1  49   0   0   0   1   0   0   9   0  0.44 inf
   73 D   -1 -1  4  2 -3  2  2 -1 -1 -4 -4  1 -2 -4 -2  3  0 -4 -3 -3    0   0  26  13   0  12  11   0   0   0   0   8   0   0   0  30   0   0   0   0  0.46 inf
   74 A    2 -1  1 -1 -2  0  0 -2 -2  0  0  1 -1 -2 -2  0  1 -3 -2  1   24   0  12   0   0   5   8   0   0   8   8  14   0   0   0   0  12   0   0  10  0.11 inf
   75 L   -1 -2  1 -2 -2  2  0 -3  2  1  2 -1  0  0 -3 -2 -1 -3 -1  3    0   0   9   0   0  16   5   0   7   3  23   0   0   3   0   0   0   0   0  34  0.18 inf
   76 D   -2 -2  0  5 -4 -1  1 -2 -1 -3 -1  0 -2 -1 -2  0 -1 -2  3 -3    0   0   0  52   0   0   8   0   0   0   7   8   0   0   0   9   0   0  16   0  0.55 inf
   77 I   -1  1 -2 -2 -2 -1  0 -3 -3  4  1 -1  0 -1 -3  0  0 -3 -2  2    3  14   0   0   0   0   8   0   0  47   5   0   0   0   0   7   5   0   0  11  0.23 inf
   78 H   -1  1 -1 -1 -3  2  3 -3  1  0  0  1 -1  1 -2 -1 -1 -2 -1  0    0   7   0   0   0  16  29   0   5   8   9  10   0   9   0   0   0   0   0   9  0.21 inf
   79 N   -2 -2  7  0 -4 -1 -2  3 -1 -5 -5 -1 -3 -4 -3  0 -1 -5 -3 -4    0   0  75   0   0   0   0  25   0   0   0   0   0   0   0   0   0   0   0   0  1.06 inf
   80 I   -2 -3 -3  0 -2 -3 -3 -4 -4  5  2 -3  1  1 -4 -3 -2 -3 -1  1    0   0   0   9   0   0   0   0   0  63  21   0   0   7   0   0   0   0   0   0  0.49 inf
   81 Q   -1 -1 -1 -1 -3  5  0 -2 -1  0 -3  0 -1 -3 -2  3 -1 -3 -2 -2    0   0   0   0   0  53   0   0   0   9   0   0   0   0   0  38   0   0   0   0  0.62 inf
   82 V   -1 -3 -4 -4 -2 -3 -3 -4 -4  2  3 -3  1 -1 -3 -3 -1 -3 -2  4    0   0   0   0   0   0   0   0   0   9  38   0   0   0   0   0   0   0   0  53  0.54 inf
   83 K   -2  1 -1 -2 -4  0  0 -3 -2 -4 -4  7 -3 -4 -2 -1 -2 -4 -3 -3    0   0   0   0   0   0   0   0   0   0   0 100   0   0   0   0   0   0   0   0  1.14 inf
   84 L   -1 -1 -2 -2 -2 -1 -1 -2 -2  0  3  2  1 -1 -2  0  0 -2 -2  0    1   0   0   1   0   0   1   1   0   0  50  24   0   0   0  11   8   0   0   1  0.20 inf
   85 V    1 -2 -2 -2 -1 -2 -2 -2 -2  1  0 -2  0 -2 -2  1  0 -3 -2  3   12   1   1   1   0   1   1   1   0   5   1   1   2   0   1  21   1   0   0  52  0.23 inf
   86 S    0 -1  1  1 -2 -1 -1 -1 -2 -3 -3  0 -2 -3 -2  5  0 -4 -3 -3    0   0   6   5   0   0   0   0   0   0   0   7   0   0   0  82   0   0   0   0  0.66 inf
   87 N    0 -1  5  0 -3  0  2 -1 -1 -3 -2  1 -2 -3 -2  1 -1 -4 -3 -3   10   0  50   0   0   0  16   0   0   0   5  12   0   0   0   6   0   0   0   0  0.46 inf
   88 K   -1  2  0  1 -3  2  1 -2 -1 -3 -2  3 -2 -4  3  0 -1 -3 -2 -3    0   8   4   6   0  15   7   0   0   0   3  37   0   0  15   5   0   0   0   0  0.42 inf
   89 R    1  2 -1 -2 -3  2  0  1 -1 -2 -2  3 -1 -3 -2  0  1 -3 -2  0   11  10   0   0   0  13   0  12   0   0   0  33   0   0   0   0   9   0   0  10  0.24 inf
   90 G   -1 -2  1  1 -3  3 -1  5 -2 -4 -4 -1 -3 -4 -2  1 -1 -3 -3 -3    0   0   5   6   0  22   0  57   0   0   0   0   0   0   0   9   0   0   0   0  0.67 inf
   91 F   -3 -4 -4 -4 -3 -4 -4 -4 -2  1  0 -4 -1  7 -5 -3 -3  0  3 -1    0   0   0   0   0   0   0   0   0  10   0   0   0  83   0   0   0   0   6   0  1.14 inf
   92 N   -2 -1  6  0 -3  2 -1 -2  4 -4 -4 -1 -2 -3 -3  0  1 -4 -2 -3    0   0  62   0   0  12   0   0  16   0   0   0   0   0   0   0  10   0   0   0  0.76 inf
   93 Q   -2  0  2 -1 -4  7  1 -3  0 -4 -3  0 -2 -4 -2 -1 -2 -3 -3 -3    0   0  10   0   0  90   0   0   0   0   0   0   0   0   0   0   0   0   0   0  1.15 inf
   94 I   -2 -3 -4 -4 -2 -3 -4 -4 -4  5  2 -3  1 -1 -3 -3 -1 -3 -2  4    0   0   0   0   0   0   0   0   0  54   9   0   0   0   0   0   0   0   0  36  0.58 inf
   95 D   -2 -2  0  7 -4 -1  1 -2 -2 -4 -5 -2 -4 -4 -2  1 -2 -5 -4 -4    0   0   0  88   0   0   0   0   0   0   0   0   0   0   0  12   0   0   0   0  1.22 inf
   96 K   -2  4  2 -1 -4  1  0 -2 -1 -4 -3  5 -2 -4 -2 -1 -1 -4 -3 -3    0  28  10   0   0   0   0   0   0   0   0  62   0   0   0   0   0   0   0   0  0.73 inf
   97 H   -2  6 -1 -3 -4  0 -1  1  1 -4 -3  1 -2  1 -3 -2 -2 -3 -1 -3    0  73   0   0   0   0   0  12   5   0   0   0   0  10   0   0   0   0   0   0  0.75 inf
   98 W   -1  3 -2 -3 -3 -1 -2 -3 -2 -3 -3  1 -2 -1 -3 -1  2 10  0 -3    5  20   0   0   0   0   0   0   0   0   0  10   0   0   0   0  18  46   0   0  1.16 inf
   99 L   -1 -3 -4 -4 -2 -3 -3 -4 -4  3  3 -3  1 -1 -3 -3 -1 -3 -2  3    0   0   0   0   0   0   0   0   0  14  47   0   0   0   0   0   0   0   0  39  0.49 inf
  100 A    1  1  1  3 -3  0  2 -2 -1 -3 -3  3 -2 -4 -2  0 -1 -4 -3 -3   15   9   5  25   0   0  16   0   0   0   0  28   0   0   0   0   2   0   0   0  0.38 inf
  101 H   -1 -1  3  1  3 -1 -1 -2  1 -1 -2  0 -2 -3 -2  2  1 -4 -2  1    0   0  27   7  10   0   0   0   5   0   0   7   0   0   0  22   7   0   0  16  0.24 inf
  102 Y   -3 -3 -3 -3 -3 -2  0 -4  0 -2 -2 -3 -2  3 -4 -3 -3  7  7 -2    0   0   0   0   0   0  10   0   0   0   0   0   0  12   0   0   0  16  62   0  1.13 inf
  103 Q   -2  2  1 -1 -3  3  0 -3  2  0 -1  1 -1  1 -2 -1 -1 -2 -1  0    0  16  11   0   0  29   0   0   5  12   0  10   0  10   0   0   0   0   0   7  0.22 inf
  104 E   -1  0  3  2 -4  1  4 -2 -1 -4 -4  2 -3 -4 -2 -1 -1 -4 -3 -3    3   0  19  12   0   0  51   0   0   0   0  15   0   0   0   0   0   0   0   0  0.61 inf
  105 M   -1 -2 -2 -3 -2 -2 -2  0 -2  1  3 -2  5 -1 -3 -2 -1 -2 -2  0    1   1   1   1   0   1   1  11   0   7  36   1  37   0   1   1   1   0   0   1  0.34 inf
  106 W   -2 -3 -4 -4 -2 -2 -3 -3 -3 -1  1 -3 -1  0 -3 -3 -2 10  1  0    1   1   1   1   0   1   1   1   0   1  18   1   0   0   1   1   1  62   0  10  1.59 inf
  107 K   -2 -1  4  4 -3  0  1  0  2 -4 -4  1 -3 -4 -2  0 -1 -4 -2 -3    0   0  37  26   0   3   9   5   6   0   0   7   0   0   0   6   0   0   0   0  0.53 inf
  108 F   -2 -3 -4 -4 -2 -3 -4 -4 -3  3  2 -3  3  5 -4 -3 -2 -1  1  0    0   0   0   0   0   0   0   0   0  25  12   0  16  47   0   0   0   0   0   0  0.59 inf
  109 D   -1 -2  0  3 -3 -1 -1 -2 -2 -4 -4 -1 -3 -4  6  2 -1 -4 -3 -3    0   0   3  21   0   0   0   0   0   0   0   0   0   0  54  21   0   0   0   0  1.15 inf
  110 D   -1 -1  1  4 -3  0  2 -2 -1 -3 -2  1 -2 -3  3  0 -1 -3 -3 -2    3   1   3  43   0   1  15   1   0   1   4   8   0   0  15   3   1   0   0   1  0.50 inf
  111 N   -2  0  4  3 -3  0  2 -2 -1 -1  0 -1 -1 -2 -2  0 -1 -3 -2 -2    1   3  32  26   0   1  15   1   0   5  12   1   0   0   1   1   1   0   0   1  0.35 inf
  112 L   -1 -3 -3 -3 -2 -3 -3 -3 -3  4  2 -3  1 -1 -3 -2 -1 -2 -2  2    1   1   1   1   0   1   1   1   0  57  21   1   0   0   1   1   1   0   0  13  0.41 inf
  113 L    0 -2 -2 -3  1 -2 -2 -1  0 -1  1 -2 -1  3 -2 -1 -1  0  5  0   12   1   1   1   4   1   1   4   0   1  14   1   0  12   1   1   4   0  40   5  0.34 inf
  114 R   -1  1  0  1 -2  2  1 -2 -1  1 -1  1 -1  0 -2  0  1 -2 -1  0    1   8   4   7   0  14   7   1   0  23   1  11   0   7   1   5   9   0   0   1  0.08 inf
  115 I   -1 -3 -3 -3 -2 -2 -3 -1 -3  4  3 -2  1  0 -3 -2  0  2 -1  1    1   1   0   1   0   0   1   7   0  44  33   1   0   0   1   1   4   4   0   1  0.29 inf
  116 L   -2 -2 -3 -3 -2 -2 -3 -3 -2  1  4 -3  3  3 -3 -2 -2 -1  0  0    1   1   0   1   0   0   1   1   0   1  63   1  11  17   1   1   1   0   0   1  0.45 inf
  117 R    1  2 -1 -1 -3  3  1 -2 -1 -3 -2  3 -1 -3 -1  0 -1 -3 -2 -2   12   9   0   1   0  24   4   1   0   1   1  37   0   0   1   7   1   0   0   1  0.38 inf
  118 H   -2  1 -1 -1 -3  0  2 -3  2 -2 -1  1 -1  1 -2 -1 -1  0  5 -2    1   8   0   1   0   0  19   1   7   1   5  11   0   4   1   1   4   0  36   1  0.33 inf
  119 F   -2 -3 -2 -3 -3 -3 -3  0 -2 -1 -1 -3 -1  6 -3  0 -2  0  3 -2    1   1   0   1   0   0   1   8   0   1   1   1   0  67   1  12   1   0   5   1  0.65 inf
  120 T   -1 -2 -1 -2  3 -2 -2 -2 -2  2 -1 -2 -1 -2 -2  0  4 -3 -2  1    1   1   0   1   9   0   1   1   0  21   1   1   0   0   1   4  53   0   0   5  0.36 inf
  121 G   -1 -3 -1 -2 -3 -2 -2  5 -2  0  0 -2 -2 -2 -2 -1 -2 -3 -3 -2    1   1   0   1   0   0   1  72   0   8  12   1   0   0   1   1   1   0   0   1  0.73 inf
  122 E   -2  3 -1  0 -5  1  6 -3 -1 -4 -4  0 -3 -4 -2 -1 -2 -4 -3 -3    0  18   0   0   0   0  82   0   0   0   0   0   0   0   0   0   0   0   0   0  0.97 inf
  123 L   -2 -1 -3 -4 -2 -2 -3 -4 -3  3  3 -1  1  0 -3 -3 -1 -2  1  2    0   4   0   0   0   0   0   0   0  28  44   7   0   0   0   0   0   0   6  11  0.32 inf
  124 P    0  0 -1  0 -3  1  2 -2 -1 -2 -2  3 -1 -3  3  0 -1 -3 -2 -1    8   1   1   5   0   5  16   1   0   1   4  35   0   0  16   3   1   0   0   5  0.31 inf
  125 P   -1 -2 -2 -2 -3 -1 -1 -2 -2 -3 -3 -1 -2 -3  7 -1 -1 -3 -3 -2    2   1   1   1   0   1   1   2   1   1   2   1   1   1  78   2   1   0   1   1  1.60 inf
  126 Y   -1 -1  1 -1 -2 -1 -1 -2  0  1 -1  1 -1  0 -1  0  2 -1  3  0    2   1   9   1   0   1   1   2   1  11   2  14   1   1   1   2  26   0  20   4  0.14 inf
  127 H   -1  3 -1 -1 -2  0  1 -2  1  1  0  2 -1 -2 -1 -1 -1 -2 -1  0    2  20   1   1   0   1  12   2   5  22   5  21   1   1   1   2   1   0   1   1  0.14 inf
  128 S   -1  0  1  3 -3  2  3 -1 -1 -3 -2  2 -2 -3 -1  1  0 -3 -2 -2    1   1   7  18   0  14  22   1   0   1   1  14   0   1   1  11   4   0   1   1  0.32 inf
  129 N   -1  0  4  2 -2  1  1  0 -1 -2 -1  1 -1 -2 -2  0  0 -3 -2 -2    1   1  30  16   0   7   5   7   0   1  12  11   0   1   1   1   5   0   1   1  0.22 inf
  130 T   -1 -1 -2 -2 -2 -1 -1 -2 -2  1  0  1 -1  0  4  1  1 -3 -2  0    0   0   0   0   0   0   0   0   0  11  14  15   0   4  26  11  13   0   0   3  0.32 inf
  131 K   -1  3 -1 -1 -4  1  2 -1 -1 -4 -3  5 -2 -4 -2 -1 -1 -4 -3 -3    0  14   0   0   0   0  18   5   0   0   0  64   0   0   0   0   0   0   0   0  0.65 inf
  132 D   -2 -2  3  5 -4  0  2 -2 -1 -4 -4 -1 -3 -3  2  1 -1 -4 -1 -3    0   0  21  45   0   0  12   0   0   0   0   0   0   0   9  11   0   0   2   0  0.63 inf
  133 K   -1  3  3 -1 -3  0  0 -2 -1 -3 -3  4 -2 -4  0  1 -1 -4 -3 -3    0  17  20   0   0   0   0   0   0   0   0  45   0   0   3  15   0   0   0   0  0.49 inf
  134 R   -2  5 -1  1 -3  0  0 -2 -1 -3 -3  3 -2 -3 -2 -1 -1 -3 -2 -3    1  55   1   9   0   1   1   1   0   1   1  25   0   0   1   1   1   0   0   1  0.61 inf
  135 R    0  6 -1 -2 -3  0 -1 -2 -1 -3 -2  1 -2 -3 -2 -1 -1 -3 -2 -2   13  76   1   1   0   1   1   1   0   1   1   1   0   0   1   1   1   0   0   1  0.77 inf
  136 M   -2 -2 -3 -3 -2 -1 -3 -3 -2  2  2 -2  6  0 -3 -2 -1  6 -1  0    1   1   1   1   0   1   1   1   0  12  10   1  54   0   1   1   1  14   0   1  0.61 inf
  137 F   -2 -3 -3 -3 -2 -3 -3 -3 -2  0  2 -3  0  6 -3 -2 -2  0  3 -1    1   1   1   1   0   1   1   1   0   1  28   1   0  56   1   1   1   0   6   1  0.58 inf
  138 M    0 -2 -3 -3 -1 -2 -2 -2 -2  3  2 -2  3  1 -2 -2 -1 -2 -1  1   13   1   1   1   0   1   1   1   0  32  27   1  14   5   1   1   1   0   0   1  0.23 inf
  139 T   -1 -2  4  2  4 -1 -1 -2  0 -2  0 -1 -1 -2 -2  0  2 -3  0 -2    0   0  30  15  13   0   0   0   2   0  12   0   0   0   0   3  21   0   4   0  0.30 inf
  140 E   -2 -1 -1  1 -5  1  6 -3 -1 -4 -4  1 -3 -4 -2 -1 -2 -4 -3 -4    0   0   0   0   0   0  97   0   0   0   0   3   0   0   0   0   0   0   0   0  1.17 inf
  141 F   -2 -2 -2  1 -2 -2 -2 -3 -2  0  1 -2  2  6 -3 -2 -2  0  1 -1    1   1   1  13   0   0   1   1   0   1  17   1   8  52   1   1   1   0   0   1  0.44 inf
  142 S    0 -1  0  1 -2  0  1 -1 -1 -2 -1  1 -1 -3  2  2  2 -3 -2 -2    1   1   1   7   0   0   9   1   0   1   5  13   0   0  10  28  21   0   0   1  0.26 inf
  143 Q   -1  0  2  1 -3  3  3 -2  2 -2 -2  2 -1 -3 -1  0 -1 -3 -2 -1    1   1  12   7   0  16  23   1   6   1   4  22   0   0   1   1   1   0   0   4  0.30 inf
  144 E   -1  1  1  0 -3  2  3 -2 -1  0 -2  2 -1 -3 -2  0 -1 -3 -2 -1    3   5  10   0   0   9  30   0   0  13   0  23   0   0   0   3   2   0   0   0  0.29 inf
  145 E   -2 -1 -1  3 -4  0  5 -3 -1 -1 -3 -1 -2  2 -2 -1 -2 -3 -1 -3    0   0   0  23   0   0  59   0   0   5   0   0   0  13   0   0   0   0   0   0  0.64 inf
  146 Q   -2  3 -1 -1 -4  6  1 -3 -1 -3 -3  2 -1 -4 -2 -1 -1 -3 -2 -1    0  14   0   0   0  65   0   0   0   0   0  16   0   0   0   0   0   0   0   5  0.76 inf
  147 N    0  1  2  3 -3  2  1 -2  1 -2 -3  1 -2 -3  2  0 -1 -3 -2 -2    7  11  11  19   0  17   9   0   3   4   0   5   0   0  13   3   0   0   0   0  0.34 inf
  148 I    0  2 -1  0 -3  1  3 -2 -1 -1  0  2  0 -2 -2  0 -1 -3 -2 -1    5  12   0   0   0   3  36   0   0   5  15  18   4   0   0   3   0   0   0   0  0.27 inf
  149 V   -2 -3 -4 -4 -2 -3 -4 -4 -4  4  3 -3  1  0 -3 -3 -1 -3 -2  2    0   0   0   0   0   0   0   0   0  41  42   0   0   0   0   0   0   0   0  17  0.52 inf
  150 L   -2 -2 -3 -3 -2 -2  0 -4 -3  2  4  0  1 -1 -3 -2 -2 -3 -2  1    0   0   0   0   0   0   8   0   0  14  62  12   0   0   0   0   0   0   0   3  0.34 inf
  151 N    0 -1  3  4  1  1  2 -2 -1 -3 -3  2 -2 -4 -2  0  0 -4 -3 -3    7   0  19  30   5   3  16   0   0   0   0  15   0   0   0   0   4   0   0   0  0.41 inf
  152 W   -3 -3 -3 -4 -3 -3 -3 -3 -2 -2 -1 -3 -1  6 -4 -2  1  9  2 -2    0   0   0   0   0   0   0   0   0   0   0   0   0  51   0   0  14  35   0   0  1.14 inf
  153 L   -2 -3 -4 -4 -2 -3 -4 -4 -2  1  3 -3  1  6 -4 -3 -2  0  2  0    0   0   0   0   0   0   0   0   0   3  36   0   3  58   0   0   0   0   0   0  0.66 inf
  154 E    0  0  4  1 -3  1  1 -1 -1 -2 -2  1 -1 -3 -2  1  0 -4 -2 -2   11   0  39   4   0   3  11   0   0   3   0  15   3   0   0   8   5   0   0   0  0.31 inf
  155 K   -1  1  2  2 -3  3  2 -2 -1 -3 -3  3 -2 -3 -2  1  0 -3 -2 -3    0   4   9  10   0  23   8   0   0   0   0  28   0   0   0  11   7   0   0   0  0.37 inf
  156 N   -2 -1  7  0 -3 -1 -1 -1  4 -4 -4 -1 -3 -3 -3  0 -1 -4 -2 -4    0   0  83   0   0   0   0   0  13   0   0   0   0   0   0   4   0   0   0   0  0.96 inf
  157 R   -1  3 -1 -1 -3  3  0 -2 -1 -2 -1  5 -1 -3 -2 -1 -1 -3 -2 -2    0  10   0   0   0  16   0   0   0   0  11  63   0   0   0   0   0   0   0   0  0.51 inf
  158 V   -1 -1 -2 -2 -2 -1 -1 -3 -2  2  0  2  2 -1  2  0  0 -2  0  1    3   0   0   0   0   0   0   0   0  25   2  26  12   0  11   5   2   0   5   9  0.14 inf
  159 L   -1 -1 -2 -2 -2  1 -1 -3 -2  0  3  1  2 -1 -2  0 -1 -2 -2  0    0   0   0   0   0  13   0   0   0   0  57  11   7   0   0  13   0   0   0   0  0.24 inf
  160 V   -1 -3 -4 -4 -2 -3 -3 -4 -4  5  1 -3  1 -1 -3 -3 -1 -3 -2  4    0   0   0   0   0   0   0   0   0  55   0   0   0   0   0   0   0   0   0  45  0.56 inf
  161 L   -1 -3 -3 -3 -1 -2 -3 -3 -3  3  2 -3  1 -1 -3  0 -1 -3 -2  3    0   0   0   0   0   0   0   0   0  36  27   0   0   0   0  13   0   0   0  24  0.31 inf
  162 T    0  0  2  0 -2  0  2 -1 -1 -2 -3  1 -2 -3 -2  2  2 -3 -2 -2    0   0  16   0   0   0  23   0   0   3   0  13   0   0   0  30  14   0   0   0  0.32 inf
  163 D   -2 -2  0  6 -4 -1  1 -2  3 -3  0 -1 -2 -3 -2 -1 -2 -4 -2 -3    0   0   0  74   0   0   0   0  13   0  13   0   0   0   0   0   0   0   0   0  0.79 inf
  164 I    1 -3 -3 -4 -2 -3 -3 -3 -4  5  1 -3  0 -1 -3 -2 -1 -3 -2  3   13   0   0   0   0   0   0   0   0  66   0   0   0   0   0   0   0   0   0  20  0.45 inf
  165 L   -2 -3 -4 -4 -2 -3 -4 -4 -3  3  4 -3  1  2 -4 -3 -2 -2 -1  1    0   0   0   0   0   0   0   0   0  20  69   0   0  11   0   0   0   0   0   0  0.51 inf
  166 R   -2  4 -1 -2 -3  1  0 -3 -1 -2  0  5 -1 -3 -2 -1 -1 -3 -2 -2    0  28   0   0   0   0   0   0   0   0  13  58   0   0   0   0   0   0   0   0  0.53 inf
  167 G    1 -2 -1 -2 -2 -2 -2  6 -2 -3 -3 -2 -3 -3 -2  0 -2 -3 -3 -3   14   1   0   1   0   0   1  77   0   1   1   1   0   0   1   1   1   0   0   1  0.87 inf
  168 R   -2  6 -1 -2 -4  0 -1 -3  4 -3  0  1 -1 -3 -3 -2 -2 -3 -1 -3    0  74   0   0   0   0   0   0  13   0  13   0   0   0   0   0   0   0   0   0  0.72 inf
  169 G    0 -3 -1 -1 -3 -2  1  6 -2 -4 -4 -2 -3 -4 -3 -1 -2 -3 -4 -4    0   0   0   0   0   0  13  87   0   0   0   0   0   0   0   0   0   0   0   0  1.08 inf
  170 D   -1  0  0  2 -4  3  5  0 -1 -3 -3  1  0 -4 -2 -1 -1 -3 -3 -3    0   0   0  11   0  14  58   6   0   0   0   6   5   0   0   0   0   0   0   0  0.58 inf
  171 F   -2 -2 -2 -2 -2 -2  0 -3 -1  0  1 -2  0  6 -3 -2 -2  0  2 -1    1   1   1   1   0   1  11   1   0   1  14   1   0  64   1   1   1   0   0   1  0.52 inf
  172 A    2  0 -1 -2  3  0 -1 -1 -2 -2 -2  2 -1  1 -2  2  0 -2 -1 -2   20   0   0   0   9   0   0   0   0   0   0  26   0  12   0  33   0   0   0   0  0.23 inf
  173 A    4 -2 -2 -2 -1 -1 -1 -1 -2 -1  0 -1 -1 -2  3  1  0 -3 -2 -1   62   0   0   0   0   0   0   0   0   0  13   0   0   0  13  12   0   0   0   0  0.39 inf
  174 E   -2  0  0  4 -4  1  5 -2 -1 -4 -4  2 -3 -4 -2 -1 -1 -4 -3 -3    0   0   0  32   0   0  55   0   0   0   0  13   0   0   0   0   0   0   0   0  0.73 inf
  175 W   -3 -3 -4 -5 -3 -3 -4 -4 -2  1  1 -4 -1  1 -4 -3 -3 10  3 -1    0   0   0   0   0   0   0   0   0  13  13   0   0   0   0   0   0  61  12   0  1.62 inf
  176 V   -2 -3 -3 -4 -2 -3 -3 -4 -2  2  2 -3  2  4 -3 -2 -1 -1  2  2    0   0   0   0   0   0   0   0   0   8  14   0   7  32   0   0   0   0   9  29  0.37 inf
  177 L   -2 -3 -4 -4  3 -3 -4 -4 -3  2  4 -3  1  0 -3 -3 -2 -2 -2  1    0   0   0   0  10   0   0   0   0  14  76   0   0   0   0   0   0   0   0   0  0.54 inf
  178 V   -1 -3 -4 -4 -1 -3 -3 -4 -4  3  1 -3  0 -1 -3 -2 -1 -3 -2  5    0   0   0   0   0   0   0   0   0  21   0   0   0   0   0   0   0   0   0  79  0.59 inf
  179 A    1 -2  3 -1 -2 -1 -2 -2 -2  2 -1 -1  0 -2 -2  1  2 -3 -2  1   14   0  23   0   0   0   0   0   0  33   0   0   0   0   0   6  19   0   0   4  0.19 inf
  180 Q   -1  3 -1  2 -3  4  1 -2 -1 -2  0  2 -1 -3 -2 -1 -1 -3 -2 -1    0  21   0  14   0  33   0   0   0   0  14  14   0   0   0   0   0   0   0   4  0.32 inf
  181 K    0  2 -1 -2 -3  0  0 -2 -1 -3 -2  5 -2  1 -2  1 -1 -3 -1 -2    9   5   0   0   0   0   0   0   0   0   0  65   0  12   0   9   0   0   0   0  0.41 inf
  182 V   -1 -1  2  0 -2 -1 -1 -2 -1  2  1  0  0 -1 -2 -1  0 -3 -2  1    1   1  21   5   0   0   1   1   0  22  15  12   0   0   1   1   4   0   0  15  0.10 inf
  183 S   -1  0  4  1 -2  1  1 -1  0 -3 -3  1 -2 -3  1  1  1 -3 -2 -2    1   0  33   6   0   7  10   1   0   0   1   8   0   0   5  15  11   0   0   1  0.33 inf
  184 N   -1  1  3  1 -3  1  0  1 -1 -3 -2  1 -2  0 -2  0  0 -3  0 -2    0   8  29  10   0   5   3  15   0   0   5  11   0   7   0   2   3   0   2   0  0.22 inf
  185 N   -2  2  4  3 -3  0  0 -2 -1 -2 -3  2 -2 -3 -2  0  1 -4 -3 -3    0  11  31  26   0   0   0   0   0   2   0  19   0   0   0   4   8   0   0   0  0.43 inf
  186 A    1  0 -2 -2 -2 -1  0 -2 -2  2  0 -1  1 -1 -2  0  1 -3 -2  1   20   8   0   0   0   0  11   0   0  20   7   0   7   0   0   9   7   0   0  11  0.09 inf
  187 R   -2  4  0  3 -4  0  1 -2 -1 -3 -3  3 -2 -4 -2 -1  0 -4 -3 -3    0  35   0  20   0   0   9   0   0   0   0  27   0   0   0   0   9   0   0   0  0.49 inf
  188 W   -3 -4 -5 -5 -3 -3 -4 -4 -3  2 -1 -4 -1  3 -5 -4 -3 11  2 -1    0   0   0   0   0   0   0   0   0  19   0   0   0  11   0   0   0  65   5   0  1.85 inf
  189 I    1 -3 -2 -3  4 -2 -3 -2 -2  2  0 -2  0 -1 -2 -1  1 -2  1  2   17   0   0   0  16   0   0   0   0  21   3   0   0   0   0   0  15   0   8  20  0.23 inf
  190 L   -2 -3 -4 -4 -2 -3 -4 -4 -3  3  4 -3  1  2 -4 -3 -2 -2 -1  1    0   0   0   0   0   0   0   0   0  19  70   0   0  11   0   0   0   0   0   0  0.55 inf
  191 R   -2  2 -1 -1 -4  0  2 -3 -1 -3 -2  5 -2  3 -2 -1 -2 -2 -1 -3    0   4   0   0   0   0  14   0   0   0   0  63   0  19   0   0   0   0   0   0  0.50 inf
  192 N   -1  1  4  1 -3 -1 -1 -2 -1 -3 -3 -1 -3 -4  5  0  1 -4 -3 -3    0   8  37   9   0   0   0   0   0   0   0   0   0   0  31   4  11   0   0   0  0.68 inf
  193 I   -2 -3 -4 -4 -2 -3 -4 -4 -4  5  1 -3  5 -1 -4 -3 -1 -3 -2  2    0   0   0   0   0   0   0   0   0  74   0   0  26   0   0   0   0   0   0   0  0.68 inf
  194 N   -2 -1  6  3 -3 -1  0 -1  0 -4 -4 -1 -3 -4 -3  1 -1 -5 -3 -4    0   0  70  19   0   0   0   0   0   0   0   0   0   0   0  11   0   0   0   0  0.87 inf
  195 E   -1 -1  0  3 -3  0  4 -2 -1 -2 -3  0 -2 -1 -2 -1  0 -3  0  0    2   0   0  26   0   0  48   0   0   0   0   3   0   3   0   0   4   0   4  10  0.45 inf
  196 V    1 -3 -3 -4  3 -3 -3 -3 -4  2  0 -3  0 -2 -3 -2 -1 -3 -2  4   13   0   0   0   7   0   0   0   0  11   0   0   0   0   0   0   0   0   0  69  0.45 inf
  197 L   -2 -3 -4 -4  1 -3 -4 -4 -3  4  3 -3  4 -1 -3 -3 -1 -3 -2  1    0   0   0   0   4   0   0   0   0  50  25   0  21   0   0   0   0   0   0   0  0.48 inf
  198 Q   -2  1  5  0 -4  3  2 -2  0 -4 -4  0 -2 -4 -2  0 -1 -4 -3 -3    0   8  56   0   0  25  11   0   0   0   0   0   0   0   0   0   0   0   0   0  0.69 inf
  199 H   -1 -2 -1 -2 -3 -1 -2 -3  6 -2 -2 -2 -1  5 -3  1 -1 -1  2 -1    0   0   0   0   0   0   0   0  33   0   0   0   0  35   0  22   0   0   5   4  0.52 inf
  200 Y   -2 -3 -3 -3 -3 -2  0 -4  0  1  1 -3 -1  4 -4 -2 -2  1  6 -1    0   0   0   0   0   0   8   0   0  11  11   0   0  23   0   0   0   0  47   0  0.61 inf
  201 G    2 -2 -1  2 -2 -1 -1  4 -2 -2 -2 -2  1 -1 -2  0 -1 -3 -2 -2   23   0   0  20   0   0   0  39   0   0   0   0  11   3   0   2   0   0   0   0  0.37 inf
  202 S    0  0  2  2 -2  3  1  0 -1 -3 -3  1 -2 -3 -1  1  0 -3 -2 -2    9   0  15  15   0  22   3   7   0   0   1  11   0   0   0  15   0   0   0   0  0.29 inf
  203 G    0 -2  2  0 -3 -2 -2  5 -1 -4 -4 -2 -3 -2 -3 -1 -2 -2  2 -3    8   0  11   3   0   0   0  67   0   0   0   0   0   0   0   0   0   0  11   0  0.74 inf
  204 D   -1 -1  1  3 -3  0  3  1 -1 -2 -3  1 -2 -4 -2  0 -1 -4 -3 -3    3   0   7  25   0   0  37  11   0   3   0   8   0   0   0   6   0   0   0   0  0.43 inf
  205 I   -1 -3 -4 -4 -2 -3 -3 -4 -2  3  0 -3  0  2 -3 -2 -1 -2  2  4    0   0   0   0   0   0   0   0   0  29   0   0   0  11   0   0   0   0  11  49  0.43 inf
  206 S   -1  1 -1  0  1  1  3 -2 -1 -1 -1  3  1 -3 -2  1 -1 -3 -2 -1    0   4   0   0   5   0  29   0   0   3   3  34   7   0   0  14   0   0   0   2  0.29 inf
  207 L   -2 -3 -3 -4 -2 -3 -3 -4 -3  4  1 -3  0  2 -3 -2  1 -2 -1  2    0   0   0   0   0   0   0   0   0  55   4   0   0  15   0   0  11   0   0  15  0.40 inf
  208 S    0 -2  0  1 -2 -1 -1 -1 -2 -2 -3 -1 -2 -3 -2  4  4 -4 -2 -2    0   0   0  11   0   0   0   0   0   0   0   0   0   0   0  53  36   0   0   0  0.53 inf
  209 P   -1  0  0  0 -3  0  0 -2 -2 -3 -3  2 -3 -4  6  1 -1 -4 -3 -3    0   2   4   3   0   0   3   0   0   0   0  24   0   0  45  18   0   0   0   0  0.85 inf
  210 R   -2  4 -1 -2 -4  3  0 -1 -1 -4 -3  5 -2 -4 -2 -1 -1 -3 -2 -3    0  30   0   0   0  14   0   3   0   0   0  54   0   0   0   0   0   0   0   0  0.66 inf
  211 G   -1 -3 -1 -2 -3 -2 -3  6 -3 -4 -4 -2 -3 -4 -3 -1  1 -3 -4 -3    0   0   0   0   0   0   0  89   0   0   0   0   0   0   0   0  11   0   0   0  1.17 inf
  212 S    0 -2  1 -1 -2 -1 -1  0 -2  0 -2 -1 -2 -3 -2  4  0 -4 -2  0    0   0   7   0   0   0   0   5   0   8   0   0   0   0   0  69   0   0   0  11  0.39 inf
  213 I   -2 -3 -4 -4 -2 -3 -4 -4 -3  3  3 -3  1  3 -3 -3 -2 -2  0  2    0   0   0   0   0   0   0   0   0  24  44   0   0  21   0   0   0   0   0  11  0.43 inf
  214 N   -2  2  0 -1 -4  1  1 -2  4 -2 -3  4 -2 -2 -2 -1 -1 -3  0 -2    0  10   4   0   0   0  11   0  16   5   0  50   0   0   0   0   0   0   4   0  0.42 inf
  215 F   -2 -3 -4 -4 -2 -3 -4 -4 -4  5  2 -3  1  2 -4 -3 -2 -2 -1  2    0   0   0   0   0   0   0   0   0  65  24   0   0  11   0   0   0   0   0   0  0.54 inf
  216 G   -1 -3 -1 -1  0 -3 -3  6 -3 -5 -4 -2 -4 -4 -3 -1 -2 -3 -4 -4    0   0   0   3   2   0   0  95   0   0   0   0   0   0   0   0   0   0   0   0  1.29 inf
  217 R   -1  4  0 -1 -3  0  0 -2 -1 -3 -3  4 -2 -4 -2  2 -1 -4 -2 -3    0  32   3   0   0   0   0   0   0   0   0  44   0   0   0  22   0   0   0   0  0.55 inf
  218 V   -2 -3 -4 -4 -2 -3 -4 -4 -4  4  1 -3  1  2 -3 -3 -1 -3 -1  3    0   0   0   0   0   0   0   0   0  57   7   0   0  11   0   0   0   0   0  25  0.49 inf
  219 T   -1 -2 -1 -2 -2 -2 -2 -1 -3 -2 -2 -2 -2 -3 -2  1  6 -3 -3 -1    0   0   0   0   0   0   0   4   0   0   0   0   0   0   0   0  96   0   0   0  0.88 inf
  220 I   -1 -3 -3 -4 -2 -2 -3 -4 -3  3  1 -3  5  2 -3 -2 -1 -2 -1  2    5   0   0   0   0   0   0   0   0  36   3   0  34  11   0   0   0   0   0  11  0.40 inf
  221 Q   -2  0 -1 -1 -4  7  1 -3  0 -4 -3  0 -1 -4 -2 -1 -2 -3 -2 -3    0   0   0   0   0 100   0   0   0   0   0   0   0   0   0   0   0   0   0   0  1.27 inf
  222 R   -2  7 -1 -3 -4  0 -1 -3 -1 -3 -2  1  2 -3 -3 -2 -2 -3 -2 -3    0  89   0   0   0   0   0   0   0   0   0   0  11   0   0   0   0   0   0   0  1.04 inf
  223 K   -2  1 -1 -2 -4  1  0 -2 -2 -4 -3  6 -2 -4 -2 -1 -2 -4 -3 -3    0   0   0   0   0   0   0   0   0   0   0 100   0   0   0   0   0   0   0   0  0.99 inf
  224 G    0 -3 -1 -2 -3 -2 -2  6 -2 -4 -4 -2 -3 -3 -2 -1 -2 -3 -3 -3    1   1   0   1   0   0   1  90   0   1   1   1   0   0   1   1   1   0   0   1  1.13 inf
  225 G   -1 -3 -1 -2 -3 -3 -3  7 -3 -5 -5 -2 -4 -4 -3 -1 -2 -3 -4 -4    0   0   0   0   0   0   0 100   0   0   0   0   0   0   0   0   0   0   0   0  1.43 inf
  226 D   -2 -2  0  6 -3 -1  1 -2 -2 -3 -4 -1 -3 -4 -2  1  1 -5 -3 -3    0   0   0  75   0   0   0   0   0   0   0   0   0   0   0  11  14   0   0   0  0.91 inf
  227 N   -1 -1  4  0 -3 -1 -1  5 -1 -3 -3 -1 -2 -3 -2  0 -1 -3 -3 -3    1   3  34   1   0   1   1  52   0   1   1   1   0   1   1   1   1   0   0   1  0.63 inf
  228 G    0 -1 -1 -1 -3 -1 -1  5 -2 -3 -3  2 -2 -3 -2 -1 -2 -3 -3 -3    1   1   1   1   0   1   1  68   0   1   1  20   0   1   1   1   1   0   0   1  0.72 inf
  229 R   -1  6 -1 -2 -3  0 -1  1  2 -3 -2  1 -2 -3 -2 -1 -1 -3 -2 -3    1  68   1   1   0   1   1  12   8   1   1   1   0   1   1   1   1   0   0   1  0.62 inf
  230 E   -1 -1  0  0 -3  2  4 -3 -1  0 -2  0 -2 -3  4 -1 -1 -3 -3 -1    0   0   4   2   0  13  42   0   0  14   0   4   0   0  21   0   0   0   0   0  0.50 inf
  231 T    1 -2  0  2 -2 -1 -1 -1 -2 -2 -2 -1 -2 -3 -2  3  4 -3 -2 -1   11   0   0  14   0   0   0   0   0   0   0   0   0   0   0  32  43   0   0   0  0.43 inf
  232 A    4 -2 -2 -2 -2 -2 -2  1 -2 -2 -2 -1 -2 -2  3  0  0 -2  2 -1   64   0   0   0   0   0   0   8   0   0   0   0   0   0  14   0   3   0  11   0  0.46 inf
  233 N   -2 -1  6  0 -3  0 -1 -1  3 -3 -4  1 -2 -3 -2  0  1 -4 -2 -3    0   0  65   0   0   4   0   0  11   0   0   7   0   0   0   0  14   0   0   0  0.70 inf
  234 M   -1 -2 -1  1 -2  1 -1  1 -2  0  0  0  6 -2 -3  0 -1 -3 -2 -1    0   0   0  11   0   8   0  11   0   3   0   5  53   0   0   9   0   0   0   0  0.32 inf
  235 L   -2 -3 -4 -4 -2 -3 -4 -4 -4  2  5 -3  1  0 -4 -3 -2 -2 -2  1    0   0   0   0   0   0   0   0   0  15  85   0   0   0   0   0   0   0   0   0  0.66 inf
  236 Q   -2  0 -1 -1 -4  7  1 -3  0 -4 -3  0 -1 -4 -2 -1 -2 -3 -2 -3    0   0   0   0   0 100   0   0   0   0   0   0   0   0   0   0   0   0   0   0  1.25 inf
  237 F   -3 -4 -4 -5 -3 -4 -4 -4 -2 -1  0 -4 -1  8 -5 -3 -3  0  2 -2    0   0   0   0   0   0   0   0   0   0   0   0   0 100   0   0   0   0   0   0  1.38 inf
  238 K   -1  2 -1 -1 -4  1  0 -2 -1 -4 -3  6 -2 -4 -2 -1 -1 -4 -3 -3    0   0   0   0   0   0   0   0   0   0   0 100   0   0   0   0   0   0   0   0  0.90 inf
  239 I   -2 -3 -4 -4 -2 -3 -4 -4 -3  5  2 -3  3  2 -3 -3 -1 -2 -1  2    0   0   0   0   0   0   0   0   0  70  10   0   9  10   0   0   0   0   0   0  0.50 inf
  240 D   -1 -1  4  4 -3  0  0 -2 -1  0 -3  1 -2 -3 -2  1 -1 -4 -3 -2    0   0  27  40   0   0   0   0   0  11   0  12   0   0   0  10   0   0   0   0  0.44 inf
  241 P   -2 -3 -3 -2 -4 -2 -2 -3 -3 -4 -4 -2 -3 -5  8 -2 -2 -5 -4 -3    0   0   0   0   0   0   0   0   0   0   0   0   0   0 100   0   0   0   0   0  2.36 inf
  242 T    1 -2 -1 -2  4 -2 -2 -2 -2  0  1 -2  0 -2 -2  1  3 -3 -2  0   16   0   0   0  11   0   0   0   0   0  24   0   0   0   0  11  32   0   0   5  0.23 inf
  243 E   -1  1 -1  1 -3  2  4  0 -1 -2  0  1 -1 -3 -2 -1 -1 -3 -2 -2    0  10   0   6   0  10  50   6   0   0  15   3   0   0   0   0   0   0   0   0  0.38 inf
  244 L   -2 -3 -4 -4 -2 -3 -4 -4 -3  2  4 -3  1  2 -4 -3 -2 -2 -1  1    0   0   0   0   0   0   0   0   0   9  81   0   0  10   0   0   0   0   0   0  0.56 inf
  245 F    0 -3 -3 -4 -2 -3 -3 -3 -2  0  2 -3  1  6 -3 -2 -2  0  2  0   13   0   0   0   0   0   0   0   0   4  19   0   4  61   0   0   0   0   0   0  0.53 inf
  246 D   -2 -1  2  4 -4  1  4 -2  1 -4 -4  0 -3 -4 -2  0 -1 -4 -2 -3    0   0  12  37   0   5  42   0   4   0   0   0   0   0   0   0   0   0   0   0  0.65 inf
  247 I   -2 -3 -4 -4 -2 -3 -4 -4 -4  5  2 -3  1  0 -3 -3 -1 -3 -2  2    0   0   0   0   0   0   0   0   0  80  20   0   0   0   0   0   0   0   0   0  0.48 inf

                      K         Lambda
Standard Ungapped    0.1358     0.3191
Standard Gapped      0.0454     0.2670
PSI Ungapped         0.1487     0.3136
PSI Gapped           0.0454     0.2670
