
Last position-specific scoring matrix computed, weighted observed percentages rounded down, information per position, and relative weight of gapless real matches to pseudocounts
           A  R  N  D  C  Q  E  G  H  I  L  K  M  F  P  S  T  W  Y  V   A   R   N   D   C   Q   E   G   H   I   L   K   M   F   P   S   T   W   Y   V
    1 R   -3  5 -3 -3 -6  0 -2 -4 -3 -5 -5  6 -4 -6 -4 -3 -3 -5 -4 -5    0  32   0   0   0   3   0   0   0   0   0  65   0   0   0   0   0   0   0   0  1.48 inf
    2 T   -3 -2  2  1 -5 -1  5 -3 -3 -3 -5 -2 -4 -3 -4  1  3 -5 -4 -3    0   1  11   8   0   0  47   0   0   1   0   0   0   1   0  10  20   0   0   1  0.86 inf
    3 R   -2  4 -3 -4 -4  0 -3 -4 -4 -2 -3  0 -3 -5 -4 -1  6 -5 -4  0    2  22   0   0   0   3   0   0   0   1   2   5   0   0   0   3  54   0   0   8  0.95 inf
    4 K    5 -2 -1 -2 -3 -2 -2 -3 -2 -2 -3  2 -2 -5 -3  1  1 -5 -4  0   53   1   3   2   0   1   2   0   1   1   1  13   1   0   0   8   8   0   0   6  0.63 inf
    5 R   -2  3 -3 -2 -6  2  5 -1 -1 -6 -5  3 -4 -4 -4 -2 -3 -6 -5 -3    2  14   0   1   0   7  45   5   1   0   1  19   0   1   0   2   0   0   0   2  0.93 inf
    6 R   -1  0  0  0 -2  0  0 -3  0  1  2  0  0  0 -3 -1 -1 -3  1  1    5   6   6   4   0   5   6   0   2  11  20   4   0   3   0   3   2   0   7  13  0.10 inf
    7 M   -5 -6 -2 -6 -5 -6 -6 -7 -7 -1  6 -5  1 -3 -5 -5 -3 -6 -4 -2    0   0   2   0   0   0   0   0   0   3  87   1   2   1   1   1   1   0   0   2  1.73 inf
    8 I   -4 -5 -4 -4 -5 -6 -4 -7 -6  7  2 -3  0 -1 -6 -5 -3 -6 -4  2    0   1   1   1   0   0   1   0   0  58  19   2   2   2   0   0   1   0   0  13  1.33 inf
    9 N   -3 -4  5  2 -5 -1  0  0 -2 -6 -4 -2 -3 -6 -5  5  0 -7 -5 -5    1   0  26  10   0   2   5   8   1   0   1   2   1   0   0  39   5   0   0   0  0.91 inf
   10 A    1 -1  3 -2 -1  4  0  1  6 -3 -4  1 -4 -4 -4 -1 -2 -5 -2 -3   13   2  12   1   1  18   4   9  19   1   1  10   0   0   0   4   2   0   1   2  0.57 inf
   11 S    0 -3 -2  0 -6 -5 -4  7 -4 -5 -5 -2 -6 -7 -6 -1 -3 -7 -5 -6    6   2   2   6   0   0   1  72   0   1   1   3   0   0   0   4   1   0   0   0  1.56 inf
   12 V    5 -5 -1 -1  0 -4 -4 -1 -5  1 -1 -4 -3 -3 -1 -1 -3 -6 -5  2   52   0   3   4   2   0   0   3   0   8   5   1   0   1   2   3   1   0   0  16  0.75 inf
   13 W   -3 -1  5  5 -4  1  1 -4  0 -2 -4 -1 -3 -5 -2 -3 -3  1 -2 -3    2   3  30  30   0   7   9   1   2   2   1   3   1   0   2   1   1   2   1   2  0.85 inf
   14 M   -3 -4 -1 -3 -4 -3 -2 -6 -5  5  0 -1  2 -2 -3 -2 -1 -5 -4  4    1   0   4   1   0   1   3   0   0  35   8   4   4   1   1   3   2   0   0  30  0.74 inf
   15 P   -2 -2  7  3 -5 -3  0 -4 -3 -3 -5  1 -5 -6  3 -3 -2 -7 -5 -4    4   2  45  14   0   1   6   1   0   2   1   9   0   0  12   1   1   0   0   1  1.06 inf
   16 P    1  0  4  2 -2 -1  0 -2 -2 -3 -3  2 -2 -4  2  0  0 -4 -3 -2   12   5  19  10   1   1   4   2   0   1   2  16   1   1  10   7   5   0   1   2  0.35 inf
   17 M    0 -1  1  0  0  1  1  1 -2  1 -1  0  1 -3 -2  0  0 -2 -2  1   10   2   9   5   2   6   9  10   0   9   5   6   4   0   1   3   6   0   1  12  0.08 inf
   18 E   -4  0 -2  3 -7  1  2 -5 -3 -5 -5  6 -5 -6 -3 -2 -3 -5  0 -5    1   3   1  14   0   5  10   1   0   1   1  54   0   0   1   3   1   0   3   1  1.20 inf
   19 N   -5 -5  6  7 -6 -4 -1 -3 -1 -5 -5 -3 -7 -5 -6 -1 -2 -8 -2 -7    0   0  32  50   0   0   3   2   1   1   1   1   0   0   0   3   2   0   1   0  1.66 inf
   20 E   -3 -2  4  1 -5 -1  2  2 -2 -4 -4  4 -3 -4 -3 -1 -2 -6  0 -4    2   1  23   8   0   2  13  14   1   1   2  23   0   0   1   3   1   0   3   1  0.61 inf
   21 E   -3  1  3  4 -4  0  1 -2  0 -3 -4  0 -1  0 -4 -1 -3 -1  4 -4    2   7  15  26   0   3   9   3   2   2   1   5   2   3   0   3   1   1  13   1  0.54 inf
   22 S   -4 -3 -2 -2 -4 -2 -1  6 -4 -4 -7 -3 -6 -6 -4 -1  3  3 -6 -4    0   1   1   3   0   2   5  58   0   1   0   2   0   0   1   5  17   3   0   1  1.24 inf
   23 P   -2  2  0 -2  0  2  0 -3 -1 -3 -2  2 -1  0  3 -1 -2  5 -1 -3    3   9   4   2   2   9   6   1   1   1   5  14   2   4  16   4   2   9   2   1  0.39 inf
   24 I   -2 -5 -2 -6 -4 -5 -5 -6 -6  0  2 -5 -3 -5 -4 -2  7 -7 -5 -3    3   0   2   0   0   0   0   0   0   5  18   0   0   0   1   3  65   0   0   2  1.51 inf
   25 K    4 -4 -3 -5 -3 -3 -4 -4  3 -1 -2 -2 -2 -3  5  0 -2 -6 -2 -1   35   1   1   0   1   1   0   1   7   4   3   2   1   1  30   7   2   0   2   4  0.89 inf
   26 L   -5 -5 -7 -8 -3 -3 -7 -7 -5  0  7 -6 -1 -2 -7 -6 -5  0 -3 -2    0   0   0   0   1   1   0   0   0   5  85   0   1   1   0   0   0   1   1   2  1.81 inf
   27 H    2 -5 -3 -5 -2 -3 -4 -6 10 -2 -4 -6 -1 -2 -6 -4 -6 -1  1 -5   16   0   1   0   1   1   1   0  64   3   2   0   2   1   0   1   0   1   4   1  2.30 inf
   28 T    1 -2 -2 -4  2 -2 -1 -3 -1  3 -1 -2  0  1 -4  1  0  1  3  1   15   2   1   0   4   1   4   1   2  19   5   2   2   6   0  11   4   2  12   8  0.27 inf
   29 E    6 -5 -4 -5 -4  1  0 -4 -5 -5 -5 -4 -4 -3 -4  1 -3 -7 -6 -4   72   0   1   0   0   6   5   0   0   0   1   0   0   1   0  10   1   0   0   1  1.48 inf
   30 A    5  0 -1 -3 -2 -2 -2 -2 -3 -1 -3 -1 -3 -4 -3  2 -1 -5 -2  0   48   6   3   1   1   1   3   2   0   3   2   4   0   1   1  14   3   0   1   6  0.64 inf
   31 A    0 -1  4  0  0  0  1 -1  0 -3 -3  2 -1 -1 -4  1 -2 -2  3 -3    7   3  21   4   2   4  10   4   2   1   3  14   1   2   0  11   1   1   9   1  0.34 inf
   32 G   -5 -4  6  0  0 -5 -5  6 -1 -8 -8 -3 -7 -5 -6 -2 -5 -7 -1 -7    0   1  35   5   2   0   0  49   2   0   0   1   0   0   0   2   0   0   3   0  1.59 inf
   33 S   -4 -1  5 -1  0 -1 -4 -3  8 -4 -6 -1 -6 -5 -2  2 -3 -7 -2 -6    1   4  25   2   2   2   0   2  34   1   0   4   0   0   2  17   1   0   1   0  1.28 inf
   34 Y   -2 -1 -2 -1 -3 -1  0 -4  0  0  3  4 -1 -1 -4 -3 -2 -5  1 -2    2   2   1   4   0   2   5   1   3   6  32  27   1   2   1   1   2   0   6   2  0.46 inf
   35 A   -1 -1  0  3 -7  0  6 -3 -2 -5 -6  0 -5 -7 -1 -2 -3 -7 -3 -5    5   3   4  16   0   3  48   2   1   1   1   6   0   0   3   3   1   0   1   1  0.98 inf
   36 I   -2 -6 -6 -6 -2 -5 -5 -7 -6  5  1 -6  1 -3 -6 -4  2 -6 -5  5    3   0   0   0   1   0   0   0   0  33  13   0   4   1   0   0  12   0   0  33  1.09 inf
   37 T    3 -4 -5 -5  2 -4 -5 -6 -6  2 -3 -4 -1 -3 -6 -2  2 -4 -5  5   23   1   0   0   4   1   0   0   0   8   1   1   1   1   0   2  11   0   0  46  0.98 inf
   38 E   -3 -1  0 -2 -7  2  6 -6 -3 -4 -5  4 -3 -6 -3 -3 -3 -7 -5 -5    2   2   4   1   0   9  48   0   0   1   1  26   1   0   1   1   1   0   0   1  1.25 inf
   39 P   -2 -4 -4 -6  1 -4 -5 -6 -2  1  4 -3 -1  3 -1 -2 -3 -2  6 -1    3   1   1   0   3   0   0   0   1   6  33   1   1  12   4   3   1   0  27   3  0.86 inf
   40 I   -5 -6 -8 -8 -6 -6 -8 -9 -6  1  6 -7 -2  3 -8 -7 -5 -6 -5 -4    0   0   0   0   0   0   0   0   0   7  82   0   0   9   0   0   0   0   0   0  1.92 inf
   41 T   -3 -6 -4 -5 -1 -4 -4 -7 -3  6  3 -6 -2 -1 -6 -4 -1 -5 -5  2    1   0   1   1   1   1   1   0   1  51  24   0   0   2   0   1   4   0   0  11  1.23 inf
   42 R   -2 -2  1  0 -4 -1  1 -2 -2 -5 -2  1 -2 -5 -3  5 -1 -5 -4 -5    2   2   7   6   0   2   9   3   1   0   4   7   1   0   1  51   2   0   0   0  0.79 inf
   43 E   -2  0  2 -4  1  3  2 -4  7 -3 -2  2 -4 -5 -5 -2 -3 -5  0 -2    3   5   9   0   3  11  12   1  28   2   4  12   0   0   0   2   1   0   3   4  0.77 inf
   44 S   -4 -4 -1  0 -6 -5 -5  7 -6 -7 -5 -2 -7 -8 -7 -1 -4 -7 -6 -8    0   1   3   6   0   0   1  78   0   0   1   3   0   0   0   5   1   0   0   0  1.90 inf
   45 V    6 -6 -5 -6  2 -5 -5 -3 -6  0 -3 -4 -3 -5 -3 -2 -3 -7 -6  2   68   0   0   0   4   0   1   1   0   5   3   1   0   0   1   2   1   0   0  13  1.37 inf
   46 N   -4 -4  7  5 -7 -1  0 -3 -3 -5 -6  0 -7 -7 -5 -3 -4 -4 -3 -6    1   0  43  34   0   3   6   1   0   1   1   5   0   0   0   1   0   0   1   0  1.50 inf
   47 I   -2 -6 -5 -6 -4 -3 -1 -7 -6  6 -1 -1 -2 -3 -2 -4 -3 -6 -2  5    3   0   0   0   0   1   5   0   0  43   4   4   1   1   3   1   1   0   1  34  1.15 inf
   48 I   -1 -3  7  1 -3 -1 -1 -4 -2 -1 -5  0 -2 -6 -6 -2 -1 -7 -4 -2    5   1  58   6   1   2   3   0   1   5   1   7   1   0   0   2   3   0   0   4  1.29 inf
   49 D    0  1 -1  3 -5  1  4 -2 -4 -4 -5  4 -2 -6 -5 -1 -1 -6 -5 -4    7   6   2  15   0   6  26   2   0   1   0  25   1   0   0   3   4   0   0   1  0.70 inf
   50 P   -1 -1  2  4 -3 -1 -1  0 -3 -4 -4  4 -4 -5 -1  0  0 -5 -4 -3    5   2   9  24   0   2   3   6   0   1   1  30   0   0   3   6   6   0   0   2  0.60 inf
   51 R   -4  0  5  4 -4 -1  0 -4 -2 -3 -6  4 -5 -5 -5 -2 -3 -5 -1 -5    1   5  28  21   0   2   5   1   1   2   0  28   0   0   0   2   1   0   3   1  0.98 inf
   52 H   -3 -3  4  5 -2 -4  1 -2  3 -5 -6 -2 -5  0 -5 -1 -3 -2  5 -5    2   1  21  27   1   0   8   3   5   1   0   3   0   3   0   4   1   0  19   0  0.92 inf
   53 N   -4 -1  0 -1 -6 -3 -2  7 -6 -8 -5  0 -7 -6 -7 -3 -6 -3 -7 -7    0   3   5   3   0   1   4  75   0   0   2   5   0   0   0   1   0   0   0   0  1.76 inf
   54 R   -3  4  0 -2  0  2  1 -3 -2 -2 -2  2 -1 -1 -5 -1 -3  5  1 -3    2  25   5   2   2   9   8   2   1   2   5  12   2   3   0   4   1   8   4   2  0.46 inf
   55 T   -3 -4  0 -6 -6 -3 -6 -7 -7 -3 -6 -5 -5 -6 -5 -1  8 -8 -6 -4    2   1   4   0   0   1   0   0   0   2   1   1   0   0   1   3  85   0   0   0  2.29 inf
   56 V    5 -6 -5 -6 -4 -6 -6 -5 -5 -3 -5 -6 -6 -7  6 -1 -3 -8 -5  0   40   0   0   0   0   0   0   0   0   1   1   0   0   0  43   5   1   0   0   7  1.57 inf
   57 L   -7 -7 -9 -9 -6 -7 -8 -9 -8 -1  7 -8 -2 -2 -7 -8 -6 -7 -6 -4    0   0   0   0   0   0   0   0   0   2  96   0   1   1   0   0   0   0   0   0  2.34 inf
   58 H   -7 -4 -3 -6 -4 -2 -6 -8 10  1 -4 -6  3 -2 -8 -3 -6 -7  2 -6    0   1   1   0   0   2   0   0  70   9   2   0   6   1   0   3   0   0   6   0  2.68 inf
   59 W    0 -2 -2 -3  2 -2 -2 -4  2  3  0 -2  0  2 -5 -1 -1  5  5  0    8   2   2   1   4   2   2   1   5  16   8   2   2   7   0   4   3   9  19   4  0.45 inf
   60 I    7 -7 -7 -6 -4 -6 -6 -4 -7 -4 -3 -5 -6 -7 -6 -2 -2 -8 -7 -4   89   0   0   0   0   0   0   1   0   1   3   0   0   0   0   2   3   0   0   1  2.13 inf
   61 A    5 -6 -5 -5 -2 -5 -5 -4 -6 -2 -4 -5 -4 -5 -4  4  0 -7 -6  0   52   0   0   0   1   0   0   0   0   2   1   0   0   0   0  30   5   0   0   7  1.24 inf
   62 S   -1  1  0 -1 -1  2  2 -1  1 -1 -1  0  0  1 -3  1 -2  1  2 -2    5   7   3   3   1   9  15   4   3   4   7   6   2   7   0  10   1   2   8   2  0.14 inf
   63 N   -3  1  6 -2 -1 -1 -1 -3  2 -5 -3  1 -3 -2 -6 -1 -3 -3  3 -5    2   6  44   2   2   2   5   2   5   1   3  10   0   2   0   4   1   0  11   0  0.93 inf
   64 S   -4 -3  6 -1 -3 -3 -4  6 -3 -6 -7 -2 -6 -7 -6 -2 -4 -7 -5 -5    0   1  33   4   1   1   1  50   1   0   0   2   0   0   0   3   1   0   0   1  1.52 inf
   65 S   -3  0  4 -1  2 -2 -3 -4  8 -5 -5 -2 -5 -4 -6  3 -4 -3  2 -6    2   5  16   4   4   1   1   1  37   1   1   2   0   1   0  19   0   0   6   0  1.31 inf
   66 A   -2 -1 -3 -3 -3 -1  0 -2  0  1  3  4 -2 -1 -2 -3  0 -4 -3  0    3   2   1   1   0   3   5   3   2   6  27  29   0   2   2   1   5   0   0   5  0.38 inf
   67 E   -1 -3 -2  4 -6  0  6 -2 -3 -4 -5 -1 -5 -6 -4 -3 -4 -6 -4 -4    4   1   2  20   0   4  54   3   0   1   1   4   0   0   1   1   1   0   1   2  1.25 inf
   68 K   -2 -4 -4 -5 -3 -5 -5 -5 -5  5 -1 -1  2 -3 -5 -3  3 -5 -3  4    3   1   1   0   0   0   0   0   0  28   3   5   5   1   0   1  18   0   1  32  0.89 inf
   69 S    4 -5 -3 -4 -3 -3 -4 -4 -4  1 -2 -4  0 -3 -2 -2  1 -5 -4  5   29   0   1   1   0   1   0   1   0   7   3   1   2   1   2   2   8   0   0  41  0.83 inf
   70 E   -3  0  0 -1 -4  3  6 -3 -1 -3 -4  2 -3 -4 -3 -2 -3 -4 -3 -3    2   4   4   2   0  10  50   2   1   1   2  12   1   1   1   2   1   0   1   2  0.96 inf
   71 D   -1 -2 -2 -1  0 -2 -1 -3 -1  1  3 -2 -1  3 -2 -2 -1 -1  3  0    5   1   2   4   2   1   4   2   1   9  30   2   1  12   1   3   3   1  11   7  0.29 inf
   72 L   -2 -3 -3 -3 -3 -2 -3 -3 -3 -1  6 -3 -1 -1 -3 -3 -3 -3 -3 -2    3   1   1   2   1   2   2   2   1   3  69   2   1   2   1   2   2   0   1   2  1.02 inf
   73 I   -2 -3 -3 -3 -2 -2 -3 -3 -2  6  2 -3 -1 -2 -3 -2 -2 -3 -2  1    2   2   2   2   1   2   2   2   1  45  20   2   1   1   2   3   2   0   1   7  0.72 inf
   74 V   -1 -1  0 -1 -1 -1 -1 -2 -2 -1  1  0 -1 -2 -1  4  0 -2 -2 -1    4   3   3   3   1   2   4   3   1   4  18   5   1   2   3  31   5   0   1   5  0.22 inf
   75 H   -2 -1  1  0 -2  1  1 -2  8 -2 -2  0 -1 -2 -2  0 -1 -2 -1 -2    4   3   6   5   1   6   8   3  32   2   4   6   1   1   2   6   4   1   2   3  0.62 inf
   76 E    0  0  0  1 -1  0  0  0  0  0  0  0  0 -1  0  0  0 -1 -1  0    7   4   4   8   2   3   9  10   2   8  10   4   2   3   3   5   5   1   2  10  0.01 inf
   77 A    1 -1 -1 -1  0 -1 -1 -1 -1  1  0 -1  0 -1  0  0  0 -1 -1  2   15   3   3   3   3   3   4   5   1   7   7   4   2   3   5   5   5   1   2  19  0.05 inf
   78 K   -1  1  0  0 -1  1  2 -1 -1 -1 -1  4 -1 -2 -1 -1 -1 -2 -1 -1    4   5   3   4   2   6  11   4   1   3   5  32   1   2   3   5   3   1   2   4  0.28 inf
   79 E   -1 -1 -1 -2  1 -1 -1 -2 -1 -1  1 -1 -1  1 -1 -1 -1 -1  6 -1    4   3   4   2   3   3   4   3   1   4  15   4   1   5   3   6   3   1  28   4  0.35 inf
   80 C   -2 -2 -2 -2  2 -2 -2 -2 -1 -1  5 -2 -1  1 -2 -2 -2 -2 -1 -1    3   2   2   2   4   2   3   3   1   3  52   3   1   5   2   3   3   1   2   3  0.51 inf
   81 I   -1 -2 -2 -2 -2 -2 -2 -2 -2  4  2 -2  1 -1 -2 -2 -1 -2 -1  2    4   2   2   2   1   2   3   3   1  31  17   2   2   3   2   3   4   1   2  14  0.33 inf
   82 A    0 -1  0  1 -2 -1  1  0 -2 -2 -2  0 -2 -3 -2  4  0 -3 -2 -2    6   3   5   8   1   2  10   6   1   3   4   4   1   1   2  36   4   0   1   3  0.35 inf
   83 A    0  1  1 -1  1  3  0 -2  3 -1 -1  2 -1 -2 -2  0 -1 -2  0  0    8   7   8   2   3  13   4   3   7   4   4  14   1   1   2   5   2   0   4   8  0.14 inf
   84 G   -4 -4 -3 -4 -3 -5 -6  7 -6 -7 -6 -3 -6 -6 -6 -4 -5 -6 -6 -6    1   1   1   1   1   0   0  88   0   0   1   2   0   0   0   1   0   0   0   1  2.29 inf
   85 A    7 -6 -6 -5  1 -5 -5 -3 -6 -1 -4 -5 -4 -6 -5 -2 -3 -6 -5 -2   82   0   0   0   3   0   0   1   0   4   1   0   0   0   0   1   1   0   0   3  1.77 inf
   86 D   -5 -2  6  6 -7  0  1 -5 -1 -7 -6 -1 -4 -7 -5 -3 -4 -8 -4 -7    0   2  40  38   0   4   7   0   1   0   1   4   0   0   0   1   0   0   1   0  1.56 inf
   87 V   -4 -6 -7 -7 -5 -4 -6 -7 -7  6  0  1 -2 -4 -1 -5 -4 -3 -5  5    0   0   0   0   0   1   0   0   0  43   7  11   0   0   4   0   0   0   0  32  1.29 inf
   88 N   -6 -5  8  2 -8 -5  2 -4 -2 -8 -8 -3 -7 -8 -7 -3 -5 -9 -6 -7    0   0  68  12   0   0  14   1   1   0   0   2   0   0   0   1   0   0   0   0  2.13 inf
   89 A    4  0 -3 -2 -4 -2  3 -3 -4  0 -3  1 -2 -5 -4  0 -1 -4 -5 -1   37   4   0   2   0   1  23   2   0   6   1   9   1   0   0   6   3   0   0   4  0.60 inf
   90 M   -1  0 -2 -4  0  1 -1  0 -5 -2 -3  6 -1 -1 -4 -3 -1 -6 -4 -1    4   4   2   0   2   6   2   6   0   2   2  55   2   2   1   2   3   0   0   4  0.94 inf
   91 D   -4 -5  3  8 -8 -4 -2 -2 -3 -7 -7 -4 -7 -7 -6 -1  0 -8 -3 -7    2   0  14  67   0   0   1   3   1   0   0   1   0   0   0   5   5   0   1   0  1.84 inf
   92 C   -3  0  6  1  0 -2  1 -4 -2 -1 -5  4 -4 -3 -5  0 -1 -6  0 -4    1   3  33   8   3   1   8   1   1   4   1  24   0   1   0   6   3   0   3   1  0.78 inf
   93 D   -3 -2  4  5 -3 -2  0 -2  1 -3 -4  1 -3  0 -5 -1 -3 -2  3 -4    2   2  16  37   1   1   5   2   3   1   1   7   1   5   0   3   1   1  10   1  0.78 inf
   94 E   -3 -3 -2  0 -7 -4  1  7 -4 -8 -6 -2 -7 -6 -6 -3 -6  2 -4 -6    1   2   2   6   0   0  10  70   0   0   1   3   0   0   0   2   0   2   1   0  1.61 inf
   95 N   -2  3  2 -1  1  1  1 -4 -1 -3 -1  2  0  0 -4 -1 -2  6  2 -3    2  16  10   4   4   7   9   1   1   1   5  11   3   3   0   4   1  10   7   1  0.40 inf
   96 T   -4 -3 -4 -6 -6 -5 -6 -7 -7 -5 -6 -5 -5 -8 -7 -1  8 -5 -7 -6    1   2   0   0   0   0   0   0   0   0   0   0   0   0   0   4  91   0   0   0  2.62 inf
   97 P    5 -7 -7 -6 -6 -6 -6 -5 -6 -5 -6 -6 -5 -8  7 -2 -3 -8 -6 -2   38   0   0   0   0   0   0   0   0   0   1   0   0   0  52   3   2   0   0   3  1.88 inf
   98 L   -7 -7 -9 -9 -6 -7 -8 -9 -8  0  7 -8 -2 -2 -8 -8 -6 -7 -6 -4    0   0   0   0   0   0   0   0   0   3  94   0   0   2   0   0   0   0   0   0  2.30 inf
   99 M   -5 -5 -2 -6 -4 -3 -6 -6 10  2 -3 -5  4 -1 -7 -2 -5 -6  2 -5    0   0   1   0   1   1   0   0  60  10   2   0   9   3   0   4   1   0   7   0  2.23 inf
  100 L   -1 -1 -2 -3  3 -3 -3 -5  0  2  1 -2  0  2 -5 -2 -2  5  5 -1    6   4   2   1   6   1   2   0   3  15  14   3   2   7   0   3   2   8  18   4  0.46 inf
  101 A    7 -7 -7 -7 -3 -6 -6 -4 -7 -6 -7 -6 -6 -6 -6 -2 -3 -8 -7 -4   94   0   0   0   1   0   0   1   0   0   0   0   0   0   0   2   1   0   0   1  2.37 inf
  102 V    5 -6 -5 -6 -2 -5 -5 -4 -6 -1 -4 -5 -3 -6 -5  4 -1 -7 -6  2   48   0   0   0   1   0   0   0   0   3   1   0   0   0   0  31   3   0   0  11  1.18 inf
  103 L   -1  2 -1 -1 -1  3  1 -2  0 -1 -1  1 -1  1 -4  0 -2  2  2 -2    4  14   3   3   2  13   9   2   2   4   7  10   2   6   0   6   1   3   8   1  0.21 inf
  104 A   -2 -1  6 -1 -1 -1  0 -2  2 -3 -4  1 -1  0 -5  1 -3 -2  3 -4    4   2  34   2   1   2   6   3   4   1   2  10   2   4   0  10   0   1  11   1  0.63 inf
  105 R   -4  0  6 -1  0 -4 -4  6 -3 -7 -8 -2 -7 -7 -6 -3 -5 -7 -4 -7    1   5  32   4   2   1   1  51   0   0   0   2   0   0   0   1   0   0   1   0  1.52 inf
  106 R   -5  2  3 -2  2 -2 -4 -6  9 -7 -6 -2 -4 -3 -6  2 -4 -4  2 -7    0  10  11   2   4   1   1   0  42   0   0   2   0   1   0  17   0   0   6   0  1.53 inf
  107 R   -4 -1 -3 -4 -4 -1  0 -5  1  1  3  4 -2 -2 -4 -4 -1 -6 -4 -1    1   2   1   0   0   2   7   0   4   7  34  30   0   2   1   1   5   0   0   4  0.61 inf
  108 R   -2  0 -1  4 -8  1  6 -4 -3 -7 -7 -2 -6 -8 -6 -3 -3 -8 -5 -6    4   4   3  24   0   5  54   2   0   0   0   1   0   0   0   1   2   0   0   1  1.44 inf
  109 L   -1 -6 -4 -6 -5 -6 -5 -6 -6  4 -1 -5  2 -2 -6 -3  3 -6 -5  5    5   0   1   0   0   0   0   0   0  24   5   0   4   1   0   1  19   0   0  39  1.06 inf
  110 V    4 -6 -7 -7 -2 -6 -6 -6 -7  2 -3 -6 -1 -5 -6 -3  0 -7 -5  6   27   0   0   0   1   0   0   0   0   8   1   0   1   0   0   1   6   0   0  54  1.34 inf
  111 A   -3  0 -2 -1 -6  2  6 -5 -5 -5 -5  5 -6 -7 -5 -3 -5 -5 -6 -3    2   4   2   3   0   9  46   1   0   1   1  29   0   0   0   1   0   0   0   2  1.28 inf
  112 Y   -4 -6 -5 -7  2 -3 -6 -7 -2  1  4 -5 -2  3 -7 -5 -2 -3  6  1    1   0   0   0   4   1   0   0   1   7  34   0   0  12   0   1   2   0  28   7  1.05 inf
  113 L   -7 -7 -9 -9 -5 -7 -8 -9 -8 -2  7 -8 -1 -1 -8 -8 -6 -7 -6 -4    0   0   0   0   0   0   0   0   0   1  95   0   1   2   0   0   0   0   0   0  2.35 inf
  114 M   -5 -7 -7 -8 -6 -7 -8 -8 -8  7  3 -7  0 -2 -7 -7 -4 -7 -6  3    0   0   0   0   0   0   0   0   0  58  23   0   2   1   0   0   1   0   0  15  1.70 inf
  115 K   -2 -2  1  0 -5 -3  0 -1 -3 -5 -2  1 -3 -4 -5  6 -1 -7 -6 -5    2   2   6   5   0   1   6   4   1   1   4   7   1   1   0  57   3   0   0   1  0.96 inf
  116 A    0  0  2 -4 -3  2 -1 -4  8 -2 -5  2 -4 -5 -5 -3 -4 -4  0  0    7   5  10   0   1  10   4   1  35   2   0  12   0   0   0   1   1   0   2   7  1.00 inf
  117 G   -5 -5 -3 -2 -4 -6 -5  7 -4 -7 -9 -2 -8 -8 -6 -2 -6 -8 -5 -8    0   1   1   2   0   0   1  87   0   0   0   3   0   0   0   3   0   0   1   0  2.30 inf
  118 A    7 -7 -7 -6 -3 -6 -6 -4 -7 -2 -5 -5 -6 -7 -3 -3 -4 -8 -7 -2   88   0   0   0   0   0   0   1   0   3   1   0   0   0   1   1   1   0   0   3  2.08 inf
  119 D   -6 -5  6  6 -8 -2  1 -4 -2 -4 -6 -2 -7 -8 -4 -3 -4 -8 -4 -6    0   0  38  42   0   2   8   1   1   1   1   3   0   0   1   1   1   0   1   0  1.60 inf
  120 P   -4 -6 -5 -7 -5 -6 -5 -7 -7  6 -1  2 -2 -3  1 -6 -4 -4 -5  4    1   0   0   0   0   0   0   0   0  43   4  12   1   1   6   0   0   0   0  31  1.26 inf
  121 T   -4 -5  8  2 -7 -3  2 -4 -2 -5 -8 -2 -5 -8 -6 -1  0 -8 -4 -7    1   0  60   9   0   1  15   1   1   1   0   2   0   0   0   3   6   0   1   0  1.69 inf
  122 I    4 -1 -3 -2  0 -2  4 -3 -3  2 -3  1 -2 -4 -4 -1 -1 -6 -4 -1   30   3   1   2   2   1  24   1   0  11   2   8   1   0   0   4   4   0   0   3  0.50 inf
  123 Y   -2  1 -2 -4 -1  1  0 -1 -4 -3 -4  6 -4 -2 -3 -2 -3 -6 -2 -2    4   7   2   0   2   6   5   6   0   2   1  54   0   2   1   2   1   0   2   4  0.95 inf
  124 N   -3 -5  5  7 -6 -5 -2 -2 -3 -6 -7 -3 -3 -8 -6 -1  0 -8 -4 -6    2   0  23  57   0   0   1   3   0   0   0   1   1   0   0   4   6   0   1   1  1.63 inf
  125 K   -4 -1  5  1 -4 -1  1 -3 -1 -2 -5  5 -5 -5 -5 -1 -2 -7 -1 -4    1   3  30   8   0   2   9   2   1   3   1  32   0   0   0   3   2   0   2   1  0.88 inf
  126 S   -3 -2  4  5 -3 -2  0 -2  0 -3 -3  0 -5  0 -5  0 -3 -3  4 -4    1   2  19  29   1   1   5   3   2   2   2   7   0   4   0   8   1   0  13   1  0.68 inf
  127 E   -4 -3 -3 -1 -5 -4  0  7 -3 -7 -7 -2 -5 -6 -7 -3 -6  1 -5 -7    1   2   1   3   0   0   7  77   1   0   0   3   0   0   0   2   0   2   0   0  1.83 inf
  128 R   -2  3  0 -1  1  2  1 -3 -1 -3 -2  2  1 -1 -5 -1 -2  6  2 -2    2  18   5   3   3  11   7   2   1   2   3  11   4   2   0   4   1  11   6   3  0.45 inf
  129 S   -3 -5 -2 -6 -5 -6 -6 -7 -7 -2 -6 -5 -5 -6 -5  1  8 -8 -7 -5    2   0   2   0   0   0   0   0   0   2   0   0   0   0   0   8  84   0   0   0  2.30 inf
  130 A    5 -7 -7 -7 -3 -6 -6 -6 -7 -5 -4 -6 -6 -8  7 -2 -3 -8 -7 -2   41   0   0   0   0   0   0   0   0   1   2   0   0   0  48   3   1   0   0   3  1.82 inf
  131 L   -7 -7 -9 -9 -6 -7 -8 -9 -8  0  7 -8 -3 -3 -7 -8 -6 -7 -6 -4    0   0   0   0   0   0   0   0   0   4  95   0   0   1   0   0   0   0   0   0  2.34 inf
  132 H   -6 -4 -3 -5 -4 -4 -5 -7 10  2 -2 -6  2 -1 -8 -3 -5 -4  2 -5    0   1   1   0   0   0   0   0  66  10   4   0   4   2   0   2   0   0   6   0  2.44 inf
  133 Q    0 -2 -2 -2  2 -1 -1 -3  1  2  0 -1  0  1 -4 -1 -1  4  4  0    8   2   2   2   5   2   4   2   4  15   8   3   2   6   0   5   3   5  16   6  0.23 inf
  134 A    7 -7 -7 -7 -6 -6 -6 -4 -7 -7 -7 -6 -6 -8 -5 -2 -3 -8 -7 -5   95   0   0   0   0   0   0   0   0   0   0   0   0   0   0   2   2   0   0   0  2.44 inf
  135 A    5 -6 -5 -5 -1 -5 -5 -4 -6 -2 -4 -5 -4 -5 -5  4 -1 -7 -6  0   53   0   0   0   1   0   0   0   0   2   1   0   0   0   0  31   3   0   0   7  1.29 inf
  136 A    0  1 -1 -1 -1  2  1 -2  1  0 -1  1  0  1 -3  1 -1  1  1 -2   10   8   2   3   1  10  12   3   3   6   6   8   2   6   0  10   1   2   5   2  0.11 inf
  137 N   -3  0  6 -2  0 -1  0 -1  2 -5 -5  2 -2  0 -5 -1 -2 -3  3 -3    1   5  40   2   2   2   5   5   4   0   1  10   1   3   0   5   2   0  10   2  0.79 inf
  138 R   -5 -1  6  0 -2 -3 -4  6 -4 -7 -8 -1 -7 -7 -6 -3 -5 -7 -4 -6    0   4  34   4   1   1   1  48   0   0   0   4   0   0   0   1   0   0   1   0  1.51 inf
  139 D   -2  0  2  0  2  0 -3 -4  9 -4 -5 -1 -1 -3 -6  2 -3 -4  1 -6    2   5   9   5   4   3   1   1  40   1   1   4   1   1   0  17   1   0   4   0  1.21 inf
  140 F   -3 -2 -3 -3 -4 -1 -1 -4  0  2  3  4 -1 -1 -2 -3 -1 -5 -3  0    1   1   1   1   0   2   4   1   3  10  31  31   1   2   2   1   3   0   1   6  0.55 inf
  141 G   -1  0 -1  4 -7  0  6 -2 -3 -6 -6  0 -5 -6 -5 -2 -3 -7 -4 -5    5   5   2  22   0   4  48   3   0   0   0   6   0   0   0   2   1   0   1   1  1.12 inf
  142 M   -3 -5 -5 -7  1 -6 -6 -5 -7  5 -2 -6  3 -3 -6 -5  3 -7 -5  5    2   0   1   0   3   0   0   1   0  28   1   0   6   1   0   0  16   0   0  41  1.22 inf
  143 M    3 -6 -6 -7 -2 -6 -6 -5 -7  1 -2 -6  2 -5 -6 -3  0 -7 -5  6   26   0   0   0   1   0   0   0   0   6   3   0   5   0   0   2   6   0   0  50  1.17 inf
  144 V   -4  0 -2 -2 -8  2  6 -4 -4 -6 -7  5 -4 -7 -6 -4 -3 -7 -5 -5    1   4   2   2   0   8  43   1   0   0   0  36   0   0   0   0   2   0   0   1  1.38 inf
  145 Y   -2 -6 -4 -6  0 -3 -4 -7  1  1  3 -5 -2  3 -6 -5 -3 -1  6  0    3   0   1   0   2   1   1   0   3   8  31   0   0  11   0   0   2   0  30   6  0.98 inf
  146 M   -7 -7 -8 -9 -6 -7 -8 -9 -8 -2  7 -8 -1 -1 -7 -8 -6 -7 -6 -4    0   0   0   0   0   0   0   0   0   1  95   0   1   3   0   0   0   0   0   0  2.31 inf
  147 L   -5 -7 -7 -7 -5 -5 -7 -7 -7  7  3 -6 -1 -2 -7 -6 -3 -6 -5  2    0   0   0   0   0   0   0   0   0  57  26   0   1   1   0   0   2   0   0  11  1.60 inf
  148 N   -2 -2  1  0 -4 -1  0 -1 -3 -4 -2 -2 -3 -4 -3  6  0 -5 -4 -4    3   2   5   6   0   2   6   4   0   1   4   2   1   1   1  58   4   0   0   1  0.95 inf
  149 S   -1 -2  2 -1 -3  3  0 -3  8 -3 -3  2 -2 -3 -3 -1 -1 -3 -2 -3    5   1  11   4   1  13   4   2  32   1   3  11   1   1   1   3   3   0   1   2  0.82 inf
  150 T    0  0  0  0 -1  0  0  0  0 -1  0  0  0  0  0  0  0  0  0  0    7   7   6   6   2   3   6  10   2   5   8   6   2   4   5   7   6   1   3   6  0.02 inf
  151 K    0  1  0  0 -1  1  0  0  0 -1  0  0  0 -1  1  0  0  0  0  0    8   8   4   4   2   6   6   7   2   4   8   7   2   3   7   7   5   1   3   5  0.04 inf
  152 L    0  0  0 -1  0  0  0 -1  0  1  0  0  0  0  0  0  0  0  1  1    6   6   4   4   2   4   5   5   2   7  13   6   3   3   3   5   4   1   6  13  0.00 inf
  153 K   -3 -4 -2 -3 -5 -4 -4  7 -4 -4 -2 -2 -5 -5 -5 -3 -4 -5 -5 -4    1   1   2   2   0   1   1  78   0   1   4   3   0   0   1   1   1   0   0   1  1.74 inf
  154 G    7 -3 -5 -4 -3 -5 -5 -3 -5  0 -4 -3 -3 -5 -5 -1 -3 -6 -4  0   74   1   0   1   0   0   0   1   0   5   1   1   0   0   0   4   1   0   0   7  1.46 inf
  155 D   -5 -4  6  6 -5 -1  2 -5 -2 -5 -6 -1 -6 -6 -5 -3 -5 -8 -3 -5    1   0  38  38   0   2  10   0   1   1   1   3   0   0   0   2   0   0   1   1  1.50 inf
  156 I   -4 -6 -7 -7 -5 -6 -6 -7 -7  6  0  1  0 -3 -1 -6 -3 -7 -5  4    1   0   0   0   0   0   0   0   0  47   6  10   2   1   4   0   1   0   0  27  1.31 inf
  157 E   -5 -4  8  3 -4 -4  3 -5 -3 -7 -8 -1 -7 -8 -7 -3 -3 -8 -4 -8    0   0  61  13   0   0  17   1   1   0   0   3   0   0   0   1   1   0   1   0  1.87 inf
  158 E    3 -1 -2 -1 -4 -1  4 -4 -4  0 -3  1 -2 -5 -4  0 -1 -3 -3  0   28   3   1   2   0   1  31   0   0   6   2   9   1   0   0   5   3   0   1   6  0.58 inf
  159 L   -1  0 -2 -3  0  1 -2 -1 -2 -1 -2  6 -2 -6 -2 -1 -2 -4 -4 -1    4   4   1   1   2   5   2   5   1   3   5  51   1   0   2   5   3   0   0   4  0.77 inf
  160 D   -4 -5  4  7 -5 -4 -2 -3 -3 -6 -7 -3 -6 -7 -6 -1  0 -9 -5 -6    1   0  20  60   0   0   2   2   1   0   0   1   0   0   0   5   6   0   0   0  1.72 inf
  161 R   -2  1  5  1 -3 -1  0 -3 -1 -1 -4  4 -5 -5 -5 -1 -2 -6  0 -4    3   8  31   6   1   2   7   2   1   4   1  26   0   0   0   3   1   0   3   1  0.73 inf
  162 N   -2 -2  4  5 -2 -2  0 -2  1 -3 -4 -1 -3  0 -5 -2 -2 -4  4 -4    3   2  17  33   1   1   5   3   3   2   1   4   1   4   0   3   2   0  15   1  0.76 inf
  163 G   -4 -3 -1 -1 -7 -5 -2  7 -2 -8 -8 -3 -7 -8 -7 -4 -6 -4 -4 -7    1   2   3   3   0   0   3  82   1   0   0   2   0   0   0   0   0   0   1   0  2.06 inf
  164 M   -3  3  1 -1  1  2  1 -4 -1 -3 -2  2  1  0 -5  0 -3  6  1 -3    2  17   7   2   3   9   8   1   1   2   4  12   4   3   0   6   1  12   6   1  0.48 inf
  165 T   -4 -6 -3 -5 -4 -6 -6 -7 -7 -3 -6 -5 -3 -8 -7 -1  8 -8 -6 -5    1   0   1   0   0   0   0   0   0   2   0   0   1   0   0   4  90   0   0   0  2.53 inf
  166 A    5 -7 -7 -7 -6 -6 -6 -5 -7 -4 -5 -6 -6 -8  7 -1 -3 -8 -7 -3   44   0   0   0   0   0   0   0   0   1   1   0   0   0  46   4   1   0   0   2  1.83 inf
  167 L   -7 -7 -9 -9 -6 -7 -8 -9 -8 -2  7 -8 -2  0 -8 -8 -6 -7 -6 -4    0   0   0   0   0   0   0   0   0   1  95   0   0   3   0   0   0   0   0   0  2.32 inf
  168 M   -5 -4 -2 -6 -2 -1 -5 -7 10  2 -2 -5  3  0 -7 -2 -5 -3  2 -5    1   1   2   0   1   2   0   0  57  11   4   0   8   3   0   4   0   0   6   0  1.99 inf
  169 I   -1 -2 -2 -3  2 -3 -2 -3  2  3  1 -2  0  2 -4 -1 -1  4  4  0    6   2   2   1   5   1   3   1   4  16  12   2   2   6   1   3   3   5  17   7  0.33 inf
  170 V    7 -6 -7 -7 -1 -6 -5 -4 -7 -4 -6 -6 -4 -7 -6 -2 -2 -8 -7 -2   89   0   0   0   1   0   0   0   0   1   0   0   0   0   0   2   2   0   0   3  2.11 inf
  171 A    5 -5 -5 -5  1 -4 -5 -4 -6 -1 -4 -5 -4 -6 -5  4  0 -7 -6  1   48   0   0   0   3   0   0   0   0   3   1   0   0   0   0  30   4   0   0   9  1.16 inf
  172 H   -1  2 -1 -1  0  2  1 -2  2 -1 -1  1  0  1 -4  0 -2  3  2 -2    4  11   2   3   2  11  11   2   5   4   7   9   2   7   0   6   1   3   8   1  0.18 inf
  173 N   -2 -1  6  0  0 -1  0 -2  2 -4 -4  1 -2  0 -4  0 -2 -2  2 -4    2   4  37   4   2   2   7   3   4   1   1  10   1   4   0   7   2   1   8   1  0.67 inf
  174 E   -3 -3  5 -1 -2 -3 -2  5 -1 -4 -4 -2 -4 -4 -4 -2 -3 -5 -2 -5    1   1  31   3   1   1   2  45   1   1   2   2   1   1   1   3   1   0   2   1  1.16 inf
  175 G   -4  0  2 -3  2 -2 -4  1  8 -3 -4 -2 -3 -2 -5  2 -3 -2  1 -4    1   4   9   1   4   1   1   9  38   2   1   2   1   2   0  17   1   1   5   1  1.11 inf
  176 R   -3  0 -3 -2 -4  1  0 -3  2 -1  2  5 -1  0 -1 -2 -1 -4 -1 -3    1   5   1   2   0   6   5   2   5   2  23  33   1   3   3   2   3   0   2   1  0.45 inf
  177 D   -3 -2  0  5 -2  1  5 -1 -1 -4 -4 -2 -2 -4 -3 -2 -2 -4 -3 -4    2   2   4  26   1   4  42   6   1   1   2   1   1   1   1   2   2   0   1   2  0.94 inf
  178 Q    0 -1  0 -1 -2  0 -1 -1  0  2  0 -1  2 -1 -1 -1  0 -2 -1  3    6   2   5   4   1   5   3   4   3  10   5   4   6   2   2   4   6   0   2  25  0.11 inf
  179 V   -2 -3 -3 -3 -2 -3 -3 -3 -3  2  1 -1  0 -2 -3 -2 -1 -3 -2  5    2   2   1   2   1   1   2   2   1  11  14   3   2   1   2   2   3   0   1  45  0.61 inf
  180 A    0  0  0  1 -1  0  3  0 -1 -1 -1  1 -1 -1  0  0  0 -1 -1  0    9   4   3   6   1   3  23   6   1   3   5   7   1   3   4   6   4   1   2   6  0.12 inf
  181 S    0 -1 -1 -2 -2 -2 -2 -2 -2  3 -1 -2  2 -1 -2 -1  3 -2 -2  2    7   2   3   2   1   2   3   3   1  17   4   3   5   2   2   4  19   1   1  18  0.24 inf
  182 A    4 -2 -2 -2 -1 -1 -1 -1 -2  0 -1 -2 -1 -1 -1 -1  1 -2 -2  2   34   2   2   2   1   2   5   3   1   4   5   2   1   2   2   4   8   1   1  17  0.28 inf
  183 K   -4  0 -2 -2 -6  2  5 -4 -3 -5 -5  5 -5 -6 -4 -3 -3 -5 -5 -5    1   4   2   2   0   8  40   1   0   1   1  36   0   0   0   1   1   0   0   1  1.26 inf
  184 L   -4 -5 -5 -6  1 -4 -4 -5 -1  1  4 -5  0  3 -5 -4 -3 -3  6  0    1   0   0   0   3   1   1   1   1   6  37   1   2  11   0   1   1   0  26   6  0.98 inf
  185 L   -6 -7 -8 -9 -6 -7 -8 -9 -5 -2  7 -7 -2 -3 -8 -7 -6 -7 -6 -4    0   0   0   0   0   0   0   0   0   1  96   0   0   1   0   0   0   0   0   0  2.37 inf
  186 V   -5 -7 -7 -8 -5 -7 -6 -8 -7  7  3 -6  1 -3 -7 -6 -4 -7 -5  2    1   0   0   0   0   0   0   0   0  59  23   0   2   1   0   0   1   0   0  12  1.64 inf
  187 E   -1 -4  1  1 -4 -3  1 -1 -3 -4 -2  0 -4 -5 -5  6 -2 -7 -6 -4    4   0   5   7   0   0   8   5   1   1   4   5   0   0   0  56   2   0   0   1  0.95 inf
  188 K   -2  0  2 -4 -2  3 -1 -5  7 -2 -4  3 -4 -5 -5 -3 -3 -6  1  0    4   5  10   0   1  11   4   0  29   2   1  19   0   0   0   1   1   0   4   7  0.91 inf
  189 G   -4 -6 -2 -2 -5 -6 -5  8 -4 -8 -7 -3 -5 -8 -7 -4 -6 -7 -7 -7    1   0   2   3   0   0   1  89   1   0   1   1   0   0   0   1   0   0   0   0  2.38 inf
  190 A    7 -6 -6 -6 -2 -5 -6 -5 -5 -1 -5 -5 -4 -6 -3 -2 -4 -7 -6  0   83   0   0   0   1   0   0   0   0   4   1   0   0   0   1   2   1   0   0   6  1.87 inf
  191 K   -5 -4  6  5 -4 -1  1 -3 -3 -6 -7  1 -6 -7 -5 -3 -3 -7 -3 -6    1   0  40  31   0   3   8   1   0   0   0  10   0   0   0   1   1   0   1   0  1.35 inf
  192 V   -2 -4 -4 -4 -4 -2 -4 -5 -5  6  0 -4 -1 -3 -2 -4 -2 -4 -4  4    3   1   1   1   0   2   1   1   0  44   8   1   1   1   2   1   1   0   0  30  1.08 inf
  193 D   -3 -3  8  2 -4 -2 -1 -3  0 -4 -2 -2 -3 -4 -3 -2 -2 -4 -3 -4    2   1  59  10   0   1   5   2   2   1   4   3   1   1   1   2   2   0   1   1  1.36 inf
  194 Y    0  0 -1  0  0  0  0 -1 -1  1  0  0  0  0  0  0  0  0  0  1    9   5   3   4   2   3   8   5   1  13   9   6   2   3   3   7   5   1   3   9  0.01 inf
  195 D    0  0  0  1 -1  0  0  0  0 -1 -1  1 -1 -1  0  1  0 -1 -1 -1    9   6   5   8   2   5   5   8   2   5   7   8   1   3   4  11   5   1   2   5  0.04 inf
  196 G    0  0  0  1  0  0  0  1  0 -1 -1  0 -1 -1  0  0  0 -1  0 -1    9   4   6   7   3   5   5  12   3   4   7   5   2   3   4   7   5   1   3   5  0.03 inf
  197 A    0  0  0  0 -1  0  0  2  0 -1 -1  0 -1 -1  0  0  0 -1 -1 -1    9   5   6   5   1   4   6  16   3   4   7   6   2   3   4   7   5   1   2   6  0.05 inf
  198 A    1  0  0  0 -1  0  0  0 -1  0  0  0  0 -1  0  0  0  0  0  0   19   4   4   5   1   3   6   7   2   4   7   5   2   3   4   7   6   1   3   7  0.04 inf
  199 R    0  1  1  1 -1  0  1  0  0 -1 -1  0  0 -1  0  0  0  0  0 -1    6   8   8  11   1   4   7   6   2   4   7   6   2   3   4   7   4   1   3   5  0.04 inf
  200 K    0  0  0 -1 -1  0  0 -1 -1  1  0  2  0 -1  1  0  0 -1 -1  1    6   4   4   3   1   3   4   5   1   8   7  18   2   3   6   5   5   1   2  11  0.05 inf
  201 D   -1  0  2  2 -1  0  3 -1  0 -1 -1  0 -1 -1 -1  0  0 -1 -1 -1    4   4  12  13   2   3  19   5   2   3   5   5   1   2   3   6   4   1   3   4  0.18 inf
  202 S    3 -2 -1 -1 -3  1  3 -2 -3 -2 -2  1 -2 -4 -3  1 -1 -4 -3 -2   30   1   3   2   0   5  22   2   0   2   3   9   1   1   1  10   4   0   1   2  0.42 inf
  203 E   -2  1 -1 -1 -1  1  0 -1 -3 -3 -4  6 -2 -2 -1 -2 -1 -4 -4 -2    3   5   2   4   2   5   5   5   0   1   2  50   1   2   3   2   3   0   1   3  0.75 inf
  204 K   -4 -2  5  6 -3 -3 -2 -3 -3 -3 -5 -1 -3 -4 -4 -1  0 -3 -4 -5    1   2  23  49   1   1   1   2   0   2   1   4   1   1   1   3   6   0   1   1  1.24 inf
  205 Y   -4 -1  5  1 -2 -1  1 -3 -2 -1 -4  4 -3 -1 -5 -2 -3 -5  2 -4    1   3  30   6   1   3  10   2   1   5   1  24   0   2   0   2   1   0   8   1  0.72 inf
  206 K   -3 -1  3  5 -2 -2  0 -2  2 -2 -4  1 -3 -1 -4 -1 -2 -2  3 -4    2   3  14  32   1   1   5   3   4   2   2   8   1   2   0   5   2   0  12   1  0.65 inf
  207 G   -4 -2 -3 -1 -4 -5 -2  7 -6 -8 -6 -4 -7 -7 -6 -4 -6 -7 -7 -7    1   2   1   3   0   0   3  84   0   0   1   1   0   0   0   1   0   0   0   0  2.13 inf
  208 R   -3  4  0 -1  0  2  0 -3 -1 -3 -1  2  0  1 -4  0 -3  6  1 -3    1  20   4   3   3   8   7   1   1   1   5  14   3   6   0   6   0  10   4   2  0.46 inf
  209 T   -4 -2 -3 -6 -6 -5 -6 -7 -7 -3 -7 -6 -6 -6 -7 -2  8 -8 -6 -5    1   2   1   0   0   0   0   0   0   2   0   0   0   0   0   2  90   0   0   0  2.55 inf
  210 A    5 -7 -7 -7 -6 -6 -6 -6 -7 -5 -4 -6 -6 -8  7 -2 -4 -8 -6 -2   46   0   0   0   0   0   0   0   0   1   2   0   0   0  45   3   1   0   0   3  1.82 inf
  211 L   -7 -7 -9 -9 -6 -7 -8 -9 -8  0  7 -8 -3 -2 -8 -8 -6 -7 -6 -3    0   0   0   0   0   0   0   0   0   3  95   0   0   1   0   0   0   0   0   1  2.31 inf
  212 H   -6 -4 -3 -5 -3 -3 -5 -7 10  2 -3 -5  2 -2 -8 -3 -5 -5  0 -6    0   1   1   1   1   1   0   0  68  12   2   0   5   2   0   2   0   0   3   0  2.53 inf
  213 Y   -1 -2 -2 -3  1 -3 -2 -5 -1  3  1 -2 -1  3 -5 -2 -2  5  5  0    5   3   2   2   3   1   2   0   1  15  12   3   1  10   0   3   2   9  20   7  0.51 inf
  214 A    7 -7 -7 -7 -6 -6 -6 -4 -7 -6 -7 -6 -6 -8 -6 -2 -3 -8 -7 -3   94   0   0   0   0   0   0   0   0   0   0   0   0   0   0   2   2   0   0   1  2.41 inf
  215 A    6 -6 -5 -6 -2 -5 -5 -5 -6 -2 -4 -5 -4 -7 -5  4 -1 -7 -6  0   54   0   0   0   1   0   0   0   0   2   1   0   0   0   0  31   4   0   0   6  1.33 inf
  216 Q   -1  1 -1 -1  1  2  2 -2  0 -1  0  1  0  1 -4  0 -1  0  2 -2    4   8   2   3   3  12  14   2   2   5   9   7   3   7   0   6   2   1   7   1  0.16 inf
  217 V   -3 -1  6 -1  0 -2 -1 -2  3 -3 -4  1  1 -1 -5  0 -3 -3  3 -3    2   3  38   2   2   2   4   3   6   1   2  10   4   3   0   7   1   0  10   1  0.72 inf
  218 S   -4 -4  6  1 -3 -3 -5  6 -1 -6 -8 -3 -7 -6 -6 -2 -2 -3 -4 -7    1   1  32   6   1   1   0  49   1   0   0   2   0   0   0   3   2   0   1   0  1.48 inf
  219 N   -5  0  3 -2  2 -2 -4 -5  9 -5 -5 -1 -5 -2 -6  2 -5 -4  1 -7    0   5  14   2   4   1   1   1  44   1   1   3   0   1   0  16   0   0   4   0  1.52 inf
  220 M   -3 -2 -3 -4 -3 -1 -1 -2  0  1  3  4 -1 -2 -3 -4 -1 -5 -2 -1    1   1   1   1   0   2   4   3   3   7  34  30   1   2   1   0   3   0   1   4  0.57 inf
  221 P   -1 -3 -1  4 -8  1  6 -3 -2 -6 -7 -2 -6 -8 -2 -4 -4 -6 -4 -6    6   1   3  22   0   5  54   2   1   0   0   2   0   0   2   0   1   0   1   0  1.36 inf
  222 I   -2 -6 -5 -6 -5 -6 -6 -7 -7  5 -1 -6  2 -3 -6 -4  3 -7 -5  5    3   0   0   0   0   0   0   0   0  32   4   0   6   1   0   0  17   0   0  36  1.21 inf
  223 V    3 -6 -6 -6  1 -6 -6 -6 -7  1 -3 -6  0 -5 -6 -3  1 -7 -6  6   25   0   0   0   3   0   0   0   0   6   1   0   2   0   0   2   7   0   0  54  1.27 inf
  224 K   -5  0 -2 -1 -8  2  5 -6 -3 -5 -4  5 -6 -7 -6 -3 -4 -7 -5 -6    0   3   1   2   0   8  42   0   1   1   2  36   0   0   0   1   1   0   0   0  1.36 inf
  225 Y   -3 -6 -5 -6  0 -4 -2 -7 -3  1  4 -5 -2  4 -7 -4 -3 -3  6  0    2   0   0   0   2   1   3   0   0   8  33   0   1  15   0   1   1   0  28   5  1.03 inf
  226 L   -7 -7 -9 -9 -6 -7 -8 -9 -6 -3  7 -8 -3 -1 -8 -8 -6 -7 -6 -4    0   0   0   0   0   0   0   0   0   0  96   0   0   3   0   0   0   0   0   0  2.37 inf
  227 V   -5 -7 -7 -7 -5 -7 -7 -8 -7  7  3 -7 -2 -4 -7 -7 -4 -7 -6  3    0   0   0   0   0   0   0   0   0  58  22   0   1   0   0   0   1   0   0  17  1.71 inf
  228 G   -1 -2  0 -1 -3 -3 -2  0 -3 -2 -1 -2  0 -4 -3  6 -1 -4 -4 -1    4   2   3   4   0   1   2   6   0   2   6   3   2   1   1  57   3   0   0   4  0.83 inf
  229 E   -2  0  1  0 -2  4  2 -2  7 -3 -3  0 -2 -3 -3 -1 -2 -3 -2 -3    3   4   5   4   1  17  12   3  30   1   2   5   1   1   1   4   2   0   1   2  0.81 inf
  230 K    0  1  3  0 -1  0  0 -1  1 -1 -1  2 -1 -1 -1  0 -1 -2  0  0    6   8  16   3   1   3   4   4   4   5   5  15   1   2   2   5   3   1   4   9  0.12 inf
  231 G   -4 -5 -3 -2 -6 -5 -5  7 -4 -5 -6 -4 -6 -6 -5 -4 -5 -6 -6 -6    1   1   1   2   0   0   1  87   0   1   1   1   0   0   0   1   1   0   0   1  2.24 inf
  232 S    7 -6 -6 -6 -3 -6 -5 -5 -7 -1 -5 -6 -4 -7 -3 -1 -4 -7 -5 -1   84   0   0   0   0   0   0   0   0   4   1   0   0   0   1   4   1   0   0   4  1.91 inf
  233 N   -5 -4  6  6 -4  0  1 -4 -1 -6 -7 -1 -7 -7 -6 -3 -4 -8 -3 -5    1   0  40  37   0   4   9   1   1   1   0   3   0   0   0   1   0   0   1   1  1.51 inf
  234 K   -4 -5 -5 -6 -5 -5 -6 -6 -6  6  0  3 -1 -3  0 -5 -4 -7 -5  4    0   0   0   0   0   0   0   0   0  39   8  16   1   1   5   0   1   0   0  29  1.14 inf
  235 D   -5 -4  8  3 -5 -4  3 -4 -2 -7 -8 -2 -7 -8 -5 -3 -3 -8 -6 -7    1   0  62  14   0   0  16   1   1   0   0   2   0   0   0   1   1   0   0   0  1.87 inf
  236 K    4 -1 -2 -2  0 -2  4 -3 -4  0 -4  2  0 -4 -4  0 -2 -4 -4 -1   30   3   1   1   2   1  26   1   0   5   0  13   2   1   0   5   2   0   0   5  0.55 inf
  237 Q   -2  1 -3 -4  1  3 -1 -1 -5 -3 -5  7 -4 -6 -4 -2 -2 -4 -6 -3    2   5   1   0   3  12   3   6   0   1   1  57   0   0   1   3   3   0   0   2  1.16 inf
  238 D   -4 -6  4  8 -5 -4 -2 -4 -3 -6 -8 -4 -7 -8 -6 -1 -1 -9 -6 -5    1   0  17  67   0   0   1   1   0   0   0   0   0   0   0   5   3   0   0   1  1.93 inf
  239 E   -3 -1  6  0 -6 -1  2 -3 -3 -1 -5  5 -4 -6 -5 -2 -4 -7 -3 -4    1   2  35   6   0   2  11   2   0   4   1  30   0   0   0   3   0   0   1   1  1.02 inf
  240 D   -3 -2  4  5 -2 -2  0 -2  1 -3 -3  1 -4 -1 -5 -1 -2 -4  3 -4    2   2  19  34   1   1   6   2   3   2   2   7   0   2   0   3   2   0  10   1  0.74 inf
  241 G   -4 -3 -3  0 -7 -6 -2  7 -5 -6 -7 -3 -5 -6 -7 -2 -6 -5 -8 -4    0   2   1   4   0   0   4  81   0   1   0   2   0   0   0   2   0   0   0   1  1.99 inf
  242 K   -3  3  0 -1  1  2  1 -4 -2 -2 -3  3  0 -1 -5 -1 -3  6  2 -3    1  17   5   3   3   9   9   1   1   2   2  17   3   2   0   4   1  12   8   1  0.57 inf
  243 T   -4 -7 -3 -7 -6 -6 -6 -7 -7 -3 -6 -5 -6 -8 -5 -1  8 -8 -7 -6    1   0   1   0   0   0   0   0   0   2   0   0   0   0   0   4  91   0   0   0  2.62 inf
  244 P    4 -7 -7 -6 -4 -6 -6 -6 -6 -5 -5 -6 -7 -8  7 -1 -4 -8 -5 -4   37   0   0   0   0   0   0   0   0   1   1   0   0   0  55   4   1   0   0   1  1.99 inf
  245 I   -7 -7 -9 -9 -6 -7 -8 -9 -6  0  7 -8 -1 -3 -8 -8 -6 -7 -6 -3    0   0   0   0   0   0   0   0   0   3  94   0   1   1   0   0   0   0   0   1  2.27 inf
  246 M   -6 -4 -4 -6 -2 -3 -6 -7 10  2 -3 -5  3  0 -7 -2 -6 -4  2 -5    0   1   0   0   1   1   0   0  61  11   3   0   8   4   0   4   0   0   6   0  2.25 inf
  247 L    0 -2 -2 -4  3 -2 -2 -3  0  2  1 -1  2  2 -4 -1 -2  4  5  0    6   1   2   1   6   1   2   2   3  14  14   3   5   7   0   4   2   5  19   4  0.37 inf
  248 A    7 -7 -7 -7 -6 -6 -6 -5 -7 -6 -7 -6 -6 -8 -6 -2 -2 -8 -7 -4   93   0   0   0   0   0   0   0   0   0   0   0   0   0   0   2   3   0   0   1  2.35 inf
  249 A    6 -6 -5 -6 -2 -5 -5 -5 -6 -3 -5 -5 -4 -5 -5  4 -1 -7 -6  0   54   0   0   0   1   0   0   0   0   2   1   0   0   0   0  32   4   0   0   6  1.36 inf
  250 Q   -1  2 -1 -1 -1  2  2 -2  0 -1 -1  2  0  0 -4  1 -2  0  2 -2    4   9   2   2   2  12  13   2   2   4   7  12   3   3   0   9   1   2   7   3  0.17 inf
  251 E   -3 -1  6 -1 -3 -1  2 -2  2 -5 -5  1 -3 -1 -5  0 -3 -2  3 -5    2   4  38   2   1   2  12   3   5   1   1  10   0   3   0   5   1   0   9   0  0.81 inf
  252 G   -5 -3  6 -1 -3 -4 -4  6 -4 -7 -8 -4 -7 -6 -7 -3 -4 -7 -4 -6    0   1  31   4   1   1   1  57   0   0   0   1   0   0   0   1   1   0   1   0  1.73 inf
  253 R   -4  1  3 -3  2 -1 -4 -5  9 -7 -6 -1 -1 -4 -6  2 -4 -3  1 -7    1   8  11   1   4   2   1   1  42   0   1   4   2   1   0  18   0   0   5   0  1.43 inf
  254 I   -3 -1 -3 -3 -3 -2  0 -4  1  1  3  4 -1  0 -3 -3 -1 -5 -2 -2    1   2   1   1   1   1   6   1   3   9  32  29   1   4   1   1   3   0   1   2  0.54 inf
  255 E   -2 -3 -1  4 -7  0  6 -2 -2 -6 -6  0 -6 -7 -5 -2 -2 -7 -5 -6    4   1   3  21   0   4  53   3   1   0   0   5   0   0   0   3   3   0   0   0  1.26 inf
  256 V   -2 -2 -5 -7 -4 -6 -5 -7 -7  4 -2 -5  0 -4 -6 -3  3 -7 -5  5    3   2   0   0   0   0   0   0   0  24   2   0   2   1   0   1  20   0   0  43  1.20 inf
  257 V    3 -6 -6 -6 -2 -6 -6 -6 -7  1 -3 -6  0 -4 -6 -2  0 -7 -6  6   27   0   0   0   1   0   0   0   0   5   1   0   2   1   0   3   6   0   0  54  1.28 inf
  258 M   -4  0 -3 -2 -6  3  6 -5 -4 -5 -7  5 -2 -7 -6 -4 -5 -7 -6 -6    1   3   1   2   0  11  46   1   0   1   0  32   1   0   0   0   0   0   0   0  1.44 inf
  259 Y   -4 -5 -5 -5  2 -5 -6 -7 -1  1  3 -5 -3  4 -6 -4 -1 -3  6  0    1   0   0   0   4   0   0   0   1   8  32   0   0  13   0   1   3   0  29   5  1.05 inf
  260 L   -7 -7 -9 -9 -5 -7 -8 -9 -6  0  7 -8 -3 -1 -8 -8 -6 -7 -6 -4    0   0   0   0   0   0   0   0   0   3  94   0   0   2   0   0   0   0   0   0  2.30 inf
  261 I   -4 -7 -8 -6 -4 -7 -7 -8 -6  7  3 -6 -2 -2 -7 -6 -3 -7 -5  2    1   0   0   0   0   0   0   0   0  60  21   0   0   1   0   0   1   0   0  14  1.65 inf
  262 Q   -1 -3  1  1 -3  1  0 -1 -1 -5 -2 -1 -5 -6 -5  6 -2 -7 -5 -5    3   1   5   8   0   6   6   4   1   1   5   3   0   0   0  54   1   0   0   0  0.90 inf
  263 Q   -1 -1  3 -4 -6  3 -1 -4  8 -2 -2  2 -4 -5 -5 -2 -3 -6 -1  0    4   3  12   0   0  12   4   1  32   2   4  12   0   0   0   3   1   0   2   7  0.92 inf
  264 G   -4 -5 -2 -1 -4 -6 -6  8 -3 -9 -9 -3 -8 -8 -7 -4 -6 -8 -7 -8    1   0   2   3   0   0   0  89   1   0   0   2   0   0   0   1   0   0   0   0  2.38 inf
  265 A    7 -6 -6 -7 -4 -6 -5 -3 -7 -1 -5 -6 -6 -7 -3 -1 -3 -8 -5  0   83   0   0   0   0   0   0   1   0   4   1   0   0   0   2   3   1   0   0   5  1.86 inf
  266 S   -5 -4  6  6 -4 -1  1 -2 -2 -5 -6 -1 -6 -6 -5 -1 -4 -8 -4 -5    1   0  35  38   0   3   8   2   1   1   1   3   0   0   0   5   0   0   1   1  1.34 inf
  267 V   -4 -5 -7 -7 -5 -6 -6 -7 -7  6  0  2 -1 -3 -2 -5 -3 -7 -5  4    1   0   0   0   0   0   0   0   0  49   6  11   1   1   3   0   1   0   0  26  1.30 inf
  268 E   -6 -4  8  3 -8 -4  3 -4 -2 -6 -7 -1 -4 -8 -7 -3 -2 -8 -6 -8    0   0  59  13   0   0  18   1   1   0   0   3   0   0   0   1   2   0   0   0  1.80 inf
  269 A    4 -2 -3 -2  0 -1  4 -4 -4  2 -3  1 -1 -5 -4 -1 -1 -2 -4 -2   31   2   1   1   2   1  27   1   0  11   1   8   1   0   0   5   3   1   0   3  0.59 inf
  270 V   -1  1 -3 -4 -2  1 -1  0 -3 -4 -5  6 -4 -7 -1 -2 -1 -7 -6  0    6   5   0   0   1   5   3   8   0   1   1  54   0   0   3   2   3   0   0   6  0.98 inf
  271 D   -3 -6  5  7 -8 -5 -3 -3 -5 -7 -8 -4 -5 -7 -6 -2 -1 -9 -7 -8    3   0  23  64   0   0   1   2   0   0   0   0   0   0   0   3   4   0   0   0  1.98 inf
  272 A   -1 -1  6  0 -2 -1  0 -2 -1 -1 -5  4 -3 -5 -5 -1 -3 -4 -2 -3    5   2  34   5   1   2   7   3   1   4   1  27   0   0   0   3   1   0   2   2  0.80 inf
  273 T   -4 -2  4  5 -5 -3  0 -3  1 -3 -3  0 -3  0 -5 -1 -3 -3  4 -4    1   2  16  36   0   1   6   2   3   1   2   6   1   4   0   3   1   0  13   1  0.83 inf
  274 D   -4 -3 -4  0 -8 -5 -1  7 -6 -9 -7 -4 -4 -6 -7 -4 -6 -8 -8 -7    1   2   0   5   0   0   4  84   0   0   1   1   1   0   0   1   0   0   0   0  2.16 inf
  275 H   -3  3  1 -1  0  2  1 -4  1 -3 -3  3 -1 -1 -4 -1 -2  6  1 -3    1  15   8   3   2  11   7   1   3   2   3  17   2   3   0   5   1  10   5   2  0.48 inf
  276 T   -4 -5 -2 -6 -4 -6 -6 -7 -7 -3 -6 -6 -5 -8 -5 -1  8 -8 -6 -5    1   1   2   0   0   0   0   0   0   1   0   0   0   0   0   3  89   0   0   0  2.51 inf
  277 A    5 -7 -7 -6 -5 -6 -6 -5 -7 -5 -5 -6 -6 -8  7 -1 -4 -8 -7 -3   46   0   0   0   0   0   0   0   0   0   1   0   0   0  45   5   1   0   0   2  1.85 inf
  278 R   -5 -1 -8 -8 -6 -7 -7 -9 -4 -2  7 -7 -2 -1 -7 -5 -6 -7 -4 -3    1   3   0   0   0   0   0   0   1   1  89   0   0   2   0   1   0   0   0   1  2.00 inf
  279 Q   -6 -2 -1  0 -6  1 -3 -6  9  1 -3 -5  2  0 -7 -2 -5 -4  2 -6    0   2   3   5   0   7   1   0  52   9   2   0   5   4   0   3   0   0   6   0  1.73 inf
  280 L   -1 -3 -3 -4  2 -4 -3 -4 -1  3  1 -2 -1  2 -5 -2 -2  3  5  1    6   2   2   1   4   0   1   1   2  21  12   2   1   6   0   4   2   5  19  10  0.48 inf
  281 A    7 -7 -7 -7 -4 -6 -6 -5 -7 -7 -7 -6 -6 -8 -5 -2 -4 -8 -7 -4   96   0   0   0   0   0   0   0   0   0   0   0   0   0   0   2   1   0   0   1  2.46 inf
  282 Q    4 -2 -4 -4  1 -2 -2 -4 -5 -1 -2 -2 -3 -5 -4  4  1 -6 -5  0   38   2   0   0   2   1   2   0   0   3   3   2   1   0   0  31   7   0   0   6  0.78 inf
  283 A   -1  2 -1  0 -1  1  2 -2  0 -1 -1  1  0  1 -4  0 -2  0  1 -2    5  12   3   5   2   7  15   2   3   5   6  11   2   5   0   8   1   2   6   1  0.17 inf
  284 N   -3  1  6 -3 -4 -2  0 -3  2 -4 -4  3 -1 -1 -5 -1 -3 -2  3 -5    2   6  41   0   0   1   5   2   4   1   1  15   2   3   0   4   1   0  11   0  0.93 inf
  285 N   -4 -3  5  0 -3 -4 -3  6  0 -6 -6 -2 -7 -5 -6 -3 -5 -7 -2 -6    0   1  29   4   1   1   2  51   2   0   1   3   0   1   0   1   0   0   2   0  1.41 inf
  286 H   -5  0  3 -3  2  0 -4 -4  9 -7 -5 -1 -6 -1 -6  1 -5 -2  3 -7    0   5  12   1   4   3   0   1  45   0   1   4   0   3   0  11   0   1   8   0  1.56 inf
  287 H   -3 -1 -2 -1 -4  0  1 -5  3  0  3  4 -1 -2 -4 -3 -1 -5 -2 -1    1   3   2   3   0   3   8   0   7   5  28  28   1   2   0   1   3   0   1   3  0.48 inf
  288 N   -2 -4  0  4 -7  0  6 -2 -1 -6 -4 -1 -5 -7 -5 -3 -3 -7 -5 -3    4   1   4  23   0   4  49   3   1   0   2   3   0   0   0   1   1   0   0   2  1.17 inf
  289 I   -2 -6 -6 -7 -5 -6 -6 -7 -7  5  0 -6  1 -4 -6 -4  3 -7 -5  5    2   0   0   0   0   0   0   0   0  33   6   0   3   0   0   1  17   0   0  38  1.27 inf
  290 V    3 -6 -6 -7 -2 -5 -5 -6 -7  2 -2 -5 -1 -3 -6 -3  0 -7 -5  6   25   0   0   0   1   0   1   0   0  12   2   0   2   1   0   1   5   0   0  51  1.20 inf
  291 D   -3 -1  2  0 -7  2  5 -5 -2 -6 -6  5 -6 -7 -5 -3 -3 -7 -5 -7    2   3   8   4   0   8  38   1   1   0   0  33   0   0   0   1   1   0   0   0  1.22 inf
  292 I   -3 -5 -5 -7 -1 -5 -2 -7 -2  1  4 -5 -2  3 -6 -4 -2 -3  6  0    1   0   0   0   1   0   3   0   1   7  35   0   0  12   0   1   3   0  27   7  0.99 inf
  293 F   -7 -7 -9 -9 -7 -7 -8 -9 -8 -3  7 -8 -2  0 -8 -8 -6 -7 -6 -4    0   0   0   0   0   0   0   0   0   0  96   0   0   3   0   0   0   0   0   0  2.39 inf
  294 D   -6 -7 -3 -1 -4 -5 -4 -7 -5  7  3 -5 -3 -4 -7 -6 -5 -7 -6  0    0   0   2   4   0   0   1   0   0  63  23   1   0   0   0   0   0   0   0   5  1.64 inf
  295 R   -3  3  0  3 -5  3 -1 -2 -3 -5 -4  3 -4 -5 -4  3 -1 -6 -5 -5    1  15   3  19   0  12   3   3   0   0   1  19   0   0   0  23   2   0   0   0  0.68 inf
  296 C   -2 -1 -3 -5  7  2 -2 -3  0 -2  4 -2  1 -3 -5 -2 -2 -4 -1 -2    3   3   1   0  24  11   2   2   3   0  39   2   3   0   0   2   1   0   2   2  0.73 inf
  297 R   -4  7 -3 -4 -6 -2 -3 -5 -3 -6 -5  4 -4 -6 -5 -3 -4 -6 -5 -5    0  74   0   0   0   0   0   0   0   0   0  26   0   0   0   0   0   0   0   0  1.86 inf

                      K         Lambda
Standard Ungapped    0.1286     0.3153
Standard Gapped      0.0563     0.2670
PSI Ungapped         0.1842     0.3141
PSI Gapped           0.0563     0.2670
