
Last position-specific scoring matrix computed, weighted observed percentages rounded down, information per position, and relative weight of gapless real matches to pseudocounts
           A  R  N  D  C  Q  E  G  H  I  L  K  M  F  P  S  T  W  Y  V   A   R   N   D   C   Q   E   G   H   I   L   K   M   F   P   S   T   W   Y   V
    1 E   -2 -1  1  5 -4  1  3 -2 -1 -3 -3  0 -3 -4 -1  0 -1 -4 -3 -3    0   0   0  65   0   0  35   0   0   0   0   0   0   0   0   0   0   0   0   0  0.78 inf
    2 D   -2 -1  3  6 -3  0  1 -1 -1 -3 -4 -1 -3 -4 -2  0 -1 -4 -3 -3    0   0  18  82   0   0   0   0   0   0   0   0   0   0   0   0   0   0   0   0  0.86 inf
    3 E   -1  0  0  1 -4  2  5 -2  0 -3 -3  1 -2 -3 -1  0 -1 -3 -2 -3    0   0   0   0   0   0 100   0   0   0   0   0   0   0   0   0   0   0   0   0  0.82 inf
    4 P   -1 -2 -2 -2 -3 -1 -1 -2 -2 -3 -3 -1 -3 -4  8 -1 -1 -4 -3 -3    0   0   0   0   0   0   0   0   0   0   0   0   0   0 100   0   0   0   0   0  2.12 inf
    5 T   -1 -2 -2 -3  4 -2 -2 -3  0  0  1 -2  0  2 -3 -1  1  0  4 -1    0   0   0   0  18   0   0   0   0   0  19   0   0  11   0   0  17   0  36   0  0.34 inf
    6 I    0 -3 -3 -3 -1 -2 -3 -3 -3  3  1 -2  1 -1 -3 -2  0 -3 -1  4    0   0   0   0   0   0   0   0   0  17   0   0   0   0   0   0   0   0   0  83  0.40 inf
    7 G    1 -1  0 -1 -1  0 -1  2 -1 -3 -3 -1 -2 -3 -1  4  1 -3 -2 -2    0   0   0   0   0   0   0  17   0   0   0   0   0   0   0  83   0   0   0   0  0.46 inf
    8 D   -2 -1  1  5 -4  0  3 -2 -1 -3 -3  0 -3 -4 -1  0 -1 -4 -3 -3    0   0   0  69   0   0  31   0   0   0   0   0   0   0   0   0   0   0   0   0  0.80 inf
    9 L   -1 -2 -3 -3 -1 -1 -3 -3 -2  3  2 -2  5  0 -3 -2 -1 -2 -1  1    0   0   0   0   0   0   0   0   0  31  17   0  52   0   0   0   0   0   0   0  0.35 inf
   10 N   -1  3  2 -1 -2  0  0 -1  3 -2 -2  1 -1 -2 -2  1  2 -3 -1 -2    0  34  17   0   0   0   0   0  12   0   0   0   0   0   0  18  19   0   0   0  0.31 inf
   11 A    1 -2  2  2 -2 -1  0 -1 -1  0  1 -1  0 -2 -2  0  0 -3 -2  1   17   0  23  23   0   0   0   0   0   0  18   0   0   0   0   0   0   0   0  19  0.14 inf
   12 F   -2 -2 -2  1 -3 -2 -2 -3  1 -1 -1 -2 -1  4 -3 -2 -2  1  5 -1    0   0   0  13   0   0   0   0   0   0   0   0   0  35   0   0   0   0  52   0  0.61 inf
   13 H   -1  0  2  0 -3  3  2 -2  3 -2 -1  0 -1 -2 -2  0 -1 -2 -1 -2    0   0  19   0   0  36  18   0  17   0  11   0   0   0   0   0   0   0   0   0  0.34 inf
   14 S    3  0 -1 -2 -1  0 -1 -1 -2 -1  0  1  0 -2 -1  1  0 -3 -2 -1   46   0   0   0   0   0   0   0   0   0  18  19   0   0   0  17   0   0   0   0  0.17 inf
   15 G    0 -2 -1 -2 -2 -2 -2  5 -2 -2 -3 -2 -2 -3 -2 -1 -1 -3 -3 -1    0   0   0   0   0   0   0  87   0   0   0   0   0   0   0   0   0   0   0  13  0.84 inf
   16 E   -1  0  0  1 -4  3  5 -2  0 -3 -3  1 -2 -3 -1  0 -1 -3 -2 -3    0   0   0   0   0  19  81   0   0   0   0   0   0   0   0   0   0   0   0   0  0.72 inf
   17 E   -1  0  0  1 -4  2  5 -2  0 -3 -3  1 -2 -3 -1  0 -1 -3 -2 -3    0   0   0   0   0   0 100   0   0   0   0   0   0   0   0   0   0   0   0   0  0.82 inf
   18 L   -1  2 -2 -2 -2  0  1 -3 -2  0  3  0  1 -1 -2 -2 -1 -2 -1  0    0  18   0   0   0   0  19   0   0   0  63   0   0   0   0   0   0   0   0   0  0.22 inf
   19 H    1 -1  0 -2 -2  0 -1 -2  7 -3 -2 -1 -2  0 -2 -1 -1 -1  3 -2   19   0   0   0   0   0   0   0  69   0   0   0   0   0   0   0   0   0  13   0  0.63 inf
   20 R   -1  5 -1 -2  3  1 -1 -2 -1 -3 -2  2 -2 -3 -2 -1 -1 -3 -2 -2    0  88   0   0  12   0   0   0   0   0   0   0   0   0   0   0   0   0   0   0  0.70 inf
   21 Q   -1  0 -1 -1 -3  5  2 -2  0 -2  0  1  0 -2 -2 -1 -1 -2 -2 -2    0   0   0   0   0  71  11   0   0   0  19   0   0   0   0   0   0   0   0   0  0.45 inf
   22 R   -1  4  0 -1 -3  4  1 -2  0 -3 -2  2 -1 -3 -2  0 -1 -2 -2 -2    0  35   0   0   0  46   0   0   0   0   0  18   0   0   0   0   0   0   0   0  0.55 inf
   23 S    1 -1  0  0 -1  0  0  0 -1 -3 -3  0 -2 -3 -1  4  1 -3 -2 -2    0   0   0   0   0   0   0   0   0   0   0   0   0   0   0 100   0   0   0   0  0.53 inf
   24 E   -1  1  0  0 -3  5  3 -2  0 -3 -2  2 -1 -3 -1  0 -1 -2 -2 -2    0   0   0   0   0  65  17   0   0   0   0  18   0   0   0   0   0   0   0   0  0.59 inf
   25 L   -1 -1 -2 -1 -2  2  1 -3 -1  0  3 -1  1 -1 -2 -1 -1 -2 -1  0    0   0   0   0   0  18  19   0   0   0  63   0   0   0   0   0   0   0   0   0  0.24 inf
   26 A    4 -2 -2 -2 -1 -1 -1  0 -2 -1 -2 -1 -1 -2 -1  1  0 -3 -2  0  100   0   0   0   0   0   0   0   0   0   0   0   0   0   0   0   0   0   0   0  0.47 inf
   27 R    1  2 -1 -1 -2  0  0 -2  0 -2 -2  3 -1 -1 -1  0 -1 -1  2 -2   18  17   0   0   0   0   0   0   0   0   0  46   0   0   0   0   0   0  19   0  0.29 inf
   28 A    1  0 -1  1 -3  1  5 -2  0 -3 -3  0 -2 -3 -1  0 -1 -3 -2 -2   17   0   0   0   0   0  83   0   0   0   0   0   0   0   0   0   0   0   0   0  0.62 inf
   29 N   -1  4  2 -1 -3  1  0 -2  0 -3 -3  3 -2 -3 -2  0 -1 -3 -2 -3    0  36  17   0   0   0   0   0   0   0   0  48   0   0   0   0   0   0   0   0  0.49 inf
   30 Y   -2 -2 -2 -3 -3 -2 -2 -3  1 -1 -1 -2 -1  4 -3 -2 -2  2  7 -1    0   0   0   0   0   0   0   0   0   0   0   0   0  19   0   0   0   0  81   0  0.88 inf
   31 E    1 -1  0 -1 -2  2  2  2 -1 -2 -2  0 -1 -3 -1  1  2 -2 -2 -1   23   0   0   0   0  19  17  18   0   0   0   0   0   0   0   0  23   0   0   0  0.25 inf
   32 K   -1  3 -1 -2 -2  0 -1 -2 -1  2  0  3  0 -2 -2 -1 -1 -3 -2  0    0  29   0   0   0   0   0   0   0  36   0  35   0   0   0   0   0   0   0   0  0.24 inf
   33 A    3 -2 -1 -2 -1 -1 -1 -1 -2  1 -1 -1  0 -2 -1  1  2 -3 -2  0   63   0   0   0   0   0   0   0   0  18   0   0   0   0   0   0  19   0   0   0  0.25 inf
   34 R   -1  3 -2 -3 -2 -1 -2 -3 -2  2  2  0  1 -1 -3 -2 -1 -2 -1  0    0  35   0   0   0   0   0   0   0  18  46   0   0   0   0   0   0   0   0   0  0.25 inf
   35 P   -1 -1 -2 -1 -3  2  0 -2 -2 -3 -3 -1 -2 -4  7 -1 -1 -3 -3 -2    0   0   0   0   0  19   0   0   0   0   0   0   0   0  81   0   0   0   0   0  1.62 inf
   36 E    1  0 -1  1 -3  1  5 -2  0 -3 -3  0 -2 -3 -1  0 -1 -3 -2 -2   18   0   0   0   0   0  82   0   0   0   0   0   0   0   0   0   0   0   0   0  0.60 inf
   37 M   -1 -2 -2 -3 -1 -1 -2 -2 -2  1  2 -1  5  0 -2  1  0 -2 -1  0    0   0   0   0   0   0   0   0   0   0  18   0  63   0   0  19   0   0   0   0  0.28 inf
   38 I   -1 -3 -3 -3 -1 -3 -3 -4 -3  4  1 -3  1  0 -3 -2 -1 -3 -1  3    0   0   0   0   0   0   0   0   0  71   0   0   0   0   0   0   0   0   0  29  0.41 inf
   39 A    2 -1  3  2 -1  0  0  0 -1 -2 -3  0 -2 -3 -1  2  0 -3 -2 -2   35   0  34  12   0   0   0   0   0   0   0   0   0   0   0  19   0   0   0   0  0.33 inf
   40 N    2 -1  2  2 -1 -1  0 -1 -1 -1 -2 -1 -1 -2 -1  1  0 -3 -2  0   34   0  17  18   0   0   0   0   0   0   0   0   0   0   0  19   0   0   0  13  0.21 inf
   41 Q   -1  0  4  0 -3  4  1 -1  0 -3 -3  1 -1 -3 -2  0 -1 -3 -2 -3    0   0  46   0   0  54   0   0   0   0   0   0   0   0   0   0   0   0   0   0  0.57 inf
   42 R   -2  6 -1 -2 -4  1  0 -2  0 -3 -2  2 -2 -3 -2 -1 -1 -3 -2 -3    0 100   0   0   0   0   0   0   0   0   0   0   0   0   0   0   0   0   0   0  0.85 inf
   43 A    3 -1 -1 -1 -1 -1  1  2 -2 -2 -2 -1 -1 -3 -1  1  1 -3 -2 -1   54   0   0   0   0   0  13  23   0   0   0   0   0   0   0   0  11   0   0   0  0.31 inf
   44 V    0 -3 -3 -3 -1 -2 -3  1 -3  2  0 -2  0 -1 -2 -2  0 -3 -2  4    0   0   0   0   0   0   0  13   0   0   0   0   0   0   0   0   0   0   0  87  0.30 inf
   45 T    0 -1  0 -1 -1 -1 -1 -2 -2 -1 -1 -1 -1  1 -1  2  4 -2 -1  0    0   0   0   0   0   0   0   0   0   0   0   0   0  12   0  11  77   0   0   0  0.39 inf
   46 A    4 -2 -1 -2 -1 -1 -1  2 -2 -2 -2 -1 -1 -2 -1  1  0 -3 -2 -1   82   0   0   0   0   0   0  18   0   0   0   0   0   0   0   0   0   0   0   0  0.43 inf
   47 H   -1  0  0  0 -3  3  4 -2  5 -3 -3  0 -2 -2 -2  0 -1 -3  0 -3    0   0   0   0   0  19  46   0  35   0   0   0   0   0   0   0   0   0   0   0  0.57 inf
   48 L   -2 -2 -4 -4 -1 -2 -3 -4 -3  1  4 -3  2  0 -3 -3 -1 -2 -1  1    0   0   0   0   0   0   0   0   0   0 100   0   0   0   0   0   0   0   0   0  0.52 inf
   49 F   -2 -3 -3 -4 -3 -3 -3 -3 -1  0  0 -3  0  6 -4 -2 -2  1  4 -1    0   0   0   0   0   0   0   0   0   0   0   0   0  81   0   0   0   0  19   0  0.79 inf
   50 N   -1 -1  2 -1 -2  0 -1 -2  5 -2 -2 -1 -1 -2 -2  0  3 -3  0 -1    0   0  17   0   0   0   0   0  37   0   0   0   0   0   0   0  46   0   0   0  0.41 inf
   51 R   -2  6 -1 -2 -4  1  0 -2  0 -3 -2  2 -2 -3 -2 -1 -1 -3 -2 -3    0 100   0   0   0   0   0   0   0   0   0   0   0   0   0   0   0   0   0   0  0.85 inf
   52 Y   -2 -3 -3 -3 -3 -3 -3 -3  0 -1  0 -3  0  6 -3 -2 -2  1  5 -1    0   0   0   0   0   0   0   0   0   0   0   0   0  65   0   0   0   0  35   0  0.76 inf
   53 T    0 -1  0 -1 -1 -1 -1 -2 -2 -1 -1 -1 -1 -2 -1  1  5 -3 -2  0    0   0   0   0   0   0   0   0   0   0   0   0   0   0   0   0 100   0   0   0  0.57 inf
   54 E   -1  0  0  1 -4  2  5 -2  0 -3 -3  1 -2 -3 -1  0 -1 -3 -2 -3    0   0   0   0   0   0 100   0   0   0   0   0   0   0   0   0   0   0   0   0  0.82 inf
   55 D   -2 -2  1  6 -4  0  1 -1 -1 -3 -4 -1 -3 -4 -2  0 -1 -4 -3 -3    0   0   0 100   0   0   0   0   0   0   0   0   0   0   0   0   0   0   0   0  1.03 inf
   56 E   -1  0  0  3 -4  2  5 -2  0 -3 -3  0 -2 -3 -1  0 -1 -3 -2 -3    0   0   0  12   0   0  88   0   0   0   0   0   0   0   0   0   0   0   0   0  0.75 inf
   57 E   -1  0  0  1 -4  2  5 -2  0 -3 -3  2 -2 -3 -1  0 -1 -3 -2 -3    0   0   0   0   0   0  77   0   0   0   0  23   0   0   0   0   0   0   0   0  0.65 inf
   58 R   -2  6 -1 -2 -4  1  0 -2  0 -3 -2  2 -2 -3 -2 -1 -1 -3 -2 -3    0 100   0   0   0   0   0   0   0   0   0   0   0   0   0   0   0   0   0   0  0.85 inf
   59 K   -1  2  0 -1 -3  1  1 -2 -1 -3 -3  5 -2 -3 -1  0 -1 -3 -2 -2    0   0   0   0   0   0   0   0   0   0   0 100   0   0   0   0   0   0   0   0  0.60 inf
   60 R   -1  5  0 -1 -3  1  0 -2 -1 -3 -2  4 -1 -3 -2 -1 -1 -3 -2 -3    0  54   0   0   0   0   0   0   0   0   0  46   0   0   0   0   0   0   0   0  0.61 inf
   61 V    2 -2 -2 -3 -1 -1 -2 -1 -2  1  1 -1  2 -1 -2  0  0 -2 -1  1   46   0   0   0   0   0   0   0   0   0  18   0  19   0   0   0   0   0   0  17  0.18 inf
   62 E   -1  0  0  1 -4  2  5 -2  0 -3 -3  1 -2 -3 -1  0 -1 -3 -2 -3    0   0   0   0   0   0 100   0   0   0   0   0   0   0   0   0   0   0   0   0  0.82 inf
   63 Q   -1  1  0 -1 -3  4  1 -2  5 -3 -2  1 -1 -2 -2  0 -1 -2  0 -3    0   0   0   0   0  65   0   0  35   0   0   0   0   0   0   0   0   0   0   0  0.57 inf

                      K         Lambda
Standard Ungapped    0.1272     0.3115
Standard Gapped      0.0410     0.2670
PSI Ungapped         0.1272     0.3115
PSI Gapped           0.0410     0.2670
