
Last position-specific scoring matrix computed, weighted observed percentages rounded down, information per position, and relative weight of gapless real matches to pseudocounts
           A  R  N  D  C  Q  E  G  H  I  L  K  M  F  P  S  T  W  Y  V   A   R   N   D   C   Q   E   G   H   I   L   K   M   F   P   S   T   W   Y   V
    1 K   -2  6 -1 -2 -5  1  1 -3 -1 -4 -3  4 -3 -4 -3 -2 -2 -4 -3 -4    0  62   0   0   0   2   6   0   0   0   0  30   0   0   0   0   0   0   0   0  1.01 inf
    2 R   -2  7 -2 -3 -5  1 -1 -3 -2 -4 -4  1 -3 -4 -2  0 -2 -4 -3 -4    0  82   0   0   0   6   0   0   0   0   0   4   0   0   1   6   0   0   0   0  1.22 inf
    3 A    2 -2 -1 -2 -2  1  0 -1  0  0  0 -1  2 -2 -1  1  1 -3 -1  1   31   0   2   0   0   7   4   1   2   3   5   1   8   0   2   8  12   0   1  12  0.15 inf
    4 G   -1 -3  1  0 -4 -2 -1  6 -3 -5 -5 -2 -4 -4  1 -1 -2 -4 -4 -4    2   0   6   5   0   0   3  75   0   0   0   0   0   0   7   1   0   0   0   0  1.08 inf
    5 T   -1 -1  0 -3 -2 -1 -2 -3 -3  1  3 -2  2 -1 -2 -1  3 -3 -2  1    1   2   4   0   0   2   0   0   0   4  39   0   5   0   1   0  33   0   0   8  0.32 inf
    6 V    0  0 -1 -2  4  1  0 -2 -2  1 -1  0  0 -2 -2  2  1 -3 -1  1    2   3   1   0  12  10   5   0   0   9   1   6   2   1   0  23   8   0   2  15  0.16 inf
    7 C   -2 -5 -4 -5 11 -5 -5 -4 -5 -3 -3 -5 -3 -4 -5 -3 -3 -4 -4 -3    0   0   0   0 100   0   0   0   0   0   0   0   0   0   0   0   0   0   0   0  2.72 inf
    8 S    2 -2 -1 -1 -2  0 -1 -1 -1 -2 -2 -1 -2 -2 -2  3  3 -3 -2  0   26   0   0   3   0   2   0   0   1   0   0   0   0   1   0  31  31   0   0   6  0.40 inf
    9 N   -3 -2  8  0 -4 -1 -2 -2 -1 -5 -5 -2 -4 -5 -4 -1 -1 -5 -4 -4    0   0 100   0   0   0   0   0   0   0   0   0   0   0   0   0   0   0   0   0  1.69 inf
   10 C   -2 -5 -4 -5 11 -5 -5 -4 -5 -3 -3 -5 -3 -4 -5 -3 -3 -4 -4 -3    0   0   0   0 100   0   0   0   0   0   0   0   0   0   0   0   0   0   0   0  2.72 inf
   11 Q   -1  1  1 -1 -3  3  0  3  4 -4 -3  1 -2 -2 -2  0 -2 -3 -1 -3    1   8   9   1   0  20   3  25  17   0   2   9   0   1   0   3   0   0   0   0  0.38 inf
   12 T   -1 -3 -1 -2 -2 -2 -2 -1 -3 -2 -3 -2 -2 -4 -2  0  7 -4 -3 -1    3   0   0   0   0   0   0   3   0   1   0   0   0   0   1   1  91   0   0   0  1.09 inf
   13 S    0  0  1 -1 -1  0 -1 -1 -1 -2 -2  0  0 -3 -2  1  5 -3 -2 -1    2   6   5   2   1   3   2   2   1   0   2   3   3   1   0  10  58   0   0   1  0.44 inf
   14 T   -1 -1  3 -1 -2  1  0 -2  1 -2 -2  1  0 -3 -2  0  4 -3 -1 -1    2   1  17   0   1   6   3   0   4   2   0   8   3   0   0   3  48   0   1   1  0.39 inf
   15 T   -1 -2 -1 -2 -2 -2 -2 -3 -3 -2 -2 -2 -2 -3 -2  0  7 -4 -3 -1    0   0   0   0   0   0   0   0   0   0   0   0   0   0   0   0 100   0   0   0  1.13 inf
   16 T   -1 -2 -1 -2 -2 -2 -2 -2 -3 -2 -2 -2 -2 -3  4  2  5 -4 -3  0    0   0   0   0   0   0   0   0   0   0   0   0   0   0  25  12  58   0   0   5  0.73 inf
   17 L   -2 -3 -4 -5 -2 -3 -4 -5 -4  2  5 -3  1  0 -4 -3 -2 -3 -2  0    0   0   0   0   0   0   0   0   0   7  93   0   0   0   0   0   0   0   0   0  0.84 inf
   18 W   -4 -4 -6 -6 -4 -4 -5 -4 -4 -4 -3 -5 -3 -1 -5 -4 -4 12  1 -5    0   0   0   0   0   0   0   0   0   0   0   0   0   0   0   0   0 100   0   0  3.59 inf
   19 R   -3  7 -2 -3 -5  0 -1 -4 -1 -4 -3  1 -3 -4 -3 -2 -2 -4 -3 -4    0 100   0   0   0   0   0   0   0   0   0   0   0   0   0   0   0   0   0   0  1.47 inf
   20 R   -3  7 -2 -3 -5  0 -1 -3 -1 -4 -3  2 -3 -4 -3 -2 -2 -4 -3 -4    0  96   0   0   0   0   0   0   0   0   0   4   0   0   0   0   0   0   0   0  1.38 inf
   21 S   -2 -2  6  3 -3 -1 -1 -2 -1 -4 -2 -1 -3 -4 -3  1 -1 -5 -3 -3    0   0  67  19   0   0   0   0   0   0   5   0   0   0   0   8   1   0   0   0  0.87 inf
   22 P    2 -1  2 -1 -2  0  1 -1  0 -2 -2  0 -1 -3  4  0  0 -3 -2 -1   23   0  18   0   0   5  10   3   1   2   1   2   2   0  22   4   5   0   0   2  0.34 inf
   23 M   -1  0  2  2 -3  2  3 -2  0 -3 -2  0 -2 -3 -2  1  0 -3 -2 -2    2   5  15  11   0   7  37   0   2   0   3   2   1   0   0   9   3   0   1   2  0.37 inf
   24 G   -1 -3 -1 -2 -4 -1 -3  7 -3 -5 -5 -2 -4 -4 -3 -1 -3 -4 -4 -4    0   0   0   0   0   2   0  98   0   0   0   0   0   0   0   0   0   0   0   0  1.45 inf
   25 D   -2 -1  1  3 -4  3  4 -2  2 -4 -3  1 -2 -2 -2  0 -1 -3 -2 -3    0   0   8  18   0  17  43   0   5   0   1   5   0   1   0   1   0   0   0   0  0.57 inf
   26 P   -1 -3 -2 -3 -4 -2 -2 -3 -3 -3 -3 -2  0 -4  8 -1 -1 -4 -3 -3    4   0   1   0   0   0   0   0   0   0   0   0   5   0  85   1   3   0   1   0  1.91 inf
   27 V   -1 -3 -4 -4 -2 -3 -3 -4 -4  2  2 -3  0 -1 -3 -3 -1 -3 -2  5    0   0   0   0   0   0   0   0   0   6  19   0   0   0   0   0   0   0   0  74  0.61 inf
   28 C   -2 -5 -4 -5 10 -4 -5 -4 -4 -3 -3 -4 -3 -4 -4 -2 -2 -4 -4 -2    0   0   0   0 100   0   0   0   0   0   0   0   0   0   0   0   0   0   0   0  2.39 inf
   29 N   -3 -2  8  0 -4 -1 -1 -2  0 -4 -5 -1 -3 -4 -3  0 -1 -5 -3 -4    0   0 100   0   0   0   0   0   0   0   0   0   0   0   0   0   0   0   0   0  1.45 inf
   30 A    5 -2 -3 -3 -1 -2 -2 -1 -3 -2 -2 -2 -2 -3  1  0 -1 -4 -3 -1   95   0   0   0   0   0   0   0   0   0   0   0   0   0   5   0   0   0   0   0  0.81 inf
   31 C   -2 -5 -4 -5 10 -4 -5 -4 -4 -3 -3 -4 -3 -4 -4 -2 -2 -4 -4 -2    0   0   0   0 100   0   0   0   0   0   0   0   0   0   0   0   0   0   0   0  2.39 inf
   32 G   -1 -3 -1 -2 -4 -3 -3  7 -3 -5 -5 -3 -4 -4 -3 -1 -3 -4 -4 -4    0   0   0   0   0   0   0 100   0   0   0   0   0   0   0   0   0   0   0   0  1.52 inf
   33 L   -2 -3 -4 -5 -2 -3 -4 -5 -4  1  5 -3  1  0 -4 -3 -2 -3 -2  0    0   0   0   0   0   0   0   0   0   0 100   0   0   0   0   0   0   0   0   0  0.88 inf
   34 Y   -3 -3 -3 -4 -4 -3 -3 -4  0 -2 -2 -3 -2  4 -4 -3 -3  1  8 -2    0   0   0   0   0   0   0   0   0   0   0   0   0  17   0   0   0   0  83   0  1.47 inf
   35 Y   -2 -2 -3 -4 -3 -1 -2 -4  1 -1  1 -3  2  4 -4 -2 -2  1  6 -1    1   0   0   0   0   3   3   0   2   0   9   0  10  27   0   0   1   1  44   0  0.68 inf
   36 K   -2  2 -1 -2 -4  0  0 -3 -2 -4 -4  6 -2 -4 -2 -1 -2 -4 -3 -3    0   3   0   0   0   0   0   0   0   0   0  97   0   0   0   0   0   0   0   0  1.06 inf
   37 L   -2 -3 -4 -5 -2 -3 -4 -5 -4  1  5 -3  1  0 -4 -3 -2 -3 -2  0    0   0   0   0   0   0   0   0   0   3  97   0   0   0   0   0   0   0   0   0  0.84 inf
   38 H   -3 -1  1 -2 -4 -1 -1 -3 10 -5 -4 -2 -3 -3 -3 -2 -3 -4  1 -4    0   0   5   0   0   0   0   0  95   0   0   0   0   0   0   0   0   0   0   0  1.82 inf
   39 Q   -1 -1  3 -1 -3  0 -1  5  1 -4 -4 -1 -2 -4 -3  0 -2 -3 -3 -4    1   2  20   0   0   3   1  62   3   0   0   3   1   0   0   5   0   0   0   0  0.74 inf
   40 V   -1 -2 -3 -4 -2 -3 -3 -4 -4  2  0 -3  0 -1 -3 -2  0 -4 -2  5    0   1   0   0   0   0   1   0   0   9   0   0   1   1   0   1   5   0   0  80  0.58 inf
   41 N    0 -1  4  0 -2  0 -1 -2  2 -1 -2 -1 -2 -3  3  0  0 -4 -2  1   10   1  37   1   0   2   1   0   7   0   1   2   0   0  16   1   3   0   0  16  0.34 inf
   42 R   -3  7 -1 -3 -5  0 -1 -3 -1 -4 -3  1 -2 -4 -3 -2 -2 -4 -3 -4    0 100   0   0   0   0   0   0   0   0   0   0   0   0   0   0   0   0   0   0  1.40 inf
   43 P   -2 -3 -3 -3 -4 -2 -2 -3 -3 -4 -4 -2 -4 -5  8 -2 -2 -5 -4 -4    0   0   0   0   0   0   0   0   0   0   0   0   0   0 100   0   0   0   0   0  2.51 inf
   44 L   -2 -1 -2 -3 -2 -2 -3 -4  0  1  4  0  2 -1 -1 -2 -1 -3 -2  1    0   1   1   0   0   1   0   0   3   5  66   7   3   0   2   2   2   0   0   6  0.34 inf
   45 T    2 -1  0 -1 -1 -1 -1 -1 -2 -2 -3 -1 -2 -3 -2  3  3 -3 -2 -1   24   1   2   0   0   0   0   0   0   0   0   0   0   0   0  43  29   0   0   0  0.47 inf
   46 M   -2 -3 -4 -4 -2 -2 -3 -4 -3  0  3 -3  8 -1 -4 -3 -2 -3 -2  0    0   0   0   0   0   0   0   0   0   0  26   0  74   0   0   0   0   0   0   0  1.00 inf
   47 R   -2  3 -1 -2  1  0  0 -3 -2 -4 -3  6 -2 -4 -2 -1 -2 -4 -3 -3    0  17   0   0   5   0   0   0   0   0   0  78   0   0   0   0   0   0   0   0  0.83 inf
   48 K   -1  2 -1 -2 -3  0  0 -2 -2 -3 -3  5 -2 -4 -2 -1  2 -4 -3 -3    0   8   0   0   0   0   0   0   0   0   0  74   0   0   0   0  18   0   0   0  0.72 inf
   49 D   -1 -2  0  6 -4  0  3 -2 -2 -4 -4  0 -3 -4 -2  0 -2 -5 -4 -4    3   0   0  65   0   0  26   0   0   0   0   2   0   0   0   3   0   0   0   0  0.94 inf
   50 G    0 -2 -1 -1 -2 -2 -2  4 -2  0 -2 -2 -1 -3 -2  1  1 -1 -2  1    2   1   1   1   0   0   0  40   0   4   0   0   0   0   0  11  15   1   0  22  0.32 inf
   51 I   -2 -4 -4 -4 -2 -4 -4 -5 -4  6  1 -4  0 -1 -4 -3 -2 -4 -2  2    0   0   0   0   0   0   0   0   0  94   6   0   0   0   0   0   0   0   0   0  0.91 inf
   52 Q   -2  0 -1 -1 -4  6  1 -3  2 -4 -3  3 -2 -4 -2 -1 -2 -3 -2 -3    0   0   0   0   0  68   0   0   6   0   0  26   0   0   0   0   0   0   0   0  0.91 inf
   53 T   -1  1 -1 -2 -2 -1 -1 -2 -2 -2 -2  2 -2 -3 -1  1  5 -3 -3 -1    1   7   0   0   0   0   0   0   0   0   0  22   0   0   1   2  68   0   0   0  0.60 inf
   54 R   -2  7 -1 -3 -4  0 -1 -3 -1 -4 -3  1 -2 -4 -1 -1 -1 -4 -3 -3    1  92   0   0   0   0   0   0   0   0   0   2   0   0   2   1   2   0   0   0  1.15 inf
   55 N   -2  2  4  0 -4  1  0 -2 -1 -4 -3  4 -2 -4 -2  0 -1 -4 -3 -3    0  10  34   0   0   6   0   0   0   0   0  47   0   0   0   2   0   0   0   0  0.60 inf
   56 R   -2  7 -1 -3 -5  0 -1 -3 -1 -4 -3  2 -2 -4 -2 -2 -2 -4 -3 -4    0  97   0   0   0   0   0   0   0   0   0   2   0   0   2   0   0   0   0   0  1.28 inf
   57 K    0  2  0 -2 -3  0  0 -1 -1 -2 -2  5  0 -3 -2 -1 -1 -3 -2 -2   11  10   3   0   0   1   0   3   1   2   3  60   3   0   0   1   2   0   0   1  0.42 inf
   58 V    0 -2  0 -2  1 -1 -2  0 -2 -1 -1 -1  0 -3  5  1  0 -4 -3  0    2   1   4   0   4   2   1   8   0   4   4   0   5   0  38  15   3   0   0   8  0.54 inf
   59 S    0  1  0 -1 -1  0 -1  2 -2 -3 -2  4 -2 -3  0  1  1 -3 -3 -1    2   2   2   0   1   0   0  15   0   0   3  44   0   0   3  17   7   0   0   4  0.31 inf
   60 S    0 -1  3  0 -2  0  0  2  0 -3 -3  0 -2 -3 -2  2  2 -3 -2 -2    8   0  25   1   0   4   2  14   2   0   0   4   1   0   0  20  20   0   0   0  0.33 inf
   61 K    0  0  0  0  4  1  0 -1  0 -2 -1  1 -1 -2  1  1  1 -3 -1 -1    5   6   5   5  13   7   3   4   2   2   3  11   0   1   8  13  10   0   2   3  0.14 inf
   62 G    1  0  1 -1 -2  0 -1  2  0 -3 -2  1 -1 -3 -1  2  1 -3 -2 -2   17   5   9   0   0   2   2  21   3   0   1  13   2   0   1  17   8   0   0   1  0.23 inf
   63 K    1  1  2 -1 -3  0 -1 -1 -1 -2 -2  3 -2 -3  0  1  1 -4 -3 -2   12   5  16   0   0   1   0   2   0   2   3  33   0   0   3  11  10   0   0   0  0.28 inf
   64 K    0  2  1 -1 -1  1  0  0  0 -2 -2  2 -2 -3 -1  1  2  1 -2 -2    3  13   5   1   1   9   1   5   2   1   2  21   0   0   2  13  17   2   1   1  0.22 inf
   65 R   -1  4  0 -2 -3  1  0 -1 -1 -3 -3  4 -2 -4 -2  1  0 -4 -3 -3    4  33   4   0   0   3   2   4   1   0   1  37   1   0   0   9   3   0   0   0  0.52 inf
   66 R   -2  6 -1 -2 -4  2 -1 -3 -1 -4 -3  4 -2 -4 -3 -1 -2 -4 -3 -3    0  67   0   0   0   6   0   0   0   0   0  27   0   0   0   0   0   0   0   0  0.97 inf

                      K         Lambda
Standard Ungapped    0.1304     0.3197
Standard Gapped      0.0481     0.2670
PSI Ungapped         0.1555     0.3105
PSI Gapped           0.0481     0.2670
