
Last position-specific scoring matrix computed, weighted observed percentages rounded down, information per position, and relative weight of gapless real matches to pseudocounts
           A  R  N  D  C  Q  E  G  H  I  L  K  M  F  P  S  T  W  Y  V   A   R   N   D   C   Q   E   G   H   I   L   K   M   F   P   S   T   W   Y   V
    1 V   -1 -3 -4 -4 -1 -3 -3 -4 -3  2  3 -3  1 -1 -3 -2 -1 -3 -2  4    0   0   0   0   0   0   0   0   0   8  38   0   0   0   0   0   0   0   0  54  0.41 inf
    2 Q   -3  3 -2 -2 -5  3  0 -4 -2 -5 -4  6 -3 -5 -3 -2 -3 -5 -4 -4    0  11   0   0   0  16   2   0   0   0   0  71   0   0   0   0   0   0   0   0  1.22 inf
    3 D   -3 -4  1  1 -5 -3 -3 -3 -4 -5 -4 -3 -5 -6  8 -2 -3 -6 -5 -5    1   0   7   9   0   0   0   1   0   0   1   0   0   0  80   2   0   0   0   0  2.09 inf
    4 R   -3  7 -2 -3 -5  0 -2 -4 -1 -5 -4  4 -3 -5 -4 -2 -3 -2 -4 -5    0  63   0   0   0   3   0   0   1   0   1  31   0   0   0   2   0   0   0   0  1.40 inf
    5 V   -1 -4 -3 -2 -4 -4 -4  6 -4 -3 -3 -3 -3 -4  1 -1 -3 -5 -4  1    1   0   0   1   0   0   0  69   0   1   2   0   0   0   8   3   0   0   0  15  1.10 inf
    6 K   -1  3  1 -3 -5 -1 -1 -4 -3 -4 -4  7 -4 -5 -1 -3 -3 -5 -4 -5    4  15   5   0   0   0   1   0   0   0   1  71   0   0   2   0   0   0   0   0  1.28 inf
    7 R   -3  4 -4 -5 -4 -2 -4 -2 -2 -2 -1  0  8 -3 -5 -3  1 -4 -4  0    1  25   0   0   0   0   0   4   1   1   2   4  47   0   0   0   8   0   0   7  1.06 inf
    8 P    0 -3 -1 -3 -2 -3 -3 -3 -4 -5 -4 -2 -4 -4  4  5  1 -3 -4 -4    5   0   2   0   0   0   0   0   0   0   1   2   0   0  25  57   7   0   0   0  1.07 inf
    9 M    2 -3 -3 -3 -1 -2 -3 -2 -3 -3 -1 -1  3 -3  4  4 -1 -5 -4 -2   22   0   0   0   1   0   0   0   0   0   5   3  11   1  19  37   0   0   0   1  0.66 inf
   10 N   -3 -4  1 -3  0 -3 -4 -4  1 -3 -3 -2 -4  0 -4  2 -1  0  8 -4    0   0   8   1   2   0   0   0   2   1   1   1   0   1   0  20   3   1  59   0  1.36 inf
   11 A    6 -4 -4 -4 -1 -3 -2  1 -4  0 -3 -3 -3 -3 -3  0 -1 -5 -4 -1   74   0   0   0   1   0   2   7   0   7   0   0   0   1   0   3   3   0   0   3  1.00 inf
   12 F   -5 -5 -5 -6  0 -5 -5 -6  3 -1 -2 -5 -3  8 -6 -4 -5 -2  4 -4    0   0   0   0   3   0   0   0   7   2   2   0   0  71   0   1   0   0  15   0  1.86 inf
   13 I   -5 -5 -4 -6 -3 -5 -6 -6 -1  0 -1 -5  3  8 -6 -5 -4 -2  1 -2    0   0   1   0   1   0   0   0   1   6   2   0   8  77   0   0   0   0   2   2  1.85 inf
   14 V   -2 -3 -5 -5  0 -4 -4 -5 -2  0  2 -4  2  0 -3 -4 -2 -4 -2  6    1   1   0   0   1   0   0   1   1   0  21   0   4   3   1   0   1   0   1  63  0.89 inf
   15 W   -2 -2 -3 -4 -5  7 -1 -5 -1 -3 -2 -1 -1  4 -4 -3 -3  5  0 -3    2   0   0   0   0  56   2   0   1   0   4   3   1  20   0   0   0   8   2   2  1.20 inf
   16 S   -2 -3  0  0  6 -3 -1 -4 -4 -2 -2 -3  0 -3 -3  2  5 -5 -4 -1    1   0   4   5  17   0   3   0   0   1   2   0   3   1   1  14  47   0   0   3  0.81 inf
   17 R   -2  2 -2 -3  9 -1 -2 -4 -4 -2 -3 -3  0 -1 -4  2 -3 -4  0 -2    0  14   1   1  49   3   3   0   0   2   1   0   2   3   0  16   0   0   3   1  1.23 inf
   18 D   -3  6 -2  1 -3  2  2 -4 -1 -5 -4  1 -4 -4 -3 -3 -3  5  0 -5    0  48   1   9   1   7  15   1   1   0   1   4   0   0   1   0   0   8   4   0  0.94 inf
   19 Q   -2 -2  1  0 -5  2  6 -4  0 -3 -4  0 -3 -1 -3 -2 -3 -4  2 -4    3   1   7   2   0  10  56   0   2   2   0   5   0   3   0   1   0   0   8   0  0.85 inf
   20 R   -2  4 -2 -1  1  1  5 -3  0 -3 -4  1 -3 -5 -3 -1 -2 -4 -2 -4    3  23   0   1   4   3  51   1   2   1   1   6   0   0   0   2   1   0   1   0  0.85 inf
   21 R   -3  1 -2 -3 -3 -1 -1 -4  9 -5 -5 -3 -2  0  3 -2 -2 -4  1 -5    2   8   1   0   0   2   3   0  55   0   0   0   1   3  17   1   1   0   4   0  1.43 inf
   22 K   -2  2 -1 -3 -5  0 -1 -3 -3 -3 -4  7 -2 -5 -3 -2 -3 -5 -4 -4    2   8   2   0   0   2   2   1   0   2   0  78   1   0   0   0   0   0   0   0  1.34 inf
   23 M   -2  2 -1 -3 -4 -1  0 -3 -1  1 -2  5  2 -2 -3 -2 -1 -4 -3  0    1   8   1   0   0   1   6   0   1  10   2  51   6   2   0   0   2   0   0   8  0.58 inf
   24 A    1  1 -1 -3 -4  3 -1 -3  0 -4 -3  6 -2 -4 -3 -1 -1 -4 -3 -4   11   3   2   0   0  12   1   0   2   0   2  61   1   0   0   3   2   0   0   0  0.88 inf
   25 L   -2 -1  2 -2 -3  1 -1  0  7 -3  0 -1 -2 -1 -2  0 -2 -3  1 -3    2   2  13   1   1   6   2   6  38   1  10   4   0   2   2   6   2   0   4   1  0.61 inf
   26 E   -2 -2 -3  0 -5 -2  3 -2 -3 -4 -3 -2 -4 -5  7 -1 -1 -5 -4 -4    1   1   0   4   0   0  20   4   0   0   3   1   0   0  57   5   4   0   0   0  1.36 inf
   27 N   -2 -2  4  4 -4  0  2  0  3 -4 -4 -1 -1 -4 -3 -1 -2 -4 -2 -3    2   1  26  28   0   2  14   8  10   0   0   1   2   0   0   2   1   0   1   2  0.64 inf
   28 P    2 -3 -2 -1 -3 -1  1  0 -3 -2 -3 -1 -3 -4  5  0  0 -4 -3  1   24   0   0   2   0   1  10   6   0   2   0   4   0   0  27   7   7   0   0  11  0.50 inf
   29 R   -1 -1  2 -2  0  1 -1  1 -2 -4 -3  1 -3 -3  2  4  0 -3  0 -3    0   1   9   0   2   8   3  12   0   0   1   7   0   1   8  37   4   0   4   1  0.38 inf
   30 M   -2 -4 -4 -2 -3 -1 -4 -3 -4  2  2 -4  2 -1 -4 -3 -2 -4 -2  5    2   0   0   2   0   3   0   2   0   7  18   0   6   1   0   0   1   0   1  58  0.70 inf
   31 R   -1  0  5  0 -4  1 -1 -1 -2 -1 -4  0 -3 -4 -2  2  0 -5 -3  0    2   5  42   3   0   8   1   4   0   5   0   3   0   0   1  16   3   0   0   7  0.54 inf
   32 N   -3 -5  2 -5 -4 -5 -5 -5 -3  1 -1 -5 -1  8 -5 -4 -3 -2  0 -1    1   0  10   0   0   0   0   0   0   9   3   0   1  72   0   0   1   0   0   3  1.48 inf
   33 S    2 -1 -1 -2  0 -2 -2  2 -3 -3 -3  0 -3 -2 -2  4  2 -4 -3 -2   19   2   1   1   2   0   0  13   0   0   2   4   0   2   1  40  11   0   0   1  0.45 inf
   34 E   -2 -1 -2  3 -5  1  6 -3 -2 -5 -3 -1 -4 -5 -2 -2 -3 -5 -4 -4    2   2   0  12   0   3  73   1   0   0   2   1   0   0   1   1   0   0   0   0  1.26 inf
   35 I   -3 -2 -5 -5 -3 -5 -5 -5 -4  2 -1 -4 -1  7 -5 -3 -2 -2  1  1    0   3   0   0   0   0   0   0   0  15   3   0   0  61   0   1   2   0   2  12  1.18 inf
   36 S    1 -3 -2 -3 -3 -2 -2 -2 -3 -4 -2 -2 -1 -1 -1  6 -1 -4 -2 -3   11   0   0   0   0   0   0   1   0   0   3   0   1   2   3  74   1   0   1   1  0.97 inf
   37 K   -1  2 -2 -3 -5  0 -1 -4 -3 -5 -5  7 -4 -5 -3 -2 -2 -5 -4 -4    4   6   1   0   0   2   1   0   0   0   0  81   0   0   0   1   1   0   0   0  1.40 inf
   38 Q   -3  1 -2 -2 -5  2  1 -4 -2 -3 -2  6 -3 -4 -1 -2 -2 -2 -2 -3    0   5   1   1   0   6   8   0   0   1   3  67   0   0   2   0   1   1   1   2  0.97 inf
   39 L   -2 -4 -5 -6 10 -5 -6 -3 -5 -1  2 -5  0 -3 -5 -2 -3 -2 -2 -3    1   1   0   0  64   0   0   2   0   2  22   0   2   1   0   2   0   1   1   0  1.87 inf
   40 G    1 -3 -1 -3 -3 -2 -2  3 -3 -4 -1 -2 -3 -4 -1  5 -1  0 -4 -3   12   0   2   0   0   0   1  25   0   0   6   0   0   0   2  50   0   1   0   0  0.71 inf
   41 Y   -2 -2 -1 -1  0  0  6 -1 -2 -5 -4 -1 -3 -4 -4 -2 -3 -4  1 -4    2   1   2   1   2   2  73   5   0   0   1   2   1   0   0   1   0   0   6   0  1.15 inf
   42 Q   -3  6 -1 -2 -5  2 -2 -4 -2 -4 -2  3  3 -4 -4 -2 -2 -5 -4 -3    1  56   1   1   0  10   0   0   0   0   2  15  11   0   0   1   1   0   0   0  1.05 inf
   43 W   -6 -3 -7 -7 -3 -5 -6 -3 -6 -6 -5 -6 -5 -3 -1 -6 -6 12 -1 -6    0   2   0   0   1   0   0   2   0   0   0   0   0   0   4   0   0  90   0   0  3.96 inf
   44 K   -2  1  2 -3  1  0 -1 -4 -3 -5 -5  6 -4 -5 -3 -1 -1 -5 -4 -4    2   5   9   0   3   2   2   0   0   0   0  72   0   0   0   2   4   0   0   0  1.18 inf
   45 M    0 -3  2 -2 -3 -1  0 -3 -2 -1 -1 -2  2 -4 -2  0  5 -4 -3 -2    7   0  12   0   0   1   5   0   1   2   5   1   7   0   1   4  53   0   0   1  0.64 inf
   46 L   -3 -3 -4 -5 -4 -2 -4 -5 -4  1  2 -2  9 -2 -5 -3  0 -4 -3 -1    1   1   0   0   0   1   0   0   0   7  20   2  59   0   0   1   6   0   0   2  1.31 inf
   47 T    1 -3  1 -1 -1 -2 -2 -2 -3 -3 -3 -2 -3 -3  1  5  2 -4 -3 -2    7   0   6   1   1   0   1   0   0   0   1   1   0   1   6  57  14   0   0   2  0.70 inf
   48 E    4 -1 -1  2 -3 -1  2  1 -2 -3 -3  0 -1 -4  1 -1 -2 -4 -2 -2   43   2   1  14   0   2  15   9   0   0   1   4   1   0   6   1   0   0   1   1  0.44 inf
   49 A    0  0  0  1 -4  1  1 -1  1 -4 -4  5 -3 -5 -2  0 -1 -5 -3 -4    8   1   4   7   0   3   7   3   3   0   0  56   0   0   1   4   3   0   0   0  0.69 inf
   50 E   -2 -1 -2  3 -6  1  6 -2 -2 -5 -5  0 -4 -5 -3 -2 -3 -5 -4 -4    1   1   0  12   0   3  74   2   0   0   0   5   0   0   0   0   0   0   0   1  1.34 inf
   51 K   -3  2 -2 -3 -6 -1 -1 -3 -3 -5 -3  7 -4 -6 -4 -3 -3 -6 -4 -5    0   6   1   0   0   0   2   1   0   0   3  87   0   0   0   0   0   0   0   0  1.61 inf
   52 W    0  1 -1 -2 -3  2  0  3 -1 -3 -2  1 -2 -3 -3  2 -1  4 -3 -2    6   9   0   1   0  13   3  24   1   1   2  11   0   0   0  21   1   6   0   1  0.37 inf
   53 P   -2  2 -2 -3  0 -1 -1 -3 -3 -5 -4  6 -4 -5  4 -2 -2 -5 -4 -3    1  12   1   0   3   0   3   1   0   0   0  58   0   0  20   0   2   0   0   1  1.07 inf
   54 F   -4 -5 -5 -6  0 -5 -5 -3 -3 -3 -1 -5 -3  8 -6 -2 -4 -1  5 -3    0   0   0   0   2   0   0   3   0   0   2   0   0  73   0   3   0   0  17   1  1.76 inf
   55 F   -3 -2  0  1 -4  1  5 -3  2 -2 -3  0 -2  1 -3 -2 -2 -3  0 -2    0   0   3   7   0   4  57   1   5   2   0   3   1   9   0   0   1   0   3   3  0.75 inf
   56 Q   -1 -2 -1  5 -4  1  3 -2 -2 -4 -3  1 -3 -4 -3 -2 -1 -5 -4 -3    6   1   1  46   0   5  24   2   0   0   2   8   0   0   0   0   3   0   0   1  0.79 inf
   57 E   -2 -1 -3 -3 -3  0  1 -4 -3 -1  2  1  7 -2 -3 -1  0 -3 -3 -1    2   1   0   0   0   3  10   0   0   2  16  12  41   0   0   3   6   0   0   2  0.63 inf
   58 A    6 -3 -3 -4 -2 -3 -2 -2 -3 -3 -3 -2  0 -4 -2  0 -1 -4 -1 -1   81   0   0   0   0   0   1   0   0   0   2   1   2   0   1   3   2   0   2   2  1.07 inf
   59 Q    0  0 -1 -1 -4  3  2 -2 -2 -3 -3  5  0 -4 -3 -1 -2 -4 -3 -3    7   2   1   2   0  14  10   1   0   1   2  52   2   0   0   1   0   0   0   1  0.70 inf
   60 K    2  2 -1 -1 -1  0 -1 -1 -2 -2 -1  2 -1 -3 -2  1  0 -3 -2  0   28  12   1   2   1   3   2   2   0   0   6  15   1   0   0  10   5   0   0  10  0.19 inf
   61 L   -3 -3  0  6 -4 -2  0 -2  0 -2  1 -3 -2  0 -3 -2 -3 -4  0 -1    0   0   3  56   0   0   2   3   2   2  17   0   0   5   0   0   0   0   3   4  0.77 inf
   62 Q   -1  2 -2 -2 -4  2  0 -3 -2 -4 -3  6 -1 -4 -3  0  0 -4 -3 -3    2  10   0   0   0   7   2   0   0   0   2  60   1   0   0   6   4   0   0   0  0.83 inf
   63 A    3  0 -2 -1  2 -1  1 -1 -3 -1 -2  0 -1 -3 -2 -1  0 -4 -3  1   37   4   0   2   4   1  13   4   0   3   2   5   1   0   1   2   4   0   0  15  0.25 inf
   64 M   -3  5 -2 -3  2  0 -1 -3  4 -2 -1  0  2 -3  1 -2 -2 -3  1 -2    0  42   0   0   5   4   2   1  12   1   7   3   6   0   6   2   0   0   5   2  0.57 inf
   65 H   -3 -2 -1 -2  2 -1 -3 -4  4 -3 -3 -3 -3  2 -4 -2 -3 -1  8  0    0   2   3   2   4   3   0   0  10   0   0   0   0   6   0   2   0   0  58   8  1.26 inf
   66 R   -2  2  1  3 -4  2  4 -1 -2 -3 -3  0 -3 -4 -2 -1 -1 -4 -2 -2    1  12   5  22   0   9  32   3   0   0   3   3   0   0   0   1   2   0   2   4  0.52 inf
   67 E   -1  5 -1 -1 -1  1  1 -2 -2 -3 -2  3 -2 -4 -3 -1 -1  1 -3 -3    4  41   2   3   1   5  11   2   0   0   3  18   0   0   0   2   4   2   0   1  0.58 inf
   68 K    0  2  1  1 -3  1  4  0 -1 -3 -3  2 -2 -3 -2 -1 -2 -3 -3 -1    6  12   5   8   0   5  37   6   0   0   1  12   0   0   0   1   0   0   0   6  0.40 inf
   69 Y    0  1  1 -2 -2 -1 -1 -2 -1  1  0  1  2 -1 -2  0  1 -2  1  1    9   9   9   0   0   0   1   1   0   9   9   9   9   0   0   9   9   0   9   9  0.07 inf
   70 P    1  1  0  0  1  1  1 -2 -2 -2 -1  2  2 -3  1  0  0 -3 -3 -2   18   5   4   4   4   5   8   0   0   0   4  20   8   0   7   6   4   0   0   0  0.19 inf
   71 N    0 -1  3  2 -3  0  0  0  2 -1 -3  0 -2 -3 -2  1  1 -3 -2 -1    6   0  19  14   0   5   5   7   6   4   1   5   0   0   0  11  11   0   0   5  0.23 inf
   72 Y   -1 -3 -1 -1  1 -3 -3 -4  1 -3 -1 -1 -3  2 -4 -1 -1 -1  8 -3    5   0   3   3   3   0   0   1   3   0   5   4   0   4   0   3   3   0  60   0  1.06 inf
   73 K    0 -1 -1 -1 -2  0 -1  1  1  2 -1  0  0 -1 -2 -1  0 -3 -2  2    7   2   2   2   0   4   3  15   5  19   2   8   2   2   0   4   4   0   0  17  0.10 inf
   74 Y   -1 -3 -3 -3  0 -1 -1  0  1 -4 -2  0 -3 -1  6 -1 -1 -3  2 -3    4   0   0   0   3   3   3   9   3   0   3   6   0   3  46   4   3   0   7   0  0.85 inf
   75 R    0  1 -2  1 -3  0  0 -1  1 -3 -2  0 -2 -3  5  0  1 -3  0 -1    7   7   0   7   0   4   7   4   4   0   4   4   0   0  28   6   8   0   4   5  0.39 inf
   76 K   -1  2  0  0 -3  0  0  1  1 -3 -2  3 -2 -3  2  0  0 -3  0 -1    4  10   4   6   0   3   4  13   4   0   4  22   0   0   9   4   4   0   4   4  0.20 inf
   77 G    0  1 -1 -1 -2  1  1  0 -2 -1  0  1 -1 -2  2  0 -1  4 -2  0    9   9   0   0   0   9   9   9   0   0   9   9   0   0   9   9   0   8   0   9  0.16 inf
   78 E   -1  2  0  0 -4  0  3 -1  1 -1 -2  2  0 -1  0 -1 -1 -4 -3 -1    5  12   3   5   0   3  22   5   3   3   3  14   3   3   3   3   4   0   0   3  0.22 inf
   79 T   -1  2 -1  0  0 -1  0  0 -3 -2 -4  4 -1 -4 -1 -1  3 -4 -4 -2    3  10   2   5   2   2   4   7   0   2   0  33   2   0   2   2  18   0   0   2  0.39 inf
   80 K    0  1 -2 -3 -4  1  1  2 -3 -2 -4  5 -3 -5 -1 -1 -1 -5 -4 -4    6   7   0   0   0   6   7  14   0   3   1  47   0   0   3   3   3   0   0   0  0.70 inf
   81 K   -1  3 -1 -3 -4  0  0  0 -3 -2 -4  5 -1 -4 -1 -2 -1 -4 -4 -2    3  16   2   0   0   2   6   8   0   2   1  50   2   0   2   0   3   0   0   2  0.72 inf
   82 K   -2  3 -1 -3 -5  0  0 -2 -1 -4 -2  6  0 -3 -2 -1 -1 -4 -2 -2    2  14   2   0   0   3   5   3   1   0   4  50   3   1   2   3   3   0   1   3  0.79 inf
   83 F    0  0  0  0 -3  0  0 -1 -2 -1 -1  2  2  1  1  0  0 -2  0 -1    8   4   5   4   0   5   4   4   0   4   6  19   7   8   6   5   5   0   3   4  0.08 inf
   84 K   -1  1  0 -1 -4  1  0 -1 -2 -3 -1  3  0 -1  2 -1 -1  2  0 -1    5   5   4   3   0   7   5   5   0   0   5  27   3   3   9   4   4   3   3   4  0.23 inf
   85 D   -2  1  0  5 -5  1 -1 -1  1 -2 -3  1 -4 -5  3 -1 -3 -5 -2 -4    3   7   3  40   0   5   3   3   3   3   3   8   0   0  13   3   0   0   2   0  0.69 inf
   86 P    0  1  1  1 -3  1  1 -2  2 -2 -1  1 -1 -3  1  1  1 -3 -2 -2    8   8   8   8   0   8   8   1   8   0   8   8   0   0   8   8   8   0   0   0  0.18 inf
   87 N   -1 -1  5  0  3  1 -1 -1  0 -3 -1 -1 -1 -4  1  1 -1 -4 -3 -2    2   3  33   4   6   6   2   4   2   0   6   3   2   0   7  13   3   0   0   3  0.40 inf
   88 A    3  0  0  1  3  0 -1  0  1 -2 -1  0  1 -3 -3  1  0 -4 -3  0   30   4   3  10   6   4   2   6   3   0   4   4   4   0   0   7   6   0   0   5  0.20 inf
   89 P   -1  0 -3  0 -4  0  0 -2  0 -1 -1  0 -3 -2  6  0 -1 -4 -3 -2    5   4   0   5   0   3   5   2   3   3   6   6   0   2  42   7   3   0   0   3  0.72 inf
   90 K   -1  2 -1 -2 -4  1  0 -3 -2 -3  0  4  0 -4  2  0 -1 -4 -3 -3    5   8   3   0   0   6   6   1   0   0  13  38   2   0   8   6   3   0   0   0  0.45 inf
   91 R   -2  5 -1 -3 -4  0  0 -2  2 -3  1  1 -1 -3  0 -1 -1  0 -3 -1    2  38   2   0   0   2   7   3   5   0  17   7   1   0   4   3   4   1   0   3  0.45 inf
   92 P    1 -1 -1 -1  0 -3 -3 -2 -1 -3  0 -3 -3 -2  6  1 -1 -4 -4 -3   12   3   3   2   2   0   0   2   1   0  11   0   0   1  47  10   2   0   0   0  0.94 inf
   93 P    1 -3 -3 -2 -1 -1 -3 -3 -3 -3  0 -1  1 -2  6  1 -1  3 -3 -3   10   0   0   2   1   3   1   1   0   0  11   3   4   2  42  10   3   4   0   1  0.82 inf
   94 S    1 -1  0  1  0  0  0 -1 -2 -3 -2 -2 -2  0 -1  4  0  4  0 -3   12   2   2   7   2   3   5   2   0   0   4   0   0   4   3  40   4   6   3   0  0.33 inf
   95 A    2  0 -2  0  2 -1  0  1 -2 -2 -2 -1 -2 -2  2  1  1 -3 -3 -1   27   6   0   5   5   0   5  11   0   0   3   0   0   2   9  14   8   0   0   3  0.22 inf
   96 F    0  0 -3 -3  2 -3 -3 -3 -3 -2 -1 -3 -2  6  1  2 -2 -2  1 -3    6   5   0   0   4   0   0   1   0   0   5   0   0  44   6  22   0   0   4   1  0.68 inf
   97 F    0 -2 -2 -3  1 -2 -2 -2 -2  1  1 -2  1  4 -3  2  0 -2  0  0    6   1   1   1   3   1   1   1   0   6  14   1   3  27   1  21   5   0   0   7  0.29 inf
   98 L   -2 -3 -3 -3  1 -2 -2 -3  0  1  3 -3  1  1 -3 -2  0  1  0  2    1   1   1   1   3   1   3   1   4   6  40   1   3   5   1   2   4   2   3  20  0.29 inf
   99 F   -1  1 -2 -2  3  1 -2 -3  2 -1  0 -1 -1  1  1  0  0  4  2  0    1   8   0   0   8   8   0   1   8   0   8   0   0   8   8   8   8   8   8   8  0.20 inf
  100 C   -1  0 -3 -4  9 -3 -4 -1 -4 -1 -3 -3 -3  0 -4  2  0 -4  0 -1    4   6   0   0  48   0   0   4   0   4   1   0   0   4   0  15   5   0   3   4  1.11 inf
  101 S    0  1  1 -1  0  0 -1 -1  0 -2 -1  0  0 -1 -1  3  1 -3 -2 -2    5   7   8   3   2   4   1   3   3   0   7   5   2   2   3  36   8   0   0   1  0.24 inf
  102 E   -1 -1 -2  3 -4  2  5 -1  0 -1 -2  0 -3 -4 -3  0 -3 -4 -4 -2    4   2   0  17   0  10  36   4   2   5   3   4   0   0   0   7   0   0   0   3  0.58 inf
  103 Y   -2 -1  0 -2 -1  1  1 -2  5 -2 -2  1  0  2 -3 -2  0 -2  5 -1    3   3   4   2   2   7   8   2  14   2   4   8   2   7   0   2   6   0  20   4  0.36 inf
  104 R   -1  6 -3 -4  3 -3 -3 -2  5 -5 -2  0 -4  0 -2 -2 -4 -4  2 -4    6  47   0   0   6   0   0   2  13   0   4   4   0   3   2   2   0   0   6   0  1.00 inf
  105 P    0  1 -2  0 -1  0 -1 -2 -1 -4 -2  0  0 -5  6  0 -1 -5 -4 -2    9   9   2   5   2   4   2   3   2   0   3   4   2   0  38   8   2   0   0   4  0.68 inf
  106 K   -2  0 -1  0 -5  2  1 -4  2 -3 -4  6 -1 -5 -2 -2 -2 -5 -4 -4    2   3   2   4   0   9   8   1   6   1   1  54   1   0   2   2   2   0   0   1  0.89 inf
  107 I   -1 -4 -2 -4 -3 -4 -3 -5 -5  5  1 -4  1 -1 -4 -1 -1 -4 -3  3    6   0   2   0   0   0   2   0   0  42  10   0   4   1   0   4   2   0   0  25  0.76 inf
  108 K    0  2 -3  0 -5  0  0 -4 -4 -5 -5  7 -1 -5 -4 -3 -2 -5 -5 -5    9   9   0   4   0   4   4   0   0   0   0  65   2   0   0   0   2   0   0   0  1.25 inf
  109 G    0  1 -1  0 -3  1  1  2 -1 -1  0  0 -1 -2 -2  1 -1 -1 -2 -2    9   7   2   4   0   6  11  22   1   4   9   6   1   1   1  12   1   1   0   2  0.16 inf
  110 E   -1  0 -2  1 -4  1  5 -3 -3 -3 -2  0 -3 -4 -3 -1  2  2 -3 -2    4   3   1   8   0   6  47   1   0   1   4   4   0   0   0   2  12   4   0   2  0.66 inf
  111 H   -2 -1  5 -2  0 -2 -3 -3  7 -4 -1 -2 -1 -2 -3 -1 -2 -4  2 -4    3   3  33   0   2   1   0   1  32   0   8   1   1   1   1   3   1   0   6   0  0.98 inf
  112 P   -3 -5 -1 -4 -5 -4 -3 -3 -2 -5 -4 -3 -5 -3  8 -3 -4  0  2 -5    2   0   3   0   0   0   1   1   1   0   1   1   0   1  77   1   0   1   7   0  2.13 inf
  113 G   -2 -2  2  1 -4  1  0  5 -1 -5 -5 -1 -4 -5  2  0 -1 -4 -4 -4    1   2   9   8   0   8   6  44   1   0   0   2   0   0   9   5   2   0   0   1  0.66 inf
  114 L   -1 -3 -4 -4 -1 -2 -3 -4 -3  2  3 -3  3  2 -4 -2 -2  6  0 -1    5   1   0   0   1   2   1   0   0  10  37   1   8   9   0   3   2  14   3   1  0.62 inf
  115 S   -2  0 -2 -3 -2  1 -2  0 -3 -3 -3  0 -3 -2 -1  5  3 -4 -3 -2    0   4   0   0   1   7   0   6   0   1   2   6   0   2   2  48  16   0   1   3  0.60 inf
  116 I   -2 -4  2 -4 -3 -4 -4 -3 -3  5 -1 -4 -1  1 -4 -3 -1 -4  1  3    2   0  11   0   0   0   0   2   0  41   2   0   1   5   0   0   3   0   6  25  0.68 inf
  117 G   -1 -1 -2 -2 -4 -3 -3  6 -3 -4 -4 -1 -4 -4 -2  1 -1 -4 -4  0    3   3   1   2   0   0   1  58   0   0   1   4   0   0   2  12   4   0   0   7  0.87 inf
  118 D   -2 -3 -1  6 -5  2  3 -3 -3 -5 -5 -2 -4 -5 -3 -2 -2 -5 -3 -3    3   0   2  57   0  11  16   1   0   0   1   1   0   0   0   2   1   0   1   2  1.19 inf
  119 V   -1 -4 -4 -2  0 -4 -4 -2 -4  4  0 -4  0 -3 -4 -2  0 -4 -3  5    3   0   0   3   2   0   0   4   0  22   5   0   2   0   0   2   5   0   0  49  0.70 inf
  120 A    5 -3 -3 -4  4 -2 -3 -1 -4 -3 -3 -3 -1 -4 -3  2 -1 -4 -4 -2   66   0   0   0   8   1   1   3   0   0   1   0   1   0   0  12   2   0   0   2  0.97 inf
  121 K   -1  0 -3 -3 -5  0 -2 -4 -3 -5 -5  7 -4 -5 -4 -1  0 -5 -4 -4    4   2   0   0   0   3   1   0   0   0   0  79   0   0   0   4   5   0   0   0  1.47 inf
  122 K    0  1 -1 -2 -4  2  2 -3 -3 -2 -2  6 -3 -5 -3 -2 -2 -1 -4 -2    9   6   2   1   0   8  11   0   0   2   3  52   0   0   0   0   2   1   0   2  0.75 inf
  123 L    0 -3 -5 -5 -3 -4 -5 -5 -5  0  5 -3  0 -2 -3 -1 -2 -4 -3 -2   10   1   0   0   0   0   0   0   0   2  77   1   1   0   1   4   2   0   0   0  1.03 inf
  124 G    0 -3 -3 -3 -3 -4 -4  7 -4 -5 -6 -3 -5 -5 -4 -2  0 -5 -5 -4    7   2   0   1   0   0   1  79   0   0   0   1   0   0   0   1   7   0   0   1  1.54 inf
  125 E   -2  2 -2 -1  0  1  5 -3  1 -3 -3  2 -3 -4 -3 -2 -3 -4  1 -3    3  11   1   2   2   3  51   1   3   1   1  12   0   0   0   0   0   0   6   1  0.77 inf
  126 M   -2  0 -4 -5 -2  2 -3 -5 -4 -1  0  0  9 -2 -5  0 -1 -4 -4 -2    2   5   0   0   1  10   0   0   0   2   4   6  58   1   0   6   4   0   0   1  1.24 inf
  127 W   -6  2 -7 -7 -6 -1 -6 -4 -6 -6 -5 -5 -5 -3 -7 -6 -6 12 -1 -7    0  10   0   0   0   3   0   1   0   0   0   0   0   0   0   0   0  85   1   0  3.86 inf
  128 N   -1 -1  5 -1 -2 -1 -1 -1 -1 -3 -4  2  2 -4 -3  2  0 -5 -4 -2    3   1  37   1   1   1   1   3   1   1   0  15   7   0   0  19   6   0   0   2  0.60 inf
  129 N    0 -1  5  0 -4  0  2 -2 -2 -3 -2  0  2 -4 -3  0  0 -4 -1 -2    8   2  35   3   0   3  16   2   0   0   2   6   7   0   0   7   4   0   2   2  0.47 inf
  130 T    0 -2 -2 -1  1  1  0 -3 -3  0  2 -2  1 -2 -2  0  4 -4 -3  0    5   0   0   3   3   6   4   0   0   3  22   2   5   0   1   7  32   0   0   4  0.29 inf
  131 A    3  0  0  0  0  0 -2 -1 -2 -3 -3 -2 -3 -3  0  2  3 -4 -3 -2   29   5   4   4   2   4   1   4   0   0   0   0   0   0   3  18  23   0   0   2  0.41 inf
  132 A    3 -3 -1  3  0 -1  2 -1 -3 -2  0 -2 -2 -4  1 -1 -2 -4 -4 -1   32   0   2  17   2   2  13   4   0   1  10   0   0   0   7   3   1   0   0   5  0.33 inf
  133 D    1 -2  0  4 -4 -1  1 -1 -3 -3 -3  1 -2 -4 -2  2 -1 -5 -2 -2   13   1   3  30   0   1  10   4   0   1   2   8   1   0   1  18   3   0   1   3  0.42 inf
  134 D   -3 -3  1  5 -5  0  4 -2  3 -4 -4 -1 -3 -2 -4 -1 -1 -5 -4 -2    1   0   6  39   0   3  29   3   7   1   1   2   0   2   0   2   3   0   0   3  0.83 inf
  135 K   -3  1 -3 -4 -6 -1 -2 -5 -4 -6 -6  7 -2 -6 -4  1 -2 -6 -5 -5    0   4   1   0   0   1   0   0   0   0   0  81   1   0   0  11   1   0   0   0  1.73 inf
  136 Q   -1  0 -3 -2 -5  7 -1 -3 -1 -3 -3  0 -3 -5 -3  0 -1  4 -4 -4    6   4   0   1   0  62   2   1   1   1   2   4   0   0   1   6   3   5   0   1  1.21 inf
  137 P   -3 -3 -3 -4 -5 -2 -2 -5 -2 -4 -3  2 -4 -3  8 -2 -2 -6 -5 -3    1   1   1   0   0   2   2   0   1   1   3  12   0   1  69   3   2   0   0   1  1.78 inf
  138 Y   -2 -5 -5 -5  3 -4 -3 -5  1 -4 -4 -5  0  4 -5 -3 -2  1  8 -4    4   0   0   1   6   0   2   0   2   0   0   0   2  15   0   2   3   1  61   0  1.67 inf
  139 E   -2 -3  1 -1 -5 -1  6 -3 -1  1 -3 -1 -3  1 -4 -1 -3 -5 -3 -2    2   0   8   2   0   1  58   2   1   8   1   2   0   7   0   3   0   0   0   2  0.87 inf
  140 K    0  0 -1  0 -4  3  2 -3 -1 -2 -3  4 -2 -4 -2 -1  2 -4 -2 -2    8   4   2   4   0  14  12   1   1   3   1  32   1   0   1   1  15   0   1   1  0.45 inf
  141 K   -1  1 -2 -3 -5  0  2 -3 -2 -3 -1  6  3 -4 -4 -1 -2 -5 -3 -3    6   7   1   0   0   3  11   1   0   1   6  51   8   0   0   3   1   0   1   1  0.75 inf
  142 A    6 -1 -2 -2 -3 -3 -4 -2 -2 -3 -4 -2 -4 -5 -3  0 -2 -5 -3 -2   78   3   2   2   0   0   0   1   1   1   0   1   0   0   1   6   1   0   1   2  1.24 inf
  143 A    5 -1 -2 -2 -3  2  0 -2 -3 -3 -3  0 -2 -5 -3  1 -1 -5 -4 -2   57   2   1   2   0  12   5   1   0   1   2   5   1   0   0   9   2   0   0   1  0.73 inf
  144 K    0  2 -2 -2 -5 -1  1 -3 -2 -2  0  6 -3 -3 -4 -2 -2 -5 -4 -1    6   9   1   2   0   1   7   1   1   2   9  54   0   1   0   1   1   0   0   4  0.74 inf
  145 L   -2 -4 -4  3 -4 -4 -1 -5 -5 -1  5 -4  0 -3 -4 -3 -4 -3 -4 -2    3   0   0  17   0   0   4   0   0   1  71   0   1   0   0   1   0   0   0   0  1.05 inf
  146 K   -3  3 -3 -4 -6  3 -1 -4 -3 -5 -4  7 -3 -6 -1 -3 -3 -5 -5 -5    1  13   0   0   0  11   1   0   0   0   1  67   1   0   3   0   1   0   0   0  1.40 inf
  147 E    2 -2 -3  0 -4  2  5 -2 -3 -3 -2  0 -3 -5 -3 -1 -2 -5 -4 -2   20   0   0   3   0  10  52   2   0   1   3   4   0   0   0   2   1   0   0   3  0.85 inf
  148 K   -3  4 -3 -3 -6 -1  1 -4 -3 -5 -3  6  2 -5 -4 -3 -2 -5 -4 -4    1  20   0   0   0   1   9   0   0   0   2  58   5   0   0   0   2   0   0   1  1.18 inf
  149 Y   -5 -2 -2 -3 -1 -4 -5 -6  5 -5 -5 -3 -4 -1 -6 -4 -5  0  9 -5    0   2   2   2   1   0   0   0  13   0   0   1   0   0   0   1   0   1  77   0  2.33 inf
  150 E   -2  2 -1  0 -5  1  5 -2  2 -4 -4  1 -2 -1 -4 -2 -3 -5 -1 -3    3  14   2   4   0   4  50   2   4   1   1   6   1   3   0   0   0   0   2   1  0.75 inf
  151 K   -3  1 -2 -1 -6  0  3 -3 -3 -5 -4  6 -2 -6 -4  0 -3 -6 -4 -5    0   6   1   2   0   3  18   1   0   0   1  58   1   0   0   8   0   0   0   0  1.10 inf
  152 D   -1 -3 -1  6 -5 -1  3 -2  0 -5 -5  1 -5 -5 -4  0 -3 -6 -2 -5    4   0   2  49   0   1  21   2   2   0   0  10   0   0   0   7   0   0   1   0  1.02 inf
  153 I   -3 -2 -3 -5 -3 -3 -4 -4 -4  4  1 -3  5 -1 -5 -2  0  0  3  2    0   2   1   0   0   1   0   1   0  30   8   1  21   0   0   2   6   1  11  16  0.68 inf
  154 A    5 -2 -2 -3 -3  0  1 -2 -4 -3 -3 -1 -2 -5  2 -1  0 -5 -4 -2   59   2   1   0   0   3   9   1   0   1   1   3   0   0  11   1   6   0   0   1  0.77 inf
  155 A    4 -3  0  2 -3 -2  1  0  0 -2 -3 -1 -3 -3 -2  0  0 -5 -4 -1   47   0   4  14   0   0   8   4   2   2   1   3   0   1   1   5   5   0   0   4  0.48 inf
  156 Y   -5 -5 -5 -5  1 -5 -6 -7  0 -4 -1 -5 -4  2 -6 -4 -5  1  9 -5    0   0   0   1   3   0   0   0   1   0   6   0   0   4   0   1   0   1  83   0  2.44 inf
  157 R   -4  6 -3 -4 -1  1 -1 -2 -1 -6 -5  5 -4 -6 -3 -3 -3 -4 -4 -5    0  47   0   0   2   6   2   3   1   0   0  37   0   0   1   0   1   0   0   0  1.29 inf
  158 A    4 -3 -2 -3 -3 -2 -2  0 -2 -3 -3 -1 -3 -2 -1  2  0 -3  4 -2   44   0   1   1   0   0   1   6   0   0   1   4   0   0   3  16   5   0  19   0  0.58 inf
  159 K   -3  4 -3 -3 -6 -1  0 -4 -3 -5 -5  7 -4 -6 -4 -3 -3 -5 -4 -5    0  23   0   0   0   0   4   0   0   0   0  73   0   0   0   0   0   0   0   0  1.51 inf

                      K         Lambda
Standard Ungapped    0.1309     0.3156
Standard Gapped      0.0496     0.2670
PSI Ungapped         0.1611     0.3080
PSI Gapped           0.0496     0.2670
