
Last position-specific scoring matrix computed, weighted observed percentages rounded down, information per position, and relative weight of gapless real matches to pseudocounts
           A  R  N  D  C  Q  E  G  H  I  L  K  M  F  P  S  T  W  Y  V   A   R   N   D   C   Q   E   G   H   I   L   K   M   F   P   S   T   W   Y   V
    1 S    3 -2  4 -1 -3 -2 -2 -2 -2 -4 -4 -2 -3 -4 -3  3  1 -4 -3 -3   28   0  29   0   0   0   0   0   0   0   0   0   0   0   0  33   9   0   0   0  0.66 inf
    2 H   -1 -2  2  2 -3  2  3 -3  1 -1  0 -1  2 -3 -3  0 -1 -4 -2 -1    4   0  12  10   0  10  26   0   4   3  14   1   7   0   0   4   1   0   0   5  0.26 inf
    3 M   -2 -4 -5 -5 -3 -3 -4 -5 -4  1  5 -4  5 -1 -4 -3 -1 -4 -3  1    3   0   0   0   0   0   0   0   0   5  63   0  16   1   0   1   3   0   0   8  0.85 inf
    4 L    1 -1 -2 -2 -3  0  1 -3 -1  1  2 -2  3  0 -3 -1  0 -3 -1  0   13   2   2   1   0   3  13   0   1   5  29   1  14   4   0   3   4   0   1   5  0.19 inf
    5 S    0  3  1  0 -1  0  0  0  2 -3 -3  0 -3 -4 -3  3  2 -4 -3 -3    6  19   5   5   1   3   3   5   5   0   2   2   0   0   0  27  16   0   0   0  0.34 inf
    6 E   -1  2  1  3 -3  3  2 -1  0 -3 -2  2 -2 -4 -2  0 -2 -4 -3 -2    3  12   6  21   0  15  15   3   2   0   3  11   0   0   0   6   0   0   0   3  0.37 inf
    7 E   -3  0 -2  1 -6  4  6 -4 -2 -5 -3 -1  0 -5 -3 -2 -2 -5 -4 -3    0   3   0   4   0  17  68   0   0   0   2   0   3   0   0   0   2   0   0   1  1.22 inf
    8 L   -2  0 -3 -3 -2 -3 -3 -4 -4  3  3 -3  1  2 -2 -2 -1 -3 -2  1    0   5   1   2   1   1   0   0   0  27  39   1   2  11   1   1   4   0   0   4  0.43 inf
    9 R    0  2 -1  0 -3  3  2  0 -1 -3 -2  2 -1 -2 -2  0 -2 -3  2 -2   10  14   1   4   0  14  17   5   1   1   2  14   2   0   0   4   0   0   9   2  0.27 inf
   10 Q    0  2  0  2 -2  3  3 -1  0 -3 -3  2 -2 -4 -2  0  0 -4 -3 -2    9   9   3  10   1  19  20   3   2   0   1  12   0   0   0   6   3   0   0   1  0.35 inf
   11 I    1  0 -2 -1 -2  1  0 -3 -1  2  0  0  1 -2 -2 -1  2 -3 -1  1   13   5   0   2   0   6   5   0   2  14   8   6   3   0   0   2  18   0   3  13  0.10 inf
   12 V   -2 -4 -5 -5 -2 -4 -4 -5 -5  4  2 -4  1 -1 -4 -3 -2 -4 -3  5    0   0   0   0   0   0   0   0   0  26  22   0   2   1   0   0   0   0   0  49  0.79 inf
   13 F   -1  1  2 -1 -3  3  1 -2  3 -2 -1  1  0  2 -3 -1 -1 -2  0 -2    3   8  15   2   0  21   6   1   8   0   4   7   3  13   0   3   2   0   2   1  0.25 inf
   14 R    0  2  1  1 -3  2  2 -1  0 -3 -2  1 -2 -3 -2  1  0 -3 -2 -2   10  15   6  10   0  11  12   2   2   0   3  11   0   0   0  11   4   0   1   2  0.24 inf
   15 T    5 -3 -3 -3  2 -2 -1 -2 -3 -3 -2 -2 -3 -2 -3  0  2 -4 -2 -1   71   0   0   0   4   0   2   1   0   0   1   0   0   1   0   4  13   0   1   2  0.79 inf
   16 I   -3 -4 -5 -5 -3 -4 -5 -5 -5  6  3 -4  3 -1 -5 -4 -2 -4 -3  2    0   0   0   0   0   0   0   0   0  60  26   0   7   1   0   0   0   0   0   7  0.96 inf
   17 E    2  0  2  2 -3  2  3 -2  0 -3 -3  0 -2 -4 -2  1 -1 -4 -2 -3   21   4  14  13   0  11  22   1   1   1   2   3   0   0   0   7   1   0   0   0  0.37 inf
   18 S    1  0  1  2 -2  1  2  0 -1 -3 -3  1 -2 -3 -2  2  0 -4 -3 -2   18   2   5  11   0   8  17   4   0   1   1  10   1   0   0  15   6   0   0   0  0.27 inf
   19 L   -3 -4 -5 -5 -3 -4 -5 -5 -5  0  6 -4  2 -1 -5 -4 -3 -3 -3 -1    0   0   0   0   0   0   0   0   0   0  97   0   3   0   0   0   0   0   0   0  1.25 inf
   20 P   -2 -4 -4 -1 -5 -1 -2 -3 -4 -5 -5 -3 -4 -6  8 -1 -3 -6 -5 -4    2   0   0   3   0   2   1   1   0   0   0   0   0   0  86   5   0   0   0   0  2.21 inf
   21 E   -1 -2 -1  3 -4  0  5 -3 -1 -2 -2  0 -3 -4  1 -1 -2 -4 -3 -1    2   0   1  15   0   1  58   0   1   2   4   2   0   0   7   3   0   0   0   4  0.70 inf
   22 D   -1 -1 -1  5 -4  0  4 -2 -2 -3 -4  1 -3 -4 -3 -1 -1 -4 -2 -2    3   2   0  38   0   2  36   1   0   1   0  10   0   0   0   3   1   0   1   3  0.72 inf
   23 L   -3 -3 -3 -4 -3  0 -3 -4  2  0  3 -3  0  4 -4 -3 -2 -1  4 -1    0   0   0   0   0   5   0   0   6   1  42   0   1  25   0   1   2   0  15   0  0.55 inf
   24 R   -2  7 -2 -3 -5  1 -2 -4 -2 -5 -4  3 -3 -5 -4 -2 -3 -5 -4 -4    1  79   0   0   0   3   0   0   0   0   0  16   0   0   0   0   0   0   0   0  1.44 inf
   25 M    0 -1 -1 -2 -2  0  0 -3 -2  0  0 -1  2 -2 -2  1  4 -3 -2  0    8   2   1   0   0   5   7   0   0   6   8   1   8   0   0   9  39   0   0   7  0.28 inf
   26 A    4 -3 -3 -3 -1 -2 -3 -2 -3  1 -1 -2  0 -3 -1 -1  1 -4 -3  3   53   0   0   0   1   0   0   0   0   5   2   0   1   0   1   1   9   0   0  26  0.50 inf
   27 I   -3 -4 -5 -5 -3 -4 -4 -5 -4  6  2 -4  1  1 -4 -4 -2 -3 -2  2    0   0   0   0   0   0   0   0   0  61  18   0   1   6   0   0   0   0   0  13  0.81 inf
   28 T   -1 -3 -2 -3 -2 -2 -3 -3 -3  3  0 -2  1 -2 -3  0  3 -2  0  3    1   0   1   0   0   2   0   0   0  19   3   1   3   0   0   4  32   0   3  31  0.39 inf
   29 L   -3 -4 -5 -5 -3 -4 -5 -5 -4  0  6 -4  2  0 -5 -4 -3 -3 -1 -1    0   0   0   0   0   0   0   0   0   0  94   0   3   1   0   0   0   0   1   0  1.17 inf
   30 R   -2  7 -2 -3  3 -1 -2 -4 -2 -4 -4  1 -3 -1 -4 -1 -3 -4 -1 -4    3  80   0   0   7   0   0   0   0   0   0   4   0   3   0   2   0   0   2   0  1.29 inf
   31 E   -3 -2 -1  4 -5  0  6 -4  1 -5 -5 -1 -4 -4 -3 -2 -3 -4  0 -3    0   0   0  26   0   0  67   0   3   0   0   0   0   0   0   0   0   0   4   1  1.14 inf
   32 L   -2 -4 -4 -4 -2 -3 -4 -5 -2  4  2 -4  2  2 -4 -3 -2 -2  1  2    0   0   0   0   0   0   0   0   1  44  23   0   7  10   0   1   0   0   4   9  0.56 inf
   33 D   -3 -2  0  3 -5  3  6 -3 -2 -5 -5 -1 -4 -5 -3 -2 -2 -5 -4 -4    0   0   4  19   0  12  65   0   0   0   0   0   0   0   0   0   0   0   0   0  1.12 inf
   34 G   -1 -4 -2  0 -3 -3 -1  7 -4 -5 -5 -3 -4 -5 -4 -2 -3 -4 -5 -5    1   0   1   6   1   0   5  86   0   0   0   0   0   0   0   0   0   0   0   0  1.47 inf
   35 L   -3 -3 -4 -5 -3 -3 -4 -5 -3  0  4 -2  4  3 -4 -4 -3 -2  0 -1    0   1   0   0   0   0   0   0   0   1  62   3  16  16   0   0   0   0   2   0  0.75 inf
   36 S    1 -2  0 -2 -2 -2 -1 -2 -3 -4 -4 -1 -3 -4 -2  6  1 -4 -3 -3    9   0   2   1   0   0   1   1   0   0   0   1   0   0   1  77   7   0   0   0  0.91 inf
   37 Y   -4 -4 -4 -5 -5 -4 -4 -5  1 -1 -1 -4 -3  1 -5 -4 -4  0  9 -3    0   0   0   0   0   0   0   0   2   3   4   0   0   0   0   0   0   0  91   0  2.08 inf
   38 E   -2 -1 -1  2 -5  1  6 -3 -2 -5 -5  1 -4 -5 -3 -2 -2 -5 -4 -4    1   1   1   7   0   4  79   1   0   0   0   5   0   0   0   0   1   0   0   0  1.20 inf
   39 E   -3 -2 -1  2 -6  1  7 -4 -2 -5 -5 -1 -4 -5 -3 -2 -3 -5 -4 -4    0   0   1   9   0   4  86   0   0   0   0   1   0   0   0   0   0   0   0   0  1.42 inf
   40 I   -1 -5 -5 -5 -3 -4 -5 -5 -5  7  0 -4  1 -2 -5 -4 -2 -4 -3  1    3   0   0   0   0   0   0   0   0  91   0   0   3   0   0   0   0   0   0   2  1.32 inf
   41 A    6 -3 -3 -3  0 -2 -2 -1 -3 -3 -3 -2 -3 -4 -2  2 -1 -4 -3 -2   82   0   0   0   2   0   0   0   0   0   0   0   0   0   0  16   0   0   0   0  1.01 inf
   42 A    0  0  0  1 -3  3  4 -2 -1 -2 -2  1 -2 -4 -2  0  0 -4 -3 -2   11   4   4   8   0  14  35   1   1   1   2   9   1   0   0   2   4   0   0   3  0.37 inf
   43 I    1 -3 -4 -4 -2 -3 -3 -4 -4  5  0 -2  1 -1 -3 -2  0 -4 -2  3   13   1   0   0   0   1   1   0   0  53   2   2   4   1   0   1   5   0   0  19  0.54 inf
   44 M   -2 -3 -3 -4 -1 -2 -2 -4 -3  0  3 -3  7 -1 -4 -2  2 -3 -3  0    2   0   0   0   1   0   2   0   0   1  28   0  45   1   0   0  17   0   0   4  0.75 inf
   45 D   -1 -1  3  4 -4  0  2  2 -1 -4 -4  0 -3 -4 -3  0 -2 -4 -4 -4    2   2  17  34   0   3  14  21   1   0   0   3   0   0   0   3   0   0   0   0  0.60 inf
   46 C   -1 -4 -4 -5  9 -4 -4 -4 -4  1  0 -4 -2 -3 -4 -1  0 -4 -3  2    2   0   0   0  54   0   0   0   0   9  10   0   0   0   0   3   5   0   0  17  1.18 inf
   47 P   -2 -3 -1 -3 -4 -2 -2 -4 -4 -5 -5 -1 -4 -5  8  2 -2 -5 -5 -4    0   0   2   0   0   1   1   0   0   0   0   2   0   0  76  18   0   0   0   0  1.92 inf
   48 V   -2 -3 -4 -4 -2 -1 -2 -4 -4  4  2 -3  1 -1 -2 -3 -1 -4 -2  3    0   0   0   0   0   3   2   0   0  37  21   0   2   0   1   1   3   0   0  29  0.50 inf
   49 G   -1 -4 -2 -3 -4 -4 -4  7 -4 -6 -6 -3 -5 -5 -4 -2 -3 -4 -5 -5    3   0   0   0   0   0   0  97   0   0   0   0   0   0   0   0   0   0   0   0  1.81 inf
   50 T   -2 -3 -2 -3 -3 -3 -3 -4 -4 -3 -3 -3 -3 -4 -3 -1  7 -5 -4 -2    0   0   0   0   0   0   0   0   0   0   0   0   0   0   0   0 100   0   0   0  1.66 inf
   51 V   -2 -4 -5 -5 -3 -4 -4 -5 -5  1 -1 -4 -1 -3 -4 -3 -1 -5 -3  7    0   0   0   0   0   0   0   0   0   2   0   0   0   0   0   0   2   0   0  96  1.32 inf
   52 R   -3  6 -2 -2 -5  0 -1 -4 -2 -4 -3  4  2 -4 -3 -2 -2 -4 -3 -4    0  57   0   1   0   0   2   0   0   0   0  33   7   0   0   0   0   0   0   0  1.08 inf
   53 S    0 -3 -1 -2 -3 -2 -2 -2 -3 -4 -4 -2 -3 -4 -3  6  2 -5 -4 -3    2   0   0   0   0   0   0   0   0   0   0   0   0   0   0  89   9   0   0   0  1.19 inf
   54 R   -3  8 -2 -4 -6 -1 -2 -4  1 -5 -4  0 -3 -5 -4 -3 -3 -5 -4 -5    0  97   0   0   0   0   0   0   3   0   0   0   0   0   0   0   0   0   0   0  1.84 inf
   55 I   -3 -4 -4 -5 -3 -4 -4 -5  1  6  3 -4  0 -1 -4 -4 -2 -4 -2  1    0   0   0   0   0   0   0   0   4  67  28   0   0   0   0   0   0   0   0   0  0.90 inf
   56 F    0 -3 -1 -3 -3 -3 -3 -3  5 -2 -1 -3 -2  6 -4 -1 -3 -1  2 -2   11   0   4   0   0   0   0   1  22   0   4   0   0  51   0   4   0   0   3   0  0.77 inf
   57 R   -3  8 -1 -3 -5 -1 -2 -4 -2 -5 -4  1 -3 -4 -2 -2 -3 -4  0 -4    0  93   2   0   0   0   0   0   0   0   0   0   0   0   1   0   0   0   4   0  1.57 inf
   58 A    6 -3 -3 -3 -2 -2 -2  2 -3 -3 -3 -2 -3 -4 -2  0 -2 -4 -3 -2   84   0   0   0   0   0   0  16   0   0   0   0   0   0   0   0   0   0   0   0  0.98 inf
   59 R   -3  8 -2 -3 -5 -1 -2 -4 -2 -5 -4  1 -3 -5 -4 -3 -3 -5 -4 -4    0  97   0   0   0   0   0   0   0   0   0   3   0   0   0   0   0   0   0   0  1.74 inf
   60 E    0  1  1  1 -4  2  4 -2 -1 -3 -2  1 -2 -3 -2 -1 -1 -4 -2 -3    6   9   6   4   0  11  44   2   1   1   5   7   1   0   0   2   1   0   0   0  0.49 inf
   61 A    3  2 -1 -2 -2  1  0 -2 -2  0  0  1  1 -2 -2  0 -1 -3 -2  0   41  12   1   0   0   6   3   0   0   4   8   8   4   1   0   3   2   0   0   3  0.22 inf
   62 I   -3 -4 -5 -5 -3 -4 -4 -5 -4  4  4 -4  1 -1 -4 -4 -2 -3 -2  2    0   0   0   0   0   0   0   0   0  33  56   0   1   1   0   0   0   0   0   9  0.82 inf
   63 D    0  3 -1  3 -4  3  1 -3 -1 -3 -3  2 -2 -3 -3 -1 -2 -4 -2 -3    8  21   0  23   0  20   6   0   1   1   1  15   0   0   0   3   0   0   0   0  0.49 inf
   64 N    0  1  1  1 -3  1  3 -2 -1 -3 -3  3 -2 -3 -2  1  0 -4 -3 -2    9   6   6   7   0   6  20   1   0   1   2  28   0   0   0  10   3   0   0   1  0.33 inf
   65 K   -1  2  0 -1 -3  2  1 -3  2  0 -1  4 -1 -2 -2 -1 -1 -3 -1 -1    3  11   2   2   0  13   7   0   6   6   7  34   1   1   0   2   1   0   1   3  0.29 inf
   66 V   -3 -4 -5 -5 -3 -4 -5 -5 -4  3  5 -4  2 -1 -4 -4 -3 -3 -3  1    0   0   0   0   0   0   0   0   0  16  74   0   3   0   0   0   0   0   0   8  0.93 inf
   67 Q   -1  3  1  0 -3  4  1 -1  0 -3 -3  3 -2 -3 -2 -1 -1 -4 -3 -2    4  21   5   5   0  22   7   3   1   0   0  24   0   1   0   2   2   0   0   2  0.44 inf
   68 P    0 -2  0  1 -4 -1 -1 -1  2 -4 -4  0 -4 -5  7  0 -1 -5 -4 -4    7   1   5   9   0   2   3   3   5   0   0   6   0   0  53   4   2   0   0   0  1.08 inf
   69 L   -2 -3 -4 -4 -3 -2 -1 -4 -1  0  4 -3  1  2 -4 -3 -2 -1  5  0    2   0   0   0   0   1   4   0   1   2  46   0   2   6   0   0   0   0  29   5  0.60 inf
   70 I    1 -3 -4 -4 -2 -3 -3 -3 -4  3  4 -3  2  0 -4 -3 -2 -3 -2  1   13   0   0   0   0   0   1   1   0  17  54   1   6   1   0   0   0   0   0   6  0.53 inf
   71 R   -2  3 -1 -1 -5  4  4 -3 -1 -4 -4  2 -2 -4 -2 -1 -2 -4 -3 -4    0  21   0   0   0  28  42   0   0   0   0   9   0   0   0   0   0   0   0   0  0.81 inf

                      K         Lambda
Standard Ungapped    0.1387     0.3243
Standard Gapped      0.0557     0.2670
PSI Ungapped         0.1798     0.3117
PSI Gapped           0.0557     0.2670
