
Last position-specific scoring matrix computed, weighted observed percentages rounded down, information per position, and relative weight of gapless real matches to pseudocounts
           A  R  N  D  C  Q  E  G  H  I  L  K  M  F  P  S  T  W  Y  V   A   R   N   D   C   Q   E   G   H   I   L   K   M   F   P   S   T   W   Y   V
    1 S    2 -1  1 -1 -1  0 -1  0 -1 -2 -3 -1 -2 -3 -1  4  1 -3 -2 -1   23   0   4   0   0   0   0   0   0   0   0   0   0   0   0  68   5   0   0   0  0.42 inf
    2 M   -2 -3 -3  0 -3 -2 -3 -4 -3  3  3 -3  6 -1 -4 -3 -2 -3 -2  0    2   0   0   8   0   0   0   0   0  27  23   0  38   0   0   0   0   0   0   1  0.63 inf
    3 F   -5 -6 -6 -7 -5 -6 -6 -6 -4 -3 -3 -6 -3  9 -7 -5 -5  3  1 -4    0   0   0   0   0   0   0   0   0   0   0   0   0  95   0   0   0   3   2   0  2.59 inf
    4 K   -2  1  0 -2 -4  3  2 -3 -2 -1 -2  4 -2 -4 -1  1  0  1 -3  0    1   4   3   0   0  13  11   0   0   3   2  33   0   0   2  12   3   2   0   9  0.42 inf
    5 K    0  3 -3 -3 -5 -1  0 -1 -3 -5 -5  5 -4 -5  1  0 -2 -5 -4 -4    9  17   0   0   0   0   6   5   0   0   0  48   0   0   8   6   1   0   0   0  0.83 inf
    6 Y   -5 -6 -6 -7 -6 -5 -6 -3 -2 -5 -4 -6 -4  4 -7 -5 -5  5  9 -5    0   0   0   0   0   0   0   3   0   0   0   0   0  16   0   0   0   7  75   0  2.52 inf
    7 S   -1 -3  0 -3 -4  2  0 -4 -1  0 -4 -2  0 -1  5  2  2 -5 -4 -3    4   0   4   0   0   9   5   0   1   8   0   1   2   3  31  19  13   0   0   0  0.64 inf
    8 S   -2 -1 -1 -1 -5 -2  3 -4  2 -5 -5  3 -4 -5 -4  5 -2 -6 -4 -5    0   2   2   2   0   0  20   0   5   0   0  22   0   0   0  47   1   0   0   0  0.95 inf
    9 L   -4 -5 -6 -6 -4 -5 -5 -6 -5  6  2 -5  3  2 -1 -3 -3 -4 -2  1    0   0   0   0   0   0   0   0   0  52  21   0   7   8   3   1   0   0   1   7  1.06 inf
   10 E   -2 -2 -2  2 -4  2  5 -3 -2  0 -3 -1 -3 -4  1 -1  1 -4 -3 -1    2   1   0   9   0   7  47   1   0   6   1   2   0   0   6   2   9   0   0   6  0.66 inf
   11 N   -2 -2  7  0 -4 -2 -2 -3 -2 -3  0 -1 -3 -4  0 -1 -2 -4 -3 -2    2   2  58   4   0   1   2   1   0   1  11   3   0   1   5   3   2   0   0   3  1.00 inf
   12 H    0  0 -1 -2  0 -1  0 -1  6 -2 -1  1 -2 -2  2  1 -1 -3 -1 -2    6   6   1   1   2   1   4   3  27   1   8   7   1   1  10  14   2   0   1   2  0.41 inf
   13 Y   -2 -2  1 -2 -2  0 -2 -1  3 -1 -1 -2 -1  2 -2  0  2 -1  5 -2    2   2   6   2   1   4   2   4   7   3   6   2   1  10   2   7  15   0  23   2  0.31 inf
   14 N   -1  2  3  2 -2  1  1 -1  0 -2 -1  1  0 -1  0 -1 -1 -2 -1 -1    5  11  16  10   1   5  10   5   2   2   5   9   3   3   4   2   2   0   2   3  0.15 inf
   15 S   -1  0  0 -1 -2  2  1  0 -1  1 -2  1  0 -2  0  0 -1  1 -1  0    4   5   3   1   0  12  10   8   1  10   2  11   2   1   3   9   3   2   2   9  0.10 inf
   16 K   -2  4  1  0 -4  1  1 -1 -2 -3 -2  4 -2 -2 -1 -1 -1  1 -3 -3    3  22   8   4   0   5   8   5   0   1   4  27   0   2   2   3   3   2   0   1  0.40 inf
   17 F   -1  3  0 -2 -3  0 -1 -2  0  1 -1  0 -1  3 -3 -1 -1 -2  2  1    3  21   4   2   0   3   2   3   3   8   5   4   0  14   1   5   3   0   7  13  0.17 inf
   18 I   -2 -3 -2 -2 -3 -3 -3 -1 -3  4  1 -2  1  0  1 -2  0  1  2  2    1   0   2   2   0   0   0   6   0  33  14   2   2   3   7   2   5   2   8  10  0.33 inf
   19 E   -1  1  2  2 -4  2  2  0 -2 -4 -3  2 -3 -2  1  1 -2 -4 -3 -4    2   6   9  14   0  12  16   8   0   0   2  11   0   2   8   9   1   0   0   0  0.35 inf
   20 K    2  3  1  1 -3  0 -1  1 -1 -3 -2  2 -3 -2 -3  1  0 -4 -1 -2   21  17   7   7   0   3   2   9   1   0   3  13   0   2   0   8   4   0   2   1  0.24 inf
   21 L   -1 -2 -2  0  1  0 -3 -3 -3  2  2 -2  0  2 -2 -2 -1 -3  1  2    2   1   2   6   3   4   0   2   0  15  24   2   1  12   1   3   2   0   5  14  0.22 inf
   22 Y   -2  2 -1 -1 -4  2  0 -1  0 -1 -1  2 -1  2  0 -2 -2 -3  2  0    1  14   2   3   0   9   6   3   2   4   5  18   1   9   5   1   1   0   7   7  0.18 inf
   23 S   -1  0  2  3 -4 -1  2 -1 -2 -3 -2  0  2 -1 -1  0  2 -4 -2 -2    5   5   9  20   0   1  12   4   0   0   3   6   6   2   2   8  15   0   1   1  0.26 inf
   24 L    1 -1  0  0  1  1  1 -1  0  0  0  0  0 -3  1  0 -1 -3 -2  0   11   2   4   4   3  10  12   4   3   5   9   3   2   0   7   9   2   0   1   7  0.08 inf
   25 G    0 -2  1 -1 -3 -1 -1  4 -3 -2 -1  0 -1  1 -1 -1 -1 -3 -2 -2    6   2   6   3   0   3   4  37   0   1   8   5   1   7   3   4   4   0   1   3  0.31 inf
   26 L   -2 -3 -2 -2 -4 -1  2 -4  3  0  2  0  1  2 -2 -2  0 -3  2 -1    1   0   1   1   0   1  19   0   9   4  26   5   3   8   2   2   6   0   9   3  0.29 inf
   27 T    1 -1 -1  1 -1 -1  1 -1 -1 -2 -2  1 -3  1  3 -1  1  0  0 -3   14   3   1   7   2   2  11   5   1   2   2   8   0   7  16   2  12   1   4   0  0.22 inf
   28 G   -2 -2  1  2 -4 -2 -1  4 -3 -3 -2  1  0 -3 -3 -1 -1 -5 -4  0    2   1   6  14   0   1   4  39   0   1   3   9   3   1   1   3   3   0   0   9  0.48 inf
   29 G   -1  1 -1  1 -2  1  1  2  1 -1 -1  1 -2 -3 -2  0  0 -2 -2  0    3   8   1  10   1   6  12  17   5   4   6   7   0   0   1   5   5   1   1   7  0.13 inf
   30 E   -1 -1  0  2 -4  0  5 -2 -2 -3 -1  1 -3 -4 -1  0  0 -4 -3 -1    3   2   4  10   0   3  44   2   1   1   5   7   0   0   3   4   5   0   0   5  0.53 inf
   31 W   -3 -4 -5 -5  0 -4 -4 -5 -4  3 -2 -4 -1  3 -3 -4 -3  9  3  2    2   0   0   1   2   0   1   1   0  16   3   1   1  11   1   1   2  34  10  15  1.34 inf
   32 V   -3 -2 -5 -5 -2 -5 -1 -6 -4  3 -1 -5 -2 -1 -5 -4 -2 -4  4  5    1   2   0   0   1   0   5   0   0  17   4   0   0   2   0   0   2   0  16  50  1.00 inf
   33 A    3 -5 -5 -6  3 -5 -5 -2 -5  3 -1 -5 -2  0 -5 -3 -3 -5 -4  5   29   0   0   0   6   0   0   3   0  16   4   0   0   4   0   0   0   0   0  38  0.84 inf
   34 R   -3  0 -3 -4  1  2 -1 -5 -4 -4  0 -2  3 -2 -4  0  6 -5 -3 -3    1   5   0   0   2  10   3   0   0   0   9   1   7   2   0   7  52   0   1   0  0.89 inf
   35 E   -5 -4 -4 -3 -7  2  7 -6 -4 -4 -5 -1 -5 -7 -2 -4  0 -7 -6 -2    0   0   0   0   0   7  79   0   0   1   1   2   0   0   2   0   5   0   0   4  1.80 inf
   36 K   -5 -2 -2 -5 -8 -3 -4 -6 -5 -7 -7  8 -6 -8 -6 -5 -5 -8 -6 -7    0   0   2   0   0   0   0   0   0   0   0  98   0   0   0   0   0   0   0   0  2.70 inf
   37 I   -4 -6 -4 -6 -4 -5 -6 -7 -6  5  4 -6  3 -3 -6 -5 -4 -5 -4  3    0   0   1   0   0   0   0   0   0  34  42   0   7   0   0   0   0   0   0  17  1.21 inf
   38 H   -6 -5 -1  5 -8 -4 -1 -6 10 -8 -8 -5 -7 -6 -6 -5 -6 -7 -4 -8    0   0   3  31   0   0   3   0  63   0   0   0   0   0   0   0   0   0   0   0  2.69 inf
   39 G   -4 -7 -5 -6 -7 -6 -7  8 -7 -8 -8 -6 -7 -8 -7 -2 -6 -7 -8 -8    0   0   0   0   0   0   0  98   0   0   0   0   0   0   0   2   0   0   0   0  2.70 inf
   40 T    3 -5 -4 -5  4 -4 -4 -4 -5 -5 -5 -4 -4 -6 -2  3  6 -6 -2 -4   24   0   0   0   8   0   0   0   0   0   0   0   0   0   2  19  45   0   2   0  1.19 inf
   41 N    0 -2  7 -3 -5  0 -3 -4  1 -6 -6 -3 -5 -3 -5  3 -2 -6 -5 -5    8   2  58   0   0   3   0   0   4   0   0   0   0   1   0  20   1   0   0   0  1.43 inf
   42 F    2 -5 -5 -5  0 -5 -5 -2 -4  1  0 -5  2  6 -5 -3 -1 -3  0  1   17   0   0   0   2   0   0   2   0   9   6   0   6  40   0   1   5   0   2   9  0.81 inf
   43 S   -1  2 -3 -4  3 -1 -4  1 -4 -3 -5 -3 -4 -5 -1  4  3  0 -5 -2    3  13   0   0   6   2   0  11   0   1   0   0   0   0   4  33  22   2   0   2  0.70 inf
   44 L   -1 -3 -5 -5 -2 -5 -5 -4 -1  3  1 -5  1  5 -5 -4 -1 -3  2  3    6   1   0   0   1   0   0   1   2  18  12   0   3  24   0   0   4   0   6  22  0.69 inf
   45 I   -1 -1 -3 -5 -2 -1 -4 -2 -1  2  0 -3  0  2 -5 -3  0  4  4  2    6   3   1   0   1   3   0   3   1  15   9   1   2   9   0   1   5   5  19  17  0.43 inf
   46 I   -1  0 -3 -1  1 -1 -3 -3 -1  2  0 -1  1  1 -2 -1  2  1  2  2    5   7   0   3   4   2   0   1   2  11   8   2   5   6   1   4  13   2   7  18  0.16 inf
   47 E   -2  0  2  5 -5 -1  3 -3  1 -3 -5 -1 -5 -2 -4  0  0 -2 -1 -4    2   6  11  36   0   2  16   1   4   1   1   2   0   2   0   6   5   1   2   1  0.69 inf
   48 R    0  1  1  2 -5  0  2  4 -1 -5 -4  1 -4 -5 -1 -1 -1 -5 -1 -3    6   7   5  11   0   4  13  29   1   0   2   9   0   0   3   2   3   0   3   1  0.41 inf
   49 D   -1 -2  0  4 -5 -2  2  3 -1 -2 -3  1 -2 -3 -4  0 -1 -5 -3 -1    3   1   3  22   0   0  17  25   1   2   3   8   1   1   0   6   2   0   1   4  0.48 inf
   50 K   -2  3  1  0 -4  1  3 -1  2 -2 -2  1 -2 -4 -1 -1  0 -1 -1 -2    1  15   8   5   0   6  22   5   5   2   4  10   0   0   2   4   5   1   3   3  0.29 inf
   51 V   -2 -3 -3 -5 -1 -2 -2 -2 -4  4  1 -3 -1  3 -5 -3 -1 -2 -1  4    2   2   1   0   1   2   3   4   0  22  11   1   1  13   0   1   2   1   1  31  0.55 inf
   52 T   -1  3 -2 -3 -2  3  0  2  0 -1 -2  0 -1 -2 -2  0  1 -4  0  1    2  18   1   0   1  14   5  14   2   3   3   4   1   2   2   5   8   0   3  12  0.23 inf
   53 C    1 -3 -4 -5  4 -4 -4 -3 -2  0 -1 -2  0  5  0 -1 -2 -3  3  2   13   1   0   0  10   0   0   1   1   5   3   2   2  25   5   4   1   0  11  16  0.55 inf
   54 A    2 -4 -3 -4  5  1 -3  3  0 -2 -1 -3  1  1 -4  0 -1 -4 -2 -2   21   0   0   0  13   6   0  26   2   2   6   0   4   6   0   6   2   0   1   2  0.49 inf
   55 K   -1  2  0 -2 -4 -2 -3 -1 -4 -5 -5  4 -1 -5 -4  5 -1 -5 -4 -4    4   9   4   2   0   0   0   3   0   0   0  30   2   0   0  41   3   0   0   0  0.88 inf
   56 R   -4  8 -1 -5 -6 -1 -3 -3 -4 -2 -5  1 -4 -1 -5 -4 -2 -5 -4 -5    1  72   3   0   0   2   0   2   0   3   1   8   0   3   0   0   3   0   0   0  1.71 inf
   57 T   -2  1  5 -2 -4 -1 -1 -2  2 -2 -2  3 -3 -4 -4  2  1 -5 -2 -4    1   8  29   0   0   2   3   2   5   3   3  17   0   0   0  15   9   0   1   0  0.56 inf
   58 G   -1  1  1 -1 -1  1  0  3  0 -2  0  0 -1 -2 -3  0  0  1 -1 -1    4   8   6   2   1   6   7  23   3   1  12   4   1   1   0   6   7   2   2   4  0.14 inf
   59 P    1 -1 -1 -1 -3 -1  1 -1 -1  2  0 -2  1  0  0 -2 -1  3  1  1   12   3   2   3   0   2  13   4   1  16  10   1   3   5   5   0   2   4   6   8  0.11 inf
   60 I   -3 -2 -4 -2 -1 -3 -2 -2 -3  3  4 -1  2 -2 -4 -3 -1 -3  1  1    1   2   0   3   1   0   3   3   0  17  40   5   6   0   0   1   4   0   5   7  0.44 inf
   61 L    0  1  0  3  0  0  1  0  0 -2 -2  0 -1 -3  0  0  1 -4 -2 -1    8   8   2  21   2   3   8   6   3   2   4   6   1   0   4   6  10   0   1   5  0.17 inf
   62 P    0  1 -1  1 -5 -2  3 -2 -3 -2 -3 -1 -1 -3  5 -1 -2  0 -2 -3    6   7   2   9   0   0  23   3   0   2   2   3   2   1  30   4   1   1   2   2  0.63 inf
   63 A    0 -1  3  3 -4 -2  1  1  0 -4 -3 -1 -1 -2 -3  0  1 -4 -1 -2    6   2  17  19   0   0  10  13   2   0   2   2   2   2   0   7   9   0   3   3  0.35 inf
   64 E   -1 -2  0  3 -4  1  4 -2 -1 -4 -3 -1 -4 -4  0  1  0 -5 -1 -3    4   2   5  18   0   5  34   2   1   0   2   3   0   0   4  11   7   0   2   2  0.55 inf
   65 D   -2  0  3  4 -4  0 -1 -1  3 -4 -3  0 -2 -4  0 -1  1 -4  0 -3    3   5  14  27   0   4   3   4   9   0   2   6   1   0   4   4   8   0   4   2  0.44 inf
   66 F   -3 -3  4 -3 -1 -2 -2 -3  0 -3 -1 -4  0  6  0  0 -2  2  1 -3    2   1  19   0   1   1   2   2   2   0   5   0   2  40   5   7   3   2   3   1  0.79 inf
   67 F   -1 -2  0 -4 -1 -2 -3 -3 -1 -1  0 -1  2  5 -4 -1  0 -2  4 -1    5   2   5   0   1   2   2   2   1   2  10   5   6  25   0   4   5   0  18   4  0.49 inf
   68 G   -1 -3  2  0 -5 -1 -2  4 -1 -4 -4 -2 -3  0  0 -1 -2  0  3 -3    5   1  11   6   0   2   2  37   2   0   1   2   1   4   4   3   2   1  13   2  0.57 inf
   69 Y   -1 -2 -5 -6  1 -2 -2 -5  1 -3 -2 -3 -2  4 -3 -2 -5  8  6  0    6   2   0   0   3   2   3   0   3   1   3   1   1  18   1   3   0  22  24   6  1.19 inf
   70 E    0  1 -1  0 -4  2  2 -3  4 -3 -3  2 -2 -3 -1  0  0  2  1 -1    8   8   2   4   0  10  14   0  12   1   2  11   1   0   2   5   6   2   5   4  0.30 inf
   71 I    1  1  1  0  0  0  0 -2  0  0  0 -1  0  0 -1  0  0 -1 -1  0   12   9   8   5   2   5   6   1   2   7  11   2   3   3   2   6   6   1   2   8  0.03 inf
   72 I    0 -2 -3 -4 -3 -3 -3 -3 -4  3  2 -1  0  0 -4 -3 -1  4  1  3   10   2   1   1   0   0   2   2   0  15  20   3   1   4   1   1   3   6   5  23  0.41 inf
   73 L   -1  1 -2 -3 -3 -1 -1 -3  0  2  1  0  3  0 -3 -1  0  2 -1  2    6  11   2   1   0   2   3   1   3  10  14   4   8   4   1   3   5   4   2  18  0.19 inf
   74 K    1  0  1  2 -4 -1  2  0  1 -3 -3  2 -3 -4  2  0  0  2 -2 -2   13   4   8  10   0   1  12   6   4   1   1  13   0   0   9   4   5   4   1   3  0.24 inf
   75 N   -1  2  0  1 -4  2  2 -2  4 -4 -2  3 -1 -4 -3  0 -1 -4 -1 -2    3  11   4   8   0  10  15   3   9   0   4  16   2   0   0   6   2   0   2   2  0.36 inf
   76 Y   -2 -3  0 -1 -4 -1 -2 -1  0  0  2 -2 -1  3 -2 -3 -2  4  5 -1    2   1   5   4   0   3   2   6   3   4  21   3   1  10   2   1   2   6  21   3  0.42 inf
   77 A    1  0 -1  0 -2  0  1 -2  0  0  0  1  0  0 -1  1  1 -3 -1  1   13   5   3   4   0   4   9   2   2   4   8   8   1   4   2  10   9   0   1  11  0.06 inf
   78 D    0 -1  0  3 -4  0  3 -1 -1 -2 -1  2 -2 -4  1 -1  0  0 -4 -3   10   3   3  17   0   4  18   4   1   3   6  13   1   0   6   3   5   2   0   1  0.28 inf
   79 S    0  0  1  0  1  2  0 -1  0  0 -1  1  0 -2 -1  0 -1 -2  3  0    6   5   7   4   4  10   4   3   1   6   6   9   2   0   3   7   3   0  12   7  0.09 inf
   80 I    1 -3 -2 -3  0 -2 -2 -1 -1  3  1 -2  1  1 -1 -2 -1  1  0  2   15   0   2   1   2   1   3   5   1  19  14   2   4   5   2   1   2   2   3  14  0.21 inf
   81 K    1  3  0 -1 -4  0  1 -2  0 -1  0  3 -1 -2 -1 -1 -1 -4 -3 -1   13  14   5   2   0   3  12   3   2   3   9  19   1   1   2   3   3   0   0   4  0.21 inf
   82 A    2  1  0  0 -3  0  1 -2  0 -1 -1  2 -1 -3 -1  0  0 -1 -1 -1   19   9   4   4   0   4  11   2   2   4   5  14   2   0   2   5   4   1   3   5  0.14 inf
   83 V    1 -2 -4 -3 -1 -3 -3 -3 -4  3  3 -3  0  0 -2 -2 -1 -4 -1  2   10   2   0   1   1   1   1   2   0  19  32   2   1   3   2   2   3   0   2  15  0.44 inf
   84 Q    0  3  0 -1  1  2  0 -2 -1 -1 -1  0 -1  2 -2 -2 -2  2  0 -1   11  17   4   3   3  13   7   2   1   3   6   4   2  10   1   2   2   3   3   5  0.18 inf
   85 D    0  0  1  0 -2  1  0  0  1  0 -1  0 -1  0  1  0  0 -3 -1  0    6   6   6   6   0   6   6   6   6   6   6   6   0   6   6   6   6   0   0   6  0.05 inf
   86 I   -1 -1  0 -2  2 -2 -2 -3  0  2  3  0  2  0 -2 -2 -1  2  1  0    6   4   5   2   5   1   2   1   2  11  28   6   5   4   1   2   2   4   4   3  0.17 inf
   87 M    0 -2  0 -2  3 -3 -3 -3 -1  1  2 -1  1 -1  0 -1 -1 -3  0  1   10   2   5   3   8   0   1   1   1   8  28   3   3   2   5   4   4   0   3   9  0.20 inf
   88 E   -1  0  0  1 -2  2  3  0 -2 -2 -2  3 -2 -2  1 -2 -1 -1 -1 -2    6   4   4   7   1   9  19   7   0   2   4  17   1   2   8   1   3   1   2   2  0.25 inf
   89 T    0  1  1  0 -1  1  1 -1  3 -1 -1  0 -1 -1 -1  0  1 -3 -1 -1    7  10   7   4   1   8   9   4   7   3   5   5   1   2   3   7  12   0   1   4  0.11 inf
   90 S    1 -1  0  1 -1 -1  0  0 -1  0  0  0 -1 -1  0  1  1 -3 -1  0   10   3   4   8   1   2   4   8   1   4  13   7   0   3   5  11   8   0   1   7  0.04 inf
   91 A    0  1  2  1 -1 -1  0  2 -2 -2 -1  0 -2 -1 -3 -1 -1  0  0  0    7   7  11   9   1   2   6  20   0   2   5   6   0   3   0   3   4   1   3  10  0.15 inf
   92 V    0 -1 -2 -1 -3 -1 -2 -1 -1  2  2 -2  0  1 -2 -1 -1  3  0  2    9   4   2   5   0   2   2   5   1  14  21   1   1   5   2   4   4   4   3  13  0.13 inf
   93 V    0  0  0  0 -2  0  1 -1  0  0 -1  0  0 -1  0  0  1 -1  1  1    5   6   5   6   0   4   9   5   2   8   4   7   3   2   3   4   9   1   6  12  0.04 inf
   94 S    0  1  2 -1 -3  1  0  0  2 -2 -2  0 -2 -3  0  2  0 -4  0 -1    7   9  13   2   0   5   7   8   5   2   3   6   1   0   5  15   5   0   3   4  0.16 inf
   95 Y   -1 -4 -3 -4 -3 -3 -3  1 -4  3  2 -4  1  1 -4 -3 -1 -3  2  3    5   0   1   0   0   1   2  10   0  18  17   0   2   6   0   1   3   0   7  24  0.43 inf
   96 Q    1  1 -1 -2 -1  2  1  0  1  1 -1  0 -1 -1 -3 -1  0 -3 -1  1   10   7   2   0   2  14  12   7   3   8   7   5   1   2   0   2   7   0   2   9  0.11 inf
   97 V   -4 -5 -5 -5 -4 -4 -2 -5  0  5  2 -5 -1  2 -5 -4 -3 -4  1  4    1   0   0   0   0   0   3   1   2  32  17   0   1   7   0   1   1   0   4  28  0.86 inf
   98 F   -3 -5 -2 -5 -2  2 -2 -4  2  0 -3 -5 -4  6 -5 -3 -3 -3  6 -4    3   0   3   0   1   9   3   2   4   6   2   0   0  38   0   1   1   0  26   0  1.25 inf
   99 G   -2 -7 -5 -6 -7 -6 -6  8 -6 -8 -8 -6 -7 -7 -6 -5 -6 -7 -7 -7    2   0   0   0   0   0   0  95   0   0   0   0   0   0   0   0   0   0   0   0  2.68 inf
  100 E   -5 -4 -5 -3 -7 -3  8 -6 -4 -2 -6  0 -6 -6 -5 -5 -5 -6  0 -6    0   0   0   0   0   0  85   0   0   3   0   5   0   0   0   0   0   0   3   0  2.23 inf
  101 F   -2 -5 -5 -6 -5 -5 -5 -2 -4  1  3 -5  0  2 -5 -5 -3  8  4  1    4   0   0   0   0   0   0   3   0   6  30   0   2   7   0   0   1  18  16   9  1.00 inf
  102 A    1 -4 -4 -1  3 -4 -4 -4 -3  1  0 -3  2  4  1 -3 -2  1  4  0   13   0   0   5   7   0   0   0   0   9   9   2   5  20   7   0   2   2  13   5  0.47 inf
  103 G   -2 -5 -1 -5 -5 -5 -5  7  4 -3 -6 -5 -5 -6 -5 -4 -3 -5 -5 -4    2   0   3   0   0   0   1  75  10   2   1   0   0   0   0   1   1   0   0   2  1.86 inf
  104 P    0  0 -2 -1 -5  1  0  2 -4 -4 -4  1 -4 -5  5  0 -1 -5 -5 -5    6   4   2   3   0   6   6  18   0   1   2   8   0   0  34   6   4   0   0   0  0.74 inf
  105 G   -1 -1  0 -1 -4 -2 -3  4  3 -4 -3  2 -3 -4  3  0 -1  2  0 -4    5   3   4   3   0   1   0  31   8   0   3  12   1   0  12   6   3   3   3   0  0.49 inf
  106 I   -3 -4 -5 -5 -4 -3 -3 -5 -2  6 -1 -2 -2 -3 -5 -3 -1 -5 -3  4    2   1   0   0   0   1   1   0   1  49   4   3   0   0   0   2   4   0   1  29  1.12 inf
  107 Q   -4 -1 -2 -4 -6  8 -3 -4 -1 -2 -3  1 -4 -6  2 -3 -5 -6 -5 -2    1   3   2   0   0  63   0   1   1   3   3   6   0   0  11   1   0   0   0   3  1.60 inf
  108 K   -3  2  0 -1 -5  0 -1 -1  4 -4 -4  5 -4 -5 -3 -1  1 -5  0 -3    1   9   3   4   0   4   2   5  10   1   1  43   0   0   1   3   9   0   3   2  0.73 inf
  109 N   -3  0  4  1 -5 -3  0  4  0 -3 -2  0 -2 -5 -4 -1  0 -5  0 -5    1   4  20   9   0   0   7  31   2   2   4   6   1   0   0   2   7   0   4   0  0.55 inf
  110 V   -1  1 -4 -2 -4 -1 -3 -3 -3  2  1 -2  1 -2 -2 -2 -1 -3  3  4    3  10   0   2   0   2   1   2   0  12  11   2   3   1   2   2   4   0  11  32  0.39 inf
  111 D   -1 -1  0  1 -2  0  0 -2  2 -3 -3  1 -4 -1 -1  0  0  3  6 -4    5   2   3   8   1   5   6   3   5   1   1   9   0   2   3   8   6   5  27   0  0.46 inf
  112 Y   -5 -5 -1 -6 -1 -1 -2  0 -3 -2  1 -5  0 -2 -6  0 -2 -3  8 -1    0   0   4   0   1   3   3   8   0   2  11   0   2   0   0   7   3   0  52   4  1.26 inf
  113 G    1 -1  0 -1  0 -2 -3  3 -2 -4 -3  0 -3  0  3  2  1 -4 -4 -2    9   2   3   4   2   1   0  27   1   0   2   6   0   4  13  14   7   0   0   2  0.39 inf
  114 D   -3 -1  0  4 -6  0  4 -1 -2 -5 -3  0 -5 -6  3 -3 -1 -1 -5 -4    2   4   3  27   0   4  25   4   1   0   3   5   0   0  16   1   4   1   0   1  0.73 inf
  115 K   -2  0 -1 -3  1  1 -2 -4  1  2  2  4 -1 -1 -1 -3 -1 -4 -1 -1    2   4   2   1   3   7   1   1   3  11  20  29   1   2   3   1   4   0   2   4  0.34 inf
  116 D    0  1  0  3 -5  1  3  1  4 -5 -3  1  0 -1 -2 -2 -2 -5 -3 -5    6   7   3  20   0   5  17  10  12   0   2   7   2   3   1   1   2   0   0   0  0.47 inf
  117 F   -6 -2 -3 -7 -6 -6 -7 -7 -5 -1  0 -6 -4  8 -7 -6 -6  4  5 -1    0   2   1   0   0   0   0   0   0   3   9   0   0  59   0   0   0   5  15   4  1.89 inf
  118 Y    1  1 -3 -6  1 -4 -4 -5 -1  0 -3 -2 -1  3 -6 -2 -3  3  7  0   11   9   2   0   3   0   1   1   1   5   1   3   2  12   0   3   1   3  38   6  0.92 inf
  119 V    3 -5 -5 -3 -2 -4 -5 -2 -5  2  2 -4  0 -2 -2 -2 -2 -5 -3  4   25   0   0   1   1   0   0   3   0   8  17   0   1   1   2   1   1   0   1  35  0.65 inf
  120 F   -7 -7 -7 -8 -7 -7 -7 -7 -5 -5 -3 -7 -5  9 -8 -7 -6  0  4 -5    0   0   0   0   0   0   0   0   0   0   1   0   0  83   0   0   0   1  13   0  2.92 inf
  121 D   -1  1  1  7 -2 -4  0 -3 -1 -6 -6 -4 -6 -4 -5 -2 -2 -7 -2 -4    5   7   7  62   1   0   6   1   1   0   0   0   0   1   0   3   3   0   1   1  1.42 inf
  122 I   -1 -6 -6 -6 -1 -4 -6 -5 -6  6  0 -5  2 -4 -6 -5 -2 -6 -5  4    5   0   0   0   1   1   0   1   0  47   5   0   4   0   0   0   2   0   0  32  1.30 inf
  123 I    1  1 -2 -3  0 -1 -2 -2 -2  1  0  1  1  3 -3 -1 -2  1  3 -1   15   8   2   1   2   2   2   3   0   7   7  12   3  14   0   3   0   1  12   4  0.23 inf
  124 V    1  0  0 -1 -1 -2 -2 -3  0  2  1 -2  0  0 -3 -1  0 -3  1  3   11   6   5   4   1   1   1   1   2  11  11   2   1   3   1   5   4   0   5  25  0.17 inf
  125 T    0 -1  2  1 -1  0  1 -2  1  1 -2 -1 -2 -1 -1  0  1  0  0  0    6   2  11   9   2   3  10   2   3  11   2   3   0   2   2   8  10   2   3   8  0.10 inf
  126 T   -1  0  1  2 -3  0  0  1  0  0 -2  0 -1  0  0  0  1  0  0  0    4   4   8  11   0   5   4  11   3   5   2   6   1   4   4   5   8   1   4  10  0.07 inf
  127 E   -1  0  0  3 -3  0  3  0 -1 -2 -2  2 -3 -3  0  0 -1 -3 -1 -2    6   5   5  15   0   4  19   7   1   2   3  13   0   1   5   6   4   0   3   2  0.26 inf
  128 S   -1 -2  1  3 -4  1  2  2  1 -2 -3 -1 -1 -1  0  0 -1  2 -3 -3    4   1   8  19   0   5  13  15   4   2   2   4   2   2   4   6   4   3   0   1  0.30 inf
  129 G   -1  1  1  1 -4  1  2  4 -3 -2 -2 -2 -3 -4 -2 -2  0 -4 -2 -1    5   8   7   9   0   5  14  28   0   2   3   2   0   0   1   2   6   0   1   5  0.35 inf
  130 D    0 -1  1  2 -3  0  2  0  0 -2 -2  0 -2 -2 -1  1  1 -3  1 -1    6   3   5  12   0   3  16   7   2   2   3   6   0   2   3   9  11   0   5   6  0.15 inf
  131 V   -1  0  0  0  0  1  1  0  0  0  0  0  1 -1  0  0  0 -2  0  0    3   4   4   5   2   7   9   8   2   8  10   4   5   2   5   5   4   0   4   9  0.02 inf
  132 T    0  2  1  0 -2  0  1 -2  1 -1 -1  1 -1 -1 -3  1  1  1  1 -1    5  13   6   4   1   3  10   2   3   3   5   8   1   3   0  11   9   2   5   5  0.10 inf
  133 Y   -2 -1 -5  0 -5 -3 -3 -6  0 -1  1 -3  1  4 -2 -3 -2  7  6 -1    3   4   0   5   0   1   2   0   2   4  11   1   3  14   2   1   2  15  27   4  0.91 inf
  134 V   -2 -3 -5 -3  0 -4 -2 -4 -1  1  4 -3  1  0 -1 -2 -1  1 -1  2    4   1   0   1   2   0   3   1   1   6  45   1   3   3   3   2   4   2   2  15  0.52 inf
  135 D   -1 -2  1  4 -5 -2 -1 -1  0 -3 -3 -1 -4  0  3  1 -1 -4  3 -3    6   2   7  24   0   1   3   4   2   1   2   3   0   4  14  13   4   0   9   2  0.43 inf
  136 D   -2 -1 -3  4 -5 -1  0 -4  2 -2 -2 -1 -4  3  1 -2 -2  5  2 -1    4   3   0  28   0   3   4   0   5   2   3   4   0  14   6   2   2   7   7   4  0.53 inf
  137 Y    1 -1  1  4 -4  0  2 -3  0 -2 -1  0 -2 -1  0  0 -1 -4  0 -1   10   4   5  22   0   2  15   1   2   1   6   5   1   3   3   8   3   0   3   5  0.25 inf
  138 M    2 -2 -1  2 -4  1  3 -1 -1  0 -1  0  1  0 -3  0  0 -4 -3 -1   16   1   3  11   0   5  20   4   2   5   6   4   5   4   0   4   5   0   0   5  0.19 inf
  139 M    1 -2 -4 -4 -1 -1 -3 -4 -2  0  2 -3  4  1 -3 -2  0  0  0  3   12   2   0   1   1   2   1   0   1   4  18   1  10   6   1   1   5   1   3  26  0.38 inf
  140 E    0  1  0  0 -4  2  3 -2 -1 -1 -1  2 -1 -4  1 -1 -1 -5 -4 -1    7   7   5   3   0  10  23   2   1   4   8  11   1   0   7   2   3   0   0   4  0.27 inf
  141 S    1  0 -1  1 -3  1  2 -2 -1  0  0  0 -2  0  0  1 -1 -3 -1 -1   13   4   3   7   0   7  13   2   1   7  11   7   0   4   5   9   2   0   2   4  0.09 inf
  142 F   -2 -3 -4 -3  1 -3 -1 -3 -4  2  2 -4  1  5 -5 -2 -2  3  2  1    4   1   0   2   3   1   5   2   0  12  21   0   3  23   0   2   2   3   6  10  0.48 inf
  143 C    2 -1 -3 -3  6 -1 -1 -4 -4 -1  1  0 -2  2 -3  0 -1 -4  0  0   17   3   1   1  21   3   4   0   0   2  15   6   0   8   1   5   2   0   3   6  0.43 inf
  144 N    0  1  2  0 -4  2  3 -2  1 -1 -2  2 -3 -2 -2  0  0 -4 -1 -2    6   7   9   4   0   8  21   2   3   4   4  11   0   2   2   7   4   0   2   3  0.23 inf
  145 T    1  0  0  1 -1  1  2 -2  2 -1 -2  0 -2 -1 -2  1  0 -4 -1  1   10   6   3  10   1   5  13   3   5   4   2   4   0   2   1  10   7   0   2  12  0.12 inf
  146 F    0 -1 -1 -1  0 -1 -1  1  2 -1  2 -2  0  1  1 -1 -1 -3  0  0    8   3   3   3   2   2   2  12   5   2  21   0   2   7   7   4   3   0   4   8  0.09 inf
  147 K   -2 -1  1  0 -5  0  0  5 -1 -1 -2  0  1 -3 -5 -2 -4 -5 -5 -4    2   3   8   4   0   4   5  50   2   4   5   5   4   1   0   2   0   0   0   0  0.79 inf
  148 F   -4 -2 -5 -2 -4 -3 -5 -6 -5  1  5 -5  3  4 -5 -3 -4 -1 -3  1    0   3   0   3   0   1   0   0   0   7  50   0   6  17   0   2   0   1   0   7  0.93 inf
  149 K   -2  1  0  0 -2 -1  0 -2  0 -3  0  3 -1  1  3 -2 -2 -1  0 -2    1   7   4   6   1   2   6   3   2   0  11  21   1   6  16   2   1   1   3   3  0.28 inf
  150 M   -1 -1 -3 -1  0 -1 -2 -3  3  0  0 -3  3  0 -2 -1  2  2  4  1    6   3   0   3   2   3   2   2   7   5   9   0   8   3   2   3  12   3  17  10  0.27 inf
  151 A    4 -4 -3 -3 -2 -2  0 -2 -1  0 -2 -2 -3 -4 -1 -2  0 -5 -2  4   33   0   1   1   1   2   5   2   1   5   2   2   0   0   3   1   6   0   1  31  0.57 inf
  152 P   -2  1 -3 -1 -6 -2  0 -5  0 -3 -4  2 -5 -6  7 -4 -4 -6 -5 -5    3   8   1   4   0   1   5   1   2   2   2  11   0   0  59   1   0   0   0   0  1.58 inf
  153 L    0  0 -2 -2 -2  0  0 -3 -3  2  1 -2  0  0  1 -2 -1  0  0  2    9   5   1   2   1   4   8   1   0  11  15   0   2   3   8   1   4   2   4  20  0.18 inf
  154 L   -4 -3 -1 -3 -4 -4 -3 -5 -2  3  4 -4  2  3 -3 -4 -3 -3  1  0    1   2   3   1   0   0   2   1   1  17  43   1   4  11   1   1   1   0   5   5  0.69 inf
  155 G    0 -2 -1 -2 -3 -1 -1  2  1 -1 -1 -1 -1  3 -3  0 -1 -1  4  0    8   2   2   2   0   2   5  16   3   4   4   4   1  11   1   6   3   1  17   8  0.22 inf
  156 R   -2  4 -2 -2  0  0  2 -4 -2  1 -1  0  0 -3 -3 -1  0  0  1  0    2  28   1   2   2   4  13   1   1   9   7   4   2   0   1   3   6   2   5   8  0.33 inf
  157 G   -1 -2 -1  0 -1 -3 -3  6 -1 -4 -1 -3 -2 -4 -2 -2 -2 -4 -4 -1    3   2   3   5   1   1   2  60   1   1   6   1   1   1   2   2   3   0   0   5  0.98 inf
  158 K   -1  0  0  0 -3  0 -1 -3 -3 -2 -1  2 -2 -3  3  1  4 -4 -1 -1    4   4   3   5   0   4   4   1   0   2   6  12   1   1  13   9  26   0   3   3  0.33 inf
  159 F   -3 -1 -4 -4 -4 -4 -2 -4 -3 -1  3 -3  1  6 -3 -4 -3 -2  5 -2    2   3   1   1   0   1   2   2   0   2  25   1   3  32   1   1   1   0  17   2  0.89 inf
  160 E    0 -1  0  4 -3  0  2  0 -1 -1 -3  0 -3 -3  0  1  0 -4 -2 -3    6   3   4  24   0   3  15   7   1   3   2   7   0   1   4  11   4   0   2   1  0.33 inf
  161 E   -1 -1 -2  4 -4  2  5 -1  1 -4 -3  0 -1 -4 -3 -2 -2 -4 -2 -3    4   3   1  21   0   7  34   4   4   1   2   6   2   1   1   2   2   0   2   2  0.62 inf
  162 L    1 -2 -1 -1  4 -2 -2 -2 -2  1  1 -2  1  1 -1 -1 -1  1  0  1   16   2   3   3  11   1   1   1   1  10  16   1   4   6   3   4   3   2   2  11  0.19 inf
  163 I   -1  0 -2 -2 -1 -1 -1 -2 -2  2  2 -2  1  1 -2 -2 -1  2  0  1    6   5   2   2   1   2   5   2   0  13  26   2   4   5   1   1   3   3   4  11  0.17 inf
  164 K    2 -1  1  1 -3  2  2 -2 -2 -3 -2  2 -2 -3 -1  1  0 -3 -3 -2   18   2   6   7   0   8  14   2   0   1   3  16   1   1   2  10   5   0   1   3  0.25 inf
  165 L   -2 -2 -3 -2 -3 -1 -1 -3  0  1  2 -1  2  4 -3 -1 -2 -2  3  0    2   1   1   2   0   3   5   2   2   7  23   5   5  17   1   4   1   0  12   6  0.30 inf
  166 P   -1 -3  1  4 -4 -2  0 -3 -1 -3 -3 -1 -3 -1  5  0  0 -4 -3 -2    5   1   8  23   0   1   5   1   1   1   3   4   0   3  28   6   5   0   1   3  0.62 inf
  167 N   -1 -2  2 -1 -1 -1 -1 -3  0  2  0 -2 -1  0  1  0  0 -3  0  2    5   2  10   4   1   2   4   1   3  14   6   2   0   4   8   6   5   0   3  21  0.15 inf
  168 D   -1  0  0  3 -3  0  3  0  0 -2 -2  0 -2 -2  0 -1 -1 -4 -2  0    4   6   4  21   0   3  21   7   2   1   2   4   1   2   5   4   4   0   1   7  0.28 inf
  169 L   -2 -2 -2 -2 -3 -2 -2 -3 -3  1  1 -3  0  6 -3 -1 -1  0  3 -1    3   2   2   2   0   1   3   2   0   8  15   2   1  36   1   4   3   1   8   4  0.59 inf
  170 D   -2 -1  2  3 -3  1  2 -1  0 -2 -2  0 -2 -1  0 -1  0 -3 -2 -1    2   2  13  18   0   8  16   5   2   1   3   5   1   3   5   3   5   0   1   6  0.25 inf
  171 S   -1 -2 -1 -2 -3 -1  2 -2  0 -3 -3 -2  0 -2 -3  4  4 -4 -1 -2    4   2   2   1   0   2  11   2   2   1   2   1   2   1   1  37  23   0   2   2  0.61 inf
  172 V   -1  0 -1 -2 -2 -1 -1 -2  0  1  0  0  0 -1  1 -1  1 -3  0  2    5   6   4   2   0   2   4   3   2   9  10   6   2   3   7   1  13   0   4  18  0.09 inf
  173 V   -1 -3 -3 -2  0 -3 -2 -2 -3  3  2 -3 -1 -1 -2 -2 -1 -3 -1  4    3   1   1   2   2   1   2   3   0  19  24   2   0   2   2   3   2   0   2  28  0.45 inf
  174 Q    0 -1  1 -2 -3 -1  0  1 -3 -3 -2  0  0 -2  5 -1 -1 -3 -2 -1    8   3   7   2   0   2   6   9   0   2   4   7   2   2  33   4   4   0   2   4  0.52 inf
  175 D    2 -1 -1  1 -3  0  2  1  1 -1 -2  0 -2 -3  0  0 -1  0 -2 -1   18   2   2  10   0   4  18   9   3   5   4   5   0   1   4   7   1   1   1   4  0.17 inf
  176 Y    1 -1 -2 -2 -2  0 -1 -1  1  0  1 -1  1 -1 -2  0  0  0  3  0   12   4   1   1   0   4   4   4   3   4  18   3   5   1   2   8   7   1  14   5  0.13 inf
  177 N    0 -1  4  0 -1 -1 -1 -1 -1  0  0  0 -1  0 -1  0 -1 -1 -1  0    6   2  22   5   2   3   3   5   1   4  13   4   1   5   4   4   3   1   2   9  0.12 inf
  178 F    0 -1  0  0 -1  1  1  2  1 -2 -1  0  0  1 -1  0 -1  1  1 -2    8   2   3   4   2   6  12  17   3   2   6   6   2   8   3   5   3   2   4   1  0.10 inf
  179 T    0  1  0 -1 -2  0  0  0 -2  1  1 -1  2 -1  1 -1  1 -1 -1 -1    7   8   4   3   0   3   6   7   0  10  17   3   6   2   6   2   9   1   3   2  0.05 inf
  180 V    0 -2  0  1 -2  0  1  0 -2  0  0 -1 -1 -1  1 -1  1  0 -1  1    6   1   4   7   0   4  12   9   0   5  10   2   0   2   8   3   9   2   2  12  0.07 inf
  181 D    0 -1  1  2 -2 -1  1 -1  0 -2 -1  1 -1 -1  0 -1  0  1 -1 -1    9   1   9  16   0   2   9   5   3   2   7  10   1   2   5   3   6   2   2   5  0.12 inf
  182 H   -1 -1 -1  0 -1  0  1 -1  0  1  1  0  0  0 -1  0 -1  0  1  0    4   3   3   5   1   2  11   6   2  10  18   5   1   4   2   5   3   1   6   6  0.03 inf
  183 A    0 -2  0  1 -2  0  1 -1  0 -1 -1 -1  0 -1  3  0  0  0  0  0    8   2   3   7   0   3  11   4   2   3   5   3   3   2  18   8   6   1   3   8  0.18 inf
  184 G    0  0 -1  1 -2  0  1  2  0 -1 -1  0 -1 -1 -1  0  0  0  0 -1    5   4   2   7   1   3  12  20   2   3   7   6   1   3   3   5   6   1   4   4  0.10 inf
  185 L    0  1 -1 -1 -1  1  0 -1 -1  0  1  0  0  0 -1  0  0 -1  0  0    7   9   3   2   1   6   7   4   1   6  17   4   2   4   2   5   8   1   3   8  0.03 inf
  186 V    0 -1 -2 -1 -1 -1  0 -1 -1  1  1 -1  0  0  1 -1  0  1  0  2    6   2   1   2   1   3   7   3   2  11  11   4   2   3   7   4   6   2   3  18  0.06 inf
  187 D    0  0  0  1 -2  0  1  0 -1 -1 -1  0 -1 -1  1  0  0 -2 -1  0    5   4   5   8   1   4  13   6   1   4   6   6   2   3   6   7   7   0   2   9  0.06 inf
  188 A    0  0  0  1  0  1  1  0 -1 -1 -1  0 -1  0  1  0 -1 -2 -1  0   10   3   5   9   2   6  10   6   1   4   8   7   1   4   6   6   2   0   3   7  0.05 inf
  189 N    0  0  3  0 -2  1  1  1 -1 -1 -1  0 -1 -1  0  0 -1  0 -1 -1    6   5  18   4   1   5  12   9   1   4   8   4   1   3   4   5   3   2   2   5  0.12 inf
  190 K    0  1  1  0  1  0  0  0 -1 -1  0  1  1 -1 -1  1  0 -2 -2 -1    8   7   7   4   3   2   5   7   1   3  12  13   4   2   2  10   4   0   1   4  0.05 inf
  191 C    0 -1  0  0  2  0  0 -1  0  0  0  0  0  0  1  0  0  0  1  0    7   2   4   6   6   4   6   4   2   7   8   5   2   5   6  10   3   1   6   6  0.03 inf
  192 V    0  0 -1  0  1  0  0  0 -1  0  0  0  0  0  2  0  0  0  0  1    6   7   1   5   5   3   4   6   2   4  10   4   2   6   9   5   4   1   3  12  0.03 inf
  193 W    1  0 -1 -1 -1 -1 -1  0  0 -1  0  0  0  1  1 -1 -1  4  1  0   12   7   3   3   1   2   4   8   3   2  10   6   3   6   6   3   4   7   4   5  0.08 inf
  194 N    0  0  0  0 -2  1  0  0  1  0  0  0 -1  0  0  0  0 -2  0  0    5   3   4   7   1   6   6   8   5   5   7   8   1   3   4   6   5   0   5  11  0.03 inf
  195 A    1  0  0 -1 -1  0  0  2 -1 -1 -1  1 -1 -1  1  0  1 -2 -2  0   13   5   4   2   1   3   5  15   1   4   7   8   1   3   8   5   8   0   1   5  0.07 inf
  196 E    0  1  0  0 -2  1  0 -1  1 -1  0  1  0  0  0  0  0  0 -1  0    6   7   4   6   1   7   6   4   3   3  12  12   2   4   5   4   5   2   1   7  0.04 inf
  197 A    0  0  0  1 -2  0  0  0  0  0 -1  0  0  0  1  0  0 -2  0  0    8   5   4   8   1   2   6   7   3   5   6   6   3   4   7   8   6   0   4   8  0.03 inf
  198 K    0 -1  0  0 -2  1  2  0 -1  0  0  0 -1  1  0 -1  0 -2  0  0    7   2   4   4   1   5  19   8   1   5   9   7   1   6   4   3   6   0   2   6  0.07 inf
  199 G   -1  0 -1  1 -3 -1  0  4 -1  0 -1 -1 -2 -1  0  0 -2  1  0 -2    3   4   3   8   0   3   6  31   1   5   8   4   1   2   5   6   1   2   4   2  0.25 inf
  200 E   -1 -1  0  1 -2  0  2  1 -1  0 -2  1 -2 -2 -1  0  0 -3  0  0    4   2   5   9   1   4  15  10   1   6   2  10   0   1   2   6   7   0   4   9  0.12 inf
  201 V   -1 -2  0  3  0 -2  1  0  1 -2 -1  1 -2 -1 -1  0  1 -3 -2  0    4   1   3  20   2   1  11   8   3   1   7   8   0   2   3   8   9   0   1   6  0.17 inf
  202 F   -3 -1  5 -1 -1 -2 -1  1  3 -3 -2  1 -3  1 -3 -1 -1  0 -1 -1    1   3  34   3   1   1   3  11   7   1   4   8   0   6   1   3   4   1   2   5  0.50 inf
  203 T   -1  1 -3 -2  0 -2 -2 -3 -1  3  2  0 -1 -1 -1 -2  1  2 -1  2    4   9   0   2   2   1   2   1   1  20  19   5   1   2   3   2   8   3   2  13  0.23 inf
  204 A    3  2 -3 -2  2 -1 -3  3 -3 -1 -3 -1 -1 -3 -2 -1 -3 -4 -4 -1   30  14   1   2   4   3   1  23   0   3   2   3   1   1   2   4   1   0   0   4  0.47 inf
  205 E   -5 -5 -3 -1 -7 -2  8 -6 -5 -7 -6 -2 -6 -7 -4 -3 -3 -7 -6 -5    0   0   1   3   0   1  86   0   0   0   0   2   0   0   1   1   2   0   0   1  2.25 inf
  206 G   -2 -6 -5 -5 -6 -6 -6  7 -2 -7 -7 -6 -6 -7 -3 -4 -2 -6 -7 -7    3   0   0   0   0   0   0  88   1   0   0   0   0   0   2   0   2   0   0   0  2.32 inf
  207 Y   -4 -4 -1 -5 -4 -3 -5 -6 -2  4  2 -5 -2  1 -3 -4 -1  0  3  4    0   1   4   0   0   1   0   0   1  25  20   0   0   4   1   0   3   1  10  27  0.76 inf
  208 V   -3 -4 -7 -7 -2 -6 -7 -7 -7  2 -2 -6 -4 -3 -4 -6 -3 -7 -6  7    2   1   0   0   1   0   0   0   0   8   2   0   0   1   1   0   1   0   0  82  2.04 inf
  209 L    0 -3 -6 -4 -1 -5 -5 -6 -5  4  2 -5  2  1 -5 -5 -4  5  0  3    7   2   0   1   1   0   0   0   0  27  19   0   6   5   0   0   0   7   2  22  0.79 inf
  210 K   -2  5 -4 -3 -6  0 -2 -5 -1 -3 -3  6 -3 -6 -5 -1 -1 -6  0 -3    2  29   0   1   0   3   1   0   1   1   3  45   1   0   0   4   3   0   3   2  1.16 inf
  211 P   -1 -4 -2 -3  1 -3 -2 -4  1 -1 -3 -1 -2 -2  7 -1 -1 -5 -2 -2    4   1   2   2   3   1   2   1   4   4   3   4   1   2  54   4   3   0   2   3  1.23 inf
  212 C    1  0  0  0  1 -2 -1 -3 -3  1  1  0  1 -2 -2 -2  0 -3 -1  2   11   4   5   5   3   0   4   1   0   9  17   6   4   1   1   1   6   0   2  18  0.15 inf
  213 Y   -1  2  1  0 -2  0 -1 -2  1 -1 -3  1 -2 -1 -1  0  1 -3  1  2    5  14   8   4   1   4   3   2   3   3   1   8   1   3   3   5   9   0   6  17  0.15 inf
  214 P   -2 -1  0  2 -5 -3  4 -1 -4 -5 -4  0 -4 -5  5 -1  1 -5 -3 -4    2   2   4  13   0   0  25   5   0   0   2   5   0   0  27   5   8   0   1   1  0.73 inf
  215 S    1  2 -1  0 -3  0  0 -1  1  0 -1  0  1 -2 -1  1  0 -3  0  0   11  16   3   4   0   3   7   4   4   7   4   6   4   2   2  11   4   0   3   6  0.10 inf
  216 W   -3  1 -2  0 -4 -2 -2 -3  2  0 -2 -2 -2  5 -3 -1  0  3  4  0    1   9   1   5   0   1   2   2   6   5   3   2   1  25   2   5   5   3  16   6  0.50 inf
  217 L   -1 -1  0  0 -3 -2  0 -2  1  0  2 -1  1  2 -3  1  0 -3 -1  0    3   2   4   7   0   1   6   3   3   4  22   4   4  12   0  13   4   0   1   7  0.13 inf
  218 R   -1  2 -1  0  2 -1  2 -1  1 -4 -1  2 -4 -4  4  0 -3 -5 -3 -2    5  10   2   5   5   1  15   5   4   0   6  11   0   1  18   7   1   0   1   3  0.35 inf
  219 N   -1 -1  4  1 -1  0  1 -1  1 -2 -3  0 -3 -1 -2  0  2 -1 -1  0    3   3  24   8   1   3   8   4   3   1   1   7   0   3   2   4  13   1   2   7  0.30 inf
  220 G   -2 -3 -1 -1 -1 -1 -2  5 -1  0 -3  1 -1 -4 -2  0 -2 -4 -1 -1    2   1   3   3   1   2   2  46   1   6   2  11   1   0   2   6   2   0   2   5  0.62 inf
  221 N   -1  1  2  0 -3  1  1  2 -2 -3 -2  1 -1 -2 -1  1 -1 -4 -2 -1    3   8  12   4   0   5   9  16   0   0   5   9   1   1   3  13   4   0   1   5  0.20 inf
  222 R   -3  7 -1 -2 -5  1 -1 -1  1 -3 -4  0 -1 -1 -2 -1 -3 -5 -3 -3    2  55   2   2   0   6   4   5   3   2   1   4   2   3   2   4   1   0   1   2  1.03 inf
  223 V    2 -3 -3 -4 -1  0 -2 -3 -1  1  1 -1  0 -1  1 -1  1 -4  0  3   16   0   0   0   1   5   2   1   1   6  13   4   2   3   8   2  10   0   4  21  0.22 inf
  224 A    2 -4 -4 -3 -2 -2 -2 -2 -1  4  0 -2  0  1 -4  1 -1  2 -3  1   16   0   0   1   1   1   2   3   1  30   9   2   1   7   0  10   2   3   0   9  0.38 inf
  225 I   -1 -5 -5 -2 -4 -5 -5 -4 -5  4  1 -5  1  5 -2 -4 -1  0 -2  2    6   0   0   3   0   0   0   1   0  24  15   0   3  27   2   1   3   1   0  13  0.76 inf
  226 K   -6 -3 -2 -6 -8 -1 -2 -4 -6 -8 -8  8 -7 -8 -6 -4 -6 -8 -7 -8    0   0   2   0   0   2   1   1   0   0   0  93   0   0   0   1   0   0   0   0  2.65 inf
  227 C    1  0 -1 -2  3 -1 -2 -3  2  0 -1  1 -1 -1 -3  0  0 -4  2  2   12   6   3   1   6   1   2   1   7   5   6  12   1   2   0   8   5   0   7  16  0.16 inf
  228 K   -5 -1 -3 -3 -6 -1 -1 -4 -2  2 -3  7 -5 -6  0 -3 -4 -7 -6  0    0   2   1   1   0   2   3   1   1  12   2  63   0   0   6   1   0   0   0   6  1.30 inf
  229 N   -3 -4  5 -2  2  0 -2  1  0  1 -3 -3 -4 -3 -5  2  3 -5 -2 -2    1   0  32   1   4   5   1  10   2   8   2   0   0   1   0  14  16   0   1   2  0.65 inf
  230 S    0 -2  1  3 -5 -2  2 -4 -3 -5 -4  1 -4 -5  4  1  1 -5 -5 -2    7   2   6  17   0   1  14   0   0   0   2   9   0   0  20  12   8   0   0   2  0.55 inf
  231 K    1  1 -2  0 -5  1  2 -4 -3 -3 -4  5 -2 -5 -4  0 -2 -5 -4 -1   12   6   1   6   0   7  13   0   0   1   1  39   1   0   0   6   1   0   0   5  0.65 inf
  232 F   -1 -4 -5 -6 -5 -1 -5 -4  3 -2 -2 -4 -2  8 -3 -3 -3  2  3 -2    6   1   0   0   0   3   0   1   6   2   3   1   1  56   1   2   1   2   9   2  1.41 inf
  233 E   -1  0  0  0 -4  1  3 -2 -1 -1  1  1  1 -3 -1  1 -1 -4 -3 -1    4   3   5   5   0   7  20   2   1   3  14   9   4   0   3  12   3   0   0   5  0.18 inf
  234 L   -2  0 -2  0 -1  0  4 -4 -3 -1  3  0  1  0 -4 -2 -2 -4 -1  0    3   4   1   4   1   3  28   0   0   1  30   4   3   3   0   2   2   0   2   7  0.40 inf
  235 S    0  0  1  1 -3  0 -1  0 -1 -1 -1  2  0 -4  1  1  1 -4 -3 -1    5   4   5   7   0   3   2   5   1   4   6  19   3   0   8  14  10   0   0   3  0.18 inf
  236 E   -3  0 -1  2 -1  4  4 -4  1 -3 -4  2 -4 -3 -1  0 -3 -5 -3 -3    1   4   2   9   2  16  34   0   3   2   1  13   0   1   3   6   1   0   1   1  0.66 inf
  237 A    0 -1 -1  0 -3 -1  3 -2 -1  0 -1  1 -1  0 -1  0  0 -4 -2  1    8   2   3   4   0   1  21   2   1   6   7  11   1   4   2   8   6   0   1  12  0.14 inf
  238 D   -2 -1 -1  4 -5  1  1 -1 -1 -1 -1  0 -3  0  1 -1 -3 -5 -3  1    2   3   1  31   0   7   7   5   1   2   6   7   0   5   7   5   0   0   1  10  0.33 inf
  239 N   -1 -1  1  1 -3  1  2 -2  0 -1  0  2  1 -3 -2  1  0 -4 -3  0    5   1   5   7   0   4  15   2   3   4  13  16   4   0   1  10   4   0   0   6  0.15 inf
  240 K    1  1  1  1 -4  1  2 -1 -2 -2 -3  2 -1 -4 -1  1  1 -2 -3 -1   11   6   7   7   0   7  15   3   0   1   1  13   1   0   2  10   9   1   0   4  0.23 inf
  241 L    2 -1 -2 -3  2  0  0 -1 -3  1  2 -1  1 -3 -2  0 -2 -4 -3  1   18   3   2   0   4   3   5   3   0  10  25   4   3   0   1   6   1   0   0  11  0.19 inf
  242 V   -1  0  0  0  2  0  0 -1  2  0 -1  0  1  0 -3  0  0  3  1  0    5   5   5   5   5   5   5   5   5   5   5   5   5   5   0   5   5   5   5   5  0.06 inf
  243 G    0  0  1  1 -4  1  1 -1  1 -1 -2  0 -3 -1  0  0  0  2 -3 -1   10   5   8  10   0   8  11   4   4   3   4   6   0   3   4   6   6   4   0   4  0.13 inf
  244 I   -1  0  2  1 -4  1  2 -3  1  0  0  0  0  1  0 -1 -1  3 -2 -1    5   4   9   9   0   5  17   0   4   5  10   4   3   8   4   2   4   4   0   3  0.15 inf
  245 L    0 -3 -4 -4 -3 -3 -4 -2 -4  3  2  0  1  3 -4 -3 -1 -3 -2  3    8   0   0   0   0   0   0   2   0  21  19   7   3  12   0   0   2   0   0  24  0.44 inf
  246 A    1  0 -1 -1 -1 -1  3 -1 -1 -1  1  0 -1  0 -1  0  0 -3 -2  0   12   6   2   2   1   1  22   3   1   1  19   7   0   4   2   7   4   0   0   5  0.13 inf
  247 C    2  2  2  1  2  0  1 -1  1 -3 -3  0 -2 -4 -1  0  0 -4 -1 -3   21  14  10   9   5   4  10   3   4   0   2   3   1   0   2   6   5   0   2   0  0.25 inf
  248 Y   -2 -3  0 -5 -4 -4 -4 -5  3 -3  1 -4 -3  3 -5 -3 -2  3  7 -1    4   1   4   0   0   0   0   0   6   0  17   0   0  13   0   2   2   4  41   4  1.01 inf
  249 V    0 -4  0 -5  1 -4 -4 -5 -5  4  1 -4  0 -3 -4 -2  0 -5 -4  5    6   0   5   0   4   0   0   0   0  21  10   0   1   0   0   2   4   0   0  45  0.75 inf
  250 T   -4 -4  3 -4  2  0 -1 -3 -5 -5 -5 -4 -4 -6 -5  0  7 -6 -5 -4    0   0  13   0   5   4   3   2   0   0   0   0   0   0   0   5  68   0   0   0  1.47 inf
  251 L   -2 -1 -1  2 -5  1  4 -2 -3 -4 -2  3 -3 -5  2 -2  0  0 -4 -1    3   2   2  10   0   4  29   3   0   0   5  17   0   0  11   1   7   2   0   4  0.44 inf
  252 N    2 -1  5  0 -4  3 -1  0 -2 -4 -4 -2 -1 -5 -1  1  0 -5 -4 -4   19   3  33   5   0  13   1   8   0   0   0   0   2   0   2   7   4   0   0   0  0.59 inf
  253 R   -5  8 -4 -5 -6 -3 -4 -5 -4 -6 -3 -2 -4  0 -5 -1 -4 -5 -4 -5    0  85   0   0   0   0   0   0   0   0   3   0   0   5   0   4   0   0   0   0  2.10 inf
  254 V   -2 -4 -5 -5 -3 -4 -5 -5 -4  1  4 -4  1  3 -5 -4 -3 -3  1  4    2   0   0   0   0   0   0   0   0   5  43   0   3  12   0   0   0   0   4  30  0.81 inf
  255 N    1  0  3  1 -3  1  3 -2 -1 -2 -2  1 -1 -4 -3  1 -1 -4 -2 -1   10   5  18   6   0   7  19   1   1   1   2   6   1   0   0  14   2   0   1   5  0.31 inf
  256 N   -1 -2  6 -2 -4  2 -1  0  1 -5 -5  2 -4 -5 -4  2 -2 -5 -4 -4    5   0  42   0   0   8   4   7   4   0   0  12   0   0   0  15   2   0   0   0  0.84 inf
  257 V    1 -2 -2 -4 -3  0 -2 -1 -4  1  0 -3  0 -1 -3 -3 -2 -4 -3  5   15   2   2   0   0   4   3   6   0   7   5   1   2   3   0   1   1   0   0  48  0.52 inf
  258 I   -1 -2 -3 -4  0 -2 -2 -4 -3  3  3 -3  0 -1 -3 -2 -2 -3  0  2    5   3   1   0   2   1   2   1   0  21  35   1   1   2   0   3   1   0   3  17  0.42 inf
  259 S    0 -3  0  1 -3  0  0 -1  2 -4 -3 -2 -3 -3 -3  5 -1 -4  1 -3    5   1   2   7   0   3   6   4   5   1   3   1   0   0   1  54   3   0   5   1  0.67 inf
  260 K   -3  1 -2 -3 -4 -1  1 -3  4 -4 -4  6 -3 -4 -3 -2 -3 -4  0 -2    1   4   1   1   0   1   8   1   9   1   1  61   0   1   1   1   1   0   4   3  1.05 inf
  261 I   -1 -2 -2 -3 -1 -3 -3  0 -1  4  2 -3  2 -2 -3 -2 -1  0 -1  2    3   2   2   1   1   1   1   7   1  31  25   1   7   1   1   2   2   1   2  11  0.39 inf
  262 G   -1 -1 -2  2 -4 -3 -1  6 -4 -2 -3 -1 -4 -4 -2 -2 -2 -4 -2 -2    4   3   1  11   0   0   4  57   0   2   2   4   0   0   2   1   2   0   2   3  0.86 inf
  263 E   -1  1  1  2 -4  1  3 -3 -2  0 -2  1 -2 -1  0 -1 -1  0 -3 -1    3  10   7  13   0   4  27   1   0   7   3   7   0   4   4   3   4   1   0   4  0.27 inf
  264 I   -2 -2 -2 -2 -3 -2  0 -4 -3  2  2 -3  1  1  2 -2 -1 -3  0  3    1   2   2   2   0   0   6   1   0  10  26   1   4   5  10   1   3   0   2  23  0.29 inf
  265 G   -1 -2  0  3 -3 -1  3  1 -1 -1 -2  0 -2 -1 -2  1  2 -3 -2 -1    3   0   3  16   0   0  20  12   1   3   3   4   0   3   0   8  18   0   1   5  0.27 inf
  266 P    0  0  0 -1 -3  2  1 -2 -2  0  0  0 -1  0  3 -1 -1 -3 -2 -1    9   6   4   2   0  10  12   2   0   8  10   7   1   4  16   2   3   0   0   3  0.18 inf
  267 K    0  0  0  0 -4  2  2 -1  0 -4 -3  4 -3 -4 -1  1 -1 -4 -3 -2    6   3   4   5   0   8  13   4   2   0   2  34   0   0   2  11   1   0   0   3  0.42 inf
  268 D   -3  0  4  5 -5  1  1 -2 -2 -2 -2 -1 -1 -4 -4 -1 -3 -5 -4 -2    0   5  21  36   0   7   7   2   0   2   5   3   2   0   0   4   0   0   0   4  0.66 inf
  269 F   -2  1 -3 -3 -3  0 -1 -4  0  2  0  0  4  5 -2 -2  1  0 -1 -1    3   7   0   0   0   4   3   1   3  14   6   6  12  26   2   1   9   1   0   3  0.35 inf
  270 G    0 -2  0  1 -4  0  1  4 -3 -4 -4  0  0 -3  1 -1 -2 -4 -4 -4    6   1   4  10   0   4  11  40   0   0   1   7   3   1   7   4   0   0   0   0  0.53 inf
  271 K    0  1 -1  0 -3  2  1 -2 -2  0 -1  4  0 -3 -1  0 -2 -4 -3  0    6   7   2   4   0   8   9   2   0   7   7  30   3   0   2   5   0   0   0   6  0.26 inf
  272 V   -2 -4 -1 -4  1 -4 -4 -5 -4  3  3 -4  1  2 -4 -2 -1 -4 -2  3    2   0   3   0   3   0   0   0   0  21  26   0   2   9   0   2   3   0   0  27  0.56 inf
  273 M    0  0  1  0 -2  1 -1 -2 -1  0  0 -1  2  1 -2  0  0 -2  1  0    8   8   7   8   0   7   0   1   0   8   8   0   7   7   0   8   8   0   7   8  0.06 inf
  274 G    0  0  0  0 -4  1  2  3 -2 -3 -2  3 -3 -3 -3 -1 -1 -3  0 -3    7   2   4   4   0   6  15  22   0   0   4  23   0   0   0   3   3   0   4   1  0.33 inf
  275 L    0 -2  1  0  0  0  0 -3 -3  0  2 -1  2 -2 -1 -1 -1  5 -2 -1    9   0   9   6   2   4   8   0   0   5  29   2   7   0   2   2   3   8   0   3  0.23 inf
  276 T    0 -4 -4 -4 -3 -3 -4 -4 -3  0  2 -3  4  3 -4 -3  1 -3  1  3    8   0   0   0   0   0   0   0   0   3  23   0  11  14   0   0   8   0   4  27  0.48 inf
  277 V    1 -2 -1 -2  1 -1 -1  0 -2  1  0  0  2 -2 -1  0  0  1  1  1   14   0   2   0   4   2   4   9   0   9   7   6   8   0   2   8   5   2   6  11  0.06 inf
  278 Q    0  1  0  1 -4  3  1 -2  1 -3 -1  3  0 -3 -1 -1 -1  0  0 -3    8   7   3   9   0  18  10   2   3   0   7  18   3   0   3   2   4   1   3   0  0.26 inf
  279 D   -4  1  0  7 -1 -1  1 -4 -4 -5 -3 -3 -5 -5 -4 -3 -4  3 -5 -3    0   8   4  67   2   2   6   0   0   0   2   0   0   0   0   0   0   4   0   3  1.43 inf
  280 I    2 -4 -5 -5 -3 -4 -4 -4 -5  5 -1 -4  1  0 -4 -3 -1 -4 -3  4   18   0   0   0   0   0   0   0   0  33   3   0   4   4   0   0   2   0   0  35  0.79 inf
  281 L   -1  0 -2 -2 -3  0 -1 -2  0  2  2 -1  2  1 -3 -2 -2  2  1  0    3   5   2   2   0   3   4   2   3  12  29   4   8   7   0   0   0   3   5   6  0.20 inf
  282 E    0  1  1  2 -4 -1  3 -2 -2 -2 -2  2 -3 -4 -3 -1  0 -4 -3 -1    6   6   8  15   0   0  25   2   0   2   4  16   0   0   0   3   7   0   0   5  0.33 inf
  283 E   -1 -3 -2  6 -5 -1  5 -4 -3 -5 -5 -3 -5 -5 -4 -1 -1 -6 -5 -5    5   0   0  46   0   2  37   0   0   0   0   0   0   0   0   5   3   0   0   0  1.26 inf
  284 T    0 -3 -3 -4  2 -3 -1 -4 -2  2  2 -3  0  5 -4 -1 -1 -2  3 -1    8   0   0   0   5   0   4   0   0  11  17   0   2  25   0   6   3   0  13   3  0.41 inf
  285 S   -1  0  1 -1 -3 -1  2 -1 -1  0  1  1  1 -1 -1  0 -1  1 -1 -1    4   5   8   1   0   0  17   5   1   4  20  10   5   1   2   6   1   2   1   4  0.09 inf
  286 R   -1  4 -2  0 -4  0  3 -2 -2 -2 -3  3 -3 -4 -1 -1 -1 -4 -4 -4    6  24   0   3   0   3  26   3   0   2   3  22   0   0   3   2   2   0   0   0  0.57 inf
  287 E   -1 -1  0  3 -5  0  6 -4 -3 -5 -5 -1 -4 -5 -3 -1  0 -5 -4 -4    4   3   4  18   0   3  57   0   0   0   0   2   0   0   0   2   7   0   0   0  1.05 inf
  288 G   -1 -1  1  1  0 -1  3  2  3 -1 -1 -2 -2 -1 -2 -2 -1  4  0 -1    3   3   8   6   2   0  22  16   8   4   7   0   0   2   1   0   2   6   3   5  0.23 inf
  289 I    1 -1 -1  1 -2 -1  0 -1 -1  1  0  0  0 -1  1  0  0 -3  0  1   12   3   2   9   0   1   8   4   1   8  10   5   2   2   6   8   4   0   3  12  0.04 inf
  290 T    0 -3  0  4 -4 -1  1 -1 -3 -1 -3 -1 -3  1  0  1  2  0 -3 -1    6   0   2  23   0   2  11   5   0   5   0   2   0   6   5  14  12   1   0   4  0.29 inf
  291 L    0 -1  0  0 -1  0 -1 -3 -3  2  2 -1  0  1 -3  0  0 -3 -2  1    9   2   5   6   1   4   4   0   0  13  20   2   2   8   0   6   4   0   0  13  0.12 inf
  292 T   -1 -1  0  0  0 -1  0 -3  0  2  1  0  0  0 -1  0  0  1 -1  1    5   2   4   5   2   0   9   0   2  14  17   9   1   5   3   5   4   3   1   8  0.05 inf
  293 Q   -1  0 -1  2 -3  2  3 -2  0 -2 -1  1  0 -1 -1  1  0 -3  0 -2    3   5   1  11   0  11  19   2   2   2   7   8   2   3   2  11   6   0   4   1  0.20 inf
  294 A    2 -2  1 -1 -3 -2  1  0  1 -2 -3  2 -3 -1 -3  1  0  2 -1  1   22   1   8   2   0   0  10   6   3   1   1  13   0   2   0  11   5   3   2  10  0.21 inf
  295 D   -2 -1  3  2 -4  0  3 -3 -2 -1  0  1 -3 -3 -3 -1 -1 -4  0  0    3   2  16  12   0   4  23   0   0   3  10   9   0   0   0   2   4   0   4   8  0.32 inf
  296 N   -1  0  3  2 -1  0  1 -2  1 -1 -1  0  0 -2 -2  1  0 -4 -3  0    3   4  19  14   2   2  10   2   4   4   8   6   3   1   1   9   4   0   0   6  0.20 inf
  297 P   -1  1 -1  1 -4  3  0 -1 -3 -3 -2  0 -3 -4  5 -1 -1  5 -2 -3    6   7   2   7   0  13   5   5   0   1   4   4   0   0  29   3   3   8   1   2  0.56 inf
  298 S    1  0  0  1 -3  1  0 -1 -2 -1 -2  3 -2 -4  0  1  0 -4 -3  0   11   3   4   7   0   7   3   4   0   5   4  20   0   0   4  14   7   0   0   8  0.18 inf
  299 L    0  1 -1 -1 -3  1  1 -2 -2  1  1  1  0  0 -3 -1 -1  0  0  1   10   9   3   3   0   6  10   2   0  12  17   8   1   3   0   1   1   1   3   9  0.09 inf
  300 I    0 -1 -2 -1 -3 -3 -3 -4 -1  3  1 -2  2 -1 -4 -1  0 -4 -1  3    7   4   2   5   0   0   0   0   2  18  14   2   5   1   0   5   4   0   2  28  0.32 inf
  301 K   -2  2  3 -3 -1 -1  0  0 -3 -3 -3  4  3  0 -4  0 -1 -5 -4 -4    2  10  13   0   2   2   5   7   0   1   2  35   8   4   0   7   3   0   0   0  0.52 inf
  302 K   -1  3  0 -3 -5  1  1  0 -3 -5 -4  5 -2 -5 -4 -1  0 -5 -4 -2    3  14   4   0   0   4  10   9   0   0   1  43   1   0   0   3   5   0   0   3  0.70 inf
  303 E    1  1  0  1 -3  1  2 -1 -2 -2  0  1  0 -3 -1  0  0 -4 -2 -1   15   6   5   8   0   4  19   3   0   1  10  10   2   0   1   7   4   0   1   4  0.17 inf
  304 L   -2 -5 -5 -6  0 -4 -5 -6 -5  4  4 -2  2  0 -5 -3 -2 -4 -3  2    2   0   0   0   2   0   0   0   0  24  46   3   5   4   0   2   2   0   0  11  0.82 inf
  305 V    1  1  3 -2 -3  1 -2  1  0 -2 -2 -1  2 -3  1  0  1 -4 -2 -1   14   8  16   0   0   8   0  11   3   1   2   2   6   0   6   7  10   0   1   5  0.21 inf
  306 K   -1  2  3  0 -4  2 -1 -2  2 -2 -4  3 -3 -5 -3  1  1 -5 -3 -2    5  10  17   4   0   8   1   2   5   2   0  23   0   0   0   9  10   0   0   3  0.43 inf
  307 M    0 -2 -2 -2 -2  0  2 -3  0  1  0  1  1  1 -3  0 -1 -3  1  1   10   0   1   0   1   5  15   0   2  11   8   9   5   8   0   7   1   0   6  11  0.14 inf
  308 V    2 -2 -4 -4  2 -3 -2 -2 -4  2  0 -3 -2 -1 -4  1 -1 -4 -3  4   19   3   0   0   4   0   2   3   0  14   6   0   0   2   0  11   2   0   0  33  0.41 inf
  309 Q   -1  2 -1 -2 -4  2  1 -1 -2 -1 -2  3 -1 -2  2  2 -1 -4 -3 -2    5  14   1   0   0  10   7   4   0   4   4  21   1   2   8  15   2   0   0   1  0.31 inf
  310 D   -1  0  3  2 -4  1  3 -2 -2 -3 -3  1 -3 -4 -2  1  0 -5 -4 -1    5   4  16  11   0   7  24   1   0   0   2   7   0   0   1   9   6   0   0   6  0.38 inf
  311 V   -3 -3 -1 -3 -3 -1 -3 -4  2  3  3 -1  2  1 -4 -3 -1  2 -1  2    0   0   3   1   0   3   0   0   6  17  35   3   6   5   0   0   4   3   1  11  0.40 inf
  312 L   -1 -4 -5 -5 -3 -4 -4 -5 -4  4  3 -4 -1  1 -4 -2 -3 -4 -1  4    4   0   0   0   0   0   0   0   0  23  30   0   0   6   0   3   0   0   2  30  0.70 inf
  313 R   -1  6 -1 -3  1 -1  1 -4 -3 -5 -4  4 -4 -5 -1 -3 -3 -5 -2 -2    4  47   3   0   3   0   9   0   0   0   0  26   0   0   3   0   0   0   2   3  0.96 inf
  314 P   -1 -2  0  1 -5  2  4  0  2 -5 -5  1 -4 -5  3  1 -2 -5 -4 -4    3   0   3   5   0   8  37   7   5   0   0   8   0   0  13  10   1   0   0   0  0.61 inf
  315 A   -1  1  3 -2 -3  0 -1 -1  0 -1 -2  2  2  0 -3 -1 -2  2  3  1    3   7  18   0   0   4   2   3   1   2   2  18   6   2   0   2   0   3  12  15  0.23 inf
  316 W   -4  0 -5 -6 -5 -4 -5 -5 -3  0  0 -5 -3  1 -6 -2 -4 11  5 -4    0   5   0   0   0   0   0   0   0   6   9   0   0   4   0   3   0  52  21   0  2.06 inf
  317 I   -1 -2 -3 -1 -3 -1 -2 -4 -3  2  3  1  4 -2  1 -2 -1 -3 -3  1    4   0   0   4   0   2   0   0   0  13  32  12  15   0   7   0   2   0   0   9  0.31 inf
  318 E   -1 -1  2  2 -4  1  5 -3 -2 -4 -4 -1 -3 -4 -3  2  1 -4 -3 -3    4   2   9  10   0   5  45   0   0   0   0   0   0   0   0  16   9   0   0   0  0.63 inf
  319 L   -3 -4 -5 -5 -3 -3 -4 -5 -4  4  4 -4  3 -1 -4 -4 -2 -3 -2  0    0   0   0   0   0   0   0   0   0  33  59   0   8   0   0   0   0   0   0   0  0.82 inf

                      K         Lambda
Standard Ungapped    0.1373     0.3187
Standard Gapped      0.0426     0.2670
PSI Ungapped         0.1384     0.3138
PSI Gapped           0.0426     0.2670
