
Last position-specific scoring matrix computed, weighted observed percentages rounded down, information per position, and relative weight of gapless real matches to pseudocounts
           A  R  N  D  C  Q  E  G  H  I  L  K  M  F  P  S  T  W  Y  V   A   R   N   D   C   Q   E   G   H   I   L   K   M   F   P   S   T   W   Y   V
    1 M   -3 -4 -5 -5 -3 -3 -4 -5 -4  2  2 -4  8 -2 -5 -4 -3 -4 -3  4    0   0   0   0   0   0   0   0   0   9  13   0  45   0   0   0   0   0   0  32  1.14 inf
    2 N    0  2  2  1 -3  0  0 -1 -2 -3 -4  0 -1 -4 -3  4  3 -4 -3 -3    3  10   8   7   0   3   3   4   0   0   0   4   2   0   0  35  18   0   0   0  0.42 inf
    3 E   -2 -1  0  6 -5  0  4 -2  0 -5 -5 -2 -4 -5 -3 -1 -3 -6 -3 -5    3   2   2  48   0   4  32   2   2   0   0   1   0   0   0   2   1   0   0   0  1.08 inf
    4 L   -4 -2 -5 -6 -4 -4 -5 -6 -1  1  6 -4  2 -2 -4 -5 -3 -4 -1 -1    0   2   0   0   0   0   0   0   2   4  81   0   5   0   0   0   0   0   2   2  1.20 inf
    5 V   -1 -4 -3 -3 -3 -3 -3 -4 -1  3 -3 -3 -2 -4  1  4  3 -5 -4  1    1   0   0   0   0   0   0   0   1  18   0   0   1   0   7  41  19   0   0  11  0.65 inf
    6 D    0 -2 -1  5 -4 -1  2 -3 -1 -3 -3 -2 -3 -4  3  0  1 -5 -4 -2   10   1   1  35   0   2  12   1   1   1   2   0   0   0  14   7  10   0   0   3  0.57 inf
    7 T    1  1 -2 -3 -3 -2 -3 -3 -3 -1 -3  0 -1 -4 -2  2  4 -5 -3  2   14   7   1   0   0   0   0   0   0   1   0   6   1   0   1  18  33   0   0  19  0.50 inf
    8 T    1 -2 -2 -3 -3 -1  0 -3 -3  0 -2 -2  3 -2 -3  1  4 -4 -3  1   14   1   1   0   0   3   5   0   0   5   1   1  10   1   0   7  39   0   0  13  0.47 inf
    9 E   -4 -2 -3 -1 -7  5  7 -5 -3 -6 -6 -2 -4 -6 -4 -2 -4 -6 -5 -5    0   1   0   1   0  30  67   0   0   0   0   0   0   0   0   1   0   0   0   0  1.72 inf
   10 M   -3 -2  2  6 -5 -2  0 -4 -4 -4 -3 -3  6 -5 -5 -3 -3 -6 -5 -4    2   2  10  54   0   1   3   0   0   0   0   0  28   0   0   0   0   0   0   0  1.39 inf
   11 Y   -5 -5 -6 -7  1 -5 -6 -7 -2 -3 -5 -6 -5  0 -7 -5 -5 -1 10 -5    0   0   0   0   3   0   0   0   0   1   0   0   0   0   0   0   0   0  96   0  3.02 inf
   12 L   -4 -5 -6 -6 -1 -5 -6 -6 -6  1  6 -5 -1 -2 -6 -5 -4 -4 -4  1    1   0   0   0   1   0   0   0   0   4  87   0   0   0   0   0   0   0   0   7  1.44 inf
   13 R   -3  4 -3 -4 -6  0 -1 -5 -3 -6 -5  7 -2 -6 -4 -3 -3 -1 -5 -5    1  25   0   0   0   2   2   0   0   0   0  67   1   0   0   0   1   1   0   0  1.51 inf
   14 T    3 -3 -2 -4 -1 -1 -2 -3  0  0 -1 -2 -2 -3 -3  0  4 -5 -3  2   28   0   1   0   1   2   1   0   2   4   4   1   0   0   0   3  37   0   0  15  0.56 inf
   15 I   -3 -6 -6 -6 -4 -5 -6 -7 -6  7  1 -5 -1 -2 -6 -5 -3 -5 -4  3    0   0   0   0   0   0   0   0   0  74   8   0   0   0   0   0   0   0   0  16  1.56 inf
   16 Y   -5 -5 -6 -7 -5 -5 -5 -6  0 -3  0 -5 -3  4 -6 -5 -4  9  7 -3    0   0   0   0   0   0   0   0   2   0   9   0   0  16   0   0   0  25  47   1  1.96 inf
   17 D   -1 -1  0  2 -3  0  3  0  1 -3 -1  0 -2 -3 -3  1  1 -4 -1 -2    5   3   4  12   0   3  28   5   4   1   5   5   0   0   0  10  10   0   2   2  0.29 inf
   18 L    1 -4 -5 -6 -4 -3 -5 -5 -1  1  5 -4  1 -1 -5 -3 -3 -3 -2 -1   12   0   0   0   0   0   0   0   2   5  72   0   2   2   0   1   0   0   1   2  0.95 inf
   19 E   -1  0 -2 -1 -1  4  4  0 -1 -4 -2 -1 -2 -5 -3  0  1 -4 -4 -2    4   4   1   2   2  23  34   7   1   0   3   1   0   0   0   6   8   0   0   3  0.52 inf
   20 E   -2  0 -2  0 -6  1  7 -2 -3 -6 -5 -2 -5 -4 -4 -2 -2 -6 -5 -4    2   5   1   3   0   3  79   3   0   0   0   0   0   1   0   1   2   0   0   1  1.51 inf
   21 E   -1  2 -2  2 -5  0  4 -2  0 -5 -4 -1 -4 -4 -4 -2 -3  8 -1 -4    4  13   1  10   0   4  31   3   2   0   0   2   0   0   0   3   0  25   1   1  0.99 inf
   22 G   -1 -2 -1  0 -4  0 -1  5  0 -5 -5 -2 -3 -5 -4  2 -1 -5 -3 -3    2   2   2   5   0   4   4  55   3   0   0   2   0   0   0  15   4   0   0   1  0.85 inf
   23 V    0  0 -1  2 -3  0  1  2 -1  2 -1 -1 -2 -3 -1 -1 -1 -4 -3  2    5   4   2  13   0   5  11  16   1  16   2   1   0   0   3   2   3   0   0  16  0.15 inf
   24 T    0  0 -2  0 -3  0  2 -1 -2 -1 -2  0 -2 -4  4  0  1 -4 -3  1    9   5   1   6   0   2  14   3   1   1   2   6   0   0  21   4  10   0   0  15  0.31 inf
   25 P    1 -3 -4 -5 -4 -4 -4 -4 -5 -1 -3 -1 -3 -5  6 -3 -3 -6 -5  4   10   1   1   0   0   0   0   1   0   1   2   3   0   0  48   0   0   0   0  33  1.30 inf
   26 L    0  0 -1 -3 -2 -1 -3 -2 -3  1  2 -2  2 -2 -1  1  1 -4 -3  2    8   7   2   0   0   1   0   2   0   9  22   1   5   0   2  15  11   0   0  15  0.19 inf
   27 R   -2  5  0 -3 -4 -1 -3 -3 -3 -2 -2 -1 -1 -4 -1  0  5 -5 -4 -2    2  31   5   0   0   2   0   1   0   1   4   1   1   0   3   5  43   0   0   1  0.78 inf
   28 A    4 -3  0 -3 -3  0 -2  1 -3 -3 -3  0 -3 -4 -3  3  2 -5 -4 -2   38   0   4   0   0   4   0   9   0   0   0   5   0   0   0  22  15   0   0   2  0.56 inf
   29 R    2  5 -2  0 -4  0  1 -1 -1 -3 -3  1  0 -4 -3 -1 -1 -3 -4 -3   20  37   1   5   0   3   9   4   1   1   1   7   3   0   0   4   3   0   0   1  0.49 inf
   30 I   -4 -5 -6 -6 -4 -5 -6 -6 -6  6  4 -5  1 -2 -5 -5 -3 -5 -4  1    0   0   0   0   0   0   0   0   0  48  43   0   2   0   0   0   0   0   0   7  1.21 inf
   31 A    6 -4 -4 -4 -2 -4 -4 -2 -4 -3 -4 -4 -3 -5 -4  1 -2 -5 -4  1   77   0   0   0   1   0   0   2   0   0   0   0   0   0   0   9   1   0   0  11  1.25 inf
   32 E    0 -1 -1  2 -5  1  6 -2 -2 -5 -4 -1 -4 -5 -4  0 -1 -5 -4 -4    7   2   1  12   0   4  59   2   0   0   1   3   0   0   0   5   4   0   0   0  0.96 inf
   33 R    1  6 -3 -4 -5  0  0 -4  0 -4 -4  2 -1 -4 -4 -2 -2 -2  0 -3   11  58   0   0   0   3   4   0   2   1   1   9   2   0   0   2   1   1   3   2  0.99 inf
   34 L   -2 -4 -5 -6 -4 -4 -5 -6 -5  1  5 -5  4  0 -5 -4 -1 -4 -3  0    2   1   0   0   0   0   0   0   0   6  69   0  12   3   0   0   3   0   0   4  1.07 inf
   35 D   -1 -2  0  2 -5  0  2  5  3 -5 -5 -2 -4 -5 -4  0 -3 -5 -3 -5    4   2   3  11   0   3  13  51   7   0   0   1   0   0   0   5   0   0   0   0  0.84 inf
   36 Q   -2 -3 -3 -4 -3  4 -2 -5  4 -1 -1 -1 -1 -2 -4 -3  0 -5 -3  5    1   0   0   0   0  24   1   0  12   1   5   3   1   1   0   1   6   0   0  44  0.73 inf
   37 S    1  1 -2 -3 -3 -1 -2 -2 -3 -4 -4  2 -3 -5 -3  5  3 -5 -4 -2    9   6   0   0   0   1   0   1   0   0   0  15   0   0   0  49  16   0   0   3  0.74 inf
   38 G    2 -1  0 -2 -4 -2 -3  3 -2 -4 -2 -1 -3 -4  5  0 -1 -5 -4 -3   19   3   5   1   0   0   0  26   1   0   5   4   0   0  27   5   3   0   0   1  0.63 inf
   39 P    1 -4 -3 -4 -4 -4 -3 -1 -4 -5 -5 -3 -5 -6  7  4 -2 -6 -5 -5   13   0   0   0   0   0   0   4   0   0   0   0   0   0  49  34   1   0   0   0  1.46 inf
   40 T   -1 -4 -1 -4 -4 -3 -4 -4 -4 -4 -4 -3 -4 -5 -4  3  7 -6 -5 -3    4   0   2   0   0   0   0   0   0   0   0   0   0   0   0  24  70   0   0   0  1.49 inf
   41 V    3 -5 -5 -6 -4 -5 -5 -5 -6  0 -2 -5 -2 -4 -5 -3 -1 -6 -4  7   22   0   0   0   0   0   0   0   0   1   0   0   0   0   0   0   2   0   0  75  1.40 inf
   42 S   -2 -4 -2 -3 -4 -3 -3 -3 -4 -5 -5 -3 -4 -4 -4  6  4 -6 -5 -4    1   0   0   0   0   0   0   1   0   0   0   0   0   1   0  68  30   0   0   0  1.45 inf
   43 Q   -1 -2 -1  2 -5  5  4  1 -2 -5 -5 -1 -2 -5 -3  1 -2 -5 -4 -4    3   0   2  12   0  28  32   9   0   0   0   0   1   0   0  10   2   0   0   0  0.76 inf
   44 T    2 -4 -1 -4 -4 -3 -4 -1 -3 -3 -2 -2  7 -4 -4  0  4 -5 -4 -2   17   0   3   0   0   0   0   5   0   0   0   2  37   0   0   4  31   0   0   1  0.96 inf
   45 V   -2 -5 -5 -6 -3 -4 -5 -6 -5  4  2 -5  1 -1 -5 -4 -2 -5 -3  5    2   0   0   0   0   0   0   0   0  20  23   0   3   2   0   0   1   0   0  50  0.95 inf
   46 S    2  4 -1 -1 -4  0  0 -1 -2 -4 -4  4 -3 -5 -3  0 -1 -5 -4 -4   23  23   2   3   0   2   5   5   0   0   0  30   0   0   0   5   1   0   0   0  0.58 inf
   47 R   -3  7 -2 -3 -6 -1 -2 -5 -2 -6 -5  5 -4 -6 -4 -2 -1 -6 -5 -5    1  55   1   1   0   1   0   0   0   0   0  37   0   0   0   1   3   0   0   0  1.51 inf
   48 M   -4 -5 -6 -6 -4 -4 -6 -6 -5 -1  6 -5  7 -1 -6 -5 -4 -4 -3 -2    0   0   0   0   0   0   0   0   0   0  69   0  30   1   0   0   0   0   0   0  1.60 inf
   49 E    3 -1 -2  0 -3  0  4 -2 -2 -3 -3 -1 -3 -4 -3  1  0 -5 -4  0   33   3   1   3   0   2  33   1   1   0   1   2   0   0   0   7   6   0   0   7  0.53 inf
   50 R    1  4 -1  3 -5  0  3 -2 -2 -5 -4  1 -4 -5 -3 -1 -1 -5 -4 -4   12  29   2  20   0   3  22   2   0   0   0   5   0   0   0   3   2   0   0   0  0.63 inf
   51 D    0  2 -1  4 -4  3  1 -3 -1 -3  0  1 -1 -4 -3 -1 -2 -4 -3 -3    9  11   0  28   0  18   6   1   1   0  12   8   2   0   0   4   0   0   0   0  0.44 inf
   52 G   -2 -5 -1 -1 -4 -2 -1  7 -5 -7 -6 -1 -5 -6 -5 -3 -4 -6 -6 -6    1   0   3   3   0   1   5  83   0   0   0   3   0   0   0   0   0   0   0   0  1.72 inf
   53 L   -4 -5 -6 -7 -4 -5 -6 -7 -5 -1  6 -5  0  0 -6 -5 -4 -1  0 -2    0   0   0   0   0   0   0   0   0   0  91   0   1   3   0   0   0   1   3   0  1.57 inf
   54 L   -2 -5 -5 -6 -3 -5 -5 -6 -5  3  3 -5  0 -3 -5 -4 -3 -5 -4  5    3   0   0   0   0   0   0   0   0  14  26   0   1   0   0   0   0   0   0  56  1.06 inf
   55 R   -1  0  1  2 -3  0  2 -2  3 -1 -2 -1 -1 -2 -3  0  1 -3 -1  0    4   5   6  16   0   4  19   2  10   2   2   2   1   1   0   7  10   0   1  10  0.24 inf
   56 V   -4  2 -3 -5 -5 -2 -3 -5  8 -1 -1 -3 -1 -2 -5 -4 -3 -4  4  3    0  11   0   0   0   1   0   0  41   2   6   0   1   0   0   0   1   0  15  23  1.17 inf
   57 A    2  1 -2  0 -4  1  4 -2 -1 -3 -3  0 -2 -4 -2  0  1 -4 -3 -1   18   7   1   3   0   6  33   2   1   0   1   5   1   0   1   6  10   0   0   5  0.38 inf
   58 G   -1  3 -1 -1 -3 -2  0  1 -1 -5 -5  2 -4 -5  5 -1 -2 -5 -4 -4    5  16   2   3   0   0   7  10   1   0   0  14   0   0  35   4   2   0   0   0  0.75 inf
   59 D   -4 -1 -2  4 -6 -3 -3 -4 -1 -5 -5 -3 -5 -1 -5 -3 -4 -2  8 -5    0   3   2  26   0   1   1   1   1   0   0   1   0   0   0   1   0   0  63   0  1.74 inf
   60 R   -1  5 -2 -3 -5  2 -1  3  1 -5 -5  1 -4 -4 -4 -1 -3 -5 -3 -4    4  42   1   1   0  11   2  23   3   0   0   8   0   1   0   3   1   0   1   0  0.79 inf
   61 H    1  1 -1 -2 -4 -1 -2  4  4 -4 -4 -1 -3 -4  0  1 -1 -4 -3 -3   14   7   1   2   0   2   1  38  12   0   1   2   0   0   3  12   3   0   0   1  0.57 inf
   62 L   -1 -5 -5 -5 -3 -4 -5 -5 -5  4  2 -5 -1 -3 -4 -4 -2 -5 -3  5    6   0   0   0   0   0   0   0   0  27  22   0   0   0   1   0   0   0   0  45  0.93 inf
   63 E   -1  3 -1 -1 -4  1  4 -2 -1 -3 -3  0 -1 -4 -3  1  3 -3 -3 -1    4  17   1   1   0   7  30   1   1   1   1   2   1   0   0   9  19   0   0   5  0.46 inf
   64 L   -4 -5 -6 -7 -4 -5 -6 -7 -6 -1  6 -5  1  0 -6 -5 -4 -4 -4 -2    0   0   0   0   0   0   0   0   0   0  95   0   1   3   0   0   0   0   0   0  1.71 inf
   65 T   -3 -4 -3 -4 -4 -4 -4 -5 -5 -4 -5 -3 -4 -6 -4  1  8 -6 -5 -3    0   0   0   0   0   0   0   0   0   0   0   1   0   0   0   7  91   0   0   1  2.03 inf
   66 E    0 -2 -2  4 -5  0  4 -2 -3 -4 -5 -1 -4 -5  4 -1 -1 -5 -5 -4    8   1   1  25   0   2  35   2   0   0   0   2   0   0  19   3   2   0   0   0  0.83 inf
   67 K    1  0 -2  1 -2  1  4 -3  1 -3 -1  1 -2 -4 -2  0  0 -4 -3 -2   14   4   0   5   0   5  33   0   3   1   8   8   0   0   1   7   6   0   0   2  0.34 inf
   68 G   -3 -6 -4 -5 -6 -5 -5  8 -5 -7 -7 -5 -6 -7 -5 -3 -5 -6 -6 -7    1   0   0   0   0   0   0  99   0   0   0   0   0   0   0   0   0   0   0   0  2.43 inf
   69 R   -2  6 -1 -2 -4  0  3 -5  0 -5 -2  0 -2 -2 -4 -3 -1 -1  0 -3    2  55   3   1   0   2  18   0   2   0   4   2   1   1   0   0   4   1   3   1  0.93 inf
   70 A    1  4 -1  0 -3  1  2 -2 -1 -3 -2  2 -2 -4 -3  0  1 -4 -3 -2   13  28   2   4   0   5  12   2   1   0   5  14   0   0   0   5   8   0   0   2  0.36 inf
   71 L    1  1 -3 -3 -3 -1 -1 -3  2  2  2  0  0 -1 -3 -2 -1 -3  0  2   11   9   0   0   0   2   3   0   7  10  28   5   1   2   0   0   2   0   3  16  0.21 inf
   72 A    7 -5 -5 -5 -4 -4 -4 -2 -5 -4 -5 -4 -4 -5 -4 -2 -3 -6 -5 -2   96   0   0   0   0   0   0   1   0   0   0   0   0   0   0   1   0   0   0   2  1.82 inf
   73 I   -2  0 -4 -4 -2 -2 -2 -4 -4  2  3 -3  2 -2 -4 -3  2 -4 -3  3    0   5   0   0   1   1   3   0   0  10  38   0   4   0   0   0  14   0   0  22  0.49 inf
   74 A    2  1 -1  0 -3  2  3  0  0 -3 -3  0 -2 -4 -3  1  0 -4 -3 -2   25  10   1   4   0   8  21   5   2   0   2   3   0   0   0  11   5   0   0   2  0.33 inf
   75 V   -3 -3 -5 -6 -4 -3 -5 -6 -5  2  0 -4  7 -3 -5 -4 -1 -5 -4  5    0   1   0   0   0   1   0   0   0  11   4   0  31   0   0   0   2   0   0  49  1.24 inf
   76 M   -2 -5 -5 -6 -3 -4 -4 -5 -5  3  2 -4  6 -3 -5 -4 -2 -5 -3  5    3   0   0   0   0   0   0   0   0  15  16   0  23   0   0   0   1   0   0  43  0.99 inf
   77 R   -5  9 -4 -5 -7 -2 -4 -6 -4 -7 -6 -1 -5 -6 -6 -4 -5 -6 -5 -6    0 100   0   0   0   0   0   0   0   0   0   0   0   0   0   0   0   0   0   0  2.66 inf
   78 K   -4  6 -1 -4 -6 -2 -3 -4  5 -6 -5  4 -4 -5 -5 -3 -4 -6 -4 -5    0  51   2   0   0   0   0   1  16   0   0  30   0   0   0   0   0   0   0   0  1.49 inf
   79 H   -6 -4 -3 -5 -7 -3 -4 -6 11 -7 -7 -5 -6 -5 -6 -5 -6 -6 -2 -7    0   0   0   0   0   0   0   0 100   0   0   0   0   0   0   0   0   0   0   0  3.70 inf
   80 R   -5  9 -4 -5 -7 -2 -4 -6 -4 -7 -6 -1 -5 -6 -6 -4 -5 -6 -5 -6    0 100   0   0   0   0   0   0   0   0   0   0   0   0   0   0   0   0   0   0  2.66 inf
   81 L   -4 -5 -6 -7 -4 -5 -6 -7 -6  1  6 -5  0 -2 -6 -5 -4 -5 -4 -1    0   0   0   0   0   0   0   0   0   6  92   0   1   0   0   0   0   0   0   1  1.64 inf
   82 A    3 -4 -5 -5 -3 -4 -4 -4 -5  3  4 -4  0 -2 -4 -3 -2  3 -3  0   31   0   0   0   0   0   0   0   0  19  39   0   1   0   0   0   1   5   0   4  0.69 inf
   83 E   -4 -4 -4 -2 -7 -1  8 -6 -4 -7 -7 -3 -6 -7 -5 -4 -4 -6 -6 -6    0   0   0   0   0   0 100   0   0   0   0   0   0   0   0   0   0   0   0   0  2.41 inf
   84 R    0  4 -3 -4  3 -2 -3 -4 -4 -3  0 -2  0 -4 -4  0  5 -5 -4  0    6  24   0   0   6   1   0   0   0   0  11   0   2   0   0   5  40   0   0   6  0.64 inf
   85 L   -4 -5 -5 -6 -5 -5 -5 -5 -1 -2  3 -5  1  7 -6 -5 -4  1  5 -3    1   0   0   0   0   0   0   0   1   0  25   0   2  49   0   0   0   1  20   0  1.41 inf
   86 L   -5 -5 -7 -7 -4 -5 -6 -7 -6 -1  7 -6 -1 -3 -6 -6 -4 -5 -4 -2    0   0   0   0   0   0   0   0   0   1  99   0   0   0   0   0   0   0   0   0  1.85 inf
   87 V    1 -3 -4 -4 -1 -3 -3 -4  2  0 -1 -3  0 -2 -4 -1  2 -5 -3  5   13   0   0   0   1   0   0   0   5   1   5   1   2   1   0   4  15   0   0  51  0.64 inf
   88 D   -2  2  1  5 -5  2  4 -3 -1 -5 -5 -1 -4 -5 -4 -1 -1 -5 -4 -5    1  11   5  32   0   9  31   1   1   0   0   2   0   0   0   3   3   0   0   0  0.85 inf
   89 V    0 -1 -3 -2 -1  0  2 -3  3  1 -2  0  0 -2 -3 -1  0 -4 -2  3    8   3   0   0   1   3  15   1   8   6   0   6   3   1   0   3   7   0   1  33  0.26 inf
   90 I   -4 -5 -6 -6 -4 -5 -6 -6 -3  4  5 -5  1 -2 -5 -5 -4 -4 -4  0    0   0   0   0   0   0   0   0   1  24  70   0   2   0   0   0   0   0   0   3  1.27 inf
   91 G   -3 -4 -1  2 -6 -3 -3  7 -2 -7 -7 -1 -5 -6 -5 -3 -4 -6 -6 -6    0   0   3  10   0   0   1  80   1   0   0   4   0   0   0   1   0   0   0   0  1.67 inf
   92 L   -4 -5 -5 -6 -5 -4 -5 -6 -2 -1  3 -5  3  3 -6 -5 -4 -2  8 -2    0   0   0   0   0   0   0   0   0   2  28   0   7   8   0   0   0   0  52   2  1.46 inf
   93 P   -1  0 -1  3 -4 -1  2  1 -3 -4 -5 -1 -4 -5  3  2  1 -5 -4 -4    2   6   0  22   0   2  11  13   0   0   0   1   0   0  13  21  10   0   0   0  0.51 inf
   94 W   -4 -1 -7 -8 -6 -6 -7 -6 -6 -2 -2 -6 -4 -2 -3 -6 -6 12  1 -5    1   3   0   0   0   0   0   0   0   2   4   0   0   0   2   0   0  83   4   1  3.65 inf
   95 E    1 -2 -1  6 -5 -1  2 -3  1 -3 -4 -2 -4 -5 -2  0 -1 -6 -4 -4   11   1   1  52   0   1  15   1   4   1   1   1   0   0   1   7   3   0   0   1  0.92 inf
   96 E   -2 -1 -2  1 -4  2  6 -4  1 -4 -1  0 -4 -3 -4 -2 -3 -5  0 -4    1   1   0   6   0   9  60   0   3   1   6   4   0   1   0   2   0   0   4   0  0.97 inf
   97 V    0 -6 -6 -6 -4 -5 -5 -6 -6  1 -1 -5 -2 -4 -5 -4 -3 -6 -4  7    6   0   0   0   0   0   0   0   0   4   2   0   0   0   0   0   0   0   0  88  1.68 inf
   98 H   -6 -4 -3 -3 -7 -3 -4 -6 11 -7 -7 -5 -5 -5 -6 -5 -6 -6 -1 -7    0   0   0   1   0   0   0   0  98   0   0   0   0   0   0   0   0   0   1   0  3.58 inf
   99 A    1 -3  0  6 -5  0  4 -2 -1 -4 -4 -2 -4 -4 -4 -2 -2 -6 -5 -4   11   1   2  44   0   2  32   2   1   1   1   0   0   0   0   1   1   0   0   1  1.01 inf
  100 E   -4 -3 -3  0 -7 -1  7 -5 -3 -2 -5 -2 -2 -6 -4 -3 -4 -6 -5 -4    0   0   0   4   0   0  90   0   0   3   1   0   1   0   0   0   0   0   0   1  1.96 inf
  101 A    7 -5 -5 -5 -4 -4 -4 -3 -5 -5 -5 -4 -4 -6 -4 -2 -3 -6 -5 -3  100   0   0   0   0   0   0   0   0   0   0   0   0   0   0   0   0   0   0   0  2.00 inf
  102 C   -3 -4 -3  4  8 -2  5 -4 -3 -5 -4 -3 -5 -6 -5 -3 -4 -6 -5 -4    0   0   0  22  30   0  45   1   0   0   1   0   0   0   0   0   0   0   0   1  1.50 inf
  103 R    0  6 -1 -3 -3  0  0 -3 -1  0 -1  0 -1 -4 -4 -2 -2 -5 -3  1    7  47   2   0   0   3   6   1   1   6   4   3   1   0   0   1   1   0   0  14  0.59 inf
  104 W   -5 -5 -7 -7 -5 -5 -6 -6 -6 -2  5 -6 -1 -2 -6 -6 -5  9 -3 -3    0   0   0   0   0   0   0   0   0   0  69   0   1   0   0   0   0  30   0   0  1.97 inf
  105 E   -4 -3 -4 -2 -7  0  8 -6 -3 -7 -6 -3 -5 -7 -5 -4 -4 -6 -6 -6    0   0   0   0   0   2  98   0   0   0   0   0   0   0   0   0   0   0   0   0  2.33 inf
  106 H   -6 -4 -3 -5 -7 -2 -4 -6 11 -7 -7 -5 -5 -5 -6 -5 -6 -6 -2 -7    0   0   0   0   0   1   0   0  99   0   0   0   0   0   0   0   0   0   0   0  3.61 inf
  107 V    4 -4 -4 -5 -2 -3 -4 -3  4  0 -3 -4 -2 -3 -4 -2 -2 -5 -1  5   39   0   0   0   0   0   0   1  12   3   0   0   0   1   0   1   1   0   1  41  0.85 inf
  108 M   -1 -2 -5 -5 -1 -3 -4 -5 -4  4  0 -3  6 -3 -4 -4 -2 -5 -3  4    3   2   0   0   1   1   0   0   0  22   5   1  28   0   0   0   2   0   0  35  0.92 inf
  109 S   -2 -4 -3 -4 -4 -3 -4 -3 -4 -6 -6 -4 -5 -6 -4  7  0 -6 -5 -3    0   0   0   0   0   0   0   1   0   0   0   0   0   0   0  94   3   0   0   2  1.89 inf
  110 E   -4 -3 -2  6 -6 -1  5 -3 -3 -6 -4 -2 -5 -6 -2 -2 -3 -6 -5 -5    0   0   1  50   0   1  42   1   0   0   1   0   0   0   1   1   1   0   0   0  1.48 inf
  111 D    0  4 -1  1 -4  1  3 -3 -1 -3 -1  1 -2 -1 -2 -1  0 -4 -3 -2   10  26   1   8   0   6  20   0   1   1   7   7   0   4   1   2   6   0   0   1  0.35 inf
  112 V   -3 -5 -5 -6 -4 -5 -5 -6 -5 -1  3 -5  3  5 -5 -4 -3 -3 -2  4    1   0   0   0   0   0   0   0   0   0  34   0   6  27   0   0   0   0   0  31  0.96 inf
  113 E   -1 -3 -4 -2 -4 -2  5 -4 -3  3  1 -3  0 -4 -4 -3 -2 -5 -4  2    3   0   0   0   0   0  49   0   0  16  11   0   2   0   0   0   2   0   0  15  0.76 inf
  114 R    1  3  0  3 -4  1  4 -2 -2 -4 -4  1 -3 -5 -3 -1 -1 -5 -4 -3   14  21   4  16   0   3  28   2   0   0   0   5   0   0   0   3   3   0   0   1  0.54 inf
  115 R   -2  8 -3 -5 -5 -1 -3 -5  0 -6 -4  2 -4 -6 -5 -3 -4 -3 -4 -5    3  81   0   0   0   1   1   0   2   0   2   8   0   0   0   1   0   0   0   0  1.84 inf
  116 L   -4 -5 -6 -6 -4 -5 -5 -6 -5  5  4 -5  2 -2 -5 -5 -3 -4 -3  2    0   0   0   0   0   0   0   0   0  40  44   0   5   0   0   0   0   0   0  11  1.09 inf
  117 V    3 -3 -2  5 -1 -2  0 -3 -3 -1 -1 -3 -2 -2 -3 -1 -1 -3 -2  1   25   1   0  40   1   0   3   1   0   4   6   0   0   1   0   3   2   0   2  11  0.56 inf
  118 K    3  0 -1  1 -3  0  3 -1 -1 -3 -4  0 -3 -4 -1  0  0 -5 -4 -2   35   5   1   9   0   3  24   3   1   0   0   5   0   0   2   4   6   0   0   2  0.43 inf
  119 V    0  0 -3 -3 -3 -1 -2 -4  2  1  2  1  1  2 -3 -2 -1  1  1  1    8   4   0   0   0   2   0   0   6   5  28  11   4  10   0   2   2   2   4  12  0.21 inf
  120 L   -4 -5 -7 -7 -4 -5 -6 -7 -6 -1  6 -6  1 -2 -6 -6 -4 -5 -4 -1    0   0   0   0   0   0   0   0   0   1  96   0   2   0   0   0   0   0   0   1  1.77 inf
  121 N   -2 -3  1  3 -5 -3  0  6 -1 -6 -6 -2 -5 -6 -3 -2 -3 -5 -5 -5    1   1   5  15   0   1   5  65   2   0   0   1   0   0   1   2   1   0   0   0  1.22 inf
  122 N   -3  0  3  3 -4 -2  0 -3  7 -5 -4 -2 -3  1 -3 -1 -2 -4  3 -4    1   5  14  16   0   1   6   1  32   0   1   1   0   8   1   2   2   0   9   0  0.82 inf
  123 P   -3 -6 -5 -5 -5 -4 -5 -5 -2 -5 -6 -4 -6 -7  9 -4 -2 -7 -4 -4    1   0   0   0   0   0   0   0   1   0   0   0   0   0  91   1   2   0   1   1  2.74 inf
  124 T    1  1 -2  1 -3  1  1 -2 -1 -3 -3  0 -2 -4 -1  1  4 -1 -2 -1   11   7   0   7   0   6  10   2   1   0   1   4   0   0   2  10  31   1   1   5  0.30 inf
  125 T   -1  5 -3 -3 -4 -1  0 -4  3 -2 -3 -1 -2  1 -4 -1  2 -2 -1  2    4  34   0   0   0   1   5   0   7   1   1   1   0   7   0   2  18   0   2  16  0.50 inf
  126 S   -3 -5 -2  7  2 -3 -2 -4 -4 -6 -6 -4 -6 -6 -4  3 -1 -7 -6 -6    1   0   0  70   5   0   0   0   0   0   0   0   0   0   0  21   2   0   0   0  1.69 inf
  127 P   -4 -6 -6 -5 -7 -5 -5 -6 -6 -7 -7 -5 -6 -8  9 -4 -4 -8 -7 -6    0   0   0   0   0   0   0   0   0   0   0   0   0   0  98   1   1   0   0   0  3.19 inf
  128 F   -5 -4 -4 -5 -6 -4 -4 -6 10 -6 -5 -5 -5  2 -6 -5 -5  2  5 -6    0   0   0   0   0   0   0   0  66   0   0   0   0   9   0   0   0   3  22   0  2.48 inf
  129 G   -3 -6 -4 -5 -6 -5 -6  8 -6 -7 -7 -5 -6 -7 -6 -4 -5 -6 -7 -7    0   0   0   0   0   0   0 100   0   0   0   0   0   0   0   0   0   0   0   0  2.50 inf
  130 N   -2 -4  5  6 -2 -3 -1 -4 -1 -6 -6 -3 -4 -6 -4 -1  0 -7 -5 -6    2   0  31  55   1   0   1   0   1   0   0   0   0   0   0   3   4   0   0   0  1.48 inf
  131 P   -3 -6 -6 -5 -7 -5 -4 -6 -6 -6 -5 -5 -6 -7  9 -4 -5 -7 -7 -5    1   0   0   0   0   0   1   0   0   0   1   0   0   0  97   0   0   0   0   0  3.09 inf
  132 I   -5 -6 -7 -7 -4 -6 -7 -7 -7  8 -1 -6 -1 -3 -6 -6 -4 -6 -5  0    0   0   0   0   0   0   0   0   0  96   1   0   1   0   0   0   0   0   0   3  2.20 inf
  133 P   -5 -6 -6 -5 -7 -5 -5 -6 -3 -7 -7 -5 -6 -8  9 -5 -5 -8 -7 -6    0   0   0   0   0   0   0   0   1   0   0   0   0   0  99   0   0   0   0   0  3.25 inf
  134 G    3 -3 -2 -3 -3 -3 -3  5 -4 -4 -5 -3 -4 -5 -2  1  1 -5 -4 -4   23   0   0   1   0   0   0  55   0   0   0   0   0   0   1  11   9   0   0   0  0.97 inf
  135 L    2  1 -3 -4 -2 -1 -2 -3 -3  1  3 -1  0 -2 -3 -2 -2 -3 -3  1   24   9   0   0   1   2   1   0   0   5  44   3   1   0   0   0   1   0   0   9  0.36 inf
  136 V   -1 -3 -1  6 -5 -1  3 -2 -1 -4 -4 -2 -4 -5 -2  0 -3 -3 -4 -2    6   0   1  60   0   1  18   2   1   0   1   0   0   0   1   5   0   0   0   3  1.04 inf
  137 E    0 -1 -1  2 -4  1  4  1 -1 -3 -1  0  0 -3 -2 -1 -1 -4 -3 -2    6   0   0  13   0   5  46  10   0   0   5   4   4   0   0   2   0   0   0   2  0.42 inf
  138 L   -3 -4 -5 -5 -3 -4 -4 -5 -4  1  6 -4  1  0 -4 -3 -2 -3 -2  0    0   0   0   0   0   0   0   0   0   3  94   0   0   2   0   1   0   0   0   0  1.02 inf
  139 G   -1 -4 -2 -3 -4 -3 -4  7 -3 -5 -5 -3 -4 -5 -4 -2 -3 -4 -5 -5    0   0   0   0   0   0   0 100   0   0   0   0   0   0   0   0   0   0   0   0  1.70 inf
  140 V   -1 -3 -4 -4 -2 -3 -3 -4 -4  3  2 -3  1 -1 -3 -3 -1 -3 -2  4    0   0   0   0   0   0   0   0   0  12  26   0   1   0   0   0   0   0   0  60  0.51 inf

                      K         Lambda
Standard Ungapped    0.1357     0.3184
Standard Gapped      0.0630     0.2670
PSI Ungapped         0.2067     0.3150
PSI Gapped           0.0630     0.2670
