
Last position-specific scoring matrix computed, weighted observed percentages rounded down, information per position, and relative weight of gapless real matches to pseudocounts
           A  R  N  D  C  Q  E  G  H  I  L  K  M  F  P  S  T  W  Y  V   A   R   N   D   C   Q   E   G   H   I   L   K   M   F   P   S   T   W   Y   V
    1 C   -1 -4 -3 -4 10 -4 -4 -3 -4 -2 -2 -4 -2 -3 -4 -1 -1 -3 -3 -1    0   0   0   0 100   0   0   0   0   0   0   0   0   0   0   0   0   0   0   0  1.67 inf
    2 A    2 -2 -1 -2 -1 -1 -1 -1 -2  1 -1  0  0 -2 -2  1  1 -3 -2  2   32   0   1   0   0   1   0   0   0   2   0   4   2   0   0  19   3   0   0  35  0.17 inf
    3 I   -1 -3 -4 -4 -1 -3 -3 -4 -4  4  1 -3  1 -1 -3 -2 -1 -3 -2  4    0   0   0   0   0   0   0   0   0  48   0   0   0   0   0   0   0   0   0  52  0.45 inf
    4 C   -1 -4 -3 -4 10 -4 -4 -3 -4 -2 -2 -4 -2 -3 -4 -1 -1 -3 -3 -1    0   0   0   0 100   0   0   0   0   0   0   0   0   0   0   0   0   0   0   0  1.67 inf
    5 G    0 -3 -1 -2 -3 -1 -2  6 -2 -4 -4 -2 -3 -4 -1  0 -2 -3 -4 -4    0   0   0   0   0   2   0  92   0   0   0   0   0   0   2   4   0   0   0   0  1.04 inf
    6 D   -2 -2  1  7 -4 -1  1 -2 -2 -4 -4 -1 -4 -4 -2 -1 -2 -5 -4 -4    0   0   0 100   0   0   0   0   0   0   0   0   0   0   0   0   0   0   0   0  1.14 inf
    7 R   -2  5 -1 -2 -4  1  0 -2 -1 -3 -3  4 -2 -3 -2 -1 -1 -3 -1 -3    0  61   0   0   0   0   0   0   0   0   0  36   0   0   0   0   0   0   3   0  0.66 inf
    8 S    4 -2 -1 -2 -1 -1 -1  0 -2 -2 -2 -1 -1 -3 -1  3  0 -3 -2 -1   68   0   0   0   0   0   0   0   0   0   0   0   0   0   0  32   0   0   0   0  0.43 inf
    9 S    1 -1  0 -1  1  0  0 -1 -1 -3 -3 -1 -2 -3 -1  5  1 -3 -2 -2    0   0   0   0   3   0   2   0   0   0   0   0   0   0   0  95   0   0   0   0  0.56 inf
   10 G    0 -3 -1 -2 -3 -2 -3  6 -3 -4 -4 -2 -3 -4 -3 -1 -2 -3 -4 -4    0   0   0   0   0   0   0 100   0   0   0   0   0   0   0   0   0   0   0   0  1.20 inf
   11 K   -1  4 -1 -1 -4  1  0 -2 -1 -3 -3  5 -2 -4 -2 -1 -1 -3 -2 -3    0  30   0   0   0   0   0   0   0   0   0  70   0   0   0   0   0   0   0   0  0.63 inf
   12 H   -2 -1  0 -2 -4  0 -1 -3  9 -4 -4 -1 -2 -2 -3 -1 -2 -3  1 -4    0   0   0   0   0   0   0   0 100   0   0   0   0   0   0   0   0   0   0   0  1.27 inf
   13 Y   -2 -2 -3 -4 -3 -2 -3 -4  1 -2 -2 -2 -2  3 -4 -2 -2  2  8 -2    0   0   0   0   0   0   0   0   0   0   0   0   0   0   0   0   0   0 100   0  1.19 inf
   14 G    0 -3 -1 -2 -3 -2 -3  6 -3 -4 -4 -2 -3 -4 -3 -1 -2 -3 -4 -4    0   0   0   0   0   0   0 100   0   0   0   0   0   0   0   0   0   0   0   0  1.20 inf
   15 V    2 -2 -3 -3  0  0 -2 -2 -3  2  0 -2  0 -2 -2 -1  0 -3 -2  4   25   0   0   0   2   8   0   0   0   0   2   0   0   0   0   0   0   0   0  64  0.24 inf
   16 Y   -2 -2 -3 -3 -2 -2 -3 -3  1  1  0 -2  0  4 -3 -2 -1  1  6  1    0   0   0   0   0   0   0   0   2  14   0   3   0  16   0   2   2   0  51  11  0.47 inf
   17 S    1 -1  0 -1  1 -1 -1 -1 -1 -2 -3 -1 -2 -3 -1  4  3 -3 -2 -2    0   0   0   0   3   0   0   0   0   0   0   0   0   0   0  78  18   0   0   0  0.48 inf
   18 C   -1 -4 -3 -4 10 -4 -4 -3 -4 -2 -2 -4 -2 -3 -4 -1 -1 -3 -3 -1    0   0   0   0 100   0   0   0   0   0   0   0   0   0   0   0   0   0   0   0  1.66 inf
   19 E   -1  0 -1  1 -4  2  6 -3  0 -4 -3  1 -3 -4 -2 -1 -1 -3 -3 -3    0   0   0   0   0   0 100   0   0   0   0   0   0   0   0   0   0   0   0   0  0.92 inf
   20 G    0 -3 -1 -2 -3 -2 -3  6 -3 -4 -4 -2 -3 -4 -3 -1 -2 -3 -4 -3    0   0   0   0   0   0   0  97   0   0   0   0   0   0   0   0   0   0   0   3  1.12 inf
   21 C   -1 -4 -3 -4 10 -4 -4 -3 -4 -2 -2 -4 -2 -3 -4 -1 -1 -3 -3 -1    0   0   0   0 100   0   0   0   0   0   0   0   0   0   0   0   0   0   0   0  1.66 inf
   22 K   -1  2 -1 -1 -4  1  1 -2 -1 -3 -3  6 -2 -4 -1 -1 -1 -4 -2 -3    0   0   0   0   0   0   5   0   0   0   0  95   0   0   0   0   0   0   0   0  0.67 inf
   23 G    0 -3 -1 -2 -3 -2 -2  6 -2 -4 -4 -2 -3 -4 -2  1 -1 -3 -3 -3    0   0   0   0   0   0   0  87   0   0   0   0   0   0   0  13   0   0   0   0  0.98 inf
   24 F   -3 -3 -4 -4 -3 -4 -4 -4 -2  0  0 -4  0  7 -4 -3 -3  1  3 -1    0   0   0   0   0   0   0   0   0   0   2   0   0  98   0   0   0   0   0   0  0.98 inf
   25 F   -3 -3 -4 -4 -3 -4 -4 -4 -2 -1  0 -4  0  7 -4 -3 -3  1  3 -1    0   0   0   0   0   0   0   0   0   0   0   0   0 100   0   0   0   0   0   0  1.02 inf
   26 K   -1  2 -1 -1 -4  1  1 -2 -1 -3 -3  6 -2 -4 -1 -1 -1 -4 -2 -3    0   0   0   0   0   0   0   0   0   0   0 100   0   0   0   0   0   0   0   0  0.71 inf
   27 R   -2  7 -1 -2 -4  1 -1 -3 -1 -4 -3  2 -2 -3 -3 -1 -2  2 -2 -3    0  97   0   0   0   0   0   0   0   0   0   0   0   0   0   0   0   3   0   0  0.92 inf
   28 T    0 -1  0 -1 -1 -1 -1 -1 -2 -2 -2 -1 -1 -3 -1  3  4 -3 -2 -1    0   0   0   0   0   0   0   0   0   0   0   0   0   0   0  41  59   0   0   0  0.49 inf
   29 V   -1 -3 -4 -4 -1 -3 -3 -4 -4  4  1 -3  1 -1 -3 -2 -1 -3 -2  4    0   0   0   0   0   0   0   0   0  32   0   0   0   0   0   0   0   0   0  68  0.44 inf
   30 R   -2  7 -1 -2 -4  1  0 -3 -1 -4 -3  2 -2 -3 -3 -1 -2 -3 -2 -3    0 100   0   0   0   0   0   0   0   0   0   0   0   0   0   0   0   0   0   0  0.97 inf
   31 K   -1  3 -1 -1 -4  1  0 -2 -1 -3 -3  5 -2 -4 -2 -1 -1 -4 -2 -3    0  13   0   0   0   0   0   0   0   0   0  87   0   0   0   0   0   0   0   0  0.65 inf
   32 D   -2 -1  4  5 -4  2  2 -1  1 -4 -4  0 -3 -3 -2  0 -1 -4 -2 -3    0   0  27  48   0  12   6   0   2   0   0   3   0   0   0   0   0   0   1   0  0.59 inf
   33 L   -2 -3 -4 -4 -2 -3 -3 -4 -3  1  5 -3  2  0 -3 -3 -2 -2 -1  1    0   0   0   0   0   0   0   0   0   0 100   0   0   0   0   0   0   0   0   0  0.59 inf
   34 T    0 -1  0 -1  0 -1 -1  1 -1  0 -2 -1 -1 -2 -2  2  3 -3 -2  0    0   0   2   0   2   2   0  15   1   6   0   1   0   0   0  24  41   0   0   7  0.24 inf
   35 Y   -2 -2 -3 -4 -3 -2 -3 -4  1 -2 -2 -2 -2  3 -4 -2 -2  2  8 -2    0   0   0   0   0   0   0   0   0   0   0   0   0   0   0   0   0   0 100   0  1.19 inf
   36 T    2 -2 -1 -2 -1 -1 -1 -1 -2 -1 -1 -1 -1 -2 -1  2  4 -3 -2  0   33   0   0   0   0   2   0   0   0   3   3   0   0   0   0  11  47   0   0   2  0.31 inf
   37 C   -1 -4 -3 -4 10 -4 -4 -3 -4 -2 -2 -4 -2 -3 -4 -1 -1 -3 -3 -1    0   0   0   0 100   0   0   0   0   0   0   0   0   0   0   0   0   0   0   0  1.66 inf
   38 R   -2  7 -1 -2 -4  1  0 -3 -1 -4 -3  2 -2 -3 -3 -1 -2 -3 -2 -3    0 100   0   0   0   0   0   0   0   0   0   0   0   0   0   0   0   0   0   0  0.97 inf
   39 D    0 -2  0  4 -3  0  2  3 -1 -4 -4 -1 -3 -4 -2  0 -1 -4 -3 -3    4   0   0  35   0   0  22  32   0   0   0   0   0   0   0   7   0   0   0   0  0.50 inf
   40 N    0 -1  4  3 -3  0  2 -1  0 -3 -3  0 -2 -3 -2  2  0 -4 -2 -3    2   0  35  16   0   0  14   2   0   0   0   2   0   0   0  28   2   0   0   0  0.42 inf
   41 K   -1  4 -1 -1 -4  2  0 -1 -1 -3 -3  4 -2 -4 -2 -1 -1 -3 -2 -3    0  34   0   0   0   5   0   2   0   0   0  59   0   0   0   0   0   0   0   0  0.58 inf
   42 D   -1  0  4  5 -3  1  2 -1  1 -4 -4  0 -3 -4 -2  1 -1 -4 -3 -3    0   2  28  45   0   4   8   2   3   0   0   0   0   0   0   9   0   0   0   0  0.55 inf
   43 C   -1 -4 -3 -4 10 -4 -4 -3 -4 -2 -2 -4 -2 -3 -4 -1 -1 -3 -3 -1    0   0   0   0 100   0   0   0   0   0   0   0   0   0   0   0   0   0   0   0  1.66 inf
   44 L   -1 -2 -2 -2 -2  0  0 -3 -2  2  1 -1  2 -1  3 -1  0 -3 -2  2    0   0   0   0   0   8   5   0   0  19  17   0   8   0  20   3   5   0   0  17  0.24 inf
   45 I   -1 -3 -4 -4 -1 -3 -3 -4 -4  5  1 -3  1 -1 -3 -3 -1 -3 -2  3    0   0   0   0   0   0   0   0   0  71   0   0   0   0   0   0   0   0   0  29  0.47 inf
   46 D   -2 -2  3  6 -3 -1  1 -2 -1 -2 -3 -1 -3 -4 -2  0  1 -4 -3 -3    0   0  17  70   0   0   0   0   0   2   0   0   0   0   0   0  10   0   0   0  0.73 inf
   47 K   -1  2  0 -1 -4  3  1 -2 -1 -3 -3  5 -2 -4 -1 -1 -1 -3 -2 -3    0   2   0   0   0  13   0   0   0   0   0  85   0   0   0   0   0   0   0   0  0.62 inf
   48 R   -2  5  0 -2 -4  1  0 -3  6 -3 -2  1 -2 -3 -1 -1 -1 -3  0 -3    0  57   0   0   0   0   0   0  35   0   2   1   0   0   2   0   3   0   0   0  0.62 inf
   49 Q   -2  0  0 -1 -3  5  1 -2  6 -3 -2  0 -1 -2 -2 -1 -1 -2  1 -3    0   0   2   0   0  55   0   0  37   0   2   0   0   0   0   0   0   0   3   0  0.63 inf
   50 R   -2  7 -1 -2 -4  1  0 -3 -1 -4 -3  2 -2 -3 -3 -1 -2 -3 -2 -3    0 100   0   0   0   0   0   0   0   0   0   0   0   0   0   0   0   0   0   0  0.97 inf
   51 N   -2 -1  7  1 -3  0 -1 -1  0 -4 -4 -1 -3 -4 -3  0  0 -4 -3 -4    0   0 100   0   0   0   0   0   0   0   0   0   0   0   0   0   0   0   0   0  0.97 inf
   52 R   -2  6 -1 -2 -4  2  0 -3  0 -4 -3  2 -2 -3 -3 -1 -1 -3 -2 -3    0  87   0   0   0  13   0   0   0   0   0   0   0   0   0   0   0   0   0   0  0.84 inf
   53 C   -1 -4 -3 -4 10 -4 -4 -3 -4 -2 -2 -4 -2 -3 -4 -1 -1 -3 -3 -1    0   0   0   0 100   0   0   0   0   0   0   0   0   0   0   0   0   0   0   0  1.66 inf
   54 Q   -1  1  0 -1 -4  7  2 -2  0 -3 -3  1 -1 -4 -2 -1 -1 -3 -2 -3    0   0   0   0   0 100   0   0   0   0   0   0   0   0   0   0   0   0   0   0  0.91 inf
   55 Y   -2 -2 -3 -4 -3 -2 -3 -4  2 -2 -1 -2 -1  4 -4 -2 -2  2  8 -2    0   0   0   0   0   0   0   0   2   0   0   0   0  13   0   0   0   0  85   0  1.02 inf
   56 C   -1 -4 -3 -4 10 -4 -4 -3 -4 -2 -2 -4 -2 -3 -3 -1 -1 -3 -3 -1    0   0   0   0  98   0   0   0   0   0   0   0   0   0   0   0   0   0   0   0  1.60 inf
   57 R   -2  7 -1 -2 -4  1  0 -3 -1 -4 -3  2 -2 -3 -3 -1 -2 -3 -2 -3    0 100   0   0   0   0   0   0   0   0   0   0   0   0   0   0   0   0   0   0  0.97 inf
   58 Y   -2 -2 -3 -4 -2 -2 -3 -4  0  0  2 -3  0  2 -3 -2 -2  1  6 -1    0   0   0   0   0   0   0   0   0   0  40   0   0   3   0   0   0   0  57   0  0.58 inf
   59 Q   -1  2  0 -1 -3  6  1 -2  0 -3 -2  2  1 -3 -2 -1 -1 -3 -2 -3    0   8   3   0   0  74   0   0   0   0   0   9   5   0   0   0   0   0   0   0  0.62 inf
   60 K   -1  3 -1 -1 -4  1  0 -2 -1 -3 -3  6 -2 -4 -2 -1 -1 -4 -2 -3    0   7   0   0   0   0   0   0   0   0   0  93   0   0   0   0   0   0   0   0  0.67 inf
   61 C   -1 -4 -3 -4 10 -4 -4 -3 -4 -2 -2 -4 -2 -3 -4 -1 -1 -3 -3 -1    0   0   0   0 100   0   0   0   0   0   0   0   0   0   0   0   0   0   0   0  1.66 inf
   62 L   -2 -3 -4 -4 -2 -2 -3 -4 -3  2  4 -3  3  1 -3 -3 -1 -2 -1  1    0   0   0   0   0   2   0   0   0   6  77   0   7   2   0   0   0   0   0   5  0.47 inf
   63 A    3  0  0 -1 -1  0  0  0 -1 -1 -1  1 -1 -2 -1  1  0 -3 -2 -1   39   4   3   2   0   4   2   5   0   1   4  13   1   0   0  11   5   0   0   3  0.16 inf
   64 M   -1 -2 -3 -4  2 -1 -3 -3 -2  1  1 -2  6  0 -3 -2  0 -2 -1  2    2   0   0   0   5   1   0   0   0   2   4   0  59   4   0   0   5   0   0  18  0.38 inf
   65 G    0 -3 -1 -2 -3 -2 -3  7 -3 -5 -4 -2 -3 -4 -3 -1 -2 -3 -4 -4    0   0   0   0   0   0   0 100   0   0   0   0   0   0   0   0   0   0   0   0  1.26 inf
   66 M   -2 -2 -3 -4 -2 -1 -3 -4 -2  1  2 -2  8 -1 -3 -2 -1 -2 -2  0    0   0   0   0   0   0   0   0   0   0   0   0 100   0   0   0   0   0   0   0  0.87 inf

                      K         Lambda
Standard Ungapped    0.1420     0.3301
Standard Gapped      0.0505     0.2670
PSI Ungapped         0.1660     0.3203
PSI Gapped           0.0505     0.2670
