
Last position-specific scoring matrix computed, weighted observed percentages rounded down, information per position, and relative weight of gapless real matches to pseudocounts
           A  R  N  D  C  Q  E  G  H  I  L  K  M  F  P  S  T  W  Y  V   A   R   N   D   C   Q   E   G   H   I   L   K   M   F   P   S   T   W   Y   V
    1 S    1 -1  0 -1 -1  0  0 -1 -1 -2 -3 -1 -2 -3 -1  4  2 -3 -2 -2    0   0   0   0   0   0   0   0   0   0   0   0   0   0   0  85  15   0   0   0  0.50 inf
    2 E   -1  4  0 -1 -3  2  1 -2 -1 -3 -3  2 -2 -3 -2  2  0 -3 -2 -3    0  38   0   0   0   7  10   0   0   0   0  11   0   0   0  34   0   0   0   0  0.47 inf
    3 F   -2 -2 -3 -3 -2 -2 -3 -3 -3  1  0 -1  6  3 -3 -2  2 -2 -1  1    0   0   0   0   0   0   0   0   0   5   0   5  42  19   0   0  22   0   0   7  0.46 inf
    4 G    1  1  2 -1 -2  0 -1  3  1 -3 -3  1 -2 -3 -2  1  0 -3 -2 -2   16  11  12   0   0   3   0  30   4   0   0   8   0   0   0   9   7   0   0   0  0.32 inf
    5 H   -3 -2  0 -2 -4  2  0 -4  8 -3  1 -2 -2 -2 -4 -2 -3  4  0 -3    0   0   3   0   0  11   6   0  56   0  17   0   0   0   0   0   0   7   0   0  0.99 inf
    6 R    1  5  1 -2 -3  0 -1 -2 -1 -3 -2  2 -2 -4 -3  1 -1 -4 -3 -2   11  54   6   0   0   3   0   0   0   0   2   7   0   0   0  16   0   0   0   1  0.63 inf
    7 T   -1  0 -2 -2 -3  2 -2 -3 -3 -1  0 -1 -2 -3  2  0  5 -4 -3 -1    3   4   0   0   0  10   0   0   0   1   8   2   0   0  11   3  55   0   0   3  0.54 inf
    8 L   -3 -4 -1 -4  0 -3 -4 -1 -4  2  3 -4  6 -2 -1 -3 -2 -4 -3  0    0   0   4   0   2   0   0   4   0  14  36   0  34   0   4   0   1   0   0   1  0.72 inf
    9 A    4 -3 -2 -3 -3  0 -1 -1 -3  1 -1 -2 -2 -4 -2  3  2 -4 -3 -2   40   0   0   0   0   4   3   2   0   9   4   0   0   0   1  23  13   0   0   0  0.48 inf
   10 S    1 -2 -1  3  1 -2  0 -2 -3 -3 -1  0 -1 -2 -1  3  2 -4 -3 -2   10   0   1  18   3   0   4   1   0   0   6   6   1   1   3  29  16   0   0   1  0.34 inf
   11 T    2 -1 -2 -2  2  0 -2  0  0 -1 -1  0  0 -2 -1  2  1 -4 -2  0   20   2   0   0   6   4   0   6   3   4   7   7   2   1   2  24   7   0   1   5  0.18 inf
   12 P   -1 -3 -1 -1 -3 -3 -1  2 -3 -4 -4  1 -4  2  5  1 -2  3 -3 -4    5   0   2   3   1   0   4  16   0   1   0   9   0   9  35  10   1   4   0   0  0.70 inf
   13 A    2  0 -1 -2 -2  1  1 -2 -2 -3 -1  1 -2 -4 -1  3  1 -4 -3 -2   18   4   2   0   1   6  10   1   0   1   6   7   0   0   2  32   9   0   0   1  0.35 inf
   14 L   -1 -2 -1 -2  1 -1  2  1 -3  1  2  0  2 -1  0 -2 -1 -3 -3 -1    3   1   2   1   4   2  21  14   0   7  20   5   7   2   5   1   4   0   0   3  0.17 inf
   15 W   -7 -7 -8 -8 -7 -7 -7 -7 -6 -2 -4 -7 -6  4 -8 -4  0 12  2 -6    0   0   0   0   0   0   0   0   0   3   1   0   0  13   0   1   6  69   7   0  3.35 inf
   16 A    0  4  0 -3 -3  2 -1  2  3 -2 -3  2 -3 -1 -3  0  0 -5 -2 -2    6  23   3   0   1   9   2  15   7   3   1  11   0   2   1   5   6   0   1   3  0.35 inf
   17 S   -1  1 -3  1 -1  0  0 -3 -2 -2 -3  3  4 -4  0  3  1 -1  0 -3    5   8   0   7   1   3   4   1   1   2   1  16  11   0   5  20  10   1   3   1  0.35 inf
   18 I   -5 -6 -7 -7 -3 -6 -5 -7 -7  6  4 -6 -2  1 -7 -6 -3 -6 -3  1    0   0   0   0   1   0   1   0   0  39  43   0   0   6   0   0   1   0   1   8  1.35 inf
   19 P   -2  2  0 -2  0 -1 -1 -3 -2  1 -1  1 -4 -5  5 -1 -1 -5 -4 -1    3  12   6   2   2   3   4   2   1   8   6   8   0   0  32   3   4   0   0   3  0.58 inf
   20 C   -2 -4 -3 -6  7 -5 -4 -4  0  4  3 -3  0 -1 -5 -2 -1 -5 -4  2    2   1   2   0  20   0   1   1   2  21  23   2   2   2   0   2   3   0   0  15  0.79 inf
   21 P    0 -2  0  0  0 -1  1 -3 -1 -3 -3  1 -3 -2  4  3  2 -5 -4 -4    9   2   4   4   2   2   8   1   1   2   3   8   1   2  20  22  11   0   0   1  0.46 inf
   22 R    0  2 -1 -1 -3  1  1 -2  0 -1  0  3 -2 -3  2  0 -2 -4 -2 -1    7  11   2   3   0   5   9   2   2   3  10  17   1   1  11   9   1   0   1   5  0.21 inf
   23 S    0  0  1  1 -2  1  1  1 -2 -2 -3  0 -3 -4  0  2  1 -5 -3 -2    8   4   6   9   1   5  11   9   1   3   2   5   0   1   4  18   9   0   0   2  0.22 inf
   24 E   -3 -3  0  4 -1  1  4 -1  2 -5 -5 -2 -5 -3  2  0 -3 -6 -1 -2    2   1   4  23   2   5  28   4   4   0   1   1   0   1   9   8   1   0   2   3  0.64 inf
   25 L   -5 -5 -7 -7 -2 -5 -7 -7 -6  2  4 -7  1  7 -7 -7 -5 -5 -2  0    1   0   0   0   1   1   0   0   0   9  39   0   2  40   0   0   1   0   1   5  1.55 inf
   26 R   -4  1  4  5  3 -2  0 -5 -2 -2 -5 -2 -5 -6 -4  2 -3 -7 -3 -3    1   8  20  35   6   2   5   0   1   3   1   2   0   0   1  13   1   0   1   2  0.94 inf
   27 L   -4 -7 -7 -8 -1 -7 -7 -8 -7  2  6 -7 -1 -2  1 -7 -4 -6 -6 -1    2   0   0   0   1   0   0   0   0  10  72   0   1   2   7   0   1   0   0   4  1.56 inf
   28 D    1  1  0  3 -5  2  2 -1  0 -4 -4  2 -4 -4  0  0 -1 -5  0 -3   10   7   4  18   0   7  15   4   2   1   1  11   0   0   4   7   4   0   4   1  0.35 inf
   29 L    0  0  1  0 -3  2  0 -3  3 -1  1  2  0 -1 -3 -1  0 -3 -1 -2   10   6   6   5   0  10   5   1   8   3  16  12   2   2   1   4   5   0   2   2  0.16 inf
   30 V   -3 -6 -3 -6 -2 -3 -6 -6 -6  4 -2 -6 -3 -6 -6 -1  6 -7 -6  2    2   0   2   0   1   1   0   0   0  21   3   0   0   0   0   4  52   0   0  13  1.40 inf
   31 L   -1 -6 -7 -7  1 -2 -6 -4 -4  2  5 -6  1  3 -7 -5 -4 -5 -3 -1    5   0   0   0   3   2   0   1   0  10  56   0   2  13   0   1   0   0   1   3  1.13 inf
   32 P   -1  2  1  2 -3  1  4 -3 -1 -4 -2 -1 -2  1  2 -1  0 -5 -2 -3    4  10   6  13   0   6  24   2   1   0   4   3   1   5   9   3   5   0   2   1  0.38 inf
   33 S   -2 -7 -1 -4  9 -6 -6 -1 -7 -7 -5 -6 -3 -7 -4  5  0 -7 -7 -3    2   0   3   1  36   0   0   5   0   0   1   0   1   0   1  41   5   0   0   2  1.82 inf
   34 G   -3 -8 -6 -3 -8 -7 -7  8 -7 -9 -6 -7 -8 -8 -5 -4 -5 -8 -8 -8    2   0   0   2   0   0   0  92   0   0   1   0   0   0   1   1   1   0   0   0  2.67 inf
   35 Q   -5 -6 -6 -7 -9  9 -4 -5 -6 -9 -8 -5 -3 -9 -4 -7 -7 -8 -8 -8    1   0   0   0   0  94   1   1   0   0   0   0   1   0   1   0   0   0   0   0  3.39 inf
   36 S    2 -5 -5 -6  8 -3 -6 -6 -6  0 -4 -6 -5 -4 -4  4  2 -7 -6  0   13   0   0   0  25   1   0   0   0   6   1   0   0   1   1  30  14   0   0   7  1.24 inf
   37 F   -8 -6 -9 -9 -3 -9 -9 -9 -4 -7 -5 -9 -6  9 -4 -2 -6 -5  4 -6    0   0   0   0   1   0   0   0   0   0   1   0   0  81   1   4   1   0  10   1  2.99 inf
   38 R   -2  8 -2 -5  0  0 -6 -4  0 -5  1 -4 -4 -4 -5 -2 -3 -7 -7 -5    3  65   2   1   2   3   0   2   2   1  12   0   0   1   1   3   2   0   0   1  1.68 inf
   39 W   -6 -9 -9 -9 -8 -8 -9 -6 -8 -4 -5 -9  2  3 -3 -9 -8 12  0 -5    1   0   0   0   0   0   0   1   0   1   1   0   5  11   2   0   0  74   2   1  3.93 inf
   40 R   -3  3  2  0 -2  1  1 -3  3 -1 -3  4 -2 -2 -4 -1 -1  1  0 -1    1  16   8   6   1   5   7   1   6   3   2  22   1   2   0   5   3   2   3   6  0.38 inf
   41 E   -3  4  0 -2  0  2  2 -6 -1 -4 -3  4 -2 -2  0 -2 -2 -3 -2 -3    2  22   4   2   2   8  15   0   1   1   3  24   1   2   6   2   2   0   1   2  0.63 inf
   42 Q   -1 -2  0  0  0  1  2 -3  0  1  0 -1 -1 -2 -2  0  2 -4 -2  1    4   2   5   6   2   8  13   1   3  11  11   3   1   2   2   7  12   0   1   8  0.14 inf
   43 S   -1 -2  1  5 -2 -1  3  1 -3 -5 -5 -1 -4 -5  0  1 -2 -6 -2 -3    6   2   7  28   1   2  17  11   0   1   1   3   0   0   5  11   2   0   1   2  0.60 inf
   44 P   -2 -3  2  5 -4 -1  2  2 -2 -5 -4  0 -6 -6  1 -1 -1 -7 -3 -5    3   1   8  29   0   2  13  18   1   1   2   5   0   0   8   4   4   0   1   1  0.68 inf
   45 A    0 -1  3  1 -2 -2  1  4  0 -2 -3 -1 -2 -4 -3 -2 -2 -5 -2 -2    6   4  12   8   1   2  10  33   2   2   3   4   1   1   1   3   2   0   1   3  0.46 inf
   46 H   -2  0 -1 -2 -1  0  2 -3  2 -1 -2 -1  3  0 -4  1  1  3  2 -1    2   5   3   2   1   5  16   2   5   3   3   2  10   4   0  13   9   4   6   4  0.25 inf
   47 W   -6 -3 -8 -5 -4 -4 -5 -6 -5 -7 -4 -7 -7  4 -8 -4 -5  9  8 -6    1   2   0   1   1   1   1   1   0   0   2   0   0  12   0   2   1  28  48   1  2.59 inf
   48 S   -1  2 -2 -1  0  0  0 -2  1  1 -2 -1 -2 -1 -4  2  3 -2  1 -1    4  11   1   3   2   5   7   3   3  10   3   2   1   2   0  17  17   1   4   5  0.23 inf
   49 G   -1 -4 -3 -4  2 -6 -5  5 -6  0 -1 -4 -2  0 -5 -1  0 -6 -3  0    6   1   1   1   5   0   1  48   0   5   7   1   1   5   0   5   5   0   1   8  0.84 inf
   50 V    1 -6 -4 -4  1 -3 -3 -5 -2  3 -2 -4 -1 -3 -3 -1  1 -3 -3  5   10   0   1   1   3   1   2   1   1  15   3   1   1   1   1   5   9   0   1  43  0.80 inf
   51 L    3 -3 -2 -3 -2 -4 -4 -4  1  2  1 -4  0  2 -1 -1 -1  0 -2  2   23   1   2   2   1   0   0   1   4  13  16   1   2   8   4   5   4   1   1  12  0.33 inf
   52 A    0  1  0  0 -2 -1 -1  4  2 -2 -2  1 -1  1 -3 -1 -3 -2  1 -3    8   8   5   5   1   2   3  29   4   2   5   8   2   6   1   4   1   0   5   1  0.32 inf
   53 D   -3  0  3  3 -6  0  0  4  0 -7 -5 -1 -6 -4  1  0 -3 -7 -3 -6    2   5  12  17   0   4   6  35   2   0   1   4   0   1   6   5   1   0   1   0  0.75 inf
   54 Q   -3  5  1  2  1  0 -1 -1  3 -3 -4  3 -1 -2 -4 -1 -1 -6 -1 -4    1  26   7  10   3   4   4   5   8   2   1  15   1   2   1   5   4   0   2   1  0.53 inf
   55 V    1 -4 -4 -4 -2 -4 -3 -3 -2  3  1 -3  0 -1 -2 -3 -2 -1  2  4   14   1   1   1   1   1   1   2   1  14  13   2   2   3   2   1   2   1   8  31  0.52 inf
   56 W   -1 -4 -7 -7 -1 -6 -6 -7 -6  4  3 -6 -1  0 -3 -6 -3  8  1  3    5   1   0   0   2   0   0   0   0  19  23   0   1   3   1   0   1  18   4  21  1.07 inf
   57 T   -2  2  1 -2  2 -1  2 -3  0 -2 -1  0 -1  0 -4  1  1 -3  3 -1    2  11   8   1   4   2  12   1   2   2   5   5   2   5   0   9   9   0  13   5  0.22 inf
   58 L   -2 -6 -6 -6 -1 -3 -4 -7 -2  3  4 -6  1  0 -3 -4 -3  1 -1  3    3   0   0   0   1   2   1   0   1  18  39   0   3   3   1   1   1   2   2  20  0.83 inf
   59 T   -2  4 -1 -3 -1 -1  0 -5  0 -2 -3  3 -1 -3 -3  1  2  1 -1 -2    3  22   2   1   1   2   7   0   2   2   3  19   1   1   1  10  15   2   2   4  0.47 inf
   60 Q   -3 -1 -2 -2 -2  7  0 -4  2 -3 -3  1 -1 -3 -2 -3 -2  0 -1 -2    2   3   2   2   1  50   6   1   4   1   3   9   2   1   2   1   2   1   2   4  1.11 inf
   61 T   -2  1  0  4 -1  0  2 -2  0 -2 -1  0 -1 -4 -1  0  1 -5 -2 -1    3   7   5  22   1   3  12   3   2   2   5   6   1   0   3   8  10   0   1   6  0.26 inf
   62 E   -1 -1  1  3 -1  0  2  2  0 -3 -4  0  0 -5  2  0 -1 -5 -5 -3    3   3   8  16   1   4  14  17   2   2   2   6   3   0   9   7   3   0   0   1  0.35 inf
   63 E   -2 -1  3  4 -1  0  2  1  0 -3 -4  0 -4 -2 -2  0  0 -5 -2 -3    3   2  13  25   1   3  14  10   2   1   2   5   0   2   2   6   5   0   1   2  0.44 inf
   64 Q   -1  0  1  1  0  0  1  1  2  0 -2  0 -1 -1 -1  0  0 -3  0  0    3   5   5  10   2   4   9  11   6   5   3   7   2   2   2   7   6   0   3   6  0.08 inf
   65 L   -2 -3 -1 -1 -3 -3 -3 -3 -2  3  4 -2 -1  0 -3 -3 -2 -4 -1  2    2   1   3   4   0   1   2   3   1  19  34   2   1   3   1   1   3   0   2  16  0.51 inf
   66 H   -1  0  0  0 -2 -1  1 -2  4  0  0 -1 -2  0 -3 -1  0  2  4 -1    4   5   4   5   1   2  11   3  11   7   8   3   0   3   1   5   6   3  14   4  0.22 inf
   67 C   -2 -2 -2 -3  3 -4 -2 -2 -3  2 -1 -4 -2  3 -3 -2 -2  4  6  1    2   2   2   2   6   1   3   4   0  10   5   1   1  12   2   2   3   5  29   8  0.70 inf
   68 T   -1  3 -1 -1 -2  0  0 -2  0  0 -1  1 -1 -2 -2  1  2 -3  1  0    4  16   2   4   1   3   6   2   2   5   6   8   1   1   2  11  16   0   5   5  0.16 inf
   69 V    0 -1 -1 -2  2 -1 -1 -1 -1  2  0 -1 -1  0  0  0  0 -1 -1  2    7   3   3   2   5   2   4   5   1  11   8   3   1   3   4   7   7   1   2  21  0.09 inf
   70 Y   -1  0 -2 -1  2 -1 -1 -2  2  1  0 -1 -1  2 -1 -1  0  1  4  1    3   4   2   3   5   3   4   3   5   8   7   3   1   8   3   5   7   2  15  10  0.15 inf
   71 R    0  1  1  0  0  0  0  0  1 -2 -1  0 -1  0  1  0  0  2  0 -1    7  10   8   6   2   3   4   9   4   2   6   5   1   5   6   9   4   3   3   4  0.07 inf
   72 S    0 -1 -1  0  1 -1  0  0  0  0 -1  0 -1 -1  2  1  1  2  0 -1    6   3   3   6   3   2   7   8   3   5   5   5   1   3  12  10   8   3   4   4  0.09 inf
   73 Q    0  0  0  0  0  0  0  0  0  0  0  0 -1  0  1  0  0  1  0  0    7   6   3   7   3   4   6   6   3   5   8   4   1   4   7   9   5   2   3   6  0.03 inf
   74 A    0  0  0  1 -1  0  0  0  1 -1  0  0 -1 -1  0  0  0 -2 -1  0    9   4   4   8   1   3   7   8   4   3   9   8   1   3   5   7   7   0   2   6  0.04 inf
   75 S    0 -1  2  1 -2 -1  1  1 -1 -2 -2  0 -2 -1  0  2  0 -1 -1 -2    7   3  10   9   1   1   8  11   1   2   4   6   1   3   3  20   5   1   3   3  0.16 inf
   76 R    0  0  0  1  1  0  1 -1 -1 -1 -1  1 -1 -2  0  1  1  2 -1  0    5   5   5   7   4   3  11   3   1   4   6   7   1   1   5  12   9   3   2   6  0.08 inf
   77 P    0 -1  1  1  3 -1  1 -1 -2 -2 -1  0 -2 -3  2  2  0 -3 -2 -2    7   3   8   7   6   2   9   5   1   2   6   7   0   1  12  16   6   0   1   2  0.20 inf
   78 T    0 -1  1  1 -1  0  3  0 -2 -1 -1  0 -1 -2 -1  1  2 -2  0 -1    6   2   6   6   1   2  19   6   1   3   5   6   2   2   2  11  14   0   3   3  0.17 inf
   79 P    0 -1  0  2 -2  0  2 -1 -1 -2 -1  1 -1 -2  2  0  1 -3 -1 -1    6   3   4  13   1   4  13   4   1   3   5   9   1   2  12   5   8   0   2   4  0.18 inf
   80 D    0 -2  1  5 -4  0  3 -2 -2 -3 -1 -1 -4 -3 -2 -2  0 -4 -2 -3    7   2   6  34   0   3  19   2   1   2   6   4   0   1   2   2   6   0   1   2  0.58 inf
   81 E    1 -2 -1  2 -2 -2  1 -2 -1  0  0 -2 -2  3 -1 -1  2  1  2 -1   11   2   2  12   1   1  11   2   1   5   8   2   0  13   3   4  13   2   6   3  0.16 inf
   82 L    0  1 -1  0 -3  0  3 -2 -1  0  0  0 -1  0  0 -1  0  0 -1  0    7   7   3   4   0   3  21   2   1   5  12   7   1   4   4   4   4   1   2   7  0.10 inf
   83 E    1 -1  2  2 -1  1  3 -2 -1 -3 -3  1 -3 -4  1  1 -1 -4 -3 -3   11   3   9  11   1   5  24   2   1   2   3   9   0   0   6   8   3   0   1   1  0.32 inf
   84 A    0 -2 -3 -2 -2 -1 -2 -3  0  2  1 -1  0  3 -2 -1 -1  3  1  1   10   2   0   3   1   3   1   1   3  16  13   3   2  17   2   3   3   4   3   9  0.22 inf
   85 V   -4 -6 -5 -4 -3 -5 -5 -6 -6  4  4 -6 -1  2 -6 -5 -3  8 -3  2    1   0   1   1   0   0   1   0   0  20  33   0   1   7   0   0   1  20   0  13  1.19 inf
   86 R   -2  4  0 -1  0  0  1 -4  1 -1 -1  2  0 -1 -4  0 -1  2  0 -1    2  26   3   3   2   4   8   0   4   4   6  12   2   3   0   6   4   3   3   5  0.29 inf
   87 K   -2  2  3  4 -5  0  2 -3  5 -4 -4  0 -4 -4 -1 -1 -2 -1 -1 -4    2  10  13  25   0   3  11   1  13   1   2   6   0   0   3   5   2   1   2   1  0.59 inf
   88 Y   -5 -1 -6 -6 -6 -5 -2 -6 -1 -2 -2 -5 -3  3 -6 -5 -5 -3  9 -5    1   3   0   0   0   0   3   0   1   3   4   0   0  10   0   1   0   0  71   0  2.29 inf
   89 F   -6 -5 -7 -7 -3 -6 -7 -7 -5 -3  3 -6 -4  8 -7 -6 -6 -4 -1 -4    0   1   0   0   1   0   0   0   0   1  25   0   0  69   0   0   0   0   1   1  2.23 inf
   90 Q   -2  3  3  5  0  3 -2 -2 -3 -6 -3 -3 -5 -5 -5  0 -1 -4 -4 -4    3  16  13  33   2  12   0   4   0   0   2   0   0   0   0   8   4   0   0   1  0.79 inf
   91 L   -3 -2 -5 -7 -2 -5 -5 -3 -6 -1  6 -5  1  0 -6 -4 -3 -2 -3 -1    3   2   0   0   1   0   1   3   0   2  75   1   3   3   0   1   2   1   1   2  1.33 inf
   92 D   -3 -1  2  6 -5 -3  1  1  0 -5 -3  0 -5 -6 -4  0 -3 -6 -2 -5    2   3  10  46   0   1  10   9   3   1   2   4   0   0   1   6   1   0   1   0  0.95 inf
   93 V   -2  3 -1  2 -3 -2 -1 -3  0  1 -1 -2 -1  1 -1 -2  1 -3  0  2    2  16   2  14   0   1   2   2   3  10   6   1   1   7   3   1  11   0   4  15  0.21 inf
   94 T   -3 -2  4  7 -2 -3 -1 -3 -3 -7 -7 -1 -6 -7 -1  1 -3 -7 -6 -6    2   2  17  55   1   1   2   2   0   0   0   4   0   0   3  10   1   0   0   0  1.39 inf
   95 L   -5 -6 -5 -2 -4 -5 -4 -7 -4  0  5 -6 -1 -1 -6 -5 -1  0  7 -1    0   0   0   3   0   0   1   0   0   5  46   0   1   1   0   1   4   1  32   3  1.25 inf
   96 A    1 -1  1  1 -1  0  3  1 -1 -3 -2  1 -2 -4 -1  1  0 -5 -3 -2   12   2   7   8   1   3  19   9   1   1   5   8   0   0   2  13   6   0   0   2  0.23 inf
   97 Q    1 -1 -1  2 -4  1  3 -2  0 -3 -3  2 -3 -5  0  1  0 -5 -2 -3   15   2   2  12   0   6  18   2   2   2   3  16   0   0   4  10   5   0   1   2  0.33 inf
   98 L   -1 -5 -4 -5 -3 -3 -5 -5 -4  5  4 -4  0  1 -5 -4 -3 -2  0  0    6   0   1   1   0   1   1   0   0  34  36   1   2   6   0   1   1   0   3   5  0.86 inf
   99 Y   -3  0 -2 -4  0 -1 -2 -5 -1  1  1  1 -1  2 -5 -3 -3  4  6 -1    1   5   2   1   2   2   3   0   1   9  12  11   1   8   0   1   1   4  32   3  0.69 inf
  100 H    0  2  0  1 -2  1  3 -2  0 -4 -3  3 -2 -4 -3  1 -1 -5 -4 -2    9  10   4   9   1   7  17   2   2   0   2  18   1   0   0  10   4   0   0   3  0.35 inf
  101 H    0  0  0  1 -2  2  2 -2  3 -3 -3  1 -2 -2 -3  2  0 -4  0 -2    9   6   4   9   1  10  12   3   8   2   1   9   1   1   0  15   4   0   3   2  0.27 inf
  102 W   -2 -6 -6 -4 -5 -5 -5 -5 -5  3  2 -5 -3  4 -6 -5 -2  9  0 -1    4   0   0   1   0   0   1   1   0  15  20   1   0  15   0   0   3  31   3   4  1.43 inf
  103 G    1  0  1 -1 -1 -1 -1  0 -3 -1  0  0  0 -3  1  3  1 -4 -3 -2   11   4   7   3   1   2   2   6   0   4   8   5   2   1   8  27   8   0   1   1  0.23 inf
  104 S    1  1 -1  1 -2  1  1 -2  0 -3 -2  3 -3 -4  3  2 -1 -4 -3 -3   12   7   2   7   1   5   8   2   2   1   3  17   0   1  13  14   2   0   0   1  0.31 inf
  105 V    1  2  1  2 -2  0  0 -1 -1 -1 -1  1 -1 -1 -2  0 -1 -3 -2  0   13  13   7  12   1   2   5   3   2   4   7   9   2   2   1   8   2   0   1   7  0.11 inf
  106 D   -6 -6 -1  8 -3 -4 -2 -5  1 -5 -6 -2 -7 -4 -3 -4 -4 -8 -1 -4    0   0   2  79   1   1   2   1   3   1   1   2   0   1   2   1   1   0   3   1  2.10 inf
  107 S    0 -2 -2  0 -4 -2  2 -2 -2 -3 -2  1 -1 -5  5  1 -2 -6 -2 -2    8   2   1   5   0   1  14   2   1   1   4   9   2   0  32  13   2   0   2   2  0.63 inf
  108 H   -1  1  2 -1 -2  0  0 -3  3  1  1  0 -1  0 -2 -2  0 -1  3  0    3   8  12   3   1   3   5   1  10   8  14   4   0   3   2   1   5   1  10   6  0.17 inf
  109 F   -4 -5 -6 -6 -2 -5 -5 -6 -5  1  4 -5  3  5 -6 -5 -3 -3 -1  1    0   0   0   0   1   0   0   0   0   7  44   0   6  29   0   0   1   0   2   9  1.06 inf
  110 Q    2  2 -1  0 -1  2  1 -2  1 -3 -3  4 -3 -3 -3  0  0  1 -2 -2   16   9   3   4   1   8   9   1   3   1   1  27   0   1   0   6   6   2   1   2  0.35 inf
  111 E    0  2  1  0 -3  1  2 -2  1 -3 -3  3 -2 -3 -1  1  0 -4 -1 -3    7  10   7   5   0   4  15   2   4   1   1  22   0   1   3  10   5   0   2   1  0.32 inf
  112 V    4 -1 -3 -4  0 -2 -3 -3 -3  0  1  0  0 -1 -3  1 -1 -4 -3  1   44   4   0   0   2   1   1   0   0   6  12   5   2   2   0   8   3   0   0   9  0.43 inf
  113 A    2 -2 -2 -3  0 -3 -3 -3 -2  3  0 -2  0  1 -3  0  0 -2  1  2   23   2   1   1   2   0   0   1   1  19   9   1   2   5   0   8   4   0   6  13  0.26 inf
  114 Q    0  0  1  2 -2  1  3 -1  0 -3 -2  1 -2 -4  2  1 -1 -4 -4 -3    7   5   6  12   1   7  20   3   2   1   5  11   0   0   9   9   2   0   0   1  0.30 inf
  115 K    1  1 -1 -2  0  0  0 -2  1 -2 -1  2 -2  2 -1  0 -1 -2  2 -2   13   8   3   1   2   4   7   2   4   1   5  16   0  13   2   6   2   0   7   2  0.15 inf
  116 F   -1 -3 -1 -4  3 -3 -3  2  1 -2  0 -3 -1  4 -2 -1 -2 -1  4 -2    5   1   4   0   8   0   1  18   3   2   9   1   1  22   2   5   2   1  14   1  0.43 inf
  117 Q    0  2  0 -1 -2  1  0 -1  0 -2 -2  1 -1 -2  3  0  0  2  1 -2    6  15   5   3   1   6   4   4   2   2   2  10   1   1  13   7   7   4   5   1  0.20 inf
  118 G   -2 -4 -3 -2 -5 -5 -5  7 -5 -6 -6 -4 -5 -6 -2 -2 -4 -5 -6 -6    1   1   0   2   0   0   0  88   0   0   0   1   0   0   2   2   0   0   0   0  1.97 inf
  119 V   -1 -4 -4 -5 -2 -4 -4 -5 -4  4  3 -4  3 -2 -4 -4 -2 -4 -1  3    3   0   1   0   0   0   0   0   0  29  33   0   8   1   0   0   0   0   1  20  0.74 inf
  120 R   -4  8 -4 -5 -6 -2 -3 -4  0 -6 -5  0 -3 -5 -5 -3 -3 -5 -5 -5    1  88   0   0   0   0   0   1   2   0   1   3   1   0   0   1   1   0   0   1  2.14 inf
  121 L   -2 -4 -4 -5 -2 -3 -4 -5 -5  5  3 -4  2 -1 -4 -4 -2 -4 -3  2    1   0   1   0   1   1   0   0   0  44  29   0   5   1   0   0   1   0   0  13  0.89 inf
  122 L   -3 -4 -5 -5 -2 -4 -5 -5 -5  2  5 -4  1  0 -5 -4 -2 -4 -3  2    1   0   0   0   0   0   0   0   0   9  67   0   2   3   0   0   2   0   0  12  1.00 inf
  123 R   -2  6  3 -1 -4  1 -2 -2 -1 -5 -4  2 -3 -4 -4  0 -2 -5 -4 -4    3  46  17   2   0   5   1   3   1   0   1  11   0   0   0   5   2   0   0   0  0.84 inf
  124 Q   -4 -3 -2  1 -2  8 -2 -5  0 -3 -3 -1 -1 -6 -5 -3 -3 -5 -3 -5    0   0   1   8   1  76   0   0   2   2   3   2   1   0   0   1   1   0   1   0  1.79 inf
  125 D   -4 -4  1  7 -6 -2  2 -4 -2 -6 -5 -3 -5 -4  3 -2 -4 -6 -4 -6    1   0   5  64   0   1  10   0   1   0   1   0   0   1  14   2   0   0   0   0  1.47 inf
  126 P    0 -2 -4 -4 -5 -3 -3 -4 -3 -3 -1 -1 -2  1  7 -2 -3 -5 -3 -2   10   2   1   0   0   0   1   1   0   1   8   3   1   6  60   2   1   0   1   3  1.39 inf
  127 I   -4 -5 -6 -4 -5 -5 -4 -5 -3 -1 -1 -4 -3  6 -4 -5 -2 10  1  0    1   0   0   1   0   0   1   1   1   4   6   1   0  30   1   1   2  43   3   7  1.91 inf
  128 E   -3 -3 -3  0 -6  0  7 -2 -3 -6 -5 -2 -5 -6 -1 -2 -4 -6 -5 -4    2   0   0   2   0   3  82   4   0   0   1   0   0   0   3   1   0   0   0   1  1.70 inf
  129 C    1 -4  0 -4  8 -4 -4 -4 -4 -1 -3 -4  3 -4 -4 -1  4 -5 -4 -2   13   0   5   0  37   0   0   1   0   3   1   0  10   0   0   4  24   0   0   2  1.16 inf
  130 L   -3 -4 -5 -5  0 -4 -5 -5 -5  3  5 -4  1 -1 -5 -3 -1 -4 -3  0    1   0   0   0   2   0   0   0   0  15  66   0   3   1   0   1   4   0   1   5  0.99 inf
  131 F   -1 -4 -5 -5  3 -4 -4 -5 -4  5  1 -4  0  3 -4 -3 -2 -3 -1  3    5   0   0   0   6   0   0   0   0  42   8   0   2  16   0   1   1   0   1  16  0.76 inf
  132 S   -1 -3 -2 -3  2  0 -2 -2 -3 -4 -4 -3 -4  1 -3  6  2 -4 -3 -3    4   0   0   0   4   3   2   3   0   0   1   0   0   7   0  60  12   0   0   2  0.93 inf
  133 F   -4 -5 -5 -5 -5  1 -5 -4 -4 -3 -3 -5 -3  8 -5 -1 -4 -2  4 -4    1   0   0   0   0   7   0   2   0   0   1   0   0  72   0   4   0   0  10   0  1.88 inf
  134 I   -4 -5 -5 -5 -4 -4 -5 -6 -5  6  2 -5  4 -3 -5 -4 -3 -5 -4  1    0   0   0   0   0   0   0   0   0  59  17   0  12   0   0   0   0   0   0   7  1.28 inf
  135 C   -2 -5 -4 -5  9 -4 -5 -3 -5  4  0 -4 -3 -2 -4 -2  1 -4 -4 -1    2   0   0   0  44   0   0   2   0  23   9   0   0   1   0   3  10   0   0   3  1.33 inf
  136 S    1 -4 -3 -3 -3 -3 -3 -3 -4 -1 -4 -3 -4 -5 -3  6  0 -5 -4 -1   12   0   0   0   0   0   0   1   0   4   1   0   0   0   0  72   5   0   0   4  1.23 inf
  137 S    3 -2  1 -3 -3  4 -2 -3 -3 -3 -4 -2 -3 -4 -1  3  1 -4 -4 -2   25   0   7   0   0  25   0   1   0   1   1   0   0   0   2  26   9   0   0   1  0.64 inf
  138 C   -1  1  7 -2 -2  3 -2 -1 -1 -5 -4  1 -2 -5 -4 -2 -1 -5 -2 -3    6   6  52   0   1  13   0   5   1   0   1   7   1   0   0   1   2   0   1   2  0.98 inf
  139 N   -2 -2  6 -2  0 -2 -3 -3 -2  0 -3  2  3 -4 -4  0 -1 -1 -4 -3    2   1  50   0   2   1   0   1   0   7   1  15   8   0   0   6   2   1   0   1  0.92 inf
  140 N   -2  3  6 -2 -4  1 -2  0  3 -5 -4 -2 -2 -4 -2  2 -1 -5 -3 -4    1  18  38   0   0   7   0   5   7   0   1   0   1   0   2  14   3   0   1   0  0.77 inf
  141 I   -3 -5 -5 -5 -4 -4 -5 -5 -5  7 -1 -5  2 -3 -5 -4  0 -5 -4  2    1   0   0   0   0   0   0   1   0  69   2   0   4   0   0   1   7   0   0  13  1.38 inf
  142 A    1  0 -2 -2 -3 -1 -2 -2  0 -2 -3  2 -3 -4  5  2  0 -3 -3 -1   10   5   1   1   0   2   1   3   2   2   1  11   0   0  32  17   4   0   0   4  0.60 inf
  143 R   -1  6 -1 -3 -2  1 -2 -1  1 -3 -2  0  1 -4 -1 -2 -2 -4 -4 -2    5  55   3   0   1   4   2   4   3   1   4   3   4   0   4   2   2   0   0   2  0.83 inf
  144 I   -4 -5 -3 -1 -4 -5 -5 -2 -5  8 -2 -5 -2 -3 -5 -4 -3  3 -4  0    1   0   1   4   0   0   0   4   0  80   1   0   0   0   0   1   1   4   0   2  1.60 inf
  145 T   -1  3 -1  0 -3  1  0 -2  2 -3 -3  3  1 -2 -3  1  3 -4 -2 -2    2  16   2   4   0   5   6   2   6   1   1  20   4   1   0  10  19   0   1   1  0.37 inf
  146 G   -1  2  0  1 -4  2  0  1 -2 -3 -3  3 -1 -4 -3  1 -1 -1 -3 -3    3  13   3   8   0  11   3  13   1   1   2  24   1   0   0  13   3   1   0   1  0.36 inf
  147 M   -1 -1 -2 -5  2 -1 -3 -3 -5  2  0 -4  8 -4 -5  0 -1 -5 -4 -1    6   4   2   0   5   3   1   2   0  13   5   0  45   0   0   7   3   0   0   3  1.04 inf
  148 V   -2 -5 -6 -6  2  1 -5 -3 -2  4  0 -5  1 -2 -6 -3 -2 -5 -2  5    2   0   0   0   4   7   0   2   1  27   9   0   3   1   0   2   2   0   1  39  0.89 inf
  149 E   -1  1  2  2 -2  2  3 -2  4 -5 -2  0 -1 -3 -4  0  0  2  0 -4    4   6   9  10   1   7  24   3   9   0   4   5   2   1   0   5   5   3   3   0  0.38 inf
  150 R    1  3  1  0 -1 -1 -1 -3 -1 -2 -1  3  0  0 -4  0  0  2  0 -2   10  17   7   4   1   1   2   1   1   1   6  18   2   5   0   7   6   3   3   2  0.22 inf
  151 L   -4 -5 -6 -6 -4 -5 -5 -6 -5  4  4 -5  4  2 -5 -5  0 -4 -3  1    0   0   0   0   0   0   0   0   0  20  48   0  10   8   0   0   6   0   0   8  0.95 inf
  152 C    1  0 -3 -4  8 -3 -2 -2 -4 -2 -2 -1 -3 -1 -1  3 -1 -4 -1 -1    9   5   0   0  34   0   2   2   0   3   3   4   0   3   2  23   3   0   3   3  0.84 inf
  153 Q    0  1  0  0  0  1  2 -1  0 -1 -2  0  0 -2 -3  2  0 -4 -1 -1    7  10   3   4   2   7  14   3   3   3   3   5   2   2   0  23   4   0   2   3  0.18 inf
  154 A    1  3  2 -2 -2  0  0 -2  3 -3 -1  2  1 -2 -4  0  1 -5 -2 -3   10  16   9   1   1   4   6   3   8   1   7  14   4   1   0   5   8   0   1   1  0.30 inf
  155 F   -3 -3 -5 -7  1 -5 -6 -5 -2 -4  0 -5 -5  6 -7 -6 -6  4  8 -5    2   2   1   0   2   1   0   1   1   1   9   1   0  30   0   0   0   5  43   0  1.86 inf
  156 G   -5 -7 -5 -4 -2 -6 -4  7 -7 -8 -8 -4 -7 -8 -4 -1 -4 -7 -8 -8    0   0   0   1   1   0   1  87   0   0   0   1   0   0   1   5   1   0   0   0  2.36 inf
  157 P   -2  0  1  2 -3  0  4 -1 -1 -4 -4  2 -4 -5  2 -1  2 -6 -5 -3    3   4   6  10   0   3  27   4   1   1   1  10   0   0   8   3  15   0   0   1  0.51 inf
  158 R   -2  2 -2 -2  0  0  1 -4  1 -3 -1  3 -4  0  3 -2 -2 -2  2 -2    3   9   2   2   2   3  11   1   4   1   5  22   0   4  16   3   2   0   8   2  0.42 inf
  159 L   -2 -1 -5 -5 -2 -3 -4 -5 -2  5  3 -1 -1 -2 -1 -3 -2 -4 -1  1    4   4   0   1   1   1   1   1   1  35  26   4   1   1   3   2   3   0   2   8  0.66 inf
  160 I    0 -2  0 -1  3 -1  0  2 -1  1  0 -1 -1 -2 -1  0  0 -2 -2  1    8   2   5   4   7   1   6  19   1   7   7   2   1   1   3   5   6   1   1  13  0.12 inf
  161 Q   -1 -1  0  1 -1  1  3 -2  2 -3 -3  0 -3 -2  0  2  2 -4 -1 -2    5   2   4   7   1   7  18   3   5   1   2   5   0   2   5  13  14   0   2   3  0.26 inf
  162 L   -1 -3 -2 -1 -2 -2 -2 -1  1  1  1 -3  0  4  0 -1 -1  0  3  1    6   1   2   3   1   1   3   5   3   9  12   1   2  17   4   3   3   1  12  11  0.23 inf
  163 D   -2  0  2  4 -1 -1  2  1 -1 -4 -4  1 -2 -3 -2  0 -1 -2 -2 -3    3   4   9  24   2   2  14  12   1   1   1  10   1   1   2   5   4   1   1   1  0.42 inf
  164 D   -2 -3  1  2 -5 -1  0  5  0 -4 -5 -1  0 -4 -3  0 -2 -5 -4 -4    3   1   6  11   0   3   7  46   2   1   1   4   3   1   1   6   2   0   1   1  0.79 inf
  165 V   -1  1  0  0 -2  1  2 -1  0  0 -1  2 -1  0 -1 -1  0 -3 -2  0    4   9   5   4   1   6  17   4   2   7   4  12   1   4   2   3   6   0   1   7  0.12 inf
  166 T    0 -1 -1  2 -3 -1  2 -1 -1 -1 -3  1 -2 -4  1  0  3 -4 -3  0    9   3   2  10   0   2  15   5   1   4   1   8   1   1   6   7  19   0   1   6  0.24 inf
  167 Y   -2 -4 -4 -4 -3 -3 -3 -5  0 -1 -1 -4  0  5 -4 -4 -3  2  7 -1    4   1   1   1   1   1   2   1   2   3   6   1   2  23   1   1   2   2  41   4  1.29 inf
  168 H   -5 -3 -3 -5 -4 -4 -4 -5  7 -6 -5 -4 -5  3 -3 -4 -5  1  8 -6    1   2   1   1   0   1   1   1  25   0   1   1   0  10   1   1   1   1  50   0  2.13 inf
  169 G    3 -1 -2  1 -3 -1 -2  0 -2 -4 -2  0 -3 -5 -1  3  3 -6 -3 -2   23   3   1   8   0   2   2   7   1   0   5   5   0   0   4  20  16   0   1   2  0.39 inf
  170 F   -7 -8 -8 -8 -8 -8 -8 -8 -7 -4 -3 -8 -3  9 -8 -7 -3 -5  0 -5    0   0   0   0   0   0   0   0   0   1   2   0   1  90   0   0   2   0   2   1  3.23 inf
  171 P   -4 -7 -7 -7 -8 -7 -7 -7 -7 -8 -8 -3 -7 -8  9 -6 -7 -8 -8 -7    2   0   0   0   0   0   0   0   0   0   0   2   0   0  93   0   0   0   0   0  3.33 inf
  172 S   -1  0  0  1 -5 -2  0 -2 -2 -4 -5  0 -3 -6  0  3  5 -6 -5 -4    4   4   3   8   0   1   6   2   1   1   1   5   0   0   4  24  33   0   0   1  0.69 inf
  173 L    1 -5 -6 -6 -3 -5 -3 -6 -3  0  2 -5 -3 -1  6 -2 -4  1 -3  1   12   1   0   0   1   0   2   0   1   6  17   0   0   2  43   3   0   2   1   9  1.07 inf
  174 Q    0 -3 -1  1 -6  2  5 -3  1 -5 -5  0 -4 -5 -2  1 -1 -6 -4 -5    7   1   2   8   0   9  42   2   3   1   1   6   0   1   2  11   4   0   1   1  0.81 inf
  175 A    3  2 -3  2 -4  4  2 -4 -3 -2 -5  1 -2 -5 -5 -1  0 -6 -5  0   22  10   1  10   0  18  12   0   1   2   0   8   1   0   0   3   5   0   0   7  0.51 inf
  176 L   -4 -7 -7 -8 -6 -6 -7 -8 -7  3  6 -7  2 -1 -7 -7 -6 -6 -5 -1    1   0   0   0   0   0   0   0   0  13  74   0   4   3   0   0   0   0   0   3  1.72 inf
  177 A    5 -3 -2 -4  0 -2 -1 -3 -3 -2 -2  0 -2 -2 -2  2  0 -3 -3 -1   43   1   2   1   2   1   4   1   1   2   5   7   1   2   2  16   6   0   1   3  0.58 inf
  178 G    2  0  2  2  1  0  1  1 -1 -4 -3  1 -2 -3 -3  0 -1 -5 -3 -3   17   5   9  12   3   5   9  12   2   0   2  10   1   1   1   7   3   0   0   2  0.26 inf
  179 P    2  0  0 -1  1 -1  0 -2 -1 -1  0  0 -1 -1  2  0 -1 -4 -1  1   21   4   4   4   3   2   7   2   2   4   9   7   2   2  11   4   3   0   1  10  0.14 inf
  180 E    0 -2  0  3  1 -1  2  1 -1 -2 -3 -1 -4 -5 -1  2  2 -5 -4 -3    8   2   4  16   3   3  11  11   2   3   2   3   0   0   3  17  12   0   0   2  0.32 inf
  181 V    0 -2 -1 -2  0 -1 -1 -1 -1  1  0 -1  1 -1  1  0  1 -3 -2  3    7   2   2   2   2   2   4   4   1   6  10   3   3   2   8   6   8   0   1  25  0.16 inf
  182 E   -3 -2 -2  2 -6 -1  7 -6 -4 -3 -3 -2 -5 -6 -1 -2 -2 -6 -6 -2    2   2   2   9   0   2  64   1   0   2   3   2   0   0   3   2   2   0   0   3  1.42 inf
  183 A    2 -1 -1  2 -1  1  2  0 -1 -2 -2  0 -1 -2 -1  1  0 -4 -2 -2   18   2   3  10   1   7  14   7   1   2   3   5   2   2   3  11   6   0   1   3  0.18 inf
  184 H   -1  0  0  3 -1  1  2 -3  2 -1  0  1  0 -1 -2 -1 -1 -4  0 -2    6   5   5  15   1   6  16   2   6   4   9   8   2   2   1   4   3   0   4   2  0.19 inf
  185 L   -3 -2 -6 -4 -5 -3 -4 -5 -5  1  6 -4  0  1 -6 -2 -4 -1 -1 -1    1   3   0   1   0   1   1   1   0   8  67   1   2   5   0   3   0   1   2   2  1.09 inf
  186 R    0  5 -1 -1  1  0  0 -1 -2 -4 -3  3 -2 -4 -4 -1 -1 -2 -3 -4    7  38   2   3   3   3   6   4   1   1   2  18   1   1   0   3   4   1   1   0  0.69 inf
  187 K    1 -1  0  1  1  0  2 -1 -1 -1 -1  1 -2 -3  0  0  1 -4 -1 -2   16   3   5   9   3   3  15   4   1   3   5   8   1   1   4   7   8   0   3   1  0.14 inf
  188 L    0 -4 -1 -4  8 -5 -3 -2 -2 -1  3 -4  1 -3 -6 -2  0 -5 -5 -3    8   1   3   1  34   0   2   4   1   3  30   1   3   1   0   2   6   0   0   1  1.07 inf
  189 G   -3  2  3 -4 -6 -2 -4  5 -4 -6 -2  3 -5 -6 -5  0 -2 -6 -6 -4    1  11  13   0   0   1   0  43   0   0   4  17   0   0   0   5   2   0   0   1  0.95 inf
  190 L    0 -5  1 -5 -1 -4 -5 -2 -3 -1  3 -4 -1  5 -4 -2  0 -1 -1  1    8   0   9   0   2   0   0   4   1   3  27   0   1  25   1   2   6   1   1  10  0.53 inf
  191 G   -3 -2  0 -5  0 -5 -6  7 -6 -7 -7 -5 -6 -6 -6 -2 -5 -6 -6 -6    2   2   5   0   2   0   0  83   0   0   0   0   0   0   0   3   0   0   0   0  2.08 inf
  192 Y   -6 -6 -7 -7 -7 -6 -3 -7 -1 -1 -5 -6 -1  6 -7 -6 -6  0  9 -4    0   0   0   0   0   0   2   0   1   3   0   0   1  27   0   0   0   1  61   1  2.43 inf
  193 R   -6  9 -5 -6 -8 -4 -5 -7 -5 -8 -7 -1 -6 -7 -7 -6 -6 -7 -1 -7    0  94   0   0   0   0   0   0   0   0   0   2   0   0   0   0   0   0   2   0  2.95 inf
  194 A    6 -5 -2  2 -1 -3 -3 -3 -5 -4 -4 -3 -3 -6 -5  1 -2 -6  0 -3   65   0   1  12   1   1   1   1   0   0   1   1   1   0   0   8   2   0   3   2  1.19 inf
  195 R   -1  2  0  0 -6 -1 -1 -1 -4 -3 -4  5 -4 -4  3 -1 -1 -6 -5 -2    5  12   4   5   0   1   4   5   0   1   2  38   0   1  14   3   3   0   0   3  0.65 inf
  196 Y   -2  1  3 -6 -6 -5 -6 -6 -1 -6 -5 -5 -5  3 -7 -4 -6  1  9 -6    3   7  11   0   0   0   0   0   1   0   0   0   0  11   0   1   0   2  62   0  2.08 inf
  197 V   -4 -2 -6 -7 -3 -6 -6 -7 -6  7  2 -6 -1 -2 -6 -6 -4 -6 -3  2    1   3   0   0   1   0   0   0   0  61  17   0   1   1   0   0   0   0   1  13  1.51 inf
  198 S    0  0 -2 -3  1  0 -1 -3  2  2  0  1  0  0 -3 -1 -1  1  3  2    8   4   1   1   3   5   2   1   5  13   6  10   3   3   1   5   2   2  11  16  0.16 inf
  199 A    1  2  1  3 -3  1  2 -1  0 -3 -3  2 -3 -5 -3  0 -1 -5 -4 -2   11  10   7  15   0   7  13   5   2   1   2  14   0   0   0   7   2   0   0   3  0.32 inf
  200 S    3 -1 -3 -4 -2 -4 -4 -4 -5  0 -2 -4  1 -4 -4  1  5 -5 -3 -1   29   3   1   0   1   0   0   1   0   6   4   0   3   1   0  10  37   0   1   3  0.78 inf
  201 A    6 -5 -3 -5  1 -4 -4 -3 -5  0 -3 -3 -2 -4 -4  1  0 -5 -3  0   59   0   1   0   2   0   0   1   0   6   2   1   1   1   1  11   5   0   1   7  0.98 inf
  202 R    0  3  0  0  0  3  2 -3 -1 -4 -3  4 -2 -5 -4 -1 -2 -5 -3 -3    8  17   4   4   2  13  14   1   1   0   3  22   1   0   0   4   1   0   1   1  0.51 inf
  203 A    2  0 -1 -1 -2  0 -1 -2 -1  0  0  2  4 -2 -3  0 -1  0  0 -2   16   5   3   3   1   4   3   2   2   6   6  18  14   1   0   6   3   1   3   2  0.21 inf
  204 I   -2 -2 -5 -6  1 -5 -6 -6 -4  4  3 -5  1  0 -6 -5 -3 -5 -1  4    3   2   0   0   3   0   0   0   0  25  22   0   3   4   0   0   1   0   2  32  0.95 inf
  205 L    3 -1 -1 -3  1  0 -2 -2 -1  0  1 -1  1 -1 -3  0  0 -3  1  1   24   4   4   1   3   4   3   2   1   6  15   4   3   2   1   6   5   0   5  10  0.16 inf
  206 E   -1 -2  3  3 -3  0  4 -2 -1 -4 -2  0 -3 -4 -4  2 -1 -5 -3 -4    6   2  11  14   1   4  24   2   1   1   4   5   0   1   0  17   4   0   1   1  0.48 inf
  207 E   -1 -1  2  2 -4 -1  2  4  0 -3 -4  2 -3 -4 -2  0 -2 -4 -4 -3    4   3   8  10   0   3  12  30   2   2   2  11   1   1   2   6   2   0   0   1  0.47 inf
  208 Q   -1  2  0  0 -1  1  1 -1  2 -1 -2  2 -1 -2  2 -1 -1 -1  0 -2    5  10   5   5   1   5  10   4   5   3   5  16   1   2   9   4   3   1   3   2  0.17 inf
  209 G   -1 -1  1  0 -2  0 -1  3 -2  1  1 -1 -1 -1 -1  0 -1 -2 -2 -1    4   3   6   6   1   3   3  26   1   8  13   4   1   2   3   7   3   0   1   5  0.16 inf
  210 G    0 -1  0  2 -1  0  0  3 -1 -2 -1  0 -2 -2  1  0  0 -2 -1 -1    5   4   5  14   1   3   5  21   2   3   5   5   1   2   6   8   5   1   2   4  0.17 inf
  211 L   -1 -1 -1 -1 -3  0  4 -2 -1  0  1  0  1  0  0 -1  0 -3 -2 -1    4   3   2   3   0   3  28   2   1   5  15   5   3   4   5   3   5   0   1   3  0.25 inf
  212 A    1 -1  0  1 -2  0  1  0 -1  1  0  0  0  0 -1  0  0 -2  0  0   14   1   3   7   1   5  11   7   1   8   8   6   2   5   2   6   4   0   3   7  0.04 inf
  213 W   -2 -3  1  4 -1 -3 -1 -4  1 -4 -4 -1 -5  1 -5 -3 -3  9  2 -4    4   1   7  26   1   1   4   2   3   1   2   4   0   5   1   2   1  28   6   1  1.23 inf
  214 L   -2 -5 -6 -6 -3 -5 -4 -5 -4  1  5 -4  0  2  0 -3 -4 -5 -3 -2    3   1   0   0   0   0   1   1   0   7  62   1   2   9   5   2   1   0   1   2  1.10 inf
  215 Q    0 -1  1  3 -3  2  3 -2  1 -3 -1  1 -1 -3 -3  0 -2 -3  0 -3    7   3   6  17   1   8  22   2   4   2   6   7   1   1   1   6   2   0   3   1  0.36 inf
  216 Q    0  1  1  1 -4  2  2  0  0 -3 -4  1 -2 -4 -3  2 -1 -1  1 -3    8   7   8   7   0   8  11   6   2   1   1  10   1   0   0  19   4   1   4   2  0.28 inf
  217 L   -1 -4 -6 -4 -3 -4 -4 -6 -4  3  5 -3  1 -2 -5 -4 -4  0 -2  0    5   1   0   1   1   1   1   1   0  18  55   2   3   2   1   1   1   1   2   5  0.99 inf
  218 R    0  5  0 -2 -2  0 -1 -2  0 -2 -4  3 -2 -1 -1  0 -2 -3  0 -3    7  35   4   2   1   4   4   3   2   2   2  15   1   2   4   6   2   0   3   2  0.56 inf
  219 E    1  0  3  1 -5  0  2 -1 -1 -4 -3  2 -3 -4 -3  2  0 -5 -4 -4   10   4  16   9   0   4  11   4   1   1   2  15   1   0   1  14   7   0   0   1  0.39 inf
  220 S    0 -1 -3 -4  1 -1 -1 -3 -4 -1  3  0  5 -3  0 -2 -1 -2 -2  0    8   3   1   1   3   3   3   2   0   2  32   6  17   1   5   3   3   0   1   6  0.46 inf
  221 S   -2 -4  1  4 -4 -1  1 -1 -5 -6 -6 -2 -6 -6  4  3  0 -7 -4 -5    3   1   6  21   0   2  10   4   0   0   0   3   0   0  22  21   5   0   1   0  0.80 inf
  222 Y   -4 -3 -4  1 -3 -5 -5 -6 -2 -2  0 -5 -2  0 -5 -2  2 -4  8 -3    1   1   1   8   0   0   0   0   1   3  10   1   1   3   1   4  13   0  49   2  1.42 inf
  223 E   -1  0 -1  3 -3  1  4 -2  1 -3 -3  1 -3 -4  1 -1 -1 -5 -4 -3    6   5   2  16   1   6  31   3   3   1   3   7   1   1   6   4   3   0   1   2  0.50 inf
  224 E   -1 -2 -1  3 -5  1  5 -3 -1 -3 -4  1 -1 -4 -4 -1  0 -2 -1 -3    5   2   3  15   0   7  40   2   1   1   1   7   1   1   0   4   5   1   2   2  0.71 inf
  225 A    6 -5 -5 -6  4 -4 -5 -3 -6  0  0 -2 -2 -5 -4 -2 -3 -6 -5  1   59   0   0   0   8   0   0   2   0   4   9   2   1   0   1   2   1   0   0   8  1.16 inf
  226 H   -4  6 -4 -5 -3  0 -4 -5  6  0 -2  2  1  0 -6 -4 -3 -3 -2 -2    1  38   0   0   1   4   1   1  19   6   4  12   3   4   0   1   1   0   1   4  1.09 inf
  227 K    0  0  1  1 -4  1  5 -3 -3 -4 -5  3 -3 -6 -4  0 -1 -6 -3 -4    9   3   6   7   0   4  33   1   0   1   1  20   1   0   1   7   3   0   1   1  0.68 inf
  228 A    2  0 -1 -3 -3  1  4 -3  0 -1 -3  1  1  0 -4 -1  0 -4  1 -2   16   4   2   0   1   7  26   2   3   3   2   8   4   5   0   4   5   0   6   2  0.35 inf
  229 L   -6 -7 -8 -8 -6 -7 -7 -8 -7 -1  7 -7  0 -3 -7 -7 -6 -6 -6 -3    0   0   0   0   0   0   0   0   0   3  90   0   2   1   0   0   0   0   0   1  2.19 inf
  230 C   -4 -2 -3 -6  5  1 -4 -5 -5  1  3 -1  7 -3 -5 -2  2 -5 -4 -1    1   2   1   0  11   8   1   1   0   6  24   4  24   1   0   3  11   0   0   3  0.85 inf
  231 I   -1  2 -1 -2 -2  3  2 -1 -3 -3 -3  3 -4 -5 -4  1  3 -5 -5 -3    6   9   2   2   1  13  13   4   0   1   2  18   0   0   0  10  16   0   0   1  0.45 inf
  232 L   -5 -4 -3 -6  0 -3 -3 -6 -1  3  4 -6 -1  5 -6 -5 -4 -1  1  0    0   1   1   0   2   1   2   0   2  16  40   0   1  20   0   1   1   1   5   5  0.95 inf
  233 P   -3  0  0 -2  0  0 -2 -3  0 -4 -4  3  1 -2  5  0 -1 -5  1 -1    1   4   4   2   2   4   2   1   2   1   1  18   4   2  30   7   4   0   5   5  0.62 inf
  234 G   -4 -7 -6 -6 -2 -7 -7  8 -7 -8 -8 -7 -7 -8 -7 -4 -7 -7 -8 -8    1   0   0   0   1   0   0  95   0   0   0   0   0   0   0   1   0   0   0   0  2.78 inf
  235 V   -5 -7 -7 -7 -6 -7 -7 -8 -7  5 -4 -7 -4 -3 -7 -6 -5 -7 -6  7    1   0   0   0   0   0   0   0   0  28   0   0   0   1   0   0   0   0   0  68  2.14 inf
  236 G   -5 -7 -6 -6 -7 -7 -7  8 -7 -8 -8 -3 -7 -8 -7 -4 -7 -7 -8 -8    0   0   0   0   0   0   0  95   0   0   0   2   0   0   0   1   0   0   0   0  2.78 inf
  237 T   -1  2  0  1 -4 -1  1 -5 -4 -2 -3 -1 -4 -3  6 -2 -2 -6  1 -3    6  10   4   7   0   2   9   1   0   2   3   3   0   1  39   2   3   0   4   2  0.82 inf
  238 Q   -6 -4 -6 -6 -8 -4 -5 -7 -6 -8 -7  8 -7 -8 -6 -3 -3 -8 -7 -7    0   0   0   0   0   1   0   0   0   0   0  93   0   0   0   2   2   0   0   0  2.83 inf
  239 V   -3 -7 -8 -8 -6 -7 -7 -8 -8  2 -4 -7 -5 -6 -3 -6 -3 -8 -6  8    2   0   0   0   0   0   0   0   0   9   0   0   0   0   1   0   1   0   0  84  2.30 inf
  240 A    7 -4 -6 -7 -1 -4 -6 -3 -6 -6 -6 -6 -6 -5 -6 -1 -3 -7 -7 -4   87   1   0   0   1   1   0   2   0   0   0   0   0   0   0   4   1   0   0   1  2.11 inf
  241 D   -1 -6  2  8 -7 -3  0 -5  0 -5 -7 -4 -5 -7 -6 -1 -3 -8 -7 -7    5   0   9  70   0   1   5   0   2   1   0   0   0   0   0   4   1   0   0   0  1.90 inf
  242 C   -4 -6 -8 -9 12 -8 -9 -8 -8 -7 -7 -8 -7 -4 -8 -7 -4  1 -6 -5    2   1   0   0  91   0   0   0   0   0   0   0   0   1   0   0   1   2   0   1  4.17 inf
  243 I   -2 -7 -7 -7 -2 -7 -6 -4 -7  7 -3 -7 -4 -5 -7 -6 -2 -7 -6  5    3   0   0   0   1   0   0   2   0  50   1   0   0   0   0   0   3   0   0  39  1.72 inf
  244 C    1 -6 -6 -5  8 -4 -3 -5 -6 -2  4 -6  4 -5 -6 -1 -2 -6 -6 -3   12   0   0   1  31   1   2   1   0   1  34   0   9   0   0   5   2   0   0   1  1.34 inf
  245 L   -3 -7 -8 -8 -6 -7 -7 -7 -7 -2  7 -7  0 -3 -7 -5 -6 -6 -3 -4    2   0   0   0   0   0   0   0   0   1  90   0   2   1   0   1   0   0   1   1  2.10 inf
  246 M   -3 -7 -7 -8 -4 -7 -7 -7 -6 -3 -2 -7  7  8 -7 -4 -3 -4  2 -4    3   0   0   0   0   0   0   0   0   1   3   0  25  57   0   1   2   0   7   1  2.19 inf
  247 A    3 -5 -4 -5 -2 -5 -3  5 -5 -6 -6 -5 -6 -6 -5  4 -2 -6 -6 -6   20   0   0   0   1   0   2  38   0   0   0   0   0   0   0  35   2   0   0   0  1.25 inf
  248 L   -4 -5 -6 -7 -1 -5 -6 -2 -5 -2  5 -2  4  3 -3 -5 -4 -4  3 -3    1   0   0   0   1   0   0   4   0   1  56   3   9  11   2   0   1   0  10   1  1.14 inf
  249 D   -2  0  0  4 -6  0  0  4  5 -6 -5  0 -4 -5 -4 -2 -4 -4 -1 -3    2   5   3  21   0   4   6  29  15   0   1   5   0   0   1   2   1   0   2   2  0.75 inf
  250 K   -4  4 -2 -3 -1  0 -1 -5  4 -5 -4  5  1  2 -5 -3 -4  4  0 -5    0  23   1   1   1   4   3   0  10   0   1  31   3   8   0   1   0   6   3   0  0.93 inf
  251 P   -1  0 -2  0 -2 -2 -3  0  2 -1  1 -1  1  2  2 -2  0 -1  3 -1    4   5   1   5   1   1   0   7   7   4  18   3   4   8  10   2   8   1  10   3  0.16 inf
  252 Q   -2 -3  1  5 -3  1  5 -2  0 -6 -6 -3 -5 -5 -5  0 -3 -6 -6 -5    4   1   6  27   1   6  38   3   2   0   0   0   0   0   0   8   1   0   0   0  1.05 inf
  253 A    6 -3 -5 -5  1 -5 -4 -3 -3 -1 -2 -5 -3 -4 -5  1 -1 -6 -5  2   56   1   0   0   2   0   1   1   1   3   4   0   0   0   0  10   4   0   0  16  1.02 inf
  254 V   -3 -7 -7 -7 -2 -7 -7 -7 -6  2 -3 -7 -4  7 -7 -6 -2 -5 -1  5    2   0   0   0   1   0   0   0   0  11   1   0   0  47   0   0   2   0   1  33  1.68 inf
  255 P   -5 -7 -7 -7 -8 -7 -6 -7 -7 -8 -8 -6 -8 -8  9 -6 -6 -8 -8 -7    1   0   0   0   0   0   0   0   0   0   0   0   0   0  97   0   0   0   0   0  3.50 inf
  256 V   -4 -4 -6 -6 -3 -4 -5 -6 -6  4  0 -2  0 -4 -6 -4 -2 -6 -5  6    0   1   0   0   0   1   1   0   0  22   7   3   2   0   0   1   2   0   0  60  1.44 inf
  257 D   -6 -6 -4  9 -8 -5 -4 -6 -6 -7 -8 -6 -7 -8 -6 -5 -6 -8 -7 -7    0   0   0  96   0   0   0   0   0   0   0   0   0   0   0   0   0   0   0   0  3.10 inf
  258 V   -4 -1 -5 -6 -5 -5 -5 -6 -6 -1 -4 -5 -4 -5 -6 -3  6 -6 -5  5    1   4   0   0   0   0   0   0   0   3   0   0   0   0   0   1  47   0   0  42  1.57 inf
  259 A   -6 -4 -6 -7 -8 -6 -6 -7  9 -3 -7 -7 -7 -5 -8 -7 -7 11 -4 -4    1   1   0   0   0   0   0   0  48   2   0   0   0   0   0   0   0  45   0   2  3.49 inf
  260 M   -4 -6 -7 -7 -1 -6 -6 -7 -7  6 -1 -3  4 -4 -6 -6 -3 -6 -5  5    1   0   0   0   1   0   0   0   0  38   3   2  10   0   0   0   1   0   0  43  1.53 inf
  261 W   -2  3 -2 -4 -5  0 -1 -3  0 -3 -2  4 -3  1 -5 -2 -4  8  0 -4    3  13   2   1   0   4   4   2   2   2   4  29   1   6   0   3   1  20   3   1  0.92 inf
  262 H   -4  6 -2 -3  0  6 -3 -5  0 -6 -6  3 -5 -6 -5 -1 -2 -6 -5 -6    1  39   1   1   2  30   0   0   2   0   0  15   0   0   0   3   2   0   0   0  1.38 inf
  263 I    1 -3 -5 -6 -4 -5 -5 -5 -2  6 -1 -4  0  0 -5 -4 -2 -5  0  3   14   1   0   0   0   0   0   1   1  44   5   1   2   3   0   1   2   0   3  21  0.95 inf
  264 A    4 -5 -4 -6 -3 -4 -4 -4 -5  2  1 -5  6 -2 -5 -1 -2 -3 -3  0   35   0   0   0   0   0   1   0   0  11  14   0  23   2   0   5   2   0   1   5  0.89 inf
  265 Q    0  1  0  0 -1  4  3 -3 -1 -1 -3  2  0 -5 -4 -1 -1 -5 -3  0    9   7   4   4   1  18  20   2   1   4   2  11   2   0   0   4   4   0   1   7  0.35 inf
  266 R   -1  5 -2  0 -4  1  3 -4  3 -5 -4  3 -3 -4 -4 -2 -1 -5  0 -4    4  31   2   5   0   5  17   1   6   0   1  15   1   1   0   2   4   0   4   1  0.69 inf
  267 D   -3 -1 -1  3 -3 -2 -1 -2  4 -1  1 -1  0  2 -4 -3 -3  2  4 -3    1   3   3  20   1   1   2   3  12   4  18   4   3   7   0   1   1   2  13   1  0.47 inf
  268 Y   -5 -5 -4 -6 -4 -5 -5 -6 -2 -5 -4 -5 -5  3 -3 -2 -5  0  9 -4    1   1   1   0   0   0   1   1   0   0   2   1   0  11   2   3   0   1  74   1  2.53 inf
  269 S   -1  0  1 -1 -2 -1 -1  2 -1 -1 -1  1 -2  2  2  0 -2 -2 -1 -2    3   4   8   3   1   3   3  15   1   4   7  12   1  10  12   7   1   0   2   2  0.15 inf
  270 W   -1 -1  0  0 -2 -1 -1  0  0  0  0  1  0  3  0 -1 -1  4  1  0    4   3   4   6   1   2   4   8   2   7   8   9   2  14   4   3   4   7   4   5  0.11 inf
  271 H    0  0  0  0 -2  0  0  1  2 -1  0  1  0  0 -1  0 -1 -2 -1 -1    7   5   5   5   1   3   7  13   6   2  12   9   3   5   2   6   2   0   1   4  0.05 inf
  272 P   -1  0  0  0 -2 -1  1  0 -1 -1 -1  0 -1  1  4  0 -1 -3 -2 -2    6   4   5   5   1   3   8   8   2   4   7   7   1   7  21   5   2   0   1   3  0.23 inf
  273 T   -1 -1  1  2 -3 -1  0  1  2 -2 -3  0 -1 -2  3  1  0 -2 -2 -2    3   3   5  12   0   2   6  12   5   2   3   4   1   1  16  13   7   1   1   3  0.26 inf
  274 T   -1  0  0  0  1 -1  0 -1 -1 -1  1  2  0  0 -1  0  1 -2 -1  0    5   4   3   4   4   2   7   5   1   3  14  14   2   3   2   7  12   0   2   6  0.05 inf
  275 S    0  0  0  1 -1  0  0  0 -1 -1  0  1 -1 -2  0  2  1 -2 -2 -1    9   5   3   7   2   2   5   8   1   3   9  10   1   1   4  16   7   1   1   5  0.07 inf
  276 Q    0  1  0  0  1  1  0 -1  1 -2 -1  2 -1 -1  1  0 -1  0 -1 -1   10   7   4   4   4   7   4   5   4   2   8  17   1   2   7   6   3   1   1   3  0.11 inf
  277 A    0  0  0  0 -1  0  0  1  1 -1 -1  0  0 -1  0  0  1 -2  1 -1   10   4   4   7   1   4   4  10   6   5   6   5   3   2   4   8   8   0   5   4  0.04 inf
  278 K    0  2 -2 -2 -2 -1  0 -1 -1 -3 -2  5 -1 -3 -1 -1 -1 -3 -2 -2    6   9   2   2   1   2   6   5   1   2   3  43   1   1   3   4   3   0   1   3  0.58 inf
  279 G    0 -1  1 -1 -2 -1  0  2 -2 -2 -2  0 -2 -2 -1  2  2 -2 -2 -1    7   3   7   3   1   1   5  17   1   2   4   4   1   2   3  20  15   1   1   3  0.25 inf
  280 P   -2 -2  0 -2 -1 -2 -1 -1 -2  0  3 -1  2  0  1 -1 -1 -1 -2  0    3   2   4   2   2   2   4   4   1   5  33   3   6   5   9   5   3   1   1   7  0.21 inf
  281 S   -2  0  1 -1 -2 -1  0 -2 -2 -2 -2 -1 -1 -2 -2  2  4 -2  1 -2    3   4   8   3   1   3   5   3   1   2   3   3   1   2   2  16  31   0   6   3  0.38 inf
  282 P    0 -1 -1  0 -1  0  0 -2 -2 -2 -2  3 -2 -3  4  0  0 -3 -2 -2    8   3   3   6   1   4   6   3   1   2   4  19   1   1  24   5   5   0   1   3  0.40 inf
  283 Q    2  2 -2 -1 -2  1  0 -2 -1 -1 -1  3 -1 -2 -1  0  0 -2 -2 -1   16   9   1   4   1   6   6   3   1   3   5  23   1   1   2   4   7   0   1   5  0.21 inf
  284 T    0  0  1  0  0  0 -1 -1 -1  1  0 -1  2 -2 -1  0  2 -2 -1  0    8   4   6   5   2   3   4   3   1   8  11   3   7   1   2   6  17   0   2   8  0.08 inf
  285 N   -2 -1  2 -2  0 -2 -2 -3  3 -2 -2  0  0 -1 -2  0 -2 -2  7 -2    3   4   8   3   2   1   2   2   7   2   4   5   3   2   2   8   2   0  38   2  0.78 inf
  286 K   -1  2  1  3 -3  0  1 -1 -1 -2 -2  3 -2 -3 -2 -1 -1 -3 -2 -2    4  11   6  17   1   3  10   5   1   2   5  21   1   1   2   5   3   0   1   3  0.31 inf
  287 E    2  1  0  0 -2  1  3 -2  0 -1 -2  2 -2 -3 -2 -1 -1 -3 -1 -2   17   7   3   5   1   7  22   2   2   4   4  12   1   1   1   2   4   0   2   3  0.27 inf
  288 L   -3 -4 -4 -4 -4 -4 -4 -4 -4  6  2 -4  2 -3 -4 -4 -2 -4 -3  3    2   1   1   1   0   1   1   1   0  44  16   1   4   1   1   1   2   0   1  22  1.06 inf
  289 G    1  3  0 -2 -3  2  0  3  0 -4 -2 -1 -1 -3 -3  1 -2 -4 -3 -2   11  20   4   2   0  11   5  23   2   1   3   2   1   1   1  10   2   0   0   2  0.41 inf
  290 N    0  0  2  3 -3  1  3 -1 -1 -2 -2  1 -2 -4 -3  0 -1 -4 -3 -2    7   4  12  19   1   6  18   3   1   2   4   8   1   1   1   7   4   0   0   2  0.35 inf
  291 F   -1 -1 -2 -3 -1 -2 -2 -4  4 -2  0  0  1  6 -4 -3 -3  2  2 -2    7   4   2   1   1   2   3   1  10   1   9   7   3  34   1   2   1   2   7   2  0.65 inf
  292 F    3 -4 -4 -4 -3 -4 -4  1 -4 -1  0 -4 -2  6 -2 -2 -3  2  0 -2   21   1   1   1   1   1   1  11   0   3   9   1   1  36   2   3   1   3   2   2  0.79 inf
  293 R   -1  6 -1 -2 -3  1  0 -2 -1 -1 -2  1  0 -2 -3 -1 -2 -2 -3  0    4  39   2   2   0   5   5   3   1   4   5   8   2   2   1   4   2   1   1   8  0.55 inf
  294 S   -1  0  2  3 -1  1  4 -1 -2 -3 -4  2 -2 -4 -3  1 -1 -4 -3 -3    4   5   9  14   2   5  25   4   1   1   1  11   1   0   1   9   4   0   1   2  0.43 inf
  295 L   -3  2 -2 -3 -2 -1 -2 -4  3  2  2  3 -1 -1 -3 -2 -1 -3  3 -1    1  11   2   1   1   2   2   1   6  10  24  18   1   2   1   2   3   0   9   3  0.37 inf
  296 W   -5 -5 -6 -6 -6 -6 -5 -1 -2 -5 -2 -4 -4  7 -5 -5 -5  9  4 -4    1   1   0   0   0   0   1   5   1   0   4   1   0  47   1   1   0  23  11   1  2.01 inf
  297 G   -3 -3 -3 -4 -6 -2 -5  7 -5 -5 -5 -2 -6 -4 -4 -3 -5 -6 -5 -6    2   1   1   1   0   2   1  82   0   1   1   3   0   1   1   1   1   0   1   1  1.97 inf
  298 P   -1 -1  0  3 -5  0  3 -2 -2 -4 -4  2 -2 -5  5  0 -3 -5 -3 -4    4   2   4  14   0   3  21   2   1   1   2  11   1   0  25   6   1   0   1   1  0.66 inf
  299 Y   -4 -3 -1 -3 -2 -2 -1 -6  3 -3  1 -3  0  1 -6 -4 -4 -1  8 -5    1   2   4   2   1   2   4   0   5   1  15   2   2   5   0   1   1   1  51   0  1.40 inf
  300 A    6 -5 -4 -6  2 -4 -3  0 -6 -5 -5 -4 -5 -6 -4  1 -3 -6 -6 -4   72   1   1   0   3   1   1   6   0   1   0   1   0   0   1  10   1   0   0   0  1.54 inf
  301 G   -3 -8 -6 -6 -8 -7 -8  8 -8-10 -9 -7 -8 -9 -8 -6 -7 -8 -9 -9    2   0   0   0   0   0   0  98   0   0   0   0   0   0   0   0   0   0   0   0  2.95 inf
  302 W   -6 -8 -8 -9 -7 -7 -8 -8 -6  3 -1 -8 -4  2 -7 -8 -7 10  6  0    0   0   0   0   0   0   0   0   0  16   5   0   0   7   0   0   0  38  27   6  2.35 inf
  303 A    7 -5 -7 -7 -2 -6 -6 -4 -7 -1 -3 -6  2 -5 -6 -3 -2 -7 -2 -1   78   0   0   0   1   0   0   0   0   3   3   0   5   0   0   1   2   0   1   5  1.73 inf
  304 Q   -6 -5 -4 -6 -9  9 -4 -3  6 -4 -5 -5 -3 -4 -7 -5 -6 -8 -6 -8    0   0   1   0   0  76   0   3  16   1   1   0   1   1   0   0   0   0   0   0  2.61 inf
  305 A    0 -4 -2 -5 -3  7  0 -2  1 -6 -1 -4 -2 -7 -6  2  1 -7 -6 -5    8   0   2   0   1  44   6   3   3   0   7   0   1   0   0  16  10   0   0   0  1.07 inf
  306 V   -4 -7 -7 -8 -6 -6 -7 -8  0  1 -1 -7 -5  1 -7 -6 -3 -2  8  4    1   0   0   0   0   0   0   0   2   7   5   0   0   4   0   0   2   0  50  27  1.80 inf
  307 L   -5 -6 -8 -7 -6 -5 -7 -8 -5  2  6 -7  2 -3 -7 -6 -6 -6 -6  0    1   0   0   0   0   0   0   0   0  11  77   0   4   0   0   0   0   0   0   5  1.75 inf
  308 F   -8 -8 -9 -9 -8 -9 -9 -9 -7 -6 -5 -9 -6 10 -9 -8 -8 -5  2 -7    0   0   0   0   0   0   0   0   0   0   0   0   0  94   0   0   0   0   6   0  3.50 inf
  309 S    2 -5 -1 -6  3 -5 -4 -5  6 -1 -5 -1 -3 -1 -6  0  1 -4  7 -4   14   0   2   0   6   0   0   0  18   3   0   4   0   2   0   6  10   0  32   0  1.10 inf
  310 A    5 -3  1 -4 -4 -2 -3 -1 -2 -4 -4  0  1 -2 -4  1 -3  0  4 -3   44   1   6   0   0   1   1   5   0   0   0   5   4   1   0  10   1   1  17   1  0.72 inf
  311 D   -2 -1  0  5 -7  0  5 -5  0 -6 -6  0 -5 -6 -5 -2 -4 -7 -3 -6    3   3   4  35   0   2  42   0   2   0   0   6   0   0   0   3   0   0   1   0  1.25 inf
  312 L   -5  1 -6 -7 -5 -5 -6 -7 -6  2  6 -5  0 -2 -6 -5 -4 -5 -4  0    0   8   0   0   0   0   0   0   0  11  74   0   1   0   0   0   0   0   0   5  1.34 inf
  313 R   -3  5  2 -2 -5 -1  1 -1 -1 -5 -5  5 -3 -5 -1 -2 -2 -5 -3 -4    0  31  11   0   0   1   7   4   1   0   0  35   1   0   3   0   2   0   1   1  0.84 inf
  314 Q   -3  1 -2 -3 -6  6  2 -4  1 -5 -5  5 -3 -6 -4 -2 -3 -5 -4 -5    0   4   0   0   0  37  11   0   4   0   0  45   0   0   0   0   0   0   0   0  1.19 inf

                      K         Lambda
Standard Ungapped    0.1340     0.3215
Standard Gapped      0.0469     0.2670
PSI Ungapped         0.1512     0.3111
PSI Gapped           0.0469     0.2670
