
Last position-specific scoring matrix computed, weighted observed percentages rounded down, information per position, and relative weight of gapless real matches to pseudocounts
           A  R  N  D  C  Q  E  G  H  I  L  K  M  F  P  S  T  W  Y  V   A   R   N   D   C   Q   E   G   H   I   L   K   M   F   P   S   T   W   Y   V
    1 R   -1  5 -1 -1 -4  1  2 -2 -1 -3 -3  3 -2 -3 -2 -1 -1 -3 -2 -3    0  62   0   0   0   0  20   0   0   0   0  18   0   0   0   0   0   0   0   0  0.62 inf
    2 P   -1  0 -1 -1 -3  0  1  0 -2 -3 -3  3 -2 -4  6 -1 -1 -4 -3 -3    0   0   0   0   0   0  11   7   0   0   0  34   0   0  48   0   0   0   0   0  0.91 inf
    3 K   -1  1  1 -1 -2  1  0 -1 -1 -2  0  2 -1 -2 -2  1  3  2 -2 -1    0   4   5   0   0   9   0   4   0   0  10  22   0   0   0   9  32   4   0   0  0.20 inf
    4 V   -4 -4 -5 -6 -4 -4 -5 -6 -5 -2  0 -4 10 -3 -6 -5 -4 -5 -4  0    0   0   0   0   0   0   0   0   0   0   2   0  93   0   0   0   0   0   0   5  2.58 inf
    5 T   -3 -3  3 -3 -3 -3 -3 -4 -4  3 -2 -2 -2 -4 -4 -1  6 -5 -4 -1    0   0  13   0   0   0   0   0   0  19   2   1   0   0   0   1  63   0   0   1  1.01 inf
    6 K   -3  3 -3 -3 -6 -1 -2 -4 -3 -5 -5  7 -4 -6 -4 -3 -3 -6 -4 -5    0  13   0   0   0   0   0   0   0   0   0  87   0   0   0   0   0   0   0   0  1.73 inf
    7 S    0 -3 -2 -3 -3 -3 -3 -3 -3 -5 -5 -3 -4 -5 -3  7  2 -5 -4 -4    6   0   0   0   0   0   0   0   0   0   0   0   0   0   0  86   8   0   0   0  1.41 inf
    8 D   -3 -3 -2  3 -6  0  7 -4 -3 -6 -6 -2 -5 -6 -4 -2 -3 -6 -5 -5    0   0   0  16   0   2  81   0   0   0   0   0   0   0   0   0   0   0   0   0  1.64 inf
    9 I   -4 -5 -6 -6 -4 -5 -5 -6 -5  1  6 -5  0 -2 -5 -5 -3 -4 -3 -1    0   0   0   0   0   0   0   0   0   6  94   0   0   0   0   0   0   0   0   0  1.46 inf
   10 V   -3 -5 -5 -5 -3 -5 -5 -6 -5  7  0 -5  1 -2 -5 -4 -2 -5 -4  3    0   0   0   0   0   0   0   0   0  73   1   0   3   0   0   0   0   0   0  22  1.37 inf
   11 D    1 -2  2  2 -4  3  5 -3 -2 -4 -4 -1 -2 -5 -3 -1 -1 -5 -4 -3   13   0  10  11   0  15  45   0   0   0   1   0   0   0   0   1   2   0   0   1  0.74 inf
   12 Q    0  4 -1 -2 -4  2  0 -3 -1  0 -1  3 -1 -3 -3 -1 -1 -4 -2 -1   10  26   2   1   0  11   5   0   1   8   4  22   1   0   0   3   2   0   0   2  0.35 inf
   13 I   -3 -4 -5 -5 -3 -4 -5 -5 -5  4  4 -4  1 -2 -5 -4 -3 -4 -3  3    0   0   0   0   0   0   0   0   0  33  48   0   2   0   0   0   0   0   0  17  0.90 inf
   14 A    6 -3 -3 -3  1 -3 -3 -2 -3 -2 -3 -3 -2 -4 -3  2 -1 -4 -3  0   73   0   0   0   3   0   0   0   0   1   1   0   1   0   0  12   2   0   0   5  0.92 inf
   15 L    1  0  0  0 -1  0  1 -1 -1 -1  0  0  0 -1 -1  0  0 -1 -1 -1   20   4   2   6   1   4  14   4   1   4  10   3   3   2   2   7   6   1   1   3  0.07 inf
   16 N    0  2  1  0 -1  1  0 -1  0 -1 -1  1 -1 -1 -1  0  0 -1 -1 -1    9  19   7   4   1   4   5   5   2   4   6  12   1   2   3   5   3   1   2   5  0.09 inf
   17 I    0  0  0  0 -1  0  0  0  0  0  0  0  0  1  0  0  0  0  1  0    7   4   3   4   1   4   5   6   2   8   9   4   3  10   4   5   5   1   8   5  0.01 inf
   18 K    0  0  0  0 -1  0  0  0  0  0  0  1  0 -1  0  0  0  0  0  0    9   7   4   6   2   3   5   8   2   6   8  10   2   3   5   6   7   1   3   5  0.03 inf
   19 N    0  1  2  1 -1  1  2  0  0 -1 -1  0 -1 -1  0  0  0 -1 -1 -1    6   8  11  10   1   3  17   5   2   3   5   5   1   2   3   6   4   1   2   4  0.11 inf
   20 N   -1  0  1  0 -2  2  3 -1  0 -2 -1  2 -1 -2 -1  0  0 -2 -1 -1    3   4   6   4   1  12  26   3   3   2   5  13   1   1   2   6   3   0   2   3  0.21 inf
   21 N   -1 -1  5 -1 -3  4 -1 -2  2 -3 -3  0 -2 -3 -2  0 -1 -3 -2 -3    5   2  38   1   0  26   1   2   6   1   2   5   0   1   1   4   3   0   1   1  0.61 inf
   22 L    0 -3 -1 -1 -3 -1 -1 -2 -2 -3 -2 -2 -2 -3  6  1  2 -4 -3 -2    8   0   2   3   0   1   4   2   1   1   4   0   1   1  43  14  13   0   0   1  0.81 inf
   23 K   -2 -1  0  0 -5  3  2 -1  8 -5 -4  0 -3 -4 -3 -1 -2 -1 -1 -4    1   1   2   4   0  17  14   4  45   0   1   6   0   0   0   2   1   1   1   0  1.01 inf
   24 L   -4 -4 -5 -6 -3 -4 -5 -6 -5  1  6 -5  1 -1 -5 -5 -3 -4 -3 -1    0   0   0   0   0   0   0   0   0   6  89   0   1   1   0   0   0   0   0   1  1.31 inf
   25 E    0 -1 -1 -2 -3  0  0 -2 -2 -2 -1 -1  0  0  2  3  2 -2  3 -1    5   3   1   0   0   4   5   1   0   0   4   1   2   3  10  26  16   0  14   4  0.26 inf
   26 K    1  1 -2 -2 -3  3 -1 -2  2 -1 -1  3 -1 -2 -1  0 -1 -3  0  0   16   6   0   0   0  19   1   1   7   2   7  21   1   1   2   4   2   0   3   6  0.23 inf
   27 K   -2  5 -1 -2 -5  0 -1 -4 -2 -5 -5  6 -3 -5 -2 -2 -2 -5 -3 -4    2  32   1   1   0   3   1   0   0   0   0  57   0   0   1   1   1   0   1   0  1.14 inf
   28 Y   -3 -4 -1  7 -6 -1  2 -4 -3 -5 -5 -3 -4 -5 -4 -2 -3 -5  1 -4    1   0   0  78   0   1  11   0   0   0   1   0   0   0   0   0   1   0   5   1  1.58 inf
   29 I    2 -4 -4 -5 -3 -4 -4 -3 -5  3 -1 -4 -1 -3 -4 -2 -1 -5 -3  5   21   0   0   0   0   0   0   1   0  15   2   0   1   0   0   2   1   0   0  58  0.80 inf
   30 R   -3  0 -2  1 -6 -1  7 -4 -3 -5 -5 -1 -4 -5 -3 -1  1 -5 -4 -4    1   5   0   5   0   0  77   1   0   0   0   1   0   0   0   2   9   0   0   0  1.32 inf
   31 L   -1  2  1  0 -3  0 -1 -3  0 -1  2  1  0 -1 -3 -1 -1 -3  0 -1    5  16   9   5   0   3   2   0   1   2  24  13   2   2   0   3   2   0   5   4  0.13 inf
   32 V    4 -4 -3 -4 -1 -3 -3 -2 -4  4 -1 -3 -1 -3 -3  1 -1 -4 -3  2   45   0   0   0   1   0   0   1   0  27   2   0   0   0   0   9   1   0   0  15  0.58 inf
   33 I   -3 -5 -5 -6 -3 -5 -5 -6 -6  3 -1 -5 -2 -3 -5 -4 -2 -5 -4  7    0   0   0   0   0   0   0   0   0  10   1   0   0   0   0   0   0   0   0  89  1.54 inf
   34 D   -2  0  4  3 -5 -1  0 -2 -1 -5 -5  4 -4 -5 -3  0 -2 -5 -4 -4    1   3  24  22   0   1   3   2   1   0   0  38   0   0   0   4   1   0   0   1  0.75 inf
   35 A    3 -2 -1 -1  1 -1  1 -2 -2 -1  0 -2  0 -3 -3  0  3 -4 -3  0   29   0   2   2   3   1  12   1   0   3   8   1   2   0   0   4  26   0   0   7  0.28 inf
   36 F   -3 -4 -5 -5 -3 -4 -5 -5 -5  5  2 -4  3  2 -4 -4 -2 -4 -2  3    0   0   0   0   0   0   0   0   0  43  13   0   9   9   0   0   1   0   0  26  0.80 inf
   37 F   -4 -5 -5 -6 -4 -5 -5 -6 -4  1  4 -5 -1  7 -5 -4 -4 -2  0  0    0   0   0   0   0   0   0   0   0   6  42   0   0  48   0   0   0   0   0   4  1.16 inf
   38 E   -3 -2  0  5 -6  0  5 -3 -2 -5 -5 -1 -5 -5 -3 -1 -2 -6 -4 -5    0   1   3  42   0   1  47   1   0   0   0   1   0   0   0   3   1   0   0   0  1.22 inf
   39 E    1  0 -1 -1 -1  2  3 -2  3 -3 -3  0 -1 -3 -2  1  1 -4  0 -2   14   5   2   2   1  12  29   1   9   0   1   3   1   0   0   8   9   0   2   1  0.33 inf
   40 L   -3 -4 -5 -6 -4 -4 -5 -6 -5  6  1 -4  7 -2 -5 -4 -3 -4 -3  1    0   0   0   0   0   0   0   0   0  48   7   0  40   0   0   0   0   0   0   5  1.34 inf
   41 K    2 -2 -1 -2 -2  0 -2  0 -3  0 -2  0 -1 -3 -2  3  3 -4 -3  0   16   0   1   0   0   4   0   5   0   8   1   6   1   0   0  28  24   0   0   5  0.34 inf
   42 S    0  0  1  4 -3  3  2  0  0 -3 -3 -1 -1 -4 -3  1 -1 -4 -3 -3    7   4   8  26   0  15  16   6   2   1   0   1   2   0   0   8   3   0   0   0  0.41 inf
   43 N    5 -1  0 -3 -1 -2 -2 -2 -3 -3 -3 -2 -2 -4 -3  2  2 -5 -4 -2   56   3   4   0   1   0   0   0   0   0   0   0   0   0   0  18  16   0   0   1  0.71 inf
   44 L   -4 -5 -6 -6 -4 -4 -5 -6 -5 -1  6 -5  3 -2 -5 -5 -3 -4 -3 -1    0   0   0   0   0   0   0   0   0   0  94   0   5   0   0   0   0   0   0   0  1.49 inf
   45 C    4 -2 -2 -2  2  1  1 -1 -3 -3 -3  0 -2 -4 -3  2 -1 -4 -3 -1   50   1   0   0   6   7   8   2   0   0   0   4   1   0   0  17   2   0   0   2  0.53 inf
   46 S   -1  3  2  1 -3  1  1 -1  0 -3 -2  1 -2 -4 -3  2  0 -4 -3 -3    4  20  12   6   0   7  10   2   2   0   3   9   0   0   0  17   5   0   0   1  0.32 inf
   47 N   -2 -4  1 -3 -5 -3 -3  7 -4 -6 -6 -3 -5 -6 -5 -2 -4 -5 -5 -6    0   0   6   0   0   1   1  90   0   0   0   0   0   0   0   1   0   0   0   0  1.83 inf
   48 N   -2 -2  2  5 -5  1  4  1  0 -5 -5 -1 -4 -5 -3 -1 -2 -5 -4 -5    1   1  12  41   0   6  26  10   2   0   0   1   0   0   0   1   0   0   0   0  0.86 inf
   49 V   -4  7 -3 -4 -6 -1 -2 -5 -1 -5 -4  3 -4 -5 -4 -3 -3 -5 -4 -1    0  76   0   0   0   0   0   0   1   0   0  18   0   0   0   0   0   0   0   5  1.60 inf
   50 I   -2 -5 -5 -5 -3 -5 -5 -6 -5  6 -1 -5 -1 -3 -5 -4 -2 -5 -3  5    1   0   0   0   0   0   0   0   0  48   0   0   0   0   0   0   0   0   0  51  1.28 inf
   51 E   -3 -2 -3 -1 -6  3  7 -5 -3 -6 -5 -2 -4 -6 -4 -3 -3 -5 -5 -5    0   0   0   0   0  13  87   0   0   0   0   0   0   0   0   0   0   0   0   0  1.80 inf
   52 F   -3 -4 -5 -5 -3 -4 -5 -6 -5  5  4 -5  0  1 -5 -4 -3 -4 -2  1    0   0   0   0   0   0   0   0   0  43  46   0   0   7   0   0   0   0   0   4  0.96 inf
   53 R   -4  8 -3 -4 -6 -2 -3 -5 -3  1 -4 -1 -2 -5 -5 -3 -4 -5 -4 -2    0  87   0   0   0   0   0   0   0  10   0   0   1   0   0   0   0   0   0   3  1.77 inf
   54 S   -2 -5 -3 -4 -5 -4 -5  7 -5 -6 -6 -4 -5 -6 -5  0 -4 -5 -6 -6    0   0   0   0   0   0   0  95   0   0   0   0   0   0   0   5   0   0   0   0  2.02 inf
   55 F   -5 -6 -6 -7 -5 -6 -6 -6 -4 -3 -2 -6 -3  9 -7 -5 -5 -2  0 -4    0   0   0   0   0   0   0   0   0   0   0   0   0 100   0   0   0   0   0   0  2.64 inf
   56 G   -2 -5 -3 -4 -5 -4 -5  7 -5 -7 -6 -4 -5 -6 -5 -3 -4 -5 -6 -6    0   0   0   0   0   0   0 100   0   0   0   0   0   0   0   0   0   0   0   0  2.22 inf
   57 T    3 -3  2 -2 -3 -2 -2 -2 -3 -4 -4 -2 -3 -4 -3  5  1 -5 -4 -3   28   0  11   0   0   0   0   0   0   0   0   0   0   0   0  53   7   0   0   1  0.85 inf
   58 F   -5 -6 -6 -7 -5 -6 -6 -6 -4 -3 -2 -6 -3  9 -7 -5 -5 -2  0 -4    0   0   0   0   0   0   0   0   0   0   1   0   0  99   0   0   0   0   0   0  2.58 inf
   59 E    0 -1 -2  0 -3 -1  3 -2 -3 -4 -4 -1 -4 -5 -3  5  1 -5 -3 -4    3   2   0   4   0   0  19   1   0   0   0   2   0   0   0  61   6   0   0   0  0.82 inf
   60 V   -2 -4 -5 -5 -3 -4 -4 -5 -5  1  4 -4  0 -2 -2 -3  0 -4 -3  4    1   0   0   0   0   0   0   0   0   3  44   0   0   0   1   0   7   0   0  44  0.79 inf
   61 R   -3  5  2 -3 -5 -1 -2 -4  7 -5 -5  3 -4 -4 -4 -2 -3 -5 -2 -5    0  36   9   0   0   0   0   0  34   0   0  21   0   0   0   0   0   0   0   0  1.24 inf
   62 K   -1  0  0 -1 -4  1  2 -3  4 -3 -3  2 -2  1 -3 -1 -2 -2  5 -3    3   4   4   3   0   6  17   1  11   0   0  12   1   5   0   4   0   0  27   0  0.48 inf
   63 R   -4  8 -3 -4 -6 -2 -3 -5 -3 -6 -5  0 -4 -6 -5 -4 -4 -6 -5 -5    0  99   0   0   0   0   0   0   0   0   0   1   0   0   0   0   0   0   0   0  2.29 inf
   64 K    2 -1  0  2 -3  0  1 -1 -3 -4 -4  1 -3 -4  5  1 -1 -5 -4 -3   24   1   3  11   0   3   9   2   0   0   0  10   0   0  26   8   1   0   0   0  0.56 inf
   65 G    4 -4 -4 -3 -4 -3 -2  0 -4 -4 -4 -3 -4 -5  6  0 -3 -5 -4 -3   45   0   0   1   0   0   1   6   0   0   0   0   0   0  43   3   0   0   0   0  1.25 inf
   66 R   -4  8 -3 -4 -6 -2 -3 -5 -3 -6 -5  0 -4 -6 -5 -4 -4 -6 -5 -5    0  98   0   0   0   0   0   0   0   0   0   2   0   0   0   0   0   0   0   0  2.27 inf
   67 L    0 -1 -1 -2 -1 -1 -1 -2 -2  2  1 -1  2 -1 -1 -1 -1 -1 -1  3    6   2   2   2   1   3   3   3   1  15  14   4   7   2   2   3   2   1   1  27  0.12 inf
   68 N    0  0  1  0 -1  1  0 -1 -1 -1 -1  2 -1 -1  0  0  2 -1 -1 -1    4   4   9   3   1   5   6   4   1   3   5  17   1   2   3   6  21   1   2   3  0.13 inf
   69 A    0 -5 -3 -4 -5 -4 -5  7 -5 -6 -6 -4 -5 -6 -5 -3 -4 -5 -6 -5    8   0   0   0   0   0   0  92   0   0   0   0   0   0   0   0   0   0   0   0  1.93 inf
   70 R   -4  8 -3 -4 -6 -2 -3 -5 -3 -6 -5  0 -4 -6 -5 -4 -4 -6 -5 -5    0  99   0   0   0   0   0   0   0   0   0   1   0   0   0   0   0   0   0   0  2.30 inf
   71 N   -5 -3  9 -1 -6 -3 -3 -3 -2 -6 -7 -3 -5 -6 -5 -2 -3 -7 -5 -6    0   0 100   0   0   0   0   0   0   0   0   0   0   0   0   0   0   0   0   0  2.46 inf
   72 P   -4 -5 -5 -5 -6 -4 -4 -5 -5 -6 -6 -4 -6 -7  9 -4 -4 -7 -6 -5    0   0   0   0   0   0   0   0   0   0   0   0   0   0 100   0   0   0   0   0  3.09 inf
   73 Q   -3  5 -2 -3 -5  4 -1 -4 -2 -5 -5  6 -3 -5 -4 -2 -3 -5 -4 -5    0  30   0   0   0  19   0   0   0   0   0  51   0   0   0   0   0   0   0   0  1.25 inf
   74 T   -2 -4 -2 -4 -4 -3 -3 -4 -4 -3 -4 -3 -3 -5 -4  1  7 -5 -4 -3    0   0   1   0   0   0   0   0   0   0   0   0   0   0   0   9  91   0   0   0  1.75 inf
   75 G   -2 -5 -3 -4 -5 -4 -5  7 -5 -7 -6 -4 -5 -6 -5 -3 -4 -5 -6 -6    0   0   0   0   0   0   0 100   0   0   0   0   0   0   0   0   0   0   0   0  2.22 inf
   76 E   -1 -2 -2  4 -6  0  6 -3 -3 -5 -5 -1 -4 -5 -3 -2 -2 -5 -4 -4    3   0   0  20   0   2  69   1   0   0   0   1   0   0   0   1   2   0   0   1  1.27 inf
   77 Y    1  0 -1 -1 -3  2  2 -2  0 -2 -3  2 -2 -3  1  2  2 -3  1 -2   10   3   0   0   0   8  13   1   1   1   1  16   0   0   5  22  12   0   5   1  0.28 inf
   78 V   -3 -5 -5 -6 -3 -5 -5 -6 -6  3 -1 -5  0 -3 -5 -4 -2 -5 -4  7    0   0   0   0   0   0   0   0   0  12   0   0   1   0   0   0   0   0   0  87  1.50 inf
   79 K    1 -1  0  2 -4  1  4 -2  1 -3 -3  1 -1 -3  0  1 -1 -4 -2 -2   10   1   3  10   0   6  33   0   3   0   1  10   2   0   4  10   2   0   1   2  0.37 inf
   80 V   -3 -4 -5 -5 -3 -4 -5 -5 -5  3  3 -4  0 -2 -5 -4 -2 -4 -3  5    0   0   0   0   0   0   0   0   0  19  32   0   0   0   0   0   0   0   0  49  0.92 inf
   81 L    0 -2 -2  2 -3 -1  2 -2 -3 -4 -3 -1 -3 -5  6  0 -1 -5 -4 -3    8   0   1  15   0   1  17   2   0   0   3   2   0   0  39   7   3   0   0   0  0.82 inf
   82 D    3 -2 -1  1 -3 -1  3  3 -3 -4 -4 -1 -3 -4 -1  0 -2 -4 -4 -3   32   0   1   6   0   1  26  25   0   0   0   1   0   0   3   5   0   0   0   0  0.54 inf
   83 H   -3  1 -2 -3 -5 -1 -2 -4  2 -5 -5  7 -4 -5 -3  1 -2 -5 -4 -5    0   3   0   0   0   0   0   0   5   0   0  79   0   0   0  12   1   0   0   0  1.37 inf
   84 H   -2  2 -1 -3 -1 -1 -2 -4  5 -3 -3  2 -2  1 -4 -1 -2  3  5 -1    3  11   2   0   2   0   0   0  19   1   0  19   0   5   0   5   1   5  25   4  0.60 inf
   85 V   -2 -5 -4 -6 -3 -5 -5 -6 -6  2 -1 -5  0 -3 -5 -4 -1 -5 -4  7    0   0   0   0   0   0   0   0   0   6   1   0   1   0   0   0   2   0   0  89  1.46 inf
   86 A   -1 -5 -5 -4 -6 -4 -4 -5 -5 -6 -6 -4 -5 -7  9 -4 -4 -7 -6 -5    5   0   0   0   0   0   0   0   0   0   0   0   0   0  95   0   0   0   0   0  2.84 inf
   87 Y    1 -3 -3 -4 -5 -2 -3 -4  8 -4 -3 -4 -3  5 -5 -3 -3 -2  4 -3   13   0   0   0   0   1   0   0  45   0   0   0   0  24   0   0   1   0  15   1  1.34 inf
   88 F   -5 -6 -6 -7 -5 -6 -6 -6 -4 -3 -2 -6 -3  9 -7 -5 -5 -2  0 -4    0   0   0   0   0   0   0   0   0   0   0   0   0 100   0   0   0   0   0   0  2.64 inf
   89 R   -3  2 -3 -3 -6 -1 -2 -4 -3 -5 -5  8 -4 -6 -4 -3 -3 -6 -5 -5    0   7   0   0   0   0   0   0   0   0   0  93   0   0   0   0   0   0   0   0  1.84 inf
   90 P    1 -4 -4 -4 -4 -3 -3 -4 -4 -4 -4 -3 -2 -5  7 -1  3 -6 -5 -2   14   0   0   0   0   0   0   0   0   0   0   0   1   0  62   2  19   0   0   2  1.61 inf
   91 G   -2 -5 -3 -4 -5 -4 -5  7 -5 -7 -6 -4 -5 -6 -5 -2 -4 -5 -6 -6    0   0   0   0   0   0   0  99   0   0   0   0   0   0   0   1   0   0   0   0  2.16 inf
   92 K   -3  0 -3 -3 -6 -1 -2 -4 -3 -6 -5  8 -4 -6 -4 -3 -3 -6 -5 -5    0   0   0   0   0   0   0   0   0   0   0 100   0   0   0   0   0   0   0   0  2.04 inf
   93 D    1 -2 -2  2 -5  1  6 -3 -2 -4 -2 -1 -4 -5 -3 -1 -3 -5 -4 -4   12   0   0   9   0   4  66   1   0   0   5   1   0   0   0   2   0   0   0   0  1.02 inf
   94 L   -4 -4 -6 -6 -4 -4 -5 -6 -5  0  6 -5  4 -2 -5 -5 -3 -4 -3 -1    0   0   0   0   0   0   0   0   0   2  86   0  12   0   0   0   0   0   0   0  1.38 inf
   95 K   -4  7 -3 -4 -6 -1 -2 -5 -1 -6 -5  4 -4 -5 -4 -3 -3 -5 -4 -5    0  75   0   0   0   0   0   0   1   0   0  23   0   0   0   0   0   0   0   0  1.72 inf
   96 E   -3 -3 -2  5 -6 -1  6 -4 -3 -5 -5 -2 -5 -6 -4 -2 -3 -6 -5 -4    1   0   0  36   0   1  60   0   0   0   0   0   0   0   0   1   0   0   0   0  1.40 inf
   97 R    1  7 -3 -4 -4  0 -2 -4 -3 -4 -2  0 -2 -5 -4 -2 -2 -5 -4 -4   12  75   0   0   0   3   0   0   0   0   4   0   1   0   0   1   2   0   0   0  1.33 inf
   98 V   -2 -4 -5 -5 -3 -4 -5 -5 -5  1  3 -4 -1 -2 -5 -4 -2 -5 -3  6    2   0   0   0   0   0   0   0   0   3  27   0   0   0   0   0   0   0   0  68  1.05 inf
   99 W   -2 -3  7  4 -5 -2 -2 -3 -2 -5 -5 -3 -4 -5 -4 -1 -2  4 -4 -5    3   0  65  23   0   0   1   0   0   0   0   0   0   0   0   3   0   6   0   0  1.43 inf
  100 G    2 -2  3  2 -3 -2 -1  4 -2 -3 -4 -1 -3 -4 -3  0 -1 -4 -4 -3   25   0  16  14   0   0   1  37   0   1   0   1   0   0   0   4   2   0   0   0  0.55 inf
  101 I    0 -2 -2 -3 -2 -2 -2 -3 -3  3  2 -2  1 -1 -3  1  0  0 -2  2    3   0   0   0   0   1   1   0   0  31  22   0   3   1   0  19   5   2   0  11  0.22 inf
  102 K   -2  4 -1 -1 -4  1  1 -3 -1 -4 -3  5 -2 -4 -2 -1 -1 -4 -3 -3    0  34   0   0   0   0   8   0   0   0   0  58   0   0   0   0   0   0   0   0  0.73 inf

                      K         Lambda
Standard Ungapped    0.1388     0.3207
Standard Gapped      0.0565     0.2670
PSI Ungapped         0.1844     0.3096
PSI Gapped           0.0565     0.2670
