
Last position-specific scoring matrix computed, weighted observed percentages rounded down, information per position, and relative weight of gapless real matches to pseudocounts
           A  R  N  D  C  Q  E  G  H  I  L  K  M  F  P  S  T  W  Y  V   A   R   N   D   C   Q   E   G   H   I   L   K   M   F   P   S   T   W   Y   V
    1 G    4 -3 -2 -2 -2 -2 -2  5 -3 -3 -3 -2 -2 -4 -2  0 -1 -3 -3 -2   53   0   0   0   0   0   0  47   0   0   0   0   0   0   0   0   0   0   0   0  0.77 inf
    2 H   -3 -1  4 -2 -4  3 -2 -3  2 -4 -4  0 -3 -4  6 -2 -1 -4  0 -4    0   2  23   0   0  15   0   0   5   0   0   5   0   0  42   0   4   0   4   0  1.01 inf
    3 M   -1 -4 -3 -5 -1 -2 -4 -5 -4  5  1 -3  5  1 -4 -4 -2 -4 -2  2    5   0   1   0   1   2   0   0   0  45   9   1  17   7   0   0   0   0   0  12  0.72 inf
    4 Q   -1  1  2  0 -4  5  3 -3 -2 -4 -4  3 -2 -5 -2  1 -1 -5 -4 -3    3   6   8   4   0  27  18   1   0   0   0  18   1   0   1  10   3   0   0   1  0.58 inf
    5 T   -3 -2 -2 -4 -4 -4 -2 -5 -3 -4 -4 -4 -4 -6 -2  3  7 -6 -5 -3    0   2   1   0   0   0   2   0   1   0   1   0   0   0   2  19  72   0   0   1  1.58 inf
    6 L   -5 -6 -7 -7 -5 -6 -6 -7 -4  2  3 -6 -1  7 -7 -6 -5 -3  5 -1    0   0   0   0   0   0   0   0   0  11  27   0   1  39   0   0   0   0  20   3  1.44 inf
    7 I    2 -6 -6 -6  1 -6 -6 -6 -6  4 -1 -6 -3 -4 -6 -3 -2 -6 -5  6   19   0   0   0   2   0   0   0   0  20   4   0   0   0   0   1   2   0   0  51  1.21 inf
    8 F   -2 -7 -7 -7 -3 -6 -7 -7 -6  3 -1 -6 -1  7 -7 -4 -4 -4 -2  4    3   0   0   0   0   0   0   0   0  14   5   0   1  46   0   1   0   0   0  29  1.49 inf
    9 L   -6 -7 -7 -8 -6 -7 -7 -7 -6  1  3 -7  0  7 -7 -5 -5 -4  0  0    0   0   0   0   0   0   0   0   0   7  31   0   2  51   0   0   0   0   2   7  1.62 inf
   10 D   -7 -7 -4  9 -9 -6 -4 -7 -6 -9 -9 -6 -9 -9 -7 -5 -6-10 -9 -9    0   0   0 100   0   0   0   0   0   0   0   0   0   0   0   0   0   0   0   0  3.26 inf
   11 L   -5 -6 -7 -7 -2 -6 -7 -7 -7  4  5 -6 -1  0 -7 -5  0 -6 -5  0    0   0   0   0   1   0   0   0   0  21  64   0   0   3   0   0   6   0   0   6  1.36 inf
   12 E   -6 -5 -2 -4 -9 -3  8 -7 -5 -9 -8 -3 -7 -9 -6 -5 -6 -8 -7 -8    0   0   2   0   0   0  98   0   0   0   0   1   0   0   0   0   0   0   0   0  2.84 inf
   13 A    2 -6 -5 -6 -3 -5 -6 -5 -7 -6 -6 -5 -6 -7 -6 -1  8 -7 -7 -5   14   0   0   0   0   0   0   0   0   0   0   0   0   0   0   3  82   0   0   0  2.21 inf
   14 T   -5 -6 -3 -6 -3 -6 -6 -7 -7 -3 -6 -6 -6 -7 -6 -1  8 -8 -7 -4    0   0   1   0   1   0   0   0   0   2   0   0   0   0   0   4  92   0   0   1  2.59 inf
   15 G   -5 -7  0 -2 -7 -6 -7  7 -1 -9 -8 -6 -7 -8 -7 -3 -5 -7 -8 -8    0   0   4   2   0   0   0  91   1   0   0   0   0   0   0   1   1   0   0   0  2.46 inf
   16 L   -2 -5 -4 -6 -3 -4 -5  0 -5  1  5 -5 -1  2 -6 -3  1 -5 -1  0    3   0   1   0   0   0   0   9   0   7  53   0   1   8   0   1   9   0   2   7  0.76 inf
   17 P   -3 -2  4  2 -5 -1 -2 -2  1 -1 -5  0 -5 -3  4  2 -3 -6 -4 -4    1   2  23  13   0   2   1   2   3   4   0   4   0   1  22  19   0   0   0   1  0.74 inf
   18 S    1  1  1 -2 -2 -1 -1 -1  0  1 -1 -1 -1  1  2  0  0 -3  0  0   11   8   7   0   0   2   2   4   2  12   3   4   1   9  12   8   5   0   3   6  0.12 inf
   19 S    1  0  2  1 -2  0  0 -1 -1 -1 -2  0 -1 -3 -2  2  0 -4  0  1   12   6  13   6   1   3   5   4   1   4   2   6   1   1   1  15   6   0   4  10  0.13 inf
   20 R   -2  3  2  1 -5  2  1 -1  2 -4 -3  2 -2 -2 -3 -1  1 -2  1 -3    1  17   8   8   0   9  10   4   4   1   1  16   1   2   0   2   8   1   5   1  0.35 inf
   21 P   -2 -5  0  6 -1 -4  1 -4  1 -4 -6 -4 -6 -7  4 -3 -1 -7 -6 -2    3   0   4  49   2   0   9   1   4   1   0   0   0   0  20   1   4   0   0   4  1.25 inf
   22 E   -2  6 -2 -1 -7  0  1 -1  0 -7 -6  4 -5 -7 -5 -2 -3 -6 -3 -6    3  48   1   3   0   4  10   5   2   0   0  20   0   0   0   3   2   0   1   0  1.17 inf
   23 V   -6 -8 -8 -8 -6 -8 -8 -9 -8  8 -2 -8 -1 -5 -8 -7 -5 -7 -6  2    0   0   0   0   0   0   0   0   0  88   2   0   1   0   0   0   0   0   0   9  2.55 inf
   24 T   -1 -6 -5 -6 -2 -6 -6 -6 -7  5 -4 -6 -4 -5 -6 -4  6 -7 -6  3    5   0   0   0   1   0   0   0   0  30   0   0   0   0   0   0  44   0   0  21  1.41 inf
   25 E   -5 -5 -5 -1 -9  2  8 -7 -5 -8 -8 -4 -7 -8 -6 -5 -6 -8 -7 -7    1   0   0   2   0   8  89   0   0   0   0   0   0   0   0   0   0   0   0   0  2.54 inf
   26 L   -5 -7 -7 -7 -5 -6 -7 -7 -7  7  3 -7  0  2 -7 -6 -5 -6 -3  0    0   0   0   0   0   0   0   0   0  58  27   0   2   9   0   0   0   0   0   3  1.62 inf
   27 C    4 -5 -3 -5  6 -4 -5  3 -5 -5 -5 -4 -5 -4 -5  3 -2 -6 -3 -4   30   0   1   0  19   0   0  20   0   0   0   0   0   1   0  25   2   0   1   1  1.09 inf
   28 L    3 -4 -5 -5 -1 -4 -4 -3 -4  4  3 -4  2  0 -4 -3 -3 -4  0  1   23   0   0   0   1   0   0   2   0  23  26   0   6   4   0   0   0   0   4   9  0.62 inf
   29 L   -2 -3 -4 -4 -1 -1 -4 -4 -2  3  2 -4  1  2 -4 -3 -2  0  3  4    2   1   1   1   1   3   1   1   1  13  21   1   4   7   1   1   1   1   9  29  0.55 inf
   30 A    4  1 -2 -2  0 -2 -1 -2 -2 -3 -3  5 -3 -3 -3 -2 -2 -4 -3 -2   32   7   1   2   2   1   3   3   1   1   2  35   0   1   1   2   2   0   1   2  0.67 inf
   31 V   -2 -4 -3 -4  1 -3 -3 -3 -3  3  0 -3  0  2 -3 -3 -2 -3  1  5    2   1   1   1   3   1   2   2   1  15   6   1   1   9   1   1   2   0   4  47  0.75 inf
   32 H   -1  0  0  2 -2  0  1 -1  5 -2 -2  1  0  0 -1  1 -1 -2  1 -2    4   6   4  11   1   3   9   4  16   2   4   8   2   4   2  10   4   1   4   2  0.23 inf
   33 R    1  4  1 -1 -3 -1 -2  0 -2 -2 -2  0 -2 -3  3 -1 -1 -3 -2 -2   10  29   8   3   1   2   2   7   1   2   4   4   1   1  15   4   2   0   1   2  0.41 inf
   34 R    0  1  2  2  1  0  1  1  2 -2 -2  0 -2 -1 -2  1 -1  0 -1 -2    6   7  10  14   4   4   8  10   5   2   3   6   1   3   1  10   3   1   2   2  0.16 inf
   35 A    1 -1 -1  0 -2  0  1  3  2 -2 -1 -1 -1 -2 -2  1 -1 -2 -2 -2   13   2   2   6   1   5  11  23   6   2   7   3   1   1   1   9   3   0   1   3  0.21 inf
   36 L   -1 -1  0 -2 -2 -1 -1  0 -1  1  3 -1  1  0 -2 -1  0 -2 -1  0    3   3   6   2   1   2   4   7   1  10  31   5   3   5   2   5   5   0   1   5  0.12 inf
   37 E   -1  0 -1 -1  0  0  4 -1 -1 -1  0  1 -1 -1 -1 -1  0 -2 -2 -1    3   4   2   2   2   3  31   6   1   3  13  10   1   2   3   3   5   0   1   5  0.26 inf
   38 N   -1  0  4  1 -2  0  2  0  0 -2 -2  1 -1 -2 -1  0  0 -2 -2 -2    3   4  21   6   1   3  16   8   2   3   4   7   1   2   2   7   5   1   1   3  0.24 inf
   39 T    0  0  0 -1  1  0  0  1 -1 -1 -1  0  0 -2  2  1  1  0 -1 -1    6   5   5   3   3   4   5  10   1   4   6   4   2   2   9  14  10   2   1   5  0.08 inf
   40 S    0  0  1  0 -2  1  1  0  0 -2 -2  2 -1 -1  1  0  1 -1 -1 -1    6   4   6   6   1   5  11   6   2   2   4  17   1   3   5   7   8   1   2   3  0.12 inf
   41 I    0  1  0 -1  0  0  0  0  0  0 -1  0  0  0  0  0  1 -1  0  0    6   8   4   3   2   5   5   6   2   4   6   6   2   6   4   7  13   1   3   7  0.03 inf
   42 S    0  0  0  1  0  1  1  0  0 -1 -1  0 -1  0  1  1  0  0 -1 -1    6   7   4   9   2   6   7   7   3   3   5   5   1   5   6  11   7   2   2   5  0.05 inf
   43 Q    0  1  0  0 -1  1  2  0 -1 -1 -1  0  0 -1  0  0  0 -1 -1 -1    6   8   4   5   1   8  14   7   1   4   7   6   2   3   4   6   7   1   2   4  0.07 inf
   44 G    0  0  0  0  0  0  0  1 -1 -1 -1  0 -1  0  0  1  0  0  0 -1    8   4   4   5   2   4   6  13   1   3   7   6   1   5   4  12   5   1   2   5  0.04 inf
   45 H    0  0  0  1 -1  1  0  1  0 -1 -1  0 -1  0  1  0  0  0  0  0    6   4   4   7   1   7   6  11   2   4   7   6   1   4   6   6   5   1   3   6  0.04 inf
   46 P    0  0  0  0  0  0  0  0 -1 -1 -1  0 -1 -1  2  0  0  0 -1  0    9   4   6   6   2   5   5   8   1   4   7   6   2   3  10   6   7   1   2   6  0.06 inf
   47 P    0  0  0  0  1  0  0  0 -1  0  0  0  0  0  2  0  0 -1  0  0    7   4   4   4   3   5   6   6   2   4  10   5   2   4  11   8   7   1   3   6  0.05 inf
   48 P    0  0  0  0 -1  0  0  0  0  0 -1  0  0 -1  1  0  0  0  0  0    9   5   4   4   1   5   6   8   2   4   7   5   2   3   8   6   8   1   3   8  0.04 inf
   49 V    0  0  0  0 -1  0  0  0  0  0  0  0  0  0  0  0  0  0  0  0    7   5   4   5   1   4   5   6   2   7  12   5   3   4   4   6   5   1   3  10  0.00 inf
   50 P    0 -1  0  0 -1  0  0  0  1 -1 -1  0 -1 -1  4  0  0  1  0 -1    6   3   4   6   1   3   5   7   3   5   7   6   2   3  20   5   5   2   3   5  0.17 inf
   51 R    0  1  0  1 -1  1  1 -1 -1 -1  0  1  0 -1  1  0  0 -1 -1  0    7   8   3   7   2   5   8   5   1   4   8   8   2   3   7   6   5   1   2   7  0.05 inf
   52 P    0  0  0  0 -1 -1  0  0 -1  0  1 -1  0  0  2  0  0 -1 -1  0    8   4   5   6   1   2   5   9   1   4  18   4   3   3  10   4   6   1   2   5  0.05 inf
   53 P   -1 -1  0 -1 -1  0  0  1 -1 -1 -1 -1 -1  0  5 -1 -1 -1 -1 -1    4   3   4   3   1   5   5  12   1   4   5   4   1   4  29   5   4   1   2   4  0.38 inf
   54 R   -1  5 -1 -1 -2  0  0 -2 -1 -2 -2  1 -1 -2 -1 -1 -1 -1 -2 -2    4  40   2   3   1   3   6   4   1   3   5   9   1   2   3   4   4   1   2   3  0.50 inf
   55 V   -1 -2 -2 -2  0 -2 -2 -2 -2  3 -1 -2 -1 -2 -2 -2 -1 -2 -1  5    3   3   2   2   2   2   3   3   1  17   4   3   1   1   2   3   3   1   2  43  0.51 inf
   56 V   -1 -2 -2 -2  0  0 -1 -2 -2  2  2 -1  2 -1 -2 -1  0 -1 -1  3    4   2   2   2   3   4   4   3   1  14  19   3   5   2   2   3   7   1   1  21  0.18 inf
   57 D   -1 -1  2  5 -3  0  0  0  3 -3 -3 -1 -2 -3 -2 -1 -1 -3 -2 -2    4   2   8  36   1   4   5   8   8   2   3   3   1   1   2   4   3   0   1   3  0.52 inf
   58 K   -1  3 -1 -1 -3  1  1 -2  0 -2 -2  5 -2 -2 -2 -1  0 -2 -2 -2    3  13   2   2   1   5   9   3   2   2   3  36   1   2   2   5   5   0   1   3  0.46 inf
   59 L   -2 -2 -3 -3 -2 -1 -2 -3 -2 -1  4 -2  0  4 -2 -2 -2  4  2 -1    3   2   2   2   1   2   2   2   1   3  37   3   2  20   2   2   2   5   6   3  0.50 inf
   60 S   -1 -2  2 -1  0  1  0 -2  1  0 -2 -2 -2 -3 -2  3  3 -3 -2  0    4   1  10   2   2   5   5   2   3   5   3   2   1   1   1  20  24   0   1   6  0.30 inf
   61 L   -1 -2 -2 -2  0 -1 -1 -2 -2  0  3 -1  1  0 -2  1  2  3 -1  0    3   2   1   1   2   3   4   2   1   4  29   3   4   5   1  11  14   4   2   4  0.20 inf
   62 C   -2  0 -4 -3  7 -3 -4 -4 -3 -2  4 -3 -2  2 -1 -3 -3 -3  0 -2    2   5   1   1  23   1   1   1   0   1  40   2   0   9   4   1   1   0   4   2  0.84 inf
   63 I   -4 -6 -6 -6 -3 -5 -6 -6 -6  5  0 -6  2  3 -6 -5 -4 -5 -4  5    1   0   0   0   0   0   0   0   0  33   6   0   4  10   0   0   0   0   0  43  1.30 inf
   64 A   -1 -1  7  2  1  0 -3 -5  1 -6 -5  0 -3 -5 -6 -1 -3 -7 -2 -4    5   3  59   8   3   4   1   0   3   0   1   6   1   0   0   3   1   0   1   1  1.39 inf
   65 P   -5 -7 -4 -6 -1 -6 -6 -7 -7 -4 -6 -6 -7 -8  9 -5 -6 -8 -8 -7    1   0   1   0   1   0   0   0   0   1   1   0   0   0  93   1   0   0   0   0  3.21 inf
   66 G   -2  0  0 -1 -4  2  4  3 -1 -5 -4 -1 -3 -5 -3  0  0 -5 -5 -4    1   4   4   3   0  10  32  24   2   1   1   3   1   0   1   6   5   0   0   1  0.63 inf
   67 K   -3  4 -4 -3  2  0 -2 -4 -1  1 -2  3  5 -4 -5 -3 -2 -5 -3  0    2  24   0   1   5   4   2   1   2   8   2  21  17   0   0   1   2   0   1   6  0.69 inf
   68 A    0 -1 -1  1 -5 -2  0 -3  2 -2 -3  0  1 -4  6 -1 -1 -2 -1 -3    7   3   3   8   0   1   7   1   5   3   3   5   4   1  35   4   4   1   3   2  0.63 inf
   69 C   -5 -7 -7 -7  2 -3 -7 -7 -7  7 -1 -7  0 -1 -7 -6 -3 -6 -5  3    0   0   0   0   3   2   0   0   0  66   5   0   2   3   0   0   2   0   0  15  1.77 inf
   70 S   -3 -4 -1 -2 -3 -1 -2 -4  2 -6 -4 -3 -3 -4  7  3  1 -6 -3 -3    1   1   2   3   1   3   2   1   5   0   1   1   1   1  47  18   7   0   1   2  1.22 inf
   71 P    1 -3 -1  0 -2  0  1 -3 -1 -3 -3  1 -3 -3  6 -1 -2 -2 -1 -3   12   1   2   5   1   3  11   2   2   2   3   7   1   1  35   5   2   1   2   2  0.66 inf
   72 G    0  1  0  0 -4  1  3 -1  2 -2 -2  1  0  2 -3 -2 -1 -1  1 -2    7   7   4   4   0   7  21   5   4   2   3  10   2  11   1   2   4   1   4   2  0.25 inf
   73 A    4 -5 -1 -5 -1 -4 -5 -4 -5  4 -3 -4 -3 -4 -5  1  0 -5 -5  3   34   0   3   0   1   0   0   0   0  24   1   0   0   0   0  10   6   0   0  18  0.83 inf
   74 S    1 -2 -3 -4  0  1  1 -3 -4 -1 -4 -2 -2 -3 -5  4  4 -6 -5  1    9   2   1   0   2   6   9   2   0   3   1   2   1   1   0  31  22   0   0   8  0.58 inf
   75 E    1  2  1  0 -5  2  3 -1  1 -3 -2  2 -1 -2 -4 -1 -2 -5 -1 -3   14  10   6   6   0   7  20   3   4   1   5  13   2   2   0   3   2   0   3   1  0.30 inf
   76 I   -3 -6 -7 -7 -5 -6 -7 -7 -7  5  4 -2  0 -2 -3 -4 -3 -6 -5  3    2   0   0   0   0   0   0   0   0  34  33   3   2   2   1   1   1   0   0  20  1.13 inf
   77 T   -6 -6  0 -6 -7 -6 -6 -7  7 -2 -7 -6 -6 -7 -7  0  7 -8 -6 -6    0   0   5   0   0   0   0   0  27   2   0   0   0   0   0   7  59   0   0   0  2.14 inf
   78 G   -5 -5  0 -5 -7 -3 -6  7  1 -8 -8  0 -7 -8 -7 -3 -6 -7 -7 -8    0   0   5   0   0   1   0  81   4   0   0   6   0   0   0   1   0   0   0   0  2.15 inf
   79 L   -6 -8 -8 -8 -6 -8 -8 -9 -8  8  3 -8 -2 -3 -8 -7 -6 -7 -6 -1    0   0   0   0   0   0   0   0   0  70  26   0   1   1   0   0   0   0   0   3  2.16 inf
   80 S   -4 -3  2  1 -4 -4 -3 -5 -1 -6 -6 -3 -6 -3 -6  4  5 -2  2 -5    0   1  10   7   0   0   1   0   1   0   0   2   0   1   0  29  38   1   8   0  1.12 inf
   81 K   -2 -4  6  5 -7  0 -2 -5 -5 -5 -6 -2 -3 -7 -4  0  2 -8 -7 -6    3   1  39  30   0   3   2   0   0   1   1   2   1   0   1   5  11   0   0   0  1.30 inf
   82 A    2 -3 -1  3 -4  0  5 -4 -1 -6 -4  0 -3 -6 -5  0 -4 -3  0 -2   15   1   2  18   0   4  38   1   1   0   1   4   1   0   0   6   0   0   4   3  0.80 inf
   83 E   -3 -3  1  4 -5 -2 -3 -2 -3 -2  0  0  8 -4 -3 -2 -3 -6 -3 -2    2   1   6  21   0   2   2   4   0   2   7   6  39   0   2   3   1   0   1   2  1.10 inf
   84 L   -4 -6 -6 -6 -5 -5 -6 -6 -6  0  4 -6 -1 -2 -6 -5 -4 -5 -5  6    1   0   0   0   0   0   0   0   0   4  43   0   1   1   0   0   0   0   0  46  1.41 inf
   85 E    3  0 -1  0  1 -1  2 -2 -3 -2 -2  3 -1 -2 -3  0 -1 -4 -3 -1   27   5   3   4   3   2  13   2   0   2   4  18   1   1   1   7   3   0   1   4  0.31 inf
   86 V    0  1  3  4 -4 -1  0 -2  2 -3 -2  0 -2 -3 -1  0 -1 -1 -2  0    7  10  14  23   0   3   5   2   5   1   3   5   1   1   2   5   2   1   1   9  0.32 inf
   87 Q    3  0  0 -3  4  3  1 -2  3 -4 -3 -1 -1 -4  1 -1 -2 -4 -3 -3   26   5   4   1  10  13  11   2   7   1   3   3   1   1   6   3   2   0   0   1  0.47 inf
   88 G   -1  0  0  2  0  0  0  2  0 -1 -2  0 -1 -2  2  0 -1  1 -1 -2    4   5   3  11   3   4   6  17   2   4   4   5   1   2  11   6   3   2   2   3  0.15 inf
   89 R    1  1 -1 -1 -1  1  0 -1 -1  0 -1  2 -1 -1  0  0  1 -2 -1  0   12   8   3   3   1   6   4   4   1   4   5  18   1   2   4   4   9   1   2   8  0.10 inf
   90 Q    0 -1 -4 -3 -4  2 -2 -4 -4 -4 -3 -1 -3 -5  7 -1 -4 -5 -4 -4    9   4   1   2   0   8   3   2   0   1   3   4   1   1  56   4   1   0   1   1  1.42 inf
   91 R   -2  3 -2 -2  0 -1 -1 -1 -1 -2 -2  2 -2 -4  3  0  4 -4 -2 -1    2  14   1   2   2   3   3   5   2   2   3  11   1   1  13   7  24   0   1   4  0.37 inf
   92 F   -3 -4 -4 -4 -4 -4 -4 -4 -4  1  0 -3  1  8 -4 -3 -4 -1  0 -2    2   1   1   1   0   1   1   2   0   8   8   2   3  62   1   2   1   1   2   2  1.61 inf
   93 D    0 -1  1  4 -2 -1  1 -1  0 -1 -3  2 -2  0 -1  0 -2 -3  0 -3    7   3   7  22   1   2   8   5   2   5   2  14   1   4   3   8   2   0   4   1  0.25 inf
   94 D    1 -1 -2  2  0  1  5 -1 -2 -4 -2  0 -4 -4 -3  0 -2 -5 -4 -3   10   3   1   9   2   5  42   4   1   1   4   6   0   1   1   6   2   0   0   2  0.65 inf
   95 N    0 -1  1  2 -2  1  0 -2 -1  0  0  1 -1 -1  0  0  0 -3 -2  1    8   2   7  14   1   7   5   3   2   6   7   8   1   2   4   4   6   0   1  11  0.08 inf
   96 L    2 -4 -4 -4 -2 -4 -4 -3 -4  3  2 -4  0 -2 -4 -2  1 -2 -3  4   19   1   0   1   1   0   1   2   0  15  16   1   1   1   1   2   8   1   1  29  0.56 inf
   97 A    3 -2 -2  0 -3 -2 -1 -1 -1  0  0  0 -1  1  2 -1 -2 -3  0  1   26   2   1   6   0   1   3   5   1   4   9   6   1   6   9   2   2   0   3  12  0.18 inf
   98 I   -2  2  2  1 -3  2  2 -2  0 -1 -3  3 -3 -4  1  0 -1 -4 -3 -3    2   9   8   8   1   7  14   3   2   4   1  19   1   0   7   7   4   0   1   2  0.33 inf
   99 L    0 -1 -2  0 -2  0  0 -2  1  1  2 -1  2  0 -3 -1  1 -3 -2  1   10   4   1   4   0   4   5   2   4   8  19   4   6   4   1   5   9   0   1  10  0.10 inf
  100 L   -1 -4 -5 -6 -5 -4 -5 -5 -6  5  4 -5  1  1 -4 -4 -3 -5 -1  2    5   1   1   0   0   1   1   1   0  28  37   0   4   6   1   1   1   0   2  13  0.91 inf
  101 R    1  1  1  0 -2  2  1 -3  0 -2  0  1 -1 -2  1 -1 -2 -2  1 -1   13   9   6   4   1  10  11   1   2   2   9   7   2   1   6   4   1   1   6   5  0.13 inf
  102 A    1 -1  0  1 -2  1  2 -1 -1 -2 -2  1 -1 -2 -2  1 -1 -3  2 -2   15   2   4   7   1   7  15   4   1   2   4  11   2   2   2  10   4   0   8   2  0.19 inf
  103 F   -4 -4 -4 -4 -3 -3 -3 -6 -3  2 -1 -4 -1  8 -6 -3 -2  2 -1 -1    1   1   1   1   1   2   2   1   1   9   5   1   1  60   0   2   3   3   2   4  1.59 inf
  104 L   -2 -2 -4 -4  0 -3 -3 -3 -4  3  4 -2  2  0 -3 -3 -2  0 -2  1    3   2   1   1   2   1   2   2   0  16  46   2   4   3   2   2   2   1   1   7  0.65 inf
  105 Q    0  1  1  1 -1  2  3 -1  0 -2 -2  0 -2 -2 -2  1 -1 -3 -1 -2    9   6   8   7   1   9  21   5   2   2   3   5   1   2   2  10   2   0   2   2  0.23 inf
  106 R   -1  4  1  1 -3 -1  0  1  2 -2 -2 -1 -2  1 -2  0 -1  0 -1 -2    5  24   6   7   1   2   6  11   5   2   4   3   1   7   2   5   3   1   2   3  0.24 inf
  107 Q   -1  0 -1 -1  2  3 -1 -2 -1  0  2 -1  2  2 -2 -2 -2  0 -1 -1    4   4   3   4   5  17   4   3   1   5  23   4   4   8   2   3   2   1   2   3  0.20 inf
  108 P    0 -1 -1  0  0  1  0  0  0  1 -1  0  0 -1  2  0  1 -2 -1 -1    8   3   2   4   2   6   7   6   2   9   6   6   2   3  13   6  11   0   1   4  0.10 inf
  109 Q   -1  0  0  0 -4  2  1  2 -3 -4 -4  3 -3 -4  1  0 -1 -4 -3 -3    6   5   4   4   0   9  10  17   0   1   2  20   0   1   7   7   3   0   1   2  0.36 inf
  110 P   -2 -2  0  4 -4 -2 -2  3 -2 -4 -4 -2 -4 -4  5 -1 -2 -4 -4 -4    3   2   4  22   0   2   2  22   1   1   2   2   0   1  27   5   2   0   1   1  0.83 inf
  111 C    1 -3 -3 -2  7 -4 -4 -3 -3  1 -1 -2 -1 -2 -3  1  0  2 -4  3   11   1   1   2  22   0   1   2   1   9   4   2   2   1   1  11   5   2   0  20  0.61 inf
  112 C   -3 -4 -3  4  7 -4 -4 -5 -4  2 -1 -4 -1 -4 -4 -4 -2 -2 -3  3    2   1   1  24  24   1   1   1   0  13   5   1   1   0   1   1   3   1   1  18  1.01 inf
  113 L   -5 -4 -7 -4 -5 -6 -6 -7 -6  0  6 -6  1  4 -7 -5 -5  3 -4 -2    0   1   0   1   0   0   0   0   0   5  66   0   2  15   0   1   0   4   0   2  1.49 inf
  114 V    2 -6 -6 -7 -1 -6 -6 -1 -7  2 -2 -6 -2 -5 -6 -4 -4 -7 -6  6   18   0   0   0   1   0   0   6   0  12   2   0   1   0   0   1   0   0   0  57  1.36 inf
  115 A    6 -6 -6 -6  0 -6 -6  4 -6 -4 -7 -6 -6 -7 -6 -2 -5 -7 -7 -6   66   0   0   0   2   0   0  28   0   1   0   0   0   0   0   2   0   0   0   0  1.79 inf
  116 H   -7 -6 -6 -7 -1 -2 -6 -7 10 -7 -4 -6 -6  4 -8 -7 -7 -6  4 -7    0   0   0   0   1   2   0   0  66   0   2   0   0  14   0   0   0   0  13   0  2.94 inf
  117 N   -5 -4  9 -5 -8 -6 -6 -6  1 -8 -8 -3 -7 -8 -7 -4 -6 -8 -3 -8    1   1  90   0   0   0   0   0   3   0   0   1   0   0   0   1   0   0   1   0  3.07 inf
  118 G    4 -4 -1 -4 -1 -4 -4  4 -4 -2 -4 -4 -4 -5 -4  3 -2 -5 -5 -1   29   1   3   1   1   0   1  30   0   3   2   1   0   0   1  21   2   0   0   4  0.82 inf
  119 D   -2  0  5  3 -2 -2 -1 -3 -1 -1 -1  0 -1  1 -3 -1 -1  0 -2  0    2   5  29  16   1   1   4   2   1   4   8   5   1   6   1   3   3   2   1   6  0.42 inf
  120 R    0  6  0 -1 -3  0 -2 -2  1 -5 -4  2 -2 -4  0  1 -2 -3 -3 -4    6  41   3   3   1   3   1   4   4   1   1  11   1   1   4  10   2   0   1   1  0.74 inf
  121 Y   -8 -9 -9-10 -8 -9 -9 -9 -7 -6 -6 -9 -6 10-10 -8 -8 -5  3 -7    0   0   0   0   0   0   0   0   0   0   0   0   0  91   0   0   0   0   9   0  3.47 inf
  122 D   -8 -8 -2  9-10 -6 -4 -7 -7 -9-10 -7 -9 -9 -8 -6 -7-10 -3 -9    0   0   1  97   0   0   0   0   0   0   0   0   0   0   0   0   0   0   1   0  3.27 inf
  123 F   -3 -5 -5 -7 -4 -5 -4 -6 -2  4 -1 -5  2  5 -7 -4 -1 -2  5  2    2   1   0   0   0   0   1   0   1  19   5   0   4  25   0   1   4   0  21  15  1.03 inf
  124 P   -3  1 -2 -4 -7 -4 -5  3 -3 -3 -6 -1 -7 -8  7  0 -3 -8 -5 -6    2   7   2   1   0   0   0  20   1   2   1   4   0   0  52   7   1   0   0   0  1.47 inf
  125 L   -6 -5 -8 -8 -6 -7 -7 -8 -6  3  3 -7  3  7 -8 -7 -6 -1 -2  1    0   1   0   0   0   0   0   0   0  17  25   0   8  40   0   0   0   1   1   8  1.48 inf
  126 L   -6 -7 -8 -8 -6 -7 -8 -9 -8  3  6 -7  1  0 -8 -7 -6 -1 -6 -1    0   0   0   0   0   0   0   0   0  13  77   0   3   3   0   0   0   1   0   3  1.82 inf
  127 Q    2  4  2 -2  1  1 -2 -3 -1  0 -2  3 -1 -2 -4 -2 -2 -5 -2  0   15  21   9   1   3   7   2   1   1   5   3  17   1   2   0   1   1   0   1   8  0.40 inf
  128 T    2  0  1 -2 -2  1  4 -3  1 -4 -3  0 -1 -3 -4  1  1 -5 -2 -3   18   5   7   1   1   6  24   2   3   0   1   6   2   1   0  11   9   0   1   1  0.41 inf
  129 E    0 -3  1 -2 -1  0  7 -5 -1 -6 -7 -1 -6 -7 -6 -3 -3 -1 -3 -4    9   1   6   1   2   3  67   0   1   0   0   4   0   0   0   2   1   1   1   1  1.51 inf
  130 L    0 -6 -6 -7  4 -6 -6 -5 -5  0  3 -6  1  6 -6 -4 -4 -4  2 -3    8   0   0   0   9   0   0   1   0   4  29   0   3  36   0   1   0   0   5   1  1.15 inf
  131 A    1  2 -1  0 -1  2  2 -3 -2 -2  1  2 -1 -2 -4 -1 -2 -3 -3 -2   11  12   2   6   1   9  12   1   0   1  17  14   1   1   0   4   2   0   0   3  0.25 inf
  132 R   -2  7  0 -2 -3  0 -1 -6 -5 -5 -3  2 -1 -6 -6 -3 -4 -7 -6 -3    3  61   4   2   1   4   4   0   0   1   2  11   2   0   0   2   1   0   0   2  1.44 inf
  133 L    3 -5 -1 -4  3 -2 -3 -3  1  0  3 -4  1 -3 -5 -1 -1 -5  0  0   28   0   3   1   7   1   1   1   3   5  28   0   3   1   0   3   3   0   4   7  0.47 inf
  134 S   -2 -3  2  1 -4 -2 -1  6 -1 -6 -6  0 -6 -3 -6 -1 -2 -6 -6 -6    2   1   9   6   0   2   4  60   2   0   1   5   0   1   0   4   2   0   0   0  1.22 inf
  135 T   -1  0 -3 -4 -2 -1 -1 -3 -1  2  2  1  1  1 -4 -2 -1 -3  2  2    6   5   1   0   1   2   4   2   2  14  20   9   4   5   0   1   3   0   7  16  0.23 inf
  136 P    0 -2  0  5 -4  1  2 -2  0 -5 -4  0 -3 -4  2  0  0 -3 -3 -3    7   2   4  30   0   6  15   3   2   0   1   5   1   1   9   6   5   0   1   2  0.52 inf
  137 S   -3 -3 -4 -3 -3 -2 -3 -3 -3  1  2 -3  1  6 -3  0 -2  3  1  0    1   1   1   2   1   2   2   2   0   7  17   2   3  36   2   7   3   4   4   5  0.68 inf
  138 P   -1 -2 -1  4 -5  0  0 -2 -3 -3 -1 -2 -3 -4  5  0 -2 -3 -4 -3    5   2   2  24   0   4   5   3   0   2   6   2   1   1  32   6   2   1   1   2  0.75 inf
  139 L    0  2  0 -2 -1  0  0 -2 -1  0  1  0  2  2 -1 -1  0  1 -1 -1    7  12   4   1   1   3   6   3   1   5  17   5   6  10   3   5   5   2   1   2  0.09 inf
  140 D   -1 -2  2  4 -4 -1  1  0 -2 -4 -2  0 -3 -2  1  2  0 -1 -2 -3    5   2   9  25   0   2   7   6   1   1   4   6   0   1   7  14   6   1   1   1  0.36 inf
  141 G   -1  0  3  1 -2 -1 -1  1  1 -3 -3  3 -2 -3  1  0 -1  3  0 -3    4   6  15   6   1   2   3   9   3   1   3  18   1   1   8   7   3   5   3   1  0.28 inf
  142 T    0  2  0 -3  1 -2 -3 -3 -2  1  1 -1  0 -2  0 -1  2 -2 -1  2    7  14   4   1   3   1   1   1   1  10  11   3   2   2   5   4  15   0   2  13  0.18 inf
  143 F   -2  1 -1 -3 -3 -1 -2 -3  0  0  3  1 -1  3 -2 -2 -1 -1  2  1    2   7   2   1   0   3   2   2   2   4  28  10   1  12   2   2   3   1   7   9  0.25 inf
  144 C   -1 -3 -3 -3  9 -3 -3 -3 -2 -1  0 -2 -1  1 -2  0 -1 -3 -1  1    4   1   1   1  41   1   2   2   1   3   9   2   2   6   2   6   4   0   2   8  1.14 inf
  145 V    0 -4 -4 -4  0 -3 -4 -3 -4  4  2 -3 -1 -2 -3 -3  0 -4 -3  4    7   1   1   1   2   1   1   2   0  25  17   1   1   1   1   2   6   0   1  30  0.65 inf
  146 D   -4 -5 -2  8 -5 -4 -3 -4 -4 -4 -5 -4 -5 -5 -4 -4 -4 -5 -5 -2    2   1   1  82   0   1   1   1   0   1   1   1   0   1   1   1   1   0   0   3  2.30 inf
  147 S   -1 -3 -2 -4 -2 -3 -4 -4 -1 -4 -4 -2 -1 -4 -2  3  6 -4 -2 -3    5   2   1   1   1   1   1   1   2   1   1   2   1   1   2  21  53   0   1   2  1.16 inf
  148 I   -1 -2 -4 -4 -3  0 -3 -4 -3  2  4 -3  3  1 -4 -3 -2  1  1  2    6   3   0   1   0   5   1   1   0   9  39   1   8   4   0   1   1   2   6  14  0.46 inf
  149 A    1  2 -1 -1  0  1  0 -2  3 -1 -1  1 -1 -1  1  0 -1 -3 -1 -1   12  13   2   2   2   6   7   2   9   4   5  10   1   2   7   5   3   0   2   5  0.12 inf
  150 A    2  0 -1 -3 -2 -1 -2 -1 -3  1  2 -2  2  0 -1  0 -1  1 -2  0   19   6   2   1   0   2   2   4   0   9  28   1   6   5   2   6   3   2   0   3  0.17 inf
  151 L    2  0 -3 -2  0 -3 -2 -2  1  0  1 -3  2  3 -3  1 -1 -3 -1  0   22   5   0   2   2   0   2   2   4   4  12   0   5  17   0  12   2   0   0   7  0.23 inf
  152 K   -2  5 -3 -4 -5  3 -1 -1  1 -2 -3  3 -1 -1 -4 -3 -2  2  0 -2    2  34   0   0   0  12   2   5   4   3   2  19   2   3   0   0   3   3   3   3  0.62 inf
  153 A    1  1 -1  0 -3  0  1 -1  0 -1  0  2  0 -1 -3  0  1 -1 -1 -1   15   6   2   4   0   3  10   3   2   4  11  14   3   2   0   4   9   1   2   3  0.09 inf
  154 L   -2 -1 -4 -5  1 -4 -3 -3 -4  3  3 -3  3  0 -3 -1 -1 -1  2  1    1   4   0   0   3   0   2   2   0  18  35   1   7   4   1   5   4   1   6   6  0.43 inf
  155 E   -1  1  0  0 -4 -1  1 -3  0  0  1 -1  1  4 -2 -2 -2  1  2 -2    4   8   4   6   0   2  12   1   2   6  12   2   5  19   2   2   2   2   8   2  0.24 inf
  156 Q   -2 -1 -2  2 -3  3  0 -3  3 -4 -3  1 -1 -4  5 -2 -1 -2 -2 -4    2   4   1  10   1  13   4   2   8   1   2  10   2   1  30   3   4   1   1   1  0.69 inf
  157 A    0 -1  0  1 -4  1  2  3  0 -2 -2  1 -1 -4 -1  0  0 -4 -3 -2    6   2   5   9   0   5  12  21   3   3   4  11   2   0   3   7   5   0   0   2  0.23 inf
  158 S    0  0  0 -1  0  1  0 -1  2 -1  1  0  3  0  0  0 -1  1  0 -1    6   6   4   3   2   8   4   6   6   2  13   7   9   4   5   6   2   2   3   3  0.07 inf
  159 K   -1  1  0  0 -4  0  2  0  1 -1 -2  2  0 -1  2  0  0 -3  0 -2    4   8   4   3   0   4  13   7   3   3   3  16   3   3  10   5   5   0   3   3  0.16 inf
  160 S    0  0  1  0 -3  1  0  0  2 -2 -1  0  1 -2  1  0  0 -3  1 -1    6   6   6   6   0   6   6   6   6   0   6   6   6   0   6   6   6   0   6   6  0.07 inf
  161 Y   -2  3 -1 -2  0 -1 -1 -2  4 -2 -2  0  1  2 -1  0 -1 -2  5 -2    2  16   2   2   2   2   3   3  10   2   4   4   4   7   3   7   3   0  21   3  0.39 inf
  162 S   -1  2  3  0 -4 -1  0 -1  0 -2 -3  1 -3 -4  0  2  2 -5 -4 -2    3  11  15   5   0   2   4   4   2   3   2   8   0   0   4  19  14   0   0   3  0.29 inf
  163 L   -4 -2 -5 -2 -4 -1  0 -6 -5 -1  5  0  1 -3 -5 -3 -4 -5 -4  0    0   3   0   3   0   3   7   0   0   2  66   6   3   0   0   2   0   0   0   6  0.96 inf
  164 G    1 -2 -1  1 -1  1  0  4 -3 -3 -2  0 -2 -3  0  1 -1 -5 -4 -2   11   1   2  10   1   6   7  29   0   1   3   6   1   1   4  12   3   0   0   2  0.33 inf
  165 S    2  1  1  1 -3 -1  0 -2 -1 -2 -1  1 -2 -2 -2  2  0 -4 -1 -2   23   7   8   8   0   1   6   2   1   1   7   9   1   2   1  15   5   0   2   1  0.20 inf
  166 I    2 -4 -2 -5 -4 -4 -2 -3 -1  3  4  0  2 -3 -5 -3 -1 -5 -4  1   19   0   2   0   0   0   2   1   2  15  36   5   5   0   0   0   3   0   0   9  0.51 inf
  167 Y    0 -2 -3 -4  3 -2 -3 -3  1  0 -1 -2 -1  3 -4 -2 -2 -2  6  0    9   2   1   1   7   1   1   2   3   5   6   2   1  10   1   2   2   0  33   5  0.60 inf
  168 T    1  2  0 -1 -2  2  2 -2  0 -2 -2  3 -3 -2 -3  0  0 -4 -2 -2   11  13   3   2   1   8  13   2   2   2   4  18   0   2   0   7   6   0   1   3  0.21 inf
  169 R   -2  5  0 -2 -2  0 -1 -3  2 -2 -1  2 -3  3 -4 -1 -2 -4  0 -3    2  36   4   1   1   3   3   1   4   2   5  10   0  11   0   5   2   0   3   1  0.52 inf
  170 L   -2 -2 -2 -3 -3 -3  0 -2  1  1  2 -2  0  2 -4 -2 -1 -2  5  0    2   1   2   1   0   0   6   3   4   7  19   2   2   6   1   3   5   0  25   6  0.34 inf
  171 Y   -3 -2 -3 -3  5 -4 -3 -1  3 -1  1 -2 -3  5 -4 -2 -2 -2  4 -1    2   2   1   1  12   0   2   4   7   2  13   2   0  26   0   2   3   0  15   4  0.68 inf
  172 W   -3 -2  2  0 -1  0 -1  4  0  0 -2  0 -2 -4 -4 -1 -3 -2  2 -2    1   1  10   6   1   5   3  37   2   6   3   6   1   0   0   3   1   0   9   3  0.48 inf
  173 Q   -1  1  0  1 -1  1  0 -1 -1  2  0  2 -2 -1 -1 -1 -1 -4  0  0    5   6   4   7   1   8   7   3   1  15   7  16   0   2   2   2   3   0   3   6  0.10 inf
  174 A   -1  0  0  2 -2  0  2  0 -2  0 -2  1 -2 -3  2  1  0 -4 -2 -1    5   4   3  14   1   3  17   7   1   6   4   7   1   1   9   9   6   0   1   3  0.18 inf
  175 P    0 -2 -1 -1 -1 -2  0 -3  2  0  2 -2  0 -2  5 -2  0 -4 -3  0    6   1   3   4   2   1   6   2   5   4  19   3   3   2  25   2   6   0   0   6  0.37 inf
  176 T    0 -1  0  0 -3  0  2  0 -1 -1  0  0 -1 -1  0  0  1 -3  0  0    6   3   3   6   0   3  18   7   1   3  11   5   1   3   4   7   9   0   3   8  0.09 inf
  177 D   -1  1  4  3 -1  1  0  0  1 -4 -4  0 -1 -4  1  0 -1  0 -4 -2    5   7  21  18   1   5   4   6   3   1   1   4   2   1   6   7   4   1   0   3  0.36 inf
  178 S    5  3 -2 -4 -2 -3 -3 -3  3 -5 -3 -2  0 -4 -2  0  1 -6 -4 -3   48  14   1   1   1   1   1   1   8   0   3   1   3   1   2   7   7   0   0   1  0.79 inf
  179 A   -4 -6 -5 -6 -2 -5 -6 -4 11 -8 -8 -6 -7 -7  0 -6 -7 -7 -4 -8    2   0   0   0   1   0   0   1  90   0   0   0   0   0   5   0   0   0   0   0  3.72 inf
  180 T   -4  7 -1  0  0  0 -2 -2 -4 -6 -6 -2 -3 -6 -4  2  1 -6 -2 -6    1  52   3   4   2   3   2   3   0   0   0   1   1   0   1  16   9   0   2   0  1.17 inf
  181 A    7 -6 -6 -6 -5 -5 -5 -3 -6 -6 -6 -5 -5 -6  0 -2 -3 -7 -1 -4   85   0   0   0   0   0   0   1   0   0   0   0   0   0   5   2   1   0   3   1  1.93 inf
  182 E   -2 -3 -2  2 -3 -2  4 -4  0 -2  2 -1  4 -2 -4 -2 -2 -3 -2 -1    2   1   2  11   1   1  33   1   2   1  20   3  11   1   0   3   2   0   1   4  0.55 inf
  183 G    3 -3  0  3 -2  1 -1  3 -3 -4 -4 -3 -4 -3 -1  0 -1 -5  1 -3   25   1   5  16   1   6   3  21   0   1   1   1   0   1   2   8   3   0   6   1  0.44 inf
  184 D   -6 -6 -2  8 -8 -5 -2 -4 -6 -8 -8 -6 -7 -8 -6 -4 -2 -8 -8 -8    0   0   1  91   0   0   1   1   0   0   0   0   0   0   0   1   2   0   0   0  2.79 inf
  185 V    3 -5 -5 -5  5 -5 -5 -5 -6 -1 -3 -2 -4 -5 -5 -2  3 -6 -5  5   27   0   0   0  11   0   0   0   0   2   1   3   0   0   0   1  16   0   0  37  1.02 inf
  186 L   -1  2  0  0 -4  0  1 -3  1  1  1  1  2 -2 -3 -2  0 -3  0 -1    5  14   4   5   0   4  11   1   4   8  17   7   5   1   0   2   4   0   3   4  0.15 inf
  187 T    4 -1 -4 -3 -1 -3 -3 -3 -5 -1  0 -3  3 -4 -4  0  2 -5 -3  2   42   3   0   1   1   1   1   1   0   2   8   1   9   0   0   5  13   0   1  12  0.63 inf
  188 L   -3 -5 -3 -5  0 -3 -3 -6  1 -2  4 -3  4 -4 -5 -3  4 -5 -4 -2    1   0   1   0   2   1   2   0   3   1  45   2  12   0   0   1  28   0   0   1  1.02 inf
  189 L    1 -3 -2 -4  1 -1 -2 -1  0  1  2 -3  2  0 -4  0 -1  2  2  2   14   0   1   0   3   2   1   4   2   8  20   1   5   3   0   6   3   3   7  15  0.22 inf
  190 S   -1  2 -1  1 -5  3  3 -3 -1 -3 -1  3  1 -4 -4  1 -2  1  0 -4    4  10   2   6   0  11  17   1   1   1   5  18   5   0   0   9   2   2   4   0  0.37 inf
  191 I   -2 -5 -5 -5  4 -4 -2 -6 -5  4  2 -5 -1  0 -5 -1 -3  1 -3  4    2   0   0   1   9   1   2   0   0  22  16   0   1   4   0   5   0   2   0  34  0.81 inf
  192 C    0 -5 -5 -2  3 -4 -5 -6 -4  0  2 -2 -1  6 -6 -4 -4  3  2  0    8   0   0   3   5   1   0   0   0   4  21   3   1  38   0   1   0   3   5   7  0.89 inf
  193 Q   -2 -1 -1 -3 -1  5  1 -4  2  0  2  2  0 -3 -4 -3 -1 -2 -3 -3    3   2   3   1   1  30   7   1   5   7  20  11   2   1   0   1   3   1   1   1  0.50 inf
  194 W    2 -1 -2 -1  0  0 -1 -3  5 -2 -2  3  1  0 -2 -2 -2  4  2 -2   19   2   1   3   2   4   3   1  14   3   3  18   4   3   2   1   1   6   7   3  0.39 inf
  195 K   -1  3 -2 -2 -2  2 -2 -4  0 -1  2  0  3 -1 -4 -1  0  1  1 -2    6  20   1   1   1  10   2   1   3   3  21   4   8   2   0   3   5   2   6   1  0.30 inf
  196 P    2 -1 -2 -1 -1 -1 -1  2 -1 -1  0  0  1 -2  1  0  0 -3 -1 -1   23   3   1   3   1   2   3  15   1   3   8   7   4   1   7   4   6   0   3   5  0.13 inf
  197 Q    1  1  0  1 -4  2  2 -2  2 -2 -3  1 -1 -1  1  1 -1 -3 -2 -2   13   8   4  10   0  10  11   2   5   2   1   9   1   4   6   9   2   0   0   2  0.22 inf
  198 A    0  1 -2  2 -5  2  4 -2 -1 -4 -3  2 -2 -1 -1 -2 -1 -5 -2 -2    7   6   1  10   0  10  32   4   1   1   2  11   1   2   3   1   4   0   2   2  0.46 inf
  199 L   -4 -2 -5 -4 -5 -3 -6 -4 -5  0  5 -4  0  5 -6 -5 -2 -1  0 -1    1   2   0   1   0   1   0   1   0   4  49   1   2  28   0   0   2   1   3   2  1.04 inf
  200 L   -2 -3 -5 -2 -4 -4 -4 -4 -1  2  5 -3  2 -1 -5 -3 -2 -4 -4  2    2   1   0   2   0   0   1   1   1  11  53   1   5   2   0   1   1   0   0  16  0.79 inf
  201 Q    2  0  2  2 -4  3  3 -1 -1 -2 -4  1 -3 -5 -1  0 -2 -2 -4 -3   19   3   9  10   0  13  18   4   1   2   1   7   0   0   2   7   1   1   0   1  0.36 inf
  202 W   -2 -4 -2  0 -3  1 -3 -5 -4 -4  0 -3  2  2 -5 -2 -4 10  2 -2    3   1   2   5   1   8   1   0   0   0   9   2   5   8   0   3   0  43   6   3  1.51 inf
  203 V    3 -2 -3 -3  0 -3 -2 -1 -2  1  1 -2  2 -1 -3 -1 -1 -4 -3  3   31   1   0   1   1   0   1   4   1   9  14   1   6   2   0   4   4   0   0  20  0.32 inf
  204 D   -1 -4  2  6 -6  1  2 -2 -3 -5 -4 -2 -5 -3 -4 -2 -3 -6 -5 -2    5   0   9  55   0   6  12   3   0   0   1   1   0   2   0   1   1   0   0   3  1.11 inf
  205 E    1  2  2 -1 -2  0  3  0 -2 -3 -3  1 -2 -4 -3  0 -1 -4 -1 -2   12  15   9   2   1   3  27   7   0   1   2   7   1   0   0   5   2   0   3   3  0.34 inf
  206 H   -4 -1  5 -1 -5  2 -1 -3  6 -3 -2  1 -4 -2 -3 -1 -3 -4  2 -5    0   2  31   2   0   9   3   1  24   2   5   8   0   1   1   3   1   0   8   0  0.83 inf
  207 A    5 -3  0 -4  2  0 -2 -2 -3 -4 -3  0 -1 -4 -4  1 -2 -5  1 -1   53   0   6   0   4   3   1   2   0   0   2   6   1   0   0  12   1   0   5   4  0.65 inf
  208 R   -2  2 -1 -1  3  0 -1 -3 -3  2  0  1  0 -1 -3 -1  1 -4 -3  1    0  15   2   3   6   5   4   1   0  15  10  11   1   3   0   2  11   0   0  12  0.17 inf
  209 P   -1 -1 -1  1 -3 -2 -1 -3 -4 -3 -2  1 -1 -3  6  2  0 -5 -4 -4    3   4   2   7   0   1   4   2   0   1   4  10   1   1  41  15   5   0   0   0  0.80 inf
  210 F   -4 -3 -3 -5 -4 -4 -3 -5 -4  2  2 -2 -2  6 -5 -4 -3  7  1 -2    0   1   1   0   0   0   2   0   0  15  19   2   0  37   0   0   1  14   3   1  1.03 inf
  211 S    2 -2  2  0 -3 -1  0  0  1 -3 -2  1 -1 -4 -3  3 -1 -5 -3 -1   19   0  12   6   0   1   5   8   3   1   3   9   1   0   0  29   2   0   0   3  0.33 inf
  212 T   -2  1  2  2 -1  1  2 -2  2 -2 -2  0 -3 -1 -3  1  2 -4 -1 -3    0   9  11  13   1   5  13   1   6   2   3   4   0   3   0  11  15   0   1   0  0.28 inf
  213 V   -2 -5 -5 -5  2 -3 -5 -6 -5  5  1 -2  0 -3 -5 -4 -1 -5 -4  5    2   0   0   0   5   1   0   0   0  40   9   2   1   0   0   0   2   0   0  38  0.95 inf
  214 K   -2  1  1 -1 -4  2  1 -2 -1 -2 -3  4 -3 -4  3 -2  1 -5 -3 -1    0   6   7   2   0  10   9   2   1   2   2  32   0   0  13   0  10   0   0   5  0.45 inf
  215 P   -2 -4 -4 -2 -5 -1 -2 -5 -4 -3 -2  0  0 -5  8 -3 -3 -6 -5 -1    2   0   0   3   0   3   2   0   0   1   4   6   2   0  72   0   0   0   0   6  1.78 inf
  216 M   -3 -4 -5 -5 -4 -3 -4 -5 -4 -1  2 -4  9  0 -5 -2 -3 -3  1 -2    0   0   0   0   0   0   0   0   0   0  20   0  68   2   0   3   0   0   5   0  1.63 inf
  217 Y   -4 -4 -4 -5 -4 -3 -4 -5  2 -4 -3 -4 -3  1 -5 -1 -3  3  9 -3    0   0   0   0   0   0   0   0   5   0   0   0   0   0   0   4   0   4  88   0  1.99 inf
  218 G    2 -2 -1 -2 -2 -2 -2  5 -2 -3 -3 -2 -3 -3 -2  2 -1 -3 -3 -2   26   0   0   0   0   0   0  52   0   0   0   0   0   0   0  22   0   0   0   0  0.66 inf

                      K         Lambda
Standard Ungapped    0.1347     0.3194
Standard Gapped      0.0478     0.2670
PSI Ungapped         0.1571     0.3134
PSI Gapped           0.0478     0.2670
