
Last position-specific scoring matrix computed, weighted observed percentages rounded down, information per position, and relative weight of gapless real matches to pseudocounts
           A  R  N  D  C  Q  E  G  H  I  L  K  M  F  P  S  T  W  Y  V   A   R   N   D   C   Q   E   G   H   I   L   K   M   F   P   S   T   W   Y   V
    1 S    0 -2  2 -1 -2 -1 -1 -2 -2 -3 -3 -1 -2 -3 -2  4  4 -4 -3 -2    0   0   8   0   0   0   0   0   0   0   0   0   0   0   0  60  33   0   0   0  0.66 inf
    2 M   -1 -4 -4 -5 -3 -3 -4 -5 -4  3  1 -4  7  1 -4 -3 -2 -3 -2  3    3   0   0   0   0   0   0   0   0  21  10   0  37   6   0   0   0   0   0  22  0.79 inf
    3 S    0  0  3  1 -3 -1  1 -3 -2  2 -1  2 -2 -3 -1  0 -1 -4 -1 -1    7   2  19   6   0   0   9   0   0  19   3  22   0   0   2   6   2   0   2   0  0.23 inf
    4 E   -2 -1  1  4 -5  3  4 -3  0 -5 -4  2 -3 -4 -3  0 -2 -4  0 -4    0   2   6  22   0  13  34   0   2   0   0  11   0   0   0   7   0   0   5   0  0.67 inf
    5 Y    0 -2  1  3 -3 -1  0 -2  0 -1 -1  1 -2 -3 -2  2  2 -4  0 -1    6   0   5  21   0   0   2   0   2   4   6  11   0   0   0  24  13   0   4   2  0.27 inf
    6 L    0 -1 -3 -3 -3  0  0 -4 -2  2  2 -1  1  2 -3 -2 -2 -2  2  0    8   3   0   0   0   4   8   0   0  17  26   2   5  12   0   0   0   0  10   4  0.24 inf
    7 N   -2 -2  4  2 -4  0  4 -2 -2 -2 -3  2 -3 -2 -2  1 -1 -4 -3 -3    0   0  22   8   0   2  34   1   0   2   3  12   0   2   1  11   3   0   0   0  0.54 inf
    8 L   -2  1  0  2 -4  1  3 -3 -2 -2  0  3  0 -3 -3 -1 -2 -4 -1 -3    2   8   4  13   0   6  26   0   0   2  12  19   2   0   0   3   1   0   2   0  0.36 inf
    9 L   -4 -5 -6 -6 -4 -4 -5 -6 -5  2  5 -5  1  2 -5 -5 -3 -4 -3  0    0   0   0   0   0   0   0   0   0  12  73   0   2   9   0   0   0   0   0   5  1.12 inf
   10 K   -3 -1 -1 -4 -1 -1 -2 -4 -3  4  2  1  1  2 -4 -2 -2 -3 -2  1    0   2   4   0   1   2   2   0   0  31  27  13   2   9   0   1   1   0   0   5  0.38 inf
   11 E    0 -1  2  2 -3  1  2  0 -1 -3 -3  1 -2 -4  1  1  0 -4 -2 -3    7   2  12  12   0   6  17   5   1   1   1   8   1   0   6  15   4   0   1   0  0.29 inf
   12 A   -1  3 -1 -1 -4  1  2 -3 -1 -3  0  4  1 -4 -3 -2 -2 -4 -3 -2    5  19   1   2   0   5  14   0   1   1   9  36   4   0   0   1   0   0   0   3  0.50 inf
   13 I   -2 -4 -5 -5 -3 -4 -5 -5 -4  2  4 -4  2  5 -5 -4 -3 -2  0  1    2   0   0   0   0   0   0   0   0   9  48   0   5  25   0   0   0   0   2   9  0.80 inf
   14 Q   -1  4  1  0 -4  1  0 -3  2 -2 -1  3 -2 -3 -3  0 -1 -3  1 -2    4  27   5   4   0   4   5   0   5   2   6  26   0   0   0   4   1   0   5   2  0.40 inf
   15 N    0  2  0  0 -4  1  3  0 -2 -2 -2  2 -2 -3 -3  0  0 -4 -1 -1    7  14   4   5   0   4  26   8   0   3   3  12   0   0   0   3   6   0   2   4  0.26 inf
   16 V   -3 -5 -5 -5  0 -5 -5 -6 -5  6  1 -5 -1 -2 -2 -4 -3 -4 -3  3    0   0   0   0   2   0   0   0   0  67  12   0   0   0   2   0   0   0   0  15  1.15 inf
   17 V    1  1  0 -2  0  0 -1 -2  1 -2  0  2 -1 -2 -2  1  0 -2  2  0   18  10   4   0   2   4   3   0   3   0   8  18   0   0   0  12   3   0   9   6  0.15 inf
   18 D    0  1  2  1  0  3  1 -2  0 -2 -2  2 -2 -3 -2  1 -1 -3 -2 -3    7   9  13   9   2  19   7   2   2   2   3  13   0   1   0   9   2   0   0   0  0.27 inf
   19 G   -1  1  1  0 -3  2 -1 -1 -2 -1  1  3  3 -3 -3 -1 -1 -3 -2 -2    2   7   9   4   0  11   2   3   0   2  17  25  10   0   0   3   3   0   1   1  0.23 inf
   20 G   -1 -2  1 -2 -4 -2 -2  6 -2 -5 -5 -2 -4 -5 -1 -2 -3 -4 -4 -5    2   2   6   1   0   1   2  76   1   0   1   2   0   0   4   0   0   0   0   0  1.32 inf
   21 W   -3 -5 -5 -5 -5 -4 -5 -5 -2 -4 -3 -5 -3  5  3 -3 -3 10  4 -4    2   0   0   0   0   0   0   0   1   0   0   0   0  26  14   2   2  41  12   0  1.83 inf
   22 H   -2 -4 -4 -4 -3 -2 -4 -5  2  5  0 -3 -1 -1 -4 -3 -2 -4 -1  4    0   0   0   0   0   1   0   0   7  41   4   1   0   2   0   0   0   0   2  39  0.80 inf
   23 E   -1  2  0  0 -4  2  2 -3 -2 -4 -2  4 -3 -5  4 -1 -1 -4 -4 -4    3  11   3   3   0  12  12   0   0   0   3  29   0   0  19   3   2   0   0   0  0.59 inf
   24 T    1 -1  3 -1  2 -1 -1  0 -2 -3 -3 -1  0 -3 -2  4  1 -4 -3 -2   10   3  18   1   6   0   2   5   0   1   1   3   3   0   1  36   9   0   0   1  0.42 inf
   25 K   -1  0  0 -1 -1  1  0 -2  1  1  0  0  1 -2  0  0  1  1  0  0    3   6   4   3   1   7   6   2   5  13   4   6   4   0   4   7  10   3   2   8  0.05 inf
   26 R   -2  5  0 -2 -3 -1 -2  1  0 -2 -3  2 -1 -1 -3 -1  0 -3  1  0    1  39   4   1   0   0   1  11   3   2   1  15   1   2   1   2   4   0   6   7  0.44 inf
   27 K    0  0  2  0 -2  0  0  1  1 -1 -1  2 -1 -2  1  1  1 -3 -1 -1    4   3  11   3   1   4   4   9   4   2   4  16   2   1   6   9  11   0   1   4  0.12 inf
   28 G    1 -2  2  1 -3 -1 -1  4  0 -3 -3 -2 -2 -3 -2  1 -1 -3 -2 -3   12   1   9   8   0   0   3  45   3   1   2   1   0   0   1  11   1   0   2   1  0.49 inf
   29 N   -1 -1  3  3 -3 -1  0 -2  0 -3 -3  0 -3 -2  4  0 -1 -3 -1 -3    2   2  18  25   0   0   2   1   2   1   1   6   0   2  24   7   3   0   3   1  0.53 inf
   30 T    0 -1  2  0 -2  0 -1  2  0 -2 -2  1 -1 -3 -1  1  3 -3 -2 -2    4   1  14   5   0   3   1  14   2   1   1  14   1   0   2   7  29   0   0   1  0.26 inf
   31 G    2 -2 -1  1  0 -2 -1  4 -2 -1 -2 -2 -2 -3 -2  1 -1 -3 -3 -1   22   1   1  11   3   1   1  36   0   3   1   1   0   0   1  13   1   0   0   6  0.37 inf
   32 I    1 -3 -3 -3  1 -2 -2 -1 -3  3  0 -2  0 -2  0 -1 -1 -3 -2  3   15   1   1   1   3   2   1   4   0  28   1   1   0   0   4   1   2   0   0  34  0.28 inf
   33 G   -1 -3 -2 -2 -3 -3 -3  7 -3 -4 -4 -3 -3 -4 -3 -2 -3 -3 -4 -4    1   1   1   1   0   1   1  89   0   1   1   1   0   0   1   1   1   0   0   1  1.46 inf
   34 K   -2  1  1  1 -3  0  0 -2  0 -1  0  1  2  1 -2 -1 -1  2  2 -1    1  10  11   8   0   4   6   1   2   2   8  12  11   6   1   1   2   4  10   2  0.12 inf
   35 T    0 -2 -1 -2 -2 -2 -2 -2 -3  0 -1 -2  0 -3 -2  0  6 -3 -2 -1    5   1   1   1   0   1   1   1   0   4   3   1   3   0   1   3  72   0   0   2  0.77 inf
   36 F   -3 -4 -5 -5 -3 -4 -4 -5 -4  2  5 -4  1  3 -4 -4 -2 -3 -1  0    0   0   0   0   0   0   0   0   0  13  70   0   0  14   0   0   0   0   0   4  0.82 inf
   37 E   -3 -2 -2  0 -5  0  7 -4 -2 -5 -2 -1 -3 -5  2 -2 -3 -5 -4 -4    0   0   0   0   0   0  83   0   0   0   4   0   0   0  12   0   0   0   0   0  1.32 inf
   38 D    0  0  1  4  0 -1  0 -2  4 -3 -2  0 -2 -3 -2  1  0 -4  0 -3    8   5   4  32   3   0   2   0  14   0   4   5   0   0   0  16   5   0   3   0  0.36 inf
   39 L    0 -2 -3 -2 -1  0  2 -3  1  0  3 -1  1  0 -3 -2 -2 -2  3 -1   12   0   0   0   2   3  16   0   4   1  37   2   2   2   0   0   0   0  18   0  0.27 inf
   40 L   -3 -3 -4 -5  0 -3 -4 -5 -4  1  4 -4  2  2  2 -3 -2 -3 -2  0    0   0   0   0   2   0   0   0   0   3  67   0   4   8  12   0   0   0   0   4  0.69 inf
   41 E   -1 -2  0  0 -4 -3 -1  6 -3 -5 -5 -1 -4 -5 -4 -2 -3 -4 -5 -5    0   2   4   4   0   0   4  82   0   0   0   4   0   0   0   0   0   0   0   0  1.32 inf
   42 K   -2 -3 -4 -4 -2 -3 -3 -5 -4  5  2  0  0 -1 -4 -3 -2 -4 -2  3    0   0   0   0   0   0   0   0   0  51  21  11   0   0   0   0   0   0   0  17  0.63 inf
   43 E    0 -1  0  0 -3  1  3 -1 -2  0 -2  1 -2 -4  2  0  1 -4 -3 -1    8   1   3   3   0   7  23   3   0   8   1  12   0   0  11   6  10   0   0   4  0.27 inf
   44 E    1 -2 -3 -1 -4  0  4 -2 -3 -2 -4 -1  0 -2  4 -2  1 -4  0 -3   13   1   0   2   0   2  36   3   0   2   0   2   2   2  23   0   8   0   3   0  0.66 inf
   45 D   -5 -4  8  3 -6 -3 -3 -4 -3 -7 -7 -3 -6 -6 -5  0 -3 -7 -6 -6    0   0  80  15   0   0   0   0   0   0   0   0   0   0   0   5   0   0   0   0  2.11 inf
   46 N    0 -2  6 -1 -4 -3 -3  1 -3 -5 -5 -3 -4 -5 -4  4 -1 -5 -1 -5    7   2  39   2   0   0   0  11   0   0   0   0   0   0   0  36   1   0   2   0  0.97 inf
   47 L   -2  0  0  0 -3 -2 -1 -3 -3  2  2  0  2  1 -3  2 -1 -3  0  0    0   5   3   5   0   1   4   1   0  18  19   5   5   6   0  21   0   0   4   3  0.17 inf
   48 D    1  0 -1  0  1  1  0 -3  1 -2 -3  3 -3  0  3  1 -1 -4 -1 -3   11   2   2   5   3   5   5   0   4   3   0  24   0   5  17  12   1   0   2   0  0.35 inf
   49 A    0 -2 -1  1 -3  1  2  0 -2  1  1  1 -1  0 -3  0  0 -3 -2 -1    5   0   2   8   0   6  15   9   0   9  21   8   0   4   0   5   4   0   0   2  0.11 inf
   50 P    1 -5 -5 -5 -6 -5 -4  0 -5 -6 -6 -4 -6 -7  8 -3 -4 -7 -6 -5   12   0   0   0   0   0   0   6   0   0   0   0   0   0  81   1   0   0   0   0  2.38 inf
   51 D   -5 -5  3  8 -7 -4 -2 -5 -4 -7 -7 -4 -6 -7 -5 -3 -4 -7 -3 -7    0   0  11  88   0   0   0   0   0   0   0   0   0   0   0   0   0   0   1   0  2.30 inf
   52 F    0 -5 -5 -6 -4 -4 -5 -5 -2  1  0 -5 -2  6 -5 -2 -3  0  6 -3   11   0   0   0   0   0   0   0   0   9   7   0   0  34   0   2   1   1  34   0  1.18 inf
   53 H    0 -1  0  1 -3 -1  0  1  0 -2  0  3  0 -1 -3 -1 -2 -3  1 -2   10   1   5  10   0   1   7  14   2   0  13  24   3   3   0   1   1   0   5   1  0.17 inf
   54 D   -3 -4 -2  1 -5 -3  2  6 -4 -3 -6 -3 -3 -6 -4 -2 -1 -5 -5 -3    0   0   1   8   0   0  13  68   0   2   0   1   1   0   0   1   3   0   0   2  1.26 inf
   55 I   -3 -5 -6 -6 -4 -5 -5 -6  0  6 -2 -5 -2  2 -6 -5 -2  8  2  1    2   0   0   0   0   0   0   0   3  49   0   0   0   7   0   0   2  24   7   7  1.42 inf
   56 E   -4 -4 -4 -2 -7 -1  8 -6 -4 -6 -6 -3 -5 -7 -5 -4 -4 -6 -6 -2    0   0   0   0   0   0  97   0   0   0   0   0   0   0   0   0   0   0   0   3  2.29 inf
   57 I   -4 -5 -6 -6 -4 -5 -5 -6 -6  5  5 -5 -1 -2 -5 -5 -3 -5 -4  2    0   0   0   0   0   0   0   0   0  33  57   0   0   0   0   0   0   0   0  10  1.20 inf
   58 K   -4 -1 -3 -4 -6 -2 -3 -5 -4 -6 -6  8 -5 -6 -4 -2 -1 -6 -5 -3    0   0   0   0   0   0   0   0   0   0   0  94   0   0   0   1   3   0   0   2  2.11 inf
   59 T    3 -3 -2 -3  4 -1 -3  0 -4 -4 -4 -3 -3 -1 -3  3  3 -5 -4 -3   25   0   0   0  10   3   0   7   0   0   0   0   0   3   0  29  23   0   0   0  0.67 inf
   60 H   -1  2 -1 -3  1  2 -1  0  4 -1 -3  3  0  2 -3  0  0 -3  0 -2    3   9   1   0   4  11   0   6  12   3   0  21   3  10   0   6   6   0   3   2  0.27 inf
   61 E   -3  6 -2 -3  0 -1 -2 -2 -3 -2 -2  1 -3 -2 -3  0  1 -4 -3 -2    1  56   1   0   2   0   1   2   0   2   4   6   0   1   0   7  11   0   0   2  0.89 inf
   62 T    0  2  0  1 -2  0  0  1 -2  0 -1  2 -1 -2 -2  1  0 -3 -2  0    8  13   5   8   0   3   3  10   0  10   4  14   0   1   1  10   3   0   0   6  0.10 inf
   63 A    0 -1  3  0 -3  0  0  0  0 -3 -3  1 -3  1 -2  2  2 -3 -1 -3    8   1  19   3   0   2   3   8   2   0   2  11   0   8   1  16  13   0   2   0  0.25 inf
   64 A    1  2  1 -2 -3 -1 -2  0 -3 -2 -3  0 -3 -4 -3  4  2 -4 -3 -2    8  13   5   0   0   1   1   6   0   3   1   5   0   0   0  43  11   0   0   2  0.50 inf
   65 K   -1  1  4 -2 -2 -1  0  0  0 -2 -3  3 -1 -4 -2  1 -1 -4 -3 -2    5   6  24   0   1   0   4   8   2   3   2  25   2   0   1  12   3   0   0   2  0.38 inf
   66 S   -1 -1  3 -2 -3 -2 -2 -1  1 -4 -4  1 -3 -1 -1  4  2 -4  2 -3    3   2  18   0   0   0   0   3   3   0   0   8   0   2   2  35  15   0   8   0  0.51 inf
   67 L   -2  3  0 -3 -4 -1 -2 -4 -2 -2  2  2  2 -1  1 -3 -2 -3  2 -1    2  19   6   0   0   1   0   0   0   0  29  13   6   2   8   0   1   0   8   4  0.33 inf
   68 L   -2 -3 -3  0 -3 -2 -3 -4 -4  3  2 -1  1 -2 -4  0  2 -4 -2  3    0   0   0   7   0   1   0   0   0  22  20   4   3   0   0   7  13   0   1  22  0.37 inf
   69 T   -3 -2  2 -2  0 -2 -4 -1 -4 -4 -4 -3 -4 -5 -4  1  7 -6 -5 -3    0   1   9   2   2   1   0   5   0   0   0   0   0   0   0   7  73   0   0   0  1.38 inf
   70 L   -4 -5 -6 -6 -4 -5 -5 -6 -5  0  6 -5  1 -2 -5 -5 -4 -4 -4 -1    0   0   0   0   0   0   0   0   0   3  90   0   3   0   0   0   0   0   0   2  1.57 inf
   71 F   -4 -5 -6 -6 -5 -5 -6 -6 -4 -1  0 -5  4  8 -6 -5 -5 -2  1 -3    1   0   0   0   0   0   0   0   0   2   8   0  11  74   0   0   0   0   2   0  1.92 inf
   72 T    2 -3 -1 -3  0 -3 -2 -1  5 -4 -4 -3 -3 -4 -3  2  5 -5 -3 -3   16   0   2   0   2   0   1   3  14   0   0   0   0   0   0  18  42   0   0   0  0.81 inf
   73 K   -1  0 -2 -3  1  2 -1 -3 -3 -1  0  3  2 -1  4  0 -2 -4 -3 -2    3   4   1   0   4  14   2   0   0   3  10  23   6   3  19   6   0   0   0   1  0.39 inf
   74 S    0  0  1 -1 -3  0  3 -3 -3 -1 -3 -1 -1 -4 -3  1  1 -4 -3  3    6   5   6   1   0   3  25   0   0   2   0   1   1   0   0  14  11   0   0  24  0.34 inf
   75 P   -1 -3 -3 -5 -6 -4 -4 -5 -5 -5 -3 -4 -5  1  8 -3 -4 -6 -5 -5    5   2   1   0   0   0   0   0   0   0   3   0   0   7  81   1   0   0   0   0  2.30 inf
   76 T   -2 -2  3  5 -4 -1 -1 -2 -3 -4 -4 -1 -3 -3 -1  2  2 -5 -4 -3    1   1  13  40   0   2   1   2   0   0   1   3   0   1   2  17  12   0   0   2  0.68 inf
   77 N    1 -1  2 -1 -3  0  0  2  0 -2 -3  0 -3 -1 -1  2  0  5 -2 -2   11   2  13   1   0   3   4  17   2   2   1   4   0   2   3  19   4   9   1   1  0.29 inf
   78 P   -1  0 -2  2 -2 -1  1  1 -2 -3 -1  1 -3 -2  4 -2 -2  2  2 -2    2   5   0  13   1   1  10  11   0   1   6  10   0   1  24   0   0   3   8   2  0.39 inf
   79 R   -1  2 -1 -1  0  1  0 -1 -1  0 -1  2  1 -1  1  0 -1 -3  0  0    2  15   1   3   3   4   7   4   1   7   4  19   5   2   7   4   2   0   3   5  0.13 inf
   80 G    0  0  1  0 -3  0  0  1 -1 -1  0  1  0  1 -2  1  0 -3  0 -1    3   3   8   6   0   4   5  10   1   3  10  11   3   7   0  17   4   0   2   3  0.08 inf
   81 A    1  0  0 -2 -2 -2 -1  1 -2  0 -1 -1 -2 -1  0  2  0 -1  1  1   12   6   5   0   0   0   4   9   0   5   4   2   0   2   3  23   4   1   7  14  0.12 inf
   82 N   -1 -1  2  0 -3  0  1 -1 -2  1 -2 -1  1 -1  2  1 -1 -4  0  1    3   4  14   3   0   4   8   5   0   8   0   3   4   2  10  16   2   0   3  12  0.16 inf
   83 T    1  2  2  0  0  1  1 -2 -1 -2 -1  1 -2 -3 -1  1  0 -2 -1 -2   12  16  14   5   2   5   8   1   1   1   5   7   0   0   3   9   7   1   2   3  0.19 inf
   84 M   -1  0  0  1 -3 -1  2 -3 -2  2  0  1  0 -2 -2 -1  0  2  2  0    5   6   4  10   0   2  14   1   0  14   6   8   2   0   1   1   4   3  11   6  0.14 inf
   85 L   -2 -5 -6 -6 -4 -5 -6 -6 -5  3  4 -5  2  6 -6 -5 -4 -3 -2 -2    3   0   0   0   0   0   0   0   0  14  43   0   5  34   0   0   0   0   0   0  1.23 inf
   86 R   -1  1 -3 -5  1 -3 -4 -5 -4  1  3 -3  5 -1 -3 -4 -1  2 -1  2    6   8   1   0   3   0   0   0   0   6  30   1  17   2   1   0   3   2   2  18  0.53 inf
   87 N   -2  3  3  2 -5  0  2 -4 -3 -2 -1  0  0 -5  1  0 -1 -5 -4 -3    2  19  17  12   0   4  11   0   0   2   8   4   3   0   7   7   3   0   0   1  0.39 inf
   88 R   -2  2  2 -2 -3 -2 -1 -3  1 -2 -1  4 -1  0 -4 -2  3 -5 -1 -4    2  11   9   2   0   0   4   1   3   3   7  33   1   4   0   1  19   0   2   0  0.50 inf
   89 Y   -6 -4 -6 -7  0 -6 -6 -7  2 -5 -2 -3 -5  4 -7 -6 -6  1  9 -3    0   1   0   0   2   0   0   0   5   0   5   2   0  18   0   0   0   1  64   2  2.20 inf
   90 G    0 -6 -2 -2 -7 -6 -6  7 -6 -8 -8 -1 -7 -7 -6 -2 -5 -7 -7 -7    6   0   1   2   0   0   0  85   0   0   0   4   0   0   0   2   0   0   0   0  2.13 inf
   91 K   -5 -1  1 -6 -6 -5 -2 -6  1 -2 -5  1 -5  0 -7 -2 -3  7  8 -5    0   3   8   0   0   0   3   0   3   3   0   8   0   2   0   3   1  16  50   0  1.72 inf
   92 K   -1  1 -1  0 -1  1  1 -4 -2  1 -1  1  0 -3  4  0 -1  1 -1  0    3   7   3   4   2   5  11   0   1   9   6   9   3   1  20   6   2   2   2   5  0.25 inf
   93 D   -2  2 -1  5 -5 -3  0 -2  4 -6 -6  0 -5 -5 -4  2 -1 -6 -2 -5    2  14   2  36   0   0   5   3  12   0   0   5   0   0   0  17   3   0   1   0  0.86 inf
   94 E    0 -1  1  3 -5  2  2  0  1 -5 -5  3 -1 -5 -3  1 -1 -5 -4 -3    6   1   5  15   0   9  15   6   4   0   0  22   2   0   1   9   3   0   0   1  0.45 inf
   95 Y   -1 -1  3  1 -1 -1  2  0  0 -2 -3  3 -3 -3  0  0  1 -4  2 -3    4   2  14   7   1   2  14   5   2   3   2  21   0   0   4   5   8   0   7   0  0.30 inf
   96 G    1 -1  1  3 -5 -2 -2  4 -4 -3 -3 -2 -4 -5  0  0 -3 -5 -1 -4   12   3   6  18   0   1   2  39   0   2   2   2   0   0   5   5   0   0   2   0  0.65 inf
   97 N   -1  3  0  0 -2 -1  0  1  0 -1 -1  1  0  1 -1 -1 -1 -3  1 -2    3  23   4   5   1   2   6  10   2   4   7  10   2   6   2   3   4   0   5   1  0.15 inf
   98 N   -2  2  2  0 -5  1  0 -3 -1 -2 -2  5 -3 -1 -2 -1  0 -5 -1 -4    2  12   8   5   0   6   6   2   1   2   4  38   0   3   2   3   6   0   2   0  0.53 inf
   99 I    0  1  0  0 -3  0  0  0 -2  0 -1  2 -1 -1 -1  0  0  1 -1  0    6   7   3   6   0   3   7   9   0   9   7  16   0   2   2   8   5   2   2   6  0.06 inf
  100 L   -4  0  1 -1 -4 -4 -4 -2 -1 -1  4 -2 -2  0 -2 -4 -4 -3  4 -3    0   6   8   3   0   0   0   4   1   2  50   2   0   4   2   0   0   0  15   0  0.70 inf
  101 H   -4  2  0 -5 -3 -1 -2 -3  5 -5 -1 -2 -1  2  3 -4 -3 -3  6 -5    0  11   5   0   1   2   2   1  13   0   6   2   2   9  16   0   1   0  29   0  0.88 inf
  102 Q   -1 -1  1  1  5 -1  0 -1  1  1  0 -1 -2  0 -3  0  1 -4 -2 -1    4   3   9   9  13   2   4   5   3  11   8   3   0   5   0   5  11   0   1   4  0.16 inf
  103 T    0  0  2  0 -4 -1  0 -1 -4 -2 -3 -3 -4 -1 -4  1  5 -5 -3 -2    6   5  11   5   0   2   6   4   0   2   2   0   0   3   0  12  40   0   1   2  0.57 inf
  104 V   -2 -4 -4 -4  0 -3  1 -1 -4  4  1 -1  2  2 -5 -4 -3 -4  2  2    1   0   0   0   2   0  10   6   0  24  14   4   6   7   0   0   0   0   8  18  0.45 inf
  105 S   -2  1  2  0 -4 -1 -2  1  2 -3 -2  2  1  1 -4  1 -1 -3  3 -1    0   9  11   4   0   2   0  10   5   0   3  13   4   5   0  14   2   0  13   4  0.27 inf
  106 G    1 -2 -2 -3  1 -1 -2  2  1 -1 -1 -2 -1  2 -2  1  1  0 -1 -1   13   2   0   0   3   3   2  20   4   3   4   1   1  12   2  13  10   1   1   4  0.21 inf
  107 N   -1  1  3  0  0  0  0  0  2  0 -2  1 -2  1 -2 -1  1  1 -2 -2    5   8  17   4   2   5   4   6   5   8   2   7   0   9   2   3  10   2   0   1  0.13 inf
  108 R    0  3 -1  0 -4  0  0  1  2 -3 -2  3 -1 -2  0  1 -1 -4 -3 -2    5  18   2   4   0   2   5  11   5   0   2  18   1   2   5  11   2   0   0   3  0.27 inf
  109 K   -1  1 -1 -1 -3  2  0  0 -1  0 -1  1  0  1  2 -1  1 -3  0 -2    3   7   3   2   0  11   5   7   1   6   4  12   3   9  12   4   8   0   3   0  0.15 inf
  110 T   -1 -1  3  0 -2 -2 -2 -1  0  1 -2 -1 -2 -2  1  0  3 -4 -1  0    5   3  18   5   1   0   2   4   2  10   2   4   0   1   8   5  21   0   2   5  0.25 inf
  111 N   -2  0  3  0 -3  1  0 -2  1  2 -1 -1 -2 -2  1  1 -1 -3  1 -2    1   4  20   4   0   6   6   3   3  16   7   3   0   1   6  11   4   0   6   1  0.20 inf
  112 S   -1  1  2 -2 -1  2 -1 -2  2  1  0  1 -2 -2  0  0  0 -3  0  0    2   6  12   1   1  11   2   2   7  10   7   8   0   1   5   8   6   0   3   8  0.13 inf
  113 N    0 -1  3 -1  0  0  1  2  2 -1 -2  0 -1 -1  0 -1  0 -3  0 -2    9   3  18   2   3   4   8  14   6   4   3   6   1   3   4   3   5   0   4   1  0.17 inf
  114 S    0  1  1  0 -1  0  0  0  1 -1 -1  1 -1  0  0  1  1 -2  0 -2    5   6  10   5   2   2   7   8   4   3   5   9   2   5   4  12   8   0   4   1  0.07 inf
  115 Y   -1 -1  1 -1 -2  1  0  0  1 -1  0  0 -1  0 -1  0  1 -1  2 -1    5   1   7   3   1   7   7   6   5   2  13   7   1   4   2   6  12   0  10   3  0.08 inf
  116 N   -1  0  1  2 -3  0  0  1  0 -1 -1  2 -1  0 -2 -1  0 -2  0 -2    5   3   9  12   0   4   5  12   2   5   8  16   0   4   1   3   4   0   4   1  0.10 inf
  117 Y   -2  1  0 -3 -3  1 -2 -1  1  0  1 -2 -1  2 -1 -1  0  1  3  0    1  10   5   1   0   6   1   4   4   4  16   1   0  10   3   5   8   2  15   5  0.17 inf
  118 D   -1 -1  0  1  2  0  1  3 -2 -1  0 -1 -1  1 -3  1 -1 -3  0 -2    2   3   3  10   5   3  10  23   0   4  10   2   1   7   0  11   3   0   3   0  0.17 inf
  119 F   -2 -1 -4 -4 -4 -4 -4 -2 -3 -1  3 -2  2  5  0 -3  0  0  1 -1    3   3   0   0   0   0   0   4   0   2  30   2   5  30   4   0   7   1   4   2  0.57 inf
  120 K   -2  2 -2 -3 -1  0  1 -1  1 -1 -3  4  2  1 -1  0  0 -3  1 -2    2   9   0   0   2   3   7   4   3   5   1  31   7   6   3   5   6   0   4   2  0.28 inf
  121 I   -1 -3 -4 -4 -3 -3 -2 -4 -4  2  3 -1  2  2  0 -1 -3 -3 -2  1    3   0   0   0   0   0   3   0   0  15  37   5   6  10   4   4   0   0   0  11  0.45 inf
  122 D   -1  0  1  1  0  0  1  0  0  0 -1  0 -1  0 -1  0  0 -2  1  0    3   7  10   6   2   4   9   6   3   8   5   5   0   3   2   6   5   0   6   9  0.04 inf
  123 I   -2 -4 -1  0  2 -3 -1 -1 -3  3  1 -2 -1  1 -3 -2 -2 -3  1  3    2   0   3   5   5   0   5   5   0  19  14   2   0   5   1   1   0   0   6  25  0.30 inf
  124 D   -3 -2  2  6 -5 -3  1  0 -2 -2 -5  0 -4  1 -4 -2  0 -5 -4 -1    1   2  11  45   0   0   7   8   1   2   0   5   0   6   0   1   6   0   0   6  0.77 inf
  125 W   -1  1 -1  0 -3  0  2 -2  0 -2  1  1 -2  2 -1 -1 -1  1  3 -2    5   8   2   5   0   4  14   2   2   1  14   9   0   9   3   3   4   2  12   0  0.15 inf
  126 E   -1 -1  3  3 -4  0  3 -2 -2 -4 -3  1 -3 -2 -3  0  0 -4 -4 -1    4   3  16  17   0   3  24   3   0   0   2   9   0   1   0   5   7   0   0   5  0.45 inf
  127 S    1 -2  3  2 -3  0  1  0 -2 -2 -2  2  0 -1  1  0 -1 -4 -3 -2   12   0  14  10   0   3   9   7   0   2   4  16   4   3   6   5   3   0   0   2  0.20 inf
  128 Q   -2  1  1  3 -4  2  2 -1  0  0 -2  2 -2 -4 -1  1  0 -4 -3 -2    1   6   6  16   0  10  14   3   2   6   3  13   0   0   2   9   5   0   0   3  0.27 inf
  129 V   -1  1  0  1 -1  0  2 -1  0 -1 -1  2 -2 -1  0  0  0  2 -1 -2    3   7   4   8   2   3  13   5   2   4   5  18   0   3   3   9   4   3   1   3  0.13 inf
  130 V   -3 -3 -4  0 -3 -3 -2 -1 -4  4  2 -1  1  0 -4 -2 -1  2 -3  3    0   0   0   5   0   0   2   5   0  27  18   5   3   3   0   2   3   3   0  20  0.41 inf
  131 R   -1  2  0  1  1  1  2 -3  1 -1 -2  2 -2  0 -3  0 -1 -3  1 -2    4  13   3   7   3   7  12   0   4   4   4  17   0   5   0   7   3   0   4   3  0.20 inf
  132 L   -1 -2 -3 -2 -3  0 -1 -2 -3  3  2 -2  1  0 -3 -2 -1  0 -2  2    6   2   0   2   0   6   4   2   0  24  21   2   3   3   1   2   4   2   0  14  0.26 inf
  133 E    0  0 -1  0  0  1  2 -1  0 -1  0  1  0 -1 -2  0  0  1  1 -1    6   6   0   4   3   5  14   3   2   4   8  12   4   2   1   9   5   2   7   5  0.08 inf
  134 V   -2 -1 -1  0 -3 -1  0 -2  4  2  1 -1 -1 -1 -3 -2 -1 -2  2  2    2   2   2   5   0   2   5   4  12  16  13   4   0   2   1   2   1   0   7  18  0.19 inf
  135 F   -1  0 -1 -2 -3  0  2 -2  0  1 -1  0 -2  2 -1  0 -1  2  4 -2    5   4   2   1   0   3  15   2   2  10   4   6   0   9   3   6   3   3  20   1  0.25 inf
  136 D   -2  0  3  5 -4  0  2 -1  1 -3 -4 -1 -3 -1 -2  0 -2 -4 -1 -2    2   5  13  35   0   3  11   4   4   1   1   3   0   3   2   5   1   0   3   4  0.52 inf
  137 K    0  0  1  0 -2  0  1  1 -1 -1 -1  2 -2 -2  1  1  0  1 -2 -1    9   4  10   3   0   2   8   9   1   4   8  14   0   0   6  11   4   3   0   3  0.11 inf
  138 Q   -1  1  3  1 -1  1  1  0  2 -2 -2  2 -2 -2 -2  0 -1  2  1 -2    3   7  16   7   1   5  10   6   5   2   2  13   0   2   1   4   4   3   5   3  0.20 inf
  139 D   -2 -1  2  3 -3 -1  0  1  1 -1 -2  1  0 -3 -3  0  2 -3 -1 -2    1   3  10  17   0   0   7  10   4   5   4  12   2   0   1   6  14   0   2   1  0.22 inf
  140 I   -1 -1  1  0 -3  0  1  1 -2  1 -1  1 -1 -1  0  0 -1 -3 -2  0    4   2  10   6   0   3   8  14   0  15   6  10   1   3   4   7   3   0   0   5  0.08 inf
  141 M   -1  0  1  0 -2  0  1 -2  1  0  1  0  0  0 -2 -1 -1  1 -1  0    4   4  10   5   0   2  14   2   5   7  20   4   2   4   2   5   2   2   0   6  0.07 inf
  142 I   -2  0 -2 -1 -2 -2 -2  1 -2  2  2  0 -1  0 -2 -2 -1 -2  1  1    2   5   1   3   0   1   2  14   0  18  20   7   0   3   2   2   4   0   6  11  0.14 inf
  143 D   -2 -1  2  4 -4  0  4  0  0 -1 -2  0 -3 -4 -2  0 -1 -4 -3 -2    1   2   8  23   0   2  28   7   2   4   4   6   0   1   1   6   3   0   0   2  0.44 inf
  144 N   -2  0  1  2 -2 -1  1 -3  2  1 -1  0 -1 -1  2 -1  0 -3  0  0    1   5   7  12   1   1   8   1   5  14   3   7   1   3  11   4   6   0   4   5  0.13 inf
  145 S    2 -1 -2  1  2  1  0 -2 -1  1  0 -1 -1 -1 -2  1  1 -3 -2  1   18   3   0  10   5   8   5   0   1   7   8   2   0   3   0   9   7   0   0  12  0.12 inf
  146 V    4 -4 -4 -4  1 -4 -4 -1 -4  1 -2 -4  1 -3  3 -1 -3 -5 -4  2   47   0   0   0   3   0   0   3   0   7   2   0   3   1  13   4   0   0   0  17  0.69 inf
  147 Y   -1 -3 -3 -4 -4 -2 -2  1 -2  0 -3 -2 -3  2 -3  1  1 -2  6  1    5   1   0   0   0   1   2  11   0   5   0   1   0   8   1  14   8   0  32  11  0.57 inf
  148 W   -7 -8 -8 -9 -7 -7 -8 -7 -7 -1 -6 -8 -6 -4 -8 -8 -7 13  2 -3    0   0   0   0   0   0   0   0   0   4   0   0   0   0   0   0   0  89   5   2  4.43 inf
  149 S   -2 -1  2  1 -4  0  0  1 -2 -4 -3 -1 -3 -4  2  3  2 -5 -1 -2    0   3  10   9   0   3   6   9   1   0   2   2   0   0  10  30  12   0   2   2  0.40 inf
  150 F   -3 -1 -5 -6 -5 -3 -5 -1 -4  0  2 -2  1  7 -6 -4 -2 -2  3 -3    1   4   0   0   0   1   0   6   0   6  19   2   3  48   0   0   3   0   8   0  1.02 inf
  151 D    0  0  2  4 -4  0  3 -2 -1 -3 -2  0 -2 -3 -3  1  0 -5 -2 -3    8   4  12  23   0   3  22   2   1   1   4   3   1   1   0   9   4   0   1   1  0.42 inf
  152 S   -1  0  0  3 -4  1  1 -1  0 -2 -1  2 -2 -3 -3  1  1 -1 -2 -2    5   4   2  18   0   6   8   3   2   1   8  19   0   1   0   9  10   1   1   1  0.24 inf
  153 L   -4 -5 -6 -6 -4 -5 -6 -6 -6  3  6 -5  1 -2 -6 -5 -4 -5 -4 -1    0   0   0   0   0   0   0   0   0  16  78   0   2   1   0   0   0   0   0   2  1.48 inf
  154 Q   -2  2 -1 -2 -4  1  2 -4  0  0  1  2  2  0 -3  0 -2 -3 -1 -2    1  14   2   0   0   5  16   0   3   4  18  14   8   4   0   5   1   0   1   2  0.26 inf
  155 N    0  1  3  1 -2  1  3 -2  2 -4 -3  2 -3 -2 -3  1 -1 -4 -1 -4    8   5  17   5   1   7  18   2   5   0   1  15   0   1   0   8   4   0   2   0  0.36 inf
  156 Q    1  4 -2 -3  1  0  0 -4  6 -3 -4  3 -3 -4 -4 -1  0 -5 -3 -2   14  24   0   0   3   4   4   0  19   1   0  18   0   0   0   4   5   0   0   2  0.66 inf
  157 L   -1 -5 -6 -6 -1 -5 -5 -4 -5  1  4 -5 -2  4 -5 -5 -3  8 -2 -1    6   0   0   0   1   0   0   1   0   9  38   0   0  15   0   0   2  25   0   2  1.20 inf
  158 D   -1 -1  2 -1 -1  1  2  1  1 -3  0  2 -2 -3 -3  0 -1 -4 -1 -2    3   2  12   2   2   7  15  13   4   1  11  18   0   0   0   5   2   0   2   2  0.23 inf
  159 K    0  3  0 -1  0  1  2 -2 -1 -1 -2  3 -2 -3 -3  1  0 -4 -1 -1    7  17   3   2   2   4  13   2   1   5   2  18   0   0   0  10   7   0   3   4  0.24 inf
  160 K   -5 -2 -4 -5 -7 -3 -3 -6 -5 -7 -7  8 -6 -7 -5 -3 -5 -7 -6 -6    0   0   0   0   0   0   0   0   0   0   0  98   0   0   0   2   0   0   0   0  2.58 inf
  161 L   -5 -4 -4 -5 -2 -4 -5 -6  9  0  3 -5 -3 -2 -6 -4 -5 -5  2 -2    0   0   0   0   1   0   0   0  50   5  33   0   0   1   0   1   0   0   6   2  1.69 inf
  162 K    0  1  3 -1 -4  0 -1 -1  2 -4 -3  2 -2 -5  3  1  0 -5 -4 -4    7   6  18   3   0   3   2   4   5   0   3  16   1   0  17  10   6   0   0   0  0.41 inf
  163 Y    1  2  4 -1 -5  2  3 -4 -1 -5 -4  2 -4 -4 -4 -1 -1 -4  2 -4   11  10  21   1   0   9  22   0   1   0   1  13   0   0   0   2   2   0   7   0  0.56 inf
  164 I    1 -4 -4 -5  3 -4 -4 -4 -5 -1  3 -2  1 -3 -4 -1  4 -5 -4  1   11   0   0   0   7   0   0   0   0   1  29   2   4   0   0   3  33   0   0  11  0.65 inf
  165 A    2 -5 -5 -5  4 -5 -5 -5 -4  2  1 -5  1  5 -5 -3 -3 -3  0  3   17   0   0   0   9   0   0   0   0  10   9   0   3  28   0   1   0   0   2  20  0.73 inf
  166 V   -5 -5 -6 -7 -5 -5 -6 -6  0 -1  1 -6  0  3 -6 -5 -5  8  7 -1    0   0   0   0   0   0   0   0   2   3  16   0   2  12   0   0   0  25  35   5  1.66 inf
  167 I    0 -6 -6 -6  0 -5 -6 -6 -6  4 -2 -6 -1 -1 -6 -5 -3 -6 -4  6    6   0   0   0   1   0   0   0   0  20   1   0   1   2   0   0   0   0   0  68  1.48 inf
  168 S   -2 -1 -2 -1 -2  2  1 -2  1  0 -2  2 -3  0  4  1  0 -4  1 -2    0   2   1   2   1   9   9   2   4   6   3  17   0   5  18  10   6   0   5   2  0.31 inf
  169 A    6 -4 -4 -5  2 -4 -4 -1 -4 -4 -4 -4 -4 -4 -4  0 -1 -4  3  1   65   0   0   0   4   0   0   4   0   0   0   0   0   0   0   6   2   0  10   9  1.10 inf
  170 E   -2  0  0  3 -4  0  3 -3 -3 -1  0  0 -3 -3 -3  1  1 -1 -3 -2    1   4   4  21   0   4  22   0   0   4   9   6   0   1   0   9  12   1   1   2  0.35 inf
  171 S   -1  1  1 -3  1  0  0 -3 -1 -2 -4  3 -3 -2 -2  3  2 -5 -2  0    4   8   8   0   3   2   4   0   1   1   0  19   0   1   1  24  15   0   1   7  0.37 inf
  172 K   -3  3 -1 -2 -3  0  3 -3 -3 -1 -2  4 -3  0 -4 -2 -1 -5 -4 -3    0  18   3   1   1   2  20   1   0   4   5  33   0   5   0   2   4   0   0   2  0.61 inf
  173 I   -2  1 -1 -2 -3  1  0  1 -1  1 -1  3  2 -1 -2 -1  0 -3 -1  0    0   7   3   2   0   5   4  11   1  13   5  22   6   3   1   3   5   0   2   7  0.14 inf
  174 E   -1  1  2  1 -4  0  3 -3  0  2 -2  1 -2 -4 -1  1 -1 -4 -3  0    3   7  11   5   0   2  22   0   2  19   1   7   1   0   2  10   3   0   0   5  0.28 inf
  175 N   -2 -1  3  3 -1  0  2  2 -1 -4 -4 -1 -4 -4  1  0  0 -4 -1 -3    2   3  17  21   1   4  12  15   1   0   1   2   0   0   6   5   5   0   2   1  0.41 inf
  176 E   -1 -2  2  2 -2 -2  1  5 -3 -5 -3  0 -4 -5 -1 -1 -1 -5 -4 -4    4   2  10  11   1   1  10  43   0   0   2   5   0   0   3   3   4   0   0   1  0.64 inf
  177 K   -1  1  1  1 -3  1  2 -2  1  0 -1  2 -2 -2 -1  0  0 -1 -1  0    3   7   6   9   0   5  12   1   4   7   3  15   0   1   3   7   5   1   2   8  0.12 inf
  178 K   -2 -1 -2 -1 -5 -1  5 -1 -3 -2 -2  1 -2 -2 -1 -1  0 -5  1 -2    2   3   1   1   0   1  51   4   0   2   4  10   1   1   3   3   7   0   5   3  0.68 inf
  179 Y   -3 -1 -4 -4 -3  2  2 -5  4 -4 -1 -1 -2  3 -5 -2  0 -1  6 -3    2   4   0   0   1   8  13   0   9   0   6   3   1  11   0   3   6   1  34   0  0.79 inf
  180 Y   -5 -4 -6 -7  2 -6 -7 -7 -4 -2 -2 -6 -4  8 -7 -6 -5  1  5  0    0   1   0   0   4   0   0   0   0   1   2   0   0  63   0   0   0   1  19   8  1.96 inf
  181 K   -3  3  0 -2 -5  2  0 -2  5 -3 -3  3 -3 -3 -4 -1 -3  3  2 -3    1  15   4   2   0   8   6   3  18   1   2  24   0   0   0   3   1   4   9   1  0.62 inf
  182 Y   -5 -5 -5 -3 -5 -5 -5 -1 -3 -3  0 -5 -4  5 -6 -5 -5  1  8 -4    0   0   0   2   0   0   0   5   0   1   8   0   0  26   0   0   0   1  55   0  1.82 inf
  183 N   -2 -1  3  1 -4 -1  0  1 -1 -1 -2  2 -2 -1 -2  1  1 -3  2  0    1   1  17   6   0   1   5   9   1   3   3  17   1   2   2   8   9   0   8   6  0.19 inf
  184 S   -2  1  0  0 -5  1  3 -3 -1 -4 -2  3 -3 -4  1  1  0 -5 -2 -3    1   7   4   5   0   6  23   1   1   1   3  23   0   0   6  12   4   0   2   1  0.43 inf
  185 A    3 -5 -5 -5 -3 -4 -5 -3 -5  4  0 -4  1  0 -5 -3 -3 -5 -2  4   28   0   0   0   0   0   0   1   0  30   7   0   3   3   0   0   0   0   1  26  0.79 inf
  186 N   -1  0 -1  0 -3  0  2 -4  0  0  0  0 -1  0 -3  0  2  2  3  0    2   4   2   5   0   2  19   0   2   4  10   7   1   3   0   5  13   3  12   6  0.18 inf
  187 L   -2 -4 -4 -5  2 -3 -2 -5  6  2  3 -3  3  2 -5 -2 -2  1  1  0    2   0   0   0   4   1   3   0  20  10  31   1   7   9   0   2   2   2   3   4  0.60 inf
  188 F   -1 -4 -4 -5  4 -4 -4  0 -3 -3  2 -4 -1  1 -5 -1  3 -3  5 -1    6   0   0   0   8   0   0   9   0   0  21   0   1   6   0   4  22   0  21   3  0.57 inf
  189 T   -2  3 -2 -1 -4  1  1 -1 -3 -1 -2  4 -3 -2 -3  1  1  1 -2 -2    1  15   0   3   0   6   9   3   0   4   3  26   0   1   0  12  10   3   1   3  0.34 inf
  190 D   -1 -1  2  1 -4  1  1  3 -2 -2 -1  0 -3 -2 -3  1 -2 -4 -1 -3    4   2  12   9   0   7   9  24   0   2   8   6   0   1   0  13   0   0   3   0  0.31 inf
  191 L   -1 -2 -4 -4 -2 -3 -4 -5 -4 -2 -1  2 -3  4  5 -3  3 -4 -3 -3    4   2   0   0   1   0   0   0   0   1   6  12   0  17  31   0  24   0   0   1  0.87 inf
  192 T   -2 -3  3  3 -4  1 -1 -1 -3  0 -2 -1 -1 -4 -4  3  0 -5 -1 -2    0   0  18  20   0   7   1   3   0   6   5   4   2   0   0  26   5   0   2   2  0.46 inf
  193 V    0 -4 -3 -4 -4 -2 -2 -4 -2  2  1 -1 -1  6 -1 -2 -1 -3  1  0    9   0   1   0   0   2   2   1   1  12  13   3   1  37   3   3   2   0   3   7  0.55 inf
  194 Q   -2 -1  1  3 -4  1  3  0 -1 -2 -2  0  0 -4 -3  2  0 -5 -3 -4    1   2   7  18   0   4  24   6   1   3   5   3   2   0   0  16   5   0   1   0  0.40 inf
  195 S   -1  2  1 -1 -1  2  0 -1 -1 -1  0  3  0 -2 -3  0  1 -4 -3 -2    5  10   7   2   1  12   3   4   1   4  11  20   2   1   0   7   8   0   0   2  0.19 inf
  196 L   -5 -6 -7 -7 -5 -6 -7 -7 -5  1  2 -6  0  8 -7 -6 -4 -3  0 -2    0   0   0   0   0   0   0   0   0   8  22   0   2  65   0   0   1   0   1   2  1.84 inf
  197 C   -2 -3 -5 -2 -2 -3 -2 -3 -4  3  4 -2  2  0 -2 -4 -2 -4 -1  1    2   1   0   3   1   1   2   2   0  22  44   2   4   4   2   0   1   0   2   8  0.57 inf
  198 R    0  0  2  2 -2  3  1 -3 -2 -2 -2  2 -3 -4  2  2 -1 -5 -2 -2    6   3  11  10   1  15   6   0   1   3   3  14   0   0   8  14   2   0   1   2  0.31 inf
  199 G    4 -4 -4 -5 -1  0 -3  0 -5 -2  4 -4  1 -2 -4  0 -2 -5 -4 -2   34   0   0   0   1   5   1   6   0   0  44   0   2   1   0   6   1   0   0   0  0.70 inf
  200 I   -4 -5 -6 -6 -4 -5 -6 -7 -6  5  4 -5  3  2 -6 -5 -4 -5 -3  1    0   0   0   0   0   0   0   0   0  39  39   0   7  10   0   0   0   0   0   5  1.19 inf
  201 E    1  1  0  0 -3  1  4 -3  2 -3 -4  3 -4 -3 -3 -1 -1 -5 -2 -3   11   6   5   5   1   5  34   1   5   2   0  17   0   1   0   3   4   0   1   1  0.51 inf
  202 N    0 -1  2  3 -4  2  1 -3 -1 -4 -2  0 -2 -5 -3  2  1 -5 -4 -4    8   3  11  17   0  12  10   1   1   0   5   5   1   0   0  18  10   0   0   0  0.40 inf
  203 G   -3 -2  1 -2 -2 -2 -3  7 -5 -7 -7 -5 -6 -7 -6 -2 -5 -6 -7 -7    0   2   6   3   1   2   1  83   0   0   0   0   0   0   0   2   0   0   0   0  1.90 inf
  204 D   -1 -1  1  0 -3 -1 -1 -1  0  2  0  2 -1 -2 -3 -1  1 -4 -1  2    4   1   6   6   0   2   3   3   3  15   7  19   1   1   0   1  11   0   2  15  0.15 inf
  205 I   -3 -6 -6 -6 -4 -6 -6 -7 -6  7  0 -6  2 -3 -6 -5 -3 -6 -5  4    2   0   0   0   0   0   0   0   0  63   7   0   5   0   0   0   1   0   0  23  1.54 inf
  206 K   -1  0 -2 -2 -4 -2 -2 -3 -2 -1 -1  0  1  0 -4 -1  4 -3  5  0    4   5   1   1   0   1   2   1   0   3   5   5   3   3   0   4  26   0  26   8  0.50 inf
  207 V   -4 -5 -5 -6 -4 -4 -5 -6  0  3  2 -5  4  0 -5 -4 -2 -3  5  3    0   0   0   0   0   0   0   0   3  19  15   0  12   3   0   0   2   0  22  25  0.89 inf
  208 D   -5 -5  0  8 -7 -4 -2 -5 -1 -7 -7 -5 -7 -7 -5  0 -2 -8 -4 -7    0   0   3  86   0   0   0   0   1   0   0   0   0   0   0   7   2   0   1   0  2.31 inf
  209 I   -4 -4 -4 -4 -4 -4 -4 -5  4  3  1 -4 -2  5  3 -4 -3  4  2 -1    0   0   0   0   0   0   0   0  10  16  14   0   0  25  16   0   0   7   5   3  0.79 inf
  210 R    1  4  0  2  1 -2 -2  0 -3 -2  1  1 -1 -4  0 -1 -1 -4 -3 -3   11  24   4  13   4   0   0   7   0   1  14  11   1   0   4   1   4   0   0   0  0.28 inf
  211 I    1 -4 -4 -4  1 -4 -4  1 -4  5  2 -4  2 -3  1 -3 -3 -4 -3  0   12   0   0   0   3   0   0  11   0  38  17   0   6   0   7   0   0   0   0   4  0.57 inf
  212 G   -2  3  0  0 -1 -1  0  2  3 -3 -3  2 -3 -2 -1  0 -2 -3  1 -2    1  17   5   4   1   1   5  19   9   1   2  16   0   1   3   6   1   0   5   2  0.31 inf
  213 A    0  0 -1 -2 -2  1 -1 -1 -1  0  0 -1  0  0 -1  0  2 -2  1  1    7   7   2   1   0   7   2   3   1   5  10   3   3   4   3   6  16   0   7  11  0.08 inf
  214 Y    0  1  0  0 -1 -1  1 -2  1 -1 -1  1 -1  0 -1  0  0 -1  4 -1    7   8   3   7   1   1   9   2   3   3   4   8   1   4   3   8   6   0  18   5  0.13 inf
  215 H    0  1  2 -1 -2  1  0 -1  1 -1 -1  2 -1 -2  2  0  0  0 -2 -2    6   7  11   2   1   6   4   4   4   3   8  18   1   1   9   8   5   1   1   2  0.15 inf
  216 S   -1  1  1  1 -2 -1  1  0 -1 -1 -2  0 -1 -1 -1  3  1  1 -2 -1    4   7   5  10   0   1   7   5   1   4   3   6   2   2   2  26   9   2   1   3  0.16 inf
  217 G   -1  0  0  2 -3 -1  0  4 -1 -1 -2  0 -2 -3 -1  1  1  0 -2 -2    3   5   4  11   0   1   5  32   2   4   3   6   1   1   2   9   8   1   1   3  0.29 inf
  218 K    0  0  2  1 -2  0  0  0 -1 -1 -1  2  0 -1  0  0  0 -3 -1 -1    9   3  13  10   0   2   4   7   0   3   7  17   3   3   4   4   6   0   2   3  0.11 inf
  219 K   -1  2  2 -1 -3  0  0 -2 -1 -3 -3  3 -2 -3  3  1 -1 -3  1 -3    5   9  11   3   0   3   6   2   1   1   2  22   1   0  15   9   3   0   6   1  0.34 inf
  220 K    0  0  2  1 -3  1  0  1 -2 -2 -2  3 -1 -1 -2  0  1 -3  1 -1    5   4   9   9   0   5   4  10   0   2   2  21   1   3   1   6   8   0   5   5  0.15 inf
  221 G   -2 -2  1 -1 -1 -2 -3  5 -3 -1 -1 -2 -3 -2 -2  0  0  0 -3 -1    1   2   8   2   2   1   1  47   0   3   7   2   0   2   1   6   6   2   1   4  0.54 inf
  222 K   -1  3 -1 -3 -4 -1 -1 -2 -3 -3 -1  6  0 -3 -3 -2 -2  1 -3 -2    4  14   2   1   0   2   3   3   0   1   5  50   3   1   1   1   2   2   1   3  0.74 inf
  223 T    0  2 -1 -2 -3  0 -1  0 -2 -1 -1  0 -1 -1  3 -1  0  4 -1  1    7  12   3   1   0   6   2   9   0   4   7   7   1   2  14   1   6   6   2  11  0.17 inf
  224 H   -2  5 -2 -3 -5  1 -3 -2  7 -3 -4  0 -3 -4 -4  0 -1 -4  1 -2    2  33   1   0   0   5   0   3  30   2   1   5   0   0   0   6   3   0   5   3  0.99 inf
  225 D   -3 -3  5  5 -4 -1  1 -2 -2 -4 -4 -1 -4 -4  0 -1 -2 -4  0 -2    1   1  32  32   0   2  10   2   0   1   1   3   0   1   4   2   1   0   3   3  0.84 inf
  226 H   -3  2 -1 -3 -4  0 -2 -4  8 -4 -4  4 -3 -4 -4 -3 -3 -4 -2 -4    1  11   3   1   0   4   1   1  44   1   1  27   0   1   1   1   1   0   0   1  1.43 inf
  227 G   -2 -1  0 -3 -3 -3 -2  6 -3 -4 -4 -2 -3 -4 -3 -1 -3  0 -3 -4    2   3   5   1   0   1   3  70   0   1   2   2   0   1   1   3   1   1   1   1  1.25 inf
  228 T   -3 -4  2 -3 -1 -3 -3 -4  0 -1 -1 -3  0 -2  3  2  5 -4  1 -2    0   0  10   0   1   0   0   0   2   4   4   0   3   1  13  18  36   0   6   2  0.63 inf
  229 A    1  0  0 -3 -1  4 -2  1  0 -2  1  2 -2 -3 -3  0  0 -4 -3 -2   12   3   3   0   1  24   0  10   3   1  16  12   0   1   0   5   5   0   0   2  0.28 inf
  230 F   -6 -7 -7 -8 -6 -7 -7 -7 -6  0 -3 -7 -4  9 -8 -7 -6  7 -1 -5    0   0   0   0   0   0   0   0   0   4   1   0   0  82   0   0   0  13   0   0  2.76 inf
  231 R   -3  7 -4 -3  0 -1 -1 -3 -4 -4 -6  4 -5 -6 -5 -2 -4 -6 -5 -4    1  64   0   1   2   1   2   2   0   1   0  20   0   0   0   3   0   0   0   1  1.56 inf
  232 I   -4 -6 -6 -7 -4 -6 -6 -7 -6  7  1 -6  3 -1 -6 -5 -3 -6 -4  2    0   0   0   0   0   0   0   0   0  69  10   0   6   2   0   0   1   0   0  12  1.60 inf
  233 N   -1  3  4 -1 -5 -2 -2 -4 -1 -4 -3  3  1 -4  0  2 -2 -1  0 -3    3  17  24   3   0   0   1   0   1   0   2  20   4   0   5  14   0   1   4   1  0.55 inf
  234 M   -1 -1 -1  0 -4  1  2 -2  2 -1 -2  3 -2 -2  3  1 -2  1 -1 -2    4   1   2   5   0   7  12   2   5   5   4  19   1   2  15  11   1   2   1   1  0.28 inf
  235 E    0  1  3  2 -4  1  2 -1 -1 -5 -4  3 -4 -5 -2  1  0 -5 -2 -4    6   7  15  11   0   5  11   3   1   0   0  22   0   0   1  12   4   0   2   0  0.43 inf
  236 K   -2  1  4  4  1 -2 -1 -1  2 -5 -4  1 -4 -3 -4  0 -2 -5  1 -4    2   8  23  28   3   0   2   4   4   0   1  11   0   1   0   6   1   0   5   1  0.61 inf
  237 L   -2 -2 -2 -5 -4 -2 -3 -5 -4  3  4 -2  2  2 -3 -2 -3  0 -1  0    3   2   3   0   0   2   1   0   0  22  41   2   4   8   1   4   0   1   2   3  0.53 inf
  238 L   -1 -1  1  2  1  0  1 -3 -1 -2  0  1 -2 -3  3  1 -1 -4 -2 -3    4   2   7  12   4   4  10   0   1   2  13   8   1   1  18  13   1   0   1   0  0.29 inf
  239 E    0 -1  0  0 -1 -1  1 -4  1  0  3  0  0 -1 -3  0 -1 -4 -1 -1    7   3   5   5   1   2   9   0   4   3  38   7   1   2   0   7   2   0   1   3  0.20 inf
  240 Y   -4 -5 -6 -6  2 -5 -6 -6 -4  2  5 -5  1  2 -6 -5 -4 -3  3 -2    0   0   0   0   4   0   0   0   0   9  62   0   3   9   0   0   0   0  12   1  1.17 inf
  241 G   -5 -5 -5 -2 -6 -5 -2  1 -3 -4 -4 -2 -4  6 -6 -1 -5 -2  7 -5    0   0   0   3   0   0   3  10   0   0   0   3   0  40   0   4   0   0  38   0  1.55 inf
  242 E   -2  0  1  4 -5  2  3 -3  2 -5 -5  2 -4 -5  0  1 -1 -5 -4 -4    2   3   6  22   0   8  22   0   5   0   0  13   0   0   5  10   3   0   0   0  0.57 inf
  243 V   -1 -2  3  0 -3 -1  0 -3  1  0 -2  1 -1 -3 -3  2  1 -4  0  2    1   0  19   5   0   0   5   0   4   4   2  10   1   0   0  16  12   0   3  17  0.23 inf
  244 K   -2  0  1 -1 -4  1  4 -3  0 -3 -3  3  0 -2 -1  1 -1  1 -1 -3    0   2   6   1   0   5  34   0   2   1   0  20   4   2   3  13   3   2   2   0  0.45 inf
  245 V   -2  0 -2  1 -3  1  1 -3 -3  1  0  1 -1 -3 -3 -1  2 -4 -3  3    0   5   0   8   0   6  10   0   0   7   5  12   0   0   0   0  18   0   0  29  0.25 inf
  246 I   -3 -5 -5 -3 -3 -4 -5 -6 -5  6  0 -4  2 -2 -5 -4 -3 -5 -3  3    0   0   0   2   0   0   0   0   0  70   3   0   6   0   0   0   0   0   0  20  1.19 inf
  247 V   -2 -4 -4 -4 -2 -3 -4 -5 -4  5  1 -4  2 -1 -4 -3 -1 -4 -2  4    0   0   0   0   0   0   0   0   0  52   5   0   7   0   0   0   0   0   0  36  0.73 inf

                      K         Lambda
Standard Ungapped    0.1325     0.3132
Standard Gapped      0.0478     0.2670
PSI Ungapped         0.1563     0.3141
PSI Gapped           0.0478     0.2670
