
Last position-specific scoring matrix computed, weighted observed percentages rounded down, information per position, and relative weight of gapless real matches to pseudocounts
           A  R  N  D  C  Q  E  G  H  I  L  K  M  F  P  S  T  W  Y  V   A   R   N   D   C   Q   E   G   H   I   L   K   M   F   P   S   T   W   Y   V
    1 V   -1 -3 -3 -4 -1 -2 -3 -4 -3  3  2 -3  2 -1 -3 -2 -1 -3 -1  4    0   0   0   0   0   0   0   0   0  20  17   0   5   0   0   0   0   0   0  59  0.34 inf
    2 I   -1 -3 -4 -4 -1 -3 -3 -4 -3  4  2 -3  2  0 -3 -3 -1 -3 -2  3    0   0   0   0   0   0   0   0   0  53  20   0   8   0   0   0   0   0   0  20  0.40 inf
    3 P   -1 -2  1 -2 -3  1 -1 -2 -2 -3 -2 -1 -2 -4  7 -1 -1 -4 -3 -3    3   0  12   0   0  11   0   0   0   0   6   0   0   0  65   0   2   0   0   0  1.25 inf
    4 A    2 -1 -1 -2 -1 -1 -2  1  1  1  0 -1  0 -2 -2  0  2 -3 -2  1   27   2   1   0   0   0   0   9   6  16   5   0   2   0   0   1  22   0   0   8  0.13 inf
    5 A    2 -1 -1 -1  2  1 -1  1 -2 -2 -1 -1 -1 -2 -2  2  1 -3 -1 -1   25   1   0   0   5   9   0  13   0   0   5   0   0   0   0  32   8   0   1   1  0.23 inf
    6 A    1 -2  0  0 -1 -1 -1  0  1 -1 -1 -1  0 -1  2  2  0 -3 -2  0   17   0   5   5   1   0   0   7   4   2   5   2   3   3  10  23   4   0   0   9  0.13 inf
    7 L   -1  3  0 -1 -2 -1 -1 -2  0  0  2  0  1 -1 -1 -1 -1  0 -2  0    3  26   4   2   0   0   3   2   3   4  37   1   6   0   3   1   1   1   0   1  0.14 inf
    8 A    1  0 -2 -2 -2 -1 -1 -1 -2  0  1 -1  0 -2  2  1  1 -3 -2  0   18   7   0   1   0   1   0   1   0   3  24   0   2   0  13  10  12   0   0   7  0.16 inf
    9 G    2 -1  1 -1  2 -1 -1  3 -1 -2 -2 -1 -2 -3  0  1  1 -3 -2 -1   21   2   7   0   7   0   1  27   1   0   3   0   0   0   5  15   7   0   1   2  0.24 inf
   10 Y    0 -1  2 -1 -2  0 -1 -2  2 -2 -2 -1 -1  2 -3  0  0  1  5 -1    9   2  19   1   0   3   0   1   7   1   1   1   1   6   0   6   3   1  34   1  0.28 inf
   11 T    1 -1  0 -1 -2  1 -1  0 -2 -2 -2  0 -1 -3  3  2  3 -3 -2 -1    8   2   2   0   0  12   0   4   0   1   1   2   0   0  17  17  31   0   0   3  0.33 inf
   12 G    0  1 -1 -2 -1 -1 -2  6 -2 -4 -4 -1 -3 -4 -3  0 -1 -3 -3 -4    0  11   0   0   2   2   0  81   0   0   0   0   0   0   0   2   2   0   0   0  0.94 inf
   13 S    0  0  1 -1 -2 -1 -1  1 -1 -3 -3 -1 -2 -3 -2  5  2 -3 -2 -2    0   7   3   0   0   0   0   7   0   0   0   0   0   0   0  73   9   0   0   0  0.50 inf
   14 G    0 -3 -1 -2 -3 -2 -3  6 -3 -4 -4 -2 -3 -4 -3  0 -2 -3 -4 -4    0   0   0   0   0   0   0  94   0   0   0   0   0   0   0   3   0   0   0   0  1.25 inf
   15 P   -1 -1 -1 -1 -4  5  0 -3 -1 -4 -3  0 -2 -4  6  0 -1 -3 -3 -3    0   0   0   0   0  50   0   0   0   0   0   0   0   0  41   8   0   0   0   0  1.02 inf
   16 I   -2 -3 -4 -4 -2 -3 -4 -4 -4  5  1 -3  1 -1 -3 -3  0 -3 -2  2    0   0   0   0   0   0   0   0   0  81   6   0   0   0   0   0   4   0   0   4  0.56 inf
   17 Q   -2  0 -1 -1 -4  7  1 -3  0 -4 -3  1 -1 -4 -2 -1 -2 -3 -2 -3    0   0   0   0   0  92   0   0   0   0   0   2   0   0   0   0   0   0   0   0  1.06 inf
   18 L   -2 -3 -4 -4 -2 -3 -3 -4 -3  1  5 -3  2  0 -3 -3 -2 -2 -2  0    0   0   0   0   0   0   0   0   0   0  95   0   0   0   0   0   0   0   0   0  0.67 inf
   19 W   -3 -4 -4 -5 -3 -3 -4 -3 -3 -4 -3 -4 -2  0 -4 -4 -3 12  1 -4    0   0   0   0   0   0   0   0   0   0   1   0   0   0   0   0   0  94   0   0  2.97 inf
   20 Q   -2  0 -1 -1 -4  7  1 -3  0 -4 -3  0 -1 -4 -2 -1 -1 -3 -2 -3    0   0   0   0   0  95   0   0   0   0   1   0   0   0   0   0   0   0   0   0  1.11 inf
   21 F   -3 -3 -4 -4 -3 -4 -4 -4 -2 -1  0 -4 -1  8 -4 -3 -3  0  2 -2    0   0   0   0   0   0   0   0   0   0   1   0   0  95   0   0   0   0   0   0  1.20 inf
   22 L   -2 -3 -4 -4 -2 -3 -4 -4 -4  1  5 -3  1  0 -4 -3 -2 -2 -2  0    0   0   0   0   0   0   0   0   0   0  98   0   0   0   0   0   0   0   0   0  0.77 inf
   23 L   -2 -3 -4 -4 -2 -3 -3 -4 -3  1  5 -3  2  0 -3 -3 -2 -2 -2  1    0   0   0   0   0   0   0   0   0   1  87   0   2   0   0   0   0   0   0   8  0.64 inf
   24 E    0 -1 -1  1 -4  1  6 -3 -1 -4 -4  0 -3 -4 -2 -1 -2 -4 -3 -3    6   0   0   3   0   0  89   0   0   0   0   0   0   0   0   0   0   0   0   0  0.97 inf
   25 L   -2 -3 -4 -4 -2 -2 -4 -4 -4  1  5 -3  2  0 -4 -3 -2 -2 -2  0    0   0   0   0   0   1   0   0   0   0  95   0   2   0   0   0   0   0   0   0  0.72 inf
   26 L   -2 -3 -4 -5 -2 -3 -4 -5 -4  1  5 -3  1  0 -4 -3 -2 -2 -2  0    0   0   0   0   0   0   0   0   0   0 100   0   0   0   0   0   0   0   0   0  0.82 inf
   27 T    1 -2  0  0  1  0 -1 -1 -2 -2 -1 -1  0 -3 -2  3  3 -3 -2 -1   13   0   2   6   4   3   0   1   0   0   6   0   3   0   0  31  32   0   0   0  0.27 inf
   28 D   -2 -2  1  7 -4 -1  1 -2 -2 -4 -4 -2 -4 -4 -2 -1 -1 -5 -4 -3    0   0   3  89   0   0   1   0   0   0   0   0   0   0   0   2   2   0   0   2  1.18 inf
   29 K    0  2  0 -1 -3  0  0 -1 -1 -3 -3  2 -2 -3  3  3  0 -4 -2 -3    2  13   2   0   0   0   1   4   1   0   0  23   0   0  17  35   2   0   0   0  0.40 inf
   30 S    2  0  1 -1 -1  0  0 -1 -1 -2 -2  0 -1 -3 -2  3  1 -3 -2 -1   26   7   7   1   1   4   5   0   1   0   0   1   3   0   0  40   4   0   0   1  0.28 inf
   31 C   -2 -2  5 -1  7 -2 -2 -1 -1 -3 -3 -2 -3 -2 -3  0 -1 -3 -1 -3    0   0  51   0  33   0   0   3   0   0   0   0   0   1   0   5   1   0   3   0  0.75 inf
   32 Q    2  0  0  0 -1  3  0 -1  0 -1 -2  1  0 -3 -2  2  0 -3 -2 -1   28   2   1   3   1  28   1   1   1   3   2   7   3   0   0  17   0   0   0   2  0.23 inf
   33 S    1 -1  1  0 -2  0  0  0  4 -3 -3 -1 -2 -3  1  2  2 -3 -1 -2    9   1   8   3   0   1   4   8  16   0   0   1   0   0   6  25  18   0   0   1  0.26 inf
   34 F   -1 -4 -4 -4  8 -4 -4 -3 -3  0  0 -4 -1  4 -4 -1 -2  1  0 -1    4   0   0   0  48   0   0   0   0   4   5   0   0  34   0   2   0   1   0   1  0.86 inf
   35 I   -2 -4 -4 -4 -2 -4 -4 -4 -4  6  1 -3  0 -1 -4 -3 -1 -3 -2  2    0   0   0   0   0   0   0   0   0  96   0   0   0   0   0   0   0   0   0   1  0.82 inf
   36 S    2  0 -1 -2  2 -1 -1 -1  1 -2 -2  0 -2 -3 -2  3  3 -3 -2 -1   26   3   0   0   5   0   0   0   4   0   0   7   0   0   0  28  27   0   0   0  0.31 inf
   37 W   -4 -4 -5 -6 -4 -3 -4 -4 -4 -4 -3 -4 -3  0 -5 -4 -4 12  1 -4    0   0   0   0   0   0   0   0   0   0   0   0   0   0   0   0   0 100   0   0  3.36 inf
   38 T   -1 -1 -1  0 -3  0  4 -3 -2 -2 -3  0 -2 -3 -2  0  4 -3 -3 -1    0   0   0   1   0   0  44   0   0   0   0   3   0   0   0   1  48   0   0   3  0.55 inf
   39 G   -1 -3 -1 -2 -3 -3 -3  7 -3 -5 -5 -2 -4 -3 -3 -1 -2 -3 -1 -4    0   0   0   0   0   0   0  97   0   0   0   0   0   0   0   0   0   0   3   0  1.36 inf
   40 D   -1  0  2  3 -3  1  1 -1 -1 -2 -2  0 -2 -3 -1  1  3 -4 -3 -1    3   7   9  28   0   7   4   2   0   1   1   2   0   0   1   5  28   0   0   2  0.30 inf
   41 G   -1 -2  4  1 -2  0  0  4  0 -4 -4 -1 -3 -4 -2  0 -1 -4 -3 -3    0   0  39   8   1   2   4  39   1   0   0   0   0   0   0   4   2   0   0   0  0.59 inf
   42 W   -2 -3 -2 -3 -3 -3 -3  5 -3 -4 -2 -3 -1 -1 -4 -2 -3  9  0 -4    0   0   0   0   0   0   0  51   0   0   3   0   3   0   0   0   0  43   0   0  1.42 inf
   43 E   -2 -1 -1  1 -5  2  6 -3 -1 -4 -4  0 -3 -4 -2 -1 -2 -4 -3 -3    0   0   0   0   0   6  91   0   0   0   0   0   0   0   0   0   0   0   0   0  1.05 inf
   44 F   -3 -4 -4 -5 -3 -4 -4 -4 -2 -1  0 -4 -1  8 -5 -3 -3  0  2 -2    0   0   0   0   0   0   0   0   0   0   0   0   0 100   0   0   0   0   0   0  1.43 inf
   45 K   -2  2 -1 -2 -4  1  0 -2 -1 -4 -3  6 -2 -4 -2 -1 -2 -4 -3 -3    0   8   0   0   0   2   0   0   0   0   0  91   0   0   0   0   0   0   0   0  0.91 inf
   46 L   -2 -3 -4 -4 -2 -2 -3 -4 -3  1  4 -3  5  0 -4 -3 -2 -2 -2  0    0   0   0   0   0   0   0   0   0   3  69   0  28   0   0   0   0   0   0   0  0.65 inf
   47 S    0 -1 -1 -2  0 -1 -1 -2 -2  2  0 -1  0 -2 -2  1  3 -3 -2  2    2   2   1   0   2   0   4   0   0  13   7   0   0   0   0  17  26   0   0  26  0.18 inf
   48 D   -3 -2  0  7 -5 -1  2 -2 -2 -4 -5 -1 -4 -5 -2 -1 -2 -5 -4 -4    0   0   0  90   0   0  10   0   0   0   0   0   0   0   0   0   0   0   0   0  1.27 inf
   49 P   -2 -3 -3 -3 -4 -2 -2 -3 -3 -4 -4 -2 -4 -5  8 -2 -2 -5 -4 -4    0   0   0   0   0   0   0   0   0   0   0   0   0   0 100   0   0   0   0   0  2.44 inf
   50 D   -2 -2  1  6 -4 -1  2 -2  0 -4 -4 -1 -4 -4  0 -1 -1 -5 -4 -4    2   0   1  79   0   0  11   0   2   0   0   0   0   0   3   0   2   0   0   0  1.01 inf
   51 E   -2  0 -1  1 -5  1  6 -3 -1 -4 -4  0 -3 -4 -2 -1 -2 -4 -3 -3    0   3   0   2   0   0  95   0   0   0   0   0   0   0   0   0   0   0   0   0  1.11 inf
   52 V   -1 -3 -4 -4 -2 -3 -3 -4 -4  2  0 -3  0 -2 -3 -2  0 -4 -2  6    0   0   0   0   0   0   0   0   0   0   0   0   0   0   0   0   1   0   0  99  0.78 inf
   53 A    5 -2 -2 -3 -1 -2 -2 -1 -3 -2 -2 -2 -2 -3 -2  1 -1 -4 -3 -1   98   0   0   0   0   0   0   0   0   0   0   0   0   0   0   2   0   0   0   0  0.79 inf
   54 R   -2  7 -1 -2 -4  0  0 -3 -1 -4 -3  2 -2 -4 -3 -2 -2 -4 -3 -3    0  86   0   0   0   0   3   0   0   0   1  10   0   0   0   0   0   0   0   0  1.05 inf
   55 R   -2  7 -1 -3 -4  1 -1 -3 -1 -3 -1  2 -2 -3 -3 -2 -2 -4 -3 -3    0  86   0   0   0   1   0   0   0   0   8   5   0   0   0   0   0   0   0   0  0.99 inf
   56 W   -4 -4 -5 -6 -4 -3 -4 -4 -4 -4 -3 -4 -3  0 -5 -4 -4 12  1 -4    0   0   0   0   0   0   0   0   0   0   0   0   0   0   0   0   0 100   0   0  3.36 inf
   57 G   -1 -3 -1 -2 -3 -3 -3  7 -3 -5 -5 -2 -4 -4 -3 -1 -2 -3 -4 -4    0   0   0   0   0   0   0 100   0   0   0   0   0   0   0   0   0   0   0   0  1.45 inf
   58 K   -1  1 -1  1 -3  2  4 -3 -1  1 -1  1 -1 -3 -2 -1 -1 -3 -2  0    0   7   1   3   0   7  47   0   1  14   3  11   0   0   0   1   0   0   0   5  0.34 inf
   59 R   -2  7 -1 -2  1  1 -1 -2 -1 -4 -3  1 -2 -4 -3 -2 -2 -4 -3 -3    0  87   0   0   4   6   0   3   0   0   0   0   0   0   0   0   0   0   0   0  1.02 inf
   60 K   -2  1 -1 -2 -4  1  0 -3 -2 -4 -4  6 -2 -4 -2 -1 -2 -4 -3 -3    0   0   0   0   0   0   0   0   0   0   0 100   0   0   0   0   0   0   0   0  1.02 inf
   61 N    0 -1  6  0  0 -1 -1 -1 -1 -4 -4 -1 -3 -4 -2  3  0 -4 -3 -3    7   0  55   0   2   0   0   0   0   0   0   0   0   0   0  36   0   0   0   0  0.66 inf
   62 K   -2  2 -1 -2 -4  1  0 -3 -2 -4 -3  6 -2 -4 -2 -1 -2 -4 -3 -3    0   6   0   0   0   0   0   0   0   0   0  94   0   0   0   0   0   0   0   0  0.95 inf
   63 P   -2 -3 -3 -3 -4 -2 -2 -3 -3 -4 -4 -2 -4 -5  8 -2 -2 -5 -4 -4    0   0   0   0   0   0   0   0   0   0   0   0   0   0 100   0   0   0   0   0  2.44 inf
   64 K   -1  1  5  0 -3  0  0 -1 -1 -4 -4  3 -2 -4 -2  0  0 -4 -3 -3    6   3  52   0   0   0   0   0   0   0   0  33   0   0   0   2   3   0   0   0  0.60 inf
   65 M   -2 -3 -3 -4 -3 -2 -3 -4 -3  0  1 -3  9 -1 -4 -3 -2 -3 -2  0    0   0   0   0   0   0   0   0   0   0   0   0 100   0   0   0   0   0   0   0  1.32 inf
   66 N   -2 -1  7  0 -4 -1 -1 -1  0 -4 -4 -1 -3 -4 -3  0  0 -5 -3 -4    0   0  95   0   0   0   0   0   0   0   0   0   0   0   0   0   5   0   0   0  1.22 inf
   67 Y   -3 -3 -3 -4 -4 -3 -3 -4  1 -2 -2 -3 -2  2 -4 -3 -3  1  9 -2    0   0   0   0   0   0   0   0   0   0   0   0   0   0   0   0   0   0 100   0  1.66 inf
   68 E   -2 -2  0  6 -4  0  4 -2 -1 -4 -4 -1 -3 -4 -2 -1 -2 -5 -3 -4    0   0   0  57   0   0  43   0   0   0   0   0   0   0   0   0   0   0   0   0  0.98 inf
   69 K   -2  1 -1 -2 -4  1  0 -3 -2 -4 -4  6 -2 -4 -2 -1 -2 -4 -3 -3    0   0   0   0   0   0   0   0   0   0   0 100   0   0   0   0   0   0   0   0  1.02 inf
   70 L   -2 -3 -4 -5 -2 -3 -4 -5 -4  1  5 -3  2  0 -4 -3 -2 -2 -2  1    0   0   0   0   0   0   0   0   0   0  93   0   4   0   0   0   0   0   0   3  0.73 inf
   71 S    0 -2  0 -1 -2 -1 -1 -1 -2 -3 -4 -1 -2 -3 -2  6  1 -4 -3 -3    0   0   0   0   0   0   0   0   0   0   0   0   0   0   0 100   0   0   0   0  0.89 inf
   72 R   -2  7 -1 -3 -5  0 -1 -3 -1 -4 -3  1 -2 -4 -3 -2 -2 -4 -3 -4    0 100   0   0   0   0   0   0   0   0   0   0   0   0   0   0   0   0   0   0  1.31 inf
   73 G    4 -2 -1 -2 -2 -2 -2  4 -2 -3 -3 -2 -2 -3 -2  1 -1 -3 -3 -2   51   0   0   0   0   0   0  43   0   0   0   0   0   0   0   6   0   0   0   0  0.64 inf
   74 L   -2 -3 -4 -4 -2 -3 -4 -5 -4  1  5 -3  2  0 -4 -3 -2 -2 -2  0    0   0   0   0   0   0   0   0   0   4  92   0   3   0   0   0   0   0   0   1  0.73 inf
   75 R   -2  7 -1 -3 -5  0 -1 -3 -1 -4 -3  1 -2 -4 -3 -2 -2 -4 -3 -4    0 100   0   0   0   0   0   0   0   0   0   0   0   0   0   0   0   0   0   0  1.31 inf
   76 Y   -3 -3 -3 -4 -4 -3 -3 -4  1 -2 -2 -3 -2  2 -4 -3 -3  1  9 -2    0   0   0   0   0   0   0   0   0   0   0   0   0   0   0   0   0   0 100   0  1.66 inf
   77 Y   -3 -3 -3 -4 -4 -3 -3 -4  1 -2 -2 -3 -2  2 -4 -3 -3  1  9 -2    0   0   0   0   0   0   0   0   0   0   0   0   0   0   0   0   0   0 100   0  1.66 inf
   78 Y   -3 -3 -3 -4 -4 -3 -3 -4  1 -2 -2 -3 -2  2 -4 -3 -3  1  9 -2    0   0   0   0   0   0   0   0   0   0   0   0   0   0   0   0   0   0 100   0  1.66 inf
   79 D   -3 -2  0  7 -4 -1  2 -2  2 -4 -5 -1 -4 -4 -2 -1 -2 -5 -3 -4    0   0   0  85   0   0   7   0   8   0   0   0   0   0   0   0   0   0   0   0  1.16 inf
   80 K   -2  1 -1 -2 -4  1  0 -3 -2 -4 -4  6 -2 -4 -2 -1 -2 -4 -3 -3    0   0   0   0   0   0   0   0   0   0   0 100   0   0   0   0   0   0   0   0  1.02 inf
   81 N   -2 -1  7  0 -4 -1 -1  0  1 -4 -4 -1 -1 -4 -3  0 -1 -4 -3 -4    0   0  85   0   0   0   0   6   3   0   0   0   3   0   0   2   1   0   0   0  0.99 inf
   82 I   -2 -4 -4 -4 -2 -4 -4 -5 -4  6  1 -4  0 -1 -4 -3 -1 -4 -2  2    0   0   0   0   0   0   0   0   0  96   2   0   0   0   0   0   1   0   0   0  0.84 inf
   83 I   -2 -3 -4 -4 -2 -2 -3 -4 -3  4  1 -3  7 -1 -4 -3 -2 -3 -2  1    0   0   0   0   0   0   0   0   0  45   3   0  52   0   0   0   0   0   0   0  0.70 inf
   84 H   -1 -1  0 -2 -1  1  0 -2  6 -2 -2  0 -2 -3 -2  1  4 -3 -1 -1    1   1   0   0   1   7   2   0  30   0   0   6   0   0   0   8  41   0   0   4  0.42 inf
   85 K   -2  1 -1 -2 -4  1  0 -3 -2 -4 -4  6 -2 -4 -2 -1 -2 -4 -3 -3    0   0   0   0   0   0   0   0   0   0   0 100   0   0   0   0   0   0   0   0  1.02 inf
   86 T   -1 -3 -2 -3  1 -2 -3 -3 -3  2  0 -2  0 -2 -3 -1  3 -3 -2  4    0   0   0   0   4   0   0   0   0   6   0   0   0   0   0   0  33   0   0  58  0.43 inf
   87 A    2 -1  0 -2 -3  1 -1 -1  7 -3 -3 -1 -2 -3  0  0 -1 -3  0 -2   31   0   1   0   0   5   0   1  50   0   0   0   0   0   5   5   1   0   0   0  0.63 inf
   88 G   -1 -3  0 -2 -3 -2 -3  6 -3 -5 -5 -2 -4 -4 -3  0 -2 -3 -4 -4    0   0   3   0   0   0   0  93   0   0   0   0   0   0   0   4   0   0   0   0  1.29 inf
   89 K   -2  2  0 -1 -4  2  1 -2 -1 -4 -3  6 -2 -4 -2 -1 -1 -4 -3 -3    0   7   1   0   0   7   9   0   0   0   0  77   0   0   0   0   0   0   0   0  0.74 inf
   90 R   -2  7 -1 -3 -4  0 -1 -3 -1 -4 -3  1 -2 -4 -3 -2 -2 -4 -3 -3    2  98   0   0   0   0   0   0   0   0   0   0   0   0   0   0   0   0   0   0  1.24 inf
   91 Y   -3 -3 -3 -4 -4 -2 -3 -4  1 -2 -2 -3 -2  2 -4 -3 -3  1  9 -2    0   0   0   0   0   0   0   0   0   0   0   0   0   0   0   0   0   0 100   0  1.59 inf
   92 V    3 -3 -3 -3 -1 -2 -2 -2 -3  1 -1 -2  0 -2 -2  0  0 -3 -2  4   45   0   0   0   0   0   0   0   0   0   0   0   0   0   0   0   6   0   0  49  0.36 inf
   93 Y   -3 -3 -3 -4 -4 -2 -3 -4  1 -2 -2 -3 -2  2 -4 -3 -3  1  9 -2    0   0   0   0   0   0   0   0   0   0   0   0   0   0   0   0   0   0 100   0  1.59 inf
   94 R   -1  5 -1 -2 -4  1  0 -3 -1 -3 -2  5 -2 -4 -2 -1 -1 -4 -2 -3    2  40   0   0   0   0   0   0   0   0   3  54   0   0   0   0   0   0   0   0  0.70 inf
   95 F   -3 -4 -4 -5 -3 -4 -4 -4 -2 -1  0 -4 -1  8 -5 -3 -3  0  3 -2    0   0   0   0   0   0   0   0   0   0   0   0   0  95   0   0   0   0   5   0  1.30 inf
   96 V   -1 -3 -3 -4 -1 -3 -3 -4 -4  2  1 -3  0 -1 -3 -2  0 -3 -2  5    0   0   0   0   0   0   0   0   0   0   0   0   0   0   0   0   0   0   0 100  0.52 inf

                      K         Lambda
Standard Ungapped    0.1385     0.3209
Standard Gapped      0.0520     0.2670
PSI Ungapped         0.1676     0.3119
PSI Gapped           0.0520     0.2670
