
Last position-specific scoring matrix computed, weighted observed percentages rounded down, information per position, and relative weight of gapless real matches to pseudocounts
           A  R  N  D  C  Q  E  G  H  I  L  K  M  F  P  S  T  W  Y  V   A   R   N   D   C   Q   E   G   H   I   L   K   M   F   P   S   T   W   Y   V
    1 M   -5 -6 -7 -8 -6 -5 -7 -7 -6 -3  0 -6 11 -4 -7 -6 -5 -6 -6 -4    0   0   0   0   0   0   0   0   0   0   6   0  94   0   0   0   0   0   0   0  3.43 inf
    2 Q   -2 -1  3  1 -2  0  3 -3 -3 -4 -5  3  0 -5 -2  1  1 -5 -4 -4    2   2  14   7   1   3  23   1   0   0   0  22   3   0   1  12   9   0   0   0  0.58 inf
    3 T   -2 -3 -1 -2 -4 -3 -1 -3 -1 -3 -4 -2 -3 -5 -3  3  6 -5 -4 -3    3   1   3   2   0   1   4   2   1   1   1   3   1   0   1  19  58   0   0   1  1.12 inf
    4 L   -4 -4 -6 -6 -3 -4 -6 -6 -5  4  4 -4  3  4 -4 -5 -4 -2 -1  0    0   1   0   0   0   0   0   0   0  26  40   1   6  18   1   0   0   0   1   5  1.03 inf
    5 S    3 -2 -1 -4 -5 -2 -4  5 -2 -4 -5  0 -5 -6 -3  2 -3 -6 -4 -5   25   1   3   0   0   1   0  41   1   1   0   7   0   0   1  16   1   0   0   0  0.90 inf
    6 E   -2 -2 -1  4 -6  2  5 -4 -1 -3 -4  1 -4 -6 -4  0 -1 -6 -4 -4    3   2   2  22   0   8  41   1   1   2   1   7   0   0   0   5   3   0   0   1  0.88 inf
    7 R   -6  9 -1 -6 -5 -2 -4 -7 -5 -6 -6 -2 -6 -8 -7 -6 -5 -8 -7 -6    0  93   2   0   0   1   0   0   0   0   0   1   0   0   0   0   1   0   0   0  2.82 inf
    8 L   -3 -6 -7 -7 -5 -6 -7 -7 -7  6  4 -6 -1 -2 -6 -5 -4 -6 -5  2    2   0   0   0   0   0   0   0   0  39  46   0   1   1   0   0   0   0   0  11  1.37 inf
    9 K   -1  4  0 -3 -3  0 -1 -5 -2 -3 -2  6 -1 -5 -5 -2 -4 -6 -5 -4    5  25   4   1   1   3   2   0   1   2   3  50   1   0   0   2   1   0   0   1  1.14 inf
   10 K    1  1 -1  0 -4  2  2 -3  1 -1  0  1 -1 -1 -3  0  0  0  1 -2   12   8   3   4   0  11  17   1   4   3   8   8   2   3   0   5   6   1   5   1  0.19 inf
   11 R    4  4 -4 -5 -2 -3 -3 -4 -4 -1  1  1 -1 -4 -5 -2 -3 -6 -3 -2   42  23   0   0   1   1   1   0   0   3  15   7   1   0   0   1   1   0   1   3  0.75 inf
   12 R   -6  8 -5 -7 -8 -4 -5 -7 -5 -4 -1 -3  5 -7 -7 -6 -6 -7 -3 -6    0  79   0   0   0   0   0   0   0   1   6   0  14   0   0   0   0   0   1   0  2.38 inf
   13 I   -2  1 -1 -1 -5  1  2 -4 -2 -1 -1  5 -2 -5 -4 -2  0 -6 -3 -2    3   6   2   3   0   6  13   1   1   5   7  42   1   0   0   2   5   0   1   2  0.64 inf
   14 A    1  0  0 -1 -5  3  4 -3  3 -3 -1  1 -2 -3 -3 -1 -2 -5 -1 -3   13   4   4   3   0  13  28   0   6   1   6  10   1   1   0   4   2   0   2   2  0.43 inf
   15 L    3  2 -2 -5 -1 -1 -3 -3 -1 -1  3  2  1 -2 -4 -2 -2 -5 -3 -2   25  11   2   0   1   3   0   1   2   3  32  13   3   1   0   2   1   0   0   1  0.46 inf
   16 K   -3  0  3 -1 -6  0 -2  5 -1 -7 -7  3 -6 -7 -5 -2 -4 -6 -6 -4    1   4  13   3   0   4   2  51   2   0   0  18   0   0   0   2   0   0   0   1  1.13 inf
   17 M   -5 -5 -7 -7 -4 -5 -6 -7 -3  1  5 -3  6  1 -7 -6 -4  3  1 -2    0   0   0   0   0   0   0   0   1   7  57   2  19   4   0   0   0   3   4   1  1.31 inf
   18 T   -4 -3  0 -4 -5 -2 -4 -4 -3 -6 -5 -1 -5 -6 -5  4  6 -7 -4 -5    0   1   4   1   0   1   1   1   1   0   0   4   0   0   0  32  55   0   0   0  1.51 inf
   19 Q   -4 -2 -5 -5 -8  9 -2 -4 -5 -6 -5 -2 -2 -8 -6 -4 -4 -7 -7 -5    1   1   0   0   0  88   2   1   0   0   1   2   1   0   0   1   1   0   0   1  2.71 inf
   20 T    2  0 -1  0 -3  2  2  0 -1 -3 -2  2 -2 -4 -2  1  0 -4 -2  0   17   4   2   5   0  11  12   5   1   1   3  14   0   0   1   8   7   0   1   7  0.22 inf
   21 E    2 -2 -2  3 -6  5  4 -3 -1 -5 -5  0 -3 -5 -4 -1 -2 -4 -4 -4   16   1   1  14   0  23  28   1   1   0   0   5   0   0   0   4   2   0   0   1  0.80 inf
   22 L   -2 -6 -7 -8 -5 -6 -7 -8 -7  0  6 -7 -1 -1 -7 -6 -5 -6 -5  1    3   0   0   0   0   0   0   0   0   3  82   0   1   2   0   0   0   0   0   9  1.70 inf
   23 A    7 -6 -6 -6 -5 -5 -3  0 -6 -5 -6 -5 -5 -7 -5  0 -4 -7 -4 -3   83   0   0   0   0   0   1   8   0   0   0   0   0   0   0   5   1   0   1   2  1.83 inf
   24 T   -1  2 -1  2 -6  1  4 -4  0 -4 -4  3 -4 -4 -4 -1 -2 -6 -5 -3    6  11   2  13   0   5  29   1   2   0   1  22   0   1   0   4   2   0   0   1  0.68 inf
   25 K    2  3 -2 -3 -1  0 -1 -4 -2 -2  1  4  2 -4 -4 -1 -2 -3 -3 -1   19  16   1   0   1   3   2   0   1   1  12  28   6   0   0   3   1   0   1   3  0.49 inf
   26 A    2 -5 -5 -5 -1 -5 -5 -4 -5  3  1 -5  0 -2 -5  1 -1 -5 -4  4   21   0   0   0   1   0   0   1   0  15  14   0   2   1   0  10   3   0   0  32  0.68 inf
   27 G   -4 -2  0 -2 -4 -3 -4  7 -4 -8 -8 -2 -7 -6 -6 -2 -6 -7 -5 -7    0   2   5   2   0   1   1  82   0   0   0   2   0   0   0   2   0   0   0   0  1.99 inf
   28 V   -3 -4 -6 -7 -3 -6 -6 -7 -6  4  0 -4  2 -2 -6 -4  0 -2 -3  6    1   1   0   0   0   0   0   0   0  25   8   1   5   1   0   1   5   0   1  50  1.22 inf
   29 K    0 -1 -1 -2 -5 -2 -3 -1 -3 -5 -6  1 -5 -6 -1  5  3 -6 -2 -4    7   3   3   1   0   2   1   3   0   0   0  10   0   0   2  49  17   0   2   0  0.88 inf
   30 Q   -1  3 -3 -2 -6  7 -3 -5  2 -5 -4  2 -4 -5  0 -1 -2 -3 -3 -4    4  15   1   2   0  47   0   1   4   1   1  11   0   0   6   3   3   0   1   1  1.12 inf
   31 Q    1 -2 -1 -3 -5  4 -3  0 -4 -4 -5 -2 -2 -5  3  2  1 -6 -5  2   12   1   2   1   0  21   0   7   0   0   0   1   1   0  14  19   7   0   0  13  0.57 inf
   32 S    4 -4 -3 -4 -4 -3 -4 -3 -3 -4 -4 -4 -2 -2 -3  4  4 -6 -3 -1   33   1   1   0   0   1   0   2   0   0   1   0   1   2   1  29  24   0   1   3  0.86 inf
   33 I   -4 -7 -7 -7 -2 -7 -7 -8 -7  7  0 -7 -2 -3 -7 -6 -5  0  1  4    0   0   0   0   1   0   0   0   0  56   7   0   0   1   0   0   0   2   5  29  1.62 inf
   34 Q    1 -3  1 -3 -3  3 -2  0  1 -3 -5 -3 -4 -2 -5  5  1  2 -2 -3   10   0   6   1   0  14   1   6   3   1   1   0   0   2   0  41   8   3   1   1  0.69 inf
   35 L   -1  2  2  1 -5  4 -1 -2  0 -5 -4  4 -1 -2 -4  0 -2 -5  0 -4    5   9  10   7   0  20   2   2   2   0   1  26   2   2   0   5   1   0   4   0  0.57 inf
   36 I   -2 -7 -8 -8 -6 -6 -7 -7 -6  4  2 -7  0 -3 -7 -7 -6 10  3 -1    3   0   0   0   0   0   0   0   0  26  21   0   2   0   0   0   0  36   9   3  1.93 inf
   37 E   -4 -4 -5 -3 -1 -3  7 -7 -5 -3 -1 -4 -4 -5 -6 -4 -2 -7 -7 -2    1   0   0   0   1   0  83   0   0   1   6   0   0   0   0   1   2   0   0   3  2.02 inf
   38 A   -1  2  4 -1 -1  0 -3 -3 -1 -4 -3  1 -4 -5 -4  3  2 -6 -4 -3    5  13  20   2   1   4   0   1   1   1   3   9   0   0   0  27  11   0   0   1  0.59 inf
   39 G   -3 -3  0  1 -6 -5 -2  7 -6 -7 -7 -4 -6 -7 -5 -2 -4 -7 -7 -5    2   2   5   8   0   0   3  76   0   0   0   1   0   0   0   2   1   0   0   1  1.81 inf
   40 V   -1  2  0  0 -4  0  1 -2 -1  0 -1  4 -2 -3 -3  0  1 -4 -3 -1    3  13   3   6   0   4   9   2   1   6   6  26   1   1   0   5  10   0   1   4  0.29 inf
   41 T    1  1  2 -3 -2 -2 -1 -3 -2 -2 -4 -2 -2 -5 -3  2  5 -5 -2 -1   13   7  11   1   1   1   3   1   1   2   1   2   1   0   1  12  38   0   1   4  0.62 inf
   42 K    0  1  0 -1 -2  1  0 -2 -1 -2 -1  3 -1 -4  4  0 -1 -5 -3 -3    6   6   5   3   1   7   6   3   2   2   7  23   1   1  19   5   4   0   0   1  0.36 inf
   43 R   -2  3  2 -1 -5  1 -1  1 -2 -4 -4  2 -2 -4  2  1 -1 -3 -3 -3    2  18  11   3   0   5   3  10   1   1   1  16   1   0  10  13   4   0   1   2  0.40 inf
   44 P   -1 -3 -2  0 -5 -3 -3  2 -1 -2 -4 -1 -1 -5  4  3  2  0 -4 -3    4   1   2   4   0   1   0  13   1   2   1   3   2   0  23  26  14   1   0   2  0.61 inf
   45 R    0  4  0  2 -2  0  2  0 -2 -4 -4  2 -1 -5 -3  1  0 -3 -4 -4    6  22   3  11   1   3  12   7   1   0   1  13   1   0   1  10   7   0   0   1  0.40 inf
   46 F   -1  1  5 -2 -5 -1 -2 -4  3 -4 -4  3 -2  1 -4  0  0 -4  3 -3    4   6  26   1   0   3   2   0   8   1   1  17   1   6   0   7   7   0  10   1  0.58 inf
   47 L   -2 -5 -5 -7 -5 -6 -6 -6 -6  5  5 -5  1 -2 -6 -4 -1 -6 -5  0    3   0   0   0   0   0   0   1   0  28  54   1   3   1   0   1   4   0   0   5  1.18 inf
   48 F   -1 -1 -1 -2 -2 -1 -1 -3  1  2  1 -1  1  1  1 -2 -1 -2 -1  2    5   4   3   2   1   2   4   1   3  11  17   3   4   8   7   2   2   0   2  19  0.15 inf
   49 E    2  1 -1  1 -4  2  3 -2 -2 -3 -3  3 -2 -5 -1 -1 -2 -3 -3 -3   19   8   3   7   0   8  19   3   0   1   3  19   1   0   3   4   1   0   0   1  0.39 inf
   50 I   -3 -6 -7 -7 -5 -6 -7 -7 -7  6  5 -6  1 -1 -7 -6 -5 -6 -5  0    2   0   0   0   0   0   0   0   0  40  49   0   3   2   0   0   0   0   0   4  1.49 inf
   51 A    7 -6 -6 -6  2 -5 -4 -4 -6 -6 -6 -3 -5 -4 -5  2 -2 -7 -6 -3   78   0   0   0   4   0   1   0   0   0   0   1   0   1   0  12   2   0   0   2  1.72 inf
   52 M    0  2  2  1 -5  2  1 -2  0 -3 -3  4 -3 -3 -4  0  0 -5 -4 -3    6  12  10   8   0   9   9   2   2   1   2  25   0   1   0   7   4   0   0   2  0.41 inf
   53 A    5 -5 -4 -5  0 -3 -1 -3 -3  1 -1 -3 -4  0 -5 -1 -2 -3 -2  2   54   0   0   0   2   1   3   1   0   9   4   1   0   4   0   2   2   0   1  15  0.86 inf
   54 L   -5 -4 -8 -8  2 -6 -7 -8 -7 -3  6 -7 -1  0 -7 -7 -3 -6 -1 -3    1   1   0   0   4   0   0   0   0   0  86   0   1   4   0   0   1   0   2   0  1.86 inf
   55 N   -3  1  4  2 -4  1 -1  5  0 -6 -6  1 -3 -6 -5 -1 -3 -6 -4 -6    1   6  17   9   0   6   4  39   2   0   0  10   0   0   0   4   0   0   0   0  0.82 inf
   56 C   -3 -7 -7 -7  7 -4 -7 -5 -7  2 -3 -5 -2 -5 -6 -4  1 -7 -6  6    1   0   0   0  20   1   0   1   0   8   1   0   1   0   0   1   7   0   0  59  1.63 inf
   57 D   -3  0  3  4 -5 -2 -1 -4 -3 -5 -6 -2 -4 -5 -2  4  3 -6 -5 -5    1   6  14  21   0   1   3   0   0   0   0   1   0   0   2  34  16   0   0   0  0.86 inf
   58 P    2 -3 -5 -5 -4 -2 -2 -5 -5 -1  0 -4 -3 -2  6 -2  0 -6 -4  1   17   1   0   0   0   1   2   0   0   3   8   0   0   2  44   3   5   0   0  11  1.03 inf
   59 V    0 -1  1  4 -5  1  4 -3  1 -2 -2 -1 -2 -2 -4  0  0 -5 -1 -2    7   3   6  21   0   5  28   1   3   3   5   2   1   1   0   5   5   0   2   3  0.42 inf
   60 W   -6 -6 -8 -3 -7 -4 -1 -8 -4 -5 -6 -7 -3  0 -8 -7 -5 12  5 -6    0   0   0   2   0   1   5   0   0   1   0   0   1   3   0   0   1  68  17   0  3.42 inf
   61 L   -6 -6 -8 -8 -6 -6 -5 -8 -7  1  7 -7 -1 -2 -7 -7 -5 -6 -3 -3    0   0   0   0   0   0   1   0   0   6  91   0   1   1   0   0   0   0   1   0  2.00 inf
   62 Q    1 -2 -4 -2 -4  1  0 -3 -2  1  3 -1  3 -2 -4  0 -2 -2 -2  0   14   1   0   2   0   7   7   1   1   6  34   4   8   0   0   7   1   0   1   4  0.31 inf
   63 Y   -2 -2  1  0 -4 -3  0 -3  0 -3 -2 -2 -2  2 -3  1  5 -4  3 -3    1   2   8   5   0   0   5   1   3   0   3   2   1  11   1   9  35   0  12   1  0.55 inf
   64 G   -4 -7 -3 -4 -7 -6 -7  8 -7 -8 -8 -6 -7 -8 -7 -5 -4 -7 -8 -8    0   0   1   1   0   0   0  97   0   0   0   0   0   0   0   0   1   0   0   0  2.68 inf
   65 T   -3 -1 -1  0 -5 -1  4 -3 -2  2 -3  3 -3 -3 -4  0  2 -5 -4 -2    0   2   2   5   0   0  29   1   1  12   1  24   0   1   0   8  13   0   0   1  0.55 inf
   66 K   -3  0 -3 -1 -6  3  7 -5 -3 -6 -5  2 -4 -6 -4 -3 -3 -5 -5 -5    0   4   0   0   0  11  73   0   0   0   0  13   0   0   0   0   0   0   0   0  1.50 inf

                      K         Lambda
Standard Ungapped    0.1315     0.3215
Standard Gapped      0.0542     0.2670
PSI Ungapped         0.1747     0.3105
PSI Gapped           0.0542     0.2670
