
Last position-specific scoring matrix computed, weighted observed percentages rounded down, information per position, and relative weight of gapless real matches to pseudocounts
           A  R  N  D  C  Q  E  G  H  I  L  K  M  F  P  S  T  W  Y  V   A   R   N   D   C   Q   E   G   H   I   L   K   M   F   P   S   T   W   Y   V
    1 M   -1 -3 -4 -4 -2 -3 -3 -4 -3  3  2 -3  3 -1 -3 -3 -1 -3 -2  4    0   0   0   0   0   0   0   0   0  17  22   0  16   0   0   0   0   0   0  45  0.45 inf
    2 A    2 -3 -1 -2 -2 -2 -2  3 -3 -3 -4 -1 -3 -4 -3  3  2 -4 -3 -2   23   0   1   0   1   0   0  28   0   0   0   3   0   0   0  28  15   0   0   1  0.57 inf
    3 R   -2  1 -3 -4 -4 -1 -3 -4 -4  0  0 -1 -2 -4  6 -2 -2 -5 -4  3    1  10   1   0   0   2   0   0   0   4   7   3   0   0  45   1   1   0   0  26  0.95 inf
    4 P    2 -4 -4 -4 -5 -4 -4 -4 -5 -5 -5 -3 -5 -6  8 -2  0 -6 -5 -4   18   0   0   0   0   0   0   0   0   0   0   0   0   0  74   1   7   0   0   0  2.00 inf
    5 A    3 -5 -4 -4 -5 -4 -4 -4 -5 -5 -4 -4 -5 -6  8 -1 -2 -6 -5 -4   25   0   0   0   0   0   0   0   0   0   1   0   0   0  70   2   1   0   0   0  1.97 inf
    6 F   -6 -6 -6 -7 -6 -7 -7 -7 -5 -3 -3 -7 -3  9 -7 -6 -5 -2  0 -4    0   0   0   0   0   0   0   0   0   0   0   0   0 100   0   0   0   0   0   0  2.82 inf
    7 V   -3 -5 -6 -6 -3 -5 -5 -6 -5  1  5 -5  0 -2 -5 -4 -3 -4 -3  3    0   0   0   0   0   0   0   0   0   4  73   0   0   0   0   1   0   0   0  23  1.17 inf
    8 N    0  0  2 -2 -2  0 -2 -2  0 -1 -1  0  1 -3 -3  1  4 -1 -3 -1    9   5  13   0   0   5   0   2   2   2   5   5   5   0   0  12  30   1   0   3  0.28 inf
    9 K   -4 -1 -3 -4 -6 -2 -2 -5 -4 -6 -6  8 -5 -6 -4 -3 -4 -6 -5 -5    0   0   0   0   0   0   0   0   0   0   0 100   0   0   0   0   0   0   0   0  2.20 inf
   10 L   -3 -4 -3 -4  2 -4 -4 -5 -5  0  3 -4 -2 -3 -4 -2  6 -5 -4  0    0   0   0   0   4   0   0   0   0   3  29   0   0   0   0   0  58   0   0   5  0.99 inf
   11 W   -5 -4 -4 -6 -6 -5 -5 -6 -1 -4 -4 -5 -4  4 -6 -5 -5  8  9 -4    0   1   0   0   0   0   0   0   1   0   0   0   0  15   0   0   0  17  65   0  2.28 inf
   12 S   -2  0  2  4 -4  2  3 -3 -1 -4 -4  0 -1 -5 -3  1  0 -5 -4 -4    1   4   8  25   0  12  25   1   1   0   1   5   2   0   0  11   5   0   0   0  0.58 inf
   13 M   -3 -5 -6 -6 -4 -4 -5 -6 -5  2  3 -5  9 -2 -6 -5 -4 -5 -4 -1    1   0   0   0   0   0   0   0   0   8  23   0  65   0   0   0   0   0   0   2  1.82 inf
   14 V   -3 -5 -6 -6 -4 -5 -5 -6 -6  1  0 -5 -2 -4 -5 -5 -3 -6 -4  7    0   0   0   0   0   0   0   0   0   3   6   0   0   0   0   0   0   0   0  91  1.71 inf
   15 N   -2 -3  3  6 -2 -1  4 -2 -2 -5 -5 -2 -5 -5 -4  0 -3 -6 -5 -4    1   0  17  42   1   0  28   2   1   0   0   0   0   0   0   7   0   0   0   1  1.01 inf
   16 D   -5 -5 -2  8 -7 -3  0 -5 -4 -6 -7 -4 -6 -7 -5 -3 -4 -8 -6 -5    0   0   0  97   0   0   3   0   0   0   0   0   0   0   0   0   0   0   0   1  2.45 inf
   17 K   -1  0 -2 -2 -3 -1 -1 -3 -1 -4 -4 -1 -4 -5  7  1 -2 -6 -5 -3    6   6   1   2   0   2   3   1   2   0   1   3   0   0  61   9   2   0   0   2  1.38 inf
   18 S    2 -1  0  0 -2  0  0 -1 -1 -2 -2 -1 -1 -3 -3  3  1 -4 -3 -2   23   3   5   5   0   3   7   2   1   1   2   1   1   0   0  34  10   0   0   2  0.36 inf
   19 N   -2 -4  2 -3 -3 -3 -3 -4 -1 -1 -2 -3 -3 -2 -4  0  6 -3  0 -2    1   0  11   0   0   0   0   0   1   3   2   0   0   2   0   5  68   0   4   1  1.09 inf
   20 E   -3 -3  3  7 -3  1  0 -3  0 -5 -5 -2 -5 -6 -4 -1 -2 -6 -5 -5    1   1  15  65   0   6   3   0   2   0   1   1   0   0   0   4   1   0   0   0  1.35 inf
   21 K    1 -1  1  3 -3 -1  1 -1  4 -4 -4  0 -2 -4  1  1 -1 -3 -2 -3   13   2   7  22   0   1  10   4  14   0   1   4   1   0   7  12   2   0   0   0  0.40 inf
   22 F   -3 -4 -5 -5 -3 -4 -5 -5 -3  4  3 -4  1  0 -5 -4 -2 -4  0  4    0   0   0   0   0   0   0   0   1  31  27   0   2   3   0   0   1   0   4  31  0.76 inf
   23 I   -3 -5 -6 -6 -2 -5 -5 -6 -6  6 -1 -5  0 -3 -5 -5 -3 -5 -4  5    0   0   0   0   1   0   0   0   0  54   1   0   1   0   0   0   0   0   0  44  1.39 inf
   24 H    0  3 -2 -3  2 -1 -3 -2  1 -5 -5 -2 -3 -4 -4  6 -1 -5 -3 -4    4  14   1   0   5   2   0   1   3   0   0   1   0   0   0  67   1   0   1   0  1.01 inf
   25 W   -7 -7 -8 -9 -6 -6 -7 -7 -7 -7 -6 -7 -6 -3 -8 -7 -7 13 -2 -7    0   0   0   0   0   0   0   0   0   0   0   0   0   0   0   0   0 100   0   0  4.82 inf
   26 S    0 -3  3 -2 -4 -3 -3  3 -1 -5 -4 -3 -3 -5 -3  5  0 -5 -3 -4    5   0  15   0   0   0   0  19   1   0   1   0   1   0   0  54   4   0   0   0  0.86 inf
   27 T    1  1 -1  2 -3  1  2 -2 -1 -3 -3  0 -2 -3  3  1 -1 -4 -2 -3   12   9   1  13   0   6  17   2   1   1   1   4   1   1  14  11   2   0   2   1  0.32 inf
   28 S    1 -2  2  3 -3 -2 -1  2 -1 -3 -4 -2 -3 -4 -2  2  2 -5 -3 -3   14   1   9  22   0   0   2  14   1   1   0   1   0   0   1  20  13   0   0   1  0.42 inf
   29 G   -2  0  4 -2 -5 -3 -3  6 -2 -6 -6 -2 -5 -5 -4 -1 -3 -5 -4 -5    0   6  22   2   0   0   1  63   1   0   0   2   0   0   0   2   0   0   0   0  1.25 inf
   30 E   -1  0  5  2 -3 -1  0 -2 -1 -3 -3  2 -3 -4 -3  1  2 -5 -3 -3    3   4  34  12   0   2   3   2   1   1   2  13   0   1   0   7  14   0   0   1  0.52 inf
   31 S   -1 -4 -2 -3 -4 -3 -3 -2 -4 -5 -4 -3 -4 -5 -4  7  2 -6 -5 -3    3   0   0   0   0   0   0   1   0   0   1   0   0   0   0  80  14   0   0   1  1.40 inf
   32 I   -6 -6 -6 -7 -6 -7 -7 -7 -5 -2 -2 -7 -3  9 -7 -6 -5 -2  0 -4    0   0   0   0   0   0   0   0   0   2   2   0   0  97   0   0   0   0   0   0  2.68 inf
   33 V   -2 -3 -5 -5 -3 -1 -4 -5  0  4  0 -4 -1  1 -5 -3 -2 -4 -1  5    0   1   0   0   0   3   0   0   3  23   4   0   1   7   0   2   1   0   1  53  0.81 inf
   34 V   -3 -5 -6 -6 -4 -5 -5 -5 -6  3 -2 -5 -2 -4 -5 -5 -3 -6 -4  7    0   0   0   0   0   0   0   1   0  10   1   0   0   0   0   0   0   0   0  88  1.67 inf
   35 P   -2 -2 -3 -6  1 -3 -3 -5  0 -3  0 -3 -3  0 -1 -2 -2 11 -1 -2    3   3   1   0   3   1   2   0   3   1   8   2   0   4   4   3   3  57   1   3  1.90 inf
   36 N   -4  0  5  6 -6  0  0 -3  0 -6 -6  0 -5 -6 -4 -2 -3 -6 -4 -5    0   6  34  46   0   3   2   1   1   0   0   6   0   0   0   1   0   0   0   0  1.19 inf
   37 R   -1  1 -2 -3 -2  2 -2 -4  2 -2 -3 -1 -1 -5  6  0  0 -5 -3 -2    4   9   1   0   1   9   1   0   7   2   2   1   2   0  47   6   5   0   0   2  0.95 inf
   38 E    1 -2 -1 -1 -3  1  2 -2  5 -3 -2 -2 -1 -2  3 -1  1 -4 -1 -2   14   0   2   1   0   5  19   2  16   0   4   0   1   1  17   3   8   0   1   3  0.39 inf
   39 R    1  2 -1  2 -3  2  4 -2 -1 -3 -3  1 -3 -4 -3 -1 -1 -5 -4 -2   14  11   1  10   0   7  38   1   1   1   1   7   0   0   0   3   2   0   0   3  0.50 inf
   40 F   -5 -6 -6 -7 -6 -6 -7 -7 -5 -3  0 -6 -3  9 -7 -6 -5 -2  0 -3    0   0   0   0   0   0   0   0   0   0   6   0   0  94   0   0   0   0   0   1  2.55 inf
   41 V    4 -3 -3 -3 -1 -2 -1 -1 -3 -3 -3 -3  0 -4 -3  4  0 -2 -4  0   47   0   0   0   1   0   4   2   0   0   1   0   2   0   0  34   2   0   0   6  0.73 inf
   42 Q    0  5 -2 -2 -4  2 -1 -3  2 -2 -3  3 -1 -4 -3 -1  0 -4 -1 -2    6  38   0   1   0   8   1   1   6   3   1  19   1   0   0   3   7   0   2   3  0.56 inf
   43 E   -2 -1  0  4 -4  0  3 -1  1 -2 -1 -1 -2 -3 -3 -1  1 -5 -3  0    0   3   3  33   0   3  20   3   4   2   5   2   0   0   0   4   9   0   1   8  0.42 inf
   44 V   -3 -4 -5 -5 -2 -4 -5 -6 -3  3  5 -4  1 -1 -4 -4 -3 -4 -3  3    0   0   0   0   0   0   0   0   1  18  55   0   2   1   0   0   0   0   0  22  0.91 inf
   45 L   -4 -5 -6 -7 -4 -5 -6 -7 -6 -1  7 -5 -1 -2 -6 -5 -4 -5 -4 -1    0   0   0   0   0   0   0   0   0   0  99   0   0   0   0   0   0   0   0   1  1.75 inf
   46 P   -3 -4 -5 -5 -6 -5 -4 -3 -3 -6 -6 -4 -6 -7  9 -2 -4 -7 -6 -6    1   1   0   0   0   0   0   2   1   0   0   0   0   0  94   2   0   0   0   0  2.85 inf
   47 K   -1  5  1 -3 -2  0 -1 -4  0 -4 -2  5 -2 -5 -3 -1  0 -5 -4 -3    3  32   5   0   1   3   2   0   2   0   3  38   1   0   0   2   7   0   0   1  0.75 inf
   48 Y   -5 -2 -1 -5 -2 -4 -5 -6  5 -3 -2 -4 -4  4 -6 -4 -4  3  8 -4    0   2   3   0   1   0   0   0  14   1   2   0   0  13   0   0   0   4  60   0  1.72 inf
   49 F   -6 -6 -6 -7 -6 -6 -7 -7 -4 -3 -2 -6 -3  9 -7 -6 -5 -2  2 -4    0   0   0   0   0   0   0   0   0   0   1   0   0  94   0   0   0   0   5   0  2.62 inf
   50 K   -4 -1 -2 -4 -6 -2 -2 -5 -4 -6 -6  8 -5 -6 -4 -3 -4 -6 -5 -6    0   0   1   0   0   0   1   0   0   0   0  98   0   0   0   0   0   0   0   0  2.18 inf
   51 H   -5 -4 -3 -5 -7 -3 -4 -6 11 -7 -7 -4 -5 -5 -6 -5 -5 -6 -2 -7    0   0   0   0   0   0   0   0 100   0   0   0   0   0   0   0   0   0   0   0  3.56 inf
   52 S   -2 -2  7 -1 -1 -1 -3 -1 -2 -6 -6 -2 -5 -6 -4  4 -2 -6 -5 -5    3   1  60   0   1   1   0   2   0   0   0   1   0   0   0  28   0   0   0   0  1.32 inf
   53 N   -5 -3  9 -2 -6 -3 -3 -4 -1 -7 -7 -2 -5 -6 -5 -2 -2 -7 -5 -6    0   0  95   0   0   0   0   0   1   0   0   1   0   0   0   0   2   0   0   0  2.42 inf
   54 F   -5 -6 -6 -7 -6 -6 -6 -6 -4 -3 -2 -6  2  9 -7 -5 -5  1  1 -4    0   0   0   0   0   0   0   0   0   0   1   0   6  89   0   0   0   2   1   0  2.40 inf
   55 A    3 -4 -2 -3 -3 -1 -3 -2 -3 -5 -5 -3 -4 -5 -3  6  0 -6 -4 -4   23   0   0   0   0   2   0   0   0   0   0   0   0   0   0  72   2   0   0   0  1.28 inf
   56 S   -2 -4 -2 -3 -4 -3 -3 -3 -4 -6 -6 -3 -5 -6 -4  7 -1 -6 -5 -5    0   0   0   0   0   0   0   0   0   0   0   0   0   0   0  98   2   0   0   0  1.94 inf
   57 F   -6 -6 -7 -7 -6 -7 -7 -7 -5 -3 -3 -7 -3  9 -7 -6 -6 -2  0 -4    0   0   0   0   0   0   0   0   0   0   0   0   0 100   0   0   0   0   0   0  2.86 inf
   58 V   -3 -5 -6 -6 -4 -5 -5 -6 -6  4 -1 -5  0 -3 -5 -4 -3 -5 -4  7    0   0   0   0   0   0   0   0   0  21   2   0   1   0   0   0   0   0   0  76  1.47 inf
   59 R   -5  8 -4 -5 -7 -2 -3 -6 -1 -6 -5 -1 -5 -6 -5 -4 -4 -6 -5 -6    0  97   0   0   0   0   0   0   1   0   0   1   0   0   0   0   1   0   0   0  2.42 inf
   60 Q   -4 -2 -3 -4 -7  9 -1 -5 -3 -6 -4 -2 -4 -7 -5 -4 -4 -6 -5 -6    0   0   0   0   0  99   0   0   0   0   1   0   0   0   0   0   0   0   0   0  2.61 inf
   61 L   -4 -5 -6 -7 -4 -5 -6 -7 -6 -1  7 -5 -1 -2 -6 -5 -4 -5 -4 -1    0   0   0   0   0   0   0   0   0   0  99   0   0   0   0   0   0   0   0   1  1.74 inf
   62 N   -5 -4  9 -1 -6 -3 -4 -4 -3 -7 -7 -3 -6 -7 -5 -3 -3 -7 -6 -6    0   0  99   1   0   0   0   0   0   0   0   0   0   0   0   0   0   0   0   0  2.61 inf
   63 M   -3 -4 -3 -4 -4 -2 -4 -5 -4  0 -2 -2  7 -4 -4 -2  6 -5 -4 -2    0   0   0   0   0   1   0   0   0   5   0   2  30   0   0   0  60   0   0   0  1.40 inf
   64 Y   -5 -5 -6 -7 -6 -5 -6 -7 -2 -5 -5 -5 -5  0 -7 -5 -5 -1 10 -5    0   0   0   0   0   0   0   0   0   0   0   0   0   0   0   0   0   0 100   0  3.15 inf
   65 G   -3 -3 -3 -1 -6 -5 -5  7 -5 -7 -7 -4 -6 -6 -5 -3 -4 -6 -6 -6    0   2   0   4   0   0   0  94   0   0   0   0   0   0   0   0   0   0   0   0  2.10 inf
   66 W   -6 -6 -6 -7 -6 -6 -7 -6 -5 -3 -3 -6 -3  9 -7 -6 -5  6  0 -4    0   0   0   0   0   0   0   0   0   0   0   0   0  90   0   0   0   9   1   0  2.62 inf
   67 H   -4  7 -2 -4 -6 -2 -3 -5  7 -6 -5  1 -4 -5 -5 -4 -4 -6 -3 -6    0  65   1   0   0   0   0   0  28   0   0   7   0   0   0   0   0   0   0   0  1.82 inf
   68 K   -4 -1 -3 -4 -6 -2 -2 -5 -4 -6 -6  8 -5 -6 -4 -3 -4 -6 -5 -6    0   0   0   0   0   0   0   0   0   0   0 100   0   0   0   0   0   0   0   0  2.25 inf
   69 V   -3 -5 -5 -5 -3 -5 -5 -6 -5  5 -1 -5  0 -3 -5 -4 -2 -5 -4  6    0   0   0   0   0   0   0   0   0  31   2   0   2   0   0   0   1   0   0  62  1.26 inf
   70 Q    0  0  1  0 -1  2  0 -1  1  0 -1  0  0 -1  2  0  0 -1 -1  1    5   6   7   4   1  11   4   4   4   3   5   6   2   2  10   4   4   1   2  16  0.08 inf
   71 N    0  0  2  1  0  0  0 -1  3 -1 -1  0 -1 -1  0  0  0 -1  0 -1    8   3  12   9   2   3   4   4  13   3   6   5   1   2   4   7   7   1   2   4  0.10 inf
   72 N   -2 -3  2  6 -4 -2  2 -2 -2  0 -3 -2 -3 -4 -2  0 -1 -4 -4 -3    2   1   7  53   0   1  11   2   0   7   2   1   0   0   1   7   2   0   0   1  0.83 inf
   73 D   -2 -1  0  1 -4 -1  0 -3 -1 -4 -4 -1 -4 -5  6  0  1 -5 -4 -3    2   2   4   9   0   2   6   0   1   0   1   4   0   0  49   8   9   0   0   2  1.01 inf
   74 S   -3 -3 -1  7 -5  1  4 -2 -3 -5 -5 -2 -5 -5 -4 -1 -3 -5 -5 -5    0   0   0  58   0   5  27   2   0   0   0   0   0   0   0   5   0   0   0   0  1.34 inf
   75 R   -1  6 -2 -2 -2  2 -1 -4  0  0 -1  2 -2 -2 -3 -2 -2 -4 -3 -2    4  50   1   2   1   8   2   0   2   6   5  11   1   1   1   0   1   0   0   2  0.71 inf
   76 W   -6 -7 -5 -8 -1 -4 -7 -6 -6 -5 -4 -7 -1 -2 -8 -7 -4 13 -2 -5    0   0   0   0   2   1   0   0   0   1   1   0   2   0   0   0   1  92   0   1  4.18 inf
   77 E   -4 -3 -1 -1 -7  2  7 -5 -2 -6 -6 -1 -5 -6 -4 -3 -4 -6 -5 -3    0   0   3   0   0   8  86   0   1   0   0   1   0   0   0   0   0   0   0   2  1.81 inf
   78 F   -6 -6 -6 -7 -6 -7 -7 -7 -4 -3 -3 -7 -3  9 -7 -6 -5  3  1 -4    0   0   0   0   0   0   0   0   0   0   0   0   0  95   0   0   0   3   2   0  2.69 inf
   79 E    5 -1 -3 -3 -1 -1  1 -1 -2 -3 -3 -1 -2 -2 -3  1 -1 -5 -3 -3   61   2   0   0   1   2  11   3   1   0   1   2   0   2   0  12   1   0   0   0  0.72 inf
   80 N   -4 -3  8 -2 -6 -2 -3 -4  7 -6 -7 -3 -5 -6 -5 -2 -3 -7 -4 -6    1   0  75   0   0   0   0   0  24   0   0   0   0   0   0   1   0   0   0   0  2.12 inf
   81 E   -3 -3 -3  3 -6  0  6 -4 -3 -6 -5 -2 -5 -6  4 -2 -3 -6 -5 -5    1   0   0  13   0   3  60   0   0   0   0   0   0   0  22   1   1   0   0   0  1.31 inf
   82 R   -2  3 -1  0 -4  2  4 -3 -1 -4 -3  4 -2 -4 -2 -1 -1 -4 -3 -3    0  16   0   0   0   4  47   0   0   0   0  33   0   0   0   0   0   0   0   0  0.66 inf

                      K         Lambda
Standard Ungapped    0.1306     0.3195
Standard Gapped      0.0643     0.2670
PSI Ungapped         0.2103     0.3136
PSI Gapped           0.0643     0.2670
