
Last position-specific scoring matrix computed, weighted observed percentages rounded down, information per position, and relative weight of gapless real matches to pseudocounts
           A  R  N  D  C  Q  E  G  H  I  L  K  M  F  P  S  T  W  Y  V   A   R   N   D   C   Q   E   G   H   I   L   K   M   F   P   S   T   W   Y   V
    1 M   -2 -3 -4 -4 -2 -2 -3 -4 -3  2  4 -3  5  0 -3 -3 -2 -2 -2  1    0   0   0   0   0   0   0   0   0   7  52   0  36   0   0   0   0   0   0   5  0.58 inf
    2 K    0  1  2 -1 -3  4  0 -2 -1 -3 -3  4 -1 -4  3  0 -1 -4 -3 -3    7   2  12   0   0  24   1   0   0   0   0  35   2   0  14   2   0   0   0   0  0.53 inf
    3 N   -1 -1  5  1 -3  1 -1 -1 -1 -4 -4 -1 -2 -4  0  3  0 -4 -3 -3    2   1  36   5   0   8   1   1   0   0   0   2   1   0   4  36   4   0   0   0  0.58 inf
    4 G    2 -1  0  0 -2  0 -1  4 -1 -3 -3  0 -1 -3 -1  1  0 -3 -3 -2   22   2   3   5   0   5   1  35   1   0   0   3   2   0   1  15   5   0   0   0  0.40 inf
    5 E    0  0  2  2 -3  1  1  0  0 -3 -3  0 -2 -2  0  2  0 -4 -2 -2    8   3  13  10   0   7  12   4   2   0   1   2   0   2   4  26   6   0   0   1  0.26 inf
    6 Q    0  3  1  0 -2  2  1  1  0 -3 -3  1 -2 -3  1  1 -1 -3 -2 -2    5  22   7   6   0  10   6   9   2   0   0   7   0   1   8  12   2   0   1   1  0.26 inf
    7 N    0  3  2 -1 -3  0 -1  1 -1 -3 -2  1 -1 -3 -1  2  0 -3 -2 -2    5  25  10   1   0   4   1  10   1   1   3   9   2   0   2  21   5   0   0   1  0.26 inf
    8 G    1 -1  0  0 -2  0  0  2 -1 -1 -1 -1 -1 -3  1  1  1 -3 -2  0   20   0   6   3   0   3   6  16   1   1   3   2   2   0   7  12  10   0   0   8  0.15 inf
    9 P    0 -2 -1  0 -2  1 -1  3 -2 -3 -3 -1 -2 -4  5  0  0 -4 -3 -2    5   1   1   5   0   7   0  33   0   0   1   3   1   0  30   8   4   0   0   2  0.62 inf
   10 T   -1 -1 -2 -3 -2 -2 -2 -3 -3  1  1 -2  0 -2  4  0  4 -3 -2  0    0   4   1   0   0   0   0   0   0   8  17   0   1   0  20   2  39   0   0   7  0.42 inf
   11 T    0  0 -1 -2  1  1  0 -2 -2  1 -1  0  0 -2 -2  1  3 -3 -1  1    2   6   0   0   4  10   7   0   0   7   2   4   2   0   0  13  26   0   1  17  0.16 inf
   12 C   -2 -5 -5 -5 11 -5 -6 -4 -5 -3 -3 -5 -3 -4 -5 -3 -3 -4 -4 -3    0   0   0   0 100   0   0   0   0   0   0   0   0   0   0   0   0   0   0   0  2.77 inf
   13 T    1  0 -1 -2 -2  2 -1 -1 -1 -2 -2  0  0  0 -2  1  3 -2  0  0   14   3   1   0   0  12   0   2   1   0   0   7   3   5   0  13  31   0   3   5  0.21 inf
   14 N   -3 -2  8  0 -4 -1 -2 -2  1 -5 -5 -2 -4 -5 -4 -1 -2 -5 -4 -4    0   0  98   0   0   0   0   0   2   0   0   0   0   0   0   0   0   0   0   0  1.66 inf
   15 C   -2 -5 -5 -5 11 -5 -6 -4 -5 -3 -3 -5 -3 -4 -5 -3 -3 -4 -4 -3    0   0   0   0 100   0   0   0   0   0   0   0   0   0   0   0   0   0   0   0  2.77 inf
   16 F   -1  0  0 -2 -3  3  0  2  4 -3 -1  1 -1  2 -3  0 -1 -2  0 -2    2   3   3   0   0  20   1  19  14   0   4  13   1  15   0   3   2   0   0   0  0.25 inf
   17 T   -1 -3 -1 -2 -2 -2 -2 -3 -3 -2 -3 -2 -2 -4 -2  0  7 -4 -3 -1    3   0   0   0   0   0   0   0   0   0   0   0   0   0   0   2  95   0   0   0  1.22 inf
   18 Q    0  0  0 -1 -2  3  0 -1  1 -1 -1  0 -1 -3 -2  2  3 -3 -2 -1    2   4   2   0   0  18   1   2   3   2   3   2   1   0   0  27  30   0   0   3  0.31 inf
   19 T   -1 -1  2 -1 -2 -1 -1 -2 -1 -2 -3  1 -1 -3 -2  1  5 -4 -1 -1    3   1  15   1   0   1   0   0   1   0   0   9   1   0   0   4  62   0   1   1  0.59 inf
   20 T   -1 -3 -1 -3 -2 -2 -2 -3 -3 -2 -3 -2 -2 -4 -3  0  7 -4 -3 -1    0   0   0   0   0   0   0   0   0   0   0   0   0   0   0   0 100   0   0   0  1.35 inf
   21 P   -2 -3 -2 -2 -3 -2 -2 -3 -3 -3 -4 -2 -3 -4  7  0  2 -5 -4 -3    0   0   0   0   0   0   0   0   0   0   0   0   0   0  76   4  19   0   0   0  1.76 inf
   22 L   -2 -3 -4 -5  2 -3 -4 -5 -4  1  5 -4  1 -1 -4 -3 -2 -3 -2  0    0   0   0   0   6   0   0   0   0   0  94   0   0   0   0   0   0   0   0   0  0.86 inf
   23 W   -1 -4 -5 -6 -4 -4 -4 -4 -4 -4 -3 -4 -3 -1 -5 -4 -4 12  1 -4    6   0   0   0   0   0   0   0   0   0   0   0   0   0   0   0   0  94   0   0  3.28 inf
   24 R   -1  7 -2 -3 -4  0 -1 -3 -1 -4 -3  1 -3 -4 -3 -2 -2 -4 -3 -4    6  94   0   0   0   0   0   0   0   0   0   0   0   0   0   0   0   0   0   0  1.33 inf
   25 R   -2  7 -1 -2 -4  0 -1 -3 -1 -4 -3  2 -2 -4 -3 -2 -2 -3 -3 -3    0  89   0   0   0   0   0   0   0   0   1   6   0   0   0   0   0   0   0   0  1.21 inf
   26 N   -2 -2  5  5 -4 -1  0 -1 -1 -4 -4 -1 -3 -4 -3  0 -1 -5 -3 -4    0   0  40  48   0   0   0   2   0   0   0   0   0   0   0   4   0   0   0   0  0.85 inf
   27 P    1 -2  1  0 -3  0  3 -1 -1 -2 -3 -1 -2 -4  5  1  0 -4 -3 -2   16   0   9   3   0   2  25   1   1   1   0   1   0   0  30   8   2   0   0   1  0.54 inf
   28 E   -1 -1  2  2 -3  2  4 -2  1 -2 -2  0 -1 -2 -2  0  0 -3 -2 -2    2   1  11  15   0   7  38   0   3   1   4   1   2   1   0   8   4   0   1   3  0.35 inf
   29 G   -1 -2 -1 -2 -4 -3 -3  6 -3 -5 -5 -2 -4 -4 -3 -1 -3 -4 -4 -4    0   1   0   0   0   0   0  96   0   0   0   0   0   0   0   3   0   0   0   0  1.48 inf
   30 Q    0  0  2  1 -3  4  3 -2  2 -3 -3  0 -2 -3 -2  1 -1 -3 -2 -2    6   1  16   5   0  29  22   0   5   0   1   3   0   0   0   8   1   0   0   1  0.40 inf
   31 P   -1 -3 -1 -3 -3 -2 -2 -3 -3 -1 -2 -2 -2 -3  7 -1  0 -4 -3  1    0   0   3   0   0   0   0   0   0   0   0   0   0   0  68   1   8   0   0  17  1.38 inf
   32 L   -2 -3 -4 -4 -2 -2 -3 -4 -4  2  4 -3  1 -1 -3 -3 -1 -3 -2  3    0   0   0   0   0   1   0   0   0   6  64   0   1   0   0   0   0   0   0  27  0.57 inf
   33 C   -2 -2 -4 -5 10 -4 -5 -4 -4 -3 -3 -4 -3 -4 -4 -2 -2 -4 -4 -2    0   3   0   0  97   0   0   0   0   0   0   0   0   0   0   0   0   0   0   0  2.42 inf
   34 N   -3 -2  8  0 -4 -1 -2 -2 -1 -5 -5 -1 -4 -4 -3 -1 -1 -5 -3 -4    0   0 100   0   0   0   0   0   0   0   0   0   0   0   0   0   0   0   0   0  1.56 inf
   35 A    6 -2 -3 -3 -1 -2 -2 -1 -3 -2 -3 -2 -2 -3 -2  1 -1 -4 -3 -1   97   0   0   0   0   0   0   0   0   0   0   0   0   0   0   3   0   0   0   0  0.92 inf
   36 C   -2 -5 -4 -5 11 -4 -5 -4 -5 -3 -3 -5 -3 -4 -4 -2 -2 -4 -4 -2    0   0   0   0 100   0   0   0   0   0   0   0   0   0   0   0   0   0   0   0  2.56 inf
   37 G   -1 -3 -1 -2 -4 -3 -3  7 -3 -5 -5 -3 -4 -4 -3 -1 -3 -4 -4 -4    0   0   0   0   0   0   0 100   0   0   0   0   0   0   0   0   0   0   0   0  1.60 inf
   38 L   -2 -3 -5 -5 -2 -3 -4 -5 -4  1  5 -4  1 -1 -4 -4 -2 -3 -2  0    0   0   0   0   0   0   0   0   0   0 100   0   0   0   0   0   0   0   0   0  0.96 inf
   39 F   -3 -4 -4 -5 -4 -4 -4 -4 -1 -2 -1 -4 -1  7 -5 -3 -3  0  6 -2    0   0   0   0   0   0   0   0   0   0   0   0   0  64   0   0   0   0  36   0  1.32 inf
   40 L   -2 -2 -3 -4 -2 -1 -3 -4  1  0  3 -1  2  3 -3 -3 -2 -1  3  0    1   0   0   0   0   4   0   0   5   0  50   3   9  14   0   0   1   0  14   0  0.40 inf
   41 K   -2  2 -1 -2 -4  0  0 -3 -2 -4 -4  6 -3 -4 -2 -1 -2 -4 -3 -3    0   4   0   0   0   0   0   0   0   0   0  96   0   0   0   0   0   0   0   0  1.14 inf
   42 L   -2 -3 -4 -5 -2 -3 -4 -5 -4  1  5 -3  1  0 -2 -3 -2 -3 -2  0    0   0   0   0   0   0   0   0   0   4  95   0   0   0   1   0   0   0   0   0  0.87 inf
   43 H   -3 -2  0 -2 -5 -1 -2 -3 10 -5 -4 -2 -3 -3 -4 -2 -3 -4  0 -5    0   0   3   0   0   0   0   0  97   0   0   0   0   0   0   0   0   0   0   0  2.04 inf
   44 G   -1 -3  2 -2 -3 -1 -3  6 -1 -5 -5 -2 -4 -4 -3 -1 -2 -4 -4 -4    1   0  10   0   0   2   0  84   1   0   0   0   0   0   0   2   0   0   0   0  1.20 inf
   45 V   -1  2 -2 -3 -1 -2 -2 -3 -3  1 -1 -1  0 -2 -3 -1  1 -4 -2  4    0  16   0   0   1   0   2   0   0   1   0   2   1   0   0   1  13   0   0  63  0.39 inf
   46 V   -1 -2  3 -1 -1 -1 -2 -2  1  0 -1 -1  1 -3  4 -1  0 -4 -2  2    3   1  20   1   1   1   0   0   5   0   0   1   7   0  27   1   3   0   0  30  0.42 inf
   47 R   -3  7 -2 -3 -5  0 -1 -4 -1 -4 -3  1 -3 -4 -3 -2 -2 -4 -3 -4    0 100   0   0   0   0   0   0   0   0   0   0   0   0   0   0   0   0   0   0  1.51 inf
   48 P   -2 -4 -3 -3 -4 -3 -2 -4 -4 -4 -4 -2 -4 -5  8 -2 -2 -5 -4 -4    0   0   0   0   0   0   0   0   0   0   0   0   0   0 100   0   0   0   0   0  2.57 inf
   49 L   -2 -3 -3 -4 -2 -3 -4 -4 -3  3  4 -3  2  0 -4 -3 -2 -3 -2  1    1   0   1   0   0   1   0   0   1  20  72   0   2   0   0   1   0   0   0   4  0.61 inf
   50 S    2 -1  0 -1 -2 -1 -1  0 -2 -3 -3 -1 -2 -3 -2  4  2 -4 -3 -2   17   1   3   0   0   0   0   3   0   0   0   0   0   0   0  65  12   0   0   0  0.58 inf
   51 L   -2 -3 -4 -4 -2 -2 -4 -4 -3  1  4 -3  6 -1 -4 -3 -2 -3 -2  0    0   0   0   0   0   0   0   0   0   0  64   0  36   0   0   0   0   0   0   0  0.81 inf
   52 K   -1  2 -1 -2 -4  0  0 -3 -2 -4 -4  6 -2 -4 -2 -1 -2 -4 -3 -3    3   3   1   0   0   0   0   0   0   0   0  92   0   0   0   0   0   0   0   0  1.05 inf
   53 T   -1  0 -1 -2 -2 -1 -1 -2 -2 -2 -3  4 -2 -3 -2  1  5 -4 -3 -2    0   0   0   0   0   0   0   0   0   0   0  35   0   0   0   3  62   0   0   0  0.69 inf
   54 D   -2 -2  1  6 -4 -1  2 -1 -2 -4 -4 -1 -4 -4 -2  0  0 -5 -4 -4    1   0   1  75   0   0  13   3   0   0   0   0   0   0   0   3   5   0   0   0  1.04 inf
   55 V   -1 -3 -2 -3 -2 -3 -3  2 -3  2 -1 -3 -1 -2 -3  0  0 -4 -2  4    0   0   1   0   0   0   0  17   0   6   0   0   0   0   0   7   5   0   0  64  0.41 inf
   56 I   -2 -4 -4 -4 -2 -4 -4 -5 -4  7  1 -4  0 -1 -4 -4 -2 -4 -2  2    0   0   0   0   0   0   0   0   0 100   0   0   0   0   0   0   0   0   0   0  1.11 inf
   57 K   -2  1 -1 -2 -4  4  0 -3 -1 -4 -3  5 -2 -4 -2 -1 -2 -4 -3 -3    0   1   0   0   0  27   0   0   0   0   0  71   0   0   0   0   0   0   0   0  0.89 inf
   58 K   -1  2 -1 -1 -3  0  0 -2 -2 -3 -3  4 -2 -3 -2  2  3 -4 -2 -2    0   8   0   0   0   0   0   0   0   0   0  47   0   0   0  20  25   0   0   0  0.49 inf
   59 R   -3  7 -2 -3 -5  0 -1 -4 -1 -4 -3  1 -3 -4 -3 -2 -2 -4 -3 -4    0 100   0   0   0   0   0   0   0   0   0   0   0   0   0   0   0   0   0   0  1.47 inf
   60 N   -2  1  6  0 -4  2  0 -2 -1 -4 -4  3 -3 -4 -2  0 -1 -4 -3 -4    0   4  58   0   0   9   0   0   0   0   0  28   0   0   0   2   0   0   0   0  0.76 inf
   61 R   -2  7 -1 -3 -4  0 -1 -3 -1 -4 -2  1 -2 -4 -3 -1 -2 -4 -3 -3    0  93   0   0   0   0   0   0   0   0   3   0   0   0   0   4   0   0   0   0  1.23 inf
   62 N    0  1  0 -1 -2  0 -1  2 -1 -1 -1  3 -1 -2 -2  1  0 -3 -1  1    4   6   4   1   0   1   0  16   0   3   2  34   2   0   0  10   2   0   1  15  0.16 inf
   63 S    0 -1  0 -1 -2  0 -1  0 -2 -3 -3  2 -1 -3  4  3  0 -4 -3 -1    4   0   2   0   1   1   1   5   0   0   0  19   1   0  27  33   2   0   0   4  0.49 inf
   64 A    1  0  1 -1 -2  0 -1  2 -1 -2 -2  2 -2 -2  0  1  1 -3 -2 -2   16   1   7   0   0   2   0  19   2   1   1  24   0   1   2   9  15   0   0   1  0.24 inf
   65 N    1 -1  4 -1 -1  0 -1  1  1 -3 -3  0 -1 -3 -2  2  1 -4 -2 -2   13   1  34   0   1   1   0  10   4   0   0   2   2   0   0  20  12   0   0   0  0.38 inf
   66 S    1 -2  3 -1 -2 -1 -1 -1 -1 -3 -3 -1 -2 -3 -2  3  3 -4 -2 -2   15   0  20   0   0   0   0   0   0   0   0   0   0   0   0  43  23   0   0   0  0.47 inf

                      K         Lambda
Standard Ungapped    0.1329     0.3177
Standard Gapped      0.0508     0.2670
PSI Ungapped         0.1658     0.3094
PSI Gapped           0.0508     0.2670
